225.810116	-17.818585	53.354307	-33.300897	-3.847232	5.076978	41.133352	-28.900259
-328.008958	-2.363266	52.408929	-32.880152	-3.851249	5.076711	41.109587	-28.888445
-51.647242	0.072147	52.305057	-32.845312	-3.850960	5.076418	41.107965	-28.887653
326.145423	2.686526	52.195939	-32.809568	-3.850602	5.076092	41.106335	-28.886859
-235.195796	46.568353	50.162243	-32.227135	-3.838590	5.068190	41.083187	-28.875767
-293.181188	69.984398	47.119534	-31.473661	-3.813190	5.054006	41.058692	-28.864357
287.984456	31.041203	42.652839	-30.449822	-3.769677	5.031362	41.030327	-28.851508
83.549942	-38.329338	37.199413	-29.214102	-3.709291	5.001317	41.000314	-28.838279
-288.886474	-42.645335	36.744505	-29.109775	-3.703913	4.998691	40.997928	-28.837242
228.246714	-46.611318	36.285315	-29.004162	-3.698432	4.996020	40.995532	-28.836203
286.058040	-64.392811	30.544372	-27.650692	-3.625335	4.960954	40.966308	-28.823683
-283.927648	-29.906033	24.374648	-26.112524	-3.537235	4.919729	40.935666	-28.810842
-66.309715	29.556695	16.966945	-24.161496	-3.419975	4.866129	40.899549	-28.796039
285.693186	56.743732	9.043472	-21.969791	-3.282831	4.804840	40.861606	-28.780831
-242.191994	56.669512	8.966531	-21.948039	-3.281447	4.804228	40.861241	-28.780687
-285.617749	56.587571	8.889545	-21.926264	-3.280060	4.803615	40.860875	-28.780542
279.181025	22.671003	1.212898	-19.690029	-3.135562	4.740354	40.824314	-28.766187
64.603197	-24.619526	-6.433286	-17.243443	-2.973404	4.670653	40.786174	-28.751489
-270.960091	-55.668044	-14.166912	-14.341943	-2.776658	4.587629	40.742911	-28.735122
219.086879	-39.615621	-20.641785	-11.184197	-2.558077	4.497079	40.697748	-28.718348
273.833188	-38.793548	-20.741678	-11.124578	-2.553911	4.495369	40.696912	-28.718041
-273.893043	-37.952835	-20.840662	-11.064974	-2.549745	4.493659	40.696076	-28.717733
-42.358656	18.314660	-24.619200	-8.082161	-2.339595	4.408105	40.654949	-28.702718
274.151046	72.996847	-25.939559	-4.910488	-2.112013	4.316860	40.612340	-28.687392
-270.089250	83.070278	-23.380791	-1.097192	-1.826577	4.204254	40.561190	-28.669275
-256.659236	26.773690	-15.838087	2.716392	-1.516838	4.084113	40.508019	-28.650740
276.986334	22.927207	-15.405529	2.884995	-1.502346	4.078540	40.505583	-28.649898
6.846316	18.991646	-14.966921	3.053127	-1.487813	4.072956	40.503145	-28.649055
-290.468556	-68.125987	-5.098430	6.344226	-1.183896	3.957097	40.453072	-28.631877
283.221971	-133.361221	5.533450	9.358103	-0.859187	3.835128	40.401309	-28.614355
297.346326	-138.780627	16.158070	12.206551	-0.476951	3.693732	40.342312	-28.594654
-322.562902	-57.506114	23.890535	14.397299	-0.068500	3.545009	40.281226	-28.574536
-37.280131	-55.918094	23.974642	14.423987	-0.062243	3.542749	40.280305	-28.574235
323.997496	-54.328729	24.057555	14.450438	-0.055993	3.540491	40.279384	-28.573934
-406.902979	160.533857	23.915069	16.142855	0.813828	3.231112	40.154843	-28.533726
-226.692759	-26.013296	0.981762	13.881010	1.776913	2.894660	40.022222	-28.491942
299.096449	-34.393635	0.729382	13.842858	1.786147	2.891410	40.020953	-28.491546
36.918614	-42.878115	0.476809	13.804354	1.795401	2.888152	40.019680	-28.491150
-300.275911	-76.244817	-0.540360	13.645929	1.832809	2.874972	40.014533	-28.489549
251.366669	-104.823349	-1.551523	13.482875	1.870271	2.861753	40.009375	-28.487945
343.394669	-138.819400	-11.578224	11.450870	2.275615	2.717232	39.953167	-28.470559
-355.097499	34.419269	-18.762145	8.954094	2.682656	2.568371	39.895606	-28.452915
-136.075177	112.704510	-22.100120	5.172050	3.200947	2.370978	39.819726	-28.429891
274.353871	67.511118	-17.942780	0.905942	3.706497	2.166505	39.741576	-28.406440
-244.572952	67.265924	-17.909876	0.886053	3.708738	2.165566	39.741218	-28.406333
-274.261836	67.021440	-17.876866	0.866162	3.710978	2.164627	39.740860	-28.406226
283.629096	26.718877	-9.893949	-2.984296	4.133487	1.980932	39.670981	-28.385471
46.722401	-16.822044	-0.064807	-6.706240	4.533887	1.791949	39.599358	-28.364392
-283.099277	-60.140084	11.092903	-10.601446	4.970000	1.562231	39.512598	-28.339110
232.622053	-63.776446	18.904783	-13.581919	5.357892	1.325229	39.423368	-28.313376
271.352467	-63.301234	18.988704	-13.618317	5.363400	1.321549	39.421984	-28.312979
-271.206169	-62.806304	19.071454	-13.654406	5.368895	1.317867	39.420600	-28.312582
-38.630145	-11.023315	21.867816	-15.161207	5.660359	1.103789	39.340197	-28.289621
263.955160	48.352327	20.944881	-15.455376	5.900997	0.884208	39.257859	-28.266313
-265.918503	65.882216	16.183195	-14.521539	6.100343	0.637345	39.165331	-28.240355
-247.261966	19.980461	8.349228	-12.518344	6.227611	0.384428	39.070442	-28.213978
277.917354	18.515071	8.178479	-12.470982	6.229325	0.379504	39.068593	-28.213466
-2.547765	17.030165	8.007206	-12.423320	6.231010	0.374579	39.066743	-28.212954
-291.582215	-52.706673	-0.077956	-9.981818	6.277143	0.149501	38.982110	-28.189634
265.798424	-80.547410	-8.013131	-7.095411	6.262458	-0.079757	38.895659	-28.165996
290.585967	-63.950937	-16.119879	-3.156223	6.156187	-0.369331	38.786130	-28.136302
-280.451704	-28.026221	-21.579339	0.893362	5.948012	-0.665615	38.673764	-28.106117
-14.639901	5.998693	-23.692385	4.136334	5.692976	-0.918092	38.577845	-28.080563
281.025200	63.518517	-23.271718	7.111013	5.361002	-1.175566	38.479926	-28.054670
-245.088335	67.636612	-23.175660	7.256268	5.341596	-1.189086	38.474783	-28.053315
-279.700052	71.878705	-23.071945	7.400597	5.321961	-1.202629	38.469630	-28.051958
181.939593	116.825214	-10.966836	12.431849	4.271300	-1.796887	38.243500	-27.992903
113.410945	-126.350516	12.689055	14.449508	2.798028	-2.418621	38.007169	-27.932147
-256.905020	-120.302402	12.925424	14.450704	2.780139	-2.425361	38.004610	-27.931494
262.829426	-113.907381	13.160377	14.451433	2.762202	-2.432105	38.002050	-27.930841
262.188943	-90.127142	13.925350	14.450507	2.702664	-2.454386	37.993591	-27.928685
-303.381535	-62.558560	14.673179	14.444425	2.642616	-2.476703	37.985120	-27.926526
-17.843672	-49.316012	15.010535	14.439889	2.614869	-2.486965	37.981225	-27.925534
320.747680	-36.224294	15.343552	14.434254	2.587043	-2.497224	37.977332	-27.924542
-374.541374	128.260528	21.205000	14.048615	1.976609	-2.715489	37.894544	-27.903515
-386.249509	119.104999	24.306090	13.119192	1.326088	-2.937203	37.810556	-27.882291
300.228236	-39.359373	24.390436	10.838135	0.345240	-3.258352	37.689122	-27.851790
103.586971	-122.463323	20.344773	7.659693	-0.685118	-3.586774	37.565241	-27.820893
-240.448421	-113.588507	12.481574	3.562882	-1.835551	-3.950906	37.428289	-27.786982
241.171689	-63.225022	2.459886	-0.830259	-2.999015	-4.324040	37.288424	-27.752606
273.983968	-62.928369	2.410394	-0.851115	-3.004512	-4.325826	37.287756	-27.752442
-274.116776	-62.629385	2.360590	-0.872099	-3.010042	-4.327624	37.287083	-27.752278
-22.854201	-1.872675	-6.667376	-4.662744	-4.024486	-4.663222	37.161728	-27.721680
279.133441	57.980585	-14.416866	-8.107361	-5.014809	-5.006116	37.034094	-27.690724
-272.557963	97.239835	-19.774979	-11.172439	-6.055311	-5.391137	36.891338	-27.656326
-257.791845	67.457141	-20.577874	-13.144628	-7.026645	-5.785394	36.745788	-27.621492
272.822644	67.136625	-20.572583	-13.150031	-7.030495	-5.787046	36.745180	-27.621347
-11.679814	66.814291	-20.567229	-13.155410	-7.034343	-5.788699	36.744571	-27.621202
-278.474860	-25.269356	-18.008063	-13.762749	-7.833857	-6.152932	36.610690	-27.589365
306.012480	-92.092673	-13.105187	-13.351996	-8.544573	-6.525031	36.474503	-27.557173
307.689046	-84.119433	-5.771494	-11.883884	-9.219101	-6.950165	36.319635	-27.520794
-322.510590	12.270822	2.023977	-9.554928	-9.760558	-7.385553	36.161844	-27.483968
-27.092803	12.658829	2.052835	-9.544532	-9.762385	-7.387255	36.161229	-27.483825
322.539330	13.046085	2.081675	-9.534126	-9.764209	-7.388958	36.160614	-27.483682
-267.124841	79.568471	8.109470	-6.867381	-10.132604	-7.790428	36.015852	-27.450104
-298.130020	86.776698	11.928624	-3.826739	-10.384233	-8.200581	35.868682	-27.416164
287.717806	26.207637	12.621709	-0.364781	-10.518952	-8.645238	35.709954	-27.379771
69.325632	-45.968598	10.495147	3.166019	-10.512948	-9.099937	35.548488	-27.342969
-286.855064	-50.114560	10.241744	3.438239	-10.506468	-9.135642	35.535841	-27.340096
240.672884	-53.906476	9.978123	3.709678	-10.499115	-9.171391	35.523182	-27.337221
283.885301	-71.842529	6.284711	6.808995	-10.346379	-9.595932	35.373132	-27.303244
-276.007911	-44.625102	2.081550	9.604159	-10.069256	-10.028136	35.220773	-27.268927
-29.615246	14.415608	-2.233944	12.152777	-9.602195	-10.525494	35.045723	-27.229719
265.700117	57.185196	-4.927773	13.781364	-8.967592	-11.031548	34.867684	-27.190075
-250.745392	57.470045	-4.952104	13.799133	-8.955552	-11.040065	34.864687	-27.189409
-265.846303	57.735903	-4.975641	13.816565	-8.943465	-11.048584	34.861689	-27.188744
272.633780	44.870773	-5.167486	14.236109	-8.208428	-11.518028	34.696373	-27.152143
22.698768	-7.816871	-3.746882	13.580372	-7.329876	-11.993441	34.528525	-27.115177
-271.092552	-60.325925	-1.489501	11.793378	-6.209187	-12.524343	34.340245	-27.073938
239.292378	-53.979512	0.349687	9.176540	-4.951980	-13.060473	34.148852	-27.032254
262.432929	-53.901213	0.352514	9.170960	-4.949458	-13.061503	34.148483	-27.032174
-262.426827	-53.822663	0.355338	9.165378	-4.946935	-13.062534	34.148114	-27.032093
-17.239414	0.101938	1.329355	6.488744	-3.758506	-13.532629	33.978966	-26.995448
274.741119	59.421642	1.626048	3.694855	-2.498152	-14.005213	33.807422	-26.958464
-279.779531	85.171228	1.086180	0.436670	-0.926123	-14.569440	33.600300	-26.914044
-242.558103	44.088928	-0.134687	-2.678961	0.702175	-15.135005	33.389756	-26.869145
274.760205	42.981873	-0.151943	-2.719041	0.723988	-15.142493	33.386946	-26.868547
-17.877894	41.858587	-0.169171	-2.759087	0.745808	-15.149981	33.384136	-26.867950
-273.748713	-42.780272	-1.097395	-5.202629	2.123600	-15.619832	33.206594	-26.830288
300.294624	-99.121853	-1.357975	-7.490942	3.508629	-16.089105	33.026661	-26.792295
303.303060	-86.397403	-0.364205	-9.904934	5.104271	-16.631366	32.815121	-26.747848
-319.084633	9.669217	1.594025	-12.017547	6.668643	-17.170889	32.600340	-26.702956
-19.079574	14.429326	1.697209	-12.107355	6.739546	-17.195643	32.590374	-26.700879
319.426673	19.103280	1.801074	-12.196510	6.810335	-17.220389	32.580402	-26.698801
-280.521715	86.487397	3.898539	-13.820000	8.177922	-17.705961	32.382574	-26.657677
-294.754732	93.078005	5.786774	-15.193552	9.483779	-18.187594	32.182037	-26.616185
284.642474	27.338021	7.190212	-16.392714	10.797634	-18.699117	31.963832	-26.571255
61.398582	-50.956841	8.017960	-17.311066	12.001295	-19.204243	31.742473	-26.525899
-283.061293	-54.775193	8.057768	-17.363166	12.078277	-19.238176	31.727376	-26.522814
244.966352	-58.277124	8.095839	-17.413998	12.154654	-19.272076	31.712265	-26.519726
280.273507	-74.830702	8.454331	-17.953080	13.075738	-19.702366	31.517777	-26.480084
-275.495694	-43.942995	8.660017	-18.290620	13.887304	-20.126427	31.320897	-26.440123
-23.188099	21.990233	8.900477	-18.440626	14.729677	-20.642649	31.073437	-26.390129
269.392070	60.735015	9.363886	-18.313477	15.383179	-21.147206	30.822260	-26.339644
-260.960190	60.787947	9.373633	-18.309700	15.391379	-21.154526	30.818543	-26.338898
-269.382739	60.821545	9.383503	-18.305863	15.399556	-21.161857	30.814818	-26.338152
269.693213	35.588400	10.028644	-17.992893	15.808890	-21.586267	30.595304	-26.294245
17.952296	-16.992795	10.327003	-17.511293	16.084281	-22.000867	30.373003	-26.249974
-267.626843	-64.473719	9.339922	-16.745367	16.237968	-22.450683	30.122000	-26.200215
253.848457	-60.529983	6.273227	-15.706093	16.235242	-22.887029	29.867499	-26.150002
264.300004	-59.911547	6.205517	-15.685999	16.233882	-22.894287	29.863165	-26.149149
-264.291586	-59.273875	6.137358	-15.665819	16.232478	-22.901542	29.858831	-26.148295
0.722046	-5.771076	1.994220	-14.470868	16.097288	-23.279501	29.628077	-26.102978
272.475292	56.702296	-2.816554	-13.011726	15.845027	-23.645706	29.394484	-26.057296
-275.762333	89.814109	-8.272527	-11.043577	15.429440	-24.040301	29.130184	-26.005836
-240.767708	57.144566	-13.001383	-8.690184	14.877719	-24.419012	28.862313	-25.953921
274.986846	56.038664	-13.059220	-8.653427	14.868827	-24.424333	28.858439	-25.953172
-35.487512	54.912634	-13.116697	-8.616585	14.859909	-24.429651	28.854564	-25.952423
-279.424808	-35.916716	-15.873335	-6.127088	14.246302	-24.756759	28.609696	-25.905179
311.583569	-102.839714	-16.437389	-3.277020	13.530090	-25.069948	28.361880	-25.857563
311.458622	-96.754785	-13.965196	0.278432	12.626275	-25.398509	28.085264	-25.804640
-321.862485	3.956090	-9.033135	4.131391	11.607637	-25.708952	27.805037	-25.751265
-1.851067	5.975673	-8.934162	4.198755	11.589279	-25.714091	27.800221	-25.750350
321.873915	7.991282	-8.834806	4.266156	11.570890	-25.719224	27.795405	-25.749434
-291.047856	92.394449	-3.147109	7.880899	10.547301	-25.984350	27.537650	-25.700554
-297.132238	93.426658	2.761872	11.467049	9.437280	-26.233532	27.276886	-25.651301
283.773800	26.003049	8.637141	15.231387	8.118966	-26.489034	26.986106	-25.596607
48.524900	-48.237887	13.350731	18.634259	6.705616	-26.723994	26.691636	-25.541458
-279.390595	-49.161878	13.417386	18.687127	6.681195	-26.727746	26.686678	-25.540532
253.034402	-50.069246	13.483601	18.739845	6.656750	-26.731492	26.681720	-25.539605
277.799487	-73.158719	16.359089	21.348345	5.296210	-26.925413	26.411678	-25.489247
-274.857100	-46.062824	17.764071	23.387820	3.865877	-27.101491	26.138567	-25.438513
-20.378391	14.487477	17.986154	24.849111	2.206593	-27.275008	25.832697	-25.381924
269.380888	57.894222	17.294430	25.414987	0.475814	-27.425456	25.523049	-25.324878
-269.368502	58.144543	17.279251	25.416520	0.448928	-27.427569	25.518297	-25.324004
-262.015453	58.377889	17.264001	25.417835	0.422082	-27.429672	25.513554	-25.323132
269.007695	46.174749	16.151635	25.116464	-1.190635	-27.544421	25.230854	-25.271266
-0.040731	-1.341016	14.501564	24.092376	-2.836246	-27.639414	24.945040	-25.219025
-265.054305	-54.783909	11.781619	22.179255	-4.683994	-27.721162	24.624104	-25.160597
265.269842	-63.291257	7.837276	19.534077	-6.534727	-27.777361	24.299302	-25.101709
263.545585	-62.846502	7.762756	19.486396	-6.564185	-27.778047	24.294086	-25.100765
-265.376169	-62.379710	7.687707	19.438459	-6.593696	-27.778728	24.288859	-25.099819
12.808625	-14.015217	3.181995	16.619502	-8.176512	-27.805467	24.005494	-25.048647
277.561090	47.671143	-1.792147	13.379226	-9.733850	-27.812314	23.719208	-24.997128
-282.796124	80.308819	-7.532403	8.963460	-11.570710	-27.793339	23.367975	-24.934164
-225.885230	38.578391	-11.910411	4.110852	-13.328720	-27.743810	23.012470	-24.870694
282.126709	37.960414	-11.937741	4.069923	-13.342615	-27.743281	23.009565	-24.870177
-40.055475	37.338468	-11.964918	4.028971	-13.356503	-27.742750	23.006660	-24.869659
-281.700373	-37.135449	-13.845375	-0.257325	-14.736496	-27.677628	22.708673	-24.816652
289.501526	-94.747666	-13.614214	-4.712080	-16.033687	-27.590679	22.407804	-24.763295
278.976631	-83.428767	-10.261302	-10.135513	-17.462779	-27.457034	22.043043	-24.698810
-321.683359	-2.003727	-4.754544	-15.355381	-18.731856	-27.290836	21.674273	-24.633824
0.660005	-1.817654	-4.743739	-15.364321	-18.733966	-27.290510	21.673611	-24.633707
321.686816	-1.631476	-4.732933	-15.373260	-18.736075	-27.290184	21.672949	-24.633591
-289.781548	80.857140	0.528701	-19.462054	-19.686074	-27.119797	21.351140	-24.577033
-294.718540	93.519809	5.160368	-22.929276	-20.485629	-26.924264	21.026454	-24.520101
277.061510	32.904554	8.470852	-25.766432	-21.170962	-26.681149	20.668101	-24.457401
45.553271	-53.497383	9.603647	-27.433868	-21.640473	-26.406957	20.306414	-24.394248
-269.876418	-55.877164	9.602230	-27.471369	-21.653314	-26.396331	20.293122	-24.391929
256.031576	-58.146033	9.597750	-27.507183	-21.665840	-26.385664	20.279825	-24.389610
268.410481	-81.608705	8.559362	-27.870206	-21.870775	-26.113882	19.955971	-24.333166
-265.261831	-57.716793	5.892821	-27.298277	-21.880719	-25.817035	19.629614	-24.276366
-2.002952	7.593782	1.532195	-25.444715	-21.646352	-25.430548	19.236706	-24.208073
260.747510	65.554788	-2.813467	-22.373277	-21.160366	-25.010526	18.840408	-24.139267
-260.774461	65.761741	-2.835796	-22.352178	-21.156873	-25.008013	18.838116	-24.138870
-240.997350	65.967666	-2.858192	-22.330933	-21.153353	-25.005486	18.835812	-24.138470
267.181923	71.724556	-5.514777	-18.754354	-20.545225	-24.618284	18.492394	-24.078892
-21.015817	29.491167	-6.458110	-14.393582	-19.775023	-24.208262	18.146627	-24.018935
-277.018334	-33.920762	-5.796828	-9.119281	-18.804472	-23.754416	17.781316	-23.955603
279.538248	-72.812474	-3.789666	-3.390766	-17.680364	-23.277524	17.413615	-23.891857
-278.183581	-43.043350	-0.705634	2.815177	-16.344873	-22.751662	17.023977	-23.824290
-27.446924	39.446378	2.382498	8.869828	-14.868189	-22.202655	16.631886	-23.756263
271.615476	42.581476	2.503645	9.133598	-14.798591	-22.177401	16.614169	-23.753188
-257.443540	45.557965	2.622415	9.396349	-14.728738	-22.152103	16.596448	-23.750112
-265.557400	72.270299	4.348950	14.432766	-13.266684	-21.632253	16.237799	-23.687836
262.788166	47.000136	4.468024	18.789536	-11.712565	-21.095317	15.877296	-23.625179
-2.698477	-14.845936	3.178774	22.545340	-9.896816	-20.481627	15.475830	-23.555317
-269.153581	-63.181262	1.063033	25.015715	-7.996862	-19.849316	15.072258	-23.484982
269.384750	-63.821350	0.995115	25.067772	-7.940910	-19.830797	15.060576	-23.482944
239.760941	-64.403870	0.926885	25.118811	-7.884842	-19.812243	15.048880	-23.480904
-276.841462	-55.819744	-1.188234	26.165238	-6.146482	-19.238687	14.690826	-23.418392
11.746950	-7.924843	-3.041558	26.235283	-4.365512	-18.652532	14.331297	-23.355511
275.017043	49.275418	-4.227316	25.160015	-2.302695	-17.972116	13.920963	-23.283595
-268.173836	59.267486	-3.777644	22.903064	-0.213005	-17.277832	13.508936	-23.211204
-244.556906	58.346594	-3.721081	22.797626	-0.134989	-17.251770	13.493587	-23.208504
267.916145	57.328049	-3.661507	22.690796	-0.057021	-17.225712	13.478248	-23.205805
-14.655824	12.043882	-1.516818	19.739680	1.803008	-16.599873	13.112139	-23.141306
-275.097805	-43.966012	1.360523	16.136680	3.658837	-15.965083	12.744843	-23.076431
281.478525	-71.727468	4.231041	11.557218	5.737801	-15.237013	12.327841	-23.002559
235.142376	-38.427950	5.526114	6.745335	7.776229	-14.499907	11.909534	-22.928207
-283.707002	-36.890836	5.533974	6.628305	7.825199	-14.481858	11.899334	-22.926391
51.546546	-35.322230	5.540675	6.511358	7.874133	-14.463805	11.889133	-22.924575
286.636534	34.147881	5.007963	2.314401	9.632824	-13.802207	11.516508	-22.858107
-297.693674	91.299857	3.027755	-1.711173	11.331074	-13.135430	11.143016	-22.791261
-271.358580	86.523877	-0.594077	-5.957121	13.148171	-12.382342	10.723069	-22.715816
321.096599	11.784246	-4.563289	-9.844525	14.854297	-11.625149	10.302240	-22.639895
-9.784722	8.912771	-4.664270	-9.945476	14.899397	-11.604314	10.290675	-22.637804
-320.649570	6.009672	-4.764356	-10.045987	14.944349	-11.583501	10.279122	-22.635715
305.484064	-83.000669	-7.421115	-13.132222	16.353434	-10.904228	9.902324	-22.567437
301.294360	-98.743675	-8.248941	-15.816658	17.645300	-10.223598	9.524961	-22.498773
-281.991808	-35.239883	-6.247463	-18.307547	18.939597	-9.459003	9.100743	-22.421230
-42.587350	56.924302	-2.073987	-20.243715	20.050871	-8.695162	8.676043	-22.343206
275.452831	58.213254	-1.981350	-20.275592	20.070340	-8.680477	8.667865	-22.341700
-275.326818	59.467920	-1.888275	-20.307318	20.089765	-8.665770	8.659675	-22.340191
-261.465127	81.684825	2.428459	-21.522339	20.881544	-8.007207	8.292261	-22.272346
264.623989	53.315250	6.460595	-22.336405	21.511646	-7.351002	7.924628	-22.204138
-6.328235	-11.251479	9.865570	-22.800632	22.044666	-6.574069	7.486806	-22.122472
-267.072138	-60.075960	10.616852	-22.740499	22.338272	-5.803055	7.048897	-22.040294
267.158689	-60.426935	10.601123	-22.735562	22.340970	-5.791057	7.042052	-22.039006
247.867479	-60.760188	10.584479	-22.730514	22.343605	-5.779084	7.035219	-22.037719
-272.461410	-54.628838	8.321563	-22.252010	22.401156	-5.112320	6.653055	-21.965566
23.594604	-12.430143	4.159451	-21.369266	22.289639	-4.451896	6.270971	-21.893018
274.866036	39.843552	-1.398675	-19.878677	21.979893	-3.725128	5.846241	-21.811874
-271.210076	55.808995	-6.515822	-17.814949	21.488362	-3.006525	5.421812	-21.730241
-226.624062	55.544760	-6.597329	-17.770960	21.477605	-2.993257	5.413934	-21.728721
271.081784	55.256308	-6.678308	-17.726687	21.466773	-2.979971	5.406043	-21.727198
-22.430110	19.186161	-9.797079	-15.311720	20.871712	-2.336966	5.022315	-21.652885
-272.493490	-33.579598	-11.221796	-12.369488	20.150381	-1.700630	4.639012	-21.578174
282.056183	-65.899040	-10.633324	-8.512688	19.218319	-1.004644	4.215707	-21.495087
228.113335	-39.608661	-7.695260	-4.150904	18.158940	-0.316753	3.793122	-21.411511
-292.721461	-39.502744	-7.687590	-4.141916	18.156729	-0.315401	3.792287	-21.411345
58.648059	-39.396644	-7.679914	-4.132927	18.154517	-0.314049	3.791452	-21.411179
295.244050	18.998113	-3.690176	0.053486	17.102333	0.298841	3.411390	-21.335452
-288.136516	66.245397	0.765853	4.307700	15.968803	0.905210	3.032076	-21.259328
-268.134224	77.142262	5.306687	8.888810	14.633230	1.568149	2.613608	-21.174688
260.510443	45.670130	8.586944	13.121441	13.224967	2.223195	2.196241	-21.089559
-27.457789	-13.859959	10.301657	16.660362	11.811516	2.847322	1.794973	-21.007017
-267.035710	-71.478285	10.490027	19.461390	10.356243	3.464152	1.394931	-20.924021
267.384641	-72.390823	10.477184	19.509702	10.326036	3.476732	1.386737	-20.922314
245.890089	-73.286087	10.463654	19.557616	10.295816	3.489309	1.378543	-20.920606
-281.438709	-74.668829	8.950492	21.389826	8.827792	4.091535	0.984502	-20.838110
-26.108357	22.880346	5.713543	22.281581	7.344588	4.686709	0.591833	-20.755167
267.761962	23.065503	5.705549	22.282420	7.341589	4.687903	0.591042	-20.754999
-267.724745	23.247328	5.697678	22.283242	7.338639	4.689078	0.590263	-20.754834
-269.445992	69.622492	1.478267	22.244811	5.930539	5.247116	0.219149	-20.675743
248.380205	52.212969	-3.229286	21.343096	4.528422	5.798839	-0.150561	-20.596252
-26.108336	-7.734996	-8.014631	19.313691	2.978187	6.406827	-0.561194	-20.507112
-264.009387	-57.874091	-11.094729	16.199239	1.449716	7.007021	-0.969876	-20.417473
264.083550	-58.031708	-11.105732	16.176842	1.440451	7.010668	-0.972369	-20.416924
228.973906	-58.186030	-11.116570	16.154515	1.431233	7.014296	-0.974850	-20.416377
-274.135890	-55.699961	-11.426714	12.430110	0.088191	7.544825	-1.338871	-20.335718
34.016805	-15.436939	-9.069082	7.875653	-1.225925	8.069180	-1.701178	-20.254655
279.557888	35.671966	-3.936919	2.030680	-2.669069	8.654220	-2.108371	-20.162582
-274.465511	47.754360	2.686062	-4.139504	-4.060462	9.231403	-2.513139	-20.069998
-226.199358	47.718562	2.699593	-4.151500	-4.063114	9.232518	-2.513925	-20.069817
274.445356	47.682500	2.713125	-4.163494	-4.065766	9.233634	-2.514710	-20.069637
-35.822115	12.844780	8.473328	-9.289237	-5.204242	9.719151	-2.857537	-19.990359
-273.298404	-34.986572	12.940285	-13.963295	-6.294675	10.199023	-3.198465	-19.910708
282.586986	-60.189219	14.700477	-18.521847	-7.491191	10.747774	-3.590854	-19.817992
226.276263	-23.198279	11.517294	-21.953204	-8.609287	11.289015	-3.980497	-19.724776
-292.912976	-20.244435	11.272459	-22.080132	-8.657830	11.313291	-3.998034	-19.720553
66.241233	-17.201676	11.020334	-22.204599	-8.706198	11.337553	-4.015566	-19.716329
290.384617	50.620230	4.758239	-24.163492	-9.631157	11.817247	-4.363264	-19.632040
-281.299066	99.113227	-2.906749	-25.113472	-10.480643	12.290922	-4.708570	-19.547345
-242.895343	106.102299	-11.347654	-24.950859	-11.325404	12.807069	-5.087042	-19.453339
317.455939	58.665514	-18.156173	-23.469197	-12.070463	13.315938	-5.462399	-19.358837
-28.154785	57.509664	-18.238779	-23.436253	-12.081023	13.323609	-5.468074	-19.357398
-318.821480	56.340352	-18.320640	-23.402992	-12.091562	13.331279	-5.473749	-19.355959
393.952969	-128.655303	-20.322226	-16.714651	-13.268478	14.304541	-6.197794	-19.169793
199.202238	-10.612274	-2.600743	-6.375482	-14.111857	15.250377	-6.908758	-18.981724
-316.592759	-5.796702	-2.387340	-6.267823	-14.118317	15.259148	-6.915384	-18.979945
40.455973	-0.902047	-2.174151	-6.160224	-14.124740	15.267903	-6.921998	-18.978169
313.307915	16.090143	-1.444394	-5.791439	-14.146502	15.297820	-6.944604	-18.972095
-241.301132	32.496818	-0.713662	-5.421186	-14.167967	15.327723	-6.967206	-18.966015
-281.299909	113.236004	8.060422	-0.765805	-14.408516	15.695382	-7.245658	-18.890635
244.496361	73.361585	15.460119	3.920651	-14.604225	16.058772	-7.521868	-18.814950
-28.426157	-15.800918	22.018023	9.853029	-14.796460	16.528710	-7.880425	-18.715287
-266.219593	-73.893692	24.024413	15.227046	-14.920512	16.991785	-8.234907	-18.615109
267.035144	-74.320293	24.009972	15.331677	-14.922429	17.001464	-8.242325	-18.612995
227.000323	-74.706448	23.993002	15.436052	-14.924320	17.011154	-8.249752	-18.610877
-296.243293	-63.665303	21.321920	19.402365	-14.978806	17.410702	-8.556211	-18.522815
32.186189	-27.877352	15.828819	22.649741	-14.988753	17.805662	-8.859399	-18.434356
282.032288	17.370212	8.132151	25.469256	-14.950788	18.243187	-9.195510	-18.334656
-276.675083	43.655364	0.800971	27.468459	-14.864717	18.674416	-9.527319	-18.234452
-216.555706	43.674223	0.544985	27.531973	-14.860338	18.691492	-9.540475	-18.230441
276.658403	43.586465	0.292639	27.594314	-14.855884	18.708571	-9.553633	-18.226427
-42.654902	19.878163	-4.395181	28.668138	-14.739768	19.083861	-9.843199	-18.137320
-281.429482	-22.669970	-7.658337	29.179621	-14.592003	19.453322	-10.129229	-18.047820
285.183192	-53.593973	-10.168366	29.127118	-14.390611	19.861007	-10.446310	-17.946787
225.270916	-37.424809	-12.017855	28.455895	-14.151354	20.260248	-10.758724	-17.845260
-287.863680	-34.822038	-12.115559	28.398441	-14.136187	20.283350	-10.776869	-17.839300
72.221299	-32.036373	-12.212621	28.339040	-14.120895	20.306421	-10.794998	-17.833339
291.897582	25.256219	-13.675242	27.196769	-13.871828	20.654901	-11.069871	-17.742066
-301.988626	79.756238	-15.304588	25.637577	-13.594505	20.995712	-11.340845	-17.650397
-246.842414	85.803898	-17.717707	23.418898	-13.248684	21.370915	-11.642121	-17.546386
318.880439	23.299368	-20.856495	20.762889	-12.869795	21.735259	-11.938246	-17.441862
-39.475264	23.113925	-20.862639	20.757407	-12.869038	21.735947	-11.938809	-17.441661
-318.844029	22.928233	-20.868783	20.751923	-12.868280	21.736635	-11.939372	-17.441460
303.573756	-66.931859	-23.453468	18.036529	-12.501371	22.053781	-12.200583	-17.347237
282.245475	-93.724645	-24.817921	15.046011	-12.110293	22.361269	-12.457470	-17.252607
-280.353981	-41.716748	-23.995540	11.371371	-11.639651	22.697315	-12.743086	-17.144943
4.540928	49.359059	-20.898501	7.439418	-11.141140	23.019832	-13.022960	-17.036752
273.185532	49.507148	-20.890116	7.431068	-11.140082	23.020485	-13.023532	-17.036527
-273.170654	49.657001	-20.881602	7.422595	-11.139008	23.021146	-13.024113	-17.036300
-244.218007	81.424847	-16.687117	3.791943	-10.677098	23.294024	-13.266255	-16.940368
262.477978	62.549485	-11.550192	0.070070	-10.195913	23.555478	-13.503778	-16.844020
-37.540800	5.904152	-5.216466	-4.177941	-9.629744	23.836976	-13.766843	-16.734520
-266.461719	-46.582800	0.964767	-8.385040	-9.042073	24.102716	-14.023806	-16.624495
266.552606	-47.069182	1.046964	-8.443424	-9.033676	24.106332	-14.027370	-16.622947
219.841681	-47.544503	1.128808	-8.501658	-9.025293	24.109938	-14.030926	-16.621401
-272.751889	-56.886284	5.681100	-11.975831	-8.510182	24.322402	-14.244139	-16.527550
63.628020	-29.944568	9.253455	-15.307533	-7.981805	24.522753	-14.452878	-16.433318
280.687388	22.016421	12.522155	-19.072586	-7.326675	24.748334	-14.699244	-16.318871
-280.944875	51.111897	15.118555	-22.447252	-6.655436	24.955103	-14.938958	-16.203866
-206.144818	51.109754	15.123555	-22.453733	-6.654028	24.955512	-14.939448	-16.203626
280.942189	51.107229	15.128624	-22.460302	-6.652600	24.955927	-14.939946	-16.203384
-52.138563	27.081235	17.005712	-24.864748	-6.074229	25.115442	-15.137218	-16.105784
-281.409753	-20.306698	18.269862	-26.681177	-5.486754	25.260729	-15.329656	-16.007788
286.225234	-60.480361	18.409337	-27.852333	-4.787816	25.412471	-15.549085	-15.892384
218.793787	-43.020863	16.726152	-27.922545	-4.079161	25.543596	-15.761789	-15.776431
-291.525335	-42.634030	16.706379	-27.919007	-4.073687	25.544520	-15.763394	-15.775539
85.674914	-42.243389	16.686507	-27.915409	-4.068212	25.545444	-15.764999	-15.774648
294.846129	17.868049	13.811609	-27.129840	-3.443338	25.642181	-15.944764	-15.673144
-300.710954	73.632287	9.827300	-25.644762	-2.816043	25.722472	-16.119383	-15.571225
-232.041927	79.808177	4.323206	-23.268182	-2.124257	25.791808	-16.306867	-15.457802
311.975980	24.333777	-1.926965	-20.216664	-1.442638	25.840072	-16.488061	-15.343865
-44.598622	22.641695	-2.053242	-20.149060	-1.429086	25.840823	-16.491640	-15.341569
-311.751947	20.926598	-2.179555	-20.081119	-1.415520	25.841567	-16.495222	-15.339269
301.722852	-57.769085	-7.552933	-16.781054	-0.810892	25.866005	-16.654385	-15.235160
267.985747	-83.681972	-11.617121	-13.088106	-0.225841	25.872296	-16.808400	-15.130624
-279.203748	-40.715904	-13.644058	-8.716688	0.389523	25.857825	-16.972062	-15.015018
0.810188	43.570912	-13.150267	-4.209597	0.967876	25.820490	-17.129531	-14.898893
268.111004	44.824499	-13.120227	-4.128102	0.977920	25.819604	-17.132313	-14.896795
-267.954732	46.053607	-13.089476	-4.046615	0.987949	25.818711	-17.135093	-14.894697
-247.153601	77.358539	-10.717303	-0.037193	1.466164	25.764891	-17.270364	-14.790493
261.371301	58.318780	-6.926665	3.844031	1.904125	25.692128	-17.400734	-14.685875
-51.419364	-1.769393	-1.848399	7.878536	2.337663	25.588629	-17.539918	-14.569101
-268.840968	-58.149107	3.162060	11.477730	2.708528	25.460889	-17.673096	-14.451814
269.953405	-62.075410	3.687483	11.856644	2.746801	25.444646	-17.688009	-14.438311
209.768221	-65.261880	4.197262	12.227770	2.784158	25.428073	-17.702846	-14.424797
-282.577437	-70.941436	7.245041	14.631082	3.023248	25.300052	-17.806604	-14.328011
70.754061	-58.403465	8.989383	16.539396	3.210670	25.155072	-17.906355	-14.230875
301.008785	-29.478152	9.583362	18.062586	3.362052	24.958338	-18.020820	-14.113812
-279.758502	9.435716	8.967339	18.663950	3.426719	24.736696	-18.129546	-13.996255
-212.839310	11.505054	8.915326	18.670602	3.427484	24.726049	-18.134344	-13.990909
276.398709	13.598787	8.861425	18.675569	3.428055	24.715359	-18.139126	-13.985566
-159.113075	82.480305	4.930622	17.427351	3.279904	24.201707	-18.336569	-13.751230
-265.789113	-62.609511	-0.619191	13.970322	2.852213	23.607900	-18.511791	-13.514972
268.017225	-65.788527	-0.669035	13.930394	2.847139	23.601984	-18.513335	-13.512740
207.269007	-68.967349	-0.718725	13.890357	2.842048	23.596064	-18.514877	-13.510507
-279.009288	-80.632068	-0.911620	13.732660	2.821964	23.572841	-18.520892	-13.501770
114.946669	-89.675814	-1.102002	13.573293	2.801618	23.549524	-18.526879	-13.493026
332.650142	-46.938240	-3.003932	11.730384	2.562561	23.287978	-18.590702	-13.396783
-324.806436	74.642821	-4.526538	9.764130	2.299142	23.017406	-18.650925	-13.300230
-255.847540	93.805886	-5.851739	7.170685	1.935721	22.659739	-18.722763	-13.176216
311.648036	5.933932	-6.394624	4.616301	1.554068	22.291464	-18.788736	-13.051713
-55.460475	5.180289	-6.395524	4.598005	1.551225	22.288723	-18.789199	-13.050796
-311.632444	4.430342	-6.396374	4.579793	1.548394	22.285994	-18.789660	-13.049883
309.007358	-72.495483	-6.130283	2.411138	1.197485	21.945476	-18.844242	-12.936806
251.606454	-88.843753	-5.054707	0.436637	0.850759	21.599943	-18.894053	-12.823341
-287.618627	-44.990892	-2.978957	-1.434582	0.495881	21.228018	-18.941917	-12.701964
6.934926	30.350667	-0.362431	-3.042997	0.166906	20.854455	-18.984392	-12.580159
275.217553	33.228190	-0.246892	-3.105260	0.153572	20.838465	-18.986090	-12.574938
-274.766129	36.021503	-0.131437	-3.166946	0.140306	20.822475	-18.987778	-12.569715
-230.782535	74.891528	2.291734	-4.366952	-0.131951	20.472103	-19.022349	-12.454896
261.063941	71.481031	4.221716	-5.240862	-0.361862	20.124030	-19.052194	-12.339716
-71.696098	26.308506	5.454709	-5.769915	-0.554958	19.746124	-19.079565	-12.212696
-267.132496	-29.781088	5.474771	-5.799089	-0.674540	19.375410	-19.101256	-12.085266
267.298347	-30.442609	5.465474	-5.795983	-0.675624	19.370394	-19.101514	-12.083518
196.398585	-31.098613	5.455905	-5.792783	-0.676693	19.365380	-19.101770	-12.081770
-280.124112	-55.868225	4.206761	-5.390230	-0.714860	19.038131	-19.116382	-11.966041
81.872622	-31.967701	1.836142	-4.681277	-0.695972	18.720429	-19.126363	-11.849992
287.350104	19.904079	-1.353935	-3.669315	-0.621129	18.383046	-19.132012	-11.721693
-283.087243	50.607224	-4.200812	-2.550813	-0.501567	18.059927	-19.132059	-11.593023
-200.198438	50.674374	-4.237828	-2.533007	-0.499379	18.054929	-19.132015	-11.590984
283.025563	50.724882	-4.274508	-2.515209	-0.497183	18.049935	-19.131970	-11.588944
-78.322261	31.342332	-5.799098	-1.530446	-0.359516	17.770506	-19.127035	-11.472196
-288.081908	-10.482879	-6.158800	-0.682621	-0.203776	17.503045	-19.117534	-11.355165
288.093778	-46.618338	-5.230359	-0.038051	-0.029010	17.233651	-19.102588	-11.231529
-281.642339	-53.398597	-3.025938	0.360456	0.147459	16.976456	-19.082592	-11.107603
73.605147	-23.546258	0.316755	0.553598	0.320991	16.723825	-19.056748	-10.979765
269.878124	22.727779	3.857547	0.567527	0.476197	16.482774	-19.025579	-10.851649
-270.021709	24.548261	3.989515	0.564918	0.481928	16.473283	-19.024210	-10.846476
-182.072049	26.345437	4.120022	0.562088	0.487611	16.463810	-19.022833	-10.841301
277.722619	53.182313	6.551039	0.444227	0.601949	16.251776	-18.988951	-10.722788
-90.952027	36.179843	7.514974	0.248317	0.676669	16.048436	-18.950553	-10.604058
-289.176276	-12.499581	6.850888	-0.021248	0.699304	15.834081	-18.903080	-10.473138
290.946239	-50.212276	4.517202	-0.280104	0.645654	15.628739	-18.850161	-10.341982
213.268492	-50.562605	4.408059	-0.287948	0.642274	15.621756	-18.848230	-10.337433
-291.027937	-50.820652	4.297178	-0.295678	0.638789	15.614786	-18.846294	-10.332888
86.777170	-31.372637	0.949389	-0.447541	0.510698	15.436968	-18.794134	-10.215618
292.473336	14.245101	-2.759796	-0.470997	0.304122	15.260308	-18.737655	-10.098182
-291.917822	54.091509	-6.313218	-0.280316	-0.026560	15.057241	-18.668675	-9.965337
-186.112438	45.438594	-8.251436	0.186543	-0.440126	14.844926	-18.594207	-9.832302
289.141622	45.070909	-8.261880	0.192540	-0.444436	14.842805	-18.593458	-9.831012
-92.485991	44.698817	-8.272139	0.198548	-0.448736	14.840688	-18.592712	-9.829725
-288.152088	-7.075729	-8.578948	0.886602	-0.868482	14.635170	-18.520396	-9.708999
295.816233	-59.610923	-7.652555	1.787640	-1.303411	14.412991	-18.443597	-9.588141
216.664437	-66.957130	-5.300780	2.906608	-1.765048	14.146690	-18.354743	-9.456202
-315.417773	-21.964420	-1.753225	4.039388	-2.181268	13.849962	-18.260582	-9.324132
58.533998	-20.246485	-1.653753	4.067236	-2.190978	13.841963	-18.258116	-9.320769
314.937316	-18.503046	-1.553920	4.095039	-2.200647	13.833932	-18.255644	-9.317402
-296.876429	44.651287	2.050576	5.020833	-2.508514	13.529965	-18.164806	-9.196717
-235.812983	71.468084	5.220521	5.741904	-2.724320	13.191573	-18.069566	-9.075944
263.969181	57.941355	7.563865	6.182941	-2.826139	12.765636	-17.957340	-8.940184
-88.540505	17.094460	8.612396	6.103444	-2.754992	12.288530	-17.839582	-8.804337
-278.032987	-29.331197	8.580111	5.485589	-2.544366	11.808821	-17.727293	-8.680294
286.065946	-62.215050	7.710026	4.293042	-2.206156	11.287998	-17.610417	-8.556200
204.972792	-62.424166	7.672168	4.249974	-2.194486	11.272195	-17.606936	-8.552577
-286.074867	-62.570629	7.633553	4.206411	-2.182705	11.256341	-17.603448	-8.548949
87.191036	-35.716940	5.879754	2.421779	-1.712513	10.682878	-17.479308	-8.422392
269.141138	19.147153	3.503442	0.175742	-1.135925	10.071325	-17.350426	-8.295810
-269.123484	19.628810	3.479265	0.152996	-1.130119	10.065481	-17.349209	-8.294636
-180.397775	20.106788	3.455140	0.130297	-1.124325	10.059654	-17.347995	-8.293465
273.763785	52.182432	0.811695	-2.395322	-0.480385	9.437562	-17.219577	-8.171787
-98.244582	35.468458	-1.955892	-5.201449	0.238107	8.784647	-17.086799	-8.050107
-285.060132	-12.986746	-4.905777	-8.525637	1.100254	8.033836	-16.935814	-7.916351
285.506671	-46.890462	-7.509530	-12.009297	2.023261	7.251150	-16.779586	-7.782618
202.079210	-46.952204	-7.529025	-12.038694	2.031154	7.244510	-16.778264	-7.781505
-285.502239	-47.008712	-7.548407	-12.067987	2.039022	7.237893	-16.776946	-7.780396
98.944900	-30.308672	-9.282576	-15.143496	2.876819	6.535636	-16.637258	-7.664537
286.682168	11.118647	-10.193144	-18.205812	3.738664	5.813423	-16.493651	-7.548715
-289.193826	51.992998	-9.680862	-21.784298	4.794482	4.919685	-16.315498	-7.409278
-182.395639	43.682029	-7.050015	-25.112890	5.853323	4.002858	-16.131689	-7.269923
290.433775	43.451105	-7.028740	-25.131677	5.859606	3.997332	-16.130577	-7.269093
-102.956450	43.219106	-7.007512	-25.150358	5.865858	3.991833	-16.129470	-7.268267
-291.293775	-6.983967	-3.359908	-27.717494	6.772587	3.180580	-15.965490	-7.147531
297.190958	-58.801482	1.076050	-29.906208	7.657005	2.356493	-15.797281	-7.026879
216.849299	-69.173016	6.318298	-31.775903	8.585763	1.442543	-15.608392	-6.894968
-313.236686	-24.426177	11.384025	-32.998114	9.459340	0.518485	-15.414470	-6.763187
84.865760	-21.990302	11.544379	-33.026994	9.487811	0.487015	-15.407807	-6.758722
312.973945	-19.500953	11.703685	-33.055010	9.516201	0.455536	-15.401140	-6.754257
-303.548358	48.873895	15.434887	-33.468564	10.235195	-0.378977	-15.222849	-6.636333
-223.918351	77.476262	17.883478	-33.204346	10.888302	-1.217316	-15.040535	-6.518529
278.491198	49.618454	18.644203	-32.011032	11.539428	-2.164001	-14.830315	-6.385958
-41.810688	-21.085243	17.585860	-29.811945	12.096008	-3.110458	-14.615006	-6.253562
-268.113688	-23.150675	17.531342	-29.729605	12.111469	-3.139334	-14.608351	-6.249522
267.886468	-25.177712	17.475780	-29.646485	12.126824	-3.168179	-14.601699	-6.245486
220.032513	-66.413926	15.463455	-26.865918	12.532604	-4.006035	-14.406146	-6.128189
-263.170346	-70.465198	12.994324	-23.435576	12.857632	-4.840999	-14.206613	-6.011055
101.167487	-33.279279	10.158479	-18.990316	13.119376	-5.757508	-13.981914	-5.882049
272.577124	20.458315	7.154870	-13.950978	13.276310	-6.668183	-13.752388	-5.753261
-272.921769	22.437399	7.031070	-13.742212	13.280289	-6.703839	-13.743268	-5.748204
-166.029851	24.383879	6.906842	-13.532860	13.284098	-6.739456	-13.734149	-5.743151
281.789456	54.545465	3.818032	-8.423362	13.324892	-7.571277	-13.518158	-5.624764
-105.236946	41.543760	0.304709	-2.984851	13.270495	-8.395625	-13.298093	-5.506581
-289.090998	-2.927140	-4.142619	3.203993	13.100250	-9.279270	-13.054900	-5.378688
289.385106	-41.764744	-9.471706	9.661913	12.810268	-10.150468	-12.806956	-5.251070
187.766394	-42.464080	-9.737506	9.960150	12.794234	-10.189600	-12.795615	-5.245296
-289.413046	-43.026778	-10.005587	10.258854	12.777946	-10.228702	-12.784263	-5.239524
102.747395	-29.714327	-15.805189	16.391756	12.393652	-11.012340	-12.552771	-5.122988
290.657093	10.081448	-21.876527	22.694337	11.902151	-11.782425	-12.317307	-5.006696
-290.619620	49.170456	-28.202690	29.966908	11.216661	-12.631305	-12.047498	-4.876088
-181.256709	46.370294	-33.329211	37.372647	10.386838	-13.459098	-11.772682	-4.745816
288.886990	45.685475	-33.429215	37.534509	10.367099	-13.476901	-11.766633	-4.742979
-111.590481	44.972830	-33.528676	37.696130	10.347316	-13.494667	-11.760590	-4.740146
-289.226605	-2.494996	-37.311187	44.243799	9.480621	-14.208980	-11.512346	-4.624851
296.574533	-59.184736	-40.834710	50.617377	8.493472	-14.903522	-11.260187	-4.509846
216.192132	-79.756237	-44.845613	57.222448	7.256473	-15.647564	-10.976497	-4.382887
-312.280462	-35.642274	-49.235867	62.973968	5.863839	-16.363630	-10.688042	-4.256311
96.227015	-32.050451	-49.436867	63.200117	5.799054	-16.394401	-10.675267	-4.250762
311.567200	-28.326647	-49.638455	63.423732	5.733961	-16.425115	-10.662482	-4.245214
-298.034430	52.097637	-53.731437	67.272001	4.381272	-17.020974	-10.407510	-4.135536
-225.146769	91.711168	-57.952512	69.817622	2.904682	-17.592815	-10.148949	-4.026164
272.030429	68.383143	-62.526586	70.737017	0.972547	-18.243916	-9.834749	-3.895661
-50.372955	-8.415842	-63.915291	68.845517	-1.128522	-18.856555	-9.515436	-3.765625
-265.972324	-10.052076	-63.885916	68.769103	-1.175891	-18.869437	-9.508433	-3.762802
265.908693	-11.668845	-63.853475	68.691100	-1.223324	-18.882301	-9.501428	-3.759978
207.364424	-58.253619	-59.775323	64.310006	-3.158057	-19.377913	-9.220932	-3.647909
-266.310565	-66.093976	-49.180694	57.528413	-5.172348	-19.841599	-8.936631	-3.536208
105.299870	-29.405338	-28.682323	47.448401	-7.502086	-20.322701	-8.612686	-3.411164
272.815349	22.214840	-1.836672	35.274891	-9.871256	-20.759673	-8.283965	-3.286611
-273.050955	23.794422	-0.816278	34.812490	-9.955388	-20.774298	-8.272250	-3.282214
-156.948826	25.336627	0.207312	34.348156	-10.039527	-20.788865	-8.260528	-3.277818
279.498947	45.361059	25.547789	22.571146	-12.076364	-21.123836	-7.974744	-3.171509
-117.288644	21.045310	50.049847	10.007159	-14.096401	-21.423500	-7.685500	-3.065584
-285.185472	-36.977289	72.389091	-5.190600	-16.403314	-21.726599	-7.343920	-2.942582
290.157214	-77.183326	81.719878	-20.474712	-18.627698	-21.977942	-6.997678	-2.820123
187.943235	-77.435096	81.726724	-21.204241	-18.732265	-21.988713	-6.980874	-2.814235
-290.944436	-77.471615	81.687285	-21.932657	-18.836562	-21.999359	-6.964058	-2.808348
112.256878	-46.688251	73.536601	-34.843757	-20.671801	-22.169992	-6.658151	-2.702121
297.385849	19.680834	53.821842	-47.018774	-22.396187	-22.298216	-6.348806	-2.596331
-278.915769	105.131546	21.548963	-59.689503	-24.219920	-22.391641	-5.987768	-2.474845
-199.957210	188.644540	-15.505024	-70.371835	-25.835186	-22.424606	-5.622375	-2.353961
274.671018	191.658718	-17.199364	-70.798512	-25.902668	-22.424632	-5.605778	-2.348518
-135.487444	194.561145	-18.891346	-71.219985	-25.969655	-22.424530	-5.589173	-2.343076
-326.871681	213.069700	-50.802071	-78.352722	-27.177464	-22.396425	-5.262317	-2.236754
316.491015	124.968708	-77.493763	-83.096338	-28.171828	-22.317561	-4.932403	-2.130924
581.391864	-232.784611	-90.753382	-82.780180	-29.575757	-21.931936	-4.156080	-1.887302
-308.572371	78.723988	-12.618605	-64.764718	-29.716263	-21.258184	-3.366441	-1.646490
95.069917	91.156039	-11.554320	-64.495275	-29.711313	-21.249508	-3.357999	-1.643950
297.544878	103.576730	-10.489556	-64.224487	-29.706232	-21.240802	-3.349556	-1.641411
-284.436452	132.720017	-7.831662	-63.543032	-29.692988	-21.218940	-3.328484	-1.635076
-184.987007	156.477619	-5.173810	-62.853405	-29.678935	-21.196881	-3.307403	-1.628744
264.939402	172.544401	-2.826737	-62.237271	-29.665844	-21.177224	-3.288768	-1.623149
-160.107502	184.195633	-0.482874	-61.614966	-29.652126	-21.157415	-3.270126	-1.617556
-288.377732	65.945493	31.626124	-52.157715	-29.389930	-20.859456	-3.004447	-1.538211
351.969575	-80.785098	58.516232	-41.759582	-29.005109	-20.531692	-2.737639	-1.459192
247.349412	-115.057589	81.147160	-26.410799	-28.281109	-20.032753	-2.368097	-1.350796
-300.691233	-68.271817	87.083467	-10.571225	-27.342719	-19.481627	-1.996797	-1.243048
79.702987	-43.870731	78.507683	6.416213	-26.090554	-18.825563	-1.590971	-1.126539
271.950755	-22.505428	58.805799	22.576416	-24.611229	-18.114042	-1.183578	-1.010822
-272.687899	-20.862387	57.854098	23.196982	-24.547777	-18.084590	-1.167317	-1.006228
-144.698805	-19.132005	56.892193	23.815528	-24.483988	-18.055055	-1.151054	-1.001636
292.081574	23.273975	34.580176	36.424929	-23.051559	-17.408880	-0.805314	-0.904428
-131.551137	37.000684	10.518345	47.866452	-21.475825	-16.727605	-0.458838	-0.807811
-295.462256	10.679706	-15.701873	59.149077	-19.519944	-15.912534	-0.064035	-0.698637
293.831722	-33.332436	-37.759083	68.240951	-17.402025	-15.057609	0.331262	-0.590251
174.414608	-34.549158	-38.668378	68.618180	-17.295898	-15.015381	0.350353	-0.585039
-293.796331	-35.602028	-39.560311	68.989184	-17.189492	-14.973093	0.369433	-0.579832
120.233262	-28.869692	-53.209175	74.788964	-15.130623	-14.164278	0.727466	-0.482489
292.621976	8.477050	-61.342012	78.200789	-12.959411	-13.327664	1.085503	-0.385813
-290.634637	50.468362	-64.607678	78.928260	-10.385389	-12.352744	1.489392	-0.277509
-170.649881	53.302129	-62.766627	76.440213	-7.693470	-11.348334	1.892807	-0.170080
287.870212	52.115283	-62.586878	76.258034	-7.569077	-11.302227	1.911050	-0.165239
-117.312351	50.802056	-62.399835	76.070075	-7.444391	-11.256036	1.929304	-0.160396
-287.674314	10.674549	-57.943122	71.756712	-5.159123	-10.413113	2.258600	-0.073270
293.543314	-39.056226	-51.984505	65.890683	-2.817676	-9.554517	2.587238	0.013251
190.215972	-64.440072	-43.864545	57.069689	0.086941	-8.492225	2.985625	0.117598
-311.906914	-32.621045	-35.938364	46.862756	3.035463	-7.412457	3.382562	0.221024
104.649858	-29.655063	-35.592939	46.375052	3.169879	-7.363123	3.400525	0.225692
311.530320	-26.563683	-35.248966	45.885567	3.304339	-7.313760	3.418485	0.230359
-301.921755	39.029408	-28.989535	36.244868	5.881662	-6.364467	3.761248	0.319233
-197.981820	70.674221	-23.470589	26.290163	8.460462	-5.406603	4.102539	0.407394
280.620966	50.348170	-18.201533	14.907925	11.392539	-4.303633	4.490701	0.507297
-67.824243	-13.190476	-13.792503	3.912724	14.287556	-3.195083	4.876489	0.606245
-273.506097	-16.128325	-13.603455	3.422286	14.419189	-3.144123	4.894133	0.610763
273.277390	-19.004393	-13.415320	2.933612	14.550611	-3.093192	4.911760	0.615276
194.217763	-59.892863	-9.889771	-6.123711	17.040542	-2.117334	5.248192	0.701299
-268.687876	-68.893595	-6.240124	-14.534730	19.470195	-1.141765	5.582415	0.786565
123.420877	-35.566452	-1.382708	-23.589045	22.266737	0.017380	5.977511	0.887157
272.179429	20.252437	3.667530	-31.563256	24.933748	1.169749	6.368944	0.986648
-272.186768	20.326234	3.674063	-31.573034	24.937161	1.171259	6.369457	0.986778
-132.359001	20.398374	3.680450	-31.582594	24.940498	1.172736	6.369958	0.986905
278.365449	58.445370	7.818005	-37.652589	27.143198	2.170190	6.708354	1.072820
-133.259989	56.522684	11.320199	-42.892134	29.213163	3.157571	7.043563	1.157875
-292.856364	14.895861	13.960447	-47.645089	31.295930	4.217711	7.404429	1.249429
298.851823	-38.936626	14.895275	-51.405467	33.182140	5.260165	7.761029	1.339935
159.535794	-40.117414	14.891260	-51.513214	33.241143	5.294431	7.772790	1.342921
-299.029023	-41.225818	14.884791	-51.619856	33.299907	5.328674	7.784546	1.345906
133.090244	-45.854342	13.679362	-54.094524	34.811123	6.254486	8.103605	1.426961
294.665824	-14.515141	10.411877	-55.726083	36.138722	7.160959	8.418761	1.507134
-292.257096	32.632346	5.153071	-56.686250	37.389218	8.140027	8.763156	1.594917
-169.307685	47.110089	-0.724625	-56.945365	38.402375	9.089688	9.102301	1.681595
290.905054	46.874638	-0.822308	-56.944872	38.417383	9.105406	9.107964	1.683045
-130.282963	46.620214	-0.920016	-56.944237	38.432350	9.121144	9.113636	1.684497
-290.724401	11.425786	-5.853562	-56.727224	39.141414	9.957980	9.417966	1.762534
296.420630	-38.315821	-9.632892	-56.260150	39.659132	10.765475	9.717518	1.839627
191.681129	-57.545528	-11.616276	-55.662504	40.015984	11.612523	10.039514	1.922869
-311.427188	-23.147722	-10.673997	-55.148589	40.164344	12.418793	10.355335	2.004959
116.208732	-21.713833	-10.621067	-55.137532	40.165355	12.436226	10.362282	2.006770
311.160779	-20.249088	-10.566761	-55.126443	40.166269	12.453662	10.369236	2.008583
-299.376934	46.122614	-7.286792	-54.631197	40.120774	13.150124	10.651821	2.082495
-194.477334	73.153579	-2.227746	-53.960334	39.918285	13.808222	10.928863	2.155426
276.802861	44.718123	4.713551	-52.860431	39.526885	14.480528	11.224230	2.233774
-83.032140	-23.607534	12.030386	-51.194619	38.965221	15.105621	11.512539	2.310930
-271.232803	-25.614397	12.241175	-51.134355	38.945948	15.123526	11.521020	2.313211
271.165548	-27.592793	12.450931	-51.073481	38.926551	15.141371	11.529486	2.315489
163.355520	-73.968741	18.254182	-48.884278	38.271210	15.662476	11.783016	2.384021
-276.173700	-93.166508	22.357319	-45.936367	37.489170	16.145284	12.030410	2.451561
134.592333	-81.149437	23.909857	-41.527017	36.460654	16.644659	12.302122	2.526612
274.327860	-34.264388	21.562466	-35.844990	35.284419	17.096554	12.565536	2.600375
-274.080440	-33.396000	21.502158	-35.759506	35.267500	17.102356	12.569046	2.601365
-132.196534	-32.523409	21.441207	-35.673994	35.250594	17.108136	12.572547	2.602353
256.642840	32.231683	15.904498	-29.777111	34.114776	17.460922	12.793536	2.665144
-226.497748	97.205483	7.109277	-23.196308	32.877969	17.779768	13.007925	2.726946
-360.725528	54.023031	-22.068286	-6.020812	29.554910	18.406563	13.490575	2.869982
318.122900	-88.223329	-39.516098	11.005614	25.744855	18.856011	13.932713	3.007258
176.640283	-80.122649	-39.532595	11.251809	25.682680	18.861602	13.939195	3.009327
-304.719729	-71.437385	-39.538949	11.497051	25.620463	18.867147	13.945659	3.011392
109.979608	-52.477609	-39.520928	11.984171	25.496026	18.878093	13.958528	3.015509
276.942583	-32.593067	-39.461255	12.468278	25.371189	18.888882	13.971356	3.019620
-270.286910	-22.596920	-39.414314	12.714815	25.307152	18.894343	13.977905	3.021721
-142.370188	-13.019235	-39.356166	12.960290	25.243070	18.899758	13.984437	3.023819
202.532661	88.942837	-35.386718	17.854189	23.886684	19.003220	14.117929	3.067144
-188.108850	39.820718	-25.885552	22.251233	22.487617	19.089374	14.246753	3.109835
-255.576427	-91.262027	-4.938803	27.501581	20.375310	19.184731	14.426078	3.170944
225.115845	-64.281096	19.062340	31.010037	18.183143	19.245175	14.595069	3.230686
-27.027005	31.838866	37.652317	32.355045	16.053188	19.271184	14.744565	3.285690
-102.920630	74.288584	45.512488	31.444608	13.873637	19.268156	14.884474	3.339457
168.934304	-4.451265	36.370480	27.606975	11.412373	19.232007	15.028058	3.397562
-298.496308	-43.433049	13.392874	21.431581	8.912053	19.162505	15.159506	3.454125
-160.639109	-43.200333	12.872144	21.297320	8.864292	19.160871	15.161882	3.455183
301.987768	-42.930603	12.348393	21.162320	8.816447	19.159222	15.164258	3.456243
-131.876164	-6.395174	-12.753509	14.436963	6.592412	19.070298	15.269383	3.504656
-305.995397	23.964354	-33.524467	7.166498	4.353799	18.957095	15.365064	3.551854
283.699269	-6.514552	-43.203262	-0.843906	1.858726	18.803648	15.460333	3.602845
171.696938	-28.218211	-39.482961	-8.097903	-0.635529	18.621805	15.544154	3.652307
-286.557206	-28.206959	-39.465922	-8.109938	-0.639982	18.621455	15.544294	3.652394
151.687482	-28.195668	-39.449138	-8.121765	-0.644358	18.621111	15.544431	3.652480
293.977234	-0.394672	-27.342988	-13.654775	-2.861500	18.435386	15.609671	3.695314
-299.243012	41.891864	-10.875327	-18.175975	-5.063191	18.228186	15.666055	3.736910
-169.500411	57.737124	7.798279	-21.952092	-7.533525	17.967785	15.719456	3.782593
302.218968	22.685887	21.632943	-24.147308	-9.964565	17.681238	15.761789	3.826653
-123.500651	22.182438	21.717866	-24.157802	-9.983298	17.678909	15.762076	3.826989
-302.083672	21.675222	21.802441	-24.168192	-10.002029	17.676577	15.762362	3.827325
291.236927	-43.758858	29.153039	-24.649681	-12.106832	17.402140	15.790534	3.864843
186.522606	-76.743473	32.106777	-23.680646	-14.165569	17.108473	15.810347	3.901078
-279.519847	-62.007211	30.643390	-20.963922	-16.322953	16.770989	15.822481	3.938689
102.437261	-7.998316	25.376453	-16.748507	-18.405770	16.412466	15.825197	3.974783
278.022552	-4.927433	25.032691	-16.502694	-18.508894	16.393796	15.825087	3.976567
-277.841843	-1.867993	24.682500	-16.253977	-18.611863	16.375062	15.824953	3.978349
-159.163748	47.651333	17.415786	-11.305239	-20.448287	16.024691	15.818389	4.010121
264.009168	73.546575	9.184328	-5.795539	-22.203514	15.657635	15.804086	4.040585
-150.754013	59.102199	-0.117821	0.721757	-24.089091	15.220999	15.778591	4.073601
-264.330385	6.555607	-8.396337	7.042296	-25.847661	14.764277	15.743425	4.104915
264.427886	6.076282	-8.449802	7.085749	-25.859791	14.760929	15.743138	4.105134
115.577213	5.595798	-8.503166	7.129167	-25.871913	14.757580	15.742850	4.105352
-280.441496	-48.709921	-14.163966	12.114167	-27.299054	14.340701	15.704041	4.131404
171.737381	-58.468436	-17.691476	16.234277	-28.611178	13.909496	15.658019	4.156148
303.878048	-19.413340	-18.512572	19.476113	-29.951011	13.403365	15.597175	4.182659
-305.045595	36.952892	-16.111452	20.979112	-31.123172	12.880227	15.527326	4.207505
-134.690196	37.571568	-16.051609	20.989498	-31.140210	12.871896	15.526160	4.207881
304.953554	38.174420	-15.991146	20.999498	-31.157206	12.863560	15.524992	4.208257
-143.472360	48.587164	-11.681705	20.973760	-32.048240	12.387959	15.455750	4.228761
-294.309203	22.588313	-6.007852	19.911486	-32.810979	11.900264	15.379720	4.247982
291.030852	-25.622735	1.005456	17.694532	-33.518955	11.336568	15.285990	4.268122
157.868270	-46.417219	7.472916	14.644125	-34.067936	10.758931	15.183913	4.286650
-289.201023	-46.249205	7.604649	14.566619	-34.078651	10.745560	15.181481	4.287055
149.543499	-46.046180	7.735445	14.488814	-34.089284	10.732182	15.179045	4.287459
287.338519	-18.181730	11.976114	11.386417	-34.428891	10.225913	15.084677	4.302004
-289.589683	27.126556	14.974555	8.034927	-34.654655	9.710459	14.984382	4.315377
-158.465473	54.781068	17.033502	3.890279	-34.777627	9.074287	14.855053	4.330018
303.474578	29.853998	17.524751	-0.129484	-34.737889	8.426174	14.717327	4.342958
-137.080179	29.545666	17.523462	-0.150818	-34.737230	8.422608	14.716553	4.343024
-303.453359	29.235334	17.522132	-0.172145	-34.736567	8.419041	14.715779	4.343090
297.219222	-30.989648	16.807359	-3.469463	-34.570140	7.846444	14.589288	4.352948
171.196578	-68.127702	15.188197	-6.536675	-34.283962	7.265774	14.456685	4.361536
-280.599506	-61.278530	12.472420	-9.594841	-33.832426	6.618054	14.303882	4.369524
120.898219	-8.968229	8.666694	-12.267538	-33.239455	5.961446	14.143966	4.375992
272.002308	-7.968952	8.595168	-12.307340	-33.228699	5.950742	14.141319	4.376085
-271.854776	-6.971706	8.523447	-12.346951	-33.217927	5.940057	14.138674	4.376176
-152.735536	44.638651	3.977757	-14.366999	-32.559314	5.340410	13.988247	4.380670
256.349691	74.649725	-1.718244	-15.985335	-31.788799	4.734534	13.832261	4.383942
-163.103390	64.433232	-9.279139	-17.258358	-30.807938	4.057803	13.653305	4.386147
-263.163002	12.933234	-17.178716	-17.933542	-29.694801	3.375600	13.467814	4.386872
263.279794	12.408934	-17.236982	-17.936244	-29.685832	3.370392	13.466378	4.386872
101.225974	11.880767	-17.295430	-17.938919	-29.676820	3.365163	13.464936	4.386872
-280.358211	-48.664998	-23.768404	-17.975126	-28.541809	2.736289	13.289290	4.386226
172.293178	-61.060739	-28.546302	-17.415045	-27.304070	2.104767	13.108399	4.384353
299.085258	-24.017203	-30.843100	-16.131503	-25.904309	1.440119	12.913031	4.381076
-299.036611	32.224822	-29.908009	-14.113959	-24.412333	0.774618	12.712138	4.376464
-131.076644	34.384895	-29.764034	-13.992259	-24.333294	0.740379	12.701656	4.376191
298.753354	36.396424	-29.610182	-13.868959	-24.254041	0.706141	12.691161	4.375914
-155.870962	48.251591	-25.014192	-11.375572	-22.778953	0.084434	12.498025	4.370278
-290.265184	23.830101	-16.997624	-8.489662	-21.243061	-0.536161	12.300286	4.363490
288.127267	-21.151448	-5.316448	-4.988921	-19.481189	-1.221461	12.075936	4.354631
138.026186	-44.137755	7.649684	-1.338829	-17.668214	-1.903135	11.846215	4.344376
-288.163025	-44.125623	8.186947	-1.187656	-17.592535	-1.931150	11.836629	4.343924
160.154080	-44.020948	8.723388	-1.036539	-17.516791	-1.959157	11.827034	4.343469
288.223788	-23.137953	19.829501	2.161521	-15.881713	-2.556448	11.619566	4.333165
-289.579602	17.319690	29.582209	5.208387	-14.225731	-3.149118	11.408134	4.321787
-156.112515	48.884559	37.748945	8.294280	-12.355871	-3.806713	11.166640	4.307771
292.523442	38.502341	41.992160	10.870451	-10.482369	-4.456358	10.920433	4.292423
-153.821688	36.658009	42.087998	10.970895	-10.398828	-4.485159	10.909333	4.291707
-292.222551	34.687494	42.175956	11.069902	-10.315364	-4.513922	10.898232	4.290988
287.326144	-20.031964	42.258216	12.808806	-8.590723	-5.105969	10.666048	4.275506
160.888543	-58.400866	39.056175	13.954330	-6.883550	-5.689257	10.430070	4.258899
-279.815136	-56.422506	31.709247	14.609307	-5.027111	-6.323106	10.164787	4.239231
128.143448	-7.155268	20.697867	14.727852	-3.216445	-6.943907	9.895154	4.218208
273.098096	-7.038612	20.673340	14.727629	-3.212929	-6.945117	9.894619	4.218165
-273.080758	-6.921956	20.648804	14.727403	-3.209413	-6.946327	9.894083	4.218122
-144.428114	41.975652	8.951878	14.472519	-1.660813	-7.481763	9.652882	4.198467
256.477416	71.566250	-3.468851	13.957339	-0.162051	-8.005276	9.408520	4.177771
-168.343319	63.045820	-17.179515	13.140711	1.483564	-8.587339	9.125796	4.152881
-263.075913	10.807701	-28.992731	12.177224	3.057510	-9.151544	8.839235	4.126653
263.615402	8.413515	-29.333693	12.144083	3.108215	-9.169844	8.829715	4.125764
94.655348	5.985591	-29.670673	12.110924	3.158794	-9.188106	8.820200	4.124876
-282.312160	-57.040775	-37.176047	11.213791	4.490131	-9.671617	8.562636	4.100415
192.590122	-74.097608	-40.987693	10.354937	5.763345	-10.139180	8.302278	4.074916
309.995712	-34.327754	-40.110281	9.510907	7.112525	-10.640291	8.009028	4.045290
-312.587085	37.023594	-34.711013	8.789298	8.387436	-11.119316	7.712596	4.014394
-128.835484	37.834146	-34.608664	8.779887	8.404895	-11.125914	7.708390	4.013949
312.471143	38.633278	-34.505454	8.770476	8.422376	-11.132521	7.704174	4.013502
-167.916507	63.202469	-26.807952	8.211097	9.500415	-11.542003	7.435498	3.984671
-293.381863	42.144115	-17.501687	7.713719	10.516987	-11.931857	7.164479	3.954830
288.674613	-12.655397	-6.863492	7.224488	11.546901	-12.330623	6.868680	3.921409
152.104316	-48.619251	3.001611	6.763958	12.502878	-12.704285	6.570406	3.886823
-290.649298	-49.040812	3.382463	6.744688	12.541833	-12.719585	6.557683	3.885329
163.224862	-49.347532	3.759030	6.725440	12.580624	-12.734826	6.544966	3.883833
292.230294	-33.161161	10.788727	6.318446	13.367123	-13.045096	6.275795	3.851805
-292.846286	8.491243	16.193515	5.898226	14.092815	-13.333523	6.004846	3.818856
-149.234694	46.004122	20.628714	5.376335	14.852612	-13.637735	5.690584	3.779761
290.819192	38.550284	23.353289	4.790116	15.529635	-13.910704	5.374236	3.739461
-160.617403	36.593317	23.439473	4.760907	15.559053	-13.922604	5.359493	3.737560
-290.321069	34.478831	23.522136	4.731484	15.588309	-13.934442	5.344736	3.735655
284.689288	-19.391723	24.409182	4.143891	16.100511	-14.142214	5.068850	3.699667
162.945665	-59.577239	24.055226	3.475426	16.549314	-14.325139	4.791612	3.662788
-277.765862	-60.873385	22.076595	2.609893	16.989049	-14.505265	4.469277	3.619015
132.372856	-10.203761	18.458856	1.668194	17.342965	-14.650990	4.145410	3.574066
272.753146	-7.448179	18.267949	1.625595	17.356498	-14.656578	4.131190	3.572071
-272.494671	-4.690251	18.074626	1.582900	17.369865	-14.662098	4.116968	3.570073
-139.002623	45.804183	13.812707	0.722469	17.600023	-14.757336	3.835323	3.530124
262.343817	75.203567	8.907414	-0.158225	17.765103	-14.825889	3.552735	3.489307
-183.056024	64.089408	2.887960	-1.179949	17.874386	-14.871357	3.225076	3.441057
-266.111257	9.776468	-2.707096	-2.181632	17.895768	-14.880028	2.896449	3.391667
266.578563	6.579585	-2.928870	-2.224743	17.894685	-14.879556	2.882006	3.389473
94.182165	3.330605	-3.148015	-2.267764	17.893432	-14.879012	2.867561	3.387277
-279.180618	-58.021557	-6.817028	-3.094061	17.834035	-14.853617	2.582647	3.343567
200.770426	-79.510190	-8.852401	-3.868518	17.708848	-14.800493	2.297219	3.299018
303.390349	-44.992008	-8.714212	-4.677087	17.482578	-14.705206	1.965977	3.246360
-308.980698	30.335057	-6.589199	-5.342855	17.170458	-14.574945	1.634285	3.192592
-116.911449	33.032873	-6.475502	-5.365602	17.155963	-14.568924	1.620784	3.190381
308.860808	35.634968	-6.360299	-5.387945	17.141328	-14.562847	1.607281	3.188168
-176.712967	66.704520	-3.693653	-5.753211	16.798639	-14.421190	1.321130	3.140866
-293.020147	52.962619	-1.014059	-5.864852	16.394224	-14.255434	1.034854	3.092753
288.989078	-6.739021	1.541584	-5.568409	15.830608	-14.026666	0.692370	3.034144
149.201840	-50.201233	2.676477	-4.692713	15.182558	-13.766042	0.349998	2.974395
-291.072384	-50.467603	2.679349	-4.669950	15.169597	-13.760842	0.343556	2.973260
173.503620	-50.707395	2.681448	-4.646906	15.156589	-13.755622	0.337105	2.972123
290.571987	-37.046912	2.084577	-3.374770	14.536413	-13.506692	0.043514	2.919909
-288.495778	6.105289	0.679925	-1.818616	13.865324	-13.236315	-0.249759	2.866869
-135.038301	47.361591	-0.863326	0.004099	13.049635	-12.904899	-0.581820	2.805725
289.906073	45.735294	-1.455944	1.598214	12.183623	-12.548426	-0.913152	2.743537
-163.569770	45.271379	-1.456993	1.617353	12.171532	-12.543410	-0.917654	2.742684
-289.955383	44.793837	-1.457871	1.636413	12.159433	-12.538390	-0.922155	2.741830
291.010758	-4.848316	-1.188964	2.709732	11.349473	-12.199536	-1.217153	2.685416
144.308465	-52.381150	-0.463486	3.414378	10.512036	-11.842777	-1.511303	2.628184
-282.436395	-64.278604	0.505956	3.726769	9.591319	-11.441282	-1.825745	2.565893
136.914781	-19.548783	1.356855	3.554473	8.655565	-11.021470	-2.138916	2.502677
269.866570	-15.308396	1.404127	3.525295	8.591288	-10.992176	-2.160242	2.498328
-269.092415	-11.018873	1.449589	3.493950	8.526998	-10.962817	-2.181551	2.493978
-133.725553	44.943322	1.847220	2.866203	7.656455	-10.559310	-2.468257	2.434886
256.451055	79.032866	1.683243	1.906235	6.781945	-10.142392	-2.753592	2.375030
-200.461758	67.388082	0.644094	0.617787	5.805565	-9.662330	-3.070313	2.307323
-264.352955	10.225327	-0.844601	-0.681949	4.833727	-9.167990	-3.385012	2.238677
264.554816	9.029454	-0.868480	-0.701468	4.818351	-9.160028	-3.389995	2.237579
88.094734	7.826275	-0.892311	-0.720931	4.802977	-9.152062	-3.394977	2.236481
-279.082429	-58.966670	-2.099707	-1.718015	3.923216	-8.688435	-3.680660	2.172893
206.362072	-79.914526	-2.663099	-2.358029	3.055415	-8.214974	-3.964376	2.108536
303.555628	-41.799463	-2.165506	-2.501732	2.118952	-7.683824	-4.274125	2.036841
-306.564131	33.270201	-0.853508	-2.130332	1.207186	-7.143273	-4.581157	1.964234
-113.708608	34.268999	-0.829029	-2.121180	1.193021	-7.134666	-4.585984	1.963079
306.428779	35.252002	-0.804475	-2.111940	1.178863	-7.126057	-4.590810	1.961925
-189.478227	65.236156	0.642825	-1.466910	0.390966	-6.635468	-4.862900	1.896191
-285.150014	48.198299	1.967388	-0.662943	-0.367654	-6.139396	-5.132538	1.829743
280.379797	-8.395037	2.899618	0.267010	-1.168484	-5.585535	-5.427725	1.755434
135.130741	-49.094144	2.856234	1.085471	-1.924912	-5.027366	-5.719603	1.680266
-284.925822	-49.794829	2.821679	1.119739	-1.960434	-5.000175	-5.733689	1.676594
177.483937	-50.341555	2.783724	1.153385	-1.995840	-4.972976	-5.747766	1.672920
289.373427	-37.633874	1.639775	1.643673	-2.601907	-4.491277	-5.995194	1.607662
-291.617151	3.203600	0.003913	1.930979	-3.169203	-4.008251	-6.239932	1.541786
-130.142589	49.396561	-1.814924	1.996643	-3.814763	-3.411960	-6.537873	1.459709
288.118913	45.665380	-2.590921	1.733008	-4.400252	-2.816349	-6.831374	1.376709
-175.058152	45.458434	-2.591872	1.730975	-4.402854	-2.813559	-6.832740	1.376317
-288.057501	45.248094	-2.592806	1.728922	-4.405470	-2.810752	-6.834114	1.375923
281.912561	-10.168989	-2.404773	1.254375	-4.842809	-2.319011	-7.073683	1.306475
148.574080	-57.448034	-1.616290	0.581317	-5.235713	-1.829633	-7.309952	1.236406
-273.902651	-66.976673	-0.149390	-0.362185	-5.647936	-1.244175	-7.590164	1.151143
145.278135	-15.697694	1.457813	-1.256804	-5.990487	-0.664905	-7.865211	1.065001
267.692520	-15.208183	1.468502	-1.262660	-5.992732	-0.660688	-7.867206	1.064367
-267.639151	-14.716303	1.479204	-1.268525	-5.994982	-0.656455	-7.869209	1.063730
-119.849419	41.310363	2.447357	-1.833703	-6.230339	-0.165553	-8.100889	0.989109
256.563291	78.518455	2.564707	-2.089737	-6.410561	0.318753	-8.328496	0.913854
-206.417100	74.755746	1.428862	-1.971103	-6.545470	0.851818	-8.578288	0.828871
-264.834934	23.070120	-0.477570	-1.506449	-6.611530	1.374139	-8.822649	0.743110
265.240643	20.925565	-0.536229	-1.488991	-6.612442	1.389045	-8.829620	0.740623
73.218282	18.748876	-0.594863	-1.471337	-6.613299	1.403942	-8.836586	0.738136
-280.791451	-47.848612	-2.266673	-0.856152	-6.613617	1.851383	-9.045752	0.662339
214.948573	-75.108809	-3.375640	-0.136716	-6.565838	2.289731	-9.250482	0.585960
306.746756	-45.662188	-3.457400	0.724888	-6.454881	2.781554	-9.479847	0.497584
-310.707298	25.896316	-2.395099	1.531737	-6.287491	3.261180	-9.703032	0.408460
-98.992095	27.268334	-2.361838	1.547901	-6.283291	3.271378	-9.707772	0.406532
310.573782	28.615081	-2.328188	1.564002	-6.279067	3.281571	-9.712508	0.404603
-188.779123	61.214051	-0.624352	2.166732	-6.082264	3.700294	-9.906795	0.324109
-291.197839	48.233077	1.469444	2.601473	-5.845930	4.109060	-10.095850	0.243025
285.298904	-4.910265	3.563804	2.817080	-5.552505	4.535023	-10.292060	0.155684
127.404002	-47.666617	4.832732	2.708558	-5.220631	4.949400	-10.481979	0.067686
-284.811916	-48.614209	4.862700	2.693098	-5.202748	4.970250	-10.491507	0.063175
179.086089	-49.397199	4.888619	2.676611	-5.184780	4.991069	-10.501017	0.058661
284.076253	-38.215380	4.689600	2.206078	-4.841994	5.366500	-10.671993	-0.024193
-284.907445	3.769033	3.447668	1.471647	-4.475606	5.731626	-10.837192	-0.107603
-118.904165	43.396134	1.261339	0.446754	-4.046461	6.125079	-11.013790	-0.200911
289.921860	45.215495	-1.312968	-0.688573	-3.600119	6.505594	-11.182922	-0.294887
-176.535963	44.857406	-1.348294	-0.704234	-3.593966	6.510674	-11.185168	-0.296169
-289.816835	44.488479	-1.383518	-0.719860	-3.587824	6.515740	-11.187407	-0.297447
283.749160	5.581959	-3.575336	-1.730342	-3.180897	6.843199	-11.331366	-0.381680
126.477311	-29.641681	-5.254002	-2.656185	-2.769884	7.160230	-11.469139	-0.466427
-280.131816	-44.934623	-6.019487	-3.458532	-2.333157	7.485932	-11.608766	-0.557134
285.822631	-31.047320	-5.408220	-4.000166	-1.902168	7.799637	-11.741098	-0.648405
-290.701046	9.139761	-3.545002	-4.307707	-1.449695	8.123967	-11.875291	-0.747327
-114.486136	43.400780	-0.973350	-4.375184	-1.011643	8.434150	-12.000663	-0.846884
287.784790	43.468637	-0.961177	-4.375019	-1.009732	8.435496	-12.001200	-0.847327
-182.387062	43.535403	-0.949000	-4.374852	-1.007821	8.436841	-12.001737	-0.847771
-281.712400	36.159386	1.449504	-4.273030	-0.636482	8.697142	-12.104258	-0.935645
279.956707	-2.771420	3.571486	-4.056381	-0.278016	8.946375	-12.199718	-1.023992
120.622798	-43.965367	5.129002	-3.720611	0.104269	9.210238	-12.297356	-1.122711
-291.036597	-48.120889	5.325004	-3.328001	0.468676	9.460240	-12.385952	-1.222005
185.050053	-47.180199	5.300189	-3.313542	0.481300	9.468879	-12.388936	-1.225548
291.251969	-46.153702	5.273008	-3.299067	0.493900	9.477500	-12.391908	-1.229093
-290.717444	-2.109699	3.923231	-2.929969	0.803536	9.689030	-12.462968	-1.318702
-119.851241	43.810050	1.724037	-2.558337	1.097080	9.889208	-12.526469	-1.408754
274.812164	61.689453	-0.974846	-2.147908	1.406466	10.100284	-12.588589	-1.510355
-161.168341	24.491558	-3.156477	-1.755291	1.693540	10.296845	-12.640851	-1.612496
-262.508701	23.996321	-3.171888	-1.751982	1.695940	10.298494	-12.641262	-1.613388
262.421401	23.499241	-3.187229	-1.748674	1.698338	10.300141	-12.641673	-1.614280
108.135653	-32.395240	-4.358377	-1.419920	1.936609	10.464483	-12.680014	-1.706771
-256.484689	-76.337547	-4.557245	-1.123850	2.155092	10.616868	-12.710078	-1.799688
223.298669	-80.953887	-3.448320	-0.845451	2.366131	10.766635	-12.732942	-1.899609
271.173861	-34.493077	-0.978933	-0.562497	2.552623	10.902504	-12.746015	-2.000003
-271.673890	-31.180843	-0.849075	-0.548823	2.560381	10.908259	-12.746369	-2.004507
-49.167903	-27.770466	-0.718363	-0.535021	2.568088	10.913986	-12.746703	-2.009012
282.360023	44.962210	1.929706	-0.223375	2.711693	11.022892	-12.749164	-2.099559
-231.246829	81.355903	4.083722	0.182676	2.833956	11.120449	-12.743482	-2.190472
-298.645061	55.596298	5.146371	0.838658	2.949617	11.220952	-12.726164	-2.298147
305.127438	-26.087263	4.591867	1.723958	3.032950	11.305965	-12.697178	-2.406310
96.767552	-28.828335	4.543955	1.760377	3.035388	11.308812	-12.695882	-2.410313
-305.197944	-31.479556	4.494281	1.796987	3.037778	11.311636	-12.694571	-2.414314
203.591389	-67.099898	2.854927	2.707105	3.080306	11.371826	-12.659266	-2.508088
291.959112	-54.515535	0.479544	3.686099	3.096540	11.420854	-12.615020	-2.602198
-285.479325	0.473958	-2.451677	4.779301	3.083055	11.461956	-12.556161	-2.705766
-117.006753	48.117902	-5.103521	5.828972	3.035670	11.490044	-12.486439	-2.809711
282.916598	49.801566	-5.258278	5.897379	3.031168	11.491494	-12.481283	-2.816820
-188.128928	51.203232	-5.408548	5.965254	3.026502	11.492884	-12.476076	-2.823931
-280.755496	44.964583	-6.998684	6.816674	2.947522	11.505875	-12.401040	-2.919819
280.675211	5.384742	-7.878675	7.516480	2.837790	11.508374	-12.316833	-3.015985
113.984301	-38.967012	-8.208874	8.072436	2.676739	11.498983	-12.211377	-3.124287
-288.488671	-47.186797	-8.104746	8.385622	2.474379	11.477056	-12.094459	-3.232895
189.460659	-47.028672	-8.103069	8.387044	2.472739	11.476850	-12.093559	-3.233693
288.509476	-46.866771	-8.101383	8.388453	2.471096	11.476643	-12.092659	-3.234491
-287.127692	-8.731204	-7.799844	8.465945	2.257715	11.447167	-11.980199	-3.330349
-105.917515	36.441324	-7.153861	8.362245	2.014031	11.408659	-11.859080	-3.426408
270.040743	59.164896	-5.670504	8.012485	1.695866	11.352768	-11.706985	-3.538720
-167.693550	24.701342	-3.199940	7.416446	1.346549	11.285598	-11.543487	-3.651256
-259.444584	24.288331	-3.179082	7.411240	1.343923	11.285073	-11.542264	-3.652071
259.395424	23.875336	-3.158275	7.406043	1.341307	11.284549	-11.541045	-3.652882
98.186561	-32.354101	-0.435767	6.683811	1.015963	11.217217	-11.389503	-3.750991
-259.786925	-77.810542	2.502177	5.775218	0.674978	11.142186	-11.229690	-3.849225
221.842161	-81.785562	5.675861	4.541887	0.280641	11.049916	-11.041895	-3.958932
269.718092	-32.265869	8.297407	3.076846	-0.123521	10.949168	-10.844320	-4.068751
-269.910062	-29.631218	8.370492	3.021995	-0.137623	10.945537	-10.837310	-4.072553
-45.817951	-26.937739	8.442154	2.966818	-0.151743	10.941893	-10.830283	-4.076359
275.772171	47.429048	9.684369	1.438042	-0.519346	10.844114	-10.643995	-4.175146
-236.944039	86.342389	9.369333	-0.261812	-0.886786	10.740430	-10.450259	-4.273980
-298.416774	59.800483	6.806335	-2.260915	-1.291197	10.618589	-10.226063	-4.384056
312.832773	-28.430732	2.820689	-4.249087	-1.685741	10.490615	-9.993228	-4.494147
98.459036	-29.728574	2.752247	-4.280076	-1.691938	10.488523	-9.989439	-4.495906
-313.039636	-31.009167	2.683765	-4.311028	-1.698132	10.486430	-9.985648	-4.497665
220.661632	-73.740398	-0.939306	-5.917904	-2.026954	10.371174	-9.777373	-4.592857
299.516826	-65.041717	-3.944972	-7.335734	-2.341155	10.252253	-9.563122	-4.688019
-288.873203	-2.402867	-6.210742	-8.661760	-2.691233	10.106636	-9.300848	-4.801133
-111.247010	53.173772	-6.604077	-9.465288	-3.010444	9.957134	-9.030794	-4.914161
284.496633	53.800840	-6.588672	-9.475659	-3.016838	9.953927	-9.024986	-4.916557
-202.106886	54.396655	-6.572181	-9.485747	-3.023225	9.950714	-9.019166	-4.918956
-282.216095	53.002086	-5.089344	-9.649593	-3.271557	9.817079	-8.776355	-5.017821
281.762599	13.696574	-2.565346	-9.347671	-3.488584	9.681512	-8.528133	-5.116577
102.750348	-33.843706	0.499478	-8.515678	-3.690930	9.529796	-8.247409	-5.225724
-286.202537	-46.671227	2.825630	-7.208920	-3.852709	9.376932	-7.960682	-5.334696
193.460767	-46.259961	2.861884	-7.173838	-3.855931	9.373423	-7.954050	-5.337189
286.171492	-45.810605	2.897249	-7.138487	-3.859136	9.369910	-7.947406	-5.339685
-283.495595	-8.257053	3.603985	-5.579194	-3.967732	9.231713	-7.683961	-5.437695
-94.235947	35.745232	3.215256	-3.723725	-4.042047	9.093605	-7.416182	-5.535522
272.891535	59.144649	1.971161	-1.423499	-4.083653	8.940905	-7.114017	-5.643927
-187.390359	34.817854	0.388537	0.984538	-4.081312	8.789490	-6.807158	-5.752054
-265.813707	33.755798	0.352774	1.038600	-4.080744	8.786090	-6.800179	-5.754492
265.655560	32.674036	0.317095	1.092611	-4.080152	8.782691	-6.793199	-5.756929
88.966898	-20.829896	-0.992670	3.202418	-4.037032	8.646509	-6.510329	-5.854932
-256.290756	-69.540888	-1.841464	5.105426	-3.955481	8.511660	-6.224115	-5.952668
232.510579	-81.269435	-1.881123	6.820481	-3.821080	8.365802	-5.907817	-6.059145
267.229112	-34.977611	-0.852570	8.063601	-3.637945	8.221486	-5.588152	-6.165256
-267.503739	-33.455425	-0.826110	8.082290	-3.633945	8.218732	-5.581988	-6.167288
-32.738842	-31.909128	-0.799507	8.100774	-3.629927	8.215979	-5.575823	-6.169320
282.005500	45.767328	0.468144	8.717645	-3.425930	8.090482	-5.292352	-6.262207
-249.568103	83.099764	1.438174	8.847257	-3.182133	7.966103	-5.006736	-6.354773
-300.210552	55.840756	1.653177	8.327215	-2.849389	7.823203	-4.673079	-6.461695
304.633219	-24.634134	1.142857	7.105613	-2.467074	7.681672	-4.337095	-6.568137
83.140193	-29.334821	1.094031	7.007801	-2.441266	7.672735	-4.315704	-6.574874
-304.694991	-33.801297	1.043693	6.907858	-2.415280	7.663805	-4.294305	-6.581610
213.666995	-68.753728	0.273515	5.411751	-2.056208	7.546350	-4.011013	-6.670351
294.903567	-61.458991	-0.571612	3.666096	-1.669640	7.429731	-3.726471	-6.758722
-287.120784	-9.540432	-1.450116	1.365025	-1.165712	7.288602	-3.378126	-6.865929
-87.879106	41.263690	-1.865120	-0.932925	-0.631215	7.148512	-3.028448	-6.972533
281.748851	41.951965	-1.866651	-0.982000	-0.619128	7.145433	-3.020724	-6.974877
-205.002387	42.611718	-1.867799	-1.030906	-0.607045	7.142360	-3.013011	-6.977217
-278.769577	47.301951	-1.586026	-2.804371	-0.137917	7.025477	-2.718530	-7.066221
278.750735	17.580084	-0.638513	-4.349044	0.345275	6.909173	-2.423477	-7.154765
94.965020	-27.889836	0.765009	-5.759818	0.919091	6.774871	-2.080659	-7.256895
-286.140156	-46.417413	1.711530	-6.647303	1.502120	6.641152	-1.737558	-7.358358
206.144756	-45.786547	1.735935	-6.681678	1.538333	6.632905	-1.716352	-7.364606
286.255534	-44.906783	1.755431	-6.713465	1.574561	6.624660	-1.695147	-7.370851
-284.392143	-14.006893	1.590779	-6.895315	2.073172	6.511567	-1.403867	-7.456368
-73.625354	29.551536	0.851381	-6.639548	2.571165	6.398739	-1.112745	-7.541370
269.071747	61.592887	-0.292987	-5.855947	3.149977	6.265868	-0.769671	-7.640982
-198.253591	42.003601	-1.256621	-4.655211	3.709196	6.133174	-0.427306	-7.739829
-259.901645	39.193503	-1.300403	-4.576908	3.740370	6.125587	-0.407750	-7.745459
259.532784	36.209935	-1.342699	-4.497802	3.771427	6.118004	-0.388207	-7.751084
79.284060	-21.034193	-1.772644	-3.241374	4.221124	6.004978	-0.097293	-7.834625
-254.704663	-74.400241	-1.742322	-1.910197	4.641400	5.891926	0.192737	-7.917574
247.735136	-87.662051	-0.972904	-0.314145	5.096990	5.756326	0.538876	-8.016166
262.923636	-34.324258	0.545130	1.183612	5.489527	5.620459	0.883243	-8.113854
-263.293404	-31.678861	0.594611	1.225583	5.500124	5.616411	0.893460	-8.116747
-25.195283	-28.972716	0.644090	1.267414	5.510665	5.612359	0.903686	-8.119642
276.501596	52.332831	1.910013	2.357624	5.778801	5.498197	1.190563	-8.200731
-264.362139	91.966430	2.548560	3.238812	5.987580	5.383676	1.475845	-8.281149
-299.887089	62.214734	1.977158	3.953812	6.149867	5.246299	1.814315	-8.376308
307.504856	-28.559262	0.406663	4.313848	6.206593	5.108137	2.150065	-8.470462
71.244503	-31.126484	0.350517	4.319618	6.206543	5.103909	2.160261	-8.473318
-307.612517	-33.631486	0.294167	4.325086	6.206384	5.099684	2.170443	-8.476170
223.156296	-77.926157	-1.321717	4.361431	6.155527	4.979984	2.456956	-8.556342
295.449921	-70.555032	-2.719846	4.182885	6.012218	4.859729	2.741104	-8.635726
-287.107875	-11.042834	-3.720745	3.740639	5.745475	4.724143	3.057306	-8.723941
-103.355767	47.906745	-3.829125	3.055850	5.374677	4.588189	3.370170	-8.811116
279.886343	49.332921	-3.810682	3.023672	5.357830	4.582756	3.382588	-8.814574
-211.961313	50.651014	-3.790338	2.991159	5.340844	4.577327	3.394991	-8.818027
-272.532119	53.584527	-2.815102	2.187400	4.925714	4.456758	3.668835	-8.894249
268.891964	16.712027	-0.882590	1.268274	4.441521	4.336132	3.939823	-8.969621
82.689767	-31.855577	1.649504	0.192477	3.825128	4.201290	4.239367	-9.052890
-280.231944	-50.715066	3.534981	-0.832482	3.137299	4.066666	4.535027	-9.135051
206.936408	-50.300659	3.586545	-0.875001	3.105342	4.060718	4.548015	-9.138660
280.856731	-49.759383	3.634776	-0.917207	3.073261	4.054770	4.560996	-9.142266
-284.553646	-16.655108	3.956120	-1.711151	2.382688	3.931855	4.827839	-9.216412
-77.419368	32.996602	3.245214	-2.324808	1.645509	3.809381	5.091144	-9.289585
269.023936	64.655772	1.767660	-2.751712	0.802823	3.677559	5.371773	-9.367603
-195.038738	41.827791	0.023612	-2.900688	-0.079607	3.546535	5.647958	-9.444440
-254.822777	39.273760	-0.066656	-2.900219	-0.126519	3.539734	5.662221	-9.448409
254.326478	36.609052	-0.156471	-2.898902	-0.173517	3.532936	5.676470	-9.452376
74.051535	-18.090993	-1.549368	-2.745973	-0.976364	3.418771	5.914731	-9.518730
-253.781796	-69.021264	-2.530553	-2.335846	-1.791080	3.305446	6.149326	-9.584136
253.348917	-87.197138	-2.763218	-1.505942	-2.767546	3.170300	6.426675	-9.661583
270.805303	-42.642070	-1.669646	-0.416382	-3.715166	3.036676	6.698387	-9.737609
-271.124135	-39.217514	-1.603322	-0.367395	-3.754072	3.031078	6.709716	-9.740782
-13.497421	-35.669962	-1.535995	-0.318286	-3.792875	3.025483	6.721035	-9.743953
276.471808	41.877335	-0.126536	0.643971	-4.527095	2.916814	6.940014	-9.805362
-258.766550	88.795699	1.086236	1.537412	-5.205622	2.809340	7.154984	-9.865768
-290.400801	70.561073	1.724991	2.360473	-5.919825	2.682884	7.405891	-9.936440
303.695910	-20.321107	1.647211	2.762389	-6.508142	2.558327	7.650883	-10.005642
70.266079	-25.131070	1.628163	2.770075	-6.536204	2.551608	7.664037	-10.009364
-304.564124	-29.756891	1.607843	2.776238	-6.563861	2.544892	7.677180	-10.013083
234.894983	-74.423805	1.143937	2.688444	-6.939240	2.441519	7.878691	-10.070184
297.316916	-68.999958	0.466269	2.298024	-7.215876	2.339648	8.075823	-10.126203
-288.245558	-11.489825	-0.365949	1.532184	-7.418625	2.221605	8.302441	-10.190815
-86.486817	45.530622	-0.925962	0.530276	-7.491948	2.105854	8.522747	-10.253875
281.189896	47.118363	-0.939638	0.480926	-7.492273	2.100668	8.532572	-10.256693
-211.123475	48.577802	-0.952060	0.431305	-7.492342	2.095487	8.542384	-10.259509
-274.894143	52.771470	-0.910598	-0.550583	-7.445304	1.997857	8.726571	-10.312460
270.675701	20.364554	-0.311893	-1.546323	-7.308252	1.902103	8.905902	-10.364223
75.861925	-28.227897	0.623550	-2.561904	-7.039855	1.793424	9.107862	-10.422793
-274.216957	-50.248481	1.115046	-3.203946	-6.658023	1.687517	9.303056	-10.479713
217.467419	-49.946886	1.114580	-3.222548	-6.635221	1.682107	9.312986	-10.482617
274.552347	-49.471434	1.110988	-3.239498	-6.612127	1.676704	9.322896	-10.485517
-275.865948	-21.516192	0.672242	-3.294332	-6.190052	1.588656	9.483818	-10.532737
-65.921063	24.471674	-0.226221	-2.977171	-5.696494	1.502826	9.639614	-10.578713
265.842447	62.580700	-1.354531	-2.240810	-5.042661	1.405585	9.814826	-10.630766
-211.711157	48.430778	-2.069874	-1.243627	-4.319567	1.311605	9.982835	-10.681077
-257.976079	45.906702	-2.092930	-1.183321	-4.277535	1.306465	9.991986	-10.683830
257.698862	43.203269	-2.114091	-1.122682	-4.235338	1.301336	10.001113	-10.686577
64.213136	-12.849166	-2.193573	-0.161089	-3.568006	1.223847	10.138521	-10.728103
-256.429305	-67.932329	-1.788570	0.815803	-2.872089	1.148942	10.270464	-10.768313
254.703707	-86.093663	-0.650116	1.906739	-2.030639	1.064312	10.418465	-10.813872
263.840638	-40.158639	1.109957	2.848741	-1.178760	0.983497	10.558694	-10.857565
-264.245777	-36.305072	1.198153	2.887892	-1.138649	0.979787	10.565105	-10.859576
-10.862961	-32.310723	1.286119	2.926475	-1.098576	0.976089	10.571493	-10.861582
273.943273	47.604176	2.758833	3.522975	-0.373148	0.910291	10.684750	-10.897368
-272.622630	92.202414	3.640079	3.878934	0.337457	0.847483	10.792127	-10.931746
-295.931162	71.388402	3.458719	3.938399	1.129234	0.778563	10.909081	-10.969798
306.543957	-16.438287	2.234011	3.654573	1.873451	0.713899	11.017921	-11.005913
57.798114	-21.686855	2.137878	3.628625	1.915683	0.710216	11.024093	-11.007985
-307.076304	-26.770401	2.039615	3.601754	1.957711	0.706547	11.030237	-11.010051
239.626520	-78.136160	0.381862	3.103180	2.558115	0.653813	11.118207	-11.039958
296.211309	-78.577124	-1.454679	2.452772	3.110929	0.604565	11.199729	-11.068333
-287.288397	-20.484794	-3.411319	1.587814	3.682171	0.552927	11.284466	-11.098704
-81.934320	45.643105	-4.840260	0.653779	4.194049	0.506040	11.360641	-11.127045
279.434416	47.060353	-4.871560	0.624624	4.208896	0.504672	11.362851	-11.127885
-219.493823	48.417230	-4.901963	0.595469	4.223689	0.503309	11.365053	-11.128724
-270.705696	61.599906	-5.340608	-0.232041	4.624789	0.466192	11.424682	-11.151946
263.755433	31.037768	-4.853029	-1.014706	4.981931	0.432916	11.477510	-11.173543
55.607404	-20.722485	-3.475774	-1.810677	5.332196	0.400138	11.528738	-11.195854
-269.853194	-48.783622	-1.630727	-2.515323	5.629873	0.372281	11.571325	-11.216067
214.307426	-48.801448	-1.543502	-2.544905	5.642046	0.371144	11.573036	-11.216926
270.847683	-48.684585	-1.456198	-2.574309	5.654116	0.370018	11.574730	-11.217780
-280.709555	-26.469730	0.193265	-3.099222	5.863972	0.350537	11.603568	-11.233196
-50.094369	12.131182	1.742679	-3.561682	6.037676	0.334697	11.626067	-11.247046
275.585685	41.843452	3.314085	-4.042095	6.201444	0.320387	11.644847	-11.261743
-220.826599	28.490848	4.385973	-4.436234	6.314988	0.311526	11.654217	-11.274080
-253.454276	27.831180	4.411956	-4.447439	6.317806	0.311333	11.654361	-11.274435
252.811497	27.183141	4.437453	-4.458559	6.320575	0.311146	11.654496	-11.274787
5.883614	11.381754	5.159591	-4.955006	6.398545	0.309670	11.646441	-11.290866
