-115.451007	-38.667430	9.159380	11.220952	-6.040815	-1.299031	2.943374	-20.437180
99.511389	-34.843943	8.830368	11.326543	-6.074771	-1.314069	2.961759	-20.439201
116.831272	-18.615568	8.187340	11.477319	-6.100522	-1.329761	2.979828	-20.441036
-116.678983	-17.239820	8.139893	11.487517	-6.101762	-1.330694	2.980869	-20.441137
3.288700	-15.815801	8.091314	11.497875	-6.102973	-1.331629	2.981908	-20.441238
113.840691	13.705125	7.002489	11.715340	-6.119997	-1.349082	3.000666	-20.442958
-90.733706	34.604246	5.512238	11.988831	-6.127252	-1.367326	3.019058	-20.444470
-121.169129	28.528392	3.334855	12.379546	-6.123090	-1.389491	3.039923	-20.445963
131.960657	-11.582346	1.057901	12.853072	-6.105102	-1.412692	3.060280	-20.447176
53.574168	-13.302488	0.955538	12.877632	-6.103901	-1.413816	3.061232	-20.447226
-132.849979	-14.934604	0.854127	12.902372	-6.102670	-1.414941	3.062182	-20.447276
103.943217	-29.556334	-0.785729	13.390205	-6.074471	-1.435918	3.079366	-20.448078
136.727466	-21.881775	-1.862039	13.946168	-6.035415	-1.457581	3.096155	-20.448670
-128.710033	1.428570	-2.376010	14.669083	-5.976687	-1.483335	3.115000	-20.449090
-32.869219	22.381216	-2.135250	15.451159	-5.902952	-1.509882	3.133305	-20.449232
117.756120	22.957026	-2.105457	15.488283	-5.899127	-1.511143	3.134149	-20.449231
-75.278589	23.479475	-2.074020	15.525377	-5.895272	-1.512405	3.134991	-20.449230
-112.199892	22.893642	-1.217523	16.203568	-5.817705	-1.536069	3.150370	-20.449104
113.361563	4.946920	0.009524	16.835415	-5.728388	-1.560238	3.165332	-20.448767
54.014943	-16.233617	1.424866	17.452025	-5.610405	-1.588711	3.182074	-20.448116
-125.802018	-20.441943	2.267258	17.885820	-5.476171	-1.617738	3.198241	-20.447185
73.782429	-19.963109	2.282694	17.900590	-5.469472	-1.619112	3.198985	-20.447134
125.980978	-19.417449	2.295594	17.914799	-5.462740	-1.620486	3.199727	-20.447083
-124.295041	-1.908956	2.133833	18.071593	-5.330829	-1.646235	3.213299	-20.446020
-22.761359	15.694544	1.408225	18.006997	-5.186099	-1.672312	3.226420	-20.444743
112.511842	23.712399	0.230399	17.663662	-5.005346	-1.702404	3.240831	-20.443026
-67.494300	12.203210	-0.975177	17.044116	-4.808647	-1.732807	3.254639	-20.441031
-109.395469	11.220542	-1.028250	17.008047	-4.798931	-1.734256	3.255279	-20.440929
109.392697	10.204585	-1.080739	16.971384	-4.789182	-1.735706	3.255918	-20.440827
56.454374	-11.535745	-1.909435	16.192292	-4.603914	-1.762478	3.267426	-20.438835
-115.365264	-29.477446	-2.362647	15.220345	-4.407910	-1.789393	3.278461	-20.436630
101.905296	-31.205815	-2.205576	13.880154	-4.170319	-1.820436	3.290547	-20.433837
120.952375	-11.632447	-1.222827	12.340154	-3.920343	-1.851551	3.301994	-20.430763
-120.904061	-10.202815	-1.161161	12.263234	-3.908177	-1.853029	3.302522	-20.430610
3.409129	-8.732497	-1.098553	12.186039	-3.895985	-1.854508	3.303048	-20.430457
118.724761	19.435297	0.146666	10.737219	-3.668570	-1.881552	3.312414	-20.427536
-93.373755	33.403628	1.349523	9.259423	-3.433221	-1.908557	3.321283	-20.424403
-119.622983	20.091142	2.345208	7.589300	-3.151476	-1.939738	3.330927	-20.420510
125.876741	-18.024721	2.907798	6.051960	-2.860883	-1.970746	3.339885	-20.416333
50.912395	-19.379095	2.923885	5.988568	-2.847860	-1.972111	3.340265	-20.416142
-126.458151	-20.650734	2.939278	5.925663	-2.834830	-1.973474	3.340643	-20.415951
90.181137	-30.133109	3.121017	4.787140	-2.576890	-2.000048	3.347766	-20.412093
132.342374	-18.801951	3.113957	3.831832	-2.313764	-2.026395	3.354359	-20.408023
-129.138402	4.567237	2.826641	2.942710	-2.001992	-2.056701	3.361349	-20.403021
-33.694064	22.656131	2.185677	2.248018	-1.685042	-2.086569	3.367595	-20.397733
123.124604	23.015842	2.154531	2.225268	-1.673210	-2.087666	3.367812	-20.397531
-78.219209	23.345734	2.122836	2.202704	-1.661373	-2.088763	3.368028	-20.397329
-119.783498	22.441288	1.247115	1.724832	-1.385692	-2.113964	3.372734	-20.392543
120.314747	7.507025	0.153143	1.307648	-1.107582	-2.138745	3.376872	-20.387544
49.469776	-11.022508	-1.277647	0.853523	-0.784608	-2.166749	3.380927	-20.381515
-125.739818	-17.248464	-2.774853	0.374095	-0.460189	-2.194070	3.384200	-20.375205
93.612672	-17.035986	-2.843140	0.350572	-0.445292	-2.195305	3.384331	-20.374908
125.621578	-16.774159	-2.911210	0.326887	-0.430404	-2.196538	3.384460	-20.374612
-121.934992	-5.369413	-4.094572	-0.163928	-0.147626	-2.219643	3.386596	-20.368866
-19.902274	9.356573	-4.798856	-0.758326	0.134819	-2.242127	3.388115	-20.362904
109.938624	19.672940	-4.509773	-1.610055	0.459364	-2.267228	3.389083	-20.355756
-72.405852	13.083084	-2.746032	-2.637753	0.781670	-2.291367	3.389190	-20.348315
-108.348002	12.211457	-2.634738	-2.690433	0.796830	-2.292483	3.389173	-20.347956
108.402232	11.283697	-2.521611	-2.743471	0.811984	-2.293596	3.389154	-20.347597
48.868989	-11.717479	-0.240628	-3.772483	1.087153	-2.313501	3.388464	-20.340916
-114.202627	-32.353896	2.078843	-4.910223	1.359232	-2.332579	3.387098	-20.334012
93.846872	-33.016011	4.193293	-6.349871	1.669515	-2.353565	3.384649	-20.325740
119.184636	-10.040076	5.378501	-7.908819	1.973867	-2.373297	3.381242	-20.317163
-119.267862	-8.515368	5.407966	-7.983829	1.987800	-2.374179	3.381061	-20.316758
-1.353844	-6.957022	5.435083	-8.059134	2.001727	-2.375058	3.380877	-20.316353
121.049752	23.539845	5.470970	-9.490111	2.258532	-2.390920	3.377059	-20.308671
-89.267526	43.458841	4.477282	-10.897628	2.509522	-2.405726	3.372479	-20.300758
-127.968650	39.876102	1.982074	-12.345243	2.792935	-2.421529	3.366178	-20.291271
133.554084	5.229561	-1.134062	-13.409366	3.066681	-2.435762	3.358801	-20.281465
49.330136	3.448920	-1.272449	-13.445288	3.078796	-2.436367	3.358443	-20.281014
-134.005832	1.685763	-1.409857	-13.480021	3.090889	-2.436968	3.358082	-20.280563
136.366407	-45.554526	-5.013808	-13.629975	3.578957	-2.459134	3.340834	-20.260983
113.704424	14.011412	-1.897035	-10.751302	4.018862	-2.474829	3.319456	-20.240214
-127.301745	18.064042	-1.772791	-10.651971	4.028456	-2.475116	3.318903	-20.239712
-12.364609	22.090031	-1.647600	-10.551415	4.038011	-2.475399	3.318347	-20.239209
127.110246	26.097100	-1.514692	-10.444092	4.048042	-2.475692	3.317759	-20.238678
-66.294878	29.682141	-1.380946	-10.335444	4.058030	-2.475982	3.317168	-20.238147
-127.526912	36.304655	0.846343	-8.370065	4.216025	-2.480124	3.307045	-20.229279
130.240975	-5.090300	2.778531	-6.130873	4.360443	-2.483052	3.296189	-20.220209
67.598167	-29.575808	4.031556	-2.990216	4.523091	-2.484967	3.281176	-20.208287
-136.373280	-18.429914	3.282014	0.288070	4.657259	-2.484739	3.264902	-20.196031
82.740945	-17.420203	3.207751	0.438435	4.662674	-2.484676	3.264124	-20.195461
136.322768	-16.388139	3.130756	0.588635	4.668021	-2.484608	3.263344	-20.194890
-133.365271	3.825476	1.286232	3.372605	4.756125	-2.482422	3.248048	-20.183939
-29.292776	17.850414	-0.828571	5.929368	4.817601	-2.478492	3.231749	-20.172733
117.549960	22.516936	-2.710613	8.376537	4.852483	-2.471718	3.211669	-20.159484
-71.697139	13.600566	-3.206877	10.053977	4.845392	-2.462469	3.190202	-20.145892
-112.442480	12.874616	-3.196034	10.107489	4.844061	-2.462003	3.189225	-20.145286
112.403030	12.119960	-3.182648	10.159216	4.842641	-2.461533	3.188246	-20.144679
48.105401	-6.186191	-2.468012	10.831760	4.796154	-2.451234	3.168389	-20.132581
-118.832725	-22.599606	-1.138193	10.904417	4.713050	-2.438935	3.147490	-20.120223
83.724640	-26.571091	0.703135	10.354637	4.570239	-2.422114	3.121989	-20.105584
120.934448	-13.517381	2.348638	9.250604	4.380755	-2.402434	3.095099	-20.090592
-120.726020	-12.517859	2.412531	9.187196	4.370761	-2.401436	3.093800	-20.089877
-4.463029	-11.485858	2.474751	9.122912	4.360680	-2.400432	3.092498	-20.089163
115.918498	10.917686	3.255205	7.806076	4.159941	-2.380855	3.068093	-20.075924
-84.125301	30.560170	3.114020	6.299980	3.930858	-2.359016	3.042664	-20.062421
-122.058944	28.207769	1.630163	4.429544	3.636490	-2.331071	3.012206	-20.046588
133.632395	-9.008036	-0.622921	2.497546	3.312667	-2.299970	2.980407	-20.030402
58.295386	-10.655176	-0.728804	2.410515	3.297446	-2.298492	2.978942	-20.029664
-134.505422	-12.241604	-0.834498	2.323497	3.282163	-2.297007	2.977473	-20.028925
93.980860	-30.099771	-2.716175	0.667901	2.977300	-2.266987	2.948554	-20.014498
136.693166	-27.203707	-3.972572	-0.895199	2.656369	-2.234432	2.918623	-19.999800
-127.118720	-5.932006	-4.426596	-2.512667	2.267184	-2.193361	2.882595	-19.982389
-22.935605	18.485196	-3.865045	-3.841107	1.864482	-2.148691	2.845211	-19.964610
116.177010	19.173982	-3.823397	-3.886758	1.848551	-2.146874	2.843725	-19.963908
-69.241664	19.828662	-3.780285	-3.931946	1.832606	-2.145050	2.842236	-19.963206
-112.766279	23.631787	-2.458648	-4.814705	1.478287	-2.103425	2.808908	-19.947593
117.018838	6.046944	-0.501180	-5.496031	1.120260	-2.058999	2.774584	-19.931703
49.670847	-17.741338	2.063824	-6.061072	0.705620	-2.004101	2.733687	-19.913000
-131.657182	-20.423273	4.301607	-6.420114	0.294056	-1.945288	2.691467	-19.893925
83.706379	-19.701712	4.380080	-6.431449	0.276492	-1.942669	2.689622	-19.893096
131.566060	-18.902636	4.456761	-6.442476	0.258931	-1.940042	2.687773	-19.892266
-126.472120	4.814485	5.643850	-6.601339	-0.090939	-1.885575	2.650051	-19.875419
-34.405249	20.535383	6.283265	-6.655088	-0.432185	-1.828036	2.611345	-19.858291
114.488792	22.422161	6.589921	-6.615006	-0.811469	-1.757796	2.565496	-19.838190
-60.496729	9.999893	6.663422	-6.501459	-1.172102	-1.683295	2.518349	-19.817713
-115.513381	9.136007	6.662215	-6.495625	-1.187431	-1.679928	2.516252	-19.816807
115.644501	8.245117	6.660617	-6.489755	-1.202717	-1.676554	2.514152	-19.815899
42.070893	-12.596373	6.534407	-6.362393	-1.498051	-1.607468	2.471742	-19.797644
-121.442800	-29.611966	6.184158	-6.206434	-1.773430	-1.534982	2.428347	-19.779098
98.919309	-30.219628	5.447480	-5.988714	-2.057498	-1.448973	2.378167	-19.757807
122.492145	-9.967515	4.271714	-5.720641	-2.310892	-1.358454	2.326736	-19.736141
-122.423223	-8.532549	4.204032	-5.706618	-2.322074	-1.354071	2.324280	-19.735110
-9.780933	-7.060006	4.135181	-5.692465	-2.333186	-1.349679	2.321821	-19.734078
120.826364	21.065125	2.626314	-5.403370	-2.527677	-1.265884	2.275455	-19.714680
-81.679846	33.473638	0.651708	-5.062472	-2.697967	-1.178462	2.228128	-19.694988
-123.353111	19.373757	-2.106360	-4.601217	-2.863067	-1.073884	2.172790	-19.672092
129.509076	-16.864326	-4.758223	-4.055625	-2.996277	-0.964383	2.116203	-19.648809
64.232798	-18.284685	-4.867418	-4.027646	-3.001773	-0.959092	2.113502	-19.647701
-130.137028	-19.625507	-4.974466	-3.999477	-3.007195	-0.953794	2.110800	-19.646592
85.835317	-30.945950	-6.480459	-3.438234	-3.094829	-0.853502	2.060188	-19.625879
136.398267	-23.032981	-6.842135	-2.801732	-3.157914	-0.749305	2.008627	-19.604866
-131.682488	-1.519705	-5.987367	-1.994246	-3.199917	-0.624991	1.948351	-19.580407
-36.271674	20.270318	-4.083112	-1.146925	-3.209267	-0.495566	1.886840	-19.555553
122.427104	20.945077	-3.972503	-1.106758	-3.208893	-0.489330	1.883903	-19.554369
-63.612679	21.567881	-3.860287	-1.066618	-3.208444	-0.483084	1.880964	-19.553184
-116.805596	22.675245	-1.553770	-0.340902	-3.186896	-0.366571	1.826490	-19.531263
117.427626	5.379417	1.018782	0.340530	-3.139701	-0.246979	1.771092	-19.509041
58.250892	-15.810848	3.671706	1.031832	-3.052096	-0.105076	1.705706	-19.482897
-128.726046	-19.318271	5.139684	1.568181	-2.928294	0.039621	1.639087	-19.456346
79.310303	-18.810956	5.163058	1.587073	-2.922117	0.045923	1.636181	-19.455190
128.837838	-18.242821	5.182661	1.605576	-2.915869	0.052229	1.633273	-19.454033
-126.693328	0.233336	4.878475	1.893739	-2.776543	0.178821	1.574747	-19.430778
-40.208119	16.616267	3.576645	2.032734	-2.608961	0.306443	1.515309	-19.407216
114.707590	21.231407	1.453337	2.024079	-2.379651	0.454424	1.445574	-19.379639
-51.534950	6.659991	-0.683136	1.855437	-2.112116	0.602436	1.374638	-19.351651
-111.846588	5.662021	-0.774630	1.844043	-2.098707	0.609358	1.371286	-19.350330
111.849805	4.648139	-0.864981	1.832358	-2.085224	0.616278	1.367932	-19.349008
62.066613	-14.378993	-2.272015	1.566791	-1.822713	0.744034	1.305346	-19.324369
-116.705679	-25.824094	-2.965102	1.219867	-1.538005	0.870770	1.241861	-19.299418
86.976813	-19.289958	-2.649962	0.749496	-1.187055	1.015087	1.167516	-19.270247
118.678638	0.811896	-1.534838	0.265936	-0.820828	1.156701	1.091988	-19.240659
-118.590220	1.895184	-1.471389	0.243727	-0.803260	1.163334	1.088379	-19.239246
-8.440117	2.980591	-1.407384	0.221614	-0.785669	1.169964	1.084765	-19.237832
116.637228	21.013574	-0.211694	-0.157327	-0.462006	1.290085	1.018012	-19.211720
-77.901254	28.966290	0.780906	-0.461667	-0.139341	1.407099	0.950372	-19.185290
-121.599128	17.553858	1.323139	-0.674319	0.225935	1.537465	0.871338	-19.154441
127.911510	-13.307205	1.279441	-0.700885	0.579192	1.662370	0.791132	-19.123166
52.645153	-14.523831	1.266743	-0.697672	0.594886	1.667915	0.787452	-19.121732
-128.355009	-15.680810	1.253288	-0.694092	0.610531	1.673444	0.783773	-19.120298
84.615838	-26.268812	0.887750	-0.566053	0.898980	1.775587	0.713664	-19.092983
129.492352	-18.674384	0.421752	-0.359150	1.171535	1.872634	0.642696	-19.065351
-126.319466	3.655395	-0.087172	-0.086971	1.465832	1.978396	0.559154	-19.032840
-40.508299	20.293683	-0.403531	0.149410	1.733257	2.075938	0.474460	-18.999896
122.389012	20.620090	-0.410918	0.158439	1.745128	2.080312	0.470447	-18.998336
-62.919697	20.892552	-0.417503	0.167228	1.756940	2.084669	0.466429	-18.996773
-119.785009	17.441512	-0.411204	0.284404	1.960839	2.160737	0.392525	-18.968037
119.336489	3.617079	-0.239812	0.323348	2.140633	2.229678	0.317771	-18.938976
55.492290	-10.857768	0.021294	0.280958	2.314557	2.300286	0.229761	-18.904765
-124.565561	-15.993908	0.183798	0.165604	2.435945	2.359906	0.140613	-18.870113
83.950957	-15.913344	0.186081	0.158899	2.440003	2.362390	0.136455	-18.868497
124.769097	-15.800754	0.187800	0.152093	2.443909	2.364848	0.132295	-18.866880
-124.959015	-8.267829	0.137435	0.014474	2.488078	2.405870	0.054525	-18.836648
-23.267385	6.184983	0.000013	-0.116388	2.475236	2.437736	-0.024075	-18.806086
113.107555	16.523066	-0.135161	-0.206008	2.382820	2.462980	-0.116266	-18.770229
-56.416252	6.974350	-0.135329	-0.184835	2.202754	2.475700	-0.209552	-18.733923
-106.835436	6.178569	-0.132461	-0.181240	2.192032	2.475997	-0.214043	-18.732175
106.766736	5.368271	-0.129403	-0.177441	2.181125	2.476265	-0.218536	-18.730426
64.949471	-9.798423	-0.050150	-0.080635	1.953120	2.476216	-0.300247	-18.698595
-117.131221	-21.112305	0.043498	0.044396	1.671234	2.466899	-0.382699	-18.666426
87.716823	-22.729340	0.108895	0.175306	1.294782	2.445161	-0.476791	-18.629611
130.690976	-13.894519	0.086042	0.251415	0.865067	2.411509	-0.571559	-18.592360
-128.154826	3.382071	0.008666	0.242763	0.396498	2.366463	-0.665831	-18.555074
-32.212605	27.333220	-0.112290	0.159691	-0.100747	2.309698	-0.760464	-18.517357
123.105027	28.236665	-0.119251	0.154075	-0.125230	2.306653	-0.765050	-18.515521
-73.493145	29.086736	-0.126314	0.148324	-0.149737	2.303581	-0.769636	-18.513684
-125.755141	28.368361	-0.265368	0.011944	-0.629516	2.238123	-0.859203	-18.477635
134.939585	-9.488916	-0.327876	-0.161223	-1.101684	2.162161	-0.948821	-18.441197
50.242531	-11.165015	-0.327067	-0.169424	-1.121912	2.158599	-0.952739	-18.439595
-135.637182	-12.785708	-0.325881	-0.177668	-1.142094	2.155018	-0.956656	-18.437992
96.196859	-33.265933	-0.195013	-0.359173	-1.562900	2.073062	-1.040905	-18.403319
136.547909	-29.464167	0.144640	-0.523526	-1.948959	1.981763	-1.124972	-18.368301
-127.832420	-4.837294	0.600848	-0.640598	-2.320757	1.869554	-1.217870	-18.329058
-36.888762	23.460230	0.915431	-0.646085	-2.616130	1.745797	-1.310275	-18.289386
108.393027	33.836458	0.861053	-0.501844	-2.827597	1.603903	-1.406283	-18.247413
-109.056395	8.818568	0.315239	-0.235600	-2.937003	1.449310	-1.501423	-18.204969
109.422021	6.988842	0.279471	-0.220664	-2.939710	1.441635	-1.505927	-18.202937
44.414404	5.131158	0.242987	-0.205549	-2.942193	1.433927	-1.510431	-18.200903
-120.689515	-25.028500	-0.506211	0.091545	-2.949065	1.289601	-1.591425	-18.163947
93.168974	-30.503144	-1.320988	0.415288	-2.886501	1.135955	-1.671541	-18.126639
138.263979	-15.083302	-2.168510	0.789267	-2.732263	0.946573	-1.763445	-18.082819
-134.090163	4.682977	-2.777857	1.120035	-2.497380	0.747167	-1.853857	-18.038518
-25.323323	5.665633	-2.798911	1.134006	-2.484286	0.737433	-1.858130	-18.036392
133.344119	6.652128	-2.819136	1.147779	-2.471027	0.727681	-1.862399	-18.034266
-61.705059	22.374057	-3.029027	1.359126	-2.204518	0.548882	-1.938677	-17.995750
-121.252852	24.242432	-2.905076	1.493821	-1.889177	0.365189	-2.013610	-17.956879
121.267380	0.275346	-2.314074	1.553079	-1.466688	0.146585	-2.099055	-17.911153
69.768388	-21.743121	-1.373439	1.510461	-0.992710	-0.075309	-2.182375	-17.864939
-124.079301	-22.065789	-1.325390	1.506219	-0.970225	-0.085396	-2.186091	-17.862837
84.819003	-22.302548	-1.277025	1.501785	-0.947675	-0.095479	-2.189801	-17.860735
124.004120	-13.512915	-0.285362	1.380599	-0.502983	-0.288333	-2.259706	-17.820407
-121.734047	7.829975	0.854062	1.192972	-0.036691	-0.480990	-2.327783	-17.779714
-39.224596	23.346626	2.386678	0.899293	0.518495	-0.701401	-2.403882	-17.732332
119.198465	16.786806	4.118388	0.528297	1.082187	-0.918222	-2.477249	-17.684459
-60.008456	15.804103	4.198267	0.509403	1.108235	-0.928117	-2.480568	-17.682237
-119.354942	14.757854	4.277875	0.490346	1.134294	-0.938007	-2.483883	-17.680012
122.066126	-10.613284	5.661998	0.105111	1.621102	-1.121453	-2.544998	-17.638010
77.535256	-29.271911	6.651994	-0.328623	2.097263	-1.299550	-2.603813	-17.595637
-127.515087	-30.489892	6.956460	-0.880318	2.621937	-1.496325	-2.668498	-17.546422
69.024698	-8.881499	6.081367	-1.470052	3.110619	-1.682697	-2.729835	-17.496710
123.885541	-7.651272	6.013844	-1.497574	3.132088	-1.691009	-2.732580	-17.494406
-123.554260	-6.421714	5.944107	-1.525093	3.153453	-1.699295	-2.735317	-17.492101
-32.234246	15.544136	4.246027	-2.037851	3.535419	-1.850340	-2.785475	-17.448466
107.176186	31.930743	1.924695	-2.520759	3.872849	-1.990891	-2.832864	-17.404454
-76.196529	36.842165	-1.333957	-3.006054	4.197435	-2.138806	-2.884071	-17.353088
-108.773032	15.628797	-4.859217	-3.372486	4.440294	-2.269318	-2.931262	-17.301221
109.220026	13.927482	-5.005698	-3.385011	4.448777	-2.274546	-2.933211	-17.298965
24.735182	12.159895	-5.151121	-3.397239	4.457089	-2.279742	-2.935154	-17.296706
-120.804886	-24.996231	-7.698849	-3.572484	4.584951	-2.376005	-2.972405	-17.251248
107.248223	-35.451678	-9.116998	-3.596144	4.634273	-2.456737	-3.006377	-17.205420
133.484806	-15.768213	-8.803913	-3.415140	4.590390	-2.530285	-3.041135	-17.152449
-130.774294	16.038204	-6.815555	-3.033905	4.446038	-2.584314	-3.071275	-17.098997
-30.085669	17.181411	-6.694773	-3.012193	4.437174	-2.586335	-3.072542	-17.096537
130.377493	18.266389	-6.571793	-2.990119	4.428113	-2.588318	-3.073800	-17.094075
-57.234957	27.874622	-3.922547	-2.510528	4.221679	-2.618586	-3.095705	-17.047244
-124.372626	19.547152	-0.947786	-1.929159	3.953352	-2.635360	-3.113891	-17.000058
124.114156	-3.679111	2.420123	-1.147073	3.568104	-2.638497	-3.130411	-16.944275
64.024453	-18.852611	5.054303	-0.290106	3.116075	-2.624517	-3.141676	-16.888014
-125.566381	-19.124746	5.196242	-0.227578	3.081835	-2.622901	-3.142272	-16.884017
88.744686	-19.262953	5.331193	-0.164837	3.047298	-2.621202	-3.142842	-16.880015
126.021207	-12.902258	6.431537	0.564245	2.632124	-2.595969	-3.147460	-16.833947
-124.982060	1.788803	6.971843	1.297524	2.185653	-2.560436	-3.148545	-16.787566
-36.119090	16.664244	7.422396	2.165489	1.609778	-2.504006	-3.145170	-16.730900
119.724246	15.230315	8.128791	2.978497	1.005078	-2.433507	-3.136733	-16.673787
-64.807563	14.570501	8.166582	3.013858	0.976855	-2.429951	-3.136226	-16.671162
-119.552291	13.853175	8.204641	3.049031	0.948593	-2.426368	-3.135710	-16.668535
119.036186	-5.247726	8.942047	3.675949	0.406419	-2.353159	-3.123954	-16.618564
66.494393	-19.427183	9.586629	4.211975	-0.143553	-2.270204	-3.108508	-16.568267
-123.780907	-21.895018	9.980335	4.688954	-0.779742	-2.162918	-3.086181	-16.509856
60.549872	-9.248711	9.755824	4.991114	-1.410562	-2.043759	-3.059105	-16.451026
124.187337	-8.464728	9.729209	5.000301	-1.437742	-2.038326	-3.057823	-16.448462
-124.064009	-7.667894	9.701083	5.009170	-1.464903	-2.032871	-3.056533	-16.445898
-40.797544	9.651554	8.800450	5.121753	-2.004109	-1.919281	-3.028857	-16.394400
113.148727	24.238420	7.186625	5.117337	-2.533529	-1.797590	-2.997721	-16.342600
-73.295958	28.171250	4.321535	4.978891	-3.125194	-1.648385	-2.957778	-16.282761
-113.083026	10.192553	0.430686	4.709480	-3.694489	-1.489579	-2.913428	-16.222532
113.441671	8.751992	0.246674	4.694696	-3.719125	-1.482326	-2.911361	-16.219853
37.956360	7.257707	0.062326	4.679669	-3.743722	-1.475050	-2.909284	-16.217171
-122.762019	-22.298936	-3.449955	4.340482	-4.213062	-1.329254	-2.866968	-16.164573
90.731540	-27.557672	-6.303846	3.920565	-4.657630	-1.177087	-2.821460	-16.111694
129.703180	-8.978290	-8.055457	3.348689	-5.133306	-0.994875	-2.765302	-16.050595
-123.985992	14.459199	-8.121914	2.692726	-5.566319	-0.805328	-2.705086	-15.989139
-23.058810	15.257874	-8.086451	2.660880	-5.585034	-0.796484	-2.702234	-15.986317
123.384260	16.014588	-8.047729	2.628906	-5.603636	-0.787632	-2.699375	-15.983497
-58.583315	22.589340	-6.692970	1.992189	-5.939100	-0.615800	-2.643143	-15.929440
-117.168296	15.325147	-4.311667	1.318026	-6.233933	-0.439224	-2.583935	-15.875122
120.066562	-4.055004	-0.983492	0.521583	-6.516862	-0.231862	-2.512609	-15.812655
73.838721	-17.727143	2.140895	-0.278304	-6.736586	-0.019384	-2.437543	-15.749859
-126.444575	-18.009833	2.280431	-0.319300	-6.746128	-0.008270	-2.433562	-15.746604
75.455764	-18.239611	2.416856	-0.360213	-6.755481	0.002848	-2.429573	-15.743350
130.826259	-15.001386	4.257949	-1.034375	-6.884255	0.191020	-2.361246	-15.688648
-131.008778	-1.589865	5.347587	-1.675150	-6.957632	0.382128	-2.290235	-15.633711
-41.732514	16.898844	5.847215	-2.352843	-6.968556	0.605623	-2.204969	-15.569985
119.579890	18.837272	5.736335	-2.944943	-6.894374	0.830678	-2.116283	-15.505959
-62.345288	18.153901	5.720168	-2.970216	-6.888772	0.841111	-2.112095	-15.502987
-119.007666	17.390059	5.703208	-2.995285	-6.882976	0.851537	-2.107902	-15.500016
115.011300	-4.990133	5.252457	-3.431364	-6.736898	1.047093	-2.027842	-15.444106
73.295556	-21.934148	4.610269	-3.801990	-6.517652	1.241434	-1.945321	-15.387979
-114.927874	-22.559382	3.743500	-4.149209	-6.168992	1.463192	-1.846931	-15.322830
61.021627	-2.986814	2.835445	-4.406480	-5.716901	1.680268	-1.745409	-15.257404
115.262369	-1.924881	2.792102	-4.416081	-5.693590	1.690131	-1.740656	-15.254382
-115.199939	-0.871226	2.748590	-4.425471	-5.670077	1.699975	-1.735900	-15.251362
-34.317135	16.332577	1.884413	-4.562892	-5.188926	1.882111	-1.645397	-15.194538
109.585836	25.426803	0.893737	-4.621707	-4.635334	2.058340	-1.552676	-15.137517
-56.307440	21.553183	-0.409793	-4.579970	-3.917054	2.252456	-1.443295	-15.071658
-111.725398	4.241181	-1.648438	-4.407529	-3.126223	2.435713	-1.331138	-15.005555
112.057647	3.161207	-1.699430	-4.396289	-3.087713	2.443993	-1.325824	-15.002456
56.411973	2.063355	-1.749572	-4.384764	-3.049056	2.452252	-1.320501	-14.999355
-120.539590	-17.235725	-2.478094	-4.121396	-2.310677	2.600458	-1.220553	-14.941655
85.013002	-24.152501	-2.673605	-3.768448	-1.541051	2.738040	-1.118633	-14.883784
131.573681	-17.526576	-2.079875	-3.260436	-0.629795	2.881910	-0.998911	-14.816943
-127.172013	-1.155380	-0.897061	-2.661247	0.293109	3.008665	-0.876729	-14.749886
-17.606860	-0.176716	-0.831246	-2.629987	0.338217	3.014390	-0.870698	-14.746604
126.414999	0.811748	-0.765077	-2.598580	0.383285	3.020067	-0.864665	-14.743325
-63.508733	16.892003	0.423030	-2.016120	1.178774	3.113120	-0.756712	-14.685054
-114.020886	19.722479	1.458210	-1.394731	1.959495	3.190934	-0.647037	-14.626632
115.710866	-2.062741	2.136878	-0.645013	2.829934	3.260507	-0.518191	-14.558920
64.691916	-18.992947	1.959026	0.115147	3.650779	3.306677	-0.387204	-14.491020
-122.315114	-19.088259	1.925988	0.149272	3.686603	3.308191	-0.381209	-14.487934
76.437809	-19.102903	1.890576	0.183331	3.722289	3.309653	-0.375209	-14.484847
125.445530	-7.865697	0.845290	0.814835	4.375204	3.327440	-0.259904	-14.425862
-124.503509	11.162141	-0.549819	1.389025	4.967376	3.325265	-0.143117	-14.366746
-48.172569	22.365975	-1.916115	1.932085	5.562970	3.296501	-0.006289	-14.298202
119.781083	14.752607	-2.404609	2.292846	6.047223	3.238207	0.132114	-14.229498
-51.847981	13.890336	-2.404609	2.304473	6.066525	3.234798	0.138502	-14.226339
-119.791562	12.981599	-2.402758	2.315658	6.085570	3.231322	0.144897	-14.223177
120.990473	-8.844417	-2.051844	2.447384	6.390858	3.153741	0.265389	-14.163759
69.420343	-27.461865	-1.198734	2.449641	6.590446	3.052199	0.386513	-14.104230
-121.300507	-30.989122	0.224300	2.320829	6.683869	2.904028	0.526916	-14.035322
65.930380	-9.052531	1.837216	2.068848	6.638742	2.722653	0.667452	-13.966281
116.780129	-7.656569	1.910037	2.053956	6.633312	2.713187	0.674166	-13.962978
-116.490494	-6.251432	1.981945	2.038815	6.627593	2.703650	0.680879	-13.959674
-35.264942	18.441414	3.047480	1.722846	6.475207	2.518927	0.802437	-13.899737
105.257324	34.415894	3.377059	1.339156	6.235535	2.313054	0.923542	-13.839710
-66.274453	31.583490	2.492834	0.852097	5.859950	2.051541	1.062461	-13.770313
-106.951452	7.023263	0.680832	0.353217	5.389180	1.767201	1.200081	-13.700814
107.335639	5.428759	0.585027	0.330419	5.365301	1.753551	1.206406	-13.697599
49.988922	3.802572	0.488585	0.307657	5.341228	1.739850	1.212731	-13.694382
-117.173468	-24.642311	-1.345869	-0.105688	4.858303	1.475476	1.330606	-13.634018
80.011598	-30.602689	-2.948640	-0.478593	4.320464	1.198156	1.446958	-13.573589
131.332255	-13.078540	-4.080464	-0.832760	3.634978	0.861493	1.580169	-13.503164
-129.710972	12.842400	-4.317816	-1.068446	2.896732	0.512772	1.710607	-13.432664
-37.680591	13.591257	-4.309579	-1.074176	2.869941	0.500320	1.715141	-13.430182
129.409635	14.316359	-4.300202	-1.079718	2.843101	0.487857	1.719671	-13.427700
-61.911382	24.023091	-3.705542	-1.158006	2.170376	0.179022	1.829512	-13.366802
-122.069513	17.324333	-2.457388	-1.129327	1.475211	-0.134556	1.936742	-13.305856
123.181036	-5.814935	-0.654529	-0.976197	0.659509	-0.498384	2.056452	-13.235752
67.269587	-19.704958	0.946007	-0.712247	-0.158363	-0.863066	2.172009	-13.165605
-127.762080	-19.774429	1.005919	-0.697427	-0.196629	-0.880215	2.177342	-13.162300
83.205868	-19.778496	1.063981	-0.682400	-0.234882	-0.897370	2.182670	-13.158993
130.117924	-10.900069	1.821161	-0.376095	-0.923949	-1.209352	2.278106	-13.098607
-128.932683	5.944170	2.147507	-0.023061	-1.586260	-1.517805	2.369933	-13.038199
-37.725814	20.752169	2.281043	0.400065	-2.303627	-1.869484	2.471820	-12.967958
122.043887	17.203440	2.433955	0.779251	-2.942858	-2.211025	2.568135	-12.897702
-53.260694	16.354614	2.443473	0.795190	-2.970976	-2.226995	2.572578	-12.894355
-121.984705	15.437338	2.453204	0.810875	-2.998844	-2.242925	2.577005	-12.891009
123.190598	-7.582024	2.670804	1.045309	-3.461376	-2.526648	2.654997	-12.830260
80.249032	-25.105508	2.975113	1.157016	-3.830903	-2.798581	2.728280	-12.769509
-126.061433	-23.964058	3.414323	1.090964	-4.132190	-3.096004	2.806866	-12.699236
55.131446	1.654847	3.773463	0.792685	-4.308263	-3.372277	2.878457	-12.628975
121.550852	2.871810	3.783991	0.773931	-4.313414	-3.384004	2.881467	-12.625856
-121.248082	4.063098	3.793883	0.754723	-4.318347	-3.395675	2.884460	-12.622740
-36.940999	21.829081	3.820118	0.298067	-4.373395	-3.613650	2.939937	-12.561914
108.332380	29.383614	3.379222	-0.268096	-4.356664	-3.811550	2.989624	-12.501106
-69.240312	25.416688	2.138287	-0.966785	-4.260713	-4.012751	3.039448	-12.430968
-109.414132	6.050302	0.463892	-1.611261	-4.095894	-4.183239	3.080866	-12.360870
109.730293	4.701069	0.381275	-1.638864	-4.086522	-4.190597	3.082628	-12.357521
44.316957	3.317444	0.298824	-1.666085	-4.077024	-4.197882	3.084371	-12.354173
-117.118498	-20.889845	-1.101115	-2.078576	-3.885433	-4.316917	3.112338	-12.293712
76.846171	-27.016425	-2.119201	-2.293099	-3.661703	-4.412229	3.133502	-12.233292
126.507108	-12.017226	-2.537795	-2.201423	-3.374232	-4.493091	3.149219	-12.163364
-125.100071	12.985520	-2.259823	-1.683922	-3.062888	-4.542461	3.155255	-12.093503
-36.264474	13.947279	-2.231021	-1.649889	-3.047594	-4.544027	3.155297	-12.090187
124.782820	14.860280	-2.200864	-1.615120	-3.032270	-4.545521	3.155316	-12.086873
-51.448669	22.645182	-1.419570	-0.866692	-2.747199	-4.560471	3.151770	-12.026686
-119.247210	14.553707	-0.279869	0.049600	-2.451891	-4.552534	3.140869	-11.966561
120.813319	-7.871163	1.035590	1.224804	-2.099519	-4.515091	3.119144	-11.896635
71.921512	-20.305285	1.724024	2.399412	-1.743002	-4.448077	3.088019	-11.826815
-126.060941	-20.342523	1.729699	2.447778	-1.727739	-4.444563	3.086483	-11.823831
74.793193	-20.330986	1.733033	2.495875	-1.712490	-4.441000	3.084931	-11.820849
129.692258	-11.795049	1.372508	3.393481	-1.406561	-4.358168	3.050212	-11.760855
-129.720057	5.079896	0.454001	4.080143	-1.105125	-4.254603	3.009013	-11.700958
-43.253523	21.319873	-0.829757	4.483034	-0.765997	-4.109417	2.953474	-11.631714
121.184518	18.502357	-1.862020	4.357115	-0.440017	-3.937923	2.889859	-11.562624
-52.402754	17.632221	-1.896404	4.336368	-0.424971	-3.929262	2.886689	-11.559393
-120.839367	16.687465	-1.929203	4.314185	-0.409927	-3.920540	2.883499	-11.556160
119.065894	-6.948623	-2.189712	3.641658	-0.136412	-3.750675	2.821999	-11.496910
71.610009	-22.730508	-1.641495	2.455196	0.130619	-3.562527	2.755009	-11.437790
-120.355061	-20.520488	0.012694	0.580825	0.431165	-3.320167	2.670050	-11.368874
50.707012	1.070814	2.086771	-1.515339	0.715543	-3.054365	2.578223	-11.300163
118.634621	2.057740	2.176932	-1.609962	0.727955	-3.041808	2.573915	-11.297062
-118.466064	3.017486	2.266156	-1.704324	0.740325	-3.029204	2.569593	-11.293961
-49.345225	16.073224	3.679561	-3.405403	0.966844	-2.781241	2.485056	-11.235171
110.245202	20.865202	4.221318	-4.814879	1.175803	-2.517182	2.395946	-11.176552
-50.835772	17.921101	3.404859	-5.989179	1.393309	-2.190736	2.286912	-11.108646
-113.716653	3.537538	1.374584	-6.646100	1.579823	-1.844072	2.172330	-11.040998
114.018957	2.576437	1.263830	-6.663239	1.587362	-1.828145	2.167093	-11.037985
42.109286	1.590263	1.151723	-6.679333	1.594830	-1.812180	2.161846	-11.034973
-121.000436	-16.453565	-1.215668	-6.784043	1.724726	-1.496329	2.058504	-10.976906
79.531633	-18.142115	-3.743135	-6.493229	1.825296	-1.166632	1.951525	-10.919048
126.842231	-2.542845	-6.386132	-5.659261	1.902170	-0.769208	1.823696	-10.852481
-122.719220	17.236034	-8.011752	-4.291354	1.934086	-0.354818	1.691636	-10.786221
-28.717810	17.845825	-8.047464	-4.218578	1.934415	-0.336041	1.685680	-10.783287
122.166910	18.414163	-8.079484	-4.144802	1.934648	-0.317233	1.679717	-10.780354
-39.652142	21.173112	-7.836538	-2.522813	1.919791	0.057488	1.561402	-10.723015
-113.602721	9.854817	-5.721016	-0.659848	1.866895	0.443514	1.440380	-10.665929
118.127582	-12.082786	-1.663921	1.596412	1.757716	0.899095	1.298337	-10.600692
68.224814	-25.539166	3.044025	3.775481	1.595645	1.365317	1.153342	-10.535811
-128.792767	-25.957006	3.264378	3.873418	1.586624	1.387662	1.146392	-10.532741
61.572176	-26.361363	3.483371	3.970621	1.577489	1.410009	1.139440	-10.529673
131.640668	-31.652083	7.175589	5.600495	1.389530	1.820434	1.011529	-10.473810
-120.832598	-29.072619	10.000243	6.861963	1.161490	2.233748	0.881891	-10.418235
-54.108658	-1.121664	11.626855	7.663301	0.862477	2.691587	0.736591	-10.357044
84.962899	33.439849	11.093182	7.714991	0.515855	3.145499	0.589722	-10.296226
-94.440012	37.292233	7.567995	7.070119	0.109287	3.609714	0.435023	-10.233139
122.247029	-18.381155	1.501227	5.868778	-0.326212	4.057783	0.279263	-10.170483
59.017396	-20.597620	1.194937	5.803482	-0.346388	4.077667	0.272161	-10.167645
-124.397926	-22.662189	0.887536	5.737331	-0.366595	4.097518	0.265053	-10.164806
77.267293	-34.222575	-4.854750	4.340440	-0.752983	4.466227	0.129256	-10.110838
133.247104	-12.414712	-9.496631	2.756768	-1.132668	4.813320	-0.006845	-10.057217
-122.521552	18.131780	-12.589009	0.834132	-1.545464	5.181043	-0.163781	-9.995868
-41.583075	24.798761	-12.488612	-1.046477	-1.913333	5.508116	-0.320509	-9.935002
113.576348	24.495447	-12.394554	-1.128945	-1.928723	5.521957	-0.327645	-9.932239
-52.559325	24.146417	-12.292250	-1.211085	-1.943987	5.535708	-0.334785	-9.929474
-113.476274	10.734221	-9.017460	-2.697017	-2.206743	5.778333	-0.470716	-9.876941
119.522961	-7.515612	-4.091148	-4.001386	-2.406937	5.980796	-0.605993	-9.824797
86.526766	-18.065899	1.951783	-5.219581	-2.544120	6.158998	-0.759745	-9.765600
-134.207159	-11.656466	6.870486	-6.086548	-2.568001	6.277124	-0.912037	-9.706933
64.845691	-10.892611	7.063496	-6.117929	-2.566107	6.281240	-0.919221	-9.704162
134.254042	-10.091259	7.252431	-6.148357	-2.563931	6.285221	-0.926397	-9.701395
-130.850080	7.036734	9.976204	-6.533823	-2.472069	6.334920	-1.057596	-9.650728
-47.994599	17.734237	11.113315	-6.559050	-2.279557	6.341008	-1.187282	-9.600484
115.165506	16.855690	10.340705	-6.107527	-1.943275	6.296005	-1.334123	-9.543331
-42.049803	2.415766	7.922994	-5.222423	-1.501966	6.197416	-1.478545	-9.486762
-111.085694	1.520818	7.777774	-5.170639	-1.478348	6.191335	-1.485452	-9.484046
111.061563	0.617580	7.630485	-5.118083	-1.454518	6.185131	-1.492358	-9.481329
67.467710	-14.762218	4.733701	-4.057957	-0.993824	6.052961	-1.615771	-9.432590
-115.855124	-21.762674	1.724267	-2.834932	-0.483357	5.883238	-1.736999	-9.384314
59.285934	-11.955357	-1.344044	-1.321325	0.148520	5.643215	-1.873617	-9.329337
116.476420	5.856754	-3.842617	0.198651	0.808619	5.357358	-2.006907	-9.274996
-116.330634	6.630264	-3.946070	0.269002	0.840287	5.342697	-2.013143	-9.272435
-37.122858	7.385267	-4.048050	0.339058	0.871950	5.327947	-2.019366	-9.269877
113.429020	18.079116	-5.657661	1.561353	1.450915	5.041345	-2.131669	-9.223376
-54.182696	22.064790	-6.763941	2.626122	2.021332	4.723428	-2.241127	-9.177374
-119.884915	11.749281	-7.375349	3.583137	2.650323	4.320451	-2.363409	-9.125045
128.033247	-13.111667	-7.211105	4.203751	3.230579	3.879848	-2.481487	-9.073399
70.595375	-14.005671	-7.184015	4.224832	3.256285	3.858274	-2.486923	-9.070992
-128.607139	-14.833213	-7.155173	4.245234	3.281854	3.836608	-2.492353	-9.068584
71.205781	-18.743436	-6.301545	4.503735	3.727398	3.419007	-2.591676	-9.024019
128.459815	-7.934116	-4.880693	4.549292	4.104914	2.975999	-2.687427	-8.979997
-122.234182	8.789278	-2.768677	4.374526	4.434619	2.442073	-2.792029	-8.930487
-32.104994	15.690482	-0.395541	3.987164	4.645001	1.879951	-2.891552	-8.881708
115.819160	15.614616	-0.274762	3.962475	4.652401	1.851120	-2.896398	-8.879285
-48.446730	15.492958	-0.154078	3.937293	4.659507	1.822227	-2.901232	-8.876864
-113.966651	6.973239	1.881470	3.417347	4.736780	1.306518	-2.983736	-8.834732
117.074417	-7.752746	3.542626	2.754003	4.726470	0.775308	-3.061976	-8.793186
75.631389	-15.784233	4.553350	1.843612	4.611516	0.156921	-3.145543	-8.746675
-129.229474	-9.216977	4.294801	0.819285	4.390145	-0.471970	-3.223164	-8.700945
55.367839	-8.544654	4.256292	0.770939	4.377563	-0.500834	-3.226561	-8.698877
129.356101	-7.842358	4.215800	0.722506	4.364768	-0.529708	-3.229944	-8.696811
-127.214427	8.079861	3.118538	-0.211686	4.079200	-1.083645	-3.292175	-8.657596
-49.339558	19.842601	1.618233	-1.127578	3.717841	-1.637972	-3.349531	-8.618995
112.669532	20.390963	-0.231625	-2.101347	3.208784	-2.274798	-3.409559	-8.575150
-32.350315	4.392763	-1.835021	-2.914028	2.605279	-2.902371	-3.462632	-8.532151
-107.941186	3.422978	-1.896646	-2.946121	2.575505	-2.930742	-3.464887	-8.530207
107.889244	2.443366	-1.957031	-2.977738	2.545522	-2.959100	-3.467128	-8.528263
71.594429	-15.255595	-2.816199	-3.473955	1.941586	-3.490344	-3.506754	-8.491744
-112.748370	-23.414382	-2.978568	-3.741461	1.272038	-4.006917	-3.540805	-8.455880
70.279704	-11.983621	-2.169301	-3.721301	0.423830	-4.578923	-3.572904	-8.415413
117.389227	9.274280	-0.749145	-3.365011	-0.498026	-5.121757	-3.597193	-8.375822
-117.384455	10.173384	-0.680458	-3.341854	-0.540942	-5.145428	-3.598099	-8.374060
-41.340279	11.054737	-0.611754	-3.318112	-0.583990	-5.169044	-3.598990	-8.372299
116.864201	23.092187	0.631575	-2.756896	-1.430353	-5.610026	-3.612939	-8.338688
-36.017332	22.419808	1.519936	-2.028401	-2.293559	-6.021287	-3.620661	-8.305745
-121.253405	6.407485	2.034784	-1.041082	-3.278623	-6.452946	-3.621651	-8.268698
126.513153	-16.634555	2.016649	0.049812	-4.223380	-6.835608	-3.613994	-8.232539
86.643369	-17.317362	2.002704	0.101897	-4.265252	-6.851923	-3.613431	-8.230899
-126.941464	-17.935429	1.987586	0.154139	-4.306963	-6.868124	-3.612850	-8.229261
66.034750	-18.820445	1.485924	1.160177	-5.061184	-7.152074	-3.598305	-8.198656
128.866250	-6.984312	0.640357	2.161826	-5.736592	-7.391446	-3.576919	-8.168714
-123.861978	8.848367	-0.412249	3.235845	-6.391375	-7.607696	-3.543576	-8.135010
-45.696695	17.188796	-1.088972	4.138272	-6.883939	-7.754923	-3.500727	-8.102188
117.139832	17.230268	-1.103147	4.174109	-6.902145	-7.759937	-3.498529	-8.100703
-44.551381	17.234129	-1.115479	4.209390	-6.919943	-7.764794	-3.496311	-8.099221
-114.941796	10.166788	-1.042819	4.766997	-7.176339	-7.826595	-3.450288	-8.071416
118.308254	-6.881804	-0.581580	5.086960	-7.264000	-7.828153	-3.396832	-8.044276
68.960699	-19.548665	0.067962	5.107655	-7.130860	-7.752772	-3.326642	-8.013976
-130.225647	-12.442043	0.514726	4.712929	-6.729353	-7.598547	-3.247316	-7.984548
58.003502	-11.486215	0.528378	4.684714	-6.704779	-7.589686	-3.243472	-7.983222
130.210455	-10.474215	0.541418	4.655601	-6.679669	-7.580666	-3.239607	-7.981897
-126.722094	12.210129	0.659553	3.948951	-6.111440	-7.381615	-3.163051	-7.957155
-59.502958	24.026379	0.493057	2.982528	-5.384656	-7.131124	-3.080193	-7.933067
115.105854	19.556925	-0.052695	1.604701	-4.379274	-6.781206	-2.976661	-7.905977
-23.682425	0.889673	-0.680975	0.027182	-3.237677	-6.372320	-2.865406	-7.879761
-112.663534	-0.107135	-0.705728	-0.048893	-3.182524	-6.352167	-2.860106	-7.878575
112.626006	-1.104057	-0.729826	-0.125209	-3.127173	-6.331902	-2.854789	-7.877391
84.623162	-18.184066	-1.013578	-1.593422	-2.055800	-5.930882	-2.752091	-7.855494
-113.474188	-26.914101	-0.825173	-3.076458	-0.942645	-5.493650	-2.644187	-7.834246
69.784157	-19.886304	0.058970	-4.637030	0.353861	-4.951023	-2.514093	-7.810632
116.797969	1.026859	1.229608	-5.860297	1.631242	-4.370501	-2.377849	-7.787874
-116.880410	2.304971	1.286183	-5.909784	1.693807	-4.340622	-2.370894	-7.786760
-31.392426	3.594214	1.342117	-5.958044	1.756222	-4.310663	-2.363924	-7.785649
117.989075	22.597500	2.148230	-6.585487	2.815822	-3.776367	-2.240221	-7.766622
-51.474672	22.726985	2.406322	-6.753219	3.810942	-3.221272	-2.112435	-7.748239
-117.494674	3.806182	1.729375	-6.312521	4.861315	-2.561674	-1.960749	-7.727894
118.619349	-18.335561	0.220355	-5.262185	5.793257	-1.884506	-1.804388	-7.708399
73.150285	-18.879333	0.137183	-5.201625	5.833055	-1.852943	-1.797071	-7.707521
-118.873186	-19.352891	0.053137	-5.140135	5.872558	-1.821355	-1.789745	-7.706644
65.099479	-17.240836	-1.622273	-3.823784	6.562421	-1.219022	-1.649350	-7.690383
124.891517	-3.561402	-3.161049	-2.295623	7.132815	-0.611264	-1.505972	-7.674769
-124.072307	11.269916	-4.225134	-0.404273	7.622334	0.086340	-1.338567	-7.657693
-52.110394	17.925318	-3.961190	1.514700	7.919092	0.781135	-1.167977	-7.641461
120.088480	17.873050	-3.907615	1.600485	7.927697	0.812602	-1.160144	-7.640742
-39.420494	17.781134	-3.850024	1.686087	7.935866	0.844072	-1.152300	-7.640025
-119.012657	8.487896	-2.106323	3.263540	8.004559	1.443544	-1.000811	-7.626604
123.007204	-10.650476	0.357306	4.656146	7.897078	2.033091	-0.847465	-7.613824
89.254438	-22.944215	3.131936	5.906153	7.539415	2.693193	-0.669745	-7.599962
-133.607096	-12.303996	4.967433	6.651847	6.911954	3.333923	-0.490313	-7.586938
63.323901	-11.127357	5.022726	6.671471	6.876634	3.362669	-0.482088	-7.586364
133.343276	-9.891899	5.075424	6.689720	6.840724	3.391369	-0.473859	-7.585791
-126.625294	16.842247	5.565465	6.750181	6.047095	3.929558	-0.316460	-7.575200
-61.564714	29.439701	4.965227	6.221518	5.064527	4.449027	-0.158332	-7.565241
108.291301	21.827799	2.720856	4.996180	3.728583	5.027771	0.026391	-7.554440
-18.985816	-2.487404	-0.412188	3.329572	2.242384	5.575395	0.211354	-7.544494
-106.001460	-3.558884	-0.541204	3.256964	2.180681	5.596596	0.218747	-7.544114
106.051326	-4.626076	-0.670009	3.183969	2.118790	5.617758	0.226146	-7.543735
86.308348	-24.132317	-3.224509	1.572043	0.769297	6.056423	0.384113	-7.535968
-112.849732	-31.096916	-4.958293	-0.043744	-0.606896	6.468005	0.541693	-7.528822
61.142114	-16.628507	-5.354526	-1.762028	-2.213666	6.915829	0.726634	-7.521194
118.458017	7.744834	-4.348153	-3.096997	-3.746227	7.320149	0.910269	-7.514428
-118.484026	8.337642	-4.307213	-3.126513	-3.785149	7.330210	0.915098	-7.514261
-42.464616	8.922839	-4.265643	-3.155734	-3.823977	7.340238	0.919926	-7.514095
119.192607	22.477547	-2.636124	-3.941878	-5.018306	7.645751	1.074899	-7.509048
-43.400963	22.737535	-0.624031	-4.434524	-6.075650	7.915348	1.228356	-7.504624
-124.399190	7.798050	1.789528	-4.656117	-7.079624	8.180000	1.403760	-7.500278
127.658102	-13.655612	3.672028	-4.522470	-7.793770	8.390887	1.576394	-7.496763
72.842890	-14.188371	3.724562	-4.510420	-7.814785	8.397898	1.582987	-7.496644
-127.780396	-14.678468	3.775242	-4.497864	-7.835293	8.404824	1.589575	-7.496526
68.946026	-15.714466	4.340259	-4.077790	-8.163074	8.537459	1.735872	-7.494213
124.014530	-4.771978	3.659101	-3.376283	-8.246964	8.625916	1.879538	-7.492516
-118.491128	9.419916	1.735518	-2.242404	-8.057788	8.673302	2.042882	-7.491317
-41.818146	14.279230	-0.594047	-0.925990	-7.587093	8.664911	2.201932	-7.490947
114.440768	14.204553	-0.677361	-0.875845	-7.564454	8.663580	2.207780	-7.490949
-36.730776	14.109723	-0.760007	-0.825722	-7.541465	8.662179	2.213621	-7.490953
-115.308074	6.492664	-2.451046	0.303256	-6.914007	8.610403	2.347138	-7.491354
120.340196	-8.317983	-3.576030	1.273884	-6.117616	8.523642	2.477015	-7.492373
83.514476	-19.317187	-3.921833	2.023957	-5.015399	8.384158	2.621952	-7.494311
-132.652279	-11.509393	-3.130024	2.274872	-3.742099	8.206451	2.761903	-7.497064
54.081757	-10.688480	-3.081130	2.275161	-3.690657	8.198992	2.767130	-7.497185
132.706114	-9.826708	-3.031090	2.274825	-3.639010	8.191484	2.772349	-7.497307
-130.107794	14.239963	-1.638658	2.113274	-2.414627	8.008188	2.889034	-7.500399
-64.880543	28.382185	0.048159	1.709683	-1.111998	7.802490	3.002033	-7.504098
114.268871	20.405530	2.007528	1.050023	0.446620	7.541044	3.127802	-7.509118
-25.546415	-11.437870	3.666936	0.303283	2.018219	7.257691	3.248727	-7.514943
-107.980555	-12.993219	3.732965	0.267815	2.092312	7.243766	3.254348	-7.515240
107.906731	-14.514225	3.797542	0.232472	2.166269	7.229810	3.259955	-7.515538
81.365501	-35.129044	4.687926	-0.378180	3.492080	6.969309	3.360171	-7.521284
-115.509109	-41.430435	4.907907	-0.882677	4.759507	6.698626	3.456822	-7.527628
54.924817	-30.929393	4.195772	-1.290799	6.119424	6.375862	3.564376	-7.535726
116.302504	-7.976157	2.627983	-1.489629	7.324139	6.047310	3.667213	-7.544625
-115.853999	-6.742991	2.538387	-1.493515	7.375866	6.031938	3.671888	-7.545059
-43.683659	-5.497318	2.447458	-1.496913	7.427211	6.016553	3.676556	-7.545495
106.373515	20.120156	0.574226	-1.472427	8.297814	5.732932	3.760791	-7.553842
-83.185104	48.594936	-1.561751	-1.286991	9.021013	5.451158	3.841589	-7.562777
-147.094918	22.398494	-6.223893	-0.234699	10.121270	4.803388	4.020297	-7.586414
137.025395	-44.169447	-5.921638	1.440186	10.295814	4.214508	4.179968	-7.613367
96.695716	-37.124380	-5.809177	1.478810	10.288621	4.201998	4.183375	-7.614017
-130.719142	-29.455522	-5.691134	1.517262	10.280924	4.189529	4.186772	-7.614669
52.846745	-21.087117	-5.564970	1.556354	10.272542	4.176834	4.190233	-7.615337
123.792981	-12.600095	-5.433275	1.595264	10.263627	4.164173	4.193686	-7.616007
-120.323248	-4.405339	-5.294716	1.634399	10.254073	4.151411	4.197168	-7.616687
-43.545770	3.026607	-5.150882	1.673319	10.243974	4.138684	4.200642	-7.617369
85.543865	41.347551	-2.679239	2.189426	10.043407	3.963500	4.248620	-7.627196
-61.174591	21.924496	0.238001	2.614390	9.734596	3.796724	4.294552	-7.637387
-104.205235	-21.821403	4.148237	2.976812	9.118422	3.575437	4.355820	-7.652362
126.680629	-32.746621	6.599605	2.951835	8.297879	3.369463	4.413072	-7.668054
74.236446	-29.736500	6.581487	2.393445	7.247546	3.170424	4.468441	-7.685152
-128.855016	-17.364594	4.586829	1.291297	6.022086	2.986177	4.519524	-7.703023
47.873221	-16.471740	4.459173	1.227904	5.960000	2.977784	4.521842	-7.703890
128.232925	-15.546596	4.329185	1.163624	5.897540	2.969417	4.524153	-7.704760
-123.041748	4.531916	1.667669	-0.137501	4.698357	2.821675	4.564750	-7.720985
-55.263910	21.035814	-1.124515	-1.587933	3.404233	2.683728	4.602164	-7.737793
115.974024	23.042431	-3.772718	-3.279223	1.816209	2.536073	4.641372	-7.757891
-21.112192	2.387531	-5.238252	-4.804721	0.149457	2.399707	4.676413	-7.778759
-113.516327	1.267084	-5.273903	-4.867742	0.071263	2.393687	4.677926	-7.779738
113.481488	0.158541	-5.306716	-4.929980	-0.007041	2.387689	4.679431	-7.780719
85.558785	-16.630306	-5.387299	-5.933003	-1.502601	2.278453	4.706188	-7.799536
-116.142388	-21.329383	-4.407814	-6.536238	-3.020026	2.176363	4.729852	-7.818932
64.639486	-8.485769	-2.048320	-6.672956	-4.763657	2.067417	4.753186	-7.841861
116.250916	10.206283	0.820846	-6.208396	-6.489153	1.966131	4.772525	-7.865547
-116.116462	10.918068	0.949849	-6.172140	-6.568566	1.961590	4.773328	-7.866667
-37.656000	11.602510	1.077567	-6.134608	-6.647831	1.957067	4.774121	-7.867788
113.173762	19.592759	3.114478	-5.195736	-8.106412	1.875079	4.787384	-7.889039
-38.174457	18.620097	4.147462	-3.812423	-9.503897	1.797521	4.797672	-7.910852
-117.543500	4.621724	3.997738	-1.671806	-11.013425	1.712436	4.805898	-7.936813
124.746144	-16.572329	2.541246	0.953852	-12.371195	1.631552	4.810189	-7.963515
89.760336	-17.101451	2.445340	1.085594	-12.431186	1.627807	4.810295	-7.964799
-125.302493	-17.546146	2.347335	1.217700	-12.490751	1.624068	4.810392	-7.966084
59.416478	-12.946693	0.308014	3.647529	-13.498470	1.556998	4.810633	-7.989836
127.218688	4.071561	-1.753408	5.954971	-14.339921	1.491709	4.807972	-8.014128
-123.755988	18.621842	-3.291797	8.157885	-15.072148	1.418013	4.801343	-8.042736
-48.498042	15.560908	-3.250005	9.600535	-15.518287	1.344951	4.790925	-8.072046
121.102758	14.996857	-3.212758	9.648827	-15.531781	1.341475	4.790335	-8.073458
-36.341706	14.399787	-3.172815	9.695305	-15.544552	1.337997	4.789736	-8.074872
-122.270273	-0.924405	-2.053427	10.220573	-15.644377	1.274080	4.777284	-8.101025
126.354908	-18.555426	-0.489726	10.138656	-15.481505	1.209242	4.761998	-8.127697
81.570477	-27.198125	1.305775	9.343485	-14.985246	1.132820	4.740907	-8.159049
-133.072206	-14.886489	2.558615	7.864799	-14.187368	1.053899	4.716109	-8.191074
58.960520	-13.755115	2.597464	7.784542	-14.145527	1.050335	4.714925	-8.192508
132.823802	-12.573093	2.634832	7.703023	-14.103126	1.046762	4.713734	-8.193944
-126.646071	14.975571	3.036801	5.881800	-13.170284	0.975505	4.688961	-8.222314
-76.932216	34.639313	2.710406	3.702399	-12.054857	0.901405	4.661441	-8.251177
99.758757	33.902653	1.444888	1.041997	-10.640173	0.816084	4.628010	-8.283497
-29.588900	5.617315	-0.310047	-1.722273	-9.054448	0.726235	4.591299	-8.316402
-85.708186	-31.113185	-2.024152	-4.543150	-7.234065	0.626401	4.549248	-8.351572
101.632199	-37.743191	-2.924232	-7.079111	-5.284396	0.520292	4.503637	-8.387368
-102.820310	-36.349355	-2.934516	-7.183362	-5.194011	0.515354	4.501499	-8.388995
92.025001	-34.776379	-2.941808	-7.286532	-5.103490	0.510405	4.499355	-8.390623
129.670115	10.690498	-2.587722	-9.060948	-3.327940	0.412401	4.456738	-8.422161
-143.997004	35.199234	-1.578275	-10.410179	-1.499505	0.308727	4.411491	-8.454158
-62.765562	34.506130	-0.071352	-11.447990	0.648471	0.181939	4.356231	-8.491513
128.052829	14.829441	1.373863	-11.977726	2.833470	0.046446	4.297550	-8.529456
-34.867740	13.527058	1.436368	-11.991594	2.942764	0.039479	4.294547	-8.531355
-127.036097	12.201635	1.497572	-12.004318	3.052056	0.032493	4.291538	-8.533255
121.585492	-11.871313	2.310023	-12.046635	4.974025	-0.093759	4.237451	-8.566774
91.329898	-26.931841	2.444105	-11.765447	6.895943	-0.227564	4.180818	-8.600725
-119.771673	-23.173013	1.602330	-11.095280	9.077056	-0.391275	4.112586	-8.640283
34.416635	2.797368	0.156337	-10.089667	11.195008	-0.566175	4.041041	-8.680396
117.355095	4.047785	0.086769	-10.036818	11.288622	-0.574349	4.037732	-8.682221
-117.187953	5.276644	0.017246	-9.983313	11.382098	-0.582553	4.034414	-8.684048
-66.966816	22.954066	-1.221096	-8.839397	13.133433	-0.744853	3.969409	-8.719343
109.390107	25.714623	-1.998110	-7.487379	14.786792	-0.916539	3.901948	-8.755043
-32.482093	7.923493	-1.960881	-5.702955	16.543820	-1.126889	3.821069	-8.796741
-111.822251	-17.823719	-1.169228	-3.746105	18.106166	-1.350948	3.736975	-8.838961
112.256766	-18.898530	-1.120962	-3.651965	18.173509	-1.361712	3.732987	-8.840937
78.524347	-19.946238	-1.071978	-3.557528	18.240398	-1.372513	3.728989	-8.842915
-123.699437	-33.532493	-0.083783	-1.755929	19.394657	-1.580287	3.652979	-8.880107
70.996477	-34.761930	0.853195	0.088169	20.350527	-1.799401	3.574577	-8.917682
136.107175	-27.134137	1.568866	2.208011	21.173701	-2.065348	3.481694	-8.961263
-123.154181	-13.282429	1.769368	4.277658	21.671761	-2.347438	3.385714	-9.005332
-44.940172	-12.120666	1.764240	4.378254	21.687434	-2.361899	3.380861	-9.007536
121.176149	-10.896092	1.757605	4.478626	21.702223	-2.376410	3.375997	-9.009743
-94.883619	45.195718	0.391694	7.904524	21.544999	-2.963248	3.183064	-9.095565
-110.426624	-26.684564	-1.976482	9.730498	19.834919	-3.591496	2.979073	-9.183092
112.889417	-32.205035	-2.007637	9.749078	19.768633	-3.608309	2.973587	-9.185405
79.951628	-37.580351	-2.035679	9.765995	19.701245	-3.625137	2.968094	-9.187719
-117.701144	-42.086632	-2.058684	9.780116	19.638129	-3.640667	2.963022	-9.189854
72.918529	-45.916207	-2.078869	9.792817	19.574076	-3.656207	2.957943	-9.191990
146.005047	-32.491378	-2.018530	9.792920	18.358550	-3.919353	2.871470	-9.228107
-149.447109	27.462532	-1.355867	9.395413	16.901424	-4.184239	2.783218	-9.264491
-92.850899	41.239254	-0.023816	8.354854	14.717162	-4.524887	2.667252	-9.311618
128.778762	5.870961	1.354064	6.808521	12.234472	-4.863210	2.548404	-9.359168
-34.326397	3.881004	1.414494	6.721896	12.106719	-4.879604	2.542533	-9.361499
-128.161131	1.916003	1.473927	6.634316	11.978398	-4.895985	2.536655	-9.363830
126.018299	-25.512025	2.310428	4.930049	9.608456	-5.184825	2.430983	-9.405459
89.422068	-32.855002	2.540815	2.993004	7.098049	-5.467600	2.323184	-9.447393
-124.271532	-21.497179	1.851723	0.573940	4.077910	-5.783602	2.196286	-9.496113
43.221908	-0.678192	0.506996	-1.860596	0.977346	-6.086096	2.066612	-9.545223
120.992862	0.291641	0.436031	-1.972370	0.830007	-6.099987	2.060425	-9.547550
-120.759943	1.248007	0.364808	-2.083695	0.682621	-6.113841	2.054232	-9.549878
-53.378549	15.982846	-0.927842	-4.028347	-2.034307	-6.362167	1.939013	-9.592925
109.908592	23.489771	-1.950960	-5.677288	-4.727612	-6.595954	1.821734	-9.636257
-36.655046	20.292267	-2.474739	-7.032819	-7.751678	-6.844706	1.684128	-9.686509
-110.807947	2.860197	-2.366915	-7.637255	-10.637613	-7.068696	1.543840	-9.737123
111.173505	1.699008	-2.347954	-7.645775	-10.765827	-7.078334	1.537337	-9.739455
74.077407	0.511710	-2.327775	-7.652593	-10.893623	-7.087914	1.530828	-9.741787
-120.469975	-19.689702	-1.709761	-7.468700	-13.223678	-7.257636	1.406723	-9.786024
73.147235	-18.988535	-0.669798	-6.732953	-15.363380	-7.404382	1.280641	-9.830521
130.680476	-0.090356	0.751619	-5.346516	-17.551458	-7.542851	1.132483	-9.882263
-127.504544	17.510487	1.977858	-3.558044	-19.389544	-7.645112	0.981741	-9.934334
-51.042813	17.954655	2.023637	-3.465710	-19.467737	-7.649026	0.974503	-9.936820
127.076016	18.347339	2.067927	-3.372790	-19.545114	-7.652853	0.967255	-9.939308
-35.472467	17.213887	2.594417	-1.615662	-20.795766	-7.706405	0.834881	-9.984535
-121.865679	3.978530	2.577770	0.214962	-21.751887	-7.728675	0.700614	-10.029998
122.485792	-16.170362	1.849193	2.293563	-22.476675	-7.712983	0.543240	-10.082782
83.382767	-19.949021	0.333363	4.180945	-22.780473	-7.650127	0.383422	-10.135859
-123.772744	-19.455671	0.240758	4.263605	-22.784193	-7.645894	0.375727	-10.138402
63.099331	-18.892735	0.146441	4.345393	-22.786914	-7.641550	0.368031	-10.140944
123.237302	-0.566570	-1.764468	5.664128	-22.660943	-7.543159	0.227523	-10.187165
-121.792208	19.088237	-3.679416	6.590804	-22.193396	-7.408920	0.085343	-10.233593
-58.549428	24.050699	-5.180448	7.020865	-21.208711	-7.211389	-0.081082	-10.287554
121.537200	8.456176	-5.221833	6.591971	-19.734986	-6.971349	-0.249436	-10.341780
-22.368205	7.232692	-5.181155	6.546334	-19.651243	-6.958674	-0.257649	-10.344417
-121.719902	5.972430	-5.136440	6.498299	-19.566387	-6.945906	-0.265866	-10.347055
123.831583	-17.625884	-3.692175	5.274447	-17.873308	-6.702728	-0.413223	-10.394249
106.552501	-29.153987	-1.142359	3.488106	-15.874280	-6.432026	-0.561727	-10.441629
-124.439764	-19.469481	2.838155	0.981543	-13.250822	-6.087729	-0.734455	-10.496562
37.518294	10.347007	7.113722	-1.694549	-10.381633	-5.712274	-0.908328	-10.551727
119.270323	11.676784	7.304824	-1.818413	-10.243147	-5.694023	-0.916475	-10.554309
-118.952099	12.965902	7.494523	-1.942006	-10.104244	-5.675698	-0.924629	-10.556894
-66.349499	28.941103	10.615131	-4.130212	-7.480632	-5.325153	-1.076184	-10.604912
107.279195	30.815139	12.558383	-5.981560	-4.806455	-4.955567	-1.228295	-10.653090
-38.244197	18.151251	12.788162	-7.477076	-1.746418	-4.510034	-1.403536	-10.708625
-111.271826	-4.594505	11.225687	-8.251996	1.226812	-4.044861	-1.579129	-10.764357
111.687882	-5.814693	11.116660	-8.271213	1.365078	-4.022271	-1.587495	-10.767016
72.558083	-7.036178	11.004980	-8.288845	1.502992	-3.999644	-1.595862	-10.769675
-120.701562	-23.999839	8.565101	-8.339017	3.964721	-3.578578	-1.749264	-10.818491
59.316737	-18.888486	5.583724	-7.899373	6.287493	-3.146943	-1.902629	-10.867445
124.046100	-0.096535	1.572368	-6.856057	8.755870	-2.641687	-2.078207	-10.923721
-116.997200	11.043299	-3.053011	-5.342238	10.991316	-2.128026	-2.253359	-10.980164
-54.515351	11.311210	-3.285971	-5.261164	11.090603	-2.103627	-2.261611	-10.982832
116.413622	11.560301	-3.520381	-5.179264	11.189372	-2.079201	-2.269867	-10.985501
-26.244678	12.634970	-8.062480	-3.549206	12.899575	-1.627978	-2.421501	-11.034689
-115.797228	5.279968	-12.967309	-1.738977	14.394175	-1.174773	-2.572508	-11.083988
121.883925	-11.984070	-18.673549	0.472973	15.828210	-0.651763	-2.745835	-11.141018
90.355482	-16.671965	-23.891986	2.702547	16.924693	-0.131643	-2.917942	-11.198182
-126.469269	-16.160950	-24.107694	2.802019	16.965927	-0.108203	-2.925704	-11.200774
73.577746	-15.569131	-24.321025	2.901271	17.006411	-0.084775	-2.933464	-11.203366
126.207863	6.362414	-27.644199	4.746809	17.634129	0.361677	-3.081648	-11.253117
-125.127097	29.429330	-28.431549	6.438244	17.967449	0.801589	-3.228613	-11.302957
-63.409086	28.531052	-24.565032	8.144969	17.963544	1.297541	-3.396163	-11.360454
124.088063	1.627651	-15.579854	9.531025	17.518510	1.779522	-3.561704	-11.418051
-17.800515	-0.051730	-15.061169	9.586814	17.486443	1.801682	-3.569389	-11.420746
-123.646190	-1.756861	-14.535025	9.641778	17.453326	1.823821	-3.577076	-11.423443
116.799912	-35.451196	-3.737368	10.497465	16.647136	2.228685	-3.718951	-11.473577
107.408188	-65.137220	8.044424	10.998012	15.475760	2.620694	-3.858999	-11.523773
-106.548274	-77.293575	20.983044	11.006867	13.723832	3.053991	-4.017464	-11.581510
34.073019	-48.913496	31.180753	10.240009	11.614654	3.467698	-4.173136	-11.639313
123.111262	-46.489838	31.543668	10.183095	11.510392	3.486237	-4.180227	-11.641973
-106.636419	-43.965597	31.895263	10.124139	11.405559	3.504731	-4.187312	-11.644634
-173.036486	84.827569	32.972482	5.906829	6.635622	4.233835	-4.476565	-11.755584
126.486219	0.877245	4.174141	-0.993675	1.475770	4.875481	-4.753310	-11.866687
-21.572606	-7.296456	3.326887	-1.170523	1.352321	4.889688	-4.759770	-11.869349
-120.075121	-15.481073	2.480251	-1.347261	1.228993	4.903840	-4.766222	-11.872010
116.667697	-23.750818	1.585425	-1.534155	1.098601	4.918757	-4.773042	-11.874827
85.420381	-31.271758	0.693113	-1.720704	0.968445	4.933602	-4.779849	-11.877642
-76.393740	-66.227612	-12.730667	-4.617822	-1.075678	5.161390	-4.887013	-11.922478
76.680030	-18.558802	-23.101391	-7.229052	-3.039761	5.372545	-4.991795	-11.967326
103.431567	49.069704	-29.605410	-9.849493	-5.417218	5.621861	-5.124713	-12.025828
-125.402210	42.164311	-26.660932	-11.238114	-7.507374	5.840328	-5.253206	-12.084334
-54.177452	41.230992	-26.347023	-11.270378	-7.591584	5.849229	-5.258766	-12.086914
126.259437	40.334340	-26.019957	-11.300300	-7.675119	5.858072	-5.264322	-12.089496
-16.584570	28.825383	-17.497383	-11.443125	-9.146570	6.017712	-5.370789	-12.139818
-120.783011	17.827766	-6.446987	-10.850460	-10.292303	6.152450	-5.473683	-12.190132
120.673269	-5.637655	6.524821	-9.389072	-11.212318	6.276284	-5.588332	-12.248429
95.586202	-18.569938	16.289530	-7.232968	-11.721696	6.364084	-5.697879	-12.306693
-126.265244	-18.507404	16.586572	-7.125658	-11.735016	6.367062	-5.702523	-12.309225
49.154561	-18.378445	16.871156	-7.017237	-11.747630	6.369972	-5.707160	-12.311758
129.224404	-5.755734	20.053379	-4.673053	-11.854197	6.412854	-5.796971	-12.361926
-129.170340	12.732810	19.122954	-2.023880	-11.702182	6.427482	-5.882858	-12.412059
-72.050612	20.463681	14.002325	1.251622	-11.228031	6.410487	-5.978051	-12.470467
124.888831	6.835413	6.148194	4.390578	-10.468426	6.359295	-6.067948	-12.528814
-27.364213	5.745348	5.794321	4.513628	-10.430873	6.356439	-6.071602	-12.531259
-124.643936	4.614594	5.439897	4.635836	-10.392855	6.353527	-6.075250	-12.533706
122.196546	-20.102234	-1.560116	6.887571	-9.522866	6.282023	-6.147918	-12.583771
109.836510	-28.859072	-6.927104	8.499109	-8.493722	6.189005	-6.216752	-12.633776
-118.800049	-14.817029	-9.479677	9.251709	-7.132460	6.056516	-6.291748	-12.691625
29.254513	15.455775	-8.607853	8.577679	-5.618787	5.899934	-6.361698	-12.749375
116.574229	16.607362	-8.515918	8.519528	-5.550420	5.892693	-6.364596	-12.751859
-116.440589	17.717239	-8.420603	8.459225	-5.481797	5.885412	-6.367485	-12.754342
-71.919116	31.175806	-5.991918	6.842480	-4.055017	5.730815	-6.423654	-12.804259
110.270044	29.708028	-3.225434	4.648215	-2.570298	5.561908	-6.476117	-12.854090
-24.357351	14.295703	-0.374321	1.820695	-0.875226	5.355601	-6.531060	-12.910370
-114.124804	-7.222369	1.690328	-0.983067	0.774929	5.135499	-6.581356	-12.966528
122.831414	-22.536079	2.496965	-3.350341	2.306241	4.905724	-6.626740	-13.022150
84.299857	-15.296680	1.857720	-4.998676	3.668900	4.667097	-6.667641	-13.077633
-131.792443	-14.434231	1.803749	-5.055251	3.726102	4.656025	-6.669403	-13.080164
63.165847	-13.532264	1.748319	-5.110184	3.782817	4.644940	-6.671156	-13.082695
132.553610	7.340807	0.439945	-5.871561	4.826442	4.415622	-6.704987	-13.134390
-125.213044	17.133855	-0.683038	-5.939914	5.617431	4.182750	-6.734991	-13.185950
-52.605398	17.295884	-0.719021	-5.926026	5.648297	4.171590	-6.736327	-13.188406
124.377284	17.437910	-0.752799	-5.910583	5.678542	4.160419	-6.737655	-13.190862
-28.435080	16.047960	-0.990802	-5.312035	6.151921	3.937367	-6.762335	-13.239751
-113.919167	5.251349	-0.596530	-4.279439	6.394817	3.714648	-6.783628	-13.288507
116.489464	-15.628520	0.250238	-2.759574	6.419312	3.459865	-6.804044	-13.344617
83.005967	-21.641951	1.067874	-1.121506	6.204920	3.208886	-6.820047	-13.400534
-122.945503	-21.243077	1.094629	-1.053645	6.191234	3.198415	-6.820625	-13.402882
61.426877	-20.780830	1.120484	-0.986074	6.177206	3.187959	-6.821194	-13.405227
127.715330	-1.080350	1.460903	0.327144	5.812943	2.973186	-6.831248	-13.453676
-130.462664	22.384119	1.419184	1.390738	5.324720	2.761296	-6.838043	-13.501965
-78.581433	28.963459	0.759295	2.255026	4.643508	2.520943	-6.841874	-13.557322
129.392923	7.966378	-0.655496	2.770484	3.877446	2.284141	-6.841491	-13.612453
-17.084146	6.388730	-0.728558	2.785887	3.842589	2.273805	-6.841378	-13.614873
-129.044373	4.762247	-0.802084	2.800709	3.807670	2.263476	-6.841257	-13.617292
125.269160	-26.893979	-2.258347	2.981680	3.114908	2.062239	-6.837267	-13.664636
101.977450	-33.421352	-3.461090	2.983761	2.419848	1.863453	-6.830218	-13.711798
-124.343390	-12.590645	-4.150121	2.831645	1.621860	1.635410	-6.818225	-13.766372
31.422877	17.889218	-4.220093	2.596412	0.844875	1.410413	-6.802197	-13.820690
124.705482	18.835282	-4.214178	2.586862	0.815488	1.401797	-6.801499	-13.822779
-124.611818	19.746017	-4.207769	2.577320	0.786150	1.393186	-6.800795	-13.824868
-67.371158	31.671243	-3.955671	2.363928	0.139411	1.200312	-6.783372	-13.871818
113.857835	30.603960	-3.553725	2.147242	-0.475228	1.009533	-6.762978	-13.918568
-28.808083	18.690787	-2.904708	1.877906	-1.133421	0.792451	-6.735876	-13.972115
-111.129195	-2.847343	-2.033631	1.579239	-1.728487	0.577865	-6.704932	-14.025391
111.339263	-3.909110	-1.993331	1.566430	-1.751122	0.569216	-6.703597	-14.027545
86.564872	-4.980771	-1.952630	1.553563	-1.773635	0.560571	-6.702256	-14.029698
-117.433805	-23.490156	-0.984401	1.265367	-2.224798	0.376393	-6.672058	-14.075696
63.810508	-18.303618	0.170631	0.958156	-2.612402	0.193896	-6.639039	-14.121478
120.198839	3.921551	1.720179	0.595894	-2.969912	-0.012441	-6.597954	-14.173462
-116.875758	18.746440	3.519766	0.236034	-3.230907	-0.216838	-6.553291	-14.225154
-65.290391	18.924304	3.614210	0.218781	-3.241087	-0.226782	-6.551016	-14.227674
116.685145	19.039123	3.709261	0.201574	-3.251021	-0.236722	-6.548734	-14.230193
-22.772395	12.566949	5.441763	-0.095160	-3.386716	-0.413326	-6.506606	-14.275001
-119.951177	-2.709642	6.977802	-0.363748	-3.442747	-0.588668	-6.461828	-14.319584
123.479013	-18.277200	7.997303	-0.621256	-3.407227	-0.789570	-6.406852	-14.370793
82.594518	-20.961921	7.640030	-0.803822	-3.267902	-0.988101	-6.348428	-14.421697
-125.550610	-20.631522	7.582412	-0.810195	-3.259343	-0.996963	-6.345719	-14.423980
59.640535	-20.256240	7.520913	-0.816411	-3.250596	-1.005819	-6.343004	-14.426262
126.453146	-5.946166	5.668990	-0.905939	-3.046440	-1.174962	-6.289412	-14.470059
-127.461269	14.339546	2.855549	-0.939526	-2.778327	-1.341564	-6.233304	-14.513625
-67.205655	26.797428	-1.046746	-0.908110	-2.394213	-1.532888	-6.164565	-14.564258
129.370594	13.913122	-4.895692	-0.801012	-1.945411	-1.720302	-6.092472	-14.614576
-22.454246	12.894687	-5.015018	-0.796071	-1.929226	-1.726576	-6.089973	-14.616274
-129.360477	11.835296	-5.133367	-0.791039	-1.912966	-1.732851	-6.087469	-14.617973
128.725702	-19.063468	-7.657983	-0.635642	-1.484054	-1.889609	-6.022996	-14.660737
119.264848	-32.581186	-8.915362	-0.425940	-1.024577	-2.043170	-5.956139	-14.703268
-123.844678	-16.972374	-8.323247	-0.122004	-0.467704	-2.215726	-5.876292	-14.751919
30.265587	20.849619	-5.975873	0.228731	0.108429	-2.383624	-5.793372	-14.800259
116.787582	22.451687	-5.820455	0.247510	0.138256	-2.392097	-5.789041	-14.802727
-116.372813	23.956853	-5.662245	0.266344	0.168102	-2.400556	-5.784703	-14.805195
-77.497125	35.561015	-2.649950	0.589919	0.674049	-2.541575	-5.710179	-14.846777
104.865401	28.032790	0.708154	0.912452	1.177704	-2.678771	-5.633413	-14.888125
-34.438435	8.441981	4.321494	1.249558	1.724495	-2.826234	-5.545720	-14.933695
-114.318149	-15.868058	7.260579	1.544145	2.249352	-2.968615	-5.455347	-14.978974
126.728180	-34.545481	8.984686	1.782996	2.763386	-3.111725	-5.358110	-15.025971
-133.985496	-20.170199	8.858800	1.925534	3.233027	-3.248835	-5.258042	-15.072649
43.522415	-18.493664	8.809353	1.929359	3.254100	-3.255168	-5.253240	-15.074848
133.950457	-16.738312	8.756294	1.932898	3.275071	-3.261487	-5.248431	-15.077047
-128.323578	18.080512	7.191995	1.948229	3.641050	-3.374623	-5.159340	-15.117164
-88.585690	31.656949	4.658056	1.873963	3.974282	-3.482933	-5.068191	-15.157041
113.016552	20.410204	0.898651	1.685447	4.319331	-3.601747	-4.960468	-15.202767
-5.055613	-4.492091	-3.057930	1.396033	4.623659	-3.713703	-4.850091	-15.248172
-112.936550	-5.689756	-3.239580	1.379723	4.637313	-3.718911	-4.844715	-15.250348
113.061040	-6.868869	-3.419766	1.363202	4.650879	-3.724103	-4.839334	-15.252523
95.554370	-23.312547	-6.314614	1.030351	4.880571	-3.814802	-4.741350	-15.291583
-119.012374	-26.141065	-8.189855	0.634737	5.083554	-3.900011	-4.641440	-15.330399
59.411026	-9.218560	-8.600448	0.109167	5.286406	-3.991083	-4.524119	-15.374767
119.349643	13.144575	-7.303540	-0.479011	5.458930	-4.074448	-4.404346	-15.418807
-119.264553	14.001934	-7.202624	-0.508792	5.466612	-4.078311	-4.398446	-15.420946
-51.349481	14.819217	-7.098506	-0.538646	5.474229	-4.082155	-4.392540	-15.423084
117.484115	21.892878	-4.754857	-1.077699	5.599177	-4.147355	-4.286514	-15.460989
-27.481360	14.261380	-1.691580	-1.616239	5.705309	-4.206394	-4.178739	-15.498648
-116.883279	-4.966278	2.090981	-2.209684	5.807014	-4.266838	-4.051825	-15.541946
118.823087	-20.273378	5.300718	-2.737483	5.888589	-4.318525	-3.922723	-15.584910
96.021338	-20.438607	5.427380	-2.760912	5.892097	-4.320815	-3.916379	-15.586995
-119.057650	-20.524263	5.550539	-2.784100	5.895564	-4.323083	-3.910030	-15.589079
42.779119	-11.261415	7.176268	-3.149980	5.950489	-4.359647	-3.796840	-15.625829
122.194175	7.871096	7.894925	-3.416296	5.994439	-4.389308	-3.682143	-15.662333
-121.586824	23.864492	7.874605	-3.579884	6.033997	-4.414844	-3.547231	-15.704380
-64.771617	20.596187	7.253018	-3.599708	6.065999	-4.430571	-3.410464	-15.746091
120.130747	19.907588	7.214532	-3.597680	6.067451	-4.431041	-3.404303	-15.747949
-34.679744	19.169971	7.175220	-3.595421	6.068916	-4.431491	-3.398135	-15.749808
-121.488395	-2.227120	6.278543	-3.507868	6.098514	-4.436181	-3.278289	-15.785583
126.805672	-26.281911	5.190941	-3.340148	6.127076	-4.433137	-3.157185	-15.821103
105.613180	-32.639515	3.832294	-3.053333	6.151990	-4.419794	-3.015915	-15.861781
-136.180372	-11.030256	2.458693	-2.673778	6.160711	-4.395703	-2.873096	-15.902119
57.350808	-9.328165	2.392070	-2.653727	6.160590	-4.394300	-2.866327	-15.904012
135.702645	-7.575692	2.325184	-2.633501	6.160416	-4.392874	-2.859560	-15.905903
-126.951927	24.777904	1.018362	-2.228732	6.146584	-4.362339	-2.734480	-15.940556
-79.430353	36.030938	-0.508673	-1.765424	6.109171	-4.323650	-2.608348	-15.974951
108.381430	23.131151	-2.575994	-1.162172	6.029804	-4.268671	-2.461020	-16.014458
-6.412096	-4.212832	-4.528782	-0.494556	5.904402	-4.202848	-2.312402	-16.053620
-109.410667	-5.528156	-4.606434	-0.462531	5.897424	-4.199572	-2.305559	-16.055407
109.629303	-6.833283	-4.682568	-0.430409	5.890337	-4.196276	-2.298718	-16.057193
94.431977	-27.081356	-5.770573	0.193442	5.735330	-4.130240	-2.169870	-16.090558
-119.883507	-31.489188	-5.968091	0.853417	5.535236	-4.056361	-2.040168	-16.123667
41.353706	-9.942756	-4.798104	1.647413	5.240160	-3.961095	-1.888568	-16.161783
119.836693	16.748350	-2.527708	2.420655	4.870723	-3.856086	-1.735956	-16.199550
-119.699528	17.615817	-2.401404	2.456125	4.851052	-3.850824	-1.728627	-16.201348
-69.797184	18.422350	-2.273894	2.491426	4.831180	-3.845537	-1.721291	-16.203148
117.592046	24.007389	0.139776	3.086509	4.440611	-3.746855	-1.588953	-16.235380
-34.396908	17.567529	2.506420	3.579588	3.984266	-3.641628	-1.455964	-16.267350
-123.724480	-0.035009	4.575261	3.973344	3.367326	-3.512057	-1.301280	-16.304028
128.961947	-18.833119	5.209488	4.122649	2.646402	-3.374591	-1.145851	-16.340354
92.824739	-19.272060	5.190234	4.122651	2.607729	-3.367563	-1.138109	-16.342150
-129.244425	-19.630584	5.165464	4.121911	2.568755	-3.360512	-1.130361	-16.343946
52.787310	-14.445007	3.946987	3.995878	1.845230	-3.234642	-0.994957	-16.375134
125.766159	3.294842	1.717430	3.675644	1.043683	-3.103526	-0.859094	-16.406057
-121.193843	21.965643	-1.212726	3.094488	0.031670	-2.945455	-0.701164	-16.441552
-67.588916	21.994342	-3.612889	2.323155	-1.052079	-2.781238	-0.542756	-16.476686
119.582557	21.449196	-3.704108	2.283034	-1.104226	-2.773414	-0.535335	-16.478321
-22.907874	20.854800	-3.793269	2.242555	-1.156521	-2.765571	-0.527909	-16.479956
-123.024831	2.963024	-5.017184	1.445967	-2.133628	-2.619618	-0.391562	-16.509800
129.628512	-19.997169	-5.335481	0.562580	-3.136953	-2.469828	-0.254971	-16.539377
105.320330	-31.216258	-4.328097	-0.536840	-4.323257	-2.290895	-0.095601	-16.573492
-136.352820	-13.399449	-1.811126	-1.635915	-5.510803	-2.107636	0.063978	-16.607243
42.386121	-11.717057	-1.670859	-1.684908	-5.565114	-2.099116	0.071316	-16.608786
135.721189	-9.961978	-1.529218	-1.733694	-5.619386	-2.090588	0.078655	-16.610327
-126.219654	24.617296	1.236430	-2.593334	-6.621531	-1.930251	0.215464	-16.638918
-90.930044	34.986830	3.800861	-3.318066	-7.598105	-1.767427	0.352320	-16.667238
109.590480	17.122766	5.859539	-3.914543	-8.692431	-1.574210	0.512407	-16.700022
-5.763725	-14.005761	6.801144	-4.156289	-9.717307	-1.378475	0.672432	-16.732435
-110.017776	-15.292365	6.818606	-4.157838	-9.762413	-1.369431	0.679780	-16.733915
110.137056	-16.542904	6.833869	-4.158507	-9.807361	-1.360377	0.687133	-16.735396
93.416462	-32.136422	6.734633	-4.015418	-10.607226	-1.191103	0.823954	-16.762809
-114.760522	-31.298801	5.986080	-3.605024	-11.327633	-1.020665	0.960632	-16.789950
47.594624	-10.441630	4.445638	-2.854809	-12.048862	-0.820910	1.119723	-16.821245
114.592858	14.043728	2.358231	-1.884757	-12.626740	-0.620472	1.278477	-16.852166
-114.531040	14.889507	2.252180	-1.836080	-12.649664	-0.611258	1.285759	-16.853577
-61.655170	15.694177	2.145373	-1.787094	-12.672265	-0.602044	1.293040	-16.854988
113.492296	22.853321	0.019834	-0.817272	-13.035691	-0.428835	1.429724	-16.881349
-15.713392	15.391509	-2.253366	0.215653	-13.278885	-0.255790	1.566059	-16.907432
-117.231833	-3.777398	-4.936924	1.432790	-13.403200	-0.055894	1.723441	-16.937286
122.638293	-19.052374	-7.529028	2.607181	-13.350700	0.143129	1.880218	-16.966762
102.901974	-19.143535	-7.637920	2.656503	-13.344237	0.151806	1.887059	-16.968042
-123.110233	-19.162546	-7.746331	2.705607	-13.337418	0.160480	1.893900	-16.969322
57.384090	-8.107707	-9.689170	3.617592	-13.130446	0.330271	2.027991	-16.994313
126.715031	11.064773	-10.918524	4.397087	-12.780768	0.498704	2.161538	-17.019025
-121.105758	22.437523	-10.750415	5.074505	-12.185342	0.693028	2.316569	-17.047497
-59.251767	18.312719	-8.366789	5.472117	-11.379799	0.884540	2.470728	-17.075586
113.640018	17.776671	-8.214732	5.483032	-11.338691	0.893038	2.477606	-17.076834
-25.438904	17.210623	-8.059255	5.493348	-11.297117	0.901536	2.484488	-17.078083
-113.356359	0.545032	-4.520812	5.571187	-10.410963	1.063587	2.616458	-17.101943
120.990341	-22.703800	-0.284038	5.412924	-9.358879	1.222806	2.747681	-17.125518
100.650968	-33.498330	4.835178	4.934234	-7.943159	1.403287	2.898714	-17.152474
-139.909661	-12.738810	9.416320	4.148613	-6.338394	1.578997	3.048607	-17.179045
45.909854	-10.892805	9.596140	4.106261	-6.262134	1.586788	3.055329	-17.180232
139.745367	-8.971518	9.773145	4.063291	-6.185500	1.594574	3.062052	-17.181420
-133.173326	28.830659	12.475028	3.134426	-4.667876	1.740735	3.189625	-17.203884
-93.000417	38.102103	13.522628	2.002456	-3.052549	1.882641	3.316257	-17.226062
118.491481	15.911724	12.240478	0.446334	-1.066581	2.042598	3.462944	-17.251610
1.266296	-18.071344	9.063138	-1.288525	0.995886	2.195782	3.608215	-17.276766
-118.575886	-19.320079	8.896569	-1.367905	1.088259	2.202391	3.614605	-17.277869
118.652234	-20.521936	8.728474	-1.447498	1.180767	2.208990	3.620997	-17.278973
103.109852	-34.220695	5.306783	-3.019833	2.994365	2.334788	3.745076	-17.300340
-120.401187	-30.347908	1.998795	-4.587839	4.807602	2.454782	3.867997	-17.321415
49.535624	-8.688353	-1.448117	-6.311326	6.864958	2.585485	4.008213	-17.345346
114.929901	14.000388	-4.400467	-7.860568	8.854759	2.707518	4.146758	-17.368885
-114.744367	14.697576	-4.517780	-7.923606	8.940567	2.712699	4.152837	-17.369916
-66.251852	15.355325	-4.633831	-7.986083	9.026117	2.717859	4.158908	-17.370945
111.579835	21.337963	-6.662480	-9.098672	10.663812	2.815601	4.277578	-17.391021
-27.808748	16.953665	-8.212925	-9.952144	12.202720	2.906063	4.394890	-17.410801
-117.275688	1.421030	-9.646368	-10.540042	13.822461	3.000606	4.527983	-17.433168
124.973903	-16.210858	-11.053005	-10.627703	15.258923	3.084576	4.659148	-17.455141
97.472809	-16.483791	-11.121644	-10.618527	15.319007	3.088095	4.664997	-17.456120
-125.537983	-16.679275	-11.191077	-10.608152	15.378740	3.091593	4.670847	-17.457098
42.922693	-7.943589	-12.583449	-10.164050	16.454940	3.154634	4.782930	-17.475821
128.260693	11.212197	-13.659279	-9.223701	17.385473	3.208956	4.893452	-17.494244
-125.399182	23.353111	-13.676103	-7.492441	18.278611	3.260404	5.019080	-17.515146
-76.394509	13.406017	-11.658252	-5.127778	18.977140	3.299275	5.142506	-17.535649
123.093603	12.540820	-11.526568	-5.011628	19.003344	3.300685	5.147874	-17.536540
-33.910944	11.647408	-11.391711	-4.894557	19.029172	3.302070	5.153236	-17.537430
-123.772069	-10.072091	-8.153849	-2.410846	19.462796	3.324204	5.258393	-17.554877
127.306434	-32.656137	-4.118743	0.318564	19.749300	3.336098	5.361784	-17.572021
97.102770	-46.388158	0.962915	3.622515	19.896743	3.336675	5.478541	-17.591377
-134.918676	-40.943149	5.896716	6.941200	19.848686	3.322869	5.592825	-17.610329
54.859207	-40.185894	6.103539	7.087198	19.841961	3.321919	5.597873	-17.611167
134.609072	-39.381225	6.308729	7.232879	19.834844	3.320940	5.602917	-17.612003
-123.982479	-13.256696	9.884903	9.974475	19.619042	3.296437	5.699713	-17.628069
-126.814479	31.177648	12.409162	12.482748	19.254713	3.261721	5.794563	-17.643829
21.621746	67.188153	11.803113	16.850054	17.802368	3.141690	6.010387	-17.679780
18.063541	-62.830476	1.542417	18.155936	15.524213	2.972114	6.215081	-17.714023
-110.093944	-62.408120	1.293013	18.148159	15.462980	2.967697	6.219630	-17.714786
116.397517	-61.554045	1.046078	18.138728	15.401356	2.963256	6.224173	-17.715547
101.468730	-59.827390	0.799248	18.127526	15.338737	2.958748	6.228755	-17.716316
-129.184132	-56.957588	0.554954	18.114638	15.275723	2.954217	6.233331	-17.717084
49.023232	-52.685659	0.305151	18.099549	15.210186	2.949509	6.238054	-17.717876
141.067983	-47.461481	0.058079	18.082660	15.144233	2.944776	6.242771	-17.718667
-174.363450	39.640158	-3.101870	17.659131	14.180889	2.876074	6.307992	-17.729619
-134.736698	52.907981	-5.698006	16.886968	13.143902	2.802664	6.371976	-17.740379
119.757076	-8.183741	-8.412337	15.218102	11.576634	2.691949	6.459759	-17.755167
11.673600	-38.318417	-10.331298	12.872078	9.897442	2.572777	6.545126	-17.769577
-99.690740	-34.795240	-11.687180	9.696183	8.040233	2.439445	6.631946	-17.784258
119.799869	-26.206552	-11.853703	5.791625	6.104055	2.297931	6.716145	-17.798521
98.036816	-25.877757	-11.830185	5.621960	6.026003	2.292162	6.719429	-17.799078
-121.078463	-25.544816	-11.804208	5.451040	5.947803	2.286376	6.722711	-17.799634
41.604222	-15.942115	-10.612735	1.446126	4.213954	2.156579	6.793640	-17.811668
124.492957	-0.692800	-8.212252	-2.948454	2.453231	2.021408	6.862615	-17.823385
-120.914966	19.918155	-3.957254	-8.251565	0.411908	1.859602	6.939621	-17.836481
-68.846587	19.741472	1.793355	-13.488513	-1.623081	1.691717	7.014065	-17.849154
121.269676	19.103229	2.041501	-13.684111	-1.701033	1.685136	7.016882	-17.849634
-27.848689	18.413537	2.291318	-13.879059	-1.778941	1.678547	7.019694	-17.850113
-125.028225	-6.301881	7.992807	-18.036625	-3.519162	1.528062	7.082042	-17.860735
132.039212	-30.780944	12.516911	-21.528491	-5.221717	1.373824	7.142483	-17.871036
110.209827	-28.120052	14.138193	-24.344647	-7.112213	1.192467	7.209581	-17.882475
-139.333543	5.097226	11.366508	-25.675413	-8.911478	1.007185	7.274194	-17.893489
44.055027	7.324513	11.130468	-25.702468	-8.997885	0.997910	7.277332	-17.894024
138.136502	9.583985	10.886482	-25.725884	-9.083956	0.988633	7.280462	-17.894557
-121.351163	47.891233	5.489065	-25.554846	-10.542634	0.825232	7.334189	-17.903712
-76.668165	69.625990	-1.448412	-24.299375	-11.915897	0.659709	7.386076	-17.912546
104.260896	70.801773	-10.094245	-21.519893	-13.400254	0.466117	7.443799	-17.922363
-15.194624	44.485417	-17.406252	-17.343778	-14.776728	0.270717	7.499092	-17.931750
-135.672748	42.629301	-17.635947	-17.151234	-14.828748	0.262996	7.501218	-17.932110
96.603993	40.697936	-17.860006	-16.956573	-14.880606	0.255274	7.503342	-17.932470
212.160247	-88.480266	-18.747354	-5.448129	-17.209770	-0.121499	7.602003	-17.949154
-128.738447	-6.513225	3.261131	8.039632	-19.182359	-0.498787	7.691945	-17.964254
33.905308	3.577032	3.899879	8.369618	-19.226571	-0.508036	7.694047	-17.964605
118.848829	13.701296	4.535339	8.698644	-19.270555	-0.517277	7.696143	-17.964955
-113.893823	23.410701	5.170245	9.028360	-19.314536	-0.526558	7.698243	-17.965305
-88.818510	32.252850	5.801176	9.357229	-19.358317	-0.535837	7.700338	-17.965655
53.927892	73.712539	15.118705	14.593236	-20.048606	-0.687792	7.733981	-17.971256
-46.374903	17.994391	21.111991	19.377149	-20.686374	-0.838873	7.766220	-17.976596
-90.044888	-57.734793	22.323067	24.541240	-21.434457	-1.032142	7.805764	-17.983098
125.165464	-45.648759	15.585245	28.245709	-22.101248	-1.222969	7.842997	-17.989162
91.466201	-44.268141	15.135669	28.377318	-22.129273	-1.231452	7.844611	-17.989424
-126.850221	-42.919251	14.676433	28.505991	-22.157122	-1.239923	7.846219	-17.989684
36.705349	-22.303375	4.292033	30.452178	-22.665884	-1.402597	7.876445	-17.994548
122.583261	-4.944012	-7.294843	31.422119	-23.118726	-1.562618	7.904958	-17.999082
-116.836583	17.522891	-19.046203	31.439017	-23.576734	-1.743991	7.935829	-18.003913
-69.144996	24.254618	-25.807916	30.399189	-23.970380	-1.920775	7.964439	-18.008300
118.336981	23.944387	-25.955090	30.332053	-23.986093	-1.928349	7.965632	-18.008481
-17.501976	23.576704	-26.089038	30.263228	-24.001681	-1.935908	7.966820	-18.008661
-123.073897	7.042220	-26.195432	28.547631	-24.288431	-2.084326	7.989594	-18.012063
129.654869	-14.994645	-22.039524	26.241631	-24.531124	-2.228492	8.010699	-18.015130
113.610271	-22.290459	-13.181581	23.020989	-24.758020	-2.388820	8.032957	-18.018248
-137.497309	-4.258026	-1.524366	19.396431	-24.930697	-2.542465	8.053029	-18.020920
36.548810	-2.862665	-0.982930	19.230989	-24.937083	-2.549062	8.053862	-18.021028
136.950195	-1.424179	-0.440868	19.065189	-24.943369	-2.555645	8.054690	-18.021134
-127.588026	25.890149	10.060266	15.746942	-25.047169	-2.682576	8.070187	-18.023056
-89.576805	28.570401	19.053422	12.432669	-25.113483	-2.803663	8.084061	-18.024641
110.498549	7.585337	25.895773	8.799123	-25.145344	-2.935384	8.098042	-18.026046
-3.340457	-19.328262	29.137390	5.548945	-25.131733	-3.058324	8.109900	-18.027002
-111.243406	-20.383582	29.210026	5.412278	-25.130063	-3.063716	8.110391	-18.027035
111.375726	-21.408874	29.276569	5.276808	-25.128305	-3.069084	8.110877	-18.027067
96.754532	-34.389460	29.495875	2.899967	-25.077852	-3.167753	8.119312	-18.027496
-116.288890	-32.142183	28.076127	0.897341	-24.996133	-3.259189	8.126166	-18.027582
45.070815	-10.152799	25.094938	-0.952719	-24.868012	-3.353522	8.132009	-18.027270
117.398250	18.901005	21.434898	-2.418352	-24.703151	-3.438736	8.135870	-18.026521
-117.955305	37.325983	17.961633	-3.545030	-24.503766	-3.514751	8.137761	-18.025339
-63.809832	31.581264	15.353816	-4.387080	-24.270760	-3.582062	8.137715	-18.023722
119.496290	30.782933	15.257411	-4.419645	-24.259298	-3.584941	8.137666	-18.023638
-20.407865	29.945308	15.162971	-4.451718	-24.247768	-3.587803	8.137614	-18.023552
-120.994697	9.542842	13.710197	-4.982633	-24.011280	-3.639728	8.135805	-18.021715
121.904933	-7.780787	12.935359	-5.364750	-23.750508	-3.685062	8.132490	-18.019533
118.784389	-14.091369	12.801287	-5.656524	-23.420656	-3.729350	8.126811	-18.016588
