-21.485204	-8.690826	12.537561	1.130703	2.419146	-3.936763	-1.550309	6.650598
2.288272	-8.767436	12.536890	1.127922	2.421233	-3.936450	-1.550198	6.650679
17.809053	-8.842972	12.530223	1.125025	2.423336	-3.936120	-1.550085	6.650759
-17.746895	-7.751910	11.351596	1.049818	2.465416	-3.927128	-1.547592	6.652227
-9.656557	2.137658	8.500752	0.933191	2.513178	-3.912672	-1.544368	6.653627
17.275873	8.102469	4.182887	0.744385	2.575863	-3.889036	-1.539717	6.655163
1.064006	-4.390638	0.116436	0.495505	2.646827	-3.857904	-1.534071	6.656607
-16.828569	-4.879340	-0.044520	0.482281	2.650374	-3.856254	-1.533781	6.656672
16.805787	-5.318161	-0.201491	0.468927	2.653937	-3.854588	-1.533489	6.656738
14.807920	-6.761063	-2.223066	0.195938	2.723527	-3.820650	-1.527669	6.657914
-16.020182	-3.269169	-2.214189	-0.126269	2.799940	-3.780880	-1.521083	6.659020
5.196990	-2.351713	-0.506309	-0.551077	2.896119	-3.728101	-1.512593	6.660201
16.343773	0.755144	1.674769	-1.006417	3.001910	-3.667503	-1.503082	6.661291
-16.375028	1.086768	1.761425	-1.027023	3.006895	-3.664594	-1.502631	6.661337
-16.415940	1.414223	1.846074	-1.047616	3.011900	-3.661670	-1.502177	6.661384
17.389829	3.983399	2.911992	-1.440373	3.113192	-3.601675	-1.492952	6.662253
-4.109081	-1.358690	2.407356	-1.806455	3.222339	-3.535583	-1.482938	6.663051
-20.195761	-3.580549	-0.200183	-2.184605	3.357075	-3.452459	-1.470512	6.663877
21.378714	3.675200	-3.832255	-2.515564	3.502558	-3.361188	-1.457039	6.664612
9.570598	3.514621	-3.948865	-2.529997	3.509712	-3.356658	-1.456375	6.664644
-21.459569	3.298332	-4.055839	-2.544312	3.516888	-3.352110	-1.455708	6.664677
19.698442	-2.438409	-4.167055	-2.786240	3.652948	-3.264925	-1.442983	6.665235
21.938604	-3.810955	-0.665492	-2.977082	3.795089	-3.171383	-1.429448	6.665723
-21.580934	3.558959	4.894423	-3.085335	3.962947	-3.056190	-1.412917	6.666196
-8.861267	-2.895484	5.186611	-3.011343	4.131074	-2.932458	-1.395305	6.666575
20.951195	-3.010716	5.025392	-3.002099	4.138989	-2.926342	-1.394437	6.666590
-1.225830	-3.060809	4.848234	-2.992296	4.146884	-2.920210	-1.393568	6.666606
-20.327272	1.742513	-0.067237	-2.719994	4.287060	-2.805174	-1.377317	6.666851
15.407066	2.279892	-4.489442	-2.286731	4.417517	-2.683570	-1.360238	6.667026
19.253925	-1.152128	-5.995722	-1.617630	4.550383	-2.534674	-1.339450	6.667140
-18.983702	-1.647188	-2.577017	-0.817928	4.657320	-2.376824	-1.317542	6.667160
11.072863	-1.602261	-2.332334	-0.779063	4.661558	-2.369244	-1.316493	6.667159
18.974271	-1.547157	-2.082876	-0.740149	4.665724	-2.361644	-1.315441	6.667157
-19.015934	0.884517	2.849728	-0.022371	4.729171	-2.216722	-1.295441	6.667090
-18.465282	1.393748	6.313956	0.632733	4.762909	-2.064935	-1.274587	6.666951
19.658785	-0.547979	5.706008	1.236039	4.759135	-1.881896	-1.249554	6.666703
-3.813744	-2.317760	1.122288	1.698659	4.703320	-1.689644	-1.223378	6.666361
-20.160154	-2.104963	0.833933	1.718274	4.699211	-1.680172	-1.222090	6.666342
20.183112	-1.850596	0.541438	1.737699	4.694966	-1.670679	-1.220801	6.666323
9.390381	3.594790	-4.347009	2.062676	4.594201	-1.495933	-1.197082	6.665941
-20.978846	1.531417	-5.663293	2.365782	4.444816	-1.314732	-1.172493	6.665488
21.436400	-6.875010	-2.684779	2.710286	4.206058	-1.097599	-1.142931	6.664874
0.535956	8.010450	2.542717	2.960241	3.891285	-0.873713	-1.112186	6.664164
-13.358907	8.069312	2.732755	2.967688	3.874578	-0.863078	-1.110716	6.664128
-21.941340	7.973742	2.911536	2.974664	3.857681	-0.852426	-1.109243	6.664092
22.320108	-8.221322	4.376038	3.002801	3.513995	-0.654201	-1.081614	6.663393
1.450552	-7.613218	3.230589	2.803229	3.110391	-0.453054	-1.053089	6.662622
-22.854730	6.477004	0.213264	2.297863	2.578574	-0.218707	-1.019073	6.661643
22.828376	3.928963	-1.858870	1.529535	1.986402	0.016769	-0.983853	6.660568
16.582472	3.231123	-1.916944	1.487033	1.956942	0.027965	-0.982149	6.660514
-22.810042	2.526357	-1.971329	1.444016	1.927372	0.039160	-0.980442	6.660461
13.178480	-4.158940	-2.312342	0.570530	1.368555	0.243583	-0.948735	6.659439
22.097611	-1.261289	-1.524233	-0.431555	0.780728	0.446686	-0.916106	6.658345
-21.574221	3.689604	0.007872	-1.582174	0.075981	0.678151	-0.877299	6.656992
-4.629150	-4.417736	1.053394	-2.511653	-0.646274	0.905088	-0.837250	6.655541
21.156131	-4.307923	1.063963	-2.545629	-0.679965	0.915465	-0.835365	6.655471
-2.940849	-4.098011	1.070157	-2.578608	-0.713647	0.925822	-0.833478	6.655402
-21.024832	5.587807	0.612328	-3.010772	-1.345132	1.117165	-0.797655	6.654057
21.179254	-1.695866	-0.201525	-3.081252	-1.973151	1.302932	-0.760885	6.652639
10.898749	-8.021565	-0.631999	-2.700980	-2.677267	1.508017	-0.717510	6.650921
-22.734967	-5.628243	0.017656	-1.844672	-3.339221	1.703028	-0.672875	6.649105
15.400173	-5.308638	0.065048	-1.790888	-3.370905	1.712536	-0.670598	6.649012
22.859415	-4.951687	0.112657	-1.736166	-3.402433	1.722021	-0.668317	6.648917
-19.447300	5.995196	0.795813	-0.661315	-3.917752	1.881582	-0.628261	6.647247
-25.190512	8.892414	0.627066	0.574712	-4.362539	2.031298	-0.587237	6.645502
25.935277	-7.934281	-0.862101	1.950396	-4.764932	2.190016	-0.538864	6.643404
-0.003916	2.421968	-1.516637	2.940142	-5.026274	2.332988	-0.489193	6.641208
-25.479898	3.320387	-1.506812	2.973942	-5.034839	2.339435	-0.486774	6.641100
25.418729	4.194917	-1.492864	3.006347	-5.043017	2.345843	-0.484351	6.640992
1.440025	5.346630	-0.501094	3.346618	-5.120815	2.454302	-0.440222	6.639004
-21.317536	-4.737989	1.517252	3.213819	-5.059322	2.549455	-0.395109	6.636943
6.133357	6.264528	2.578716	1.166825	-4.388092	2.720880	-0.284212	6.631760
16.278893	7.597060	-0.854350	-2.123074	-3.124738	2.814701	-0.167695	6.626159
-15.281169	6.602220	-0.941147	-2.190955	-3.090712	2.815914	-0.164987	6.626028
-16.559638	4.764518	-1.027207	-2.258004	-3.056460	2.817087	-0.162275	6.625895
16.706680	1.768073	-1.111011	-2.323064	-3.022569	2.818201	-0.159605	6.625765
2.665515	-1.314887	-1.193907	-2.387203	-2.988485	2.819276	-0.156931	6.625635
-17.023015	-3.651341	-1.281946	-2.455100	-2.951623	2.820387	-0.154054	6.625494
17.188125	-4.479719	-1.368714	-2.521805	-2.914564	2.821451	-0.151175	6.625354
8.010891	-5.799122	-2.401411	-3.305496	-2.378283	2.831494	-0.110821	6.623375
-21.190254	-6.144963	-2.951095	-3.739386	-1.807014	2.832623	-0.069833	6.621350
23.127410	-9.440642	-2.372363	-3.624293	-0.959962	2.819064	-0.011278	6.618430
11.438837	2.425732	0.163925	-2.814292	-0.081408	2.787688	0.048508	6.615419
-24.633444	8.450041	2.683724	-1.470656	0.842797	2.735722	0.112247	6.612174
-4.829479	-6.130874	2.627610	0.129868	1.744729	2.664052	0.177185	6.608828
24.227360	-6.629768	2.553700	0.207877	1.786383	2.660170	0.180286	6.608667
4.394479	-7.060842	2.473631	0.285944	1.827946	2.656240	0.183392	6.608506
-22.000822	4.526885	-2.151894	3.052974	3.370259	2.460683	0.310445	6.601812
17.142047	-1.767809	-0.424925	4.101172	4.513401	2.192767	0.440042	6.594747
19.452620	-2.153870	-0.337233	4.106579	4.534767	2.185265	0.443251	6.594569
-19.404543	-2.539383	-0.249992	4.111207	4.555781	2.177714	0.446462	6.594390
11.751374	-2.928173	-0.160997	4.115165	4.577006	2.169902	0.449766	6.594206
19.308915	-3.292735	-0.072942	4.118324	4.597836	2.162044	0.453070	6.594022
-18.205417	3.444742	1.703510	3.739194	5.113651	1.823919	0.580734	6.586739
-6.949229	4.028677	-0.724340	2.728759	5.134595	1.419224	0.708307	6.579101
17.986590	3.386555	-0.800497	2.698832	5.129554	1.408395	0.711472	6.578906
6.460350	2.704541	-0.875709	2.668763	5.124265	1.397541	0.714634	6.578712
-17.985188	2.015319	-0.949352	2.638734	5.118762	1.386725	0.717774	6.578518
17.984552	1.346777	-1.021739	2.608555	5.113014	1.375877	0.720914	6.578324
9.961528	-4.006238	-1.855567	2.112261	4.989547	1.199220	0.770710	6.575211
-18.037360	-2.913339	-1.764546	1.599690	4.809209	1.015415	0.820219	6.572043
4.970142	1.545144	-0.492881	0.914584	4.480394	0.754788	0.887193	6.567631
18.740495	3.389659	1.305780	0.278192	4.067697	0.485103	0.953322	6.563115
-17.103369	3.306585	1.390296	0.249436	4.046022	0.471989	0.956468	6.562896
-18.804102	3.189245	1.473829	0.220866	4.024185	0.458859	0.959612	6.562677
19.502408	-2.958066	2.596575	-0.259596	3.603008	0.219214	1.016016	6.558671
10.724268	-3.879489	2.229364	-0.665915	3.137561	-0.023606	1.071517	6.554588
-21.205150	2.828225	-0.543038	-1.068892	2.557235	-0.305203	1.134185	6.549787
21.807637	5.178799	-3.163625	-1.443395	1.941814	-0.586431	1.195316	6.544882
10.192525	4.715760	-3.234773	-1.461009	1.912257	-0.599590	1.198146	6.544649
-21.841348	4.200247	-3.299299	-1.478672	1.882633	-0.612752	1.200975	6.544416
21.947973	-5.466081	-3.062221	-1.817484	1.326582	-0.855147	1.252675	6.540052
13.670391	-2.195298	-0.040129	-2.187969	0.762811	-1.093599	1.302937	6.535609
-21.224996	4.752711	3.609546	-2.639555	0.117332	-1.360213	1.358675	6.530415
-10.290970	-1.169791	3.845589	-3.097152	-0.514665	-1.617062	1.412184	6.525117
20.507679	-1.543969	3.763741	-3.119999	-0.545933	-1.629704	1.414819	6.524847
1.869324	-1.899925	3.674046	-3.142803	-0.577151	-1.642323	1.417449	6.524577
-19.851701	-3.413653	1.044800	-3.506083	-1.104138	-1.855074	1.461895	6.519868
19.310184	3.239983	-2.470968	-3.735821	-1.601992	-2.056757	1.504380	6.515079
9.210789	0.615871	-3.809748	-3.691042	-2.129016	-2.273200	1.550721	6.509465
-18.834738	-3.869011	-2.017257	-3.201100	-2.598184	-2.470354	1.594123	6.503747
12.425167	-3.809578	-1.867091	-3.167944	-2.618770	-2.479128	1.596092	6.503474
18.851356	-3.695496	-1.711941	-3.133985	-2.639215	-2.487852	1.598055	6.503202
-19.170627	4.105830	1.421006	-2.381073	-2.990163	-2.639532	1.632936	6.498144
-11.286423	2.961916	3.364729	-1.442654	-3.291244	-2.773028	1.665332	6.493007
20.189374	-3.807127	3.214223	-0.245287	-3.572675	-2.901689	1.699283	6.487015
-4.247550	-2.029062	1.147036	0.951182	-3.782872	-3.001843	1.729626	6.480917
-20.401963	-1.715404	1.028298	1.004611	-3.790916	-3.005792	1.730955	6.480629
20.398281	-1.389557	0.909007	1.057682	-3.798797	-3.009673	1.732275	6.480341
7.135296	2.571649	-1.183550	1.959131	-3.915302	-3.069133	1.755297	6.474938
-19.571605	2.889038	-2.310428	2.626001	-3.973376	-3.103360	1.775322	6.469455
8.360958	0.264701	-1.796491	2.998251	-3.964993	-3.109783	1.794581	6.463041
18.347645	-2.966831	-0.377133	2.949935	-3.871301	-3.080631	1.809760	6.456520
-18.333139	-3.089438	-0.311504	2.937663	-3.864602	-3.078382	1.810381	6.456207
-11.082664	-3.219979	-0.247206	2.924503	-3.857692	-3.076055	1.810994	6.455893
18.503967	0.159942	1.136298	1.733337	-3.425769	-2.922240	1.828015	6.443104
-0.997086	4.442962	0.256043	-0.323635	-2.754426	-2.660984	1.830396	6.429925
-19.324426	2.380573	0.204985	-0.372108	-2.736702	-2.653753	1.830278	6.429613
19.340661	0.173152	0.152657	-0.420362	-2.718888	-2.646468	1.830153	6.429302
16.536541	-2.206107	0.095236	-0.472043	-2.699610	-2.638564	1.830009	6.428966
-19.374513	-4.389291	0.037081	-0.523386	-2.680243	-2.630603	1.829856	6.428630
19.597656	-4.349832	-0.723377	-1.291421	-2.353930	-2.493247	1.826097	6.423128
9.623513	3.315980	-0.466603	-1.876766	-2.010855	-2.341887	1.819948	6.417563
-19.881399	2.009657	0.808324	-2.309034	-1.557173	-2.129242	1.808605	6.410340
-13.257667	-1.366236	1.121031	-2.347370	-1.099843	-1.897554	1.793396	6.403007
20.012003	-1.362140	1.076819	-2.338748	-1.078161	-1.886090	1.792577	6.402656
0.365105	-1.332885	1.025918	-2.329187	-1.056494	-1.874589	1.791748	6.402304
-20.172396	0.895959	-0.573837	-2.033289	-0.665354	-1.658769	1.775148	6.395847
20.406748	-0.019844	-1.942684	-1.656025	-0.283998	-1.431891	1.755691	6.389302
14.536427	-2.129739	-1.758486	-1.343228	0.137689	-1.158300	1.729721	6.381638
-21.436440	-2.255805	0.727787	-1.163995	0.532980	-0.874101	1.700005	6.373849
5.315444	-2.141267	0.871902	-1.157158	0.550818	-0.860498	1.698514	6.373479
21.506215	-1.997488	1.016420	-1.150361	0.568591	-0.846868	1.697014	6.373108
-22.226465	3.458180	3.441140	-1.016879	0.883168	-0.591446	1.667758	6.366198
-13.445099	0.453810	4.495434	-0.813402	1.166924	-0.331261	1.635700	6.359188
23.666677	-5.920710	3.222737	-0.415254	1.448188	-0.028983	1.595523	6.351022
1.180617	-0.836544	-0.643816	0.148176	1.675516	0.275436	1.551720	6.342715
-23.974781	-0.301388	-0.845839	0.177078	1.684423	0.289243	1.549651	6.342336
23.975001	0.251063	-1.047943	0.206248	1.693203	0.303050	1.547573	6.341956
10.292651	7.146645	-4.564059	0.814692	1.836542	0.568078	1.506217	6.334593
-23.276456	3.663727	-6.197996	1.498873	1.928302	0.831442	1.462158	6.327119
22.570006	-6.163214	-4.264555	2.288436	1.963906	1.130754	1.408103	6.318369
6.221935	4.877648	1.732519	2.734863	1.917597	1.423698	1.350525	6.309464
-21.933422	4.979623	2.009522	2.740328	1.913394	1.436932	1.347803	6.309052
-14.191362	4.975522	2.280391	2.744162	1.909004	1.450148	1.345073	6.308640
21.632850	-4.185713	5.756550	2.455880	1.792217	1.696066	1.292138	6.300789
-4.898779	-3.009450	5.120072	1.402247	1.616764	1.933543	1.236608	6.292816
-21.828777	3.890719	0.502860	-0.386266	1.353753	2.193104	1.169542	6.283487
22.354895	-1.205412	-2.966844	-2.220688	1.038301	2.434262	1.099101	6.273989
15.170283	-1.374788	-3.062209	-2.301631	1.021661	2.445585	1.095547	6.273517
-22.433199	-1.532356	-3.149670	-2.381169	1.004929	2.456854	1.091986	6.273044
13.610495	-5.290618	-3.267254	-3.479627	0.694982	2.646886	1.027561	6.264607
23.444893	-4.207575	-0.837743	-3.786295	0.365544	2.816971	0.960621	6.256034
-22.063730	7.270437	2.051155	-3.091309	-0.021959	2.984151	0.880741	6.246029
-16.545379	0.951205	1.889498	-1.319701	-0.392480	3.117632	0.797608	6.235839
19.192339	0.143632	1.813943	-1.213302	-0.408739	3.122938	0.793674	6.235362
-9.895329	-0.700897	1.733883	-1.104888	-0.424904	3.128166	0.789731	6.234884
-17.161358	-9.601197	-0.231892	1.153463	-0.705618	3.210901	0.714172	6.225807
3.827053	10.578222	-1.540725	3.319366	-0.927106	3.261887	0.636203	6.216582
6.103831	-5.025751	0.038625	4.887455	-1.077252	3.278101	0.548269	6.206323
9.112746	-10.900208	2.645787	5.303302	-1.105107	3.249447	0.457751	6.195881
9.069325	6.992970	-4.236761	2.185224	-0.726860	3.025712	0.256147	6.172835
9.199306	-7.297505	-7.782784	-3.855943	-0.003956	2.587530	0.047041	6.148897
-11.085813	7.468419	-6.303266	-4.004957	0.014208	2.574916	0.042066	6.148324
13.044236	7.789930	-4.756134	-4.153343	0.032354	2.562204	0.037088	6.147751
-1.136901	-1.717753	-3.177955	-4.302342	0.050673	2.549256	0.032054	6.147170
-17.056557	-8.364322	-1.646492	-4.450000	0.068964	2.536207	0.027018	6.146590
18.895703	-4.237431	-0.299707	-4.586966	0.086091	2.523879	0.022292	6.146044
10.027309	2.198247	0.952437	-4.722243	0.103195	2.511456	0.017560	6.145498
-42.012488	15.416998	8.988043	-6.342961	0.353543	2.314532	-0.053847	6.137227
33.022030	-21.424535	1.210155	-6.651953	0.580690	2.100282	-0.125595	6.128849
57.423710	-31.796476	-10.413641	-4.446588	0.834492	1.775749	-0.226241	6.116958
-50.179661	33.445525	0.423671	0.453986	0.992113	1.427208	-0.327013	6.104856
-13.016186	-6.014197	10.589697	5.373858	1.029905	1.044272	-0.431952	6.091998
23.022120	-18.124926	8.589145	7.054923	0.913168	0.648344	-0.536336	6.078902
-7.113290	-14.009588	8.080063	7.050494	0.903280	0.629175	-0.541312	6.078269
-21.951784	-9.825943	7.531749	7.039121	0.892988	0.609991	-0.546286	6.077635
14.862978	10.336559	-4.382668	5.755538	0.645764	0.262365	-0.635537	6.066121
14.850661	0.340878	-8.247307	2.821518	0.308405	-0.086090	-0.723859	6.054424
-11.656261	-5.253733	-2.248930	-1.701782	-0.144554	-0.486495	-0.824903	6.040613
0.947668	6.513975	5.307991	-5.619085	-0.605265	-0.876882	-0.924038	6.026548
13.791874	6.342533	5.501836	-5.755336	-0.626331	-0.895097	-0.928699	6.025873
-13.909486	6.043747	5.671975	-5.885277	-0.647257	-0.913264	-0.933353	6.025197
7.467494	-9.849713	1.180064	-6.632360	-1.306617	-1.605058	-1.115548	5.997575
21.214157	3.590144	-2.039423	-2.164976	-1.425709	-2.194770	-1.286899	5.968978
-1.898928	5.033876	-2.017262	-2.046197	-1.422216	-2.207101	-1.290787	5.968292
-21.258417	6.430211	-1.991021	-1.928065	-1.418469	-2.219345	-1.294666	5.967605
21.277361	7.678529	-1.960262	-1.808612	-1.414401	-2.231704	-1.298600	5.966907
6.992643	8.657840	-1.925503	-1.689848	-1.410075	-2.243972	-1.302523	5.966209
-21.264965	0.249602	-0.884627	0.228605	-1.298414	-2.440014	-1.368173	5.954223
17.941540	-5.435573	0.368401	1.905639	-1.122232	-2.610457	-1.431402	5.942068
20.027622	0.781400	1.226163	3.603876	-0.818248	-2.789919	-1.508574	5.926252
-19.461571	2.388989	1.477314	4.702739	-0.442837	-2.926810	-1.581149	5.910152
-13.063583	2.162939	1.482257	4.739384	-0.423677	-2.932238	-1.584449	5.909386
19.437396	1.924968	1.486808	4.774675	-0.404398	-2.937576	-1.587739	5.908620
-5.145817	-1.188168	1.400274	5.172040	-0.030430	-3.019869	-1.646299	5.894391
-19.990063	-2.618538	0.614470	5.078460	0.370858	-3.072559	-1.700879	5.879943
20.942674	-1.083749	-1.520731	4.461423	0.847600	-3.098002	-1.758745	5.862951
12.007286	4.527208	-3.338782	3.456302	1.308842	-3.086946	-1.810633	5.845657
-22.185428	4.315207	-3.367518	3.404575	1.328747	-3.085615	-1.812824	5.844871
6.401188	4.028194	-3.389502	3.352449	1.348542	-3.084214	-1.815001	5.844085
23.318316	-4.970987	-2.315083	2.272915	1.707557	-3.043550	-1.854525	5.828799
-20.970180	2.559365	1.441968	1.088315	2.009029	-2.977533	-1.889337	5.813279
-25.219431	4.742926	4.985841	-0.332976	2.257605	-2.871692	-1.923532	5.795196
25.733408	-3.793379	3.356588	-1.713148	2.373198	-2.734775	-1.951735	5.776799
0.003071	-4.369629	3.148951	-1.774059	2.374869	-2.727473	-1.952935	5.775912
-25.756908	-4.906382	2.931055	-1.834270	2.376163	-2.720103	-1.954121	5.775024
25.762548	-2.788059	-2.083924	-2.770067	2.329958	-2.574341	-1.973368	5.758755
7.148124	6.645222	-5.983967	-3.276025	2.137923	-2.406908	-1.988265	5.742242
-24.805198	3.338682	-4.237869	-3.156546	1.716977	-2.189607	-2.000149	5.722875
23.959545	-9.478285	1.585986	-2.395410	1.097159	-1.950320	-2.006456	5.703179
21.266027	-8.901578	1.882233	-2.347563	1.064114	-1.938617	-2.006617	5.702247
-1.099904	-8.158609	2.176643	-2.298782	1.030749	-1.926867	-2.006766	5.701313
-23.034419	10.033611	6.177670	-1.263689	0.368847	-1.703053	-2.007371	5.683920
22.122158	-9.646167	5.148589	-0.083396	-0.347386	-1.468479	-2.003953	5.666275
6.104633	-9.372813	0.157505	1.229550	-1.178996	-1.188788	-1.995151	5.645677
-19.563805	5.562651	-4.703512	2.238654	-1.952967	-0.902174	-1.981254	5.624746
19.492274	5.893075	-4.851067	2.274177	-1.986834	-0.888570	-1.980476	5.623752
5.870756	6.113397	-4.987403	2.308403	-2.020413	-0.874959	-1.979687	5.622757
-18.035058	-1.040216	-5.578331	2.673686	-2.579294	-0.623718	-1.963201	5.604308
7.259777	-3.000715	-3.289147	2.475150	-3.004578	-0.373054	-1.943062	5.585610
15.688958	2.107623	1.101784	1.681835	-3.317356	-0.087430	-1.915347	5.563696
-15.549502	-0.652741	4.619619	0.515750	-3.433184	0.190355	-1.882988	5.541456
-9.021821	-1.359405	4.708116	0.457987	-3.433692	0.202715	-1.881413	5.540441
15.595039	-2.075695	4.788102	0.399980	-3.433786	0.215054	-1.879829	5.539424
-13.014263	3.345072	2.138778	-1.956181	-3.056805	0.714167	-1.804772	5.495981
-20.743164	3.100565	-3.447718	-2.935685	-1.940733	1.166360	-1.714145	5.451404
20.763943	1.192539	-3.490589	-2.926782	-1.904582	1.176812	-1.711730	5.450294
9.879795	-0.753080	-3.525411	-2.915919	-1.868015	1.187236	-1.709304	5.449183
-20.798203	-2.786548	-3.554348	-2.901513	-1.826831	1.198808	-1.706591	5.447945
16.659345	-4.514056	-3.572533	-2.884672	-1.785177	1.210338	-1.703867	5.446706
20.629475	-4.426080	-2.760979	-2.379565	-1.124398	1.374986	-1.662550	5.428388
-18.010555	4.345335	-0.778339	-1.493195	-0.394475	1.529993	-1.618922	5.409893
-18.564041	1.113268	1.739684	-0.013000	0.607156	1.716071	-1.558891	5.385608
17.206227	-3.175269	2.680284	1.542203	1.607753	1.883786	-1.495183	5.361034
-7.827537	-2.895752	2.654219	1.612934	1.654422	1.891323	-1.492047	5.359852
-17.094121	-2.577652	2.620533	1.683062	1.700929	1.898815	-1.488904	5.358669
16.296648	2.627891	1.068194	2.804022	2.505915	2.026464	-1.430655	5.337165
1.023574	1.480062	-1.057705	3.498812	3.212551	2.138636	-1.369844	5.315453
-15.966532	-2.114742	-2.347631	3.515335	3.850366	2.247998	-1.296472	5.290100
9.880802	0.088542	-1.110070	2.535207	4.247011	2.334474	-1.219913	5.264478
16.643131	0.330493	-1.003782	2.466041	4.260300	2.338127	-1.216054	5.263206
-16.690424	0.576459	-0.895189	2.395337	4.273015	2.341723	-1.212189	5.261934
-10.398220	2.458490	1.099764	0.970537	4.404791	2.394912	-1.143452	5.239603
18.862357	0.538542	2.450899	-0.606295	4.373560	2.429446	-1.072529	5.217078
-5.008359	-3.526714	2.278294	-2.266083	4.147526	2.446057	-0.987547	5.190685
-20.781683	0.025794	-0.098968	-3.463382	3.732850	2.438695	-0.899853	5.164039
20.795035	0.547861	-0.247994	-3.504211	3.708763	2.437778	-0.895629	5.162769
2.652889	1.070572	-0.398714	-3.543402	3.684273	2.436809	-0.891396	5.161497
-20.691300	4.988560	-2.839329	-3.932713	3.173225	2.410637	-0.813421	5.138278
20.120225	-5.509292	-3.053160	-3.620572	2.546064	2.368963	-0.733647	5.114878
15.277871	-3.250209	0.012300	-2.417399	1.697539	2.302491	-0.638864	5.087467
-18.292306	5.928450	3.285337	-0.694863	0.763503	2.218236	-0.542037	5.059821
-14.364012	5.946930	3.369483	-0.612265	0.720030	2.214035	-0.537615	5.058565
18.226065	5.915081	3.444973	-0.529605	0.676484	2.209801	-0.533189	5.057310
-4.814859	0.113352	3.368029	1.007756	-0.159338	2.123288	-0.448374	5.033340
-17.571468	-5.462233	1.119028	2.348275	-0.989035	2.026133	-0.362413	5.009204
17.660652	0.518101	-2.598243	3.520116	-1.905868	1.901200	-0.261198	4.980924
12.794355	4.764805	-4.241900	4.154857	-2.728261	1.765082	-0.158896	4.952427
-18.049676	4.480691	-4.205421	4.169578	-2.764116	1.758422	-0.154053	4.951079
11.236531	4.132770	-4.156467	4.182880	-2.799689	1.751740	-0.149208	4.949730
18.576254	-4.678109	-1.572364	4.210608	-3.400196	1.626165	-0.060360	4.924997
-19.193302	0.270384	2.402147	3.952110	-3.908039	1.494815	0.028922	4.900111
-12.257827	4.868042	5.131602	3.531906	-4.383360	1.337346	0.132387	4.871177
20.868353	0.803020	3.071391	3.188577	-4.744215	1.175348	0.235973	4.842046
-12.018047	0.293837	2.871977	3.173858	-4.759239	1.167217	0.241115	4.840594
-20.955673	-0.222948	2.666349	3.159291	-4.774002	1.159074	0.246259	4.839141
21.705395	-4.858011	-1.442102	2.923897	-4.988032	1.016834	0.335496	4.813842
16.046298	0.536625	-5.158884	2.692945	-5.124282	0.873709	0.424463	4.788402
-23.049734	4.719969	-6.750108	2.374577	-5.189202	0.707645	0.527349	4.758651
11.009693	-4.979471	-4.057264	1.951186	-5.158336	0.543472	0.629395	4.728721
23.458745	-4.914562	-3.862201	1.928461	-5.154606	0.535823	0.634165	4.727310
-4.174344	-4.742674	-3.663994	1.905499	-5.150677	0.528187	0.638929	4.725900
-23.519968	5.634647	0.236798	1.438324	-5.043065	0.388962	0.726098	4.699896
23.308179	2.443988	3.728365	0.886875	-4.870075	0.252272	0.812277	4.673764
-6.710062	-2.703455	6.773426	0.143517	-4.590931	0.097338	0.910732	4.643313
-22.112644	-4.540885	8.555017	-0.709943	-4.231052	-0.053392	1.007384	4.612701
22.081917	-4.594539	8.600419	-0.749185	-4.213781	-0.059789	1.011507	4.611378
7.787394	-4.678273	8.643064	-0.788601	-4.196380	-0.066172	1.015622	4.610056
-21.463139	-10.342448	8.893546	-1.617317	-3.817286	-0.192484	1.097422	4.583436
21.020313	-10.731004	7.869835	-2.482805	-3.383353	-0.315030	1.177507	4.556703
10.087559	5.976044	4.920282	-3.400725	-2.819585	-0.450984	1.267298	4.525813
-20.593202	10.681902	0.262601	-4.080190	-2.190313	-0.581168	1.354353	4.494782
-9.500434	9.893254	0.006880	-4.103908	-2.158675	-0.587236	1.358439	4.493296
13.495757	9.050514	-0.251253	-4.126706	-2.126878	-0.593294	1.362521	4.491809
20.222809	-8.313987	-8.970845	-4.060931	-0.775353	-0.821597	1.518603	4.432575
-18.652798	4.221001	-5.842946	-1.798761	0.667372	-1.024664	1.662194	4.372880
18.586918	4.568414	-5.599166	-1.724886	0.702897	-1.029311	1.665550	4.371408
13.324415	4.805328	-5.348079	-1.650526	0.738399	-1.033941	1.668898	4.369935
-17.075456	-3.437413	0.212509	-0.181850	1.406242	-1.118653	1.730859	4.341901
6.356418	-2.104329	5.118911	1.262822	2.052270	-1.196916	1.789536	4.313777
15.749257	-1.405324	5.329044	1.339776	2.087818	-1.201135	1.792746	4.312187
-15.699832	-0.663962	5.529778	1.416016	2.123254	-1.205332	1.795946	4.310597
-15.536430	2.127904	7.147910	2.618988	2.734207	-1.276572	1.851158	4.282169
15.617892	-2.604863	4.415247	3.422438	3.295388	-1.340641	1.902669	4.253655
-3.838991	-1.267232	-1.325431	3.804843	3.835796	-1.402053	1.954474	4.222432
-17.954668	5.301841	-5.423613	3.667361	4.285252	-1.454174	2.001426	4.191118
18.028029	5.650194	-5.490081	3.646572	4.305248	-1.456544	2.003656	4.189540
5.116604	5.927967	-5.538069	3.624429	4.324997	-1.458891	2.005875	4.187961
-19.481165	-1.125289	-3.603664	3.011895	4.644816	-1.497870	2.044612	4.158661
20.792998	-9.013864	1.011566	2.183402	4.879711	-1.528079	2.078722	4.129288
17.376926	-8.205615	1.263262	2.136812	4.890161	-1.529469	2.080447	4.127683
-7.128347	-7.247099	1.510578	2.090322	4.900376	-1.530833	2.082159	4.126077
-21.966291	9.578267	4.223432	1.338562	5.040869	-1.550275	2.109785	4.097894
22.697157	-6.168972	2.234294	0.806223	5.110730	-1.561089	2.132823	4.069651
8.950654	-7.864748	-2.161255	0.434618	5.108240	-1.562649	2.153428	4.037149
-22.640862	4.810641	-3.519894	0.219081	5.022710	-1.552905	2.167683	4.004574
22.600812	5.362200	-3.461655	0.210504	5.016339	-1.552128	2.168230	4.002939
9.397219	5.823838	-3.390121	0.202048	5.009774	-1.551324	2.168762	4.001304
-21.544583	3.131210	-0.585804	0.064292	4.865160	-1.533044	2.175491	3.972811
14.463234	-2.907560	2.709906	-0.089521	4.665778	-1.506908	2.177456	3.944267
18.685489	-2.196875	3.589626	-0.348842	4.375367	-1.467835	2.173940	3.911563
-17.604062	1.983457	1.733665	-0.744357	4.023775	-1.419572	2.164444	3.878810
-9.145088	1.715387	1.600007	-0.765697	4.005862	-1.417092	2.163855	3.877272
17.541248	1.414345	1.463167	-0.787245	3.987815	-1.414591	2.163253	3.875732
-4.769001	-2.491184	-1.343340	-1.214710	3.630329	-1.364695	2.149740	3.847063
-17.639422	-1.415725	-3.675711	-1.660608	3.234486	-1.308749	2.131957	3.818375
18.514250	4.010754	-4.562452	-2.136232	2.736703	-1.237492	2.106397	3.785370
5.455024	-0.974661	-2.972244	-2.511251	2.198830	-1.159466	2.075566	3.752364
-19.756825	-1.339328	-2.848853	-2.525024	2.173907	-1.155825	2.074066	3.750887
7.803764	-1.703132	-2.721509	-2.538515	2.148915	-1.152173	2.072556	3.749410
20.885752	-4.570609	0.435143	-2.740233	1.651972	-1.079090	2.041324	3.720797
-21.789149	4.385129	4.095963	-2.814155	1.133268	-1.001890	2.006426	3.692203
-18.536180	2.134391	5.871268	-2.713217	0.512630	-0.908276	1.961788	3.659249
22.144225	-4.301233	3.764326	-2.393998	-0.126215	-0.810415	1.912651	3.626342
-0.352594	-4.334594	3.565264	-2.374617	-0.155656	-0.805862	1.910307	3.624843
-22.074388	-4.296343	3.356931	-2.354861	-0.185098	-0.801305	1.907955	3.623345
21.012392	5.150524	-1.559785	-1.910269	-0.748081	-0.713168	1.861480	3.594834
15.334255	0.223404	-5.559874	-1.357673	-1.308240	-0.622806	1.811915	3.566376
-17.571435	-8.168164	-6.860635	-0.633180	-1.932769	-0.516889	1.751378	3.533785
8.230607	5.406093	-3.942789	0.134287	-2.520010	-0.409268	1.687147	3.501289
15.996401	6.265735	-3.722895	0.172875	-2.548338	-0.403801	1.683810	3.499651
-15.942024	7.093036	-3.499187	0.211376	-2.576521	-0.398332	1.680464	3.498014
-14.901070	10.946110	0.516126	0.850744	-3.037165	-0.303774	1.621446	3.469844
15.351128	4.518201	3.699683	1.409480	-3.442393	-0.208899	1.559932	3.441764
-5.462442	-2.204524	6.006537	1.886024	-3.824738	-0.099819	1.486178	3.409552
-16.660274	-5.863501	7.033087	2.111264	-4.101745	0.008452	1.409493	3.377483
16.703920	-5.970624	7.053603	2.114641	-4.112436	0.013702	1.405680	3.375922
8.190289	-6.083701	7.071526	2.117255	-4.122860	0.018949	1.401861	3.374362
-17.546406	-8.745017	6.966242	2.043478	-4.264185	0.111538	1.332913	3.346684
16.334849	-10.409839	6.080202	1.776598	-4.324009	0.202530	1.262074	3.319134
19.234239	-9.308078	4.102247	1.293335	-4.295076	0.305299	1.177942	3.287429
-20.002999	-5.100975	1.199885	0.697609	-4.165079	0.405056	1.091674	3.255915
-9.126665	-4.926994	1.060656	0.670051	-4.157111	0.409370	1.087834	3.254534
20.063071	-4.755485	0.920945	0.642414	-4.148951	0.413680	1.083988	3.253152
2.019100	-1.213922	-1.801036	0.096420	-3.951008	0.497129	1.007594	3.226047
-20.972187	3.045713	-4.099528	-0.419192	-3.683851	0.577880	0.929914	3.199105
21.275412	5.187538	-5.511993	-0.909066	-3.294372	0.667252	0.839076	3.168301
19.447379	-4.179591	-5.080294	-1.231741	-2.822004	0.752503	0.746926	3.137735
-21.443552	-4.412480	-5.017465	-1.243552	-2.796334	0.756653	0.742287	3.136213
17.541272	-4.580779	-4.951438	-1.254977	-2.770477	0.760791	0.737646	3.134691
21.487252	-1.283834	-3.397494	-1.394207	-2.295545	0.830629	0.656905	3.108460
-21.464575	2.604924	-1.395738	-1.431772	-1.776638	0.896943	0.575496	3.082426
-13.791778	4.479368	0.849264	-1.365409	-1.136207	0.969046	0.480618	3.052551
21.312382	4.754853	2.394700	-1.200274	-0.470097	1.035880	0.385237	3.022963
-11.433136	4.742036	2.443393	-1.190610	-0.439072	1.038829	0.380832	3.021606
-21.305693	4.716469	2.489975	-1.180781	-0.408032	1.041766	0.376427	3.020250
21.245453	1.223783	3.020198	-0.967515	0.176459	1.094774	0.293453	2.994857
19.258063	-3.240719	3.071391	-0.709386	0.753805	1.143383	0.210417	2.969699
-20.967799	-5.101666	2.887646	-0.390640	1.368097	1.191654	0.118947	2.942241
20.630460	-2.579741	2.700370	-0.064235	1.943826	1.234095	0.027741	2.915088
-20.083369	0.858120	2.339751	0.252873	2.488004	1.271993	-0.067232	2.887009
-12.375328	4.814316	1.527808	0.513825	2.954783	1.302940	-0.161513	2.859291
19.316756	4.506258	1.473265	0.524208	2.974708	1.304231	-0.165967	2.857984
-12.817661	4.119369	1.417070	0.534385	2.994429	1.305507	-0.170422	2.856678
-18.561069	-4.816327	0.161183	0.677296	3.312236	1.325778	-0.250855	2.833128
17.871043	4.922986	-1.205170	0.724124	3.547009	1.340498	-0.330507	2.809863
-0.594268	4.718367	-1.750135	0.618364	3.707772	1.350416	-0.421855	2.783221
-17.114607	-4.472885	-0.923672	0.316845	3.756734	1.352545	-0.511867	2.756984
14.759720	-4.800288	-0.852569	0.299359	3.756458	1.352459	-0.516128	2.755743
17.130307	-5.066765	-0.778756	0.281725	3.755951	1.352356	-0.520386	2.754502
-17.517325	0.231679	0.803296	-0.043319	3.708197	1.347581	-0.597053	2.732154
-10.629239	4.316001	1.926239	-0.306037	3.592061	1.337279	-0.672575	2.710130
19.134638	2.074538	1.436959	-0.431349	3.381980	1.318476	-0.758256	2.685122
1.608704	-2.607955	-0.270806	-0.391727	3.098971	1.292222	-0.842258	2.660567
-19.911313	-2.644276	-0.359762	-0.386769	3.084171	1.290827	-0.846102	2.659442
19.935686	-2.653465	-0.448735	-0.381571	3.069212	1.289414	-0.849944	2.658318
10.646538	-1.021701	-1.951475	-0.246773	2.761571	1.260001	-0.921168	2.637455
-20.091640	1.624984	-2.640115	-0.063160	2.402047	1.224927	-0.991009	2.616952
2.451212	2.090282	-1.672106	0.163330	1.924912	1.177502	-1.069622	2.593805
18.586946	-2.385277	1.186878	0.341663	1.383885	1.122492	-1.146245	2.571158
-18.527602	-2.724817	1.332312	0.347979	1.355014	1.119502	-1.150073	2.570024
-6.466975	-3.048282	1.474139	0.353953	1.326019	1.116492	-1.153896	2.568892
15.878351	5.639798	3.155953	0.232090	0.158308	0.988668	-1.294023	2.527165
-11.106149	4.193121	-1.741986	-0.519010	-1.097423	0.832658	-1.425985	2.487398
-14.129383	1.634462	-1.851135	-0.533768	-1.128012	0.828559	-1.429052	2.486467
14.117993	-1.082829	-1.956795	-0.547988	-1.158624	0.824440	-1.432115	2.485536
13.002376	-3.875617	-2.062843	-0.562190	-1.190518	0.820132	-1.435302	2.484568
-14.099972	-6.417179	-2.164541	-0.575737	-1.222411	0.815806	-1.438482	2.483602
14.213745	-7.407665	-2.997430	-0.678010	-1.740507	0.742878	-1.489463	2.468050
9.979143	-1.120548	-1.937979	-0.506333	-2.248880	0.665180	-1.538943	2.452845
-15.699419	0.594227	0.754930	0.006983	-2.845684	0.558159	-1.600335	2.433801
-12.559777	4.623724	2.470148	0.642436	-3.317216	0.443166	-1.659090	2.415356
16.937826	4.433659	2.481532	0.670144	-3.334316	0.437830	-1.661657	2.414544
-11.061490	4.183011	2.485724	0.697604	-3.351011	0.432482	-1.664218	2.413734
-18.000053	-3.332945	1.336291	1.149237	-3.586298	0.325934	-1.712632	2.398319
18.891379	2.507968	-1.035024	1.333393	-3.626557	0.213356	-1.758951	2.383370
8.878244	1.940045	-2.003029	1.027340	-3.414135	0.075715	-1.809901	2.366652
-20.285705	-2.331066	-0.932156	0.106487	-2.951810	-0.068308	-1.857887	2.350580
14.994825	-2.352898	-0.850273	0.052967	-2.924310	-0.075268	-1.860088	2.349834
20.325540	-2.345742	-0.766757	-0.001018	-2.896353	-0.082233	-1.862281	2.349090
-20.578374	0.831179	0.823957	-1.012891	-2.308319	-0.210819	-1.901049	2.335785
-2.890361	3.121158	1.743656	-1.865978	-1.588496	-0.341605	-1.937479	2.322983
20.336712	-0.216552	-0.934792	-2.151024	0.451046	-0.652532	-2.013881	2.294804
-12.954513	-2.311835	-1.683357	-0.067795	2.460140	-0.954601	-2.076245	2.269576
-19.620701	-1.831106	-1.577114	-0.002253	2.498248	-0.961121	-2.077470	2.269047
19.603768	-1.292133	-1.464047	0.063864	2.535931	-0.967634	-2.078689	2.268521
12.415084	-0.560617	-1.334160	0.136397	2.576458	-0.974715	-2.080008	2.267948
-19.566589	0.304751	-1.198389	0.209316	2.616401	-0.981777	-2.081318	2.267378
4.560530	1.196530	-1.064361	0.279145	2.653953	-0.988497	-2.082558	2.266836
19.530123	2.027649	-0.926894	0.349132	2.690951	-0.995199	-2.083790	2.266296
-19.225409	0.527526	1.026725	1.323498	3.157677	-1.089970	-2.100622	2.258713
-15.672833	-1.007685	1.664299	2.051356	3.478952	-1.181340	-2.115782	2.251474
18.254194	1.689611	-0.722097	2.288756	3.620359	-1.303129	-2.134219	2.241887
1.769684	-4.462438	-1.659625	1.619678	3.347193	-1.416324	-2.149226	2.232998
-17.009129	-5.806441	0.116657	0.149794	2.705473	-1.522460	-2.160981	2.224617
16.512281	7.196753	1.774959	-1.302860	1.802214	-1.617307	-2.168969	2.216996
7.828401	1.110580	-0.105561	-1.935236	0.747928	-1.699348	-2.173100	2.210176
-16.233456	-6.067375	-2.046028	-1.682168	-0.357923	-1.767888	-2.173343	2.204132
16.243466	-5.845279	-2.049904	-1.649213	-0.411110	-1.770847	-2.173254	2.203859
14.753992	-5.539109	-2.041909	-1.614472	-0.464210	-1.773774	-2.173156	2.203588
-16.633316	4.263384	-0.199478	-0.709148	-1.443176	-1.822945	-2.169470	2.198752
-4.142123	-2.339400	2.290658	0.298856	-2.300185	-1.858464	-2.162292	2.194603
17.319956	-2.555621	2.342715	0.344728	-2.340307	-1.859933	-2.161818	2.194405
7.367224	-2.698084	2.381116	0.389396	-2.379889	-1.861363	-2.161333	2.194208
-18.154859	1.572048	1.167295	0.979434	-2.991871	-1.880154	-2.150814	2.190958
19.004236	2.085490	-1.379211	1.178366	-3.377736	-1.884798	-2.137009	2.188322
12.949377	-2.856092	-2.777202	0.994285	-3.516176	-1.871283	-2.117024	2.186035
-20.566458	-2.079923	-0.891691	0.533946	-3.375037	-1.836564	-2.092877	2.184557
5.181708	-1.629987	-0.751532	0.508699	-3.362526	-1.834394	-2.091626	2.184507
20.609160	-1.153815	-0.609504	0.483329	-3.349546	-1.832178	-2.090366	2.184458
-20.829225	5.199404	1.878308	0.028940	-3.041385	-1.784209	-2.065954	2.183894
-14.780793	0.891150	3.092959	-0.319113	-2.625996	-1.722109	-2.038652	2.183924
20.588455	-6.588329	2.423870	-0.458102	-2.067504	-1.633310	-2.003391	2.184698
-2.240016	-2.451741	-0.042843	-0.372654	-1.485156	-1.528025	-1.964496	2.186262
-20.293417	-2.020766	-0.173582	-0.365335	-1.458639	-1.522822	-1.962627	2.186352
20.281439	-1.576544	-0.304412	-0.357810	-1.432154	-1.517585	-1.960749	2.186445
0.408954	6.308233	-2.506205	-0.195346	-0.951066	-1.413931	-1.924282	2.188473
-20.008310	5.941321	-3.524623	-0.046461	-0.515789	-1.300151	-1.885348	2.191074
20.053308	-4.859456	-2.600988	0.037287	-0.103093	-1.156408	-1.837132	2.194807
7.666281	3.313840	0.377794	0.064085	0.176420	-1.001598	-1.785855	2.199298
-15.446163	3.627032	0.536840	0.064710	0.186466	-0.993791	-1.783279	2.199536
-20.302306	3.876386	0.694617	0.065297	0.196190	-0.985957	-1.780695	2.199777
20.626090	0.857035	3.037318	0.067442	0.319788	-0.844230	-1.734003	2.204305
-4.448329	-2.692459	3.899305	0.048331	0.373454	-0.696347	-1.685259	2.209383
-21.465213	-1.560397	2.225406	0.000260	0.387807	-0.521435	-1.627321	2.215837
21.815445	2.073150	-1.344552	-0.036840	0.395087	-0.341008	-1.566976	2.222993
15.867782	-0.318093	-3.856649	-0.012804	0.437822	-0.158130	-1.504956	2.230768
-21.760660	-1.699787	-3.500897	0.094561	0.549674	0.027576	-1.440845	2.239220
21.740569	-1.544446	-3.382054	0.100397	0.557332	0.036746	-1.437645	2.239652
17.348903	-1.377183	-3.253118	0.106166	0.565208	0.045918	-1.434440	2.240086
-21.147990	1.393142	0.245587	0.181467	0.758586	0.220510	-1.372743	2.248627
-11.396163	-0.475417	3.143894	0.122828	1.038085	0.395296	-1.309462	2.257744
20.344877	-0.606824	3.228446	0.115024	1.053830	0.403899	-1.306304	2.258209
-5.475861	-0.733685	3.306053	0.106695	1.069737	0.412500	-1.303142	2.258674
-19.580987	-1.266612	3.252816	-0.136646	1.404197	0.579699	-1.240749	2.268036
19.049685	1.916132	0.522448	-0.436477	1.755720	0.745091	-1.177098	2.277920
1.610166	-0.671139	-1.972857	-0.692458	2.122985	0.929960	-1.103245	2.289801
-19.419993	-5.090829	-2.185821	-0.709378	2.402891	1.109907	-1.028036	2.302344
14.081312	-5.174273	-2.124521	-0.702440	2.413588	1.118369	-1.024407	2.302960
19.515086	-5.202072	-2.056216	-0.694737	2.424031	1.126822	-1.020772	2.303579
-17.274117	4.042303	-0.043817	-0.429564	2.568325	1.278554	-0.953882	2.315145
-22.312868	7.729484	1.756851	0.038636	2.622109	1.424464	-0.886169	2.327208
24.236054	-8.224910	1.399863	0.719101	2.568113	1.583462	-0.807644	2.341644
-5.042956	-0.815931	-0.331018	1.281115	2.385548	1.732567	-0.728306	2.356720
-25.876758	-0.023037	-0.413976	1.299883	2.373856	1.739235	-0.724604	2.357436
25.932653	0.770417	-0.495722	1.317794	2.361883	1.745875	-0.720902	2.358152
1.197421	7.258209	-1.588696	1.465179	2.083443	1.865991	-0.651211	2.371848
-26.916271	1.008153	-1.350471	1.185058	1.706884	1.977337	-0.581117	2.386019
26.740961	-6.216383	0.071508	0.431940	1.184768	2.093812	-0.500257	2.402871
6.644023	6.530812	1.690496	-0.524545	0.608811	2.197493	-0.419137	2.420335
-26.214104	6.477147	1.758468	-0.572297	0.579522	2.202307	-0.415095	2.421220
-17.863120	6.265523	1.824193	-0.619773	0.550232	2.207085	-0.411056	2.422106
25.588823	-7.520586	2.346442	-1.382417	0.042305	2.284920	-0.340623	2.437789
-8.891165	-2.925975	1.171754	-1.946449	-0.441091	2.352162	-0.270211	2.453922
-24.094887	9.978272	-1.386395	-2.259295	-0.944847	2.417806	-0.186545	2.473706
19.830676	-0.213793	-3.353981	-2.076341	-1.332426	2.467112	-0.103194	2.494113
22.604031	-10.654768	-2.923017	-1.422832	-1.574601	2.496942	-0.028512	2.513023
-22.014980	-7.342866	0.478789	-0.459494	-1.721810	2.512399	0.045670	2.532427
12.089832	-6.289007	0.690506	-0.405603	-1.726946	2.512794	0.049456	2.533435
21.960747	-5.176700	0.902497	-0.351435	-1.731860	2.513151	0.053242	2.534444
-21.496672	8.501161	4.337573	0.701637	-1.783979	2.512473	0.125928	2.554161
-12.151501	-5.518495	4.748435	1.633698	-1.761186	2.497778	0.197931	2.574348
21.106824	-6.201850	4.682624	1.670650	-1.758462	2.496765	0.201251	2.575295
-4.226171	-6.807891	4.609444	1.706912	-1.755597	2.495723	0.204569	2.576243
-20.804354	-5.346474	1.757536	2.295589	-1.668259	2.468292	0.271707	2.595735
20.555812	4.450041	-2.380985	2.604165	-1.530622	2.429232	0.338182	2.615636
9.687014	-0.509835	-5.488443	2.618151	-1.318439	2.370005	0.414258	2.639169
-20.035345	-4.062806	-6.018144	2.271934	-1.061202	2.296283	0.489391	2.663236
13.416715	-3.674971	-5.978196	2.246648	-1.048076	2.292422	0.492943	2.664395
20.010023	-3.241030	-5.932469	2.220602	-1.034890	2.288532	0.496491	2.665555
-19.773230	5.049862	-4.264724	1.627243	-0.784752	2.212220	0.560753	2.686886
-8.716448	5.639874	-1.651749	0.869287	-0.522613	2.125874	0.624257	2.708608
19.288562	1.597288	1.508178	-0.095640	-0.217680	2.014131	0.696637	2.734187
-9.840546	-0.647128	4.344805	-1.025835	0.074927	1.890146	0.767884	2.760272
-19.084994	-0.823849	4.458756	-1.064491	0.087496	1.884319	0.771046	2.761451
19.078012	-1.014920	4.571340	-1.102791	0.100008	1.878469	0.774205	2.762632
9.871899	-5.305069	6.439770	-1.757643	0.329397	1.760598	0.834945	2.785704
-18.928922	-8.466576	7.559213	-2.185540	0.527154	1.634419	0.894736	2.809148
18.946175	-8.943144	7.600238	-2.282133	0.702840	1.479810	0.962164	2.836520
18.698741	-6.802587	5.865218	-1.883397	0.814898	1.315402	1.028211	2.864368
-19.044533	-6.290913	5.726980	-1.852913	0.818829	1.307064	1.031426	2.865751
-10.527841	-5.719771	5.583564	-1.821596	0.822617	1.298709	1.034636	2.867135
19.204407	6.490394	2.131091	-1.151376	0.867248	1.147369	1.090832	2.891800
-8.285209	4.620215	-2.751967	-0.346341	0.873025	0.989841	1.145884	2.916815
-19.792226	-2.752429	-7.408559	0.582511	0.838303	0.802580	1.207560	2.945931
20.285756	1.084478	-7.755293	1.350257	0.766657	0.609454	1.267606	2.975494
8.757701	1.218684	-7.631403	1.379579	0.762593	0.600439	1.270331	2.976866
-20.338472	1.315610	-7.493915	1.408285	0.758468	0.591415	1.273052	2.978239
20.895059	-1.141091	-2.939729	1.824877	0.669238	0.418008	1.324134	3.004540
8.955990	1.107895	2.760090	1.951031	0.564042	0.241938	1.373864	3.031174
-22.242985	3.229197	7.128535	1.655004	0.434881	0.038646	1.428949	3.061993
-0.454620	-4.268301	6.566208	0.865837	0.301288	-0.165834	1.482149	3.093234
22.939057	-4.610772	6.429988	0.820897	0.295087	-0.175264	1.484553	3.094683
-1.188947	-4.934466	6.285515	0.775429	0.288884	-0.184693	1.486954	3.096134
-23.756079	7.166007	-2.673699	-1.211687	0.034381	-0.575246	1.583045	3.157234
23.440145	5.123404	-4.588733	-1.983152	-0.195770	-0.956647	1.671464	3.219801
17.016989	1.634687	-4.493682	-1.969106	-0.200917	-0.965863	1.673544	3.221362
-23.385745	-1.871658	-4.391635	-1.953089	-0.206036	-0.975074	1.675620	3.222925
19.100428	-5.098715	-4.284245	-1.935434	-0.211049	-0.984138	1.677660	3.224465
23.328143	-7.893919	-4.169977	-1.915958	-0.216030	-0.993191	1.679695	3.226007
-22.714798	1.256111	-1.533427	-1.359655	-0.294130	-1.142729	1.712982	3.251883
-16.267574	7.369061	1.239158	-0.501127	-0.360841	-1.288624	1.744888	3.277989
20.908619	-6.739218	2.717400	0.737497	-0.426008	-1.470455	1.783941	3.311987
-3.541653	-6.022388	1.634301	1.757962	-0.462716	-1.644033	1.820576	3.346354
-20.011889	-5.526910	1.539009	1.797239	-0.463705	-1.652447	1.822338	3.348077
19.978810	-5.001536	1.441603	1.835146	-0.464609	-1.660837	1.824094	3.349800
-2.717261	4.388401	-0.294322	2.240429	-0.466173	-1.802087	1.853478	3.379759
-19.421826	5.337235	-1.179013	2.055812	-0.440048	-1.935315	1.880967	3.409984
19.517632	-5.437709	-0.306508	1.040335	-0.379209	-2.078133	1.910408	3.445350
8.209745	5.087285	0.742956	-0.324582	-0.291763	-2.206798	1.937174	3.481057
-19.832897	5.520957	0.766569	-0.386424	-0.287105	-2.212468	1.938363	3.482740
-12.030001	5.895158	0.786743	-0.447606	-0.282400	-2.218108	1.939546	3.484425
20.211692	5.773206	0.605490	-1.438027	-0.188172	-2.316045	1.960277	3.515628
1.226922	3.168181	-0.253826	-2.156441	-0.082284	-2.402108	1.978905	3.547077
-21.020705	2.985618	-1.388586	-2.631850	0.051483	-2.487001	1.997960	3.584148
21.327066	1.948844	-1.835178	-2.692882	0.191317	-2.554189	2.014012	3.621541
16.610677	1.496858	-1.825695	-2.685941	0.197409	-2.556659	2.014631	3.623150
-21.345541	1.010788	-1.813269	-2.678217	0.203507	-2.559095	2.015245	3.624759
21.459955	-6.915764	-0.845604	-2.385050	0.324013	-2.600073	2.026188	3.656580
12.634159	-1.003958	1.442315	-1.889954	0.441512	-2.627406	2.034957	3.688621
-21.439142	5.308698	3.323385	-1.181151	0.568445	-2.641522	2.042512	3.726570
0.139563	-4.052026	1.591637	-0.453332	0.674837	-2.635506	2.047111	3.764807
21.383679	-4.105524	1.422962	-0.419175	0.679143	-2.634724	2.047253	3.766594
0.060908	-4.070669	1.247556	-0.384988	0.683382	-2.633897	2.047389	3.768381
-21.366816	3.257499	-2.414814	0.259437	0.748907	-2.610456	2.048752	3.801446
21.390927	1.454614	-4.552156	0.945523	0.786578	-2.571181	2.047956	3.834715
11.019781	-2.471508	-4.127585	1.790045	0.787965	-2.504898	2.044320	3.873761
-21.532371	-2.487766	-0.848944	2.527847	0.735778	-2.416593	2.037787	3.913065
6.228970	-2.347582	-0.657433	2.556603	0.731887	-2.411920	2.037410	3.914916
21.538836	-2.202785	-0.464671	2.584675	0.727862	-2.407200	2.037026	3.916768
-21.590296	0.004252	2.965896	2.954450	0.629158	-2.312462	2.028864	3.950841
-20.262723	2.594799	5.037827	2.962141	0.481715	-2.202895	2.018589	3.985090
21.704712	2.674605	4.158883	2.420737	0.257210	-2.060070	2.004156	4.024746
-3.863808	-2.556433	0.604175	1.437290	-0.010537	-1.901615	1.986965	4.064610
-21.817861	-2.648019	0.400009	1.381309	-0.024499	-1.893467	1.986050	4.066573
21.824670	-2.701445	0.195252	1.324764	-0.038530	-1.885281	1.985128	4.068539
8.649916	0.813146	-3.120150	0.266885	-0.293764	-1.735862	1.967770	4.103293
-22.073916	2.861677	-4.395500	-0.809866	-0.555659	-1.578027	1.948378	4.138180
22.101402	-3.157419	-1.568965	-1.854510	-0.837893	-1.396395	1.924710	4.176710
-21.941382	3.429284	2.575685	-2.590340	-1.099184	-1.208311	1.898622	4.215380
-7.822437	2.805452	3.724392	-2.850830	-1.334810	-1.005586	1.868582	4.256207
20.637889	-2.886906	1.367172	-2.471191	-1.515249	-0.800056	1.835917	4.297158
2.410221	-3.087552	1.210637	-2.439327	-1.522439	-0.790122	1.834279	4.299132
-20.533390	-3.239803	1.053111	-2.406453	-1.529484	-0.780191	1.832636	4.301104
19.453560	1.895779	-1.683515	-1.670388	-1.632351	-0.600931	1.801995	4.336705
18.538415	2.925508	-3.295758	-0.777489	-1.688530	-0.421797	1.769419	4.372379
-17.418277	-3.318950	-2.896130	0.253175	-1.693773	-0.217402	1.729669	4.413399
2.568029	2.938312	-1.978474	1.194615	-1.633905	-0.015371	1.687421	4.454485
17.361335	3.485757	-1.936278	1.236021	-1.629391	-0.005813	1.685344	4.456446
-17.389255	4.031277	-1.894253	1.277072	-1.624721	0.003743	1.683260	4.458409
-15.031400	5.504770	-1.172330	1.947942	-1.512857	0.176044	1.644370	4.494128
19.826231	-1.657012	-0.488181	2.441483	-1.349140	0.344912	1.603637	4.529875
1.484894	-7.581091	0.674994	2.727140	-1.093922	0.534723	1.554322	4.571183
-22.742294	-1.484981	2.359522	2.638330	-0.767988	0.717864	1.502599	4.612500
22.768436	-0.757151	2.425777	2.624159	-0.751417	0.726106	1.500163	4.614400
1.267006	-0.032734	2.489425	2.609053	-0.734716	0.734331	1.497723	4.616299
-22.747820	7.848918	2.934033	2.141335	-0.396927	0.886320	1.450718	4.652150
0.667658	-0.171648	1.482952	1.335384	-0.024009	1.031621	1.401940	4.687983
20.465192	-6.481051	-1.139411	0.166858	0.430249	1.189400	1.343717	4.729132
-18.731264	5.531992	-2.561847	-1.016817	0.891191	1.336256	1.283207	4.770229
-10.717966	5.681111	-2.560032	-1.071901	0.914054	1.343301	1.280118	4.772285
18.559559	5.739157	-2.549116	-1.126372	0.936878	1.350316	1.277023	4.774341
-0.067171	-1.027526	-1.217173	-1.962240	1.322612	1.466751	1.222582	4.809882
-15.990664	-5.688046	0.855037	-2.564723	1.681360	1.573347	1.166465	4.845363
15.005437	6.320110	1.902064	-2.913846	2.053840	1.686211	1.097631	4.887427
12.175226	0.683096	0.936940	-2.824594	2.353640	1.782947	1.026485	4.929376
-14.802062	-8.003592	-0.434381	-2.426491	2.564839	1.855810	0.959885	4.967363
11.670825	-0.510229	-1.095047	-1.809407	2.723010	1.913453	0.891424	5.005228
15.725217	0.311840	-1.107931	-1.773827	2.729706	1.915953	0.887905	5.007144
-15.788980	1.156654	-1.119145	-1.737911	2.736278	1.918411	0.884381	5.009059
-15.217137	9.023589	-1.074049	-0.997269	2.839436	1.957346	0.815905	5.045716
18.276416	1.258483	-0.727104	-0.197293	2.902246	1.980108	0.745728	5.082231
-10.181870	0.448614	-0.704107	-0.154459	2.904518	1.980841	0.741994	5.084146
-18.333464	-0.323150	-0.680767	-0.111559	2.906693	1.981526	0.738253	5.086062
18.236435	-2.221460	-0.223555	0.669504	2.929710	1.985747	0.669389	5.120863
4.224252	-4.663458	0.207395	1.427353	2.923227	1.974588	0.599131	5.155516
-15.393671	-8.287301	0.504658	2.226509	2.882299	1.943745	0.516664	5.195215
13.104113	-5.037649	0.457714	2.885796	2.808833	1.894991	0.432692	5.234687
13.210320	-4.911566	0.447934	2.911714	2.804620	1.892271	0.428694	5.236544
-13.115220	-4.801068	0.437591	2.937058	2.800342	1.889515	0.424694	5.238400
-10.653914	-1.525176	0.158503	3.291234	2.710277	1.832261	0.350380	5.272556
10.452158	5.533532	-0.255460	3.405037	2.600963	1.763520	0.275196	5.306517
-18.030329	6.704290	-1.227915	2.618717	2.293248	1.562243	0.095925	5.385438
-19.522499	-0.809067	-0.925401	0.390422	1.967542	1.314777	-0.085903	5.463096
19.838356	-5.639316	-0.906717	0.324630	1.959988	1.308309	-0.090326	5.464961
10.560498	-7.547235	-0.887804	0.258456	1.952460	1.301818	-0.094753	5.466826
-20.462613	-6.263219	-0.869711	0.195602	1.945371	1.295663	-0.098939	5.468588
20.764401	-2.790477	-0.851239	0.132476	1.938311	1.289491	-0.103124	5.470349
16.936741	0.498807	-0.832167	0.069053	1.931275	1.283298	-0.107313	5.472111
-21.354119	3.185382	-0.812312	0.005432	1.924274	1.277091	-0.111500	5.473871
-13.934782	8.153731	-0.305082	-0.935401	1.826207	1.184856	-0.172498	5.499415
27.421981	-8.603425	0.881590	-1.848129	1.737125	1.089451	-0.233523	5.524796
-5.002456	-0.288709	2.956055	-2.856242	1.632056	0.951131	-0.319063	5.560119
-29.372230	9.154021	3.025685	-3.288414	1.556431	0.808692	-0.404377	5.595098
28.270799	-8.976250	-0.566336	-3.054721	1.510416	0.656109	-0.493502	5.631429
0.316293	8.611157	-3.488760	-2.091867	1.477959	0.501765	-0.582019	5.667354
-26.246245	8.576841	-3.506060	-2.035995	1.476550	0.495372	-0.585660	5.668829
6.590206	8.371088	-3.512142	-1.978857	1.475120	0.488979	-0.589299	5.670304
24.171119	-8.169288	-1.673115	-0.573190	1.437665	0.355327	-0.665083	5.700974
-22.212358	6.557542	1.781296	0.941751	1.375285	0.222437	-0.740141	5.731317
-21.493485	6.595982	3.733379	2.268967	1.251599	0.070648	-0.826029	5.766049
18.825725	-4.415861	0.767456	2.655421	1.050998	-0.077454	-0.910593	5.800313
-2.074830	-4.710153	0.565650	2.650976	1.039234	-0.084373	-0.914574	5.801929
-18.729274	-4.939977	0.363667	2.644680	1.027264	-0.091277	-0.918550	5.803543
18.164962	-0.239523	-2.832068	2.239667	0.776605	-0.213805	-0.989753	5.832508
2.545917	1.994298	-3.559105	1.379974	0.469381	-0.331570	-1.059717	5.861107
-18.351318	-0.979419	-0.026588	0.049033	0.056114	-0.461784	-1.139649	5.894011
18.881053	0.647288	3.249157	-1.135066	-0.396959	-0.582839	-1.217541	5.926388
9.718744	0.830853	3.320556	-1.175449	-0.417820	-0.588014	-1.220972	5.927823
-18.933175	1.004059	3.383178	-1.214372	-0.438734	-0.593170	-1.224401	5.929258
-0.507405	0.287185	3.079368	-1.685786	-0.844554	-0.687736	-1.289258	5.956550
19.862932	-3.049274	0.966821	-1.717574	-1.250905	-0.773506	-1.352344	5.983432
7.533390	-2.161407	-1.842762	-1.364657	-1.705538	-0.861115	-1.423435	6.014212
-20.208142	5.613476	-3.360973	-0.786030	-2.110286	-0.934131	-1.491778	6.044405
20.199607	6.143883	-3.376849	-0.757008	-2.127398	-0.937141	-1.494880	6.045792
15.253459	6.664576	-3.386865	-0.727948	-2.144342	-0.940118	-1.497976	6.047178
-19.165276	-2.617327	-0.202282	0.369691	-2.661855	-1.030444	-1.619033	6.102765
16.228306	-9.275559	3.763421	0.832669	-2.716489	-1.053234	-1.728150	6.156069
17.415985	-4.991420	3.793796	0.830146	-2.710081	-1.052859	-1.730836	6.157433
-17.370112	-0.390460	3.817851	0.826720	-2.703235	-1.052433	-1.733513	6.158796
-9.611926	3.801029	3.833903	0.822782	-2.696583	-1.051999	-1.735957	6.160043
17.286526	7.647997	3.843823	0.818083	-2.689572	-1.051522	-1.738393	6.161288
-16.626477	8.399276	2.911106	0.639473	-2.519453	-1.037269	-1.778468	6.182154
-16.256863	-7.335140	-0.115129	0.338495	-2.265471	-1.012015	-1.816378	6.202615
15.913832	5.899514	-4.143847	-0.079534	-1.843266	-0.964635	-1.862250	6.228475
8.188442	-1.537704	-3.943283	-0.375214	-1.350588	-0.902634	-1.904610	6.253632
-16.434814	-2.165348	-3.840564	-0.384585	-1.327536	-0.899558	-1.906421	6.254739
16.477898	-2.771013	-3.731682	-0.393618	-1.304423	-0.896457	-1.908225	6.255844
14.872776	-3.940183	-0.758767	-0.502590	-0.848019	-0.831634	-1.941892	6.277018
-18.993489	2.284105	2.535664	-0.489550	-0.391369	-0.758961	-1.973013	6.297641
-18.117402	3.216002	4.180237	-0.341034	0.114618	-0.667671	-2.005653	6.320619
20.850610	-2.325824	1.769253	-0.081311	0.583204	-0.569968	-2.035062	6.342844
-4.929457	-2.732006	1.587416	-0.067453	0.604079	-0.565234	-2.036372	6.343874
-20.830162	-3.081136	1.402401	-0.053526	0.624814	-0.560493	-2.037673	6.344902
20.098636	2.972877	-2.003214	0.206940	0.982654	-0.471470	-2.060465	6.363583
5.003910	3.017449	-3.727885	0.435733	1.283916	-0.380721	-2.080897	6.381669
-17.192041	-3.033023	-3.177282	0.601295	1.543706	-0.276297	-2.101484	6.401667
13.862552	0.417208	-0.644401	0.648273	1.693834	-0.173530	-2.119090	6.420855
16.395578	0.961424	-0.499005	0.647424	1.698126	-0.168471	-2.119893	6.421793
-16.395320	1.525881	-0.353945	0.646263	1.702097	-0.163421	-2.120690	6.422730
-7.335535	3.194180	1.808847	0.573063	1.720699	-0.077843	-2.133328	6.438607
18.211310	-2.025501	2.599380	0.384270	1.649076	0.003567	-2.143842	6.453867
-10.148988	-3.590519	1.865157	0.009333	1.471662	0.092147	-2.153452	6.470820
-20.857417	3.303653	0.063018	-0.434189	1.217898	0.173406	-2.160333	6.486931
20.874886	3.802902	-0.014188	-0.453519	1.205223	0.176843	-2.160578	6.487629
3.527699	4.259425	-0.089536	-0.472718	1.192451	0.180264	-2.160817	6.488326
-20.688024	4.317321	-1.140812	-0.803071	0.928916	0.243177	-2.164422	6.501499
14.752148	-4.109122	-1.415942	-0.997310	0.646530	0.299240	-2.166105	6.514040
18.848357	-5.075434	-0.840979	-0.971813	0.317300	0.354662	-2.165730	6.527742
-18.386247	5.315408	0.370664	-0.694410	0.001010	0.399187	-2.162953	6.540612
-13.617641	4.920460	0.418326	-0.676202	-0.013009	0.400961	-2.162768	6.541186
18.397428	4.447260	0.463929	-0.657559	-0.026958	0.402709	-2.162579	6.541757
-2.893319	-4.622770	0.921942	-0.228354	-0.276218	0.430786	-2.158110	6.552184
-19.996354	-5.228699	0.563738	0.309442	-0.493460	0.449274	-2.151961	6.561995
21.168661	4.939142	-0.548580	0.881152	-0.690586	0.457881	-2.142909	6.572498
14.087867	-4.428162	-1.035025	1.173067	-0.817756	0.452118	-2.131802	6.582201
-21.602492	-4.532541	-1.022708	1.175994	-0.822014	0.451436	-2.131194	6.582665
21.588805	-4.535008	-1.006170	1.177642	-0.826060	0.450715	-2.130581	6.583128
16.863493	0.179653	-0.211524	1.028954	-0.863361	0.431952	-2.119149	6.590837
-19.399811	3.965144	0.932617	0.637746	-0.842024	0.401104	-2.106223	6.597952
-0.458300	-2.979709	1.657497	0.059061	-0.752194	0.351128	-2.089407	6.605461
15.961041	-3.698703	1.100199	-0.475378	-0.603771	0.288881	-2.070670	6.612183
-4.008603	-3.154994	1.034688	-0.497500	-0.595582	0.285721	-2.069746	6.612479
-15.863309	-2.585047	0.965606	-0.519285	-0.587297	0.282545	-2.068818	6.612773
15.405365	3.777432	-0.679102	-0.852774	-0.418412	0.221157	-2.051014	6.617878
11.891350	0.327118	-2.193169	-1.024401	-0.223727	0.155752	-2.031854	6.622409
-16.675504	-4.240324	-2.717425	-0.952159	0.022404	0.077603	-2.007905	6.626961
7.676142	1.941025	-1.294362	-0.552266	0.266065	0.000605	-1.982215	6.630747
18.326556	2.294119	-1.199443	-0.529090	0.276411	-0.002734	-1.981034	6.630897
-18.406273	2.636556	-1.102894	-0.505608	0.286698	-0.006063	-1.979849	6.631046
-17.007004	4.816914	0.904060	-0.016997	0.470647	-0.068178	-1.956273	6.633636
21.490331	0.930102	2.579504	0.443344	0.614125	-0.124331	-1.931482	6.635667
-8.953628	-5.070630	3.210591	0.762201	0.707329	-0.178998	-1.901266	6.637329
-22.609134	-0.538606	1.866188	0.710291	0.703747	-0.219858	-1.869512	6.638253
22.573758	0.103700	1.769885	0.700316	0.701388	-0.221377	-1.868041	6.638278
1.352529	0.732350	1.671424	0.689801	0.698851	-0.222868	-1.866567	6.638300
-21.217344	4.920567	-0.520804	0.397576	0.615681	-0.246562	-1.837181	6.638449
19.229798	-4.823364	-2.475558	0.016191	0.476070	-0.260338	-1.806725	6.638031
11.750012	2.963577	-2.810213	-0.376446	0.268416	-0.264757	-1.771779	6.636911
-15.334148	5.092879	-1.229507	-0.609820	0.019822	-0.258578	-1.735714	6.635104
-3.838441	4.261632	-1.105492	-0.616286	0.006396	-0.258000	-1.733855	6.634994
15.238066	3.385202	-0.977953	-0.622206	-0.007103	-0.257396	-1.731992	6.634882
9.905753	-5.647262	1.268599	-0.632888	-0.249788	-0.243130	-1.699160	6.632666
-15.509867	-1.994243	2.227915	-0.455600	-0.499540	-0.222219	-1.665345	6.629926
16.660420	6.948187	1.351371	-0.035305	-0.773259	-0.190795	-1.624951	6.626118
15.350624	-6.433282	-0.804914	0.453119	-1.005152	-0.152672	-1.582958	6.621623
-17.899438	-6.859645	-0.892799	0.474229	-1.014510	-0.150747	-1.580956	6.621396
17.945399	-7.211392	-0.976864	0.495027	-1.023715	-0.148811	-1.578950	6.621168
17.339180	-5.152936	-1.827448	0.799550	-1.163791	-0.110726	-1.540883	6.616654
-18.877451	4.944339	-1.530035	0.883701	-1.232438	-0.069278	-1.501382	6.611631
-5.199574	5.513279	-0.292501	0.721231	-1.207877	-0.018358	-1.454033	6.605228
18.619588	-1.373486	1.224889	0.363041	-1.084639	0.034890	-1.404500	6.598163
-8.891224	-1.683892	1.288807	0.342708	-1.076651	0.037458	-1.402089	6.597810
-18.587243	-1.975697	1.351221	0.322137	-1.068479	0.040030	-1.399671	6.597457
18.275663	-3.300649	2.095402	-0.081147	-0.890510	0.087236	-1.354587	6.590738
-1.630482	-0.418732	1.877894	-0.503527	-0.666442	0.134400	-1.307629	6.583530
-18.130819	1.418496	1.064658	-0.985849	-0.366838	0.187742	-1.250971	6.574607
9.946822	-0.681022	0.486710	-1.440617	-0.041645	0.238746	-1.191526	6.565043
18.865190	-0.605369	0.468444	-1.461914	-0.025294	0.241178	-1.188522	6.564555
-18.920812	-0.500180	0.450925	-1.483086	-0.008928	0.243601	-1.185510	6.564066
-7.436449	0.228233	0.061124	-1.833216	0.279849	0.284649	-1.131311	6.555200
21.630540	-0.173644	-1.027625	-2.134192	0.565145	0.322126	-1.074791	6.545863
7.736969	-0.382994	-3.097290	-2.409618	0.882197	0.359752	-1.006839	6.534553
-23.512203	1.029205	-4.216325	-2.601412	1.183035	0.390398	-0.935537	6.522630
23.501551	1.125453	-4.184647	-2.608259	1.196744	0.391648	-0.932093	6.522053
3.052566	1.175597	-4.141977	-2.614903	1.210400	0.392880	-0.928644	6.521476
-22.690106	-2.019372	-1.641246	-2.706033	1.455406	0.412256	-0.863253	6.510523
21.192139	0.854706	2.450856	-2.749797	1.683730	0.424501	-0.795078	6.499112
12.954633	3.611472	5.243847	-2.766815	1.922655	0.428724	-0.713352	6.485470
-17.654710	-0.946525	2.910620	-2.761077	2.133984	0.421366	-0.627746	6.471237
-2.859256	-1.441402	2.719404	-2.759704	2.142523	0.420767	-0.623924	6.470603
17.560385	-1.930779	2.523245	-2.758195	2.151009	0.420144	-0.620093	6.469967
-5.436828	-4.346960	-1.892937	-2.692159	2.307034	0.402686	-0.542394	6.457073
-17.262249	0.849804	-5.648395	-2.530262	2.436882	0.375239	-0.462098	6.443742
18.142587	4.571820	-6.509240	-2.170550	2.551384	0.330296	-0.366120	6.427767
11.418051	-1.485896	-2.067162	-1.584783	2.623916	0.270448	-0.267162	6.411218
-19.515591	-1.865553	-1.784894	-1.553002	2.626163	0.267350	-0.262583	6.410449
13.691684	-2.242777	-1.499472	-1.520836	2.628313	0.264221	-0.258001	6.409681
20.808172	-4.936718	3.902911	-0.843960	2.650500	0.199107	-0.170607	6.394965
-21.893732	4.961003	7.450663	-0.053297	2.635563	0.122674	-0.081415	6.379834
-17.395477	5.090042	7.282970	0.955916	2.565594	0.021698	0.024289	6.361717
22.706414	-3.869539	3.302594	1.954237	2.431970	-0.089318	0.131711	6.343049
-4.913660	-4.302376	3.075821	1.999381	2.424005	-0.094727	0.136792	6.342159
-22.654497	-4.680541	2.848697	2.044311	2.415883	-0.100150	0.141875	6.341268
21.781006	-0.526880	-1.196605	2.820932	2.238167	-0.201847	0.235505	6.324720
7.921251	3.274468	-4.576174	3.477093	2.002509	-0.306529	0.329834	6.307774
-18.799085	0.175789	-7.114744	4.026478	1.650412	-0.429075	0.439764	6.287629
17.614421	-1.998112	-8.700467	4.277691	1.209130	-0.549940	0.549898	6.266960
16.802127	-1.573429	-8.769032	4.280927	1.184846	-0.555872	0.555392	6.265915
-17.542996	-1.124855	-8.836986	4.283198	1.160342	-0.561796	0.560888	6.264868
-13.321750	2.132657	-9.610759	4.156599	0.708923	-0.661664	0.655565	6.246609
17.683251	-0.362105	-8.898054	3.688334	0.216525	-0.755833	0.749815	6.227971
1.522175	-3.663050	-6.216433	2.767705	-0.379858	-0.855289	0.858207	6.205897
-19.685068	-0.441546	-2.229651	1.565828	-0.974747	-0.941421	0.965297	6.183325
19.737948	0.000536	-2.033647	1.504190	-1.002414	-0.945124	0.970337	6.182242
15.590819	0.451486	-1.838525	1.442248	-1.030007	-0.948790	0.975375	6.181158
-20.705556	5.415964	1.335129	0.276198	-1.516458	-1.008794	1.066573	6.161185
16.158513	-2.677971	3.355334	-0.896007	-1.957208	-1.054447	1.156316	6.140848
22.232708	-6.281748	5.199141	-2.090238	-2.367548	-1.085945	1.253626	6.117949
-22.748357	6.657001	7.695284	-3.059775	-2.671427	-1.095066	1.348732	6.094617
23.040000	-7.202049	9.644509	-3.701964	-2.846710	-1.077862	1.445862	6.069695
-11.058289	-5.228437	7.574919	-3.853146	-2.844865	-1.030752	1.540178	6.044309
-23.065461	-4.505301	7.353903	-3.848141	-2.839902	-1.027787	1.544524	6.043108
23.060079	-3.742343	7.121695	-3.842075	-2.834479	-1.024752	1.548866	6.041906
-0.581569	8.202838	1.462394	-3.539748	-2.659243	-0.957456	1.627224	6.019705
-22.598954	7.294227	-4.739552	-2.860314	-2.356737	-0.869321	1.703254	5.997169
22.250553	-7.562529	-7.611271	-1.565399	-1.876333	-0.743020	1.788729	5.970505
4.758639	5.813153	-2.445747	0.190431	-1.294806	-0.594251	1.870721	5.943400
-21.962176	6.064885	-2.078904	0.281340	-1.263903	-0.586315	1.874709	5.942039
-12.278515	6.172454	-1.710241	0.371997	-1.232850	-0.578330	1.878687	5.940677
21.826366	-3.132328	3.857393	1.814443	-0.679030	-0.433699	1.945774	5.917049
-10.299259	-3.606780	5.188993	2.752948	-0.106225	-0.277032	2.010050	5.893103
-21.872165	2.721753	1.555495	2.833553	0.553944	-0.081578	2.081367	5.864759
22.018853	-1.996334	-2.234318	2.018033	1.166258	0.124449	2.148524	5.835997
16.286410	-2.254172	-2.331894	1.965026	1.192337	0.134073	2.151493	5.834672
-22.034283	-2.484294	-2.419717	1.910914	1.218209	0.143711	2.154453	5.833346
16.193101	-1.202486	-2.508866	0.732086	1.659506	0.327327	2.208368	5.808263
22.243546	2.877647	-0.987193	-0.574654	1.992474	0.514232	2.258955	5.782880
-22.142032	0.564147	0.522534	-1.792073	2.199310	0.733618	2.313575	5.752919
-5.762507	-3.474124	0.872109	-2.115432	2.160411	0.951696	2.363347	5.722561
21.732170	-3.560735	0.851475	-2.099026	2.151808	0.961683	2.365524	5.721150
-7.513780	-3.632427	0.827287	-2.079514	2.142576	0.971660	2.367690	5.719739
-21.096944	-1.523984	-0.025099	-1.281259	1.867196	1.155312	2.406064	5.693296
20.286522	4.604621	-0.698638	-0.122667	1.435497	1.333121	2.440600	5.666569
4.090223	-0.842898	-0.140214	1.035200	0.819578	1.527768	2.475525	5.635387
-18.186384	-6.306218	1.066339	1.718395	0.163130	1.707556	2.505019	5.603838
18.141349	-6.179114	1.118762	1.735511	0.132264	1.715715	2.506290	5.602321
14.458064	-6.010081	1.169751	1.751021	0.101540	1.723826	2.507547	5.600803
-14.339725	1.107006	1.841772	1.734195	-0.426826	1.862626	2.528055	5.573218
-17.050454	7.403409	1.943230	1.144759	-0.882450	1.984774	2.544251	5.545371
17.185590	8.277359	0.904044	0.045823	-1.281128	2.102837	2.557532	5.512598
-9.646545	3.247716	-1.327221	-1.017455	-1.491705	2.191099	2.564628	5.479483
-18.062897	2.599088	-1.435063	-1.057288	-1.496093	2.194391	2.564803	5.477946
14.376177	1.902135	-1.541829	-1.095931	-1.499975	2.197612	2.564965	5.476407
19.367097	-7.870520	-3.072443	-1.530495	-1.473583	2.244592	2.565465	5.447547
-20.853310	-1.075228	-3.120734	-1.295159	-1.255519	2.267246	2.561120	5.418449
14.873195	5.930873	-1.498523	-0.433008	-0.827931	2.264348	2.550131	5.384639
23.210790	1.402259	1.121233	0.593788	-0.300671	2.231541	2.532923	5.350530
-23.218493	0.859358	1.236225	0.636878	-0.275458	2.229323	2.531983	5.348948
-5.764726	0.343928	1.348950	0.679196	-0.250240	2.227044	2.531029	5.347366
22.816612	-3.311885	2.761676	1.267820	0.213616	2.172846	2.510719	5.317453
-8.380673	-0.385666	2.222083	1.324371	0.614539	2.097749	2.486045	5.287331
-20.058341	1.425983	0.070625	0.874998	0.934457	1.986474	2.452453	5.252421
18.537883	-0.899382	-1.504344	0.099859	1.093216	1.849608	2.413511	5.217253
8.510851	-0.624023	-1.516102	0.057241	1.096928	1.842232	2.411462	5.215517
-18.416539	-0.330302	-1.519613	0.014397	1.100258	1.834796	2.409401	5.213781
11.569693	0.786536	-0.569037	-0.710019	1.096726	1.694127	2.371055	5.183066
17.272312	-1.066353	0.882831	-1.112763	0.976381	1.536262	2.329023	5.152172
-17.274831	0.962321	0.678932	-0.856830	0.701707	1.335055	2.276300	5.116416
-3.789421	2.828887	-0.441516	-0.151997	0.320322	1.114774	2.219119	5.080441
17.583394	2.559788	-0.483108	-0.115445	0.300410	1.103724	2.216258	5.078704
-8.145547	2.237351	-0.521941	-0.079087	0.280419	1.092634	2.213387	5.076966
-17.974324	-3.892190	-0.648525	0.511021	-0.088140	0.884938	2.159659	5.045375
18.347100	4.741450	0.282580	0.883189	-0.441819	0.665668	2.102873	5.013632
0.811621	0.622223	1.253034	0.972501	-0.780572	0.402019	2.034277	4.977103
-18.825817	-5.959780	1.439231	0.692250	-1.010324	0.126879	1.962093	4.940394
13.792087	-5.839569	1.420305	0.671613	-1.018490	0.113530	1.958571	4.938643
18.826516	-5.658457	1.398575	0.650463	-1.026408	0.100168	1.955044	4.936892
-18.729820	3.088024	0.600446	0.191058	-1.130230	-0.148141	1.889122	4.904752
-6.477326	6.237508	-0.610723	-0.329986	-1.161208	-0.402233	1.820811	4.872491
18.200645	3.435620	-1.952189	-0.864779	-1.116896	-0.700510	1.739282	4.835155
3.197868	1.368447	-2.942370	-1.168959	-0.999127	-1.001794	1.655004	4.797678
-17.964918	1.281207	-2.976243	-1.174743	-0.992038	-1.015908	1.651000	4.795922
17.958680	1.191139	-3.008843	-1.179643	-0.984813	-1.030030	1.646987	4.794165
16.235663	-1.171040	-3.349375	-1.090967	-0.826227	-1.291342	1.571660	4.761550
-18.020684	-4.132620	-3.039067	-0.642516	-0.619162	-1.550579	1.494606	4.728845
18.263925	-4.469567	-1.580841	0.143341	-0.332893	-1.843294	1.404185	4.691188
11.264120	3.451394	0.601451	0.963119	-0.011453	-2.128270	1.311909	4.653432
-18.634039	3.651384	0.708052	0.998173	0.004308	-2.141499	1.307508	4.651646
-7.916978	3.807614	0.814138	1.032656	0.020097	-2.154696	1.303106	4.649861
19.036253	1.441748	2.588659	1.536373	0.316130	-2.393864	1.221224	4.616877
-0.626542	-2.786190	3.659042	1.666904	0.612943	-2.623449	1.138270	4.583832
-20.063169	-2.526530	3.350755	1.220794	0.942957	-2.873517	1.041731	4.545762
20.732363	2.096596	1.106360	0.346834	1.256946	-3.106238	0.944199	4.507633
2.097685	2.006847	0.971830	0.299439	1.271530	-3.116891	0.939513	4.505808
-20.801042	1.873725	0.836579	0.251813	1.286065	-3.127492	0.934829	4.503984
21.448769	-2.155867	-1.403227	-0.617270	1.541818	-3.311175	0.849765	4.470950
10.117727	1.232606	-2.360496	-1.366728	1.782870	-3.478211	0.764288	4.437886
-22.763549	3.237557	-1.688097	-1.870880	2.041705	-3.648481	0.665126	4.399624
-2.513323	-4.271626	0.249033	-1.903444	2.277554	-3.791809	0.565845	4.361343
23.241894	-4.146302	0.329374	-1.892451	2.288104	-3.797870	0.561157	4.359535
-7.340759	-3.928973	0.406298	-1.880283	2.298596	-3.803865	0.556469	4.357727
-23.365742	5.342735	1.131231	-1.437494	2.476436	-3.901843	0.470530	4.324546
23.121810	-0.164572	0.538405	-0.597421	2.610707	-3.975909	0.384834	4.291365
20.767389	-6.836113	-0.541211	0.532700	2.681537	-4.029641	0.286148	4.252972
-20.595333	-2.172872	-0.589955	1.345742	2.628283	-4.047290	0.188216	4.214598
12.876016	-1.573641	-0.567239	1.372777	2.622175	-4.047239	0.183632	4.212795
20.392535	-0.989791	-0.542849	1.398746	2.615723	-4.047111	0.179055	4.210992
-18.208639	2.005002	0.112695	1.689561	2.430931	-4.031019	0.095284	4.177860
-10.223072	3.575327	0.831839	1.622706	2.110749	-3.989453	0.012318	4.144757
13.132393	5.849187	1.055840	1.127779	1.579643	-3.911026	-0.082210	4.106661
-0.962915	2.666963	0.018240	0.389819	0.907472	-3.801080	-0.175525	4.068625
-11.356362	2.192611	-0.051935	0.352373	0.872846	-3.795122	-0.179907	4.066828
11.311315	1.689142	-0.123085	0.314846	0.837994	-3.789095	-0.184285	4.065031
9.818247	-3.713159	-1.456862	-0.364986	0.163158	-3.666601	-0.264150	4.032072
-11.728347	-2.593840	-2.257175	-0.945370	-0.560797	-3.522140	-0.343025	3.999174
13.253140	1.546062	-1.324501	-1.359256	-1.424210	-3.329144	-0.432796	3.961294
10.256684	-0.615343	1.453917	-1.448671	-2.280467	-3.109107	-0.521212	3.923515
-15.295735	-0.659920	1.589691	-1.444691	-2.319416	-3.098250	-0.525285	3.921764
-12.506037	-0.682356	1.723700	-1.439987	-2.358235	-3.087345	-0.529353	3.920013
17.137202	0.477447	3.606331	-1.221762	-3.055021	-2.873692	-0.604745	3.887376
-7.794912	-0.868210	3.359364	-0.777757	-3.667859	-2.641477	-0.679091	3.854829
-20.182489	0.435090	0.120110	-0.070910	-4.221675	-2.351119	-0.763659	3.817352
21.018222	3.649325	-3.905772	0.751129	-4.576083	-2.038194	-0.846799	3.780015
11.870729	3.190686	-4.031023	0.790272	-4.587097	-2.023246	-0.850597	3.778298
-21.057798	2.687477	-4.146909	0.829429	-4.597610	-2.008264	-0.854388	3.776582
16.944133	-5.255486	-4.379743	1.555753	-4.699493	-1.718774	-0.925027	3.744416
20.812008	-4.353370	-0.982453	2.187710	-4.605355	-1.415127	-0.994567	3.712371
-20.186541	7.184547	3.406974	2.573619	-4.224943	-1.049555	-1.073459	3.675537
-8.129953	-5.620988	3.807205	2.325405	-3.533710	-0.670780	-1.150853	3.638884
19.494597	-6.370530	3.717785	2.293066	-3.492552	-0.652082	-1.154577	3.637106
-6.918870	-7.046020	3.619410	2.258719	-3.450731	-0.633361	-1.158298	3.635330
-18.784875	5.278189	-2.904844	-0.281204	-1.366413	0.117287	-1.301665	3.565864
19.615344	0.892862	-2.831679	-3.645437	1.219659	0.882299	-1.439347	3.497171
3.313793	-0.364659	-2.749164	-3.720426	1.284490	0.901225	-1.442680	3.495482
-19.709856	-1.604701	-2.664662	-3.794578	1.349216	0.920146	-1.446010	3.493793
13.282356	-2.865896	-2.567545	-3.876841	1.421762	0.941386	-1.449745	3.491898
19.822497	-3.887297	-2.468280	-3.957989	1.494114	0.962608	-1.453473	3.490004
-20.800363	3.131821	-0.898376	-5.009733	2.519880	1.269349	-1.507034	3.462613
-17.309346	4.199468	0.502444	-5.810150	3.479720	1.573168	-1.559642	3.435364
23.248238	-4.688591	1.220940	-6.437979	4.582919	1.962738	-1.626810	3.400046
-9.588365	-0.669681	0.375147	-6.545652	5.472783	2.341847	-1.692323	3.364990
-24.052309	-0.198886	0.309969	-6.536774	5.507678	2.358727	-1.695252	3.363408
24.066242	0.281193	0.243230	-6.526647	5.542094	2.375579	-1.698178	3.361826
-1.815423	5.186938	-1.167546	-6.113442	6.103674	2.689395	-1.752995	3.331946
-23.365418	1.883355	-2.206378	-5.360832	6.491353	2.991011	-1.806562	3.302273
22.246000	-4.794181	-1.221719	-4.221531	6.722114	3.325777	-1.867635	3.267827
3.448964	4.142700	2.739284	-2.598210	6.710032	3.638145	-1.926960	3.233686
-20.935489	4.194494	2.927521	-2.511750	6.703970	3.651135	-1.929490	3.232214
-10.775425	4.169769	3.113668	-2.423774	6.697450	3.664069	-1.932015	3.230744
19.930741	-3.324057	5.742136	-0.323844	6.473690	3.909810	-1.981153	3.201858
-5.194433	-2.463585	4.836525	2.483525	6.066248	4.137765	-2.028988	3.173209
-18.961661	1.907200	-0.256305	6.037209	5.356822	4.380745	-2.082934	3.140218
19.406632	-3.245559	-7.689055	9.092482	4.388159	4.600520	-2.135083	3.107567
10.504965	-3.398917	-8.043404	9.215583	4.333515	4.610777	-2.137611	3.105964
-19.496577	-3.517279	-8.391892	9.335253	4.278258	4.620973	-2.140132	3.104363
20.605721	0.170788	-12.800243	10.782317	3.203114	4.790870	-2.183646	3.076418
10.081096	11.108540	-11.513864	10.745092	1.936189	4.944031	-2.225782	3.048745
-23.890284	6.761897	-1.575040	8.960149	0.308312	5.099985	-2.272562	3.017239
4.019983	-19.424813	11.786718	5.587127	-1.409694	5.234598	-2.317485	2.986112
25.451314	-19.828682	12.338870	5.390591	-1.492637	5.240520	-2.319590	2.984631
-2.815220	-20.060351	12.873644	5.190976	-1.575609	5.246398	-2.321693	2.983149
-26.223864	-4.617807	18.736164	1.090869	-3.065493	5.344810	-2.359108	2.956407
-7.315021	17.833700	14.852005	-3.634738	-4.481240	5.427714	-2.395088	2.929967
22.939275	15.802379	-19.663009	-11.656098	-7.157633	5.563300	-2.474054	2.869035
-13.793622	-4.021658	8.212830	-8.040624	-8.465900	5.619126	-2.545433	2.809903
13.497364	0.830364	10.001886	-7.846772	-8.481341	5.619517	-2.547034	2.808525
9.091583	3.881579	11.775351	-7.649853	-8.496148	5.619865	-2.548632	2.807148
-12.908105	4.788923	13.421479	-7.455187	-8.509970	5.620165	-2.550185	2.805808
-3.491194	3.981843	14.922267	-7.257729	-8.523210	5.620424	-2.551735	2.804468
12.293187	2.549649	16.391776	-7.024976	-8.537867	5.620675	-2.553532	2.802911
-11.977758	2.057575	17.479287	-6.789106	-8.551733	5.620872	-2.555323	2.801357
-11.842589	-10.850515	12.324848	-3.668436	-8.661864	5.618897	-2.577034	2.782263
8.020851	14.696287	8.182014	-0.358257	-8.669826	5.608867	-2.597978	2.763382
-1.538813	8.423732	2.517388	4.095001	-8.538408	5.581416	-2.626218	2.737136
-11.074195	-12.291075	-5.127587	7.599853	-8.280760	5.539086	-2.652979	2.711327
12.746802	7.377176	-9.741576	9.410175	-7.924373	5.479641	-2.679466	2.684757
16.977831	-2.131827	-4.569070	8.761660	-7.524158	5.405687	-2.704382	2.658687
-17.079414	-2.848057	-4.190482	8.675456	-7.503442	5.401634	-2.705584	2.657400
-1.475164	-3.434903	-3.813111	8.585107	-7.482667	5.397548	-2.706783	2.656114
18.259255	-0.083329	1.984106	6.499543	-7.115205	5.321597	-2.726926	2.634056
-13.670776	2.680747	5.256107	3.899194	-6.738548	5.236201	-2.745937	2.612386
-17.966573	-1.630842	4.752579	0.999930	-6.301527	5.126269	-2.766568	2.587780
17.314620	-5.741971	2.257740	-1.488281	-5.875883	5.005411	-2.785733	2.563714
5.131439	-5.445256	2.150393	-1.593587	-5.856090	4.999392	-2.786610	2.562580
-17.262778	-5.114776	2.046560	-1.697596	-5.836340	4.993346	-2.787485	2.561447
10.654673	0.157336	0.684927	-3.325468	-5.489290	4.879806	-2.802798	2.541099
16.913967	4.484358	-0.035497	-4.380860	-5.169498	4.759454	-2.817050	2.521172
-17.187293	8.505008	-0.710609	-4.761590	-4.845191	4.612921	-2.832202	2.498710
-11.849208	8.070112	-1.656576	-4.255811	-4.570957	4.459075	-2.845992	2.476829
17.778870	7.885151	-1.704792	-4.213416	-4.558680	4.451634	-2.846611	2.475809
-10.381740	7.683519	-1.752951	-4.169580	-4.546427	4.444179	-2.847227	2.474790
-18.473965	3.182470	-2.556292	-3.157715	-4.320144	4.305144	-2.857993	2.456349
19.198713	0.500472	-2.961461	-1.919729	-4.069688	4.162001	-2.867775	2.438361
16.460242	-7.426474	-2.505844	-0.486164	-3.710217	3.992342	-2.877875	2.418153
-20.552701	-6.900888	-0.813731	0.760976	-3.230450	3.818954	-2.886716	2.398568
15.307570	-6.316424	-0.705742	0.812450	-3.203966	3.810672	-2.887103	2.397657
20.589395	-5.672774	-0.595589	0.863067	-3.177119	3.802389	-2.887488	2.396747
-20.771346	7.423334	1.748725	1.621811	-2.613281	3.649958	-2.894039	2.380370
-7.254827	2.064912	4.286102	1.987398	-1.890308	3.496118	-2.899688	2.364474
20.405171	-8.586450	5.654824	1.794405	-0.847359	3.320247	-2.905037	2.346991
-11.194042	0.330576	3.841546	0.938244	0.406963	3.144237	-2.909268	2.330148
-19.351671	9.815336	-0.129551	-0.229193	1.777773	2.971055	-2.912376	2.314143
18.746879	2.417549	-4.412506	-1.304928	3.192955	2.799475	-2.914444	2.298783
9.238787	1.188138	-4.582423	-1.348538	3.262654	2.791036	-2.914519	2.298039
-18.687666	-0.061200	-4.745455	-1.390870	3.332241	2.782604	-2.914593	2.297297
18.145020	-9.187457	-6.017663	-1.887447	4.614180	2.624612	-2.915513	2.283584
11.348293	6.709289	-3.151386	-1.709913	5.803031	2.469565	-2.915568	2.270451
-17.619994	7.384779	-2.935812	-1.686808	5.861305	2.461677	-2.915548	2.269791
-11.856691	7.911815	-2.717466	-1.662734	5.919285	2.453799	-2.915525	2.269133
17.215169	0.376258	1.371110	-1.108005	6.942443	2.309131	-2.914702	2.257167
0.658802	-5.219757	3.940166	-0.596449	7.854136	2.168498	-2.913123	2.245749
-17.201496	2.145178	3.175871	-0.358553	8.748349	2.013507	-2.910414	2.233376
18.016559	4.534297	0.622003	-0.196597	9.472433	1.865517	-2.906763	2.221731
4.578126	3.449240	0.508939	-0.183833	9.502978	1.858538	-2.906562	2.221185
-18.138672	2.303851	0.399439	-0.170304	9.533072	1.851582	-2.906360	2.220642
19.638279	-6.214640	-0.897227	0.252077	9.998426	1.729957	-2.902358	2.211170
-0.990802	9.257211	-0.787675	1.152535	10.315485	1.615013	-2.897676	2.202259
-25.421183	2.006541	0.343968	2.694695	10.483389	1.495830	-2.891690	2.193013
29.905890	-20.303900	0.419457	4.218399	10.445762	1.386305	-2.884897	2.184463
-35.315807	26.397972	-1.359448	4.777953	10.182511	1.283284	-2.877051	2.176364
17.420060	-29.721694	0.211079	2.971825	9.704973	1.190217	-2.868377	2.169008
41.137131	-30.244942	0.404652	2.833081	9.677724	1.186011	-2.867942	2.168674
32.749557	-30.145012	0.608688	2.690659	9.650133	1.181828	-2.867504	2.168343
-45.516851	22.213806	4.751921	-0.292035	9.095661	1.109321	-2.859198	2.162585
-7.589309	25.833254	4.617996	-3.207458	8.477505	1.043984	-2.850277	2.157382
44.411330	-8.876408	-10.849805	-5.993971	7.041155	0.917091	-2.826803	2.147276
-18.473048	-0.840400	13.813772	-0.698484	6.031213	0.826780	-2.800021	2.140188
-11.967048	2.961700	13.919750	-0.563224	6.014528	0.825180	-2.799393	2.140065
16.676932	3.830409	13.970967	-0.429757	5.998075	0.823597	-2.798763	2.139944
-8.989655	-0.409408	13.953409	-0.286495	5.980402	0.821890	-2.798075	2.139813
-14.677766	-4.518685	13.815053	-0.145723	5.963003	0.820203	-2.797385	2.139684
13.718616	-2.459544	13.522227	-0.012640	5.946516	0.818598	-2.796719	2.139561
-12.772814	5.247830	13.044528	0.118101	5.930281	0.817011	-2.796051	2.139440
1.253782	-10.638539	-7.565965	1.743688	5.724427	0.796215	-2.786276	2.137877
1.185675	35.407657	-25.475065	2.920991	5.567845	0.779079	-2.776149	2.136639
-42.185942	99.493903	-33.120291	3.880139	5.426245	0.760988	-2.761305	2.135442
