24.365078	-19.852237	1.299920	5.806982	6.088073	-5.476834	-2.826687	-1.955615	0.928697
10.197147	-19.289703	1.047843	5.906186	5.952903	-5.469276	-2.826893	-1.951947	0.928607
-15.708604	-16.878797	0.761291	5.976900	5.697698	-5.446588	-2.825461	-1.945466	0.928535
15.628599	-12.720055	0.496243	5.996606	5.342536	-5.408525	-2.822191	-1.936575	0.928496
3.594538	-12.505381	0.484487	5.996082	5.323304	-5.406317	-2.821988	-1.936091	0.928495
-15.619073	-12.291571	0.472830	5.995415	5.303877	-5.404072	-2.821780	-1.935602	0.928494
7.694888	-8.599787	0.280150	5.956349	4.916644	-5.356706	-2.817208	-1.925728	0.928490
15.396047	-5.044250	0.135272	5.860533	4.474493	-5.297057	-2.811125	-1.914097	0.928510
-15.244487	-0.712444	0.045718	5.668479	3.908862	-5.212624	-2.802162	-1.898535	0.928564
-11.451051	1.876753	0.063853	5.372677	3.298144	-5.111080	-2.791043	-1.880727	0.928652
15.112194	1.799190	0.068203	5.355015	3.267408	-5.105673	-2.790443	-1.879800	0.928657
-10.953608	1.692830	0.072950	5.337025	3.236602	-5.100223	-2.789837	-1.878868	0.928662
-15.080204	-1.715321	0.256829	4.973277	2.680365	-4.996535	-2.778200	-1.861467	0.928768
11.019942	-0.390207	0.567826	4.582615	2.112380	-4.879386	-2.764826	-1.842453	0.928898
15.597126	1.592603	0.220385	4.219562	1.453967	-4.726837	-2.747136	-1.818504	0.929081
-16.403779	-1.885987	-1.171052	3.820565	0.808023	-4.555539	-2.726980	-1.792493	0.929297
1.449143	-1.926709	-1.228080	3.796622	0.778105	-4.546985	-2.725967	-1.791215	0.929308
16.504558	-1.925138	-1.281892	3.771996	0.748250	-4.538389	-2.724948	-1.789933	0.929319
-17.604194	2.619233	-1.417674	3.159393	0.214602	-4.373385	-2.705276	-1.765675	0.929535
-11.281275	0.664830	0.311071	2.124284	-0.287671	-4.193785	-2.683648	-1.739951	0.929777
20.398852	-5.148853	1.963789	0.339998	-0.817520	-3.967121	-2.656082	-1.708360	0.930088
-0.322292	-1.310511	0.432677	-1.921454	-1.277090	-3.720095	-2.625745	-1.674896	0.930433
-21.702611	-0.745965	0.300653	-2.032310	-1.297144	-3.707704	-2.624216	-1.673242	0.930450
21.751263	-0.149011	0.166096	-2.142671	-1.316987	-3.695274	-2.622681	-1.671585	0.930468
-3.240008	8.504641	-2.110292	-3.963748	-1.638387	-3.463178	-2.593911	-1.641026	0.930796
-22.962616	3.747857	-2.606924	-5.141733	-1.884932	-3.215363	-2.562955	-1.609141	0.931150
23.482210	-10.986358	-0.645288	-5.267653	-2.063531	-2.911348	-2.524563	-1.570856	0.931589
-5.349367	11.132152	2.725834	-4.304926	-2.122960	-2.589061	-2.483131	-1.530907	0.932061
-24.053973	11.482324	2.805057	-4.239932	-2.122947	-2.573656	-2.481126	-1.529008	0.932084
-17.669243	11.648238	2.870197	-4.173440	-2.122698	-2.558218	-2.479115	-1.527104	0.932107
24.489530	-3.499653	1.847966	-2.693568	-2.076069	-2.264149	-2.440281	-1.490908	0.932548
15.396965	-11.382472	-1.284758	-0.920100	-1.955426	-1.961090	-2.399031	-1.453528	0.933015
-22.819763	9.796156	-3.129421	2.851057	-1.424926	-1.224259	-2.291825	-1.360819	0.934218
15.614831	-5.616498	3.387448	4.471903	-0.636738	-0.482634	-2.170208	-1.262128	0.935564
6.943532	-7.221819	3.325573	4.480317	-0.618650	-0.467606	-2.167560	-1.260046	0.935593
-15.170876	-8.052577	3.247397	4.487779	-0.600501	-0.452590	-2.164905	-1.257961	0.935622
7.042702	-7.228704	3.136606	4.495203	-0.579474	-0.435270	-2.161833	-1.255551	0.935656
14.652183	-4.703624	3.004784	4.501352	-0.558355	-0.417957	-2.158750	-1.253137	0.935690
-14.395791	-1.163891	2.853231	4.506220	-0.537131	-0.400638	-2.155655	-1.250717	0.935723
-9.301640	2.121605	2.683545	4.509794	-0.515830	-0.383336	-2.152551	-1.248294	0.935758
11.163437	7.577056	-0.795993	4.420738	-0.209850	-0.142583	-2.108092	-1.213962	0.936244
4.905421	-7.310159	-3.741612	4.063328	0.105040	0.093517	-2.061930	-1.179039	0.936745
-8.269535	6.064708	-3.166877	3.121884	0.549107	0.415590	-1.994050	-1.128932	0.937479
8.953651	6.652707	-0.067971	1.819529	0.975464	0.722889	-1.922680	-1.077729	0.938243
3.244894	-4.143939	1.936628	0.282108	1.379281	1.024559	-1.844331	-1.023123	0.939076
-13.085753	-5.545288	3.302169	-1.220317	1.717228	1.302829	-1.762020	-0.967420	0.939943
10.578923	-5.078098	3.376726	-1.283585	1.730505	1.314740	-1.758222	-0.964889	0.939983
13.274350	-4.587418	3.453279	-1.346277	1.743588	1.326588	-1.754418	-0.962357	0.940023
-14.846428	2.856537	5.025244	-2.424980	1.957347	1.544188	-1.679318	-0.913034	0.940807
-14.515725	4.178211	5.683446	-3.153499	2.086245	1.738638	-1.601110	-0.862956	0.941617
16.737635	-3.516854	3.447967	-3.424513	2.111824	1.930278	-1.507364	-0.804539	0.942580
-1.955118	2.880007	-1.970053	-3.145977	2.001176	2.084537	-1.409375	-0.745220	0.943578
-17.065769	3.000734	-2.207452	-3.122840	1.993360	2.090454	-1.404935	-0.742573	0.943623
11.554439	3.067293	-2.440034	-3.098879	1.985314	2.096291	-1.400487	-0.739924	0.943668
17.061132	-1.462065	-5.866592	-2.483347	1.784966	2.193931	-1.312090	-0.687967	0.944559
-16.910602	-3.078571	-6.840644	-1.642015	1.510933	2.260415	-1.220417	-0.635411	0.945477
16.663929	0.648782	-4.655143	-0.495240	1.115361	2.298380	-1.109313	-0.573413	0.946580
9.775068	0.682205	-0.348240	0.661250	0.657026	2.293724	-0.993607	-0.510695	0.947718
-16.412410	0.775593	-0.138338	0.709803	0.635584	2.292531	-0.988373	-0.507901	0.947769
6.564858	0.891483	0.071973	0.758030	0.614046	2.291254	-0.983127	-0.505103	0.947820
16.244933	4.855959	3.970689	1.599823	0.182404	2.249910	-0.879538	-0.450578	0.948830
-16.154684	5.103692	6.697238	2.182970	-0.266759	2.177152	-0.772586	-0.395596	0.949866
-16.099429	1.209334	7.322933	2.382763	-0.793785	2.053946	-0.644778	-0.331415	0.951098
16.334557	-4.181471	5.944082	1.976541	-1.311871	1.889322	-0.513050	-0.266712	0.952365
7.588828	-4.372183	5.841636	1.943665	-1.336213	1.880241	-0.506532	-0.263543	0.952427
-16.361227	-4.553888	5.736555	1.909762	-1.360440	1.871057	-0.500002	-0.260371	0.952490
8.770786	-6.623813	3.559680	1.175390	-1.760372	1.692968	-0.383448	-0.204197	0.953613
17.149500	-5.489569	1.034263	0.289237	-2.085603	1.484999	-0.264785	-0.147710	0.954763
-13.233960	0.669909	-2.132143	-0.729651	-2.327326	1.205839	-0.124542	-0.081595	0.956134
-18.816691	6.515843	-4.817450	-1.503907	-2.373309	0.887521	0.017317	-0.015153	0.957540
18.863945	6.657942	-4.913979	-1.529475	-2.369909	0.872065	0.023821	-0.012112	0.957605
-5.797105	6.785601	-5.007492	-1.553989	-2.365993	0.856539	0.030324	-0.009073	0.957670
-19.845886	5.933045	-6.194848	-1.792260	-2.190283	0.550322	0.153137	0.048301	0.958911
20.724073	-0.757882	-6.193916	-1.553955	-1.815912	0.223059	0.276190	0.105845	0.960178
18.223401	-5.737310	-4.192537	-0.833586	-1.179505	-0.175018	0.419179	0.173005	0.961686
-21.516481	-2.670929	-0.034356	0.102102	-0.401243	-0.580861	0.561257	0.240304	0.963230
21.501619	-2.272453	0.161702	0.143855	-0.364999	-0.598700	0.567470	0.243264	0.963299
17.473290	-1.859330	0.356577	0.185467	-0.328639	-0.616532	0.573679	0.246224	0.963368
-20.840304	4.807512	3.525715	0.937219	0.396392	-0.962300	0.694385	0.304127	0.964726
-4.005511	0.703916	4.439195	1.451664	1.114564	-1.297742	0.813461	0.362060	0.966111
17.998130	-4.375477	2.463265	1.583422	1.874757	-1.664923	0.949128	0.429324	0.967753
-12.392331	3.810435	-1.700045	1.269548	2.478733	-1.997500	1.081358	0.496531	0.969430
-16.055570	4.184116	-1.875134	1.245628	2.501966	-2.012247	1.087542	0.499721	0.969511
15.968768	4.528107	-2.043231	1.220988	2.524631	-2.026890	1.093717	0.502911	0.969591
15.509396	-5.562548	-3.084165	-0.274327	2.922879	-2.513237	1.332130	0.630163	0.972882
-12.614160	-2.079587	2.317447	-1.811898	2.183750	-2.768514	1.551026	0.756659	0.976303
3.725934	0.311989	2.414087	-1.821455	2.149118	-2.771814	1.556219	0.759815	0.976391
12.686345	2.786999	2.505003	-1.828636	2.113665	-2.774964	1.561397	0.762969	0.976478
-8.295799	5.171408	2.587362	-1.833264	2.078532	-2.777872	1.566399	0.766025	0.976563
-12.766390	7.444157	2.663841	-1.835535	2.042624	-2.780640	1.571387	0.769079	0.976648
15.768071	6.921427	1.893178	-0.452134	0.153906	-2.778724	1.757028	0.889310	0.980065
-6.466124	4.343727	-1.733897	1.861950	-1.984978	-2.564637	1.919277	1.008188	0.983604
-19.173168	2.863876	-1.798895	1.903183	-2.029911	-2.557035	1.922838	1.010993	0.983689
19.227197	1.257261	-1.861562	1.943161	-2.074348	-2.549317	1.926385	1.013796	0.983775
3.142606	-0.437839	-1.922880	1.982533	-2.119068	-2.541340	1.929983	1.016650	0.983862
-19.331785	-2.087914	-1.981551	2.020490	-2.163212	-2.533250	1.933563	1.019501	0.983949
19.976809	-11.211336	-2.497535	2.426076	-2.830489	-2.372489	1.993890	1.069226	0.985487
6.351023	0.171018	-1.899691	2.281001	-3.258138	-2.175827	2.049750	1.118627	0.987046
-20.230957	11.422142	-0.070675	1.438378	-3.467563	-1.873288	2.114547	1.181291	0.989072
6.671400	-3.835246	1.922336	0.123516	-3.342707	-1.517472	2.171744	1.243338	0.991133
19.831941	-10.374027	2.683813	-1.344428	-2.937978	-1.126535	2.220214	1.303433	0.993185
-12.286209	9.245033	1.226691	-2.680328	-2.293192	-0.703436	2.261084	1.362842	0.995272
-19.773974	9.310148	1.100886	-2.735549	-2.255659	-0.681790	2.262910	1.365770	0.995376
-3.003972	9.174820	0.970800	-2.789293	-2.217642	-0.660090	2.264718	1.368696	0.995481
19.882454	-8.066605	-1.615330	-3.446115	-1.417407	-0.240150	2.295347	1.423826	0.997477
-19.992437	0.994252	-2.674339	-3.149967	-0.509651	0.190338	2.318977	1.478268	0.999503
8.113940	1.851788	-2.681636	-3.101923	-0.459802	0.213267	2.320030	1.481131	0.999612
19.994491	2.651258	-2.684774	-3.050336	-0.409807	0.236215	2.321064	1.483993	0.999720
-19.870492	5.423069	-2.029215	-1.622240	0.492866	0.646018	2.336151	1.534816	1.001670
-3.392634	1.919295	-0.173325	0.391467	1.375323	1.050075	2.344719	1.584949	1.003648
18.573513	-1.791339	2.052937	2.755329	2.307677	1.504936	2.346331	1.642533	1.005990
-17.242101	-2.316247	2.343457	4.311324	3.053821	1.931303	2.338747	1.699084	1.008369
-16.410179	-2.210680	2.274757	4.349872	3.082708	1.950345	2.338165	1.701701	1.008481
17.095032	-2.093981	2.197767	4.384770	3.110994	1.969299	2.337562	1.704315	1.008593
-4.476204	0.719790	-0.080595	4.421621	3.519895	2.299193	2.322903	1.751711	1.010659
-14.249266	1.692826	-2.121775	3.485086	3.727748	2.592427	2.301275	1.798282	1.012752
12.814374	-2.009726	-1.872440	1.430063	3.763855	2.880156	2.266902	1.851784	1.015240
13.219939	-2.284029	0.783858	-1.224135	3.641429	3.098048	2.222632	1.904052	1.017766
-13.255892	-2.013129	0.891023	-1.335676	3.633662	3.105704	2.220523	1.906252	1.017875
-1.206221	-1.728654	0.994549	-1.446401	3.625720	3.113231	2.218394	1.908450	1.017984
14.604809	2.847442	1.993441	-3.378876	3.437764	3.236083	2.171875	1.951982	1.020173
-9.855931	-1.046573	0.546352	-4.535639	3.217524	3.308172	2.117879	1.994551	1.022391
-18.600135	-3.945372	-1.964521	-4.971507	2.964437	3.332551	2.045387	2.042953	1.025011
19.644887	4.159753	-2.527631	-4.642805	2.752930	3.297292	1.962939	2.089983	1.027669
2.973447	4.266438	-2.495040	-4.612582	2.744183	3.294336	1.958951	2.092095	1.027791
-19.653544	4.338789	-2.457532	-4.581155	2.735496	3.291266	1.954944	2.094204	1.027913
8.860048	3.583684	-0.944222	-3.781331	2.579748	3.212479	1.875822	2.133443	1.030233
17.322299	-0.151310	1.533333	-2.655388	2.428769	3.096018	1.790328	2.171620	1.032581
-14.851317	-4.539303	4.023692	-1.064636	2.238313	2.916897	1.683482	2.214656	1.035346
9.267966	-1.096071	4.437225	0.681987	2.008361	2.695088	1.569392	2.256171	1.038150
12.574318	-0.705757	4.396061	0.762676	1.996558	2.684052	1.564040	2.258023	1.038278
-4.238764	-0.296097	4.349587	0.843274	1.984627	2.672945	1.558678	2.259871	1.038407
-11.544083	4.726234	2.472314	2.315879	1.731408	2.449379	1.455189	2.294090	1.040843
11.673498	-4.984294	-1.116477	3.567589	1.413795	2.200830	1.347440	2.327125	1.043307
5.879927	-4.971283	-5.670472	4.492753	0.940117	1.882419	1.216729	2.364196	1.046222
-16.164618	2.052544	-7.126494	4.551052	0.326786	1.538203	1.081584	2.399562	1.049175
-5.817338	2.268055	-7.083724	4.528921	0.295301	1.522279	1.075449	2.401103	1.049308
16.493759	2.479867	-7.030728	4.504517	0.263462	1.506323	1.069311	2.402640	1.049441
-22.908471	6.266523	-3.944627	3.639677	-0.407263	1.192264	0.950102	2.431461	1.052009
-24.057718	2.136604	2.479464	2.212741	-1.143435	0.865634	0.828700	2.458959	1.054605
28.247829	-6.498596	8.929318	0.227936	-1.986014	0.475838	0.686148	2.489078	1.057642
-9.989996	4.782469	8.172405	-1.692940	-2.716864	0.077406	0.542025	2.517343	1.060718
-30.625241	5.500213	7.886202	-1.777610	-2.748117	0.057617	0.534892	2.518687	1.060870
17.478639	6.196855	7.574550	-1.860904	-2.778827	0.037818	0.527756	2.520027	1.061023
26.934070	-5.153545	-10.084516	-3.417923	-3.415712	-0.730363	0.251062	2.568269	1.067002
-12.356744	-3.258956	-1.430235	-0.872095	-2.690299	-1.480920	-0.023351	2.609256	1.073119
11.791008	1.812124	-0.945360	-0.785639	-2.657826	-1.498526	-0.029904	2.610153	1.073268
5.288361	4.256966	-0.454745	-0.699064	-2.624759	-1.516100	-0.036453	2.611045	1.073418
-10.640395	3.424794	0.050655	-0.610726	-2.590431	-1.533989	-0.043127	2.611951	1.073570
10.084319	-0.075796	0.558671	-0.522475	-2.555525	-1.551832	-0.049791	2.612851	1.073722
10.846529	-4.155931	7.955179	0.867357	-1.896161	-1.842106	-0.159616	2.627116	1.076264
-8.730726	2.963233	10.015802	1.874010	-1.111542	-2.119039	-0.267788	2.640092	1.078828
-13.547240	4.395029	4.591768	2.222736	0.016930	-2.448796	-0.403509	2.654810	1.082150
20.290241	1.385380	-4.498254	1.731272	1.201178	-2.743032	-0.535213	2.667328	1.085510
17.622378	0.118955	-4.872150	1.694786	1.255407	-2.755655	-0.541196	2.667853	1.085666
-20.712659	-1.153870	-5.235211	1.657381	1.309522	-2.768194	-0.547171	2.668373	1.085822
18.876425	-4.529988	-8.856319	0.845381	2.277453	-2.985238	-0.657325	2.677243	1.088774
21.420605	4.327829	-4.747403	0.001948	3.083823	-3.164211	-0.763372	2.684387	1.091754
-18.209893	0.414265	2.850750	-0.764762	3.674062	-3.316664	-0.879804	2.690437	1.095222
-7.439062	-3.327160	7.012783	-1.083452	3.763164	-3.405150	-0.989438	2.694112	1.098728
14.178801	-3.182146	7.049650	-1.083992	3.752708	-3.407789	-0.994663	2.694231	1.098902
-14.004607	-3.003945	7.068755	-1.082943	3.740785	-3.410265	-0.999869	2.694344	1.099076
-14.003922	-1.186877	5.187775	-0.839882	3.304274	-3.428372	-1.088210	2.695365	1.102151
9.827172	0.518510	1.067049	-0.321342	2.487705	-3.403069	-1.170394	2.694531	1.105255
-1.384106	1.905394	-3.272569	0.317634	1.184793	-3.328560	-1.257192	2.691231	1.108869
-9.732693	1.211739	-4.651290	0.615753	-0.334361	-3.214688	-1.335518	2.685381	1.112521
9.792152	1.124394	-4.624457	0.613665	-0.411638	-3.208157	-1.339200	2.685022	1.112704
6.930461	1.036666	-4.588459	0.609668	-0.488901	-3.201549	-1.342864	2.684657	1.112887
-11.330171	-0.426770	-2.807621	0.301676	-1.805867	-3.075933	-1.403407	2.677248	1.116093
3.100618	-1.548599	0.003756	-0.224169	-3.000108	-2.934747	-1.457786	2.667850	1.119327
15.665918	-0.978259	2.408904	-0.657446	-4.094803	-2.761041	-1.512884	2.654529	1.123085
-1.933613	1.595835	2.769182	-0.540026	-4.743458	-2.584465	-1.560106	2.638497	1.126881
-17.697239	1.719333	2.724484	-0.520962	-4.761233	-2.575756	-1.562258	2.637627	1.127071
17.771123	1.836185	2.673590	-0.500901	-4.777473	-2.567070	-1.564390	2.636751	1.127261
7.563489	1.661144	1.026775	-0.026075	-4.812466	-2.419245	-1.598514	2.620403	1.130590
-18.874170	-0.496780	-1.062153	0.575971	-4.386015	-2.279881	-1.627016	2.602030	1.133947
10.810891	-2.062886	-2.126129	1.273907	-3.399521	-2.131522	-1.652993	2.578460	1.137834
17.209776	-1.582156	-0.518993	1.804844	-1.979590	-1.996331	-1.671968	2.552260	1.141758
-17.137219	-1.443864	-0.399780	1.821900	-1.899776	-1.989988	-1.672730	2.550893	1.141954
-5.188188	-1.287394	-0.279469	1.837797	-1.819162	-1.983679	-1.673476	2.549521	1.142149
15.626509	1.857238	1.632433	1.887476	-0.287345	-1.878658	-1.683880	2.524396	1.145593
-8.781562	-0.101254	2.219712	1.374406	1.406385	-1.784732	-1.689328	2.497328	1.149064
-12.799334	-1.973819	1.086595	0.028398	3.368813	-1.690599	-1.689654	2.463638	1.153112
12.318240	2.609387	-1.337053	-1.665497	5.020316	-1.612751	-1.683811	2.427433	1.157195
0.145242	2.682200	-1.431666	-1.745353	5.085799	-1.609442	-1.683380	2.425635	1.157391
-12.334585	2.698254	-1.520768	-1.824602	5.149750	-1.606172	-1.682935	2.423832	1.157588
12.971287	-3.781547	-2.503318	-3.082594	6.004523	-1.554051	-1.672625	2.390351	1.161148
12.178994	-3.371586	-3.281964	-3.783989	6.169747	-1.515232	-1.658070	2.355063	1.164734
-3.395283	4.598794	-3.149375	-3.521568	5.348114	-1.486103	-1.636114	2.311968	1.168921
-17.608279	8.841522	-1.436913	-2.031133	3.613949	-1.467598	-1.608929	2.266540	1.173142
17.673147	8.731697	-1.299863	-1.928744	3.507401	-1.466801	-1.607421	2.264182	1.173356
-10.764565	8.547471	-1.157666	-1.824169	3.399327	-1.466010	-1.605899	2.261819	1.173571
-18.555945	-2.878996	1.755182	0.227132	1.373083	-1.452463	-1.578075	2.220682	1.177235
19.040034	-10.488134	4.543429	2.554933	-0.828076	-1.435306	-1.546739	2.177887	1.180925
-19.320403	10.148074	4.974315	5.053894	-3.170363	-1.405827	-1.507938	2.128359	1.185060
0.994892	5.784169	-0.288214	6.879532	-5.076153	-1.358698	-1.465207	2.076861	1.189225
19.009065	-7.396565	-5.326777	6.962052	-6.340897	-1.284963	-1.417643	2.022170	1.193519
-18.314383	-0.242369	-3.514794	4.505601	-6.868621	-1.178038	-1.366427	1.965505	1.197845
-6.047221	4.532883	1.967072	0.307898	-6.669227	-1.034813	-1.312430	1.907583	1.202153
16.501654	-2.672108	5.097109	-4.304667	-5.748273	-0.859211	-1.255342	1.847843	1.206492
-8.685491	-3.388329	5.066135	-4.537331	-5.680772	-0.849368	-1.252305	1.844699	1.206717
-16.428870	-4.052546	5.008646	-4.768513	-5.611272	-0.839453	-1.249259	1.841549	1.206943
16.314499	0.439060	0.557002	-8.217284	-4.021479	-0.650528	-1.193075	1.783971	1.211028
7.635806	5.250032	-4.292555	-8.712311	-1.838379	-0.446402	-1.134637	1.724922	1.215139
-18.341729	4.604670	-4.358825	-8.609909	-1.711416	-0.435374	-1.131509	1.721781	1.215356
12.958887	3.843380	-4.397925	-8.492337	-1.583536	-0.424321	-1.128376	1.718636	1.215573
23.012984	-6.327187	-1.566589	-4.254375	0.829799	-0.220356	-1.070527	1.660855	1.219521
-29.260546	5.737197	3.678967	1.704185	3.175219	-0.013791	-1.011007	1.601836	1.223492
-27.874507	7.411833	-3.539624	9.319573	6.418223	0.454702	-0.864705	1.457692	1.232971
20.780538	-3.647229	-4.131033	0.444751	4.207480	0.852838	-0.712380	1.307512	1.242578
-2.834686	-2.073420	-2.632262	0.013560	4.109634	0.861142	-0.708798	1.303966	1.242802
-18.653164	0.042081	-1.085377	-0.425499	4.010522	0.869406	-0.705215	1.300418	1.243027
17.499278	2.582370	0.515125	-0.889979	3.905598	0.878004	-0.701467	1.296705	1.243261
-3.332465	3.077838	2.028367	-1.357168	3.799350	0.886564	-0.697714	1.292986	1.243496
-15.238247	1.069584	3.310865	-1.797078	3.698066	0.894596	-0.694173	1.289477	1.243717
14.166299	-2.801521	4.397616	-2.233679	3.595771	0.902589	-0.690630	1.285964	1.243938
13.362191	1.136824	1.420827	-7.517496	2.024195	1.014763	-0.638822	1.234471	1.247171
4.117464	-0.607776	-6.064115	-9.084630	0.416164	1.119092	-0.586725	1.182409	1.250418
4.040371	0.171019	0.250104	-3.050765	-1.641925	1.253294	-0.513050	1.108183	1.255013
0.525012	3.736463	8.625032	5.372939	-3.295366	1.373436	-0.439216	1.032937	1.259635
-5.896701	-5.554223	1.383642	8.402705	-4.427986	1.484377	-0.362541	0.953693	1.264469
-11.783534	0.310958	-7.688969	6.220703	-4.859017	1.582048	-0.286221	0.873485	1.269331
12.102527	0.868514	-8.014802	6.038688	-4.863773	1.586384	-0.282601	0.869643	1.269564
8.475720	1.403425	-8.327643	5.852284	-4.867249	1.590689	-0.278984	0.865802	1.269796
-17.014367	6.162682	-11.033537	2.029106	-4.728112	1.664993	-0.212760	0.794802	1.274077
16.742748	2.351186	-6.541992	-1.434906	-4.289637	1.730147	-0.147196	0.723154	1.278379
20.835545	-4.219899	3.869530	-4.387118	-3.585666	1.793407	-0.073554	0.640820	1.283303
-20.585843	-0.842280	9.937376	-6.112803	-2.841239	1.845273	-0.001210	0.557718	1.288255
-14.950713	-0.495464	10.073127	-6.164472	-2.805731	1.847608	0.002425	0.553479	1.288507
20.504717	-0.156602	10.192842	-6.212497	-2.770620	1.849914	0.006056	0.549237	1.288759
-14.616671	2.328368	10.446044	-6.441156	-2.260125	1.884975	0.067584	0.476312	1.293090
-18.183652	-0.266295	9.367375	-5.478922	-1.983799	1.911789	0.127779	0.402866	1.297441
16.501083	-2.187281	6.747179	-2.945219	-1.877802	1.932742	0.195585	0.317234	1.302503
-9.566264	2.582598	1.490258	0.612252	-1.853603	1.943113	0.261159	0.230977	1.307591
-14.977068	2.506330	1.179248	0.784369	-1.851869	1.943346	0.264202	0.226881	1.307833
6.245878	2.369486	0.864107	0.955542	-1.849956	1.943555	0.267240	0.222783	1.308074
14.150106	-2.841845	-4.543140	3.719799	-1.763794	1.943347	0.321766	0.147649	1.312500
-13.931868	2.729918	-6.489788	5.092945	-1.511995	1.935583	0.374272	0.072107	1.316945
-3.162546	2.293192	-4.291277	4.117003	-0.936992	1.917407	0.432234	-0.015651	1.322105
15.137907	-1.578857	-0.297255	1.382264	-0.172940	1.889576	0.487089	-0.103877	1.327291
3.375671	-1.603178	-0.123264	1.230665	-0.134059	1.887988	0.489660	-0.108155	1.327543
-15.232813	-1.597398	0.045755	1.078628	-0.095167	1.886380	0.492222	-0.112432	1.327794
16.127268	1.227063	2.367721	-1.582321	0.586416	1.853857	0.536775	-0.189202	1.332307
6.048556	0.675719	3.635957	-3.620404	1.165776	1.814364	0.578748	-0.266260	1.336839
-17.778785	-1.337077	3.116311	-4.495902	1.566816	1.760184	0.623917	-0.355541	1.342094
14.007935	0.747352	0.805266	-3.878325	1.568309	1.697121	0.665457	-0.445091	1.347374
18.151181	0.879166	0.673167	-3.817733	1.558903	1.693844	0.667385	-0.449457	1.347631
-18.153824	1.007088	0.540869	-3.754744	1.548711	1.690547	0.669304	-0.453824	1.347889
8.216564	2.777045	-1.608643	-2.297802	1.250832	1.628110	0.701941	-0.531557	1.352484
17.458578	2.984841	-2.754391	-0.444866	0.783484	1.556061	0.731682	-0.609370	1.357098
-5.705906	1.328479	-2.735204	1.706217	0.131024	1.456329	0.762320	-0.699242	1.362447
-15.547917	-1.385548	-1.811802	3.531333	-0.532189	1.333714	0.788875	-0.789056	1.367820
15.496448	-1.527317	-1.753827	3.607877	-0.563277	1.326949	0.790082	-0.793502	1.368087
-0.849363	-1.670056	-1.695304	3.682794	-0.594076	1.320118	0.791278	-0.797946	1.368353
-13.756358	-4.694108	1.534399	4.983745	-1.432144	0.995661	0.829446	-0.969288	1.378704
0.827460	3.206350	4.338798	1.985852	-1.233284	0.544722	0.851242	-1.139367	1.389139
13.505582	3.425169	4.256870	1.855274	-1.216716	0.532890	0.851550	-1.143352	1.389386
-13.527842	3.636684	4.163312	1.722055	-1.199684	0.521023	0.851848	-1.147332	1.389633
-8.681285	3.832751	4.050245	1.577266	-1.181019	0.508331	0.852156	-1.151573	1.389896
13.580181	3.983611	3.922899	1.429719	-1.161825	0.495593	0.852452	-1.155812	1.390158
-7.578870	0.889201	0.403208	-1.181084	-0.785030	0.285114	0.855706	-1.223898	1.394400
-15.023182	-2.822561	-3.690408	-3.730828	-0.298237	0.068365	0.856050	-1.291596	1.398654
16.046878	2.107128	-5.145089	-5.752845	0.458191	-0.214097	0.852023	-1.379022	1.404210
14.912756	-1.587901	-0.448861	-5.249897	1.287919	-0.485908	0.842790	-1.465573	1.409788
-16.598479	-1.656741	-0.197851	-5.176705	1.323375	-0.497163	0.842275	-1.469270	1.410028
16.602658	-1.694403	0.051221	-5.099901	1.358721	-0.508375	0.841749	-1.472965	1.410268
9.874028	0.713062	4.203916	-2.910795	2.027884	-0.723001	0.829078	-1.546763	1.415100
-15.678473	2.028604	5.555904	0.091489	2.557723	-0.912254	0.812305	-1.619731	1.419947
4.997453	-2.588149	2.491284	3.690746	2.877658	-1.088941	0.787735	-1.702754	1.425557
13.840816	-3.208646	-2.644167	6.220948	2.755400	-1.212146	0.757422	-1.784445	1.431188
-13.810907	-2.892228	-2.880368	6.296107	2.735969	-1.216753	0.755800	-1.788378	1.431462
-10.491813	-2.548340	-3.111928	6.365873	2.715181	-1.221234	0.754164	-1.792308	1.431736
13.477449	3.644461	-5.778761	6.558496	2.109465	-1.280251	0.722728	-1.861596	1.436619
9.036867	1.138023	-4.234864	4.509985	1.064534	-1.301251	0.686780	-1.929710	1.441517
-13.794247	-3.423661	1.238220	0.217720	-0.510048	-1.280189	0.639353	-2.007179	1.447219
12.853021	1.857989	6.178080	-4.258560	-2.209070	-1.213196	0.586089	-2.082844	1.452940
14.281268	2.158438	6.263791	-4.438419	-2.286190	-1.209035	0.583491	-2.086303	1.453206
-14.304578	2.449596	6.329701	-4.614409	-2.362955	-1.204784	0.580883	-2.089758	1.453471
18.893671	-1.377167	-7.407789	-6.745192	-5.277913	-0.763820	0.396524	-2.300348	1.470437
19.173003	-1.598585	4.950724	4.778027	-1.763435	-0.074266	0.191412	-2.491023	1.487564
-13.720576	0.626809	5.230653	4.912602	-1.674074	-0.062809	0.188218	-2.493784	1.487829
-19.300212	1.869077	5.512417	5.042770	-1.584080	-0.051338	0.185023	-2.496541	1.488094
19.364106	1.343145	5.804240	5.170274	-1.492075	-0.039678	0.181777	-2.499336	1.488363
2.775330	-0.297418	6.100400	5.292835	-1.399523	-0.028014	0.178532	-2.502126	1.488632
-19.484521	-1.918657	6.415660	5.416954	-1.301037	-0.015670	0.175100	-2.505071	1.488917
19.535538	-2.462281	6.730178	5.535265	-1.201932	-0.003316	0.171667	-2.508012	1.489202
-1.461727	4.559427	8.796424	6.473270	0.226786	0.169071	0.123854	-2.548454	1.493191
-18.239337	2.865516	2.123793	5.893952	1.688334	0.338703	0.076587	-2.587608	1.497189
-0.085929	1.132483	1.484822	5.806813	1.785687	0.349847	0.073460	-2.590173	1.497456
13.470981	-0.658164	0.837982	5.714306	1.883007	0.360972	0.070335	-2.592734	1.497723
16.330521	-8.170414	-8.915082	3.128322	3.691284	0.566243	0.011743	-2.640297	1.502812
-15.357289	7.825376	-5.357359	-0.352876	5.332053	0.755284	-0.044846	-2.685632	1.507913
8.015565	9.526658	5.569436	-4.088506	6.851054	0.945049	-0.106858	-2.735053	1.513812
16.384191	-8.502165	8.068630	-5.931319	7.784146	1.095401	-0.164514	-2.781286	1.519728
-16.436426	-8.894482	7.876668	-5.943172	7.809579	1.101165	-0.167026	-2.783317	1.519999
16.361718	-9.180294	7.656402	-5.947723	7.833390	1.106830	-0.169528	-2.785343	1.520269
17.462749	-1.245264	-0.039432	-4.831139	7.999942	1.193659	-0.214833	-2.822484	1.525412
-18.112009	7.894373	-6.917577	-2.105035	7.735916	1.238351	-0.255538	-2.857050	1.530567
12.077094	2.111779	-4.374177	1.672737	7.115557	1.240163	-0.295658	-2.893054	1.536431
17.673131	-6.673901	2.358018	4.721021	6.374674	1.195096	-0.329465	-2.925526	1.542311
-14.551871	-2.359939	4.745517	5.517151	5.746902	1.109468	-0.357050	-2.954132	1.548157
-14.769337	5.994859	2.091788	3.191017	5.384355	0.988430	-0.379002	-2.979037	1.554017
14.677951	5.829058	1.836238	3.026910	5.372707	0.982036	-0.379889	-2.980102	1.554290
-8.304435	5.569020	1.569559	2.859449	5.361384	0.975578	-0.380765	-2.981159	1.554562
-12.776269	-5.644313	-3.662796	-0.879430	5.176438	0.833574	-0.395924	-3.000562	1.560026
11.803488	3.788983	-3.115962	-4.177837	4.976181	0.670287	-0.406715	-3.016568	1.565501
5.311007	4.525992	-2.964035	-4.296629	4.963431	0.661742	-0.407139	-3.017270	1.565772
-11.793620	5.212047	-2.805606	-4.409659	4.950297	0.653162	-0.407553	-3.017962	1.566043
-8.816423	4.601547	0.927944	-5.421049	4.595170	0.479679	-0.413619	-3.029672	1.571290
14.534370	-4.568018	3.250394	-4.012125	3.986917	0.294795	-0.416127	-3.038106	1.576549
-0.959404	-0.403542	-0.130096	0.221395	2.955430	0.072439	-0.414856	-3.043665	1.582622
-20.353235	4.793480	-3.789965	4.349400	1.581722	-0.154338	-0.409386	-3.044695	1.588709
20.466180	4.642644	-3.816044	4.477595	1.510843	-0.164731	-0.409039	-3.044632	1.588988
7.966523	4.425561	-3.824296	4.598101	1.439274	-0.175122	-0.408684	-3.044560	1.589267
-22.276173	-5.304464	-1.564672	5.560986	-0.047938	-0.370696	-0.400415	-3.041376	1.594561
23.270908	-6.179710	2.320911	4.480848	-1.760977	-0.561129	-0.389320	-3.034724	1.599864
10.706700	3.433085	5.305805	1.565340	-3.851746	-0.768502	-0.373258	-3.022816	1.605962
-23.419687	8.262133	4.043591	-1.970074	-5.870883	-0.958491	-0.353758	-3.006404	1.612072
6.740150	8.048829	3.817885	-2.145564	-5.968899	-0.967693	-0.352663	-3.005439	1.612386
8.116841	7.790526	3.575504	-2.319211	-6.066129	-0.976834	-0.351559	-3.004462	1.612701
21.584907	-9.608700	-7.004415	-5.892003	-8.859532	-1.266546	-0.304206	-2.959720	1.624475
-19.179914	5.713134	2.052247	-1.017621	-9.403829	-1.428814	-0.245366	-2.899224	1.636290
19.124276	6.872256	2.374282	-0.844272	-9.391937	-1.430792	-0.243832	-2.897598	1.636571
-8.266901	7.905795	2.693300	-0.670280	-9.379070	-1.432676	-0.242293	-2.895963	1.636853
-19.013266	8.686163	3.012526	-0.493681	-9.365067	-1.434486	-0.240729	-2.894299	1.637138
4.481024	9.097493	3.327337	-0.316824	-9.350099	-1.436200	-0.239160	-2.892628	1.637422
18.103787	-8.382815	7.433327	2.589553	-8.961468	-1.451058	-0.211786	-2.863104	1.642233
-17.481757	3.710414	8.089983	4.875998	-8.354690	-1.440688	-0.182869	-2.831121	1.647050
-14.855054	6.265480	5.764238	6.142244	-7.347951	-1.393554	-0.143941	-2.786594	1.653231
17.700848	-4.599636	2.072684	5.820044	-6.173015	-1.312077	-0.103399	-2.738162	1.659423
-3.618935	-4.884769	1.874750	5.771918	-6.112650	-1.307355	-0.101415	-2.735733	1.659722
-17.797553	-5.126610	1.675203	5.721126	-6.051937	-1.302564	-0.099428	-2.733294	1.660020
18.978866	-4.468631	-2.024877	4.397445	-4.899090	-1.204421	-0.063174	-2.687714	1.665417
6.390578	-0.306640	-5.234959	2.498145	-3.659520	-1.086184	-0.026483	-2.639292	1.670820
-21.266971	3.684813	-7.366522	-0.023635	-2.174583	-0.928043	0.015984	-2.579898	1.677070
20.744294	1.287112	-7.032359	-2.481039	-0.699683	-0.750621	0.058035	-2.516863	1.683328
10.009975	0.841207	-6.956272	-2.587564	-0.632802	-0.742007	0.059963	-2.513857	1.683618
-20.591282	0.389957	-6.874965	-2.693286	-0.566056	-0.733354	0.061890	-2.510842	1.683908
6.281213	-3.483811	-4.440977	-4.465624	0.639755	-0.566168	0.097463	-2.453087	1.689336
15.336083	-1.259683	-0.666666	-5.695903	1.739678	-0.390447	0.131938	-2.392716	1.694769
-9.293384	3.495064	3.406405	-6.169078	2.848077	-0.180839	0.169840	-2.319991	1.701036
-10.367782	1.225395	5.027519	-5.338846	3.768596	0.032617	0.205293	-2.243941	1.707310
10.351098	0.842210	5.027121	-5.263408	3.807072	0.042621	0.206882	-2.240306	1.707603
7.487980	0.468577	5.019660	-5.184427	3.845176	0.052631	0.208465	-2.236662	1.707897
-11.164581	-3.634822	3.766517	-3.161602	4.481070	0.237545	0.236546	-2.167837	1.713343
13.103939	-3.620511	1.093179	-0.430495	4.988575	0.419450	0.262004	-2.096628	1.718794
16.064649	-0.663346	-2.099841	2.790430	5.424836	0.622256	0.287672	-2.011540	1.725092
-17.854796	3.513571	-3.188710	5.142808	5.712248	0.813568	0.308850	-1.923421	1.731396
-4.587070	3.747768	-3.147505	5.218105	5.722564	0.822446	0.309750	-1.919090	1.731701
17.922930	3.948763	-3.095783	5.289271	5.732569	0.831293	0.310639	-1.914750	1.732005
-6.539948	-0.549360	-0.856036	5.902409	5.859554	0.983437	0.324524	-1.835634	1.737482
-16.139643	-4.430742	1.831179	5.419355	5.892182	1.120981	0.334238	-1.754353	1.742963
13.768990	4.730980	2.287567	3.892476	5.823880	1.258165	0.339807	-1.658089	1.749283
-1.200881	-4.148336	-0.134556	1.993549	5.653540	1.370338	0.338845	-1.559095	1.755608
-11.578194	-4.576533	-0.251871	1.906974	5.643528	1.374837	0.338637	-1.554528	1.755896
11.506886	-4.960805	-0.366002	1.820654	5.633319	1.379286	0.338415	-1.549953	1.756184
6.345192	-2.491866	-1.817414	0.288801	5.403055	1.454346	0.331290	-1.461590	1.761683
-10.513683	4.874883	-1.878232	-0.894807	5.109041	1.511355	0.318477	-1.371310	1.767186
-5.708245	1.473541	-0.570790	-1.894577	4.698500	1.555930	0.296270	-1.265123	1.773525
11.830305	-3.949605	1.024201	-2.666570	4.218477	1.579392	0.265690	-1.156663	1.779868
-10.552381	-3.951689	1.082050	-2.699686	4.194589	1.579992	0.264059	-1.151565	1.780163
-11.910009	-3.913266	1.137489	-2.732661	4.170585	1.580548	0.262411	-1.146466	1.780458
12.627683	1.180211	1.736204	-3.360140	3.699305	1.583121	0.228344	-1.050466	1.785965
2.450473	2.654345	1.435885	-4.068409	3.187567	1.570905	0.188451	-0.952992	1.791474
-14.013762	0.232913	-0.049255	-4.771613	2.564783	1.539120	0.137066	-0.840777	1.797725
14.690145	-1.244864	-1.447563	-5.058536	1.904338	1.488219	0.080219	-0.726964	1.803979
10.084471	0.423954	-1.478998	-4.635152	1.227502	1.419131	0.019841	-0.613208	1.810157
-15.905412	0.557645	-0.358256	-3.374103	0.557440	1.331328	-0.043649	-0.498345	1.816338
5.890336	0.418306	-0.278778	-3.294973	0.525586	1.326580	-0.046798	-0.492734	1.816638
15.958827	0.274753	-0.197562	-3.214486	0.493828	1.321787	-0.049951	-0.487121	1.816939
-5.244163	-0.672772	1.203439	-1.456798	-0.093281	1.221037	-0.111318	-0.378845	1.822720
-16.165724	0.974475	1.200128	0.512004	-0.618441	1.103910	-0.173487	-0.270017	1.828503
16.130429	1.071995	1.161853	0.619103	-0.644569	1.097111	-0.176853	-0.264122	1.828815
0.947259	1.140091	1.120672	0.725955	-0.670439	1.090265	-0.180219	-0.258226	1.829128
-15.015644	-1.130942	0.113514	2.504280	-1.080820	0.961265	-0.239537	-0.153806	1.834657
13.563118	-2.529077	-0.699806	3.821424	-1.386691	0.817284	-0.297921	-0.049243	1.840188
10.413587	3.028921	-0.495730	4.397084	-1.580316	0.633452	-0.362815	0.070799	1.846539
-11.814529	4.348042	0.123000	4.006505	-1.584277	0.429858	-0.424285	0.190553	1.852891
-2.441662	3.974118	0.141292	3.967720	-1.580117	0.419912	-0.427040	0.196109	1.853186
11.866471	3.574741	0.157855	3.927273	-1.575598	0.409924	-0.429785	0.201664	1.853481
-0.104048	-2.908284	0.212638	2.926563	-1.430284	0.216719	-0.479054	0.305139	1.858994
-15.097646	-5.584555	0.025722	1.650767	-1.187865	0.014833	-0.524067	0.408078	1.864507
17.807595	-3.295092	-0.069928	0.092572	-0.822233	-0.221546	-0.569860	0.526243	1.870878
5.930797	-0.933636	-0.060487	-1.324560	-0.405023	-0.452393	-0.607911	0.643359	1.877248
-20.093297	-0.714840	-0.058235	-1.385559	-0.384780	-0.462988	-0.609495	0.648853	1.877549
20.166446	-0.479766	-0.055826	-1.445952	-0.364519	-0.473550	-0.611060	0.654344	1.877849
15.653905	3.609085	0.016307	-2.435138	0.005127	-0.660278	-0.636133	0.754635	1.883362
-20.879307	5.767783	0.132749	-3.148107	0.351895	-0.829379	-0.653787	0.853880	1.888874
7.292784	4.211408	0.284722	-3.506545	0.686331	-0.992691	-0.663948	0.965327	1.895139
18.604113	0.030955	0.484162	-3.295812	0.930899	-1.116765	-0.662599	1.075163	1.901403
-3.712448	-3.850585	0.799361	-2.485821	1.060262	-1.191966	-0.649192	1.181573	1.907562
-15.704723	-2.972906	1.080007	-1.099510	1.056579	-1.212207	-0.623299	1.286295	1.913719
15.645250	-2.690347	1.071858	-1.013274	1.052392	-1.211624	-0.621621	1.291637	1.914036
-1.495638	-2.383467	1.059969	-0.925645	1.047794	-1.210876	-0.619908	1.296975	1.914353
-14.805437	2.171842	0.127404	0.718441	0.901654	-1.172645	-0.584843	1.388941	1.919854
14.483175	-1.529874	-1.705600	2.147726	0.627602	-1.090295	-0.540207	1.479457	1.925353
-14.682330	1.047956	-0.981966	2.685726	0.151535	-0.950225	-0.477948	1.581755	1.931676
-2.510552	-0.943859	2.319271	2.040584	-0.475354	-0.772767	-0.405082	1.682004	1.937997
15.446858	-0.958998	2.398787	1.984001	-0.506638	-0.763747	-0.401433	1.686641	1.938292
-5.021634	-0.947856	2.463927	1.925155	-0.537988	-0.754672	-0.397763	1.691273	1.938587
-16.415071	1.227900	1.591012	0.525607	-1.117203	-0.576780	-0.325673	1.776817	1.944097
17.369089	0.291051	-1.331537	-1.006007	-1.623487	-0.387812	-0.247166	1.860696	1.949602
13.373027	-2.337232	-3.238874	-2.093647	-1.997141	-0.166934	-0.149894	1.955050	1.955930
-18.215719	-1.125420	-0.674133	-1.824261	-2.036701	0.046772	-0.046217	2.047077	1.962252
11.952389	-0.784006	-0.491766	-1.785207	-2.029788	0.056388	-0.041263	2.051294	1.962546
18.167376	-0.428993	-0.307738	-1.744416	-2.022096	0.065977	-0.036294	2.055510	1.962840
-17.304579	3.353580	2.739584	-0.771290	-1.748162	0.237211	0.057806	2.132772	1.968288
-0.866090	-0.326213	3.542493	0.280623	-1.257729	0.393461	0.155043	2.208196	1.973733
14.507458	-3.420532	1.983184	1.101461	-0.478655	0.551762	0.271039	2.293486	1.980054
-8.612906	2.657561	-1.008745	1.437218	0.454186	0.679995	0.389185	2.376168	1.986369
-13.733615	2.821704	-1.144379	1.440861	0.501208	0.685265	0.394849	2.380042	1.986670
13.730347	2.951172	-1.276844	1.443342	0.548402	0.690454	0.400516	2.383910	1.986970
8.167618	2.828689	-3.023330	1.286246	1.418169	0.769737	0.503325	2.452855	1.992411
-15.256223	0.776902	-3.351553	0.773549	2.258594	0.818946	0.606095	2.519760	1.997847
9.295240	-0.292833	-1.873631	-0.060023	3.050881	0.833905	0.723890	2.594491	2.004123
17.811893	-0.493320	0.747402	-0.823525	3.489282	0.798957	0.839508	2.666367	2.010391
-17.841179	-0.497254	0.873670	-0.852592	3.498985	0.795957	0.844947	2.669723	2.010690
-4.316310	-0.490290	0.998605	-0.880744	3.507566	0.792829	0.850381	2.673075	2.010989
17.953543	0.337918	2.835743	-1.189347	3.450032	0.715192	0.947304	2.732727	2.016411
-13.723251	-0.960885	3.285926	-1.002851	2.954525	0.602464	1.040189	2.790135	2.021828
-16.282328	-1.124368	1.435637	-0.209363	1.940103	0.441094	1.139491	2.852752	2.027991
14.901991	2.117321	-2.235802	0.762341	0.640527	0.255980	1.230082	2.912329	2.034146
1.033639	-3.023037	-3.849294	1.375179	-0.718811	0.061683	1.309209	2.967999	2.040202
-12.632208	-4.538830	-2.786259	1.273555	-1.987765	-0.133258	1.376707	3.020593	2.046249
12.599196	-4.184370	-2.677801	1.251933	-2.046030	-0.142637	1.379690	3.023092	2.046545
3.782793	-3.773641	-2.565177	1.229024	-2.103835	-0.151983	1.382639	3.025581	2.046842
-12.255642	5.543303	-0.106134	0.587201	-3.113685	-0.323061	1.432448	3.071501	2.052471
12.448122	-1.730335	1.811858	-0.297974	-3.917820	-0.475083	1.469397	3.114634	2.058092
12.033879	-2.274274	1.901986	-0.347882	-3.953978	-0.482485	1.470983	3.116856	2.058392
-10.302116	-2.797874	1.991896	-0.397803	-3.989379	-0.489801	1.472527	3.119068	2.058691
-13.129272	-6.294302	3.749713	-1.263049	-4.490651	-0.605597	1.493145	3.157330	2.064053
14.084287	2.652551	5.862672	-1.943883	-4.710047	-0.687055	1.499648	3.192954	2.069406
-4.784077	5.604517	6.385975	-2.246866	-4.560754	-0.730717	1.488133	3.230763	2.075573
-17.063519	0.295817	2.588997	-1.817817	-3.965589	-0.722295	1.455092	3.265076	2.081729
12.343279	-0.084803	2.329428	-1.781396	-3.927837	-0.720715	1.453015	3.266608	2.082019
17.217463	-0.463848	2.065027	-1.743699	-3.889280	-0.719033	1.450892	3.268134	2.082309
-18.597531	-4.074776	-3.224367	-0.859259	-3.055535	-0.670948	1.403929	3.294840	2.087642
-2.571988	-0.099890	-7.708635	0.273002	-2.037514	-0.593457	1.342679	3.318997	2.092966
20.320650	2.889904	-8.120818	1.675310	-0.730314	-0.473196	1.255444	3.343796	2.099108
-19.037936	-2.578495	-1.740083	2.931722	0.605366	-0.326714	1.152113	3.365311	2.105238
-19.717285	-2.628157	-1.367526	2.982730	0.667991	-0.319168	1.146793	3.366259	2.105531
19.652172	-2.632329	-0.996206	3.032617	0.730401	-0.311579	1.141440	3.367200	2.105824
-15.376853	2.793676	8.784801	3.678799	2.897835	0.017406	0.903188	3.398785	2.117476
-8.248416	-2.838429	3.543146	1.006293	4.069058	0.365244	0.623903	3.419133	2.129079
12.688253	-2.634509	3.415817	0.919812	4.084098	0.373065	0.617098	3.419471	2.129345
3.651825	-2.381026	3.293902	0.832775	4.098652	0.380871	0.610278	3.419805	2.129611
-8.189155	-2.065936	3.168683	0.738828	4.113725	0.389225	0.602943	3.420156	2.129896
-12.757781	-1.727174	3.048820	0.644392	4.128235	0.397555	0.595596	3.420500	2.130181
13.913509	2.567622	1.388223	-0.959309	4.291386	0.532033	0.471394	3.425264	2.134897
-10.711346	0.336495	-0.775568	-2.490507	4.319846	0.657493	0.343145	3.428271	2.139605
-18.775950	-1.924629	-4.461384	-4.004119	4.185784	0.800011	0.174857	3.429605	2.145598
20.655803	1.964892	-7.569689	-4.618513	3.888228	0.920595	0.002677	3.428195	2.151576
9.401323	1.669292	-7.608088	-4.617874	3.870379	0.925792	-0.005634	3.428060	2.151862
-20.737912	1.332113	-7.631833	-4.614126	3.852233	0.930934	-0.013945	3.427919	2.152148
20.611300	-2.491794	-6.266799	-4.042158	3.470884	1.015136	-0.166026	3.424284	2.157339
8.185217	2.330222	-3.626584	-2.716077	3.007363	1.081024	-0.318871	3.418665	2.162519
-16.871190	4.321153	-0.817870	-0.631697	2.397510	1.133401	-0.495009	3.409762	2.168484
0.615010	-5.154443	1.108486	1.613527	1.738502	1.159279	-0.669288	3.398333	2.174434
14.189925	-5.134602	1.212853	1.717634	1.706170	1.159835	-0.677584	3.397721	2.174719
4.208529	-5.017319	1.320255	1.821019	1.673803	1.160326	-0.685871	3.397104	2.175005
-12.279158	4.621431	3.399598	3.503319	1.088434	1.158169	-0.833758	3.385017	2.180142
6.287544	5.583083	4.428360	4.640896	0.513822	1.135041	-0.978512	3.371131	2.185267
10.900883	1.796684	2.673982	4.988025	-0.112283	1.081580	-1.142349	3.352776	2.191213
-12.000841	1.638132	-0.572391	4.335627	-0.662910	0.999337	-1.300716	3.332113	2.197143
12.075490	1.459610	-0.698056	4.290643	-0.683265	0.995424	-1.306961	3.331234	2.197381
7.925776	1.262957	-0.821957	4.244267	-0.703493	0.991461	-1.313201	3.330352	2.197619
-14.243862	-3.493338	-2.717519	2.947572	-1.100757	0.895506	-1.444090	3.310628	2.202705
4.075923	-1.818936	-2.494232	1.148814	-1.427893	0.777928	-1.569985	3.289289	2.207780
19.253031	1.485047	-0.362305	-1.264927	-1.712346	0.615001	-1.708638	3.262686	2.213626
-16.440213	-0.631917	1.545107	-3.374885	-1.889739	0.422801	-1.839413	3.234048	2.219457
-20.471475	-0.590630	1.564657	-3.451118	-1.895308	0.413066	-1.845341	3.232656	2.219731
20.475327	-0.522892	1.575120	-3.524520	-1.900623	0.403272	-1.851246	3.231261	2.220003
-9.537782	0.178714	0.658906	-4.399653	-1.952610	0.210407	-1.957005	3.204684	2.225044
-17.832543	-0.162665	-0.737597	-4.480066	-1.914824	-0.004346	-2.055882	3.176676	2.230072
11.890679	1.420106	-1.244817	-2.651928	-1.513023	-0.576802	-2.259401	3.105184	2.241883
0.221687	-2.238230	1.314269	-0.140735	-0.842898	-1.177479	-2.416747	3.026505	2.253628
-9.486715	-2.918095	1.359800	-0.088869	-0.825993	-1.191042	-2.419794	3.024605	2.253899
-4.871219	-3.557213	1.402361	-0.037538	-0.809066	-1.204575	-2.422814	3.022702	2.254169
9.576670	-3.733202	1.441478	0.013857	-0.791912	-1.218242	-2.425842	3.020772	2.254443
-4.358916	-3.046057	1.475782	0.064667	-0.774740	-1.231877	-2.428842	3.018839	2.254717
-9.683931	-1.628967	1.504921	0.114844	-0.757564	-1.245469	-2.431811	3.016903	2.254991
9.740970	0.176189	1.528720	0.164433	-0.740365	-1.259034	-2.434753	3.014962	2.255265
1.776655	4.534888	1.148345	0.806567	-0.495976	-1.447682	-2.473474	2.986958	2.259158
-11.599904	-5.063814	-0.475182	1.348074	-0.258256	-1.625641	-2.506167	2.958246	2.263043
14.111613	5.566972	-1.936455	2.000778	0.066811	-1.863919	-2.543754	2.913447	2.268916
14.129635	3.997475	-1.937132	2.472344	0.317757	-2.048354	-2.566321	2.867142	2.274771
-14.800169	-5.638085	-1.209521	2.748363	0.452110	-2.154848	-2.573199	2.824111	2.280042
1.580442	-1.074157	-0.181984	2.839412	0.484714	-2.197622	-2.566727	2.779958	2.285298
15.085315	-0.627746	-0.126866	2.837758	0.483848	-2.198017	-2.566037	2.777702	2.285563
-15.088356	-0.184212	-0.071667	2.835428	0.482761	-2.198240	-2.565312	2.775444	2.285827
-10.614969	5.093632	0.932286	2.657957	0.426927	-2.170925	-2.545737	2.733371	2.290691
14.858064	4.172344	1.782306	2.177396	0.316629	-2.081853	-2.514740	2.690317	2.295543
-0.790487	-3.090522	2.223960	1.171523	0.147474	-1.897706	-2.464886	2.638807	2.301190
-15.387452	-4.423562	1.451641	-0.186586	-0.024761	-1.633009	-2.401210	2.585953	2.306821
15.425799	-4.115226	1.378005	-0.245371	-0.031453	-1.620149	-2.398225	2.583687	2.307059
13.291443	-3.767245	1.300740	-0.303911	-0.038068	-1.607161	-2.395217	2.581418	2.307297
-16.531941	4.469516	-0.545528	-1.366133	-0.149624	-1.318841	-2.329843	2.535217	2.312083
6.618254	-0.448284	-1.730505	-1.974761	-0.200488	-0.983702	-2.255783	2.488071	2.316857
20.883747	-4.910869	-1.444538	-0.940965	-0.030639	-0.052465	-2.048333	2.372272	2.328158
-10.634338	4.110871	0.710126	1.201947	0.279030	0.946378	-1.803180	2.251392	2.339390
-20.530182	3.449386	0.668274	1.237711	0.284837	0.968985	-1.797148	2.248547	2.339648
20.454926	2.657637	0.620036	1.272279	0.290519	0.991558	-1.791097	2.245698	2.339906
3.776915	1.492196	0.565533	1.306238	0.296173	1.014518	-1.784912	2.242790	2.340170
-20.292855	-0.054830	0.506918	1.338863	0.301678	1.037410	-1.778715	2.239882	2.340433
17.639254	-1.965740	0.442824	1.371412	0.307252	1.061187	-1.772246	2.236852	2.340706
20.117232	-3.843415	0.376986	1.402484	0.312660	1.084901	-1.765760	2.233818	2.340980
-18.867074	-2.549590	-0.427322	1.654083	0.367120	1.403196	-1.674989	2.191856	2.344736
8.145794	2.239665	-0.512891	1.528298	0.374721	1.703600	-1.581301	2.149351	2.348484
16.136096	-1.238397	0.525884	0.870323	0.291693	2.079727	-1.446946	2.089446	2.353675
-14.978745	-0.437603	-0.065571	-0.042767	0.120071	2.392434	-1.308374	2.028530	2.358850
-3.211225	0.496370	-0.808491	-1.078726	-0.124749	2.635316	-1.159137	1.963460	2.364272
13.870022	-0.804195	0.371814	-1.952664	-0.405888	2.774788	-1.007085	1.897314	2.369676
5.275130	-0.860252	0.439418	-1.980543	-0.419525	2.778623	-0.999923	1.894196	2.369928
-13.860055	-0.907054	0.505065	-2.006717	-0.433182	2.782211	-0.992762	1.891077	2.370180
10.951060	0.157055	1.209519	-2.103618	-0.688089	2.803604	-0.859689	1.832983	2.374836
14.192532	2.156387	0.675545	-1.318239	-0.927321	2.736625	-0.725686	1.774120	2.379478
-14.666420	1.080311	-0.957747	0.240920	-1.094892	2.542798	-0.569695	1.705104	2.384831
-1.735565	-2.981054	-1.522514	1.797885	-1.031862	2.219617	-0.412741	1.635097	2.390167
15.227543	-3.047988	-1.490882	1.867599	-1.021603	2.201703	-0.405501	1.631853	2.390412
-10.563123	-3.092520	-1.452737	1.937089	-1.010616	2.183526	-0.398260	1.628608	2.390657
-15.679993	-0.846397	0.091477	2.978448	-0.657855	1.796904	-0.261750	1.567178	2.395259
15.992385	2.701130	1.456893	2.763109	-0.030010	1.340735	-0.124758	1.505040	2.399848
-1.502187	0.510880	0.585973	0.313773	0.848730	0.756838	0.033889	1.432429	2.405131
-15.696495	-1.881189	-1.137346	-2.788515	1.599389	0.144619	0.192893	1.358910	2.410397
15.662333	-1.819696	-1.195028	-2.917830	1.627618	0.114243	0.200757	1.355254	2.410657
9.412631	-1.736491	-1.247634	-3.042821	1.654733	0.083887	0.208621	1.351596	2.410917
-14.827420	1.474177	-1.451536	-4.236720	1.910003	-0.440993	0.346347	1.287205	2.415457
1.602502	2.838099	-0.468536	-2.965946	1.674486	-0.942700	0.484104	1.222169	2.419985
13.516494	-3.133175	2.106605	0.596848	0.927856	-1.474255	0.642750	1.146442	2.425186
-5.315104	-7.487224	1.287757	4.458189	-0.095428	-1.936674	0.801146	1.069896	2.430371
-14.325789	-6.957701	1.081769	4.592573	-0.144342	-1.955633	0.808303	1.066414	2.430605
14.403165	-6.328171	0.859802	4.721022	-0.193303	-1.974407	0.815459	1.062931	2.430839
7.951615	10.937305	-3.718545	5.644346	-1.120017	-2.297521	0.953154	0.995498	2.435343
-20.319800	1.117244	-2.130836	2.910764	-1.927271	-2.538062	1.090426	0.927473	2.439835
26.030469	-17.088717	4.791412	-2.625593	-2.541574	-2.695178	1.247473	0.848612	2.444978
-9.348894	17.664708	7.564345	-6.664751	-2.634058	-2.707188	1.403774	0.769013	2.450105
-33.155199	18.072513	7.350026	-6.766950	-2.622114	-2.703958	1.411150	0.765232	2.450347
-12.464204	18.176076	7.091731	-6.859480	-2.608528	-2.700381	1.418526	0.761450	2.450589
39.425500	-6.888379	-2.820974	-6.908401	-2.073831	-2.576193	1.553967	0.691547	2.455034
20.784945	-14.648046	-10.387286	-4.021236	-1.084410	-2.354009	1.688201	0.621120	2.459467
-45.098161	6.098084	13.200159	7.614111	1.654537	-1.550768	1.994286	0.453463	2.469841
18.998676	-0.164748	-7.241316	6.670770	2.854824	-0.548385	2.277708	0.283163	2.480143
-2.805227	-1.374624	-8.639482	6.517075	2.860420	-0.524572	2.283956	0.279162	2.480382
-16.893962	-1.397595	-10.079575	6.360312	2.865085	-0.500800	2.290182	0.275162	2.480621
15.831376	0.247152	-11.530092	6.202628	2.868790	-0.477359	2.296310	0.271211	2.480857
3.587836	1.468546	-12.942309	6.042321	2.871610	-0.453965	2.302415	0.267262	2.481093
-13.710492	0.936750	-14.244712	5.879149	2.873561	-0.430559	2.308514	0.263305	2.481330
12.680201	-1.566671	-15.374330	5.713599	2.874646	-0.407190	2.314595	0.259345	2.481566
12.560117	2.791249	-15.151353	3.116502	2.798601	-0.072651	2.400919	0.201556	2.485001
5.653192	-2.006988	-11.257232	0.396636	2.570767	0.246926	2.482831	0.143501	2.488428
4.899037	-6.352984	-6.661998	-3.209580	2.050165	0.660562	2.588794	0.062189	2.493189
4.205041	7.504368	4.984340	-6.171658	1.354207	1.032347	2.684223	-0.019605	2.497934
-6.070918	-0.141303	15.608054	-8.067663	0.508596	1.371864	2.771798	-0.105947	2.502896
-15.417926	-6.896924	15.743034	-8.240757	-0.378642	1.653593	2.845186	-0.192780	2.507840
15.738656	-6.460457	15.373544	-8.188125	-0.433688	1.669141	2.849270	-0.198221	2.508149
3.160164	-6.065356	14.971402	-8.127939	-0.488597	1.684446	2.853294	-0.203666	2.508457
-18.448697	-5.045001	8.551840	-6.648603	-1.210260	1.866800	2.901769	-0.277826	2.512641
-1.003200	-2.008664	3.906851	-4.221509	-1.860179	1.998906	2.938092	-0.352283	2.516813
16.409576	2.867918	-0.362562	-0.704796	-2.482464	2.085078	2.964178	-0.440371	2.521713
-14.158828	1.392851	-5.773558	2.882037	-2.890504	2.090131	2.971090	-0.528785	2.526594
-2.110521	1.062776	-6.014527	3.031080	-2.902580	2.088379	2.970946	-0.532686	2.526809
14.003128	0.735217	-6.253445	3.178894	-2.914115	2.086457	2.970765	-0.536588	2.527023
-0.563172	-0.847052	-10.103879	5.730498	-3.023311	2.013850	2.959716	-0.612674	2.531195
-13.033934	0.535323	-11.315761	7.362775	-2.887154	1.872004	2.934564	-0.688913	2.535354
13.931391	-0.580471	-9.000556	7.669752	-2.374904	1.622077	2.887677	-0.778152	2.540199
0.366969	1.361552	-4.227511	6.436440	-1.479079	1.299377	2.822380	-0.867454	2.545025
-15.583271	1.443548	-3.974081	6.347888	-1.429241	1.282746	2.818858	-0.871661	2.545252
4.021140	1.515762	-3.719580	6.256993	-1.378840	1.266003	2.815297	-0.875867	2.545479
17.246350	1.801741	0.879357	4.249559	-0.379838	0.943799	2.743437	-0.952550	2.549608
0.332862	2.038349	4.591657	1.792415	0.704106	0.598919	2.658669	-1.029161	2.553724
-19.799725	2.486638	6.385104	-1.167608	1.936428	0.189583	2.544898	-1.117625	2.558468
19.824230	0.203903	4.999559	-3.706439	3.002184	-0.210785	2.414700	-1.205851	2.563193
8.650953	-0.128956	4.871450	-3.816187	3.048261	-0.230130	2.407789	-1.210241	2.563429
-19.749331	-0.465571	4.739629	-3.924151	3.093532	-0.249397	2.400838	-1.214630	2.563664
18.543333	-3.361109	2.136208	-5.482582	3.729798	-0.567577	2.274480	-1.290365	2.567719
15.300092	-2.428387	-0.335216	-6.368468	4.023758	-0.848586	2.136594	-1.365808	2.571762
-14.344731	1.021752	-2.355492	-6.411606	3.846711	-1.116895	1.961269	-1.453521	2.576467
8.829836	3.918821	-2.650926	-5.421076	3.166847	-1.320246	1.771068	-1.540690	2.581155
12.570344	3.959611	-2.606339	-5.355702	3.125725	-1.327993	1.762075	-1.544639	2.581367
-12.522574	3.985015	-2.555870	-5.288806	3.083800	-1.335612	1.753051	-1.548587	2.581580
-7.486784	0.216683	-0.817880	-3.773361	2.159488	-1.455476	1.577680	-1.622655	2.585576
12.507543	-4.281597	1.075071	-1.870286	1.030728	-1.531770	1.392074	-1.696209	2.589558
1.524016	-0.777198	1.513451	0.646742	-0.442676	-1.568070	1.163072	-1.781279	2.594185
-14.583042	4.634313	0.401801	3.155737	-1.970465	-1.550519	0.921194	-1.865510	2.598794
10.020033	4.730864	0.335113	3.258356	-2.039665	-1.548490	0.909847	-1.869341	2.599004
14.671772	4.794507	0.268130	3.359258	-2.108716	-1.546356	0.898477	-1.873169	2.599214
-15.348676	0.386677	-0.862228	4.866930	-3.373510	-1.486850	0.678910	-1.945335	2.603191
0.145040	-5.221065	-1.089259	5.400233	-4.509492	-1.393353	0.452684	-2.016751	2.607154
15.892625	-3.989680	0.110994	4.784416	-5.600105	-1.248772	0.187670	-2.097588	2.611677
-11.739181	5.334306	1.065922	3.010897	-6.415349	-1.069056	-0.080890	-2.177298	2.616181
-15.749069	5.419113	1.066043	2.903662	-6.445366	-1.060025	-0.093286	-2.180937	2.616388
15.736559	5.439578	1.060585	2.794374	-6.474665	-1.050937	-0.105675	-2.184571	2.616594
3.083337	-1.320049	0.144420	0.438521	-6.891333	-0.867237	-0.340601	-2.253020	2.620507
-14.930580	-5.291679	-1.151967	-2.026877	-7.019574	-0.664498	-0.574054	-2.320497	2.624405
14.260242	5.146317	-1.267427	-4.113076	-6.787015	-0.425560	-0.825751	-2.393191	2.628657
-13.503113	-1.573684	0.281384	-4.935928	-6.118003	-0.175171	-1.071062	-2.464594	2.632891
8.636527	-4.983840	1.585163	-4.458447	-4.917846	0.093597	-1.319942	-2.538326	2.637333
12.165604	0.853596	0.583762	-2.794545	-3.300337	0.359929	-1.556424	-2.610472	2.641756
-8.421136	1.243137	0.495616	-2.696566	-3.217112	0.372104	-1.567055	-2.613781	2.641961
-12.128726	1.627981	0.405331	-2.597169	-3.133203	0.384264	-1.577660	-2.617088	2.642166
11.945938	5.259278	-1.379410	-0.594209	-1.470257	0.605657	-1.768869	-2.678039	2.645976
1.799659	1.117474	-2.560141	1.372761	0.328860	0.813861	-1.946820	-2.737690	2.649773
-12.569854	-5.847171	-2.618686	3.186162	2.467327	1.030683	-2.132977	-2.804687	2.654126
13.463003	-6.206995	-1.299047	4.414449	4.563946	1.215684	-2.296533	-2.869813	2.658461
9.227069	-6.030291	-1.207260	4.457947	4.660366	1.223541	-2.303686	-2.872856	2.658666
-13.566435	-5.846564	-1.113171	4.500130	4.756473	1.231313	-2.310786	-2.875895	2.658872
2.955022	-3.056318	0.860078	5.035135	6.438508	1.357021	-2.430590	-2.930898	2.662632
15.633607	-1.781115	2.765576	5.114559	7.911196	1.447115	-2.529226	-2.984366	2.666379
-16.471457	0.458057	3.828590	4.674128	9.236801	1.499976	-2.613808	-3.043579	2.670647
-16.089216	6.406124	2.401148	3.830730	10.077093	1.492712	-2.666422	-3.100639	2.674896
16.702655	6.114501	2.239612	3.783044	10.105137	1.490716	-2.668206	-3.103404	2.675106
-11.186651	5.718984	2.069025	3.735039	10.131885	1.488562	-2.669913	-3.106163	2.675315
-16.317817	-5.900792	-1.631862	2.864838	10.396838	1.424635	-2.687788	-3.153753	2.678992
15.612777	0.042243	-4.432545	2.029504	10.298536	1.311384	-2.683447	-3.199603	2.682654
5.274278	4.292307	-4.481495	1.236190	9.770989	1.125603	-2.652061	-3.250506	2.686880
-14.609731	-1.637169	-0.574259	0.594584	8.843175	0.891444	-2.593980	-3.298971	2.691087
2.060249	-2.028262	-0.367279	0.564933	8.792877	0.879969	-2.590773	-3.301089	2.691276
14.643029	-2.398730	-0.161603	0.534923	8.741834	0.868412	-2.587514	-3.303204	2.691464
-4.004844	-2.526817	3.141081	-0.152920	7.629228	0.633181	-2.515325	-3.342864	2.695077
-16.767046	2.043836	4.217461	-1.187522	6.285463	0.377454	-2.425629	-3.380714	2.698675
18.578895	0.552783	2.062254	-2.856307	4.484168	0.065524	-2.301592	-3.422189	2.702814
10.768295	-2.162384	-1.430658	-4.673793	2.459258	-0.254047	-2.157187	-3.461267	2.706934
-20.153944	-2.011126	-1.580219	-4.757213	2.356842	-0.269454	-2.149744	-3.463089	2.707132
20.207233	-1.820423	-1.725565	-4.839917	2.253952	-0.284862	-2.142252	-3.464907	2.707330
10.301449	2.880818	-3.319703	-6.137875	0.338777	-0.559373	-2.000252	-3.496665	2.710885
-20.876985	2.515731	-2.312181	-6.839338	-1.677458	-0.824030	-1.845299	-3.526634	2.714427
20.452058	-5.089514	0.992737	-6.402147	-4.078798	-1.108270	-1.651693	-3.559011	2.718496
5.465894	5.539446	2.419016	-4.398032	-6.433509	-1.359605	-1.443826	-3.589021	2.722547
-19.681558	6.022628	2.404502	-4.268705	-6.535647	-1.370033	-1.434106	-3.590323	2.722730
-10.559358	6.467167	2.382537	-4.136049	-6.637228	-1.380370	-1.424360	-3.591621	2.722913
18.158484	-3.656085	-2.227364	3.051175	-10.146820	-1.722164	-0.989886	-3.642162	2.730620
1.096230	-9.119530	-1.654428	7.984785	-11.051209	-1.825754	-0.520928	-3.684112	2.738255
-17.754471	-7.658703	-1.447470	8.020397	-11.029053	-1.824736	-0.509894	-3.684972	2.738429
17.496145	-6.093362	-1.230585	8.051483	-11.004710	-1.823556	-0.498857	-3.685827	2.738603
17.784665	-4.410195	-0.995767	8.078969	-10.977029	-1.822155	-0.487365	-3.686712	2.738784
-11.116959	-2.743288	-0.753241	8.101419	-10.946940	-1.820580	-0.475869	-3.687591	2.738964
-18.238158	8.950651	3.086456	7.675292	-10.076345	-1.768066	-0.278694	-3.701815	2.742030
18.747655	-8.588009	2.649545	5.696133	-8.605159	-1.670594	-0.079398	-3.714650	2.745084
-1.990511	-2.496242	-3.069790	1.413629	-6.049675	-1.487077	0.178927	-3.729159	2.749005
-18.450349	7.482367	-5.265894	-3.570986	-3.047609	-1.248942	0.436460	-3.741375	2.752907
18.393221	7.141020	-5.093599	-3.784877	-2.909735	-1.237344	0.447778	-3.741862	2.753079
0.029114	6.685967	-4.892473	-3.997313	-2.771543	-1.225655	0.459096	-3.742345	2.753251
-16.759098	-7.220483	2.144240	-7.554343	-0.069216	-0.982175	0.678413	-3.750874	2.756599
15.026399	5.719130	7.194908	-9.046554	2.509216	-0.714527	0.893615	-3.757711	2.759933
-2.673806	7.192121	4.022513	-6.976069	5.142870	-0.382201	1.136870	-3.763546	2.763796
-14.897554	-5.890648	-5.427543	-1.917595	7.216965	-0.038520	1.369952	-3.767105	2.767639
14.754820	-6.538817	-5.835301	-1.656249	7.295006	-0.022895	1.380212	-3.767213	2.767812
15.129461	-7.120818	-6.231733	-1.394231	7.371517	-0.007282	1.390439	-3.767315	2.767985
-0.900851	-7.083203	-10.344196	3.544585	8.527069	0.288341	1.579912	-3.768388	2.771274
-13.405032	-3.688937	-5.563739	7.727555	9.041607	0.575770	1.758299	-3.767791	2.774548
-29.402141	6.351427	12.226083	9.396205	7.227278	1.189072	2.127592	-3.759741	2.782248
16.705002	-6.124476	-5.430306	-3.303505	1.500348	1.663109	2.404940	-3.742431	2.789865
-16.080367	-7.048933	-6.006064	-3.595427	1.357591	1.671555	2.409837	-3.741948	2.790032
13.728366	-6.068920	-6.578727	-3.883087	1.214831	1.679914	2.414683	-3.741460	2.790198
14.772404	-2.981363	-7.168682	-4.178477	1.065855	1.688547	2.419686	-3.740946	2.790371
-14.107967	1.288369	-7.744197	-4.468477	0.917000	1.697082	2.424633	-3.740427	2.790545
-2.416016	4.880386	-8.337662	-4.773050	0.757575	1.706126	2.429873	-3.739864	2.790732
12.732203	7.249442	-8.898078	-5.070329	0.598542	1.715051	2.435044	-3.739295	2.790918
5.987628	-6.395624	-12.034980	-8.140173	-1.469816	1.823280	2.497772	-3.731092	2.793425
5.838714	-8.651477	-6.157687	-8.997586	-3.272858	1.907707	2.546979	-3.721881	2.795923
4.514181	9.412051	8.758994	-7.116568	-5.113668	1.982669	2.591942	-3.707173	2.799433
-2.497796	-9.157638	10.185790	-2.812135	-6.139928	2.001053	2.606302	-3.690473	2.802925
-7.222087	-9.344742	0.588959	2.687044	-6.422199	1.953764	2.587031	-3.670999	2.806539
11.520782	8.525372	-7.797759	6.847770	-5.988925	1.833520	2.533635	-3.649454	2.810134
-1.335044	8.448462	-7.929886	6.961850	-5.954234	1.826509	2.530466	-3.648438	2.810295
-11.839653	8.271908	-8.032544	7.067725	-5.918336	1.819374	2.527234	-3.647419	2.810456
15.379796	-1.743078	-5.461893	7.644574	-4.993750	1.657282	2.452261	-3.626898	2.813569
15.423998	-6.521402	0.987584	6.099599	-3.693049	1.455332	2.354860	-3.604959	2.816667
-16.169521	5.672226	5.152347	3.039890	-1.892687	1.183098	2.216571	-3.577948	2.820226
-1.629804	-4.963482	4.661316	-0.056991	0.019855	0.880955	2.052984	-3.549245	2.823765
13.967967	-5.093775	4.574060	-0.179316	0.099855	0.867721	2.045555	-3.547997	2.823915
16.789272	-5.130689	4.483500	-0.300676	0.179593	0.854466	2.038090	-3.546747	2.824063
-17.445531	4.859711	2.061650	-2.547166	1.734139	0.579224	1.877404	-3.520668	2.827092
10.453447	3.751875	-0.727600	-4.231577	3.059085	0.299765	1.701543	-3.493490	2.830106
19.238826	-4.243027	-2.396642	-5.232313	4.125160	-0.018964	1.480795	-3.460706	2.833581
-19.940664	-0.627401	-0.915849	-5.023552	4.511772	-0.320433	1.244235	-3.426646	2.837037
4.505670	-0.195739	-0.796400	-4.984509	4.511897	-0.334528	1.232302	-3.424950	2.837205
19.981546	0.228561	-0.675604	-4.943054	4.510269	-0.348543	1.220345	-3.423251	2.837374
-20.073084	3.275378	1.264688	-3.868758	4.215831	-0.584542	1.004338	-3.392820	2.840339
-4.291195	0.243121	1.761397	-2.351096	3.499297	-0.798827	0.780134	-3.361595	2.843289
18.743607	-2.319692	0.402152	-0.427867	2.298741	-1.019542	0.512661	-3.324579	2.846684
-9.890883	1.694770	-1.871013	1.263006	0.878294	-1.211094	0.238770	-3.286699	2.850059
-17.248412	1.835241	-1.933344	1.326853	0.812140	-1.219067	0.226269	-3.284967	2.850211
17.174106	1.957055	-1.988478	1.389272	0.745978	-1.226981	0.213761	-3.283233	2.850363
4.716613	1.016669	-1.752796	2.259993	-0.499563	-1.367417	-0.027806	-3.249637	2.853279
-14.191670	-1.822927	0.107021	2.407328	-1.617509	-1.485732	-0.270603	-3.215547	2.856180
7.526035	-1.305930	2.445509	1.866327	-2.685636	-1.594643	-0.549995	-3.175717	2.859507
12.570269	1.867885	3.132483	0.891331	-3.481833	-1.674036	-0.826453	-3.135427	2.862814
-12.582423	2.021424	3.093197	0.841072	-3.511607	-1.677003	-0.839173	-3.133547	2.862967
-11.858790	2.156030	3.046149	0.790628	-3.540716	-1.679907	-0.851881	-3.131667	2.863120
13.317522	1.383436	1.047227	-0.136668	-3.956338	-1.722252	-1.085545	-3.096608	2.865956
2.971973	-2.434288	-1.851916	-0.892380	-4.118936	-1.742552	-1.313460	-3.061363	2.868776
-16.192869	-2.647347	-3.958227	-1.246920	-3.975192	-1.738079	-1.567952	-3.020435	2.872023
8.336288	2.698926	-2.871655	-0.804039	-3.503155	-1.702566	-1.810239	-2.979454	2.875250
17.352620	2.606853	-2.758808	-0.768691	-3.473687	-1.700197	-1.821145	-2.977554	2.875399
-17.380636	2.457029	-2.641959	-0.732446	-3.443580	-1.697769	-1.832012	-2.975655	2.875548
17.514028	-2.701573	0.007160	0.051664	-2.761312	-1.641448	-2.029312	-2.940160	2.878330
6.358629	0.119828	2.561262	0.813545	-1.860736	-1.565824	-2.214332	-2.904783	2.881097
-16.465506	2.964063	4.468961	1.238502	-0.565013	-1.457081	-2.411027	-2.864203	2.884271
-4.008460	-3.473343	4.262960	0.854636	0.951155	-1.327920	-2.588256	-2.823978	2.887427
15.965754	-3.408188	4.170112	0.820460	1.024110	-1.321440	-2.596025	-2.822111	2.887573
1.888220	-3.269894	4.068687	0.785175	1.097068	-1.314921	-2.603748	-2.820246	2.887720
-15.975684	4.279285	1.151054	-0.024890	2.423798	-1.187122	-2.738751	-2.785806	2.890437
5.060311	1.060386	-2.117171	-0.966287	3.598493	-1.047179	-2.857661	-2.751787	2.893139
17.474758	-6.533951	-4.323091	-1.916908	4.587418	-0.871840	-2.974650	-2.713165	2.896238
-18.918550	-1.130179	-3.552552	-2.435763	5.032014	-0.682825	-3.069903	-2.675303	2.899317
-9.856973	-0.715817	-3.457503	-2.444720	5.037022	-0.673698	-3.073812	-2.673558	2.899460
19.067796	-0.302334	-3.358544	-2.452119	5.040522	-0.664544	-3.077674	-2.671814	2.899603
-8.497847	6.639110	-1.011853	-2.313850	4.842629	-0.489886	-3.140778	-2.639762	2.902256
-21.890243	10.476337	1.575739	-1.691579	4.197273	-0.308206	-3.187338	-2.608436	2.904895
23.169196	9.479458	3.570824	-0.490276	3.036512	-0.096353	-3.220014	-2.573854	2.907871
-3.287945	6.367773	3.801313	1.131484	1.551167	0.118484	-3.231169	-2.540357	2.910829
-24.172693	4.176345	2.490927	2.970266	-0.093983	0.330880	-3.220943	-2.508319	2.913738
23.757137	-2.915096	0.302434	4.581283	-1.734223	0.539927	-3.189542	-2.477372	2.916628
0.967753	-3.948909	0.189622	4.643023	-1.808600	0.549644	-3.187540	-2.475940	2.916764
-23.686093	-5.031611	0.076590	4.703044	-1.882537	0.559339	-3.185492	-2.474511	2.916900
22.771802	-13.773450	-2.124637	5.475834	-3.256221	0.749063	-3.134865	-2.446513	2.919596
-10.914022	13.189461	-3.606389	5.193869	-4.384646	0.930258	-3.065570	-2.419420	2.922276
-21.707939	13.320935	-3.633064	5.146701	-4.433337	0.938960	-3.061655	-2.418102	2.922408
-20.146204	13.180645	-3.653636	5.096158	-4.481296	0.947628	-3.057697	-2.416787	2.922540
20.850110	-12.521560	-2.735387	3.511983	-5.259587	1.107781	-2.973155	-2.392032	2.925061
12.596742	-8.347763	0.501172	0.986102	-5.756549	1.255563	-2.871885	-2.368041	2.927567
-19.540504	10.294955	3.891468	-2.441221	-5.949946	1.408931	-2.733821	-2.341204	2.930449
16.636713	-5.038784	3.488586	-5.621638	-5.700954	1.542388	-2.573348	-2.315326	2.933312
18.742106	-5.870358	3.383450	-5.750894	-5.678154	1.547999	-2.565398	-2.314153	2.933444
-18.700259	-6.644599	3.272258	-5.878008	-5.654342	1.553553	-2.557406	-2.312984	2.933575
15.562661	-8.200144	0.290399	-7.801146	-5.011141	1.647309	-2.398383	-2.291374	2.936040
16.790911	2.317409	-3.273361	-8.544751	-3.983486	1.718366	-2.222518	-2.270433	2.938491
-15.693525	7.207913	-4.661478	-7.462023	-2.353262	1.767246	-1.998367	-2.247044	2.941304
-2.968565	-1.945503	-0.365923	-4.363575	-0.434068	1.774951	-1.751720	-2.224485	2.944099
14.900019	-2.393470	-0.108707	-4.190323	-0.345534	1.774244	-1.740223	-2.223500	2.944222
-6.025299	-2.825663	0.148973	-4.014742	-0.256894	1.773444	-1.728682	-2.222517	2.944346
-14.725030	-7.249534	4.456855	-0.250137	1.462637	1.738536	-1.495040	-2.203669	2.946751
15.127579	-1.785884	5.351536	3.743340	3.067977	1.664595	-1.244967	-2.185394	2.949142
-16.268128	7.779680	1.679358	7.789717	4.584243	1.527163	-0.937628	-2.165028	2.951878
4.842657	-7.213236	-4.660633	10.265460	5.530083	1.330101	-0.611464	-2.145359	2.954595
16.911497	-7.675858	-4.870978	10.326971	5.555870	1.319680	-0.596243	-2.144481	2.954718
18.116664	-8.054272	-5.065959	10.383451	5.579980	1.309137	-0.580998	-2.143606	2.954841
-3.120765	-2.393454	-5.873308	10.383034	5.718595	1.082337	-0.283624	-2.127127	2.957182
-21.371632	8.288323	-2.247553	8.141699	5.269624	0.808334	0.023466	-2.111124	2.959509
23.544552	-8.327358	5.859382	-2.031204	2.607304	0.023538	0.771053	-2.075219	2.964927
9.002700	8.032253	-5.204008	-10.079873	-0.835825	-0.859555	1.528784	-2.041530	2.970266
-21.223993	7.957176	-5.275054	-10.148803	-0.909347	-0.879923	1.545969	-2.040783	2.970387
21.100179	7.705699	-5.324026	-10.210426	-0.982255	-0.900263	1.563129	-2.040037	2.970508
9.237922	6.798617	-5.351576	-10.264388	-1.054200	-0.920479	1.580187	-2.039297	2.970629
-20.846488	5.056509	-5.358685	-10.310877	-1.125495	-0.940665	1.597220	-2.038558	2.970749
6.174704	2.082599	-5.342340	-10.355149	-1.206855	-0.963894	1.616824	-2.037707	2.970887
20.550352	-1.207180	-5.300510	-10.389502	-1.287308	-0.987082	1.636399	-2.036859	2.971026
-3.015019	-7.634265	-2.796890	-10.050852	-2.229078	-1.279025	1.883793	-2.026160	2.972784
-17.144906	7.198751	1.727804	-8.614253	-3.002126	-1.561329	2.126634	-2.015660	2.974534
15.453845	0.426283	4.395583	-5.637224	-3.812421	-1.933005	2.457881	-2.001211	2.976980
-2.633430	-5.369969	2.828268	-2.533135	-4.326078	-2.263591	2.774073	-1.987105	2.979409
-14.041837	-1.426842	-1.097264	0.333361	-4.578056	-2.552122	3.085549	-1.972684	2.981930
14.138926	3.246974	-3.061198	2.378214	-4.570374	-2.769855	3.374282	-1.958571	2.984433
7.639467	3.171986	-3.031030	2.448842	-4.564391	-2.777835	3.386646	-1.957945	2.984545
-14.165478	3.072593	-2.988420	2.517716	-4.557942	-2.785658	3.398958	-1.957319	2.984657
-0.275441	-0.004554	-0.484088	3.585231	-4.344196	-2.905979	3.626873	-1.945306	2.986814
14.968393	-1.956119	2.431419	4.436745	-3.971279	-2.966817	3.834018	-1.933474	2.988956
-6.830693	0.710460	2.245821	5.564903	-3.365085	-2.963609	4.045589	-1.920079	2.991400
-15.770733	1.701671	-0.530827	6.738585	-2.589543	-2.883477	4.229012	-1.906860	2.993825
15.778218	1.527518	-0.649756	6.785271	-2.550606	-2.878029	4.236687	-1.906262	2.993935
1.985989	1.333568	-0.764598	6.830938	-2.511366	-2.872425	4.244304	-1.905665	2.994045
-15.788307	-1.941086	-1.991099	7.430145	-1.704784	-2.735314	4.378975	-1.894290	2.996139
15.573079	2.246706	-1.306851	7.313349	-0.802509	-2.542104	4.492651	-1.882998	2.998218
8.165909	0.910883	-0.061640	6.336423	0.320119	-2.251586	4.597665	-1.870077	3.000594
-14.441533	-2.858222	1.264741	4.677091	1.442555	-1.889495	4.675276	-1.857204	3.002951
6.377513	-2.894187	1.322453	4.587819	1.492719	-1.871049	4.678205	-1.856609	3.003060
14.373386	-2.910705	1.379552	4.497564	1.542681	-1.852441	4.681077	-1.856014	3.003168
1.446244	-0.633692	2.257796	2.664041	2.423095	-1.475954	4.724198	-1.844860	3.005196
-13.112804	3.175347	2.427853	0.683474	3.150120	-1.047758	4.747017	-1.833690	3.007210
12.681684	3.284679	1.253373	-1.480849	3.709033	-0.492204	4.748338	-1.820790	3.009510
11.967635	-2.911836	-0.970698	-3.173522	3.872073	0.129117	4.723179	-1.807816	3.011792
-12.686717	-3.127662	-1.078484	-3.232825	3.868446	0.158622	4.721427	-1.807229	3.011894
11.470467	-3.327839	-1.186081	-3.290439	3.863796	0.188276	4.719620	-1.806642	3.011997
13.112814	-3.020293	-2.910936	-4.017365	3.563247	0.783291	4.674349	-1.795270	3.013964
-13.804063	3.434616	-2.994648	-3.909352	2.839544	1.411789	4.609386	-1.783798	3.015918
5.476865	-0.054490	-0.617632	-2.892041	1.543252	2.155274	4.510355	-1.770436	3.018150
15.424485	-3.814537	2.213866	-1.390047	-0.033929	2.894514	4.385611	-1.756885	3.020364
-12.266463	-3.650215	2.309689	-1.317297	-0.110065	2.928410	4.379176	-1.756249	3.020467
-15.467563	-3.436457	2.400316	-1.244729	-0.186238	2.962238	4.372685	-1.755612	3.020569
15.645005	4.119852	3.111724	0.004181	-1.579574	3.576165	4.241741	-1.743659	3.022473
-7.068360	1.453485	2.092779	0.878976	-2.820331	4.147854	4.091763	-1.731520	3.024364
-15.005085	-4.869386	0.013119	1.385615	-3.908464	4.733773	3.894726	-1.717218	3.026533
14.389156	0.066640	-1.618814	1.440630	-4.503627	5.213340	3.672625	-1.702609	3.028684
3.549120	0.323202	-1.675527	1.435081	-4.518027	5.232139	3.661960	-1.701939	3.028781
-14.332679	0.558839	-1.730727	1.428983	-4.531304	5.250651	3.651251	-1.701268	3.028878
13.830218	2.029446	-2.504834	1.232165	-4.572164	5.550257	3.437609	-1.688359	3.030718
9.404863	3.766084	-2.767751	0.970159	-4.213292	5.749718	3.205663	-1.675177	3.032545
-13.180647	6.376021	-2.421054	0.718632	-3.316247	5.856960	2.915817	-1.659593	3.034636
-7.106450	5.816519	-1.241975	0.527033	-1.961580	5.833616	2.603879	-1.643589	3.036709
13.208688	5.609576	-1.168969	0.519506	-1.892029	5.829502	2.589323	-1.642857	3.036802
4.940248	5.381408	-1.094327	0.512060	-1.821832	5.825121	2.574717	-1.642123	3.036895
-13.482960	-1.711960	0.531338	0.384194	-0.370450	5.688608	2.284517	-1.627753	3.038687
13.884185	-6.981253	2.044028	0.285072	1.173921	5.454013	1.980550	-1.613017	3.040465
-5.189043	0.435355	2.895190	0.208860	2.818107	5.086160	1.634239	-1.596472	3.042393
-14.559386	7.090170	2.655798	0.156060	4.256213	4.602617	1.274918	-1.579440	3.044303
14.360461	0.587732	1.232750	0.082846	5.398063	3.971488	0.885751	-1.561010	3.046291
-13.321626	-0.721949	-0.863578	0.018021	6.090066	3.216169	0.486320	-1.541986	3.048260
-13.366888	-0.779970	-0.963237	0.015724	6.109990	3.179363	0.468127	-1.541115	3.048348
13.300980	-0.862048	-1.062865	0.013492	6.128921	3.142324	0.449918	-1.540243	3.048436
-2.674511	-6.755849	-2.892868	-0.016050	6.296690	2.384959	0.096180	-1.523185	3.050128
-9.984179	-7.122993	-4.354212	-0.027133	6.086733	1.551790	-0.262241	-1.505635	3.051806
7.754320	7.209567	-5.665878	-0.080431	5.414767	0.515101	-0.679730	-1.484751	3.053725
8.314831	-5.322879	-6.742053	-0.281720	4.358756	-0.580501	-1.099549	-1.463155	3.055625
-8.345769	-6.320504	-6.780109	-0.295625	4.304192	-0.630034	-1.118167	-1.462181	3.055709
4.653870	-7.298609	-6.817000	-0.310009	4.249052	-0.679601	-1.136773	-1.461207	3.055792
11.965460	3.726037	-5.794042	-1.274362	1.355433	-2.859571	-1.939121	-1.417632	3.059376
-12.321957	4.972955	5.805788	-1.794531	-2.234228	-5.001353	-2.727104	-1.371111	3.062893
-10.529692	2.638757	6.236469	-1.774800	-2.319398	-5.047757	-2.744522	-1.370031	3.062971
12.010280	0.252270	6.673783	-1.752933	-2.404743	-5.094092	-2.761937	-1.368949	3.063049
4.099002	-2.373975	7.180761	-1.725173	-2.502808	-5.147136	-2.781904	-1.367705	3.063139
-11.577304	-4.660580	7.690205	-1.694506	-2.600984	-5.200039	-2.801850	-1.366458	3.063229
4.867150	3.186733	13.249012	-0.793674	-4.132480	-6.007652	-3.111285	-1.346671	3.064627
1.824044	1.933455	7.836979	0.873874	-5.579525	-6.769468	-3.414821	-1.326350	3.066014
0.277280	-0.854503	-18.103644	3.845216	-8.047907	-8.483308	-4.181660	-1.269961	3.069629
-8.146822	8.751730	20.411729	-1.986330	-7.340568	-9.628101	-4.882726	-1.209493	3.073168
10.049190	-3.691934	20.911565	-2.148560	-7.297170	-9.645405	-4.896652	-1.208174	3.073242
-11.990890	-9.336688	21.337077	-2.309998	-7.252908	-9.662408	-4.910531	-1.206855	3.073316
3.677473	-5.226263	21.716420	-2.501279	-7.199024	-9.682291	-4.927019	-1.205279	3.073403
16.661812	3.281175	21.935494	-2.691165	-7.143920	-9.701767	-4.943453	-1.203701	3.073491
-3.827636	8.194006	21.980242	-2.856646	-7.094532	-9.718539	-4.957846	-1.202313	3.073568
-20.691994	10.707958	21.873194	-3.020696	-7.044275	-9.734986	-4.972187	-1.200924	3.073645
41.463536	-14.546286	5.155877	-5.232512	-6.185244	-9.946307	-5.184300	-1.179607	3.074805
67.055627	-21.251206	-19.089407	-6.535921	-5.187060	-10.087876	-5.386196	-1.157795	3.075956
49.673842	-13.523394	-25.322245	-5.753651	-3.647846	-10.172790	-5.651607	-1.126259	3.077562
27.157927	2.709600	-7.499321	-1.299317	-2.005018	-10.129101	-5.893798	-1.093697	3.079150
-34.511278	37.883752	17.085097	4.950702	-0.228376	-9.951255	-6.120928	-1.058563	3.080792
-74.545003	41.589254	28.131307	9.630040	1.558791	-9.642493	-6.321698	-1.022251	3.082415
-79.492336	40.120574	27.984347	9.756406	1.641878	-9.624883	-6.330465	-1.020521	3.082491
-53.543071	38.473855	27.766273	9.872286	1.724922	-9.606983	-6.339182	-1.018787	3.082566
50.187418	-40.832495	-13.002489	7.201047	4.934684	-8.648762	-6.646297	-0.946103	3.085602
-23.500743	33.138436	-30.035770	-3.908931	7.485435	-7.255071	-6.865542	-0.868820	3.088572
23.052904	33.505210	-29.592574	-4.203802	7.533148	-7.216639	-6.869748	-0.866915	3.088643
3.308360	33.702388	-29.102364	-4.498000	7.580074	-7.177998	-6.873903	-0.865008	3.088713
-22.196843	33.748592	-28.565135	-4.791155	7.626176	-7.139175	-6.878007	-0.863102	3.088783
8.035875	33.658153	-27.979810	-5.083486	7.671508	-7.100119	-6.882063	-0.861193	3.088853
16.613365	20.331332	-12.190033	-9.788669	8.318955	-6.395581	-6.944309	-0.828073	3.090044
-12.830715	7.184873	7.796075	-13.326160	8.691088	-5.624504	-6.993167	-0.794133	3.091225
-14.382250	-9.553841	27.621118	-14.751271	8.690151	-4.539136	-7.036830	-0.749315	3.092725
16.265940	-20.794577	30.759256	-10.974672	8.082092	-3.350826	-7.059689	-0.703102	3.094208
4.174427	-21.827430	30.372080	-10.643946	8.039193	-3.293239	-7.060257	-0.700922	3.094276
-16.481459	-22.874291	29.933145	-10.298792	7.995023	-3.235446	-7.060781	-0.698738	3.094345
18.786508	-21.865229	12.433213	-1.893467	6.941529	-2.118742	-7.062719	-0.657393	3.095615
-6.839441	24.737367	-15.959055	7.785775	5.473949	-0.936619	-7.050026	-0.615000	3.096872
-27.910220	24.264369	-30.450970	15.868969	3.315180	0.488114	-7.017809	-0.564871	3.098303
27.660476	-28.925067	-16.722244	16.719439	0.701003	1.955565	-6.967389	-0.513420	3.099717
36.632439	-28.942450	-15.433178	16.587487	0.567340	2.025070	-6.964587	-0.510973	3.099783
13.284693	-28.510327	-14.093272	16.441760	0.432662	2.094657	-6.961744	-0.508522	3.099849
-45.876127	13.133935	13.977589	11.504191	-2.150243	3.382570	-6.902407	-0.462771	3.101059
-32.554243	25.720627	28.517653	3.048984	-4.670154	4.665723	-6.830357	-0.416079	3.102255
59.935292	-11.532863	-25.574492	-16.868760	-8.289965	7.577092	-6.612741	-0.302463	3.105022
-20.246415	-3.054606	6.294193	-6.636935	-6.221818	10.176870	-6.332539	-0.184087	3.107714
18.541282	0.553914	8.130817	-6.159948	-6.118494	10.232461	-6.325342	-0.181287	3.107776
-1.934066	1.281247	9.994290	-5.679481	-6.013329	10.287821	-6.318115	-0.178486	3.107837
-15.106388	0.023575	11.819933	-5.210027	-5.909482	10.341360	-6.311068	-0.175763	3.107897
11.315957	-1.424521	13.611592	-4.738516	-5.804051	10.394643	-6.303997	-0.173039	3.107957
11.639108	-1.230868	15.400633	-4.233721	-5.689873	10.451206	-6.296427	-0.170133	3.108020
-9.909527	1.645278	16.987697	-3.726976	-5.573841	10.507551	-6.288819	-0.167222	3.108084
-8.330162	-4.339575	19.140944	3.243711	-3.786875	11.270106	-6.178783	-0.126151	3.108970
-6.524054	9.666290	11.363416	9.104371	-1.794691	11.978937	-6.062589	-0.084592	3.109848
-4.279483	10.696776	-2.403040	14.303988	1.060413	12.868062	-5.891244	-0.026034	3.111054
0.088816	-11.238492	-12.944465	15.081560	3.684202	13.636205	-5.708995	0.033410	3.112244
14.199467	9.230714	-11.349853	10.169495	5.839367	14.299734	-5.507205	0.096535	3.113472
16.502761	-4.509097	0.627879	0.253886	7.246854	14.808380	-5.294777	0.160552	3.114683
-16.924166	-5.287014	1.141947	-0.241083	7.292137	14.827895	-5.284745	0.163522	3.114738
10.811579	-5.931795	1.635339	-0.734583	7.335652	14.847068	-5.274685	0.166496	3.114793
22.240724	-1.953625	6.872132	-8.866172	7.806341	15.138672	-5.082934	0.222386	3.115820
-23.127938	1.862203	6.326402	-13.039348	7.585802	15.299184	-4.884247	0.278885	3.116834
-4.122677	-0.154005	3.940350	-12.780067	6.401146	15.316936	-4.645037	0.345319	3.117996
17.574557	-0.261364	2.740711	-8.368787	4.296903	15.162220	-4.397656	0.412505	3.119141
-8.278204	-0.008907	2.701956	-8.111527	4.183906	15.151247	-4.386179	0.415588	3.119192
-17.262313	0.248565	2.663013	-7.851892	4.069800	15.139948	-4.374695	0.418671	3.119244
12.269663	-0.102624	0.849781	3.296158	-1.286331	14.383597	-3.879636	0.549152	3.121379
1.136033	-1.065134	-0.292293	9.197286	-5.919265	13.132788	-3.359758	0.681969	3.123449
-10.426161	-1.183458	-0.291400	9.238897	-5.991936	13.100544	-3.348130	0.684899	3.123494
5.187685	-1.310278	-0.288951	9.276547	-6.062929	13.068106	-3.336492	0.687830	3.123538
10.425044	-1.462651	-0.284068	9.315887	-6.144460	13.029605	-3.322754	0.691287	3.123591
-5.645209	-1.608749	-0.277030	9.349790	-6.223588	12.990836	-3.309002	0.694746	3.123643
-10.728724	-1.852495	0.020968	9.224462	-7.160381	12.345547	-3.090392	0.749441	3.124464
11.404806	1.935362	0.258959	8.069257	-7.561971	11.639912	-2.868451	0.804455	3.125274
6.034865	0.849729	-0.169254	5.604619	-7.416194	10.674530	-2.584613	0.874143	3.126279
-13.837006	-1.423836	-0.897315	2.688808	-6.675822	9.633447	-2.296225	0.944276	3.127267
14.997195	0.942038	-1.217111	0.083618	-5.492618	8.536386	-2.005983	1.014270	3.128230
6.061156	-0.376253	-0.767512	-1.709268	-4.000683	7.386257	-1.712071	1.084634	3.129177
-15.941945	-0.416207	-0.717121	-1.774631	-3.925255	7.331065	-1.698171	1.087950	3.129221
11.582623	-0.442592	-0.663540	-1.838483	-3.849512	7.275817	-1.684273	1.091265	3.129265
16.536152	0.195482	0.887825	-2.833547	-2.283142	6.157369	-1.405912	1.157462	3.130135
-16.893395	-0.227464	2.424827	-3.403983	-0.672842	5.011428	-1.125043	1.223924	3.130990
-12.191005	-0.206630	2.469125	-3.424209	-0.592559	4.953394	-1.110898	1.227264	3.131033
16.922360	-0.178515	2.508761	-3.443770	-0.512455	4.895353	-1.096757	1.230602	3.131075
-12.663805	0.605972	2.510689	-3.719927	0.975810	3.785728	-0.827194	1.294104	3.131874
-17.500144	-0.287633	1.446637	-3.880081	2.369578	2.667557	-0.555985	1.357791	3.132660
18.077149	-2.156359	-0.836424	-3.891789	3.808714	1.380238	-0.242259	1.431268	3.133549
1.843341	3.210648	-3.351833	-3.665774	5.046970	0.103133	0.072843	1.504922	3.134420
-18.983722	3.128788	-3.413870	-3.649381	5.097252	0.046560	0.086931	1.508212	3.134458
2.728123	2.985883	-3.468685	-3.632415	5.147096	-0.009969	0.101020	1.511503	3.134497
19.942838	-4.199101	-3.040095	-3.210558	6.029413	-1.102344	0.376178	1.575749	3.135239
-8.488353	-0.867734	-0.092476	-2.695940	6.733331	-2.170777	0.651726	1.640071	3.135969
-21.353487	5.674113	3.290818	-2.044799	7.313935	-3.368199	0.969209	1.714222	3.136793
21.059936	-2.123726	3.486680	-1.349195	7.639288	-4.527459	1.286381	1.788403	3.137600
-2.040684	-2.665948	3.425287	-1.314703	7.648155	-4.581031	1.301292	1.791894	3.137637
-20.972822	-3.182994	3.359230	-1.280019	7.656436	-4.634512	1.316203	1.795386	3.137675
19.693353	-6.247955	1.583462	-0.617039	7.702901	-5.606917	1.591526	1.859930	3.138361
10.733985	-4.875656	-0.421276	0.039441	7.545875	-6.548014	1.865968	1.924444	3.139034
-15.527177	-1.340181	-2.277421	0.679151	7.128749	-7.589385	2.179424	1.998401	3.139790
13.636152	3.905828	-3.026349	1.047789	6.505462	-8.589780	2.490913	2.072250	3.140529
11.848578	4.186763	-3.023044	1.055405	6.472808	-8.634968	2.505235	2.075655	3.140563
-13.504371	4.454049	-3.015895	1.062077	6.439866	-8.680069	2.519553	2.079060	3.140596
-7.439908	4.738915	-2.177425	1.027565	5.770311	-9.513292	2.788189	2.143128	3.141223
12.472679	0.210811	-0.274065	0.756886	5.021908	-10.315754	3.054684	2.207058	3.141837
2.582905	-3.325839	1.865250	0.317067	4.091609	-11.200219	3.357967	2.280332	3.142526
-13.452347	-1.877107	2.495999	-0.078998	3.116897	-12.044343	3.657606	2.353354	3.143198
13.486197	-1.674283	2.482271	-0.093669	3.071625	-12.082113	3.671261	2.356698	3.143229
9.425112	-1.464898	2.464873	-0.107945	3.026330	-12.119800	3.684908	2.360042	3.143259
-14.175551	1.944671	1.472264	-0.307267	2.167828	-12.817868	3.941790	2.423272	3.143828
3.082827	0.925468	-0.450615	-0.377072	1.316880	-13.485649	4.195262	2.486253	3.144384
15.450594	-1.207196	-2.144760	-0.283480	0.348935	-14.206851	4.478393	2.557386	3.144999
-7.441424	0.829231	-1.776103	-0.020779	-0.635444	-14.889373	4.756358	2.628135	3.145598
-16.146999	1.393697	0.085493	0.257343	-1.637128	-15.525704	5.025434	2.697604	3.146173
16.068022	-1.881217	1.787137	0.368354	-2.683311	-16.124609	5.288669	2.766630	3.146731
2.899305	-1.826246	1.799577	0.366475	-2.733035	-16.151349	5.300670	2.769804	3.146756
-16.042991	-1.732657	1.803367	0.363840	-2.782935	-16.178028	5.312666	2.772980	3.146782
15.630312	2.579549	0.533398	0.172107	-3.817432	-16.702598	5.553309	2.837239	3.147289
6.525554	-2.873098	-1.411380	-0.166241	-4.855274	-17.194507	5.788094	2.901047	3.147782
-14.976723	-3.128259	-1.475317	-0.184347	-4.907477	-17.218804	5.799945	2.904300	3.147807
14.941587	-3.349629	-1.532908	-0.202365	-4.959540	-17.243017	5.811781	2.907551	3.147832
8.962036	-2.207375	-1.544975	-0.491436	-5.888100	-17.675489	6.027694	2.967458	3.148284
-6.636940	3.392625	-0.265304	-0.620363	-6.719886	-18.078901	6.237740	3.026907	3.148724
-13.314638	5.169662	1.270318	-0.530890	-7.505724	-18.511981	6.474455	3.095493	3.149219
13.440952	-1.606117	1.427312	-0.173478	-8.035894	-18.905992	6.702394	3.163387	3.149697
1.967656	-1.716959	1.401251	-0.150880	-8.053203	-18.922930	6.712512	3.166448	3.149719
-13.484848	-1.796727	1.372799	-0.127772	-8.069896	-18.939777	6.722604	3.169505	3.149740
14.376300	-1.966938	0.485703	0.373767	-8.269639	-19.244914	6.910827	3.227344	3.150137
15.030657	-5.901767	-0.663904	0.859922	-8.237447	-19.521253	7.091911	3.284612	3.150520
-15.960158	-6.338302	-1.563740	1.147091	-7.893781	-19.805862	7.292503	3.350200	3.150949
3.449489	3.876453	-1.381116	0.933100	-7.216272	-20.053935	7.483094	3.414955	3.151360
16.339697	4.221044	-1.350221	0.912903	-7.178564	-20.064294	7.491455	3.417856	3.151378
-16.334655	4.531914	-1.317759	0.891944	-7.140289	-20.074583	7.499795	3.420755	3.151396
-8.907256	6.324282	-0.463340	0.371537	-6.309592	-20.257639	7.654959	3.475713	3.151735
14.976439	3.722464	0.618244	-0.288497	-5.317951	-20.416422	7.802653	3.530000	3.152062
-7.496537	0.378429	1.782265	-1.056685	-4.021127	-20.572433	7.965262	3.592355	3.152425
-12.678814	-2.563351	2.423994	-1.636264	-2.628878	-20.699272	8.117813	3.653731	3.152772
12.643772	-2.695672	2.433862	-1.655483	-2.562479	-20.704517	8.124693	3.656573	3.152788
3.375083	-2.822175	2.441608	-1.673878	-2.495958	-20.709707	8.131555	3.659414	3.152804
-12.253778	-4.573381	2.172533	-1.866360	-1.259255	-20.795085	8.254194	3.711392	3.153087
12.346727	-5.736913	1.017796	-1.796031	-0.015847	-20.861880	8.369558	3.762586	3.153358
11.095292	-1.090670	-1.306300	-1.424098	1.406195	-20.917826	8.494184	3.820841	3.153656
-11.163305	5.529311	-3.350237	-0.811278	2.780354	-20.952925	8.609455	3.877978	3.153936
-13.845249	5.660190	-3.406341	-0.780626	2.837576	-20.953995	8.614179	3.880395	3.153948
13.889200	5.768731	-3.458793	-0.749644	2.894652	-20.955030	8.618886	3.882811	3.153960
-2.504037	4.155175	-3.778869	-0.060781	4.010947	-20.968952	8.710305	3.931075	3.154187
-15.732193	-0.934109	-2.963351	0.716189	5.047129	-20.970581	8.795128	3.978452	3.154401
16.591685	-5.327949	-1.072105	1.616516	6.123142	-20.958970	8.885531	4.032286	3.154634
11.388970	-6.383034	1.322628	2.375391	7.034027	-20.935007	8.967584	4.084857	3.154850
-17.103072	-6.316051	1.432776	2.403439	7.070096	-20.933695	8.971032	4.087157	3.154859
6.573290	-6.237403	1.542904	2.430908	7.105777	-20.932363	8.974465	4.089455	3.154868
16.832668	-2.736188	5.286117	2.856097	8.261710	-20.859309	9.107436	4.185782	3.155230
-15.179967	1.807655	2.946468	1.436258	8.681693	-20.765961	9.213181	4.277101	3.155529
-13.398844	3.017972	2.750002	1.384929	8.683802	-20.763566	9.215434	4.279260	3.155536
15.071162	4.236547	2.545192	1.333090	8.685563	-20.761168	9.217671	4.281416	3.155543
-9.890888	5.405932	2.327799	1.279762	8.687003	-20.758722	9.219936	4.283610	3.155549
-14.958424	6.437245	2.101495	1.225946	8.688087	-20.756275	9.222185	4.285801	3.155556
6.541171	3.318321	-2.382293	0.293857	8.657756	-20.716100	9.256828	4.321191	3.155657
13.298969	-5.887937	-6.261181	-0.671565	8.545167	-20.676261	9.287471	4.355689	3.155749
-13.037525	5.369424	-6.550976	-1.817307	8.297289	-20.625909	9.321319	4.398860	3.155852
5.965796	-4.674512	-2.080600	-2.698002	7.956430	-20.576808	9.349013	4.440482	3.155938
13.922693	-4.784041	-1.866162	-2.729730	7.939688	-20.574678	9.350094	4.442277	3.155942
-5.982031	-4.793484	-1.655657	-2.760859	7.922814	-20.572549	9.351164	4.444068	3.155945
-15.671496	4.433923	1.711300	-3.250408	7.566636	-20.531081	9.369975	4.478740	3.156005
17.884315	3.831676	4.013024	-3.497863	7.176413	-20.490527	9.384582	4.512192	3.156052
-0.992346	-3.856541	5.914656	-3.472189	6.707477	-20.445141	9.396395	4.549010	3.156091
-21.830295	-3.969418	7.491841	-3.100850	6.235944	-20.400923	9.403206	4.584155	3.156113
21.855385	-3.548767	7.538265	-3.075252	6.214572	-20.398929	9.403402	4.585721	3.156113
18.493316	-3.110534	7.581087	-3.048863	6.193211	-20.396936	9.403589	4.587285	3.156114
-21.532743	3.929544	7.456123	-2.396626	5.792164	-20.359433	9.405300	4.616378	3.156118
3.385339	1.208653	5.119264	-1.468489	5.405696	-20.322790	9.403630	4.644145	3.156110
17.860182	-3.857067	0.955838	-0.134758	4.983854	-20.281607	9.397752	4.674474	3.156085
-15.685736	-0.540740	-3.023281	1.380341	4.587971	-20.241529	9.387902	4.702984	3.156043
0.508481	-0.468795	-3.191386	1.453979	4.570062	-20.239679	9.387348	4.704274	3.156040
15.515278	-0.408230	-3.357621	1.527725	4.552219	-20.237833	9.386786	4.705560	3.156038
-4.814859	1.437820	-6.084561	2.908522	4.231799	-20.204069	9.374950	4.728632	3.155987
-13.675458	3.835738	-7.903624	4.271179	3.930136	-20.171112	9.360513	4.750319	3.155923
13.495226	3.701308	-8.484392	5.746120	3.604410	-20.134007	9.340798	4.773656	3.155834
13.880431	-3.658770	-7.481751	7.078531	3.302767	-20.097944	9.318065	4.795149	3.155728
-13.904689	-3.876586	-7.410275	7.137360	3.289217	-20.096280	9.316930	4.796111	3.155722
6.384251	-4.059445	-7.337493	7.195908	3.275711	-20.094616	9.315788	4.797069	3.155717
14.483379	-1.878293	-5.860315	8.219554	3.035652	-20.064322	9.293648	4.814039	3.155610
-15.157524	4.425144	-4.420898	9.136639	2.812845	-20.034777	9.269587	4.829653	3.155491
-5.404480	-0.446504	-3.192263	10.064798	2.576825	-20.001611	9.239642	4.845992	3.155339
16.740733	-4.901435	-2.207218	10.856916	2.362820	-19.969412	9.207571	4.860557	3.155169
1.667181	-4.736059	-2.162800	10.889299	2.353731	-19.967990	9.206087	4.861169	3.155161
-16.802006	-4.526046	-2.118117	10.921437	2.344679	-19.966569	9.204598	4.861778	3.155153
17.319241	3.388339	-1.242437	11.491431	2.177862	-19.939434	9.175044	4.872869	3.154991
-4.142920	5.206262	-0.474292	11.963368	2.026897	-19.913000	9.144224	4.882647	3.154817
-17.952675	1.697647	0.065349	12.373383	1.878070	-19.884582	9.108863	4.891940	3.154610
18.876754	-0.399959	0.235110	12.668860	1.747746	-19.856954	9.072307	4.899656	3.154387
