-22.087995	-3.454919	-9.751990	1.680722	7.486906	1.605264	-11.669108	2.134289	1.156206	2.263366
15.712647	-2.853139	-9.738172	1.680716	7.487074	1.604975	-11.668958	2.134289	1.156206	2.263354
12.773839	-1.005246	-9.724360	1.680710	7.487240	1.604690	-11.668810	2.134289	1.156206	2.263343
-15.712630	1.737084	-9.710744	1.680703	7.487403	1.604412	-11.668665	2.134289	1.156206	2.263332
-2.727243	5.133445	-9.696782	1.680695	7.487568	1.604130	-11.668519	2.134289	1.156206	2.263321
15.712596	8.819676	-9.682654	1.680686	7.487734	1.603848	-11.668372	2.134289	1.156206	2.263310
-7.459021	12.469860	-9.668550	1.680676	7.487899	1.603570	-11.668228	2.134289	1.156206	2.263299
-15.539208	9.556998	0.852865	1.642168	7.561465	1.517989	-11.621065	2.133857	1.156176	2.260047
15.087645	-13.328505	14.799275	1.536301	7.681359	1.426940	-11.565724	2.132587	1.156074	2.256841
-14.097239	14.889655	1.240429	1.274671	7.923507	1.283869	-11.469922	2.129216	1.155794	2.252245
12.943710	-16.724600	-14.271898	0.891123	8.218880	1.128459	-11.355968	2.124036	1.155353	2.247750
-11.914528	18.092810	-1.273935	0.410814	8.526864	0.965669	-11.227794	2.117275	1.154770	2.243493
11.213142	-5.277789	4.179788	-0.148078	8.824222	0.790525	-11.081777	2.108792	1.154027	2.239333
-11.190851	-11.941272	4.422683	-0.177645	8.838301	0.781389	-11.073959	2.108319	1.153986	2.239126
11.170023	-18.520794	4.695754	-0.207305	8.852258	0.772225	-11.066100	2.107843	1.153944	2.238920
-11.431479	16.066164	11.890212	-1.445953	9.294109	0.384458	-10.718676	2.085538	1.151956	2.230989
13.489221	-10.676656	-10.051591	-2.681756	9.458743	-0.056021	-10.296479	2.056324	1.149301	2.223459
-13.558905	3.629999	-8.531166	-2.708758	9.458399	-0.067606	-10.285055	2.055513	1.149226	2.223278
13.629386	10.374221	-6.891115	-2.735513	9.457817	-0.079223	-10.273583	2.054697	1.149151	2.223097
-0.400616	6.680171	-5.174759	-2.762443	9.456976	-0.091046	-10.261892	2.053865	1.149075	2.222913
-13.774770	-2.318750	-3.476724	-2.789181	9.455881	-0.102903	-10.250152	2.053028	1.148998	2.222730
16.418857	-7.477362	8.888911	-3.245351	9.390475	-0.310666	-10.041521	2.038020	1.147613	2.219636
16.465143	5.187771	-6.729465	-3.735251	9.210319	-0.526418	-9.818217	2.021710	1.146096	2.216618
-16.539033	4.925540	-7.290572	-3.761292	9.195895	-0.538835	-9.805134	2.020748	1.146006	2.216449
6.085618	4.693585	-7.741333	-3.786908	9.180962	-0.551281	-9.791994	2.019781	1.145916	2.216281
17.860684	2.931510	-3.110604	-4.164661	8.802700	-0.786307	-9.538529	2.000999	1.144153	2.213190
-11.608031	-1.899245	5.476895	-4.308038	8.204231	-1.025930	-9.268495	1.980751	1.142238	2.210187
-19.396520	1.259808	4.878077	-4.080364	7.198932	-1.306341	-8.934943	1.955434	1.139824	2.206815
19.281103	-1.362884	-2.729709	-3.255566	5.888927	-1.586026	-8.579634	1.928123	1.137196	2.203564
14.655662	-0.744096	-2.902974	-3.200528	5.822631	-1.598759	-8.562843	1.926824	1.137071	2.203418
-19.230305	-0.098821	-3.044537	-3.143844	5.755837	-1.611482	-8.546007	1.925521	1.136945	2.203272
5.301781	1.951751	-1.943658	-1.779211	4.415015	-1.848937	-8.220373	1.900174	1.134485	2.200572
17.254490	-3.520670	0.419178	0.089579	2.960039	-2.080171	-7.879202	1.873322	1.131859	2.197962
-15.675896	-3.637062	1.182337	2.762500	1.217200	-2.335973	-7.466474	1.840429	1.128618	2.195064
-5.863364	4.426416	-0.823548	5.455794	-0.503238	-2.575583	-7.034575	1.805507	1.125149	2.192289
14.146194	4.211561	-0.896439	5.556736	-0.587900	-2.587184	-7.012254	1.803688	1.124968	2.192152
-14.082694	3.881388	-0.959589	5.651870	-0.672255	-2.598733	-6.989887	1.801863	1.124786	2.192015
-13.701644	-4.924886	-0.613471	6.332517	-2.053481	-2.787030	-6.601219	1.769927	1.121587	2.189734
12.582495	5.126894	1.114563	5.216593	-3.291087	-2.956737	-6.199866	1.736462	1.118212	2.187547
-8.594590	4.692235	0.277568	1.919780	-4.497543	-3.126674	-5.718443	1.695629	1.114064	2.185124
-12.048999	-4.365532	-1.769659	-2.196984	-5.399869	-3.262520	-5.222456	1.652705	1.109670	2.182830
12.046730	-4.630560	-1.829492	-2.374229	-5.432174	-3.267712	-5.199986	1.650738	1.109468	2.182731
10.127518	-4.858519	-1.883892	-2.549727	-5.463753	-3.272824	-5.177490	1.648767	1.109265	2.182632
-12.076526	-3.857374	-1.975836	-5.400840	-5.924935	-3.355600	-4.737080	1.609771	1.105242	2.180763
-2.130466	0.585879	-0.900050	-6.707333	-6.074773	-3.405147	-4.288523	1.569193	1.101029	2.178994
12.791952	3.724794	0.891963	-6.431614	-5.836374	-3.418812	-3.762743	1.520397	1.095927	2.177077
-5.606442	0.722168	2.545761	-5.033537	-5.222133	-3.391595	-3.230444	1.469469	1.090564	2.175295
-13.742279	0.401403	2.598040	-4.951239	-5.183584	-3.389326	-3.204005	1.466896	1.090292	2.175210
13.798830	0.070702	2.645873	-4.868555	-5.144367	-3.386980	-3.177574	1.464319	1.090020	2.175126
13.477597	-2.960471	2.459749	-3.419535	-4.357221	-3.333951	-2.713727	1.418368	1.085145	2.173705
-16.100115	-1.018618	-0.011221	-2.140550	-3.418641	-3.261743	-2.248700	1.370803	1.080068	2.172388
13.479632	2.554168	-2.832464	-1.003114	-2.199769	-3.159196	-1.703105	1.312854	1.073842	2.170971
17.509201	0.357312	-2.169138	-0.317459	-0.943317	-3.045234	-1.160803	1.252655	1.067330	2.169700
-17.502821	0.168475	-2.101216	-0.303031	-0.907181	-3.041834	-1.145121	1.250872	1.067136	2.169665
3.845766	-0.015036	-2.031159	-0.288847	-0.871094	-3.038432	-1.129443	1.249087	1.066942	2.169630
15.548905	-2.615697	2.889998	0.660330	1.260519	-2.821391	-0.124834	1.129001	1.053815	2.167643
-12.616966	1.089212	-0.711224	2.739701	2.553811	-2.649058	0.840251	1.000753	1.039618	2.166184
-13.451999	1.734345	-0.881223	2.809081	2.574846	-2.644797	0.870981	0.996415	1.039134	2.166145
13.433714	2.422820	-1.047436	2.877374	2.594292	-2.640646	0.901649	0.992067	1.038650	2.166107
-0.362287	2.715852	-1.117789	2.906466	2.602183	-2.638889	0.914856	0.990190	1.038440	2.166091
-13.421580	2.989926	-1.187265	2.935330	2.609772	-2.637153	0.928051	0.988310	1.038231	2.166075
10.979181	1.042197	-2.745368	3.628177	2.691564	-2.596766	1.299438	0.933987	1.032158	2.165659
14.303391	-3.304730	-3.345440	3.929838	2.493905	-2.573128	1.660072	0.878316	1.025904	2.165331
-15.821719	3.487265	-2.163322	3.477302	1.844376	-2.551676	2.117835	0.802729	1.017364	2.165035
-3.138866	-3.641468	1.635875	2.327333	0.922037	-2.520710	2.552142	0.724768	1.008500	2.164894
17.728741	-3.629734	1.754509	2.289744	0.894720	-2.519515	2.563749	0.722586	1.008251	2.164893
-7.271268	-3.585970	1.872767	2.251949	0.867355	-2.518295	2.575336	0.720403	1.008002	2.164891
-19.336018	3.768487	4.133657	1.033270	0.024022	-2.466483	2.922169	0.652268	1.000208	2.164903
20.617037	-0.027279	1.276151	-0.129307	-0.735706	-2.378085	3.248411	0.582409	0.992174	2.165030
14.538251	-4.042313	-3.833012	-1.133728	-1.345112	-2.213476	3.596858	0.499715	0.982612	2.165319
-21.189285	0.619460	-4.933168	-1.492784	-1.483980	-1.964641	3.913268	0.414699	0.972722	2.165762
21.146130	1.173755	-4.894088	-1.488878	-1.475721	-1.950981	3.927039	0.410725	0.972258	2.165786
9.533836	1.692435	-4.849420	-1.483036	-1.466032	-1.937114	3.940745	0.406742	0.971794	2.165811
-19.766791	4.388793	-3.210179	-1.081942	-1.055130	-1.639606	4.184423	0.330929	0.962922	2.166334
1.413006	1.056575	-0.721810	-0.368479	-0.340949	-1.273122	4.400292	0.253350	0.953798	2.166976
15.834870	-3.208345	2.713177	0.384656	0.611855	-0.764878	4.613100	0.161423	0.942928	2.167867
-8.922502	-4.730422	5.106880	0.541094	1.417865	-0.167865	4.783975	0.067110	0.931713	2.168919
-14.594477	-4.827672	5.090320	0.526172	1.444672	-0.140267	4.790335	0.063006	0.931224	2.168968
14.577019	-4.922012	5.056090	0.509216	1.470655	-0.112489	4.796618	0.058895	0.930733	2.169017
-3.026897	1.134709	0.883064	-0.148353	1.782960	0.498790	4.907898	-0.027265	0.920428	2.170103
-16.058005	5.129288	-4.505578	-0.871705	1.564464	1.168940	4.981903	-0.115276	0.909842	2.171318
17.920719	-5.187100	-2.683749	-0.987881	0.652090	1.918591	5.017951	-0.213989	0.897882	2.172803
-3.923221	5.183283	3.386093	-0.010235	-0.868545	2.604978	5.004033	-0.314549	0.885576	2.174448
-19.863634	5.248067	3.449436	0.057512	-0.942410	2.632892	5.002201	-0.319082	0.885018	2.174525
-14.602104	5.207595	3.477760	0.127064	-1.016215	2.660492	5.000266	-0.323616	0.884460	2.174603
21.084514	-5.391502	-0.239105	1.699512	-2.373498	3.136269	4.939709	-0.414179	0.873230	2.176207
3.828541	-4.293107	-2.890553	2.882424	-3.152749	3.436410	4.835702	-0.505720	0.861722	2.177939
-20.299655	6.363573	0.929682	2.617087	-2.829627	3.512084	4.658614	-0.612782	0.848029	2.180106
17.153741	-2.302407	3.614379	0.471830	-1.447460	3.318870	4.420839	-0.720526	0.833953	2.182446
1.656078	-4.934010	3.543866	0.302498	-1.350040	3.301288	4.406128	-0.726445	0.833170	2.182579
-16.667424	-7.575822	3.441369	0.128064	-1.250872	3.283021	4.391249	-0.732365	0.832386	2.182713
6.045718	10.547062	-6.586037	-7.262780	2.630444	2.298993	3.791337	-0.933869	0.805032	2.187578
4.690578	4.080502	7.246287	-10.185480	5.517995	0.776480	3.032615	-1.134234	0.776304	2.193059
-8.776304	-15.065653	13.501761	-4.502767	5.724381	-0.188044	2.565744	-1.241938	0.760093	2.196301
-9.887053	15.792672	-11.023570	6.862230	4.871064	-1.182635	2.067835	-1.348300	0.743464	2.199730
10.532302	11.617576	-12.121998	7.425609	4.801378	-1.232310	2.041972	-1.353628	0.742613	2.199908
-8.693674	8.239416	-13.132463	7.976645	4.729163	-1.281886	2.016029	-1.358956	0.741760	2.200086
-11.888211	5.756430	-14.064226	8.521190	4.653350	-1.332050	1.989640	-1.364357	0.740894	2.200268
11.701174	3.817053	-14.898698	9.049348	4.574994	-1.382060	1.963186	-1.369754	0.740027	2.200450
13.224955	1.926496	-15.562097	9.507892	4.502537	-1.426788	1.939397	-1.374592	0.739248	2.200614
-13.861645	-0.500242	-16.142891	9.950963	4.428000	-1.471405	1.915541	-1.379429	0.738467	2.200779
22.830243	-15.744978	-14.509289	14.336103	3.139320	-2.091150	1.568049	-1.448388	0.727172	2.203182
-5.720514	0.725947	3.457691	14.584305	1.473491	-2.656754	1.211827	-1.516457	0.715690	2.205668
-40.930135	14.015719	16.611111	6.526872	-1.248489	-3.315396	0.699367	-1.610451	0.699231	2.209302
47.578855	-12.286655	-14.537122	-9.205265	-3.898896	-3.755730	0.177304	-1.702208	0.682396	2.213100
47.565975	8.615052	-4.646424	-16.683842	-6.557467	-3.656395	-0.959042	-1.891100	0.644806	2.221857
3.138799	-8.831667	1.139702	11.117970	-2.552080	-1.883121	-2.063239	-2.065440	0.605418	2.231396
-19.766692	1.502157	0.077857	12.029944	-2.422551	-1.828615	-2.087341	-2.069209	0.604502	2.231622
18.786618	9.007489	-0.722855	12.930784	-2.292848	-1.773674	-2.111383	-2.072970	0.603585	2.231848
-2.114994	2.602039	-0.996741	13.788824	-2.164772	-1.719039	-2.135051	-2.076672	0.602680	2.232072
-16.832764	-8.518407	-0.776445	14.598121	-2.036637	-1.663969	-2.158675	-2.080367	0.601772	2.232296
15.797550	-9.293176	-0.089555	15.397474	-1.898614	-1.604158	-2.184080	-2.084342	0.600793	2.232538
-14.794893	9.392634	0.891831	16.102004	-1.760939	-1.543951	-2.209397	-2.088305	0.599813	2.232781
0.056770	-11.376728	-1.878634	0.530648	2.475218	0.655292	-3.020480	-2.216866	0.565771	2.241328
-7.621407	10.907882	3.873845	-11.418050	4.901237	2.725129	-3.698069	-2.331772	0.530460	2.250422
7.935827	10.251944	3.960019	-11.506112	4.930703	2.776826	-3.715171	-2.334873	0.529420	2.250693
-8.248928	9.050103	4.018060	-11.587767	4.957502	2.827920	-3.732130	-2.337962	0.528380	2.250964
6.146389	-9.814758	0.582302	-11.932843	4.966856	3.647153	-4.019467	-2.393328	0.508719	2.256126
17.831895	6.996002	-4.774548	-10.153265	4.121492	4.158880	-4.245083	-2.443963	0.488678	2.261451
1.755294	7.817914	-4.663168	-10.033588	4.061356	4.176009	-4.254584	-2.446360	0.487668	2.261721
-18.156711	8.462759	-4.487658	-9.912873	3.999794	4.192346	-4.263910	-2.448745	0.486658	2.261991
20.381376	-7.300304	4.521614	-7.233419	2.606425	4.353631	-4.407564	-2.491754	0.467227	2.267216
15.475355	-5.989927	4.015873	-3.526793	0.974651	4.236689	-4.485267	-2.530030	0.447448	2.272591
-21.058088	5.264214	-3.449985	0.831486	-0.864844	3.772702	-4.496772	-2.568163	0.424099	2.279002
5.486378	-4.467506	-3.314610	3.883068	-2.257596	2.979609	-4.430378	-2.599360	0.400274	2.285615
19.973783	-4.480223	-3.074888	3.973433	-2.302445	2.937280	-4.425741	-2.600577	0.399208	2.285912
-6.583449	-4.391292	-2.818596	4.059417	-2.345547	2.894386	-4.420968	-2.601780	0.398142	2.286210
-18.724322	3.981421	2.383740	4.777225	-2.789180	1.939094	-4.300421	-2.622511	0.377100	2.292112
17.552127	-3.614576	1.221726	3.602051	-2.383807	0.782269	-4.130959	-2.637922	0.355695	2.298168
1.440022	-3.177484	-1.707260	1.110855	-1.197260	-0.713595	-3.880089	-2.649105	0.330550	2.305344
-15.854980	2.386324	-1.584338	-0.961662	0.190197	-2.225565	-3.575881	-2.653236	0.304914	2.312727
15.719660	2.523912	-1.519823	-1.030392	0.252626	-2.296956	-3.559652	-2.653258	0.303640	2.313095
15.829490	2.644964	-1.452380	-1.095184	0.313948	-2.367890	-3.543310	-2.653262	0.302365	2.313464
-15.864040	2.815082	-0.018096	-1.628357	1.160178	-3.521589	-3.237429	-2.650546	0.279689	2.320053
8.044636	-0.587815	1.119956	-1.208081	1.455076	-4.427791	-2.900751	-2.642553	0.256644	2.326798
16.845583	-2.548449	0.899179	-0.151175	1.215905	-5.102007	-2.479894	-2.626817	0.229635	2.334769
-9.333804	2.092073	-0.867913	0.717568	0.612640	-5.372952	-2.030133	-2.604125	0.202158	2.342950
-17.391017	2.286903	-0.906616	0.733416	0.580039	-5.375816	-2.008426	-2.602889	0.200857	2.343340
17.408289	2.462537	-0.935786	0.745922	0.547263	-5.377798	-1.986658	-2.601637	0.199553	2.343730
4.308402	0.998136	-0.157966	0.477001	-0.056724	-5.257148	-1.578659	-2.575880	0.175399	2.350993
-17.553859	-2.450902	0.992933	-0.228937	-0.570674	-4.843856	-1.159254	-2.544982	0.150928	2.358416
17.331951	0.228617	0.042132	-0.791269	-0.855393	-4.029361	-0.663721	-2.502724	0.122158	2.367229
8.096560	2.640436	-1.308125	-0.809412	-0.645545	-2.918112	-0.164696	-2.453623	0.093006	2.376261
-16.995887	2.497724	-1.323534	-0.792193	-0.626155	-2.860867	-0.141614	-2.451184	0.091647	2.376685
7.243282	2.320893	-1.332635	-0.773102	-0.606107	-2.803141	-0.118523	-2.448730	0.090287	2.377109
16.698966	-2.795862	-0.576963	-0.152567	-0.147886	-1.656922	0.309963	-2.400298	0.064789	2.385104
-8.832659	-1.065352	1.066946	0.660300	0.351272	-0.417707	0.731753	-2.346821	0.039042	2.393264
-16.342131	3.152960	1.983295	1.245101	0.750340	1.051288	1.204547	-2.278915	0.009057	2.402880
16.418758	1.629270	0.287605	0.984033	0.772814	2.477789	1.656670	-2.204374	-0.021216	2.412718
1.183146	1.491107	0.174954	0.955716	0.765685	2.539153	1.676299	-2.200888	-0.022575	2.413163
-16.437889	1.347899	0.061214	0.926324	0.757963	2.600247	1.695874	-2.197388	-0.023936	2.413609
14.983532	-2.366369	-2.008183	0.199794	0.506041	3.727684	2.065405	-2.126614	-0.050525	2.422372
17.149918	-3.613239	-2.517592	-0.612141	0.120939	4.710606	2.409898	-2.050877	-0.077296	2.431304
-17.719905	1.607301	0.035144	-1.306873	-0.369191	5.631852	2.770022	-1.957593	-0.108314	2.441797
-10.859326	3.764787	2.611762	-1.468617	-0.784590	6.307251	3.085150	-1.857809	-0.139529	2.452516
18.303295	3.718376	2.658473	-1.458377	-0.800607	6.333339	3.099077	-1.852841	-0.141036	2.453038
-9.716853	3.658148	2.694641	-1.446262	-0.816152	6.358813	3.112875	-1.847862	-0.142543	2.453560
-18.710155	1.512397	1.861309	-0.943035	-1.014339	6.714936	3.339531	-1.755904	-0.169667	2.463026
18.939306	-0.172742	-0.523190	-0.084939	-1.056013	6.881703	3.523317	-1.659153	-0.196903	2.472663
6.637262	-3.788708	-2.706090	0.895102	-0.904308	6.843406	3.678400	-1.541262	-0.228535	2.484030
-18.566974	-2.532366	-2.174586	1.409079	-0.539193	6.563650	3.772445	-1.417031	-0.260272	2.495628
18.539494	-2.164320	-2.091712	1.418958	-0.517218	6.545010	3.775376	-1.411118	-0.261746	2.496172
14.819370	-1.781906	-2.004969	1.427575	-0.494819	6.525889	3.778182	-1.405196	-0.263218	2.496715
-17.835341	3.853655	0.136621	1.358288	-0.003324	6.082203	3.808346	-1.292133	-0.290747	2.506957
-0.239173	-0.162150	2.399382	0.866418	0.587699	5.488044	3.797954	-1.174399	-0.318319	2.517375
16.043822	-4.130503	2.645881	-0.105267	1.269848	4.642577	3.738622	-1.032576	-0.350247	2.529647
3.116842	3.981182	-0.876813	-1.145639	1.786732	3.668728	3.632437	-0.885131	-0.382189	2.542157
-15.334339	4.231527	-1.034618	-1.187083	1.803807	3.621433	3.626487	-0.878215	-0.383659	2.542739
15.314359	4.442323	-1.185253	-1.227553	1.820163	3.573950	3.620447	-0.871287	-0.385130	2.543322
2.328151	3.854596	-2.703851	-1.741935	1.973631	2.646022	3.490016	-0.738528	-0.412897	2.554414
-15.356542	-1.178537	-2.354819	-1.629407	1.787426	1.671749	3.330385	-0.602340	-0.440636	2.565689
10.546755	-5.766605	-0.625325	-0.843368	1.202081	0.520779	3.115476	-0.442785	-0.472323	2.578813
17.102074	-6.234377	1.532929	0.353577	0.327794	-0.646795	2.870122	-0.279791	-0.503930	2.592177
-17.161512	-6.126069	1.625251	0.413734	0.282363	-0.701178	2.858026	-0.272127	-0.505399	2.592806
0.047734	-6.027724	1.715913	0.473972	0.236660	-0.755510	2.845882	-0.264463	-0.506868	2.593434
18.452626	-4.486013	3.020577	1.579759	-0.655774	-1.766784	2.608613	-0.119901	-0.534308	2.605292
-15.159906	1.646985	3.219517	2.508000	-1.554046	-2.756415	2.354435	0.026433	-0.561652	2.617335
-21.070751	7.875304	1.331053	3.166317	-2.496809	-3.854668	2.042797	0.197499	-0.593154	2.631501
21.915995	-0.060170	-2.492143	3.087444	-3.248467	-4.880168	1.716421	0.369882	-0.624485	2.645918
1.235840	-1.020620	-2.645289	3.061776	-3.277405	-4.924649	1.701312	0.377735	-0.625904	2.646579
-21.959028	-1.984318	-2.792295	3.034010	-3.305856	-4.968900	1.686191	0.385585	-0.627322	2.647240
22.069423	-8.843093	-3.737872	2.077623	-3.753314	-5.765620	1.396562	0.534352	-0.654070	2.659847
2.384909	3.663963	-0.243052	0.311672	-4.018602	-6.474706	1.102188	0.683256	-0.680655	2.672641
-20.915466	9.444697	4.059161	-2.161393	-4.078454	-7.171681	0.756904	0.856390	-0.711394	2.687778
7.420221	-9.589699	2.413979	-4.297489	-3.839760	-7.717320	0.413079	1.028653	-0.741869	2.703171
19.796991	-9.573842	2.201938	-4.379521	-3.820604	-7.739058	0.397151	1.036656	-0.743283	2.703895
-0.914274	-9.374769	1.980636	-4.459678	-3.800680	-7.760483	0.381225	1.044661	-0.744698	2.704621
-18.767916	8.595840	-2.461954	-5.534691	-3.292401	-8.097541	0.090996	1.191319	-0.770614	2.718065
17.857287	9.507485	-4.393943	-5.638706	-2.507181	-8.330683	-0.192024	1.336509	-0.796300	2.731700
-1.312040	4.319916	-3.254865	-4.252635	-1.305405	-8.480273	-0.509384	1.503491	-0.825944	2.747844
-16.466104	-0.099009	-0.391185	-1.693786	0.096577	-8.508326	-0.808973	1.667395	-0.855228	2.764249
14.886328	-0.315878	-0.246742	-1.560375	0.163036	-8.506890	-0.822070	1.674746	-0.856547	2.764999
16.438631	-0.534030	-0.101993	-1.425851	0.229702	-8.505225	-0.835130	1.682095	-0.857866	2.765750
-16.342031	-4.623549	2.491477	1.219467	1.501092	-8.432390	-1.072288	1.818955	-0.882552	2.779995
11.326999	-8.124103	4.233633	3.803221	2.754092	-8.283846	-1.292536	1.952747	-0.906941	2.794432
16.684089	-6.174342	4.405358	6.123861	4.044828	-8.033010	-1.518748	2.098322	-0.933850	2.810810
-16.853929	3.689356	2.983807	7.383525	5.120962	-7.697928	-1.723899	2.239100	-0.960345	2.827431
16.790928	6.359727	0.009887	7.474327	5.903564	-7.265990	-1.915128	2.379819	-0.987428	2.844968
9.274180	-5.451989	-3.623666	6.514160	6.260272	-6.754709	-2.084198	2.514249	-1.014017	2.862771
-16.274314	-5.590718	-3.746237	6.440869	6.267265	-6.727049	-2.092110	2.520824	-1.015339	2.863672
16.235015	-5.632396	-3.857718	6.365323	6.273266	-6.699221	-2.099961	2.527377	-1.016659	2.864573
8.582288	-0.302153	-4.165712	4.728340	6.229901	-6.194703	-2.225893	2.636816	-1.039049	2.880107
-14.396145	4.533178	-2.363773	2.509825	5.934739	-5.638121	-2.335904	2.740796	-1.061041	2.895839
-2.520525	-3.361880	0.648552	-0.510795	5.317807	-4.923366	-2.444347	2.854684	-1.086167	2.914439
13.125509	-3.496391	3.189192	-3.422235	4.461384	-4.140774	-2.531767	2.960156	-1.110704	2.933310
-2.635568	-2.768101	3.278481	-3.551909	4.414675	-4.101101	-2.535498	2.965072	-1.111883	2.934235
-13.145210	-2.022620	3.363630	-3.680047	4.367556	-4.061292	-2.539180	2.969968	-1.113061	2.935162
13.728764	3.164305	4.164775	-5.638658	3.471081	-3.333242	-2.596672	3.053501	-1.133727	2.951717
1.101515	-0.793243	3.485572	-6.857269	2.490257	-2.570136	-2.639585	3.130593	-1.153919	2.968477
-16.484434	-2.926042	0.399220	-7.410589	1.328253	-1.670927	-2.671359	3.210304	-1.176242	2.987748
18.619969	3.027754	-4.139962	-7.248304	0.169632	-0.746921	-2.685983	3.281797	-1.197912	3.007287
19.182739	-3.273333	-4.605404	-6.553766	-0.941354	0.185112	-2.684412	3.344772	-1.218777	3.026969
-19.467762	-3.039297	-2.090329	-5.549277	-1.996707	1.120226	-2.667649	3.399752	-1.238951	3.046917
8.910649	-2.406324	-1.949211	-5.500023	-2.041840	1.161410	-2.666573	3.401995	-1.239826	3.047804
19.439978	-1.757459	-1.807184	-5.450459	-2.086812	1.202549	-2.665469	3.404221	-1.240698	3.048690
-18.636683	4.048508	1.089814	-4.340197	-3.003301	2.064977	-2.635827	3.447597	-1.258775	3.067518
-16.890211	0.244483	2.969818	-3.162287	-3.850928	2.909880	-2.594520	3.484126	-1.276212	3.086574
17.088199	-0.004521	3.040039	-3.099071	-3.894042	2.954295	-2.592000	3.485884	-1.277124	3.087598
3.908509	-0.245619	3.107686	-3.035907	-3.936928	2.998630	-2.589449	3.487623	-1.278035	3.088622
-15.369491	-3.878321	3.959100	-1.931780	-4.661873	3.774138	-2.538832	3.515381	-1.293953	3.107000
13.904881	-5.129017	4.658807	-0.918276	-5.305049	4.514820	-2.478927	3.537000	-1.309251	3.125582
3.873355	5.358814	5.341701	0.062017	-5.935508	5.316946	-2.398795	3.554396	-1.326156	3.147336
-12.924716	2.975701	1.036174	0.827970	-6.430642	6.047158	-2.307941	3.563660	-1.342178	3.169358
-4.273162	1.849509	0.761365	0.860244	-6.450108	6.079080	-2.303478	3.563894	-1.342900	3.170386
13.005830	0.713904	0.485278	0.892355	-6.469251	6.110817	-2.298995	3.564110	-1.343620	3.171416
-0.033064	-5.421625	-4.018173	1.479107	-6.764136	6.664294	-2.212115	3.564969	-1.356619	3.190614
-16.117804	2.618948	-5.154921	2.120475	-6.938545	7.144744	-2.118621	3.559892	-1.368946	3.210008
18.034690	5.064405	-1.703466	2.952424	-6.979105	7.600111	-2.002626	3.546639	-1.382421	3.232750
2.291957	-4.756249	4.341878	3.448496	-6.838696	7.938930	-1.879438	3.525567	-1.395020	3.255749
-18.754666	-4.370703	4.502947	3.454315	-6.827610	7.952004	-1.873475	3.524383	-1.395592	3.256839
18.737954	-3.859855	4.642982	3.458110	-6.816123	7.964822	-1.867498	3.523182	-1.396162	3.257929
-0.377305	3.485131	4.033113	3.182382	-6.534773	8.154874	-1.755264	3.498068	-1.406309	3.278067
-15.608848	4.111173	-0.291180	2.359021	-6.130642	8.259362	-1.638988	3.467230	-1.415824	3.298393
7.514619	-3.771955	-3.700388	0.956073	-5.554309	8.275319	-1.500317	3.424528	-1.426054	3.322123
10.957337	0.541028	-0.751191	-0.584458	-4.917473	8.180845	-1.357929	3.374353	-1.435473	3.346098
-8.754367	1.529828	-0.544213	-0.644456	-4.889452	8.174292	-1.351694	3.372014	-1.435863	3.347141
-10.854684	2.497700	-0.336054	-0.703389	-4.861433	8.167536	-1.345453	3.369661	-1.436251	3.348185
10.503394	3.244692	3.087880	-1.566376	-4.306703	7.989102	-1.219041	3.319492	-1.443736	3.369243
9.064070	-3.087360	2.787469	-1.617874	-3.790173	7.730093	-1.090935	3.263814	-1.450635	3.390483
-12.339387	-2.311967	-0.468935	-0.943636	-3.257963	7.334851	-0.942354	3.193148	-1.457850	3.415101
13.279703	2.909727	-2.527861	-0.023662	-2.752399	6.836964	-0.792961	3.115390	-1.464323	3.439953
13.572332	2.534619	-2.486912	0.015720	-2.728602	6.811256	-0.785982	3.111589	-1.464607	3.441118
-13.613250	2.096726	-2.429728	0.054371	-2.704747	6.785329	-0.779003	3.107774	-1.464890	3.442284
7.030312	-2.899095	0.255548	0.618452	-2.243335	6.262908	-0.649177	3.033976	-1.469868	3.464081
14.138029	-1.039758	2.358114	0.809550	-1.726814	5.667461	-0.519869	2.954968	-1.474312	3.486050
-13.888210	2.954345	2.035340	0.514683	-1.042701	4.908902	-0.373329	2.858351	-1.478750	3.511369
-10.831975	-2.292886	-0.969350	-0.036541	-0.277758	4.083397	-0.228853	2.755092	-1.482518	3.536905
13.520170	-2.664448	-1.106450	-0.064371	-0.237406	4.040099	-0.221588	2.749676	-1.482691	3.538207
2.156921	-2.992388	-1.235801	-0.091840	-0.196918	3.996661	-0.214326	2.744239	-1.482864	3.539510
-13.281745	-2.320749	-2.257292	-0.454500	0.512091	3.235238	-0.090919	2.648295	-1.485555	3.561963
13.224911	2.989252	-1.690609	-0.501429	1.233811	2.449569	0.029804	2.547439	-1.487758	3.584572
4.127681	1.495828	-0.246328	-0.252191	2.045320	1.522136	0.165335	2.424837	-1.489708	3.610892
-13.892345	-2.678272	1.507205	0.140165	2.777549	0.586037	0.295856	2.295849	-1.491033	3.637410
2.375126	-2.746137	1.576370	0.159040	2.809154	0.541843	0.301882	2.289603	-1.491081	3.638667
13.952846	-2.788713	1.643054	0.177793	2.840443	0.497659	0.307894	2.283343	-1.491126	3.639924
-6.202330	0.029847	2.329396	0.475591	3.349616	-0.307213	0.415505	2.166361	-1.491729	3.662999
-15.288185	2.418048	1.641942	0.626575	3.712835	-1.099832	0.518262	2.044755	-1.491886	3.686212
15.921970	-2.129925	-0.838935	0.600190	3.909267	-1.987759	0.630135	1.898804	-1.491527	3.713158
3.538419	-0.393811	-2.529730	0.334935	3.857332	-2.835935	0.734173	1.746839	-1.490602	3.740280
-16.132603	-0.132883	-2.560895	0.315978	3.849379	-2.873842	0.738763	1.739699	-1.490546	3.741533
16.126916	0.133486	-2.587280	0.296371	3.840965	-2.911640	0.743334	1.732546	-1.490488	3.742786
5.220953	1.547064	-2.187444	-0.176628	3.599244	-3.606189	0.826463	1.594544	-1.489185	3.766616
-15.097029	-0.602617	-0.350870	-0.736747	3.218690	-4.253562	0.902491	1.452096	-1.487473	3.790572
-1.816795	-1.260157	1.998604	-1.237642	2.645662	-4.926656	0.980078	1.283804	-1.485024	3.818126
13.265585	1.009695	3.183362	-1.310446	1.962027	-5.517041	1.046880	1.109954	-1.482067	3.845834
-6.854815	1.187003	3.198074	-1.297843	1.924302	-5.545167	1.050032	1.100799	-1.481900	3.847274
-13.189858	1.345059	3.207644	-1.283396	1.886390	-5.573039	1.053152	1.091629	-1.481732	3.848714
12.713203	-0.140639	2.568525	-0.800244	1.231494	-6.000872	1.100648	0.935890	-1.478719	3.872899
2.970607	-1.952292	0.323548	-0.015910	0.567306	-6.349785	1.138731	0.776273	-1.475344	3.897190
-12.720589	-0.095733	-3.394662	0.973287	-0.160292	-6.645472	1.170242	0.586940	-1.470994	3.925430
13.349630	3.246071	-3.905105	1.730990	-0.784601	-6.814328	1.187291	0.393025	-1.466182	3.953798
10.427033	3.321809	-3.798565	1.755466	-0.809757	-6.818848	1.187709	0.384024	-1.465950	3.955103
-13.430116	3.376014	-3.678878	1.778835	-0.834560	-6.823076	1.188093	0.375013	-1.465717	3.956407
-2.926659	0.173234	0.265330	1.982226	-1.227550	-6.846770	1.189035	0.203911	-1.461163	3.981011
15.523111	-4.900980	4.169414	1.643221	-1.463906	-6.760366	1.177626	0.030142	-1.456282	4.005700
-10.030274	-4.257392	4.126872	0.560197	-1.559808	-6.521176	1.149254	-0.173657	-1.450238	4.034360
-18.582669	1.921867	0.489172	-0.843013	-1.494985	-6.138260	1.105904	-0.379825	-1.443780	4.063119
18.654846	2.280235	0.280832	-0.909222	-1.488220	-6.116530	1.103474	-0.389765	-1.443460	4.064501
2.268869	2.645884	0.072369	-0.974882	-1.481137	-6.094507	1.101013	-0.399708	-1.443139	4.065883
-19.954620	7.385784	-3.269576	-1.999947	-1.300325	-5.647663	1.051354	-0.580272	-1.437173	4.090936
21.390340	1.665947	-4.544980	-2.473082	-1.031488	-5.117445	0.992672	-0.761689	-1.430913	4.116054
21.766008	-8.255915	-2.492264	-2.029140	-0.652163	-4.420724	0.915421	-0.970611	-1.423370	4.144983
-22.005505	-5.052070	2.916608	-0.818067	-0.250217	-3.647480	0.829111	-1.179470	-1.415465	4.173983
10.481356	-4.135731	3.150247	-0.749985	-0.231790	-3.609708	0.824874	-1.189235	-1.415086	4.175342
21.994742	-3.181492	3.375324	-0.681239	-0.213442	-3.571809	0.820621	-1.198998	-1.414706	4.176701
-21.629667	8.152301	4.908847	0.659710	0.105616	-2.847204	0.738849	-1.379958	-1.407519	4.201971
-9.532842	0.172516	-0.025552	1.899043	0.358114	-2.091331	0.652489	-1.559931	-1.400076	4.227284
19.722208	-6.927330	-5.300687	2.664214	0.518438	-1.194538	0.548314	-1.766084	-1.391168	4.256576
1.632772	5.784892	-1.591516	2.277777	0.504734	-0.289966	0.440891	-1.969731	-1.381943	4.285911
-18.394243	5.795791	-1.305457	2.236150	0.500538	-0.248152	0.435857	-1.979100	-1.381508	4.287272
6.704048	5.681383	-1.018972	2.192858	0.496081	-0.206363	0.430820	-1.988463	-1.381072	4.288633
17.322274	-4.639079	3.858125	1.151297	0.371813	0.566505	0.336370	-2.161859	-1.372819	4.314046
-16.511117	2.329365	6.121788	-0.080502	0.193659	1.317869	0.241753	-2.332435	-1.364348	4.339481
-1.839914	2.327780	5.045623	-1.324292	-0.032441	2.141000	0.133879	-2.524845	-1.354330	4.368794
15.931136	-1.443628	1.295840	-2.190686	-0.229518	2.901557	0.028633	-2.712335	-1.344045	4.398122
-6.172988	-1.273703	0.984526	-2.219497	-0.237087	2.935115	0.023826	-2.720928	-1.343561	4.399487
-15.960052	-1.080517	0.658439	-2.247175	-0.244471	2.968496	0.019028	-2.729508	-1.343075	4.400851
16.444771	0.975067	-5.667383	-2.538415	-0.341801	3.557710	-0.068770	-2.887572	-1.333904	4.426361
5.946010	-0.869820	-7.125600	-2.331124	-0.346070	4.074504	-0.152313	-3.040970	-1.324548	4.451869
-17.626194	0.082231	-6.153696	-1.411121	-0.243994	4.575677	-0.242128	-3.211662	-1.313530	4.481299
17.453270	1.330642	-4.711180	-0.075054	-0.055935	4.978399	-0.323396	-3.374943	-1.302286	4.510710
10.199854	0.790834	-4.659962	-0.009968	-0.045670	4.994752	-0.326926	-3.382313	-1.301760	4.512071
-17.385207	0.239667	-4.610658	0.055038	-0.035299	5.010895	-0.330432	-3.389660	-1.301234	4.513431
10.543244	-1.629826	-2.822365	1.211846	0.175525	5.277039	-0.391815	-3.523844	-1.291311	4.538862
14.883910	1.351390	2.713430	2.072108	0.404209	5.477533	-0.444531	-3.651540	-1.281234	4.564267
-12.334119	1.967763	6.993920	2.345311	0.663017	5.631821	-0.493355	-3.790032	-1.269445	4.593485
-12.394687	-1.168665	2.001665	1.620160	0.885280	5.710691	-0.528932	-3.918728	-1.257473	4.622649
12.383301	-1.596064	1.633906	1.566991	0.894207	5.712676	-0.530284	-3.924527	-1.256906	4.624018
8.759175	-1.980531	1.263418	1.512601	0.902960	5.714512	-0.531607	-3.930299	-1.256338	4.625387
-12.720678	-1.867340	-4.746111	0.356795	1.029527	5.722779	-0.551068	-4.032479	-1.245815	4.650588
11.507775	1.839442	-5.933756	-0.837889	1.073718	5.685610	-0.561735	-4.126376	-1.235167	4.675735
15.321100	1.450020	-1.993539	-1.863028	0.991520	5.591032	-0.564165	-4.224099	-1.222705	4.704738
-16.715738	-1.794687	3.333509	-2.344416	0.733157	5.445602	-0.557174	-4.309545	-1.210093	4.733645
-2.758848	-1.498549	3.473213	-2.351456	0.717275	5.438138	-0.556672	-4.312997	-1.209537	4.734908
16.810773	-1.178077	3.599864	-2.357244	0.700987	5.430587	-0.556155	-4.316424	-1.208981	4.736172
-16.448464	1.935771	4.381521	-2.211847	0.300781	5.262956	-0.542838	-4.379211	-1.197894	4.761202
-17.556516	-0.185980	4.339711	-1.580909	-0.212159	5.063489	-0.524244	-4.431802	-1.186705	4.786143
17.112149	-2.554580	3.551923	-0.356700	-0.869995	4.797731	-0.497086	-4.479488	-1.173684	4.814786
-1.810755	0.816817	1.465014	1.068862	-1.511735	4.498019	-0.464670	-4.513017	-1.160548	4.843287
-16.099788	1.075872	1.350802	1.130556	-1.539038	4.483664	-0.463086	-4.514201	-1.159948	4.844579
16.045068	1.336927	1.235742	1.191623	-1.566127	4.469238	-0.461492	-4.515355	-1.159348	4.845871
9.828182	3.471310	-0.939582	2.156783	-2.024468	4.184973	-0.429685	-4.531568	-1.147938	4.870301
-13.714714	0.990246	-2.496841	2.527461	-2.340870	3.882003	-0.395204	-4.536932	-1.136467	4.894609
2.538992	-4.313481	-2.151856	1.947871	-2.485469	3.512158	-0.352681	-4.529463	-1.123129	4.922552
12.128802	-0.006597	0.668759	0.624727	-2.400838	3.124237	-0.307977	-4.507260	-1.109717	4.950311
0.118305	0.690955	0.804001	0.556552	-2.391834	3.106209	-0.305909	-4.505907	-1.109107	4.951564
-12.128816	1.388331	0.936511	0.488126	-2.382393	3.088138	-0.303837	-4.504524	-1.108498	4.952817
9.044320	4.936090	2.374396	-0.795040	-2.118718	2.733256	-0.263428	-4.472248	-1.096773	4.976775
13.376074	-3.436985	0.676331	-1.800270	-1.707144	2.363955	-0.221865	-4.429271	-1.084996	5.000577
-14.685582	-5.195842	-2.462782	-2.461530	-1.067792	1.923210	-0.172767	-4.367015	-1.071390	5.027748
13.865652	4.952149	-3.092569	-2.496170	-0.277300	1.467378	-0.122436	-4.291485	-1.057723	5.054690
15.998255	5.111301	-3.032121	-2.480617	-0.238230	1.446106	-0.120096	-4.287704	-1.057094	5.055922
-16.047738	5.211164	-2.963113	-2.463496	-0.198970	1.424806	-0.117754	-4.283895	-1.056464	5.057153
17.318186	-5.082093	3.428577	-0.770803	1.506604	0.516522	-0.018431	-4.101955	-1.030148	5.107970
12.440963	0.032668	4.749011	1.280868	2.981029	-0.423681	0.083697	-3.876593	-1.003641	5.157824
-17.363726	0.876596	4.697885	1.315537	3.009125	-0.446591	0.086182	-3.870658	-1.003000	5.159012
-14.963197	1.712857	4.643822	1.349096	3.036761	-0.469512	0.088668	-3.864700	-1.002360	5.160200
17.342514	2.568718	4.581542	1.384449	3.066366	-0.494517	0.091380	-3.858176	-1.001661	5.161494
-3.027179	3.327771	4.515859	1.418508	3.095387	-0.519518	0.094091	-3.851629	-1.000963	5.162786
-17.093172	4.766934	3.076879	1.801473	3.465528	-0.908130	0.136233	-3.746707	-0.990128	5.182723
8.964471	-2.107961	0.966148	1.973580	3.660735	-1.298244	0.178567	-3.635419	-0.979267	5.202481
15.642405	-4.554245	-4.896381	1.911751	3.220485	-2.310125	0.290081	-3.314586	-0.950642	5.253462
-14.440920	1.306328	-6.727373	1.567554	1.638855	-3.242470	0.401068	-2.955430	-0.921881	5.303071
0.837628	2.954217	-6.720066	1.558864	1.594919	-3.261817	0.403537	-2.946981	-0.921236	5.304166
14.391465	4.171098	-6.711004	1.550145	1.550703	-3.281095	0.406006	-2.938510	-0.920590	5.305260
-4.315729	4.503749	-6.698544	1.540155	1.499956	-3.302991	0.408823	-2.928823	-0.919853	5.306508
-14.335840	3.806593	-6.683850	1.530114	1.448935	-3.324767	0.411636	-2.919119	-0.919117	5.307754
14.313415	2.725291	-6.670217	1.521870	1.407097	-3.342449	0.413930	-2.911187	-0.918516	5.308769
5.291136	1.615991	-6.655128	1.513577	1.365100	-3.360046	0.416221	-2.903246	-0.917915	5.309783
-13.525852	-4.490488	-5.056491	1.105671	-0.362971	-3.984854	0.505319	-2.580440	-0.894321	5.349066
6.221693	4.434325	-0.986666	0.482275	-1.989023	-4.452047	0.592309	-2.237272	-0.870675	5.387305
12.617312	-4.360126	3.554336	0.077820	-2.768260	-4.641155	0.644077	-2.018598	-0.856213	5.410123
-12.328340	-3.680009	6.206727	-0.265807	-3.279667	-4.745266	0.694654	-1.793640	-0.841742	5.432520
5.520859	-2.395881	6.239997	-0.280105	-3.296504	-4.748038	0.697127	-1.782333	-0.841024	5.433619
12.300225	-1.042517	6.262155	-0.294085	-3.312457	-4.750576	0.699597	-1.771011	-0.840306	5.434717
-10.819397	0.300687	6.273037	-0.307962	-3.327755	-4.752913	0.702103	-1.759491	-0.839577	5.435832
-12.271702	1.528857	6.271939	-0.321506	-3.342118	-4.755006	0.704605	-1.747957	-0.838848	5.436946
12.069873	4.183283	4.669236	-0.483689	-3.436945	-4.757363	0.741352	-1.574476	-0.827982	5.453403
3.340527	-0.611118	0.240021	-0.566473	-3.282686	-4.707410	0.776848	-1.398003	-0.817115	5.469610
-11.879179	-4.148262	-5.105184	-0.485729	-2.694015	-4.567772	0.820890	-1.162142	-0.802849	5.490497
11.269713	-0.762578	-4.652867	-0.084331	-1.772079	-4.351087	0.861210	-0.921962	-0.788585	5.510931
12.133263	-0.435294	-4.507976	-0.060612	-1.722385	-4.339029	0.863015	-0.910475	-0.787909	5.511889
-12.153736	-0.097925	-4.355416	-0.036758	-1.672293	-4.326824	0.864807	-0.898986	-0.787233	5.512844
-4.958228	4.454508	-0.766361	0.379920	-0.708338	-4.080147	0.895329	-0.689692	-0.775010	5.529957
13.229219	2.892587	2.570507	0.624431	0.306310	-3.787795	0.921838	-0.477905	-0.762794	5.546719
-13.849325	-5.196492	2.962744	0.420384	1.432983	-3.394481	0.946995	-0.227510	-0.748522	5.565867
-14.027967	-0.839004	-0.609747	-0.376471	2.314297	-2.952998	0.965003	0.025403	-0.734266	5.584515
14.024525	-0.512361	-0.770269	-0.414726	2.344090	-2.932627	0.965616	0.036559	-0.733641	5.585322
2.436228	-0.162523	-0.925781	-0.452580	2.372983	-2.912180	0.966214	0.047719	-0.733015	5.586128
-13.671484	6.368265	-2.246025	-0.991100	2.727598	-2.498004	0.974649	0.266527	-0.720799	5.601684
12.819732	-0.150319	0.511311	-0.833504	2.608731	-2.059272	0.976536	0.486495	-0.708601	5.616856
12.611647	-7.544116	2.239891	0.243624	1.919320	-1.522903	0.969741	0.743751	-0.694417	5.634031
-8.725383	4.784310	-2.387467	1.644059	0.881186	-0.967028	0.952503	1.001601	-0.680262	5.650663
2.777444	6.450046	-2.538973	1.685106	0.829736	-0.941152	0.951444	1.013496	-0.679610	5.651417
8.461191	8.053206	-2.668928	1.722186	0.778235	-0.915284	0.950362	1.025382	-0.678959	5.652169
-5.798668	5.661550	-1.468210	1.743915	-0.172626	-0.435064	0.925848	1.246100	-0.666869	5.665925
-4.303428	-8.211588	3.951616	0.873629	-1.047563	0.037459	0.892683	1.466286	-0.654805	5.679265
9.222203	6.841500	1.887599	-2.099746	-2.287064	1.089075	0.776665	1.985850	-0.626180	5.709336
10.967952	-3.392164	-7.868193	-2.551394	-1.651261	2.003008	0.605218	2.492158	-0.597747	5.736910
-11.384369	2.206767	-5.713698	-2.493112	-1.617112	2.021006	0.600875	2.502893	-0.597135	5.737478
7.988244	3.196318	-3.579090	-2.431305	-1.582210	2.038913	0.596507	2.513610	-0.596523	5.738044
12.294387	0.137719	-1.380618	-2.356660	-1.541451	2.059255	0.591488	2.525830	-0.595825	5.738689
-12.778169	-2.972056	0.443225	-2.277879	-1.499713	2.079505	0.586431	2.538044	-0.595127	5.739332
8.228404	-1.266234	1.655234	-2.207835	-1.463465	2.096656	0.582099	2.548428	-0.594533	5.739878
13.580617	2.785382	2.649317	-2.135275	-1.426591	2.113719	0.577743	2.558793	-0.593939	5.740423
-21.237885	0.550439	8.479767	-0.782620	-0.767777	2.374578	0.504998	2.722171	-0.584518	5.748926
-22.079944	-0.735467	4.365209	0.546084	-0.022934	2.615197	0.425565	2.882700	-0.575123	5.757135
23.901214	-0.352453	-5.275556	1.969344	1.022406	2.915581	0.303125	3.101704	-0.562034	5.768113
3.866750	0.563245	-9.068249	2.595085	1.889965	3.171305	0.167190	3.313540	-0.549003	5.778498
-20.696396	0.408796	-6.556628	2.170508	2.436643	3.392533	0.006167	3.531655	-0.535095	5.788966
17.428210	-2.845396	-1.821569	0.994762	2.565268	3.555340	-0.170891	3.739235	-0.521258	5.798730
-4.900228	4.297838	0.503440	-0.298065	2.357475	3.650289	-0.345821	3.917731	-0.508750	5.806984
-13.245317	-3.480826	3.818627	-1.416259	1.877612	3.695546	-0.533682	4.085647	-0.496309	5.814637
-2.662272	-4.750379	4.031625	-1.459241	1.848229	3.696490	-0.543040	4.093454	-0.495712	5.814991
13.191730	-5.911299	4.249933	-1.500933	1.818278	3.697320	-0.552432	4.101239	-0.495114	5.815343
-13.525284	7.165956	7.601676	-1.988849	1.135012	3.690835	-0.739362	4.246774	-0.483556	5.821892
14.920837	6.792639	4.419655	-1.759608	0.281871	3.640614	-0.933668	4.381629	-0.472063	5.827902
10.538159	-9.246847	-2.746484	-0.889793	-0.823132	3.527962	-1.161706	4.522155	-0.458987	5.834112
-18.062799	3.318786	-6.366457	0.154918	-1.938652	3.354807	-1.391806	4.647023	-0.446004	5.839596
18.080518	5.305947	-6.421607	0.196535	-1.985243	3.345838	-1.401841	4.652106	-0.445439	5.839819
17.842213	7.285738	-6.468957	0.237460	-2.031549	3.336750	-1.411872	4.657158	-0.444874	5.840040
-16.122242	10.817820	-2.886058	1.305728	-3.646027	2.817504	-1.843707	4.846895	-0.420226	5.848375
2.136044	7.274700	4.041006	1.039295	-4.032089	2.056228	-2.238043	4.968996	-0.395965	5.853914
12.832009	6.794147	4.155397	1.021123	-4.024569	2.035228	-2.246667	4.971010	-0.395397	5.854010
-12.789113	6.253008	4.265497	1.002540	-4.016276	2.014088	-2.255253	4.972983	-0.394830	5.854105
-10.541779	5.611448	4.372976	0.983233	-4.007053	1.992451	-2.263946	4.974947	-0.394252	5.854200
12.709878	4.913341	4.475874	0.963522	-3.997035	1.970673	-2.272599	4.976868	-0.393676	5.854293
11.161152	-6.135305	5.452762	0.579185	-3.709635	1.583845	-2.412259	5.002730	-0.383981	5.855612
-12.780190	-10.356041	4.757094	0.130405	-3.203943	1.166602	-2.538675	5.015941	-0.374357	5.856455
14.748152	-1.973651	1.365014	-0.457663	-2.240050	0.595781	-2.679628	5.013551	-0.361988	5.856829
15.383007	3.574292	-2.761233	-0.914234	-0.974606	0.009327	-2.790978	4.988261	-0.349691	5.856385
-15.458089	3.807097	-2.926761	-0.928851	-0.910177	-0.017995	-2.795367	4.986511	-0.349120	5.856344
-2.279278	4.055508	-3.087947	-0.942707	-0.845312	-0.045322	-2.799685	4.984709	-0.348549	5.856302
16.919627	8.759962	-4.932671	-1.029794	0.398579	-0.543012	-2.865445	4.942246	-0.338058	5.855198
-13.306164	6.923986	-4.019880	-0.746420	1.676010	-1.023432	-2.903608	4.881666	-0.327561	5.853483
-19.463320	0.788758	-0.702780	-0.107421	3.086579	-1.546166	-2.909756	4.787107	-0.315254	5.850694
20.214093	-4.587772	2.657144	0.600804	4.267147	-2.008053	-2.870790	4.666316	-0.302864	5.847053
0.997494	-5.057671	2.778763	0.632647	4.316794	-2.028902	-2.867651	4.659686	-0.302251	5.846852
-20.254244	-5.519398	2.894029	0.663973	4.365531	-2.049565	-2.864393	4.652990	-0.301636	5.846648
20.339960	-6.176552	3.752228	1.087347	5.041929	-2.373034	-2.789286	4.527360	-0.290952	5.842785
0.914096	1.948850	2.450233	1.222396	5.339364	-2.623551	-2.677889	4.383763	-0.280153	5.838289
-19.292627	5.093286	-0.428101	1.123532	5.107797	-2.812290	-2.498646	4.192799	-0.267266	5.832182
10.293777	-4.648463	-2.102816	0.844626	4.261396	-2.888591	-2.265458	3.979264	-0.254147	5.825182
18.277336	-4.565641	-2.084807	0.828461	4.210473	-2.889472	-2.253721	3.969194	-0.253553	5.824848
-1.970192	-4.384999	-2.056484	0.811946	4.158520	-2.890139	-2.241873	3.959083	-0.252959	5.824511
-17.340478	4.362965	-0.400402	0.404381	2.990481	-2.862127	-1.994152	3.757950	-0.241482	5.817730
16.503653	-4.247396	0.906868	-0.245626	1.572218	-2.757047	-1.707655	3.542767	-0.229778	5.810283
9.801137	-2.768890	0.690958	-1.240605	-0.225178	-2.537388	-1.332886	3.277562	-0.215910	5.800820
-15.202349	4.458478	-0.024468	-1.652489	-2.011897	-2.209890	-0.918745	2.996815	-0.201666	5.790451
5.474460	4.538448	-0.037126	-1.640783	-2.086922	-2.193059	-0.899841	2.984207	-0.201034	5.789976
15.175523	4.577159	-0.046881	-1.625841	-2.161609	-2.176004	-0.880863	2.971564	-0.200400	5.789500
-15.044546	-0.822731	0.086812	-0.720600	-3.522066	-1.793845	-0.493025	2.715798	-0.187676	5.779693
7.766731	-5.445796	-0.183795	0.883953	-4.508045	-1.326389	-0.086073	2.450938	-0.174615	5.769194
14.976489	-0.806088	-1.177317	1.923121	-4.893349	-0.683280	0.399570	2.136553	-0.159145	5.756258
-14.600473	6.880363	0.397596	0.570662	-4.245217	0.054302	0.897221	1.813421	-0.143165	5.742399
-12.690627	6.603711	0.562691	0.470388	-4.191802	0.089864	0.920438	1.798276	-0.142412	5.741735
14.541546	6.248880	0.734920	0.368780	-4.136569	0.125475	0.943650	1.783126	-0.141659	5.741070
5.703260	-6.119247	3.437408	-1.450998	-2.823794	0.795151	1.377819	1.497841	-0.127373	5.728278
-12.954461	-8.252515	0.795363	-2.242598	-1.174768	1.444836	1.810581	1.208595	-0.112657	5.714792
3.767465	8.895116	-5.954226	-1.538048	0.806212	2.119573	2.307072	0.868002	-0.094931	5.698195
11.956635	-8.050387	-5.575918	0.560567	2.475781	2.640779	2.788190	0.525357	-0.076555	5.680646
-11.969805	-8.829873	-5.238877	0.667336	2.538304	2.659808	2.809676	0.509690	-0.075700	5.679822
11.985158	-9.412001	-4.868112	0.773703	2.599336	2.678368	2.831114	0.494022	-0.074843	5.678996
-13.490856	9.710741	9.048996	2.650036	3.345215	2.952266	3.670748	-0.155137	-0.037938	5.642905
12.591882	-9.120740	-9.743058	-2.458015	0.193867	2.100856	4.375149	-0.792408	0.001666	5.603369
-12.491435	3.887659	-8.476984	-2.533991	0.100661	2.068906	4.389823	-0.807366	0.002645	5.602383
12.386267	9.068569	-7.104904	-2.603248	0.007672	2.036491	4.404396	-0.822320	0.003627	5.601396
4.882413	2.923982	-5.582079	-2.669789	-0.091251	2.001384	4.419837	-0.838277	0.004677	5.600338
-12.147266	-9.010362	-4.069822	-2.728704	-0.189674	1.965785	4.435149	-0.854218	0.005730	5.599279
9.713876	-7.547282	9.703049	-2.669970	-1.625264	1.337035	4.661462	-1.106560	0.022797	5.582054
-0.017240	7.829748	6.929455	-1.024765	-2.612707	0.618120	4.850642	-1.354114	0.040357	5.564266
-6.347486	-6.188258	-8.901819	2.534650	-2.316318	-1.431538	5.142436	-1.977966	0.088955	5.514835
-8.142645	5.594852	8.527651	-2.246172	1.407368	-3.097458	5.082402	-2.556296	0.141238	5.461589
8.519970	-4.230854	5.615813	-2.251654	1.482202	-3.124102	5.076468	-2.568786	0.142463	5.460342
-8.776842	-5.613960	2.600338	-2.246072	1.555150	-3.150106	5.070319	-2.581250	0.143690	5.459094
-9.324761	0.559318	-0.558344	-2.228233	1.631118	-3.177222	5.063499	-2.594563	0.145006	5.457755
9.741796	5.640023	-3.459872	-2.198521	1.704904	-3.203597	5.056428	-2.607854	0.146325	5.456414
-4.690832	2.682578	-5.757295	-2.161271	1.770490	-3.227074	5.049734	-2.619998	0.147535	5.455183
-10.486891	-4.357709	-7.709508	-2.114761	1.834154	-3.249896	5.042832	-2.632117	0.148747	5.453951
15.054473	-6.042008	-8.485039	-0.564502	2.546343	-3.509035	4.912034	-2.812764	0.167365	5.435034
-17.768272	6.646766	8.449096	1.452930	2.723560	-3.583672	4.730546	-2.987305	0.186433	5.415696
-17.552679	-8.992603	-5.114177	1.628435	0.387592	-2.743879	3.915545	-3.458727	0.244578	5.357019
-2.075703	4.200612	-7.083345	-1.203084	-3.409257	-0.889324	2.746191	-3.871567	0.306777	5.294859
13.231740	5.629642	-6.970861	-1.232895	-3.483290	-0.840171	2.715582	-3.880481	0.308281	5.293364
-9.510586	7.293218	-6.865709	-1.259542	-3.555818	-0.790939	2.684870	-3.889355	0.309787	5.291869
-13.056811	9.032170	-6.769068	-1.283029	-3.626472	-0.741863	2.654198	-3.898149	0.311287	5.290379
12.973441	10.639383	-6.681187	-1.303589	-3.695536	-0.692730	2.623427	-3.906901	0.312788	5.288889
-0.776570	6.380669	-5.776895	-1.292663	-4.587999	0.133179	2.092631	-4.048141	0.338239	5.263692
-11.476681	-10.008483	-2.514757	-0.835366	-4.912698	0.937920	1.536944	-4.179391	0.364325	5.237999
6.122229	8.592070	4.937141	0.087222	-4.559811	1.899394	0.799722	-4.332739	0.398748	5.204311
11.810539	-5.203253	-1.584283	1.002433	-3.506876	2.758641	0.049757	-4.468492	0.434236	5.169844
-11.829108	-5.855427	-1.916791	1.034277	-3.444568	2.795467	0.015123	-4.474305	0.435895	5.168240
9.477377	-6.360689	-2.223609	1.064677	-3.381183	2.832043	-0.019514	-4.480079	0.437556	5.166634
12.240646	0.344855	-3.427763	1.346451	-2.001867	3.475404	-0.674401	-4.581977	0.469420	5.135943
-3.916382	2.799939	0.370352	1.065435	-0.362197	4.019957	-1.324003	-4.669594	0.502107	5.104690
-14.036843	-1.700222	2.888188	0.167049	1.709489	4.512008	-2.055724	-4.752056	0.540672	5.068122
16.047709	1.207797	-2.784490	-1.268107	3.901144	4.850041	-2.764767	-4.814495	0.580343	5.030850
4.594873	1.547779	-3.041255	-1.349641	4.006089	4.861968	-2.797470	-4.816930	0.582239	5.029078
-16.288700	1.835387	-3.267892	-1.432553	4.111197	4.873534	-2.830127	-4.819321	0.584137	5.027304
18.895047	-2.938570	-1.287504	-2.943468	6.022310	5.019618	-3.420499	-4.855148	0.619656	4.994261
6.288634	3.594233	4.810163	-3.372771	7.712582	5.032625	-3.983573	-4.874872	0.656027	4.960715
-25.366687	6.992039	3.918630	-1.137222	9.182075	4.873562	-4.591192	-4.877111	0.698902	4.921547
17.095033	-9.145034	-6.966300	3.023709	10.218129	4.517461	-5.149571	-4.856870	0.742910	4.881750
28.372176	-9.099110	-7.108178	3.216415	10.258700	4.495583	-5.174598	-4.855347	0.745015	4.879856
5.308718	-8.888646	-7.177799	3.405964	10.298632	4.473239	-5.199498	-4.853772	0.747122	4.877960
-30.032499	8.250637	0.213530	5.968596	10.936185	3.978645	-5.633887	-4.815486	0.786279	4.842866
-2.608717	11.628393	8.797614	5.376676	11.419387	3.324355	-6.020581	-4.759189	0.826175	4.807329
26.208659	-11.729160	-10.163784	-8.009918	11.436902	1.233248	-6.717961	-4.551770	0.923092	4.721641
-12.600920	3.031125	8.447763	-11.626458	8.501290	-1.243728	-7.061057	-4.234766	1.023091	4.633719
12.179927	8.003789	8.879044	-11.491105	8.389703	-1.299196	-7.064175	-4.226456	1.025335	4.631747
1.608105	9.689141	9.286764	-11.345978	8.275922	-1.354569	-7.067086	-4.218095	1.027578	4.629776
-11.306737	7.968700	9.691229	-11.181753	8.153137	-1.413067	-7.069942	-4.209191	1.029953	4.627690
2.015722	4.085180	10.067601	-11.006509	8.027868	-1.471488	-7.072566	-4.200223	1.032329	4.625603
10.419876	0.706840	10.419962	-10.817699	7.898430	-1.530602	-7.074989	-4.191071	1.034737	4.623487
-9.990412	-0.165578	10.742742	-10.617607	7.766522	-1.589623	-7.077173	-4.181855	1.037147	4.621370
-9.145767	-8.695633	11.956143	-6.666616	5.697390	-2.399595	-7.082071	-4.046705	1.070887	4.591721
0.852171	8.037956	7.721117	-0.813575	3.296118	-3.172447	-7.037108	-3.899698	1.104844	4.561857
3.486798	5.222684	0.292038	8.477549	-0.409195	-4.170168	-6.881672	-3.672157	1.153334	4.519135
-6.187582	-7.352897	-8.926976	15.355418	-4.109462	-5.006388	-6.610618	-3.424044	1.202135	4.476005
5.462658	7.885566	-14.341721	15.705518	-7.557115	-5.647747	-6.198553	-3.146652	1.253070	4.430795
14.046810	-7.377879	5.281289	6.911102	-10.293940	-5.993771	-5.650977	-2.851345	1.304172	4.385184
-14.193895	-8.314721	6.233970	6.361570	-10.396953	-6.001569	-5.622236	-2.837231	1.306548	4.383056
6.788845	-9.121590	7.142809	5.805683	-10.497462	-6.008579	-5.593201	-2.823083	1.308924	4.380928
16.291824	-2.914190	15.078127	-4.928868	-11.855451	-5.983821	-4.999407	-2.552905	1.353325	4.341023
-16.803979	11.746269	5.986814	-13.630374	-12.011549	-5.631445	-4.317506	-2.272446	1.397729	4.300844
15.555114	-13.126569	-14.572016	-16.265322	-10.301533	-4.815813	-3.441568	-1.938661	1.448780	4.254263
-6.165003	-11.188679	-6.392939	-7.795680	-6.524541	-3.647632	-2.488963	-1.595321	1.499671	4.207358
-12.228814	-9.224404	-5.494312	-7.207697	-6.310176	-3.585802	-2.442617	-1.578968	1.502060	4.205144
12.034452	-7.099455	-4.579600	-6.609175	-6.093349	-3.523402	-2.396121	-1.562589	1.504450	4.202928
-8.046214	14.662912	10.227780	5.167386	-1.830387	-2.290733	-1.519529	-1.257803	1.548430	4.161920
4.226380	-14.736796	10.877115	14.513186	2.389792	-0.951912	-0.616870	-0.949023	1.592162	4.120698
-21.292910	14.051587	-6.934777	12.059120	8.889120	2.223025	1.537038	-0.212221	1.694127	4.022583
-24.221237	13.333753	-0.875106	-5.154712	8.658107	4.671689	3.573213	0.520306	1.793675	3.923507
25.089348	-10.324998	0.247357	-5.501016	8.578119	4.712047	3.616911	0.536849	1.795916	3.921233
13.884431	-14.132035	1.338190	-5.837930	8.495073	4.751554	3.660450	0.553380	1.798156	3.918959
-26.898792	-1.204142	2.355254	-6.179251	8.404415	4.792198	3.706079	0.570757	1.800510	3.916565
27.813884	14.196121	3.167915	-6.503989	8.310395	4.831898	3.751526	0.588121	1.802862	3.914172
-8.102026	14.096914	3.656198	-6.764158	8.227992	4.864840	3.789941	0.602843	1.804856	3.912140
-29.306655	6.044160	3.955873	-7.007995	8.143247	4.897077	3.828195	0.617543	1.806848	3.910110
38.215385	-14.883898	-3.911727	-8.296135	6.397609	5.332118	4.440048	0.859061	1.839592	3.876480
-9.743964	16.482943	-0.949755	-4.654809	4.080277	5.585026	5.007536	1.096953	1.871938	3.842771
-39.015705	16.532846	5.402703	2.487717	0.535162	5.642476	5.710199	1.420670	1.916243	3.795731
31.034721	-17.005471	-6.765275	4.903500	-2.430057	5.365834	6.296571	1.734074	1.959654	3.748558
-20.863253	16.795939	-3.975502	3.941681	-4.018238	4.721885	6.776807	2.047482	2.003844	3.699297
13.433775	-7.286150	9.029162	1.689180	-4.144576	3.708146	7.122908	2.345405	2.046897	3.649928
-13.243125	-11.575213	9.340906	1.592095	-4.120535	3.653004	7.135533	2.358566	2.048829	3.647678
13.068996	-15.787344	9.600011	1.497258	-4.094121	3.597040	7.147898	2.371698	2.050760	3.645426
10.399810	14.649117	7.724658	0.141174	-3.202486	2.402054	7.332681	2.614495	2.087033	3.602507
-16.041863	-13.470796	3.689547	-0.499441	-1.795381	1.040228	7.423497	2.842403	2.122328	3.559536
18.240515	-5.394820	-4.633683	-0.621121	0.034352	-0.579893	7.416419	3.083806	2.161556	3.510168
27.217113	10.237677	-12.162985	-0.423288	1.659574	-2.095126	7.295003	3.302043	2.199341	3.460760
-27.392476	10.598044	-12.377241	-0.412606	1.728865	-2.165233	7.285971	3.312366	2.201196	3.458282
27.557139	11.121384	-12.568593	-0.402270	1.796670	-2.234623	7.276660	3.322630	2.203048	3.455803
18.283071	5.002694	-6.164331	-0.161617	2.947966	-4.212970	6.717175	3.670419	2.270702	3.361243
-19.980666	-9.516053	10.218112	-0.165018	0.836003	-4.597160	5.771067	3.936150	2.332186	3.266710
19.772527	-5.690161	10.559734	-0.182805	0.749850	-4.587061	5.740908	3.942115	2.333726	3.264208
7.053310	-1.676036	10.888559	-0.202088	0.662785	-4.576024	5.710489	3.948026	2.335261	3.261705
-6.279038	2.136949	11.191318	-0.222141	0.577997	-4.564498	5.680908	3.953675	2.336736	3.259291
-19.170859	5.647042	11.477785	-0.243663	0.492446	-4.552115	5.651088	3.959274	2.338208	3.256878
-15.872711	9.729210	11.999265	-0.714805	-0.940780	-4.245003	5.143768	4.041835	2.361074	3.218392
14.121997	-10.067894	2.303968	-1.190364	-2.383913	-3.754182	4.579899	4.111901	2.382773	3.179940
-8.582577	3.714517	-10.705861	-1.698928	-3.974823	-2.909538	3.782416	4.184091	2.408885	3.130583
-14.084015	10.986597	-7.509430	-2.059592	-4.929036	-1.898402	2.921260	4.236804	2.432928	3.081307
14.209347	9.350901	-6.736914	-2.070179	-4.951933	-1.848418	2.879796	4.238802	2.434000	3.079006
-14.341349	7.654143	-5.908758	-2.080036	-4.972599	-1.798257	2.838241	4.240760	2.435068	3.076705
-7.250649	-10.906460	8.694229	-2.073760	-4.935517	-0.843184	2.052444	4.269730	2.454022	3.034013
21.197845	10.076578	0.211271	-1.416675	-4.092840	0.126582	1.249360	4.284980	2.471304	2.991403
-2.356137	-2.854455	-6.665010	1.066566	-2.229866	1.210973	0.315399	4.286022	2.489194	2.942162
-19.532966	-2.975238	5.954598	5.008835	0.410183	2.189100	-0.602471	4.269813	2.504770	2.893054
19.205824	-0.200011	5.960068	5.127377	0.542148	2.228884	-0.642405	4.268706	2.505405	2.890883
-18.862547	2.435306	5.850411	5.235510	0.675169	2.268296	-0.682238	4.267567	2.506036	2.888713
9.591408	-0.041366	-5.954789	4.922741	3.459448	2.961150	-1.443652	4.238856	2.517443	2.846381
1.948352	-3.177513	0.854017	-0.074764	6.361680	3.479052	-2.165456	4.198108	2.527111	2.804165
16.875940	-9.862416	10.585169	-8.661255	10.355770	3.777801	-3.653318	4.056535	2.543070	2.705137
18.533835	-10.218363	-10.445214	9.289790	5.645199	2.584560	-4.774151	3.854944	2.549533	2.606862
-20.243361	11.321894	-14.155491	9.559479	5.446269	2.545182	-4.794599	3.849893	2.549569	2.604719
20.422705	8.456578	-16.630585	9.808300	5.243730	2.505365	-4.814877	3.844817	2.549601	2.602576
24.009760	-9.340548	-17.324056	10.067530	5.006236	2.459011	-4.838005	3.838942	2.549632	2.600110
-26.014294	-15.052368	-15.351397	10.296688	4.763946	2.412072	-4.860923	3.833029	2.549657	2.597644
27.648873	0.799576	-11.640664	10.464719	4.558166	2.372468	-4.879885	3.828065	2.549673	2.595585
-5.127259	17.181994	-7.086710	10.611746	4.349083	2.332462	-4.898706	3.823075	2.549685	2.593525
-48.538699	-14.400421	19.949127	10.100189	0.646052	1.646246	-5.179470	3.739816	2.549317	2.560563
57.204953	-39.866142	-2.013084	4.715690	-3.417544	0.895738	-5.421965	3.650530	2.547889	2.527699
18.000549	42.293880	-25.851322	-13.101797	-13.169409	-1.365571	-5.921909	3.359743	2.537831	2.433118
-11.128492	1.617543	19.599923	1.832647	-14.052310	-3.193113	-6.149462	3.024472	2.519073	2.339414
-5.694310	-4.650292	20.742709	2.328065	-13.977889	-3.222096	-6.151614	3.016861	2.518579	2.337423
4.076422	-11.160544	21.858161	2.821826	-13.900213	-3.250555	-6.153659	3.009231	2.518080	2.335432
9.931464	-18.211316	23.053723	3.374155	-13.809055	-3.281920	-6.155829	3.000633	2.517516	2.333195
-9.549109	-24.132275	24.159485	3.922901	-13.713867	-3.312628	-6.157865	2.992013	2.516946	2.330958
-5.280034	-20.792748	24.740631	11.635754	-11.651713	-3.721143	-6.172471	2.849500	2.507051	2.294869
8.367858	10.256766	1.679463	15.513376	-8.730960	-3.974531	-6.153999	2.701294	2.495876	2.258924
-14.013677	-4.283871	-3.707440	14.748322	-3.996499	-4.098162	-6.083638	2.501308	2.479518	2.212600
3.997634	1.548373	-8.222954	8.643513	1.289065	-4.024954	-5.962182	2.292624	2.461044	2.166525
19.244369	0.185883	-8.693375	8.284860	1.516657	-4.018005	-5.955837	2.283500	2.460205	2.164557
-19.368666	-1.384721	-9.182886	7.919485	1.743667	-4.010775	-5.949403	2.274367	2.459364	2.162592
0.515840	-1.718458	-14.736540	-0.771562	6.143123	-3.807374	-5.799657	2.086644	2.441538	2.122969
17.960368	3.700653	1.409081	-10.672291	9.834746	-3.510172	-5.613953	1.893189	2.422155	2.083543
-6.803880	-7.480008	10.021497	-18.267123	12.542696	-3.081493	-5.359003	1.664206	2.397950	2.038447
-11.687022	0.149136	0.223862	-16.898860	13.080281	-2.592538	-5.063293	1.428991	2.371716	1.993622
11.623931	1.622244	-0.395669	-16.648984	13.056823	-2.569667	-5.049087	1.418272	2.370489	1.991611
-1.571762	3.209658	-1.014350	-16.385759	13.029629	-2.546727	-5.034797	1.407535	2.369256	1.989600
-11.778296	17.464721	-8.351219	-9.268417	11.844134	-2.095985	-4.745528	1.198767	2.344723	1.950979
-7.811666	-7.123681	0.767678	0.002011	9.625782	-1.632245	-4.431276	0.986679	2.318689	1.912571
20.582231	-27.708383	11.173201	10.565243	6.206867	-1.087927	-4.040370	0.738359	2.286742	1.868446
-10.548021	-13.476864	-1.520742	18.122482	2.357917	-0.543637	-3.623706	0.487734	2.252822	1.824619
-30.357664	-11.528357	-2.415778	18.355784	2.182358	-0.519237	-3.604370	0.476394	2.251246	1.822650
30.854709	-9.444619	-3.316659	18.578327	2.007006	-0.494857	-3.584991	0.465051	2.249665	1.820680
-23.903867	36.536400	-18.048358	20.511608	-1.270290	-0.029618	-3.203115	0.245939	2.218407	1.782817
-53.116670	30.294289	-17.762161	17.191282	-4.148223	0.421773	-2.807793	0.026771	2.185680	1.745188
66.419827	-41.017169	2.988493	7.120122	-6.711155	0.912959	-2.342845	-0.222888	2.146483	1.702464
-47.740074	37.540567	29.655392	-5.481411	-8.273361	1.368857	-1.867854	-0.470521	2.105400	1.660058
-78.811508	39.693420	30.191294	-6.043197	-8.317790	1.389061	-1.845572	-0.481976	2.103443	1.658092
-55.953218	41.278159	30.613495	-6.599324	-8.359546	1.409181	-1.823263	-0.493433	2.101480	1.656126
-4.417433	5.617379	20.114757	-15.563629	-8.612112	1.766616	-1.403888	-0.706437	2.063996	1.619457
65.224025	-38.049402	-9.785224	-20.608548	-7.757654	2.087167	-0.982894	-0.916224	2.025106	1.583041
95.699769	-37.459374	-38.408069	-19.433908	-5.509232	2.412348	-0.520415	-1.142724	1.980648	1.543220
91.532323	-35.914333	-38.915313	-9.467045	-2.402345	2.728802	-0.062719	-1.363446	1.934509	1.503712
-72.667297	1.243404	36.751931	19.021427	4.108449	3.474820	0.883974	-1.811676	1.830216	1.420266
-17.784327	9.217363	-6.421018	9.142143	6.424319	4.485614	1.757605	-2.219172	1.718448	1.338340
21.080742	-0.852206	-10.953443	8.544640	6.422156	4.512764	1.775985	-2.227720	1.715872	1.336531
-19.581477	-8.783492	-15.396792	7.937831	6.417839	4.540127	1.794298	-2.236236	1.713293	1.334724
17.799216	-2.390570	-20.176521	7.209417	6.409992	4.572728	1.815851	-2.246259	1.710245	1.332592
14.012628	8.286196	-24.200305	6.468786	6.399198	4.605638	1.837329	-2.256247	1.707191	1.330460
-14.655923	6.649761	-26.717519	5.880766	6.388707	4.631619	1.854093	-2.264044	1.704796	1.328792
13.317402	-7.916939	-28.777271	5.286030	6.376441	4.657781	1.870810	-2.271818	1.702398	1.327124
7.346946	4.775372	21.352823	-16.056518	4.610901	5.810583	2.493299	-2.562129	1.604591	1.261392
0.318396	-7.100873	4.893804	-13.777681	0.913507	7.058334	3.021124	-2.812396	1.501963	1.196749
-4.594998	9.303324	-10.436789	-4.774249	-1.890338	7.777597	3.285258	-2.941531	1.437884	1.158367
16.672987	-10.743827	-0.771223	4.298428	-4.666743	8.423322	3.503973	-3.053054	1.372107	1.120399
7.520323	-5.714484	-0.031709	4.663648	-4.786527	8.450688	3.512905	-3.057758	1.369029	1.118656
-13.127809	-0.181299	0.695293	5.021952	-4.905206	8.477808	3.521730	-3.062422	1.365948	1.116914
-18.101040	5.592107	1.420001	5.387354	-5.027546	8.505776	3.530806	-3.067235	1.362737	1.115101
18.566473	10.834053	2.091890	5.744426	-5.148511	8.533450	3.539760	-3.072002	1.359523	1.113291
-24.428007	4.302167	5.038218	10.100470	-6.864426	8.934836	3.666912	-3.142243	1.307605	1.084468
-11.300003	-9.367818	0.873613	11.389980	-8.022431	9.245992	3.762653	-3.200954	1.254706	1.055896
28.441735	0.477671	-2.527523	9.525279	-8.453394	9.486683	3.837196	-3.259177	1.184886	1.019341
-5.924225	3.977926	-1.417470	5.550930	-7.784920	9.525786	3.854283	-3.296757	1.113454	0.983215
-26.232343	4.297490	-1.238213	5.330638	-7.731694	9.522848	3.853707	-3.297967	1.110156	0.981577
26.079249	4.630472	-1.046446	5.107157	-7.676621	9.519507	3.853014	-3.299133	1.106852	0.979938
13.679655	-3.142007	1.926457	0.644537	-6.319695	9.382477	3.818253	-3.312801	1.043637	0.949069
-18.279868	2.455491	-2.208984	-3.303279	-4.468009	9.112274	3.744063	-3.310676	0.979242	0.918530
10.495162	-6.889318	3.725162	-8.147196	1.011839	8.004883	3.428503	-3.246782	0.822804	0.847794
10.497272	-9.029950	0.160098	-4.501200	6.740505	6.345042	2.945440	-3.107956	0.660749	0.778974
-2.423050	2.900590	-1.159504	-4.298431	6.871438	6.300614	2.932415	-3.103883	0.656893	0.777385
-10.932506	9.315565	-2.456040	-4.090629	7.002149	6.255957	2.919319	-3.099776	0.653034	0.775798
8.558975	5.127147	-3.700957	-3.863591	7.141652	6.207960	2.905238	-3.095344	0.648904	0.774101
11.434415	-4.452452	-4.723523	-3.632292	7.280889	6.159705	2.891078	-3.090872	0.644772	0.772406
-11.652482	-9.708150	-5.365074	-3.433948	7.398415	6.118701	2.879041	-3.087059	0.641276	0.770974
11.870804	-9.883403	-5.759145	-3.233573	7.515743	6.077516	2.866948	-3.083218	0.637778	0.769542
-17.525362	11.808728	6.135000	-0.107201	9.345133	5.401845	2.668076	-3.018586	0.582077	0.746982
-18.003695	-13.226243	-0.487560	2.237455	11.109010	4.686053	2.456476	-2.947121	0.525884	0.724646
21.023413	2.419330	-6.222278	4.887738	13.421047	3.635570	2.144334	-2.837300	0.447142	0.694024
14.199882	14.006807	-1.417114	7.787867	15.539524	2.530950	1.814105	-2.715994	0.367597	0.663844
-23.426778	13.918005	4.936733	9.038181	17.516475	1.325093	1.451246	-2.577039	0.283130	0.632577
-1.350621	-11.024136	4.859267	6.144508	19.185326	0.089772	1.076828	-2.427573	0.197954	0.601811
22.690868	-11.296153	4.655028	5.920811	19.251618	0.034130	1.059896	-2.420667	0.194133	0.600448
-8.393631	-11.347405	4.432380	5.689884	19.317192	-0.021577	1.042938	-2.413737	0.190308	0.599085
-21.107373	3.848205	-1.592331	0.164907	20.430410	-1.107671	0.711503	-2.275654	0.115821	0.572829
-2.857180	8.764656	-3.205867	-6.065167	21.210379	-2.200281	0.377773	-2.131321	0.040940	0.546961
16.684051	-7.982499	3.713387	-11.513578	21.639987	-3.458038	-0.004215	-1.959012	-0.045364	0.517769
-14.713585	-2.088776	-1.403274	-12.821365	21.508714	-4.713724	-0.381202	-1.780567	-0.132013	0.489100
7.591421	-1.160740	-1.822252	-12.804979	21.488090	-4.770918	-0.398264	-1.772272	-0.135985	0.487800
14.576526	-0.234399	-2.241284	-12.784244	21.466116	-4.828114	-0.415319	-1.763961	-0.139960	0.486501
-13.689882	8.783583	-7.531186	-11.961165	20.789057	-5.906189	-0.735118	-1.604168	-0.215602	0.462020
-13.685816	6.348484	-2.126828	-11.247805	19.599629	-6.959962	-1.044778	-1.441374	-0.291373	0.437943
13.582207	-3.574997	10.877931	-10.115640	17.557233	-8.129870	-1.385271	-1.251066	-0.378746	0.410709
-9.075553	-15.521001	19.364802	-7.492818	14.753793	-9.236876	-1.704226	-1.058878	-0.466115	0.384021
-13.949601	-15.878563	19.481405	-7.317031	14.606302	-9.285855	-1.718262	-1.050040	-0.470120	0.382811
13.964370	-16.206420	19.567528	-7.135576	14.457116	-9.334665	-1.732244	-1.041200	-0.474124	0.381602
3.349173	-17.875313	15.764943	-2.764948	11.330864	-10.224675	-1.985997	-0.873755	-0.549854	0.358936
-14.354611	-12.726047	3.477509	2.869631	7.702753	-11.043090	-2.217144	-0.706558	-0.625443	0.336691
14.567528	1.240672	-16.301470	9.969537	3.024868	-11.885660	-2.452405	-0.514613	-0.712539	0.311516
8.683626	26.450205	-34.817442	16.591122	-2.015698	-12.601768	-2.649344	-0.325115	-0.799269	0.286915
-9.786365	27.261245	-35.471029	16.858645	-2.247894	-12.630691	-2.657218	-0.316682	-0.803154	0.285824
-14.923535	28.004484	-36.102088	17.122757	-2.480474	-12.659324	-2.665005	-0.308256	-0.807037	0.284734
15.342027	30.790422	-43.327164	21.394790	-7.007522	-13.151174	-2.797314	-0.147917	-0.881462	0.264021
9.975775	20.938857	-39.938960	23.730476	-11.585945	-13.524848	-2.894771	0.008964	-0.955479	0.243745
-16.669696	3.611716	-20.972408	23.614169	-16.832115	-13.796347	-2.960585	0.185849	-1.040795	0.220765
17.580027	-15.047779	12.542917	20.060974	-21.785075	-13.877731	-2.971695	0.356355	-1.125389	0.198385
12.013051	-16.090629	14.238545	19.804400	-22.004587	-13.876611	-2.970817	0.364136	-1.129311	0.197357
-17.670299	-17.182582	15.931621	19.539377	-22.222901	-13.875040	-2.969813	0.371902	-1.133231	0.196331
18.541978	-38.828990	43.249899	13.071634	-26.009123	-13.761852	-2.929134	0.512680	-1.205306	0.177606
18.361546	-30.748551	53.797617	3.409250	-29.220898	-13.478275	-2.848450	0.648365	-1.276707	0.159335
-20.650814	11.045546	41.388639	-11.127180	-32.016710	-12.916046	-2.708777	0.799131	-1.358515	0.138739
7.976552	36.559385	0.407084	-24.141434	-33.585409	-12.079758	-2.523848	0.942894	-1.439246	0.118763
21.964619	34.712381	-1.981312	-24.576494	-33.622116	-12.036655	-2.514819	0.949006	-1.442742	0.117905
-13.192852	32.483431	-4.407340	-24.996091	-33.655999	-11.992983	-2.505714	0.955103	-1.446236	0.117049
-23.178283	-33.728235	-46.499375	-29.333866	-33.708053	-11.014238	-2.309996	1.073110	-1.514982	0.100336
24.377386	-13.551519	-45.385175	-24.457582	-32.507209	-9.835667	-2.087080	1.185754	-1.582788	0.084095
4.077084	25.733032	-7.849791	-9.931091	-29.693173	-8.256893	-1.798790	1.309426	-1.660058	0.065883
-27.070778	2.496148	27.647789	8.019854	-25.597036	-6.490222	-1.482505	1.425733	-1.735892	0.048317
-11.101132	-0.314040	28.590828	8.805086	-25.385371	-6.406485	-1.467594	1.430824	-1.739290	0.047536
27.180918	-3.086215	29.448339	9.582908	-25.171630	-6.322455	-1.452636	1.435899	-1.742685	0.046758
-3.086283	-16.267638	26.537281	22.493088	-20.730632	-4.669801	-1.158867	1.529738	-1.806809	0.032167
-27.831697	12.545718	-4.985244	30.072065	-15.708764	-2.940677	-0.850869	1.617950	-1.869722	0.018066
25.371428	1.195690	-12.293856	29.356527	-9.371075	-0.880834	-0.480479	1.712947	-1.940949	0.002365
11.970071	-6.120316	0.524324	19.219166	-2.655585	1.200319	-0.099488	1.800241	-2.010382	-0.012666
-18.947175	-4.547840	1.092043	18.616456	-2.348552	1.293912	-0.082142	1.803992	-2.013468	-0.013328
18.562040	-2.798106	1.638832	18.005671	-2.041379	1.387455	-0.064784	1.807727	-2.016549	-0.013988
-9.750118	4.208850	5.010273	5.709763	3.822068	3.162152	0.269023	1.876132	-2.074756	-0.026353
-5.539730	-3.122923	-4.203963	-5.624698	9.518830	4.889426	0.604104	1.938705	-2.131520	-0.038212
8.409092	3.336100	7.665575	-26.888237	21.169121	8.638015	1.387903	2.063748	-2.260345	-0.064317
10.908232	-8.629017	-13.997330	-18.762077	28.331039	11.587901	2.123454	2.155315	-2.380409	-0.087489
-12.098133	4.599556	-11.349165	-18.255743	28.427086	11.639126	2.138259	2.156893	-2.382859	-0.087948
-9.684383	8.990916	-8.537499	-17.738085	28.520741	11.689820	2.153023	2.158455	-2.385305	-0.088407
0.217960	4.885848	-5.288458	-17.144511	28.623049	11.746106	2.169555	2.160191	-2.388047	-0.088920
16.098860	-3.496154	-2.073958	-16.538877	28.722391	11.801746	2.186046	2.161909	-2.390785	-0.089431
-17.410533	-9.614986	0.794313	-15.958396	28.813271	11.853576	2.201547	2.163511	-2.393362	-0.089912
18.706029	-8.749946	3.402402	-15.370285	28.901390	11.904759	2.216991	2.165095	-2.395932	-0.090391
-29.124514	13.182448	16.228639	-6.446848	29.889610	12.590415	2.440804	2.186614	-2.433584	-0.097332
-48.093097	8.366810	2.296409	0.971870	30.264391	13.125684	2.652840	2.204330	-2.470186	-0.103936
62.558739	-20.702160	-17.823574	8.988060	29.729164	13.600465	2.925603	2.222630	-2.519352	-0.112564
62.581775	-26.388925	-2.514190	15.540835	27.890498	13.761887	3.168824	2.233520	-2.566436	-0.120533
-60.130323	29.407636	16.988743	19.447124	24.457739	13.619940	3.387758	2.236981	-2.613488	-0.128160
31.445835	-30.184048	-13.804198	18.045542	19.469874	13.189034	3.567760	2.232340	-2.658270	-0.135051
52.096344	-30.245410	-14.950312	17.802182	19.201476	13.161930	3.575317	2.231920	-2.660334	-0.135358
29.184439	-29.600931	-15.942980	17.540500	18.930592	13.134241	3.582786	2.231482	-2.662393	-0.135665
-42.101821	28.982453	-13.166726	10.017789	13.583476	12.525293	3.704692	2.220232	-2.699306	-0.140989
1.052335	2.909172	6.368694	-0.041437	7.764415	11.737166	3.798162	2.202910	-2.734549	-0.145749
20.536880	-22.327559	12.914385	-9.502691	0.906382	10.625458	3.871586	2.175374	-2.773228	-0.150541
-12.746583	17.856254	-10.486528	-13.178004	-5.581468	9.323643	3.908708	2.139952	-2.809734	-0.154566
0.565418	17.786924	-11.074910	-13.176290	-5.847497	9.262993	3.909510	2.138236	-2.811276	-0.154724
12.304926	17.500506	-11.565320	-13.160051	-6.111574	9.202077	3.910244	2.136506	-2.812813	-0.154881
-4.220917	0.043946	-6.135970	-10.302415	-10.915890	7.936549	3.910921	2.099434	-2.842394	-0.157672
-10.916841	-10.764538	9.219882	-4.537310	-14.741341	6.567927	3.885520	2.057109	-2.870408	-0.159884
14.074958	8.225307	8.661678	2.330418	-17.707684	4.869963	3.823761	2.001649	-2.901026	-0.161724
4.960032	-6.821433	2.101476	6.588169	-18.828597	3.082057	3.727952	1.939830	-2.929586	-0.162771
-17.825501	-6.873672	1.938406	6.707560	-18.831389	2.997879	3.722723	1.936833	-2.930854	-0.162800
17.965911	-6.759477	1.795777	6.820072	-18.829667	2.913624	3.717427	1.933825	-2.932116	-0.162827
6.480973	2.889872	1.522459	7.716014	-17.982483	1.318554	3.605547	1.875367	-2.954914	-0.163025
-20.892466	6.767967	1.222843	6.554303	-15.717402	-0.303895	3.469359	1.812771	-2.976233	-0.162626
20.908706	-7.169879	-2.637440	3.310181	-11.811290	-2.182607	3.281434	1.735300	-2.999137	-0.161410
4.164642	6.956781	-0.264851	-0.853243	-7.168853	-4.010918	3.061967	1.652993	-3.020108	-0.159379
-20.040190	7.258625	-0.123386	-1.026266	-6.955389	-4.090458	3.051461	1.649218	-3.020998	-0.159270
-16.723579	7.450446	0.009487	-1.196344	-6.741847	-4.169797	3.040894	1.645434	-3.021884	-0.159159
18.829840	-1.045791	0.892224	-3.652459	-2.656534	-5.666916	2.823216	1.570138	-3.038376	-0.156674
15.493036	-7.150674	0.007539	-3.922928	1.041841	-7.054393	2.582759	1.491787	-3.053455	-0.153574
-16.062238	-6.222472	-0.123576	-2.236134	4.525450	-8.465946	2.280364	1.398765	-3.068991	-0.149272
14.937951	0.294504	0.119684	0.144978	7.047986	-9.644920	1.949331	1.302468	-3.082727	-0.144162
10.686054	0.699472	0.130243	0.249276	7.139661	-9.693461	1.933195	1.297901	-3.083324	-0.143904
-14.859162	1.098988	0.140613	0.351941	7.228951	-9.741419	1.916988	1.293325	-3.083918	-0.143644
-2.132868	5.101767	0.218398	1.839942	8.428338	-10.518867	1.602654	1.206620	-3.094316	-0.138456
14.229387	2.303209	-0.129555	2.229098	8.706962	-11.050155	1.267399	1.117993	-3.103372	-0.132658
-14.424103	-3.756181	-1.061874	1.404642	8.049039	-11.342228	0.855161	1.013690	-3.112173	-0.125213
-10.376430	3.251931	-1.440857	-0.048163	6.638320	-11.311424	0.416296	0.907564	-3.119226	-0.116964
14.889505	3.302329	-1.343598	-0.115546	6.560791	-11.302747	0.395534	0.902657	-3.119508	-0.116566
-9.937347	3.284518	-1.230173	-0.182363	6.482385	-11.293455	0.374718	0.897748	-3.119786	-0.116166
-15.412476	-3.136564	2.058534	-1.254577	4.879034	-11.007152	-0.027613	0.804594	-3.124359	-0.108317
15.944603	-3.211996	2.411241	-1.727723	3.183226	-10.524946	-0.445931	0.710646	-3.127646	-0.099877
7.513892	3.668171	-0.540805	-1.467782	1.394560	-9.769822	-0.934952	0.603616	-3.129831	-0.089611
-17.078450	3.878056	-3.177109	-0.605094	-0.084629	-8.823058	-1.435862	0.496270	-3.130397	-0.078604
17.525780	-4.329136	-1.922633	0.595462	-1.191260	-7.727968	-1.939087	0.390050	-3.129376	-0.066984
3.079601	4.698880	3.053339	1.768304	-1.947830	-6.506611	-2.445243	0.284243	-3.126798	-0.054653
-17.393775	4.765769	3.182253	1.815701	-1.974921	-6.446836	-2.468945	0.279304	-3.126640	-0.054058
-17.880907	4.734994	3.289021	1.862067	-2.001260	-6.386896	-2.492626	0.274371	-3.126478	-0.053462
18.056791	-5.083976	2.112182	2.583373	-2.371845	-5.156745	-2.963661	0.176367	-3.122544	-0.041255
-4.644331	2.167435	-0.950159	2.972631	-2.444345	-3.889389	-3.429602	0.079356	-3.117278	-0.028443
-18.108109	2.781307	-1.077514	2.984634	-2.440233	-3.826866	-3.452280	0.074625	-3.116985	-0.027799
18.107146	3.377091	-1.200058	2.996037	-2.435412	-3.764382	-3.474920	0.069900	-3.116690	-0.027153
10.451200	5.422049	-2.230183	3.192531	-2.203629	-2.548081	-3.911363	-0.021510	-3.110298	-0.014290
-17.821113	-2.574485	-0.311373	3.440129	-1.724983	-1.341303	-4.336508	-0.111461	-3.102711	-0.000886
12.689645	-5.454069	1.292148	2.720012	-0.900444	0.025468	-4.808617	-0.213020	-3.092495	0.015230
16.808435	4.259148	-0.935006	-0.065133	0.123429	1.351683	-5.256882	-0.311907	-3.080720	0.032046
-16.775026	4.843053	-1.007891	-0.228869	0.172022	1.412127	-5.277071	-0.316434	-3.080134	0.032845
-6.852092	5.352862	-1.068593	-0.394222	0.220474	1.472450	-5.297198	-0.320955	-3.079546	0.033645
15.999313	3.222371	-0.309987	-3.414856	1.064066	2.576998	-5.661759	-0.404277	-3.067917	0.048900
6.130801	-4.966443	1.872762	-5.069501	1.657263	3.628603	-6.001229	-0.484992	-3.055131	0.064672
-13.408290	-1.902991	2.669562	-3.820059	1.847234	4.751227	-6.353932	-0.573573	-3.039143	0.083293
11.254124	4.053306	-1.376107	0.944483	1.558669	5.775623	-6.665271	-0.658037	-3.021679	0.102569
6.855066	2.513905	-1.683167	1.200022	1.534898	5.821252	-6.678893	-0.661923	-3.020816	0.103497
-11.017950	0.933677	-1.996501	1.454132	1.510314	5.866575	-6.692403	-0.665797	-3.019951	0.104425
8.698366	-3.416010	-5.655243	5.374896	0.920610	6.651282	-6.922417	-0.735363	-3.003420	0.121805
6.687005	2.800402	-0.464927	6.618425	0.113209	7.334062	-7.114115	-0.801231	-2.985790	0.139671
-17.768345	-2.216382	5.636225	1.405651	-2.173858	8.498285	-7.397010	-0.940600	-2.939872	0.183740
-19.714828	5.273273	11.630625	-6.610302	-3.729865	8.953660	-7.408581	-1.054989	-2.888025	0.230404
20.249252	-3.470600	10.832080	-6.744042	-3.744173	8.955001	-7.405347	-1.057296	-2.886774	0.231499
8.393122	-5.550293	9.946112	-6.873157	-3.757241	8.955920	-7.401950	-1.059589	-2.885520	0.232595
-21.411410	-1.053334	8.833127	-7.012269	-3.770461	8.956451	-7.397925	-1.062156	-2.884102	0.233832
22.029690	5.328022	7.618484	-7.143715	-3.782063	8.956445	-7.393691	-1.064708	-2.882680	0.235071
6.244386	6.021751	6.542415	-7.247069	-3.790503	8.956026	-7.389988	-1.066831	-2.881487	0.236109
-23.050249	3.748049	5.420045	-7.343718	-3.797768	8.955230	-7.386140	-1.068941	-2.880291	0.237149
30.123676	-8.755584	-10.960449	-7.525186	-3.753378	8.893896	-7.306860	-1.100504	-2.861159	0.253629
28.947208	-3.566729	-8.502240	-4.368530	-3.419187	8.743634	-7.192780	-1.129144	-2.841371	0.270392
-41.783847	18.108409	8.392811	2.580028	-2.625492	8.400145	-6.981478	-1.163896	-2.813085	0.293916
-41.892528	19.338283	7.795949	7.152050	-1.661883	7.909623	-6.710776	-1.193422	-2.783584	0.317962
40.782388	-21.659963	-5.205944	4.084957	-0.658788	7.253046	-6.368429	-1.218897	-2.751458	0.343656
-20.567063	22.078761	3.541069	-3.828796	0.433318	6.463598	-5.969819	-1.239054	-2.718041	0.369904
-36.878500	22.043222	3.871890	-4.127761	0.490861	6.422559	-5.949322	-1.239892	-2.716403	0.371180
-15.857708	21.459040	4.139551	-4.406840	0.549007	6.381246	-5.928706	-1.240719	-2.714761	0.372456
31.753804	-20.617690	1.705646	-6.176120	1.732529	5.584504	-5.533678	-1.253713	-2.684417	0.395883
-26.172578	13.475566	-2.901258	-3.434756	3.177319	4.707748	-5.102367	-1.262947	-2.653120	0.419721
-17.582957	14.166784	-3.060696	1.968389	4.946399	3.618664	-4.568174	-1.269067	-2.616166	0.447491
15.327128	-9.765529	2.299743	5.236830	6.538216	2.451505	-3.994787	-1.270627	-2.578015	0.475781
-10.987881	-9.799121	2.393722	5.241892	6.604489	2.394007	-3.966476	-1.270590	-2.576162	0.477146
-15.007684	-9.696143	2.455098	5.228531	6.669642	2.336328	-3.938067	-1.270544	-2.574305	0.478514
13.207179	0.578644	0.167343	2.437711	7.609224	1.260622	-3.406533	-1.267976	-2.539966	0.503657
-2.584600	3.655224	-1.407023	-2.253295	7.934968	0.145970	-2.851824	-1.262228	-2.504758	0.529181
-13.907331	-1.920238	1.477952	-4.958065	7.277298	-1.176800	-2.186921	-1.251816	-2.463081	0.559096
14.010360	1.831323	-2.375159	-2.630457	5.335496	-2.508185	-1.499605	-1.237544	-2.420294	0.589501
15.131326	1.647564	-2.504163	-2.456459	5.216498	-2.571129	-1.466419	-1.236773	-2.418230	0.590960
-15.175333	1.394604	-2.610408	-2.281640	5.095611	-2.633967	-1.433214	-1.235993	-2.416166	0.592419
15.680179	-3.222340	-2.192985	0.872769	2.646943	-3.756438	-0.825177	-1.220461	-2.378341	0.619045
13.253050	2.345161	-1.223588	3.644373	-0.030702	-4.832362	-0.207025	-1.202352	-2.339727	0.646024
-15.347894	8.824769	2.078668	5.816451	-3.039061	-5.987976	0.516682	-1.178362	-2.294109	0.677658
-4.411082	-1.810783	10.126833	6.340432	-5.617644	-7.013906	1.245529	-1.151295	-2.247488	0.709745
14.720279	-2.694149	10.570260	6.316722	-5.730193	-7.060380	1.281429	-1.149888	-2.245169	0.711335
1.804065	-3.598618	11.012149	6.288076	-5.841384	-7.106478	1.317351	-1.148473	-2.242847	0.712926
-14.172898	-16.264792	17.621834	4.930446	-7.569854	-7.851442	1.953605	-1.122267	-2.201303	0.741313
13.847856	-6.114410	18.859571	1.937466	-8.821584	-8.443711	2.587126	-1.094016	-2.159034	0.770031
-13.956891	22.189293	8.414542	-2.877743	-9.635292	-8.904029	3.306146	-1.059296	-2.109728	0.803340
-11.844797	15.551322	-14.814244	-7.360811	-9.743531	-9.101253	4.014008	-1.022257	-2.059515	0.837069
14.944535	13.215515	-15.816253	-7.523437	-9.730649	-9.103714	4.046056	-1.020510	-2.057197	0.838621
-15.013602	10.742858	-16.787976	-7.680644	-9.716164	-9.105595	4.078052	-1.018761	-2.054879	0.840173
-10.574309	-25.423558	-25.541617	-9.391337	-9.118669	-9.034118	4.682209	-0.984565	-2.010310	0.869949
19.153777	6.207575	-8.964771	-8.131634	-7.900518	-8.770035	5.273465	-0.948901	-1.965091	0.900031
0.191190	25.179866	17.120810	-4.258672	-5.971188	-8.276340	5.907842	-0.908080	-1.914561	0.933505
-25.692995	5.936392	25.913121	0.643599	-3.610330	-7.591648	6.522657	-0.865811	-1.863287	0.967333
29.151896	-22.038931	20.213540	5.391851	-0.896063	-6.698898	7.140398	-0.820405	-1.809083	1.002956
-16.545395	18.786936	9.818817	9.414897	1.864820	-5.648139	7.732403	-0.773810	-1.754118	1.038949
-29.598393	19.336109	9.387141	9.577674	1.987858	-5.597062	7.758648	-0.771668	-1.751604	1.040593
-32.385897	19.544734	8.965739	9.738557	2.110528	-5.545714	7.784834	-0.769524	-1.749088	1.042237
34.178889	-13.046225	2.170335	12.422633	4.356473	-4.515508	8.273777	-0.728193	-1.700720	1.073802
13.221921	-15.459607	-5.821987	14.271449	6.319372	-3.403527	8.739897	-0.686257	-1.651818	1.105631
-33.993930	13.433586	-15.851829	15.188103	8.047241	-2.041605	9.246983	-0.637327	-1.594799	1.142646
30.649898	-0.670535	-7.799830	14.728465	9.029863	-0.618268	9.719407	-0.587963	-1.537118	1.179995
-4.645357	-2.960216	-7.148787	14.679022	9.056686	-0.550323	9.740707	-0.585637	-1.534393	1.181757
-30.192761	-5.184838	-6.493391	14.627470	9.081791	-0.482257	9.761940	-0.583309	-1.531664	1.183521
24.970888	-10.481357	4.488434	13.358926	9.245458	0.784422	10.138743	-0.540280	-1.481065	1.216207
-18.784677	0.479458	9.088361	11.681310	8.885597	2.059311	10.486035	-0.497218	-1.430008	1.249130
-13.240418	5.334138	5.106184	9.408769	7.921908	3.515417	10.848178	-0.447648	-1.370538	1.287411
7.726380	7.508817	-4.094889	6.272462	6.490031	4.926416	11.166709	-0.398398	-1.310501	1.325993
-7.607746	6.650447	-4.479961	6.086199	6.410685	4.993317	11.181038	-0.396017	-1.307569	1.327876
-1.840148	5.620157	-4.846588	5.896212	6.330542	5.060035	11.195258	-0.393636	-1.304636	1.329759
7.088568	-6.469221	-5.449042	1.788974	4.780197	6.218093	11.430605	-0.351355	-1.252041	1.363509
-8.945478	5.434155	5.297605	-3.558593	3.056778	7.302789	11.629643	-0.309610	-1.199060	1.397472
12.707455	-4.266424	1.811825	-9.482138	0.961816	8.439904	11.811544	-0.262474	-1.137727	1.436751
-16.738986	3.228399	-6.045678	-14.147356	-1.144988	9.439342	11.941195	-0.216415	-1.075930	1.476293
16.902382	3.380831	-6.113214	-14.321993	-1.241580	9.482219	11.945927	-0.214297	-1.073038	1.478143
11.105872	3.427756	-6.134909	-14.492199	-1.337935	9.524747	11.950540	-0.212181	-1.070145	1.479994
-19.285776	-3.460914	-1.605862	-16.942759	-3.077147	10.251396	12.014517	-0.173254	-1.015998	1.514619
7.680969	4.378817	1.839445	-18.453593	-4.653188	10.841426	12.035532	-0.135434	-0.961540	1.549429
18.310798	0.023820	7.456560	-19.862830	-6.168202	11.333379	12.004446	-0.093351	-0.898396	1.589781
-14.032477	-10.217364	7.509160	-21.450768	-7.248371	11.602726	11.911760	-0.052940	-0.834883	1.630365
-2.341108	-7.485246	7.188178	-21.519055	-7.288451	11.609882	11.905530	-0.050984	-0.831732	1.632378
13.429921	-4.612202	6.832430	-21.585077	-7.327167	11.616437	11.899143	-0.049032	-0.828580	1.634393
-6.931441	14.715764	-1.754257	-22.177259	-7.767853	11.630962	11.762828	-0.015701	-0.773564	1.669550
-4.591489	8.113540	-6.935884	-21.018402	-7.736259	11.447673	11.579840	0.016404	-0.718310	1.704867
8.397716	-6.602923	-6.069778	-8.253413	-6.020819	10.237564	10.970391	0.087738	-0.586389	1.789247
17.756416	-41.831545	0.758128	12.577088	-2.750746	8.123527	10.136628	0.152421	-0.453457	1.874408
-19.085098	-29.205685	0.939866	13.020991	-2.663761	8.065556	10.114777	0.153849	-0.450353	1.876399
-11.545199	-25.411079	1.121121	13.459363	-2.576404	8.007195	10.092806	0.155274	-0.447246	1.878391
21.939253	-25.107560	1.315957	13.928924	-2.481112	7.943367	10.068805	0.156819	-0.443870	1.880556
-11.676282	-18.727258	1.506825	14.390692	-2.385532	7.879167	10.044694	0.158358	-0.440495	1.882721
-24.758406	-3.474469	1.672021	14.794806	-2.300247	7.821726	10.023145	0.159724	-0.437492	1.884647
26.062073	20.651327	1.831720	15.192469	-2.214712	7.763969	10.001499	0.161087	-0.434490	1.886573
-42.834964	45.018163	2.793565	20.184924	-0.921192	6.869953	9.668427	0.180958	-0.389814	1.915244
21.529190	-47.172894	0.150180	22.914436	0.389313	5.915792	9.314870	0.200113	-0.345064	1.943988
64.785509	-47.232083	-2.177788	21.557034	2.184285	4.499962	8.788903	0.225674	-0.282471	1.984240
-29.866967	26.124103	1.879727	13.670256	3.865015	3.007113	8.227804	0.249874	-0.219765	2.024624
-64.054303	44.927705	2.955746	1.636885	5.398743	1.379220	7.603186	0.273864	-0.153751	2.067211
49.248706	-41.697968	-4.145752	-9.744345	6.572853	-0.283191	6.946162	0.296389	-0.087666	2.109925
55.435706	-41.185645	-4.172006	-10.249913	6.620191	-0.367244	6.912320	0.297484	-0.084340	2.112076
35.155932	-39.528884	-4.134745	-10.747133	6.666294	-0.451316	6.878406	0.298575	-0.081015	2.114228
-45.453968	37.466167	2.065438	-17.862826	7.248062	-1.888058	6.287819	0.316659	-0.024165	2.151051
35.304112	-21.772489	6.959333	-22.026126	7.387477	-3.313797	5.678060	0.333690	0.032698	2.187954
33.546736	-27.729928	2.270861	-22.122352	6.912663	-4.936618	4.948834	0.352160	0.098711	2.230891
-16.326677	20.511425	-9.459870	-17.145621	5.763420	-6.506720	4.199809	0.369249	0.164697	2.273919
16.051059	21.487650	-9.606715	-16.791158	5.694447	-6.579510	4.163878	0.370025	0.167823	2.275960
2.715733	22.136190	-9.677710	-16.426641	5.624305	-6.652139	4.127909	0.370798	0.170949	2.278002
-12.703870	-0.470856	-0.984517	-8.567034	4.167388	-7.942082	3.468062	0.384319	0.227745	2.315142
12.696983	-14.653574	10.191007	-0.281516	2.442703	-9.166594	2.798257	0.396846	0.284482	2.352337
13.288956	-1.703249	5.830714	7.052029	0.247721	-10.493836	2.009017	0.410190	0.350415	2.395683
-14.643525	8.346176	-5.327861	11.958195	-1.980537	-11.698488	1.212426	0.422227	0.416218	2.439086
-8.112842	8.272162	-5.677170	12.142247	-2.083180	-11.751819	1.174836	0.422761	0.419309	2.441129
14.722655	8.142503	-5.996675	12.322741	-2.185492	-11.804837	1.137237	0.423292	0.422400	2.443171
10.257411	0.538265	-7.170792	15.100434	-3.984569	-12.716960	0.448449	0.432512	0.478866	2.480547
-14.337524	-4.666290	-1.843984	17.197239	-5.597643	-13.512018	-0.241046	0.440795	0.535200	2.517952
9.837546	3.182226	3.943999	19.119604	-7.145301	-14.274432	-1.041533	0.449272	0.600569	2.561509
12.313858	-1.172232	-1.684456	19.982098	-8.227765	-14.844272	-1.836852	0.456519	0.665711	2.605090
-12.282762	-1.458600	-1.920655	19.940397	-8.265111	-14.866030	-1.874085	0.456830	0.668769	2.607140
4.702153	-1.698103	-2.128612	19.887785	-8.301147	-14.887319	-1.911299	0.457139	0.671827	2.609191
12.007053	-1.204121	-1.783318	16.763233	-8.731634	-15.190734	-2.585102	0.462287	0.727402	2.646531
-12.286517	-0.435592	0.845107	8.698767	-8.745297	-15.327529	-3.250398	0.466563	0.782772	2.683874
18.092088	-0.699591	1.100033	-18.730434	-7.128270	-14.979054	-4.792899	0.473318	0.913933	2.772932
18.572295	-0.818715	1.992961	-1.964853	-3.431017	-13.786565	-6.261430	0.475362	1.043618	2.861900
-1.945490	0.669935	0.891400	-0.966713	-3.335178	-13.751606	-6.293108	0.475355	1.046476	2.863872
-18.761293	1.037750	-0.179034	0.051288	-3.238970	-13.716277	-6.324767	0.475346	1.049335	2.865845
18.856847	-0.281951	-1.133552	1.101444	-3.140669	-13.679932	-6.356976	0.475335	1.052247	2.867854
18.589820	-1.271608	-1.880379	2.159129	-3.042025	-13.643207	-6.389166	0.475321	1.055160	2.869865
-19.043831	-0.486267	-2.382575	3.254644	-2.939622	-13.604809	-6.422451	0.475304	1.058174	2.871947
19.131662	2.500418	-2.621738	4.344518	-2.836898	-13.566007	-6.455712	0.475285	1.061190	2.874030
-7.599518	3.498812	4.367338	16.403251	-1.372206	-12.978682	-6.920515	0.474752	1.103663	2.903429
-19.341411	-5.567001	-5.752619	17.126484	0.076525	-12.320838	-7.376373	0.473731	1.145940	2.932807
-3.622015	0.911647	-8.737453	6.612107	1.999235	-11.284044	-8.003047	0.471479	1.205138	2.974142
15.373030	10.636722	1.726330	-3.628975	3.769811	-10.130559	-8.611465	0.468288	1.263908	3.015419
-10.476802	10.422081	11.732118	-10.998319	5.535280	-8.752147	-9.255319	0.463748	1.327639	3.060466
-12.459968	-7.869510	13.615596	-14.432298	7.127487	-7.268266	-9.876616	0.458126	1.390806	3.105423
12.477719	-9.285085	13.497313	-14.497535	7.197683	-7.196689	-9.905072	0.457838	1.393742	3.107520
4.386790	-10.574053	13.361620	-14.554425	7.267565	-7.124878	-9.933495	0.457547	1.396678	3.109618
-13.629532	-14.839077	8.739393	-14.388216	8.389753	-5.891988	-10.403406	0.452314	1.445801	3.144827
0.095247	-6.863136	0.938280	-12.614485	9.409160	-4.614685	-10.858972	0.446438	1.494546	3.179967
19.320929	5.528451	-8.439846	-9.396347	10.456972	-3.040461	-11.384820	0.438579	1.552339	3.221904
-12.760304	14.391943	-12.470107	-6.295808	11.267851	-1.429608	-11.889587	0.429829	1.609554	3.263727
-25.870897	12.821363	-5.593815	-4.662464	11.785378	0.187317	-12.368383	0.420299	1.665626	3.305025
27.425234	-8.548767	9.041104	-3.471085	11.967248	1.811586	-12.825921	0.409923	1.721095	3.346196
-7.854293	-10.341768	9.480392	-3.398495	11.966665	1.888496	-12.847069	0.409411	1.723708	3.348144
-27.473880	-12.066306	9.867104	-3.323186	11.965209	1.965338	-12.868156	0.408897	1.726318	3.350090
27.003921	-11.064284	8.271272	-1.330268	11.748386	3.479487	-13.275105	0.398352	1.777639	3.388506
-2.230808	9.316951	-1.682145	1.216408	11.142819	4.977627	-13.662894	0.387088	1.828403	3.426797
-25.024144	9.217963	-2.156438	1.347695	11.101460	5.052068	-13.681803	0.386505	1.830930	3.428711
-0.364796	8.925347	-2.616243	1.478875	11.058977	5.126497	-13.700675	0.385920	1.833457	3.430626
22.245448	-7.865687	-6.233780	3.843977	10.029770	6.534314	-14.051628	0.374412	1.881431	3.467123
-19.319953	6.654947	1.498449	5.559674	8.558999	7.911688	-14.384567	0.362263	1.928868	3.503491
-8.169192	2.089361	4.574263	5.879100	6.304827	9.439347	-14.743066	0.347589	1.982460	3.544930
14.182339	-4.428991	0.736112	3.852096	3.505685	10.903530	-15.077376	0.332100	2.035317	3.586184
3.132021	-3.891363	0.460929	3.715947	3.364105	10.970274	-15.092422	0.331355	2.037772	3.588109
-14.063382	-3.304872	0.181745	3.577416	3.221735	11.036850	-15.107413	0.330609	2.040226	3.590035
13.611597	3.660741	-3.669436	0.766756	0.444914	12.246968	-15.377331	0.316357	2.085712	3.625888
13.204716	0.921519	-0.947436	-1.759496	-2.468882	13.389626	-15.628333	0.301500	2.130615	3.661589
-15.309164	-2.740932	3.345546	-3.158741	-5.805754	14.604778	-15.892350	0.283742	2.181326	3.702292
7.033175	1.929942	0.893121	-2.298520	-8.945401	15.707421	-16.130921	0.265207	2.231242	3.742776
16.718352	2.028271	0.700937	-2.218507	-9.084141	15.756209	-16.141491	0.264318	2.233566	3.744671
-16.774405	2.096618	0.510359	-2.136259	-9.221903	15.804719	-16.152004	0.263427	2.235888	3.746566
-4.548065	2.456336	-2.360841	-0.425959	-11.558584	16.653571	-16.336875	0.246576	2.278685	3.781659
18.129530	0.802441	-3.179654	0.960363	-13.323911	17.397810	-16.501919	0.229147	2.320856	3.816572
-1.498852	-2.624237	-1.543864	1.545793	-14.410005	18.113405	-16.666938	0.208397	2.368571	3.856494
-18.119247	-1.842143	1.573858	1.069188	-14.380218	18.668214	-16.805122	0.186900	2.415434	3.896161
18.102081	-1.568300	1.696869	1.027314	-14.353897	18.689395	-16.810725	0.185911	2.417530	3.897947
12.549477	-1.283439	1.815322	0.983949	-14.325531	18.710240	-16.816274	0.184921	2.419625	3.899732
-17.624284	2.983636	2.658970	-0.068380	-13.398338	19.046704	-16.912217	0.165567	2.459603	3.933988
5.284225	-0.490470	0.144421	-1.182218	-11.806806	19.263359	-16.987389	0.145658	2.498919	3.968038
16.169693	-3.259894	-1.915514	-1.415725	-9.240036	19.371475	-17.049169	0.121409	2.544536	4.008016
-15.366340	3.332414	0.971204	0.412005	-6.226677	19.326786	-17.081352	0.096397	2.589206	4.047688
-5.776250	-2.872560	1.015065	1.888460	-3.116822	19.162043	-17.085083	0.073172	2.628728	4.083246
14.402791	-3.472326	-0.581820	1.304676	0.394656	18.885899	-17.065167	0.049380	2.667460	4.118538
3.977748	-2.892631	-0.639384	1.226416	0.574595	18.869648	-17.063597	0.048202	2.669334	4.120258
-14.381520	-2.278844	-0.692126	1.144400	0.755131	18.853147	-17.061973	0.047022	2.671207	4.121977
14.276252	3.710215	-0.531601	-1.031219	4.436303	18.471552	-17.018054	0.023156	2.708287	4.156248
8.333432	-4.128348	0.738157	-2.909063	8.059682	17.996571	-16.952888	-0.001191	2.744593	4.190252
-14.146379	-3.991696	0.694020	-2.941086	8.239527	17.969981	-16.949011	-0.002444	2.746423	4.191977
14.133647	-3.743121	0.632800	-2.964279	8.418667	17.943184	-16.945084	-0.003697	2.748249	4.193701
13.407637	4.824814	-1.157742	-2.091752	11.605480	17.400690	-16.861789	-0.027394	2.782084	4.225859
-13.226269	-5.654227	0.951612	0.240192	14.232846	16.785136	-16.760467	-0.051482	2.815202	4.257761
-12.756257	-1.045280	3.519003	4.259613	16.206595	15.073802	-16.453221	-0.109800	2.890533	4.332027
13.042663	9.222751	-1.674841	-1.208815	10.167468	13.059907	-16.056885	-0.169943	2.961802	4.404748
-5.518589	5.220713	-1.950447	-1.359936	9.974361	13.014796	-16.047637	-0.171227	2.963260	4.406263
-13.149491	1.305090	-2.231770	-1.509857	9.779341	12.969586	-16.038353	-0.172512	2.964715	4.407777
13.216209	-2.731299	-2.568219	-1.686121	9.545318	12.915768	-16.027282	-0.174040	2.966441	4.409573
3.513133	-5.767045	-2.901390	-1.860191	9.308745	12.861812	-16.016160	-0.175568	2.968164	4.411369
-13.347634	-7.736982	-3.184341	-2.009933	9.100502	12.814666	-16.006423	-0.176901	2.969664	4.412934
5.362589	-9.266607	-3.456042	-2.157622	8.890437	12.767418	-15.996648	-0.178234	2.971162	4.414498
14.590348	-2.591296	-5.853199	-4.035470	5.478155	12.030163	-15.841948	-0.198789	2.993905	4.438396
-14.343057	7.594414	-5.428285	-4.847266	1.845418	11.271864	-15.678588	-0.219506	3.016186	4.462109
-18.213287	8.199571	-1.238618	-4.184180	-3.238704	10.184156	-15.436730	-0.248669	3.046502	4.494883
20.215239	1.048034	4.814014	-2.098911	-7.959877	9.069295	-15.179420	-0.278104	3.075908	4.527282
-2.963894	-6.025472	6.824922	0.827144	-12.168812	7.877579	-14.893347	-0.309293	3.105817	4.560907
-22.058995	-1.260152	0.132372	3.428737	-15.256036	6.674043	-14.592066	-0.340723	3.134712	4.594099
22.042845	-0.752390	-0.261609	3.516505	-15.360508	6.620964	-14.578476	-0.342111	3.135959	4.595550
11.956339	-0.269682	-0.655560	3.601149	-15.462094	6.567880	-14.564858	-0.343500	3.137205	4.596999
-21.109132	3.588830	-6.591387	4.517676	-16.872631	5.524733	-14.291699	-0.370870	3.161295	4.625317
19.440313	1.647872	-5.288389	3.849713	-17.207822	4.486363	-14.008557	-0.398376	3.184617	4.653297
11.141819	-1.678478	1.500883	1.827840	-16.474709	3.307011	-13.671931	-0.430102	3.210443	4.684999
-12.539535	-0.509868	5.791520	-0.522133	-14.860306	2.145754	-13.323865	-0.461953	3.235248	4.716241
-14.899252	-0.341006	5.872237	-0.619884	-14.771400	2.093411	-13.307783	-0.463404	3.236351	4.717651
14.818052	-0.167828	5.942270	-0.716063	-14.681395	2.041108	-13.291679	-0.464855	3.237453	4.719059
-2.349725	0.532184	5.810126	-2.231711	-12.778692	1.047506	-12.979292	-0.492669	3.258129	4.745836
-13.143224	-0.351963	4.665866	-3.107306	-10.647873	0.069046	-12.659624	-0.520540	3.278028	4.772249
15.225499	0.367850	1.343521	-3.297673	-8.104109	-1.041934	-12.282072	-0.552790	3.300052	4.802302
15.230096	-0.547215	-5.448179	-2.675187	-5.604327	-2.131582	-11.896560	-0.585075	3.321043	4.831853
-15.332101	0.050837	-5.647345	-2.630426	-5.494575	-2.179881	-11.879121	-0.586522	3.321960	4.833165
6.581241	0.568184	-5.823982	-2.584361	-5.385128	-2.228103	-11.861679	-0.587968	3.322873	4.834475
17.824333	-0.806997	-4.408472	-1.479791	-3.321249	-3.151749	-11.521822	-0.615923	3.340131	4.859599
-23.996401	1.132817	4.035037	-0.155591	-1.381392	-4.058548	-11.177373	-0.643876	3.356622	4.884334
-24.194008	-2.258712	7.102899	2.258580	2.486083	-6.122689	-10.352615	-0.709529	3.392393	4.940945
17.895044	3.739640	-8.268086	1.721131	5.160198	-8.086270	-9.513794	-0.774909	3.423954	4.995297
-4.990863	-1.770231	-7.620873	1.680463	5.207435	-8.128167	-9.495301	-0.776338	3.424599	4.996463
-17.270377	-3.809012	-6.928025	1.638889	5.254271	-8.170013	-9.476804	-0.777767	3.425242	4.997628
16.929068	-0.079832	-6.180994	1.593966	5.303386	-8.214220	-9.457237	-0.779279	3.425920	4.998859
-0.302120	3.882531	-5.456896	1.548138	5.352046	-8.258342	-9.437679	-0.780789	3.426596	5.000088
-16.234480	3.357332	-4.773581	1.500388	5.401344	-8.303369	-9.417690	-0.782332	3.427284	5.001342
15.891297	-3.389647	-4.158193	1.451781	5.450194	-8.348308	-9.397712	-0.783874	3.427969	5.002594
15.625962	-4.745743	-0.536934	0.695433	6.103173	-8.976625	-9.115281	-0.805620	3.437394	5.020142
-9.782518	-4.942339	1.415401	-0.106900	6.712526	-9.592883	-8.832572	-0.827307	3.446354	5.037425
-4.984188	-0.213872	7.646729	-1.075296	7.563404	-10.435931	-8.436440	-0.857590	3.458129	5.061197
9.882117	5.557510	10.427397	-1.558302	8.503866	-11.254298	-8.041198	-0.887723	3.468991	5.084433
0.300453	-5.271495	3.742940	-1.310462	9.676298	-12.083354	-7.629604	-0.919062	3.479379	5.108157
-14.259124	2.618818	-1.861214	-0.535248	11.033653	-12.884249	-7.220801	-0.950197	3.488775	5.131279
14.350112	3.607455	-2.109588	-0.492870	11.099605	-12.920270	-7.202148	-0.951619	3.489182	5.132324
4.214352	4.451072	-2.363579	-0.450159	11.165850	-12.956230	-7.183503	-0.953040	3.489587	5.133368
-15.812710	0.407246	-7.756792	0.379438	12.473996	-13.627739	-6.830950	-0.979945	3.496885	5.152949
17.083811	-2.568298	-11.580013	1.085584	13.856065	-14.277005	-6.481905	-1.006675	3.503446	5.172060
17.126363	1.574803	-9.836399	1.500466	15.495733	-14.994856	-6.086079	-1.037162	3.510094	5.193425
-17.245829	0.738902	-0.920415	1.430839	17.146736	-15.682200	-5.696645	-1.067411	3.515809	5.214151
-6.651934	-0.030480	-0.380975	1.415419	17.223688	-15.713694	-5.678543	-1.068824	3.516054	5.215108
17.245539	-0.818739	0.159055	1.398908	17.300507	-15.745099	-5.660470	-1.070237	3.516298	5.216063
-17.109321	-0.086316	9.942096	-0.185144	20.255157	-16.962820	-4.940769	-1.127176	3.524524	5.253648
-13.478483	0.768635	-7.410130	-1.942692	22.503578	-18.063197	-4.254437	-1.183220	3.529589	5.288818
17.413317	0.246715	-7.547368	-1.928739	22.544684	-18.088426	-4.238238	-1.184569	3.529674	5.289642
6.127378	-0.264260	-7.647897	-1.910229	22.585033	-18.113567	-4.222073	-1.185918	3.529757	5.290463
-17.455871	-0.726993	-7.709739	-1.887353	22.624208	-18.138340	-4.206123	-1.187250	3.529837	5.291274
10.793419	-1.125323	-7.732779	-1.859840	22.662684	-18.163027	-4.190207	-1.188580	3.529916	5.292082
17.943226	-1.129629	-3.438061	-0.797410	23.235674	-18.573742	-3.922061	-1.211217	3.530993	5.305667
-18.437127	1.859156	3.342179	0.815631	23.718356	-18.963756	-3.661129	-1.233700	3.531577	5.318832
-16.808204	1.867385	4.466033	2.355680	24.362102	-19.431280	-3.339090	-1.262184	3.531621	5.335028
18.513960	-1.763281	-0.131115	2.088855	25.197756	-19.863953	-3.030477	-1.290408	3.530897	5.350522
-4.783610	-2.043747	-0.350458	2.030419	25.244013	-19.883927	-3.015950	-1.291763	3.530843	5.351251
-18.436698	-2.280082	-0.561491	1.968275	25.290832	-19.903819	-3.001456	-1.293117	3.530787	5.351978
17.348542	2.571721	-2.533949	0.279322	26.235091	-20.249295	-2.745190	-1.317499	3.529481	5.364854
8.695440	1.594591	-0.696685	-1.946865	27.365590	-20.567342	-2.500535	-1.341679	3.527621	5.377183
-13.837404	-3.180495	1.890202	-2.969754	28.897044	-20.898323	-2.234619	-1.369201	3.524814	5.390665
7.248453	3.096318	-1.883064	-0.841147	30.647828	-21.191980	-1.985766	-1.396449	3.521308	5.403414
12.163888	3.362915	-2.020217	-0.702535	30.732590	-21.204779	-1.974571	-1.397716	3.521128	5.403991
-12.106996	3.594511	-2.137814	-0.563450	30.817462	-21.217495	-1.963414	-1.398982	3.520946	5.404567
-5.792781	-0.723309	-1.275892	1.869964	32.384975	-21.437934	-1.764048	-1.422314	3.517306	5.414945
11.175205	-4.356951	2.116753	3.319652	33.859114	-21.629538	-1.578824	-1.445437	3.513166	5.424767
-11.410400	4.789203	3.863018	2.495823	35.256651	-21.807403	-1.391162	-1.470763	3.508016	5.434981
12.235855	-3.982730	-0.096193	-1.768250	36.378655	-21.948996	-1.222348	-1.495826	3.502278	5.444513
12.651748	-5.536332	-5.013876	-8.350329	37.264220	-22.058078	-1.066310	-1.521826	3.495637	5.453776
-13.275512	2.338780	-4.863354	-14.781837	37.860334	-22.126561	-0.932356	-1.547530	3.488370	5.462290
7.502436	2.877656	-4.761909	-15.040607	37.881288	-22.128770	-0.926635	-1.548726	3.488015	5.462670
13.322661	3.405258	-4.655829	-15.294055	37.901641	-22.130892	-0.920959	-1.549921	3.487658	5.463048
-13.638075	5.930942	-2.275437	-18.927744	38.167941	-22.154088	-0.825134	-1.571850	3.480835	5.469740
1.520891	-3.572336	-0.111264	-20.531237	38.231332	-22.147280	-0.745987	-1.593554	3.473554	5.475881
