28.715776	-9.248002	-2.253433	-1.670864	4.331875	-0.117875	-10.454011	0.531636	7.877064
-2.566655	-1.240459	-2.276351	-1.722925	4.221908	-0.143236	-10.407884	0.526604	7.864513
-18.572141	-0.666733	-2.267219	-1.731468	4.214257	-0.144575	-10.405112	0.526334	7.863864
18.555945	-0.090385	-2.257001	-1.740616	4.206396	-0.145922	-10.402294	0.526063	7.863212
-2.474997	6.270965	-1.913820	-1.980975	4.038039	-0.170028	-10.346883	0.521135	7.851715
-17.718221	2.968155	-1.242969	-2.329521	3.806282	-0.195587	-10.278682	0.515744	7.839724
17.324635	-5.977715	0.089635	-2.765272	3.458181	-0.226355	-10.184523	0.508961	7.825304
3.279100	5.688444	1.772791	-3.123579	3.020100	-0.257938	-10.073982	0.501563	7.810231
-17.255236	5.734842	1.828206	-3.136287	2.997640	-0.259405	-10.068487	0.501206	7.809519
-13.971177	5.662501	1.879707	-3.148564	2.974982	-0.260873	-10.062958	0.500848	7.808805
17.523253	-5.485186	2.059916	-3.289258	2.512879	-0.288346	-9.953029	0.493895	7.795171
3.736197	-4.285984	0.808367	-3.230465	1.978934	-0.315388	-9.831434	0.486481	7.781047
-18.542239	4.909149	-1.067608	-2.864208	1.274603	-0.345421	-9.676952	0.477349	7.764131
18.905298	0.773448	-1.766361	-2.133876	0.489161	-0.373435	-9.507829	0.467602	7.746561
12.863549	0.223723	-1.769422	-2.085404	0.446670	-0.374819	-9.498662	0.467079	7.745632
-18.920092	-0.318218	-1.769840	-2.035883	0.404040	-0.376195	-9.489458	0.466555	7.744700
18.842675	-4.279877	-1.445131	-1.080825	-0.322357	-0.397854	-9.330606	0.457577	7.728925
10.417116	-1.532892	-0.692062	0.033528	-1.063620	-0.416731	-9.161653	0.448140	7.712660
-17.690667	2.651769	0.334326	1.358439	-1.910895	-0.434313	-8.953906	0.436636	7.693213
-15.076276	2.795042	1.095606	2.534268	-2.712409	-0.446372	-8.733875	0.424517	7.673112
16.681781	2.827865	1.117500	2.583075	-2.748721	-0.446790	-8.723137	0.423926	7.672142
-12.605458	2.873026	1.137744	2.631117	-2.784870	-0.447193	-8.712367	0.423334	7.671169
-15.738354	3.194985	1.177820	3.345876	-3.410179	-0.451808	-8.510349	0.412225	7.653074
14.905376	-1.827727	0.590317	3.683687	-3.950237	-0.450661	-8.300147	0.400650	7.634483
6.945236	-2.784762	-0.322742	3.616975	-4.449196	-0.441345	-8.050407	0.386839	7.612613
-13.789921	0.182966	-0.842070	3.123735	-4.819018	-0.422432	-7.791498	0.372419	7.590097
10.286236	0.326135	-0.851062	3.090594	-4.833433	-0.421271	-7.778929	0.371716	7.589006
13.779200	0.466991	-0.858447	3.056607	-4.847561	-0.420084	-7.766333	0.371011	7.587913
-12.768139	2.444432	-0.684355	2.300266	-5.053840	-0.394027	-7.532704	0.357868	7.567667
-14.239244	1.644887	0.017773	1.342668	-5.160626	-0.359704	-7.293311	0.344261	7.546927
14.799109	-2.186757	0.708934	0.166583	-5.159109	-0.310677	-7.012662	0.328102	7.522561
5.809625	-0.987072	0.530549	-0.921299	-5.022805	-0.252554	-6.725968	0.311332	7.497547
-15.331130	-0.858451	0.503655	-0.970129	-5.012864	-0.249572	-6.712123	0.310515	7.496335
15.350122	-0.731220	0.475576	-1.018693	-5.002601	-0.246570	-6.698256	0.309696	7.495120
7.765692	0.984258	-0.161841	-1.851205	-4.759982	-0.189016	-6.443559	0.294524	7.472726
-15.651567	1.881935	-0.760400	-2.581463	-4.410738	-0.126709	-6.185489	0.278889	7.449841
15.295388	-1.725132	-0.298650	-3.828597	-3.166025	0.033397	-5.567195	0.240217	7.393974
13.850974	-0.764085	1.234183	-4.103167	-1.405407	0.202062	-4.940263	0.198972	7.335379
-14.639147	0.179748	1.188395	-4.094147	-1.363177	0.205743	-4.926543	0.198044	7.334070
-5.832411	1.051500	1.136452	-4.084370	-1.320838	0.209421	-4.912823	0.197114	7.332760
14.612048	1.659482	1.070743	-4.072494	-1.273301	0.213539	-4.897457	0.196072	7.331292
-9.304367	1.636792	0.996979	-4.059613	-1.225640	0.217653	-4.882090	0.195028	7.329822
-14.585853	1.175983	0.922590	-4.046875	-1.181759	0.221430	-4.867976	0.194067	7.328470
14.574063	0.506153	0.842412	-4.033255	-1.137782	0.225203	-4.853861	0.193106	7.327117
9.162048	-1.679292	-0.656197	-3.723532	-0.479579	0.280574	-4.645232	0.178741	7.306956
-14.490718	1.720588	-1.567248	-3.197266	0.183808	0.334863	-4.436800	0.164093	7.286495
14.712442	-1.447626	-0.238805	-2.114686	1.100867	0.408789	-4.143347	0.142930	7.257096
11.955038	-1.969659	1.850961	-0.775082	1.957712	0.478362	-3.851531	0.121204	7.227100
-16.208045	1.483691	2.427192	0.714996	2.745066	0.545116	-3.548666	0.097863	7.195068
-16.260734	2.419055	1.038263	2.085683	3.373886	0.604220	-3.249227	0.073906	7.162383
16.289218	2.196235	0.927775	2.142922	3.398838	0.606794	-3.235199	0.072760	7.160825
-7.609655	1.939851	0.813611	2.199275	3.423327	0.609349	-3.221180	0.071614	7.159265
-16.812933	-2.683207	-1.662744	3.055599	3.782874	0.652167	-2.967235	0.050452	7.130560
17.214713	2.933528	-3.892759	3.529825	3.956448	0.687185	-2.717036	0.028833	7.101371
7.711385	0.484691	-4.154586	3.457363	3.889935	0.717961	-2.419304	0.001994	7.065312
-17.416784	-3.501197	-1.223961	2.570474	3.550276	0.735102	-2.128818	-0.025516	7.028543
17.404454	-3.391809	-1.025324	2.516726	3.529837	0.735545	-2.116161	-0.026747	7.026901
9.699925	-3.245699	-0.821480	2.462018	3.508969	0.735962	-2.103512	-0.027981	7.025257
-14.118715	2.323261	3.096253	1.377493	3.074364	0.738987	-1.881543	-0.050117	6.995815
-16.528855	3.831769	5.646553	0.225081	2.538986	0.733816	-1.665141	-0.072667	6.965933
15.872870	-3.940693	4.218696	-0.991019	1.805069	0.716948	-1.413502	-0.100262	6.929514
2.788156	-3.375300	-0.516801	-1.887891	1.018745	0.688530	-1.171085	-0.128453	6.892464
-15.136977	3.438759	-5.644469	-2.350025	0.241962	0.649240	-0.941796	-0.156810	6.855345
15.418348	4.085138	-7.439998	-2.284954	-0.489312	0.598675	-0.722431	-0.185744	6.817615
10.007690	3.613282	-7.410801	-2.266137	-0.523425	0.595888	-0.711876	-0.187186	6.815739
-15.479256	3.098812	-7.370086	-2.245801	-0.557318	0.593073	-0.701346	-0.188629	6.813861
16.340131	-4.161447	-4.624019	-1.620881	-1.154061	0.534474	-0.506673	-0.216235	6.778005
8.888298	3.922365	0.737850	-0.707372	-1.651050	0.465744	-0.321261	-0.244346	6.741615
-17.629854	4.149404	1.029197	-0.657109	-1.673536	0.461933	-0.311983	-0.245805	6.739730
-7.199005	4.289726	1.318384	-0.606793	-1.695687	0.458097	-0.302736	-0.247264	6.737844
18.970508	-1.969190	5.954373	0.299769	-2.044951	0.382088	-0.136024	-0.274539	6.702660
-1.219301	-4.630342	8.078278	1.013998	-2.266461	0.296526	0.021895	-0.302270	6.666993
-20.864265	1.848773	6.115307	1.391205	-2.340553	0.185104	0.193753	-0.334982	6.625050
20.715798	5.104803	1.472898	1.305285	-2.196262	0.060590	0.353533	-0.368307	6.582460
-0.944412	4.618526	1.243892	1.291570	-2.184129	0.054550	0.360623	-0.369862	6.580476
-20.642325	4.084040	1.015978	1.277083	-2.171523	0.048491	0.367683	-0.371417	6.578492
19.499846	-5.186471	-2.913871	0.886907	-1.859129	-0.068260	0.494394	-0.400611	6.541301
19.200875	-5.453214	-5.749699	0.346849	-1.435120	-0.191349	0.612086	-0.430258	6.503630
-9.659168	0.385828	-7.059579	-0.317004	-0.871217	-0.340270	0.737542	-0.465300	6.459227
-14.167151	4.806188	-6.882723	-0.847587	-0.309619	-0.493027	0.850750	-0.500953	6.414179
14.117955	4.856256	-6.854737	-0.865917	-0.285122	-0.500126	0.855677	-0.502613	6.412085
0.631994	4.908715	-6.825726	-0.883592	-0.260796	-0.507231	0.860581	-0.504275	6.409989
-13.619637	5.520761	-6.200869	-1.090900	0.153134	-0.640364	0.947548	-0.535614	6.370503
13.008944	1.908053	-5.613317	-1.072200	0.472949	-0.772701	1.025390	-0.567409	6.330537
14.541487	-4.043731	-4.541358	-0.817602	0.729592	-0.923043	1.104244	-0.604852	6.283589
-15.446540	-4.734518	-2.289566	-0.379476	0.877968	-1.067849	1.170851	-0.642909	6.235992
11.367241	-4.431936	-2.140215	-0.355590	0.882534	-1.074479	1.173675	-0.644708	6.233744
15.527272	-4.098781	-1.986630	-0.331462	0.886899	-1.081093	1.176471	-0.646509	6.231494
-16.168083	2.877779	1.173248	0.144844	0.933354	-1.199502	1.222910	-0.679720	6.190036
-13.260322	3.798409	3.576850	0.655977	0.923291	-1.312158	1.260266	-0.713324	6.148102
16.743294	0.392419	3.580729	1.225670	0.853689	-1.430696	1.291764	-0.752122	6.099625
-3.941239	-2.593420	1.814386	1.702898	0.733792	-1.534374	1.311267	-0.791268	6.050525
-15.751595	-1.494853	-0.085850	1.947226	0.580030	-1.618042	1.318639	-0.830149	6.001420
14.516888	1.594545	-1.748873	1.810255	0.411982	-1.678992	1.314053	-0.869096	5.951707
4.908059	1.366302	-1.811097	1.791541	0.403876	-1.681269	1.313531	-0.870959	5.949312
-14.372008	1.114371	-1.871019	1.771590	0.395776	-1.683485	1.312981	-0.872822	5.946916
9.167242	-1.314951	-2.524457	1.107685	0.240844	-1.713768	1.296583	-0.909246	5.899687
12.193185	0.908398	-1.789392	-0.075477	0.101497	-1.716759	1.269388	-0.945431	5.851927
-12.195397	1.107440	-1.695135	-0.143386	0.095180	-1.716133	1.267748	-0.947226	5.849532
-6.155970	1.269924	-1.594003	-0.211825	0.088929	-1.715431	1.266080	-0.949021	5.847135
13.115921	-0.711679	1.052240	-1.525928	-0.014752	-1.686815	1.229054	-0.983096	5.801101
1.419888	-1.751113	2.500206	-2.550687	-0.081344	-1.627647	1.182470	-1.016701	5.754585
-18.273835	1.855843	-0.020588	-2.907077	-0.098209	-1.521376	1.118941	-1.054014	5.701361
21.446460	2.940691	-2.940562	-2.293037	-0.045905	-1.372733	1.044950	-1.090404	5.647517
9.000636	-3.658794	-2.976091	-0.790731	0.044149	-1.186524	0.962871	-1.125197	5.593845
-25.172277	-1.780475	0.759322	1.064482	0.134411	-0.963189	0.872829	-1.158762	5.539573
7.383648	-1.011504	0.967316	1.153952	0.138220	-0.951189	0.868177	-1.160391	5.536866
25.198633	-0.217214	1.171602	1.242536	0.141929	-0.939112	0.863511	-1.162016	5.534159
-24.596629	5.061654	3.344728	2.658612	0.187799	-0.694549	0.772151	-1.192126	5.482601
1.289392	-5.553353	0.624454	3.317916	0.166480	-0.421979	0.675802	-1.220859	5.430513
22.733412	-5.505432	0.420205	3.330677	0.163091	-0.407506	0.670804	-1.222276	5.427859
-2.741460	-5.329194	0.214956	3.341585	0.159451	-0.392966	0.665792	-1.223689	5.425203
-20.344921	5.899577	-3.096156	3.215493	0.046176	-0.108793	0.569535	-1.249591	5.374859
17.992237	-2.690037	-3.598634	2.515189	-0.141121	0.191084	0.470485	-1.273978	5.324032
14.455784	-6.036268	-1.693053	1.158977	-0.426488	0.547868	0.354600	-1.299906	5.265194
-14.122521	-1.633387	0.678347	-0.438694	-0.765984	0.913045	0.237359	-1.323509	5.205726
7.010477	-1.485155	0.786480	-0.516166	-0.783645	0.931078	0.231594	-1.324604	5.202792
14.032066	-1.346418	0.893333	-0.593244	-0.801392	0.949129	0.225825	-1.325694	5.199855
-12.629039	0.852034	2.477375	-1.832611	-1.125186	1.269069	0.123800	-1.343963	5.147590
-14.016805	2.777857	3.208959	-2.678760	-1.457096	1.587050	0.022580	-1.360210	5.094848
14.790773	4.654080	2.648893	-3.035904	-1.830671	1.946178	-0.091982	-1.376268	5.033492
-1.266694	-0.252224	0.675280	-2.769953	-2.177335	2.292210	-0.203159	-1.389307	4.971504
-15.605518	-0.427860	0.571464	-2.744322	-2.192206	2.307373	-0.208059	-1.389819	4.968701
15.633313	-0.585255	0.467425	-2.717537	-2.207026	2.322508	-0.212953	-1.390326	4.965896
9.765433	-1.959540	-1.376691	-1.982603	-2.481557	2.606986	-0.305594	-1.398819	4.911378
-16.183908	-2.385223	-2.173623	-0.885370	-2.733108	2.873225	-0.393838	-1.404760	4.856378
16.272846	-2.503793	-0.887938	0.580849	-2.992914	3.150858	-0.488788	-1.408280	4.792557
7.420084	2.031997	1.225690	1.844854	-3.216079	3.387346	-0.575601	-1.408089	4.728104
-16.391583	2.042215	1.290814	1.891570	-3.225580	3.397267	-0.579469	-1.407986	4.725053
-7.123521	2.011087	1.349851	1.936784	-3.234991	3.407075	-0.583318	-1.407873	4.721998
16.577581	-1.747589	1.352813	2.454170	-3.390587	3.565049	-0.650434	-1.404224	4.665368
7.163995	-1.122043	-0.109926	2.294188	-3.510709	3.673917	-0.709593	-1.397501	4.608262
-17.081719	1.533264	-1.056291	1.408205	-3.606616	3.728335	-0.767050	-1.385808	4.541938
17.262481	-1.015439	0.618829	0.058667	-3.645026	3.695754	-0.812577	-1.369714	4.474989
16.812517	-1.167676	0.696262	-0.006889	-3.645136	3.691925	-0.814418	-1.368852	4.471849
-17.270861	-1.310818	0.768587	-0.072183	-3.645083	3.687881	-0.816235	-1.367981	4.468707
8.725805	-1.841035	1.086654	-1.170439	-3.613208	3.573420	-0.845608	-1.349962	4.410133
17.070749	0.209096	-0.167744	-1.898499	-3.518457	3.382697	-0.867101	-1.328385	4.351104
-16.621779	2.454956	-1.476721	-2.356017	-3.325166	3.067580	-0.882833	-1.299012	4.282625
-6.775886	1.489654	-0.778801	-2.549603	-3.035690	2.649892	-0.889772	-1.264620	4.213572
15.907633	1.236265	-0.699703	-2.551601	-3.019087	2.626994	-0.889900	-1.262816	4.210198
-10.334603	0.956926	-0.617530	-2.552807	-3.002248	2.603860	-0.890010	-1.260999	4.206823
-15.157305	-3.092809	1.203486	-2.431582	-2.656667	2.152460	-0.888945	-1.226456	4.146298
14.463461	3.272154	2.457569	-2.008687	-2.207591	1.635142	-0.882521	-1.187902	4.085371
-6.674599	2.054628	-0.029645	-1.096220	-1.540613	0.970989	-0.869152	-1.138642	4.014889
-13.850141	-3.272443	-3.023827	0.282865	-0.702851	0.246070	-0.849929	-1.084219	3.943925
13.865276	-3.369753	-3.081510	0.359051	-0.659264	0.210839	-0.848892	-1.081541	3.940583
13.520710	-3.424755	-3.127178	0.436222	-0.615321	0.175539	-0.847843	-1.078855	3.937242
-10.544626	0.493998	-2.096624	1.971998	0.270347	-0.494160	-0.826300	-1.027064	3.875053
-15.520911	3.528954	0.866819	3.353313	1.290320	-1.183089	-0.801032	-0.971730	3.812544
17.044249	-1.842619	3.725199	4.084570	2.636281	-1.985852	-0.767658	-0.903720	3.740063
-3.776343	-4.209595	3.080400	3.355670	4.138491	-2.779310	-0.730215	-0.831493	3.667224
-18.736602	-3.889535	2.909231	3.290569	4.208952	-2.815088	-0.728412	-0.828092	3.663883
18.808202	-3.520322	2.724245	3.223079	4.279440	-2.850805	-0.726602	-0.824682	3.660542
5.827505	4.952711	-1.853688	1.558648	5.600008	-3.512459	-0.691024	-0.758696	3.597242
-21.106981	4.013390	-4.399521	-0.626461	6.835173	-4.139745	-0.653098	-0.689953	3.533738
21.928035	-7.373861	-3.061568	-3.327238	8.038015	-4.806333	-0.606725	-0.607267	3.460096
6.600609	8.851236	1.928226	-5.447985	8.865408	-5.392084	-0.558101	-0.521411	3.386268
-22.273239	9.167856	2.189198	-5.520274	8.893332	-5.417901	-0.555713	-0.517206	3.382713
-13.901727	9.339203	2.447334	-5.589041	8.920031	-5.443469	-0.553323	-0.512997	3.379160
22.127709	-2.501386	5.941793	-6.126850	9.185338	-5.863931	-0.509591	-0.435995	3.315041
4.471738	-12.861690	4.940727	-5.152403	9.027505	-6.205786	-0.464872	-0.357032	3.250863
-19.631010	16.586745	-8.557926	0.541520	7.151493	-6.686915	-0.357528	-0.164538	3.099813
17.228002	-9.534772	7.213087	5.836329	3.558564	-6.690429	-0.250192	0.035362	2.949105
4.937689	-14.445735	7.659610	5.925929	3.459542	-6.684662	-0.247743	0.040030	2.945644
-17.127475	-17.946729	8.095860	6.013682	3.359875	-6.678627	-0.245296	0.044701	2.942184
17.079189	-18.577209	8.512235	6.097805	3.261648	-6.672456	-0.242900	0.049278	2.938796
14.939035	-16.236624	8.916704	6.180114	3.162808	-6.666027	-0.240506	0.053858	2.935408
-14.283525	-11.717214	9.334894	6.266414	3.056041	-6.658839	-0.237938	0.058776	2.931773
-16.933038	-6.701657	9.733391	6.350571	2.948571	-6.651354	-0.235371	0.063696	2.928137
-16.912630	18.543278	11.471681	7.277095	1.400085	-6.517904	-0.200242	0.131658	2.878177
-3.148545	-11.009186	3.327734	7.744851	-0.272347	-6.326952	-0.165511	0.200046	2.828332
8.161567	-17.313344	-11.854556	7.662697	-2.783990	-5.958502	-0.117427	0.296912	2.758356
16.356209	16.178073	-12.688515	6.714725	-5.312513	-5.471082	-0.070524	0.394192	2.688692
4.902695	5.959187	0.928143	4.690144	-7.818637	-4.811684	-0.021720	0.498865	2.614261
-18.367807	-13.681123	12.063825	1.487846	-9.864667	-4.008111	0.025175	0.603422	2.540302
19.695121	-7.446015	6.231352	-2.306025	-11.116467	-3.149420	0.065913	0.698119	2.473523
11.651969	12.172078	-9.241569	-5.680472	-11.593846	-2.168045	0.104626	0.792235	2.407226
-21.093543	12.024606	-9.778525	-5.819162	-11.593776	-2.112466	0.106627	0.797227	2.403709
-7.007756	11.649821	-10.254366	-5.952103	-11.590916	-2.056567	0.108622	0.802218	2.400194
21.992303	-11.819195	-10.034947	-7.152144	-11.043558	-0.992728	0.143642	0.892238	2.336728
-21.877385	-6.726375	0.064176	-5.677368	-9.574214	0.148332	0.176361	0.981268	2.273799
-15.472237	-5.453682	0.596112	-5.544035	-9.480784	0.206027	0.177909	0.985622	2.270716
21.793658	-4.163013	1.119194	-5.405858	-9.385564	0.263841	0.179451	0.989972	2.267634
1.206613	11.727333	7.216351	-1.917418	-7.213747	1.407723	0.208206	1.073988	2.207965
-17.917897	8.741726	1.715132	2.322346	-4.563605	2.571946	0.234485	1.156695	2.148868
14.690349	-11.556011	-5.957318	5.784041	-1.137473	3.917696	0.261660	1.250804	2.081042
5.142112	-3.223419	-0.658184	5.559538	2.386867	5.222565	0.285011	1.342619	2.014087
-8.137179	-1.984140	-0.241938	5.473251	2.547244	5.281179	0.285992	1.346795	2.011020
-11.371112	-0.732110	0.174825	5.381928	2.707102	5.339587	0.286964	1.350963	2.007957
9.341755	10.482618	5.801188	3.007021	5.572316	6.393233	0.303448	1.427630	1.951208
-3.146115	-5.534065	2.635113	0.172839	8.078560	7.363700	0.316724	1.502186	1.895183
-7.393692	-8.475127	-5.085417	-2.494336	10.190358	8.317730	0.327527	1.582477	1.833710
7.666730	7.164597	-6.997640	-3.658398	11.313722	9.107571	0.333917	1.659672	1.773230
-8.750708	-5.816252	0.566500	-2.685883	11.318333	9.722510	0.335628	1.736740	1.711154
6.816757	3.655032	5.912651	-0.471234	10.291650	10.094728	0.332003	1.809878	1.650262
10.404603	4.159201	6.077986	-0.363728	10.223828	10.105868	0.331708	1.813098	1.647528
-10.481203	4.609007	6.240229	-0.256646	10.154300	10.116519	0.331401	1.816309	1.644798
-8.216405	2.970370	8.452331	1.517796	8.542363	10.227453	0.323386	1.875344	1.593672
13.242790	-3.564422	7.728550	2.388740	6.457835	10.172144	0.311132	1.931153	1.543482
-0.478041	0.492398	2.401990	2.269664	3.656845	9.907515	0.291972	1.992035	1.486152
-15.145106	3.584300	-4.471498	1.340815	0.668581	9.438488	0.268261	2.048255	1.430166
15.160150	3.361571	-4.771309	1.285836	0.528813	9.411958	0.267061	2.050749	1.427602
6.260445	3.086268	-5.066521	1.230171	0.389108	9.385015	0.265854	2.053233	1.425040
-15.169421	-3.915174	-8.647838	0.132429	-2.163259	8.812227	0.242051	2.097412	1.378114
14.812141	1.496005	-6.488811	-0.898197	-4.555993	8.105100	0.215832	2.138065	1.332227
9.563522	4.767413	-0.014220	-1.727451	-6.961946	7.124456	0.182871	2.180840	1.280235
-13.690612	0.787353	5.455931	-1.980840	-8.768888	5.984005	0.147844	2.218783	1.229694
-7.982077	0.417245	5.622267	-1.975974	-8.834436	5.927699	0.146188	2.220418	1.227397
13.658035	0.039370	5.778887	-1.969507	-8.898299	5.871040	0.144528	2.222042	1.225101
-4.717443	-5.453924	6.729619	-1.547070	-9.771609	4.751730	0.112932	2.250583	1.182635
-13.737001	-4.080638	3.705984	-0.612333	-10.015280	3.529629	0.080733	2.275452	1.141288
14.427128	5.540602	-2.276701	0.740177	-9.518687	2.010523	0.043533	2.299471	1.095170
2.100704	4.110837	-4.888479	2.010075	-8.298492	0.392714	0.006728	2.318592	1.050554
-15.642958	3.616455	-4.885001	2.061961	-8.224916	0.313969	0.005000	2.319378	1.048472
10.561246	3.083492	-4.869490	2.112758	-8.150092	0.235134	0.003275	2.320153	1.046395
17.016254	-4.942334	-2.412836	2.841759	-6.569566	-1.228446	-0.027809	2.332376	1.008948
-18.405375	4.491283	2.682213	3.137425	-4.658878	-2.709565	-0.057651	2.340867	0.972648
-18.247117	3.360212	3.944844	2.841119	-2.178888	-4.397575	-0.089893	2.346006	0.932321
20.532222	-3.094193	-0.156769	1.789995	0.471100	-6.027668	-0.119306	2.346185	0.893510
-4.351241	-3.190204	-0.410739	1.721541	0.601344	-6.104513	-0.120650	2.346067	0.891665
-20.554417	-3.228918	-0.664688	1.651621	0.731609	-6.181114	-0.121985	2.345938	0.889825
20.334477	2.762545	-4.272626	0.175428	3.048072	-7.509915	-0.144489	2.341627	0.857370
4.289742	1.914883	-4.000475	-1.573446	5.223245	-8.729974	-0.163895	2.333543	0.826054
-18.156572	-2.139678	-1.436187	-3.492373	7.361930	-9.959205	-0.181808	2.319607	0.791510
11.836974	1.864304	0.331249	-4.912298	8.912107	-10.963862	-0.194449	2.300691	0.758457
16.646281	1.995667	0.454525	-4.960783	8.967625	-11.005391	-0.194909	2.299665	0.756919
-16.582504	2.098166	0.586714	-5.007225	9.021329	-11.046333	-0.195356	2.298627	0.755384
-0.038122	-0.503427	4.130560	-5.451062	9.662107	-11.681793	-0.201053	2.277718	0.727980
14.791880	-2.594657	7.844643	-5.013511	9.638484	-12.101116	-0.201823	2.253038	0.701692
-14.261476	3.185222	8.795932	-3.279713	8.847337	-12.327043	-0.196114	2.220086	0.672900
-9.220882	0.494889	2.223977	-0.312548	7.373300	-12.298970	-0.183052	2.182286	0.645564
14.084808	0.162489	1.789640	-0.152924	7.288674	-12.291624	-0.182255	2.180369	0.644300
10.833827	-0.176863	1.350474	0.007556	7.202858	-12.283747	-0.181441	2.178442	0.643038
-14.192065	-4.881367	-6.574160	2.969381	5.440461	-12.048115	-0.163927	2.141346	0.620521
11.302758	-1.148153	-11.292988	5.527671	3.383605	-11.647608	-0.141794	2.100964	0.599100
14.754910	6.893336	-9.968775	7.269834	0.785119	-11.000115	-0.111387	2.050854	0.575842
-14.970579	8.024176	-2.318465	7.515204	-1.924236	-10.170087	-0.076508	1.997182	0.554018
-12.592763	7.587489	-1.728703	7.481902	-2.078309	-10.117819	-0.074411	1.994034	0.552820
14.981669	7.077823	-1.125946	7.443378	-2.232197	-10.065026	-0.072301	1.990876	0.551627
-4.617386	-5.639223	8.157574	6.203059	-4.518494	-9.203047	-0.039065	1.941859	0.534114
-14.850466	-9.956401	12.779692	3.672042	-6.640259	-8.233045	-0.003838	1.890859	0.517652
7.681786	10.843382	6.450772	-0.717598	-8.754948	-6.980823	0.039004	1.829241	0.499772
14.621656	7.184653	-5.102358	-5.265079	-10.308144	-5.616848	0.082849	1.765777	0.483312
-14.623528	5.498605	-5.589973	-5.449390	-10.362946	-5.551916	0.084869	1.762829	0.482591
7.492494	3.776131	-6.066236	-5.630258	-10.416165	-5.486791	0.086890	1.759878	0.481873
14.759932	-12.041603	-11.667863	-8.180294	-11.099974	-4.226296	0.124866	1.703786	0.468894
9.767942	-5.558421	-8.480308	-8.626157	-11.108666	-2.914010	0.162250	1.646983	0.456966
3.631777	8.870673	1.155324	-6.915396	-10.251098	-1.353403	0.203968	1.580789	0.444476
-5.047244	12.296430	8.673753	-3.513694	-8.605673	0.228566	0.243177	1.514501	0.433379
-7.756739	12.244546	8.820023	-3.331800	-8.515928	0.299931	0.244870	1.511520	0.432912
-16.062852	12.183381	8.944232	-3.147951	-8.424972	0.371285	0.246556	1.508539	0.432447
-1.989863	8.931336	7.776334	0.663347	-6.465439	1.736687	0.277459	1.451486	0.424070
16.968902	0.661048	2.510289	4.576777	-4.183793	3.080391	0.305138	1.395035	0.416726
-17.377690	-10.830053	-3.662651	8.086790	-1.302949	4.583516	0.332316	1.330971	0.409524
6.458421	-6.238560	-5.442034	9.282901	1.666594	6.009778	0.353482	1.268562	0.403688
17.631099	-5.784907	-5.404761	9.269105	1.803273	6.073556	0.354301	1.265719	0.403451
-17.637142	-5.327989	-5.357668	9.248863	1.939823	6.137152	0.355106	1.262878	0.403216
-13.558959	7.881627	2.054970	4.031222	7.208247	8.533591	0.374321	1.150104	0.396074
18.007328	-3.629255	5.147967	-4.799219	11.159187	10.367473	0.363343	1.046552	0.393845
-18.028107	-4.255848	4.908921	-4.978261	11.227966	10.401577	0.362718	1.044274	0.393851
-1.691084	-4.816732	4.649056	-5.154676	11.295612	10.435287	0.362075	1.042000	0.393860
18.074345	-5.276725	4.337381	-5.346440	11.368999	10.472059	0.361345	1.039494	0.393872
-2.341843	-5.502149	3.999333	-5.534926	11.440980	10.508345	0.360595	1.036993	0.393888
-18.614776	4.678606	-3.142856	-8.065874	12.388072	11.018668	0.345807	0.997794	0.394560
19.272291	-2.866296	-6.832649	-9.600772	12.922977	11.392896	0.325632	0.959762	0.396024
11.664996	-3.223289	-0.031667	-9.932374	12.911634	11.661899	0.291223	0.911896	0.399103
-18.241412	2.759969	10.607801	-8.509211	12.023388	11.691099	0.247328	0.865536	0.403506
-21.092536	2.827690	10.961847	-8.398292	11.957310	11.686581	0.244865	0.863241	0.403762
21.129377	2.852810	11.283056	-8.284036	11.889341	11.681512	0.242377	0.860948	0.404021
-9.268698	-1.446947	11.987336	-5.892857	10.468558	11.513925	0.196520	0.822489	0.408931
-21.859321	-3.389218	6.102183	-2.853321	8.616721	11.201361	0.144312	0.784750	0.414794
21.652495	4.368648	-3.540427	1.090398	6.047049	10.669369	0.076165	0.741295	0.422857
12.435277	-5.265810	-9.918082	4.947474	3.206285	9.978169	0.001530	0.698343	0.432212
-20.751459	-5.629279	-10.227952	5.120896	3.066413	9.941443	-0.002186	0.696295	0.432692
20.690948	-5.932367	-10.547011	5.292956	2.926243	9.904379	-0.005917	0.694246	0.433176
14.921686	-2.754924	-17.076570	8.069094	0.391556	9.187041	-0.074884	0.657464	0.442369
-17.419901	6.588929	-21.712770	10.014391	-2.097824	8.382302	-0.146942	0.620676	0.452509
-6.531897	10.903964	-20.987788	10.859222	-4.800662	7.354126	-0.233644	0.577652	0.465492
11.536461	6.214479	-13.847835	10.100613	-7.179656	6.247205	-0.322309	0.534130	0.479744
-11.371918	5.790862	-13.367415	10.025140	-7.287892	6.190721	-0.326729	0.531957	0.480483
-7.018437	5.384734	-12.877536	9.946368	-7.395187	6.134100	-0.331151	0.529783	0.481225
13.684837	-8.288141	9.591145	4.819914	-10.745164	3.885103	-0.500532	0.444654	0.511985
13.990005	-16.229261	26.699259	-2.981958	-12.407246	1.581754	-0.664098	0.354888	0.547246
-14.373831	-14.840905	26.881671	-3.166175	-12.422478	1.531963	-0.667542	0.352864	0.548065
4.436644	-13.343089	27.052092	-3.350786	-12.436772	1.482182	-0.670981	0.350834	0.548887
15.214664	-11.569313	27.223191	-3.553202	-12.451330	1.427729	-0.674740	0.348609	0.549790
-13.017566	-9.663351	27.376292	-3.755774	-12.464733	1.373371	-0.678487	0.346381	0.550694
-25.019219	15.756352	25.381824	-7.182428	-12.512310	0.451129	-0.741419	0.307531	0.566619
36.166092	-3.231519	11.449582	-10.127646	-12.200220	-0.444214	-0.801308	0.267445	0.583290
52.817256	-11.661265	-23.632712	-11.333433	-9.641639	-2.618342	-0.939359	0.155950	0.630350
-23.751510	8.412736	15.535070	0.189830	-5.010763	-4.502478	-1.042718	0.032947	0.682419
22.313242	7.046098	16.183395	0.486188	-4.896217	-4.539858	-1.044509	0.030121	0.683610
0.635286	2.506723	16.779806	0.781057	-4.781349	-4.577070	-1.046279	0.027289	0.684802
-19.321122	-3.721577	17.333786	1.082994	-4.662715	-4.615223	-1.048079	0.024364	0.686033
17.806537	-8.203669	17.820335	1.382891	-4.543774	-4.653198	-1.049857	0.021433	0.687267
12.050627	-7.913048	18.238659	1.683653	-4.423280	-4.691391	-1.051630	0.018463	0.688516
-14.827577	-4.856081	18.584543	1.982046	-4.302431	-4.729425	-1.053380	0.015484	0.689768
-11.306573	1.386816	16.896784	5.976444	-2.501260	-5.268034	-1.076358	-0.029266	0.708520
-7.589818	5.870830	7.842004	8.923358	-0.702669	-5.764042	-1.093800	-0.075664	0.727823
-5.423000	6.886358	-5.656436	10.686580	1.702178	-6.383195	-1.108247	-0.143593	0.755800
-2.177637	-6.840927	-10.442648	8.940100	3.847435	-6.907839	-1.110206	-0.214989	0.784850
0.264289	6.706969	-0.944439	3.349024	5.719268	-7.340115	-1.098469	-0.291586	0.815668
0.384686	6.830763	6.709187	-3.207478	7.232915	-7.660085	-1.072034	-0.371730	0.847596
-9.360952	-6.625380	-0.468942	-7.603308	8.348465	-7.859784	-1.030515	-0.454644	0.880347
12.953833	6.198273	-4.510263	-9.051469	9.048578	-7.935723	-0.972992	-0.540896	0.914175
14.263720	6.080880	-4.418299	-9.041970	9.070884	-7.936138	-0.969862	-0.545058	0.915803
-14.345655	5.807401	-4.296278	-9.025382	9.092192	-7.936260	-0.966694	-0.549226	0.917433
3.361935	-5.563108	1.066410	-7.502349	9.314468	-7.876911	-0.896360	-0.633315	0.950238
11.808325	-2.862102	3.516875	-4.660743	9.178041	-7.695469	-0.812458	-0.720044	0.983982
-9.130904	-1.943667	3.525892	-4.513951	9.162926	-7.683498	-0.808072	-0.724307	0.985639
-11.633942	-1.022881	3.527258	-4.367390	9.147045	-7.671221	-0.803654	-0.728578	0.987300
10.680454	4.207443	2.309978	-1.616806	8.692432	-7.373213	-0.711424	-0.813415	1.020272
0.357137	-0.617078	-0.242396	0.773432	7.996292	-6.974303	-0.609071	-0.900353	1.054078
-12.131772	-3.186505	-2.806681	2.885822	6.953743	-6.405184	-0.479744	-1.003046	1.094088
13.941076	2.758827	-3.228083	4.209613	5.721683	-5.737272	-0.339729	-1.108175	1.135195
7.564897	2.860122	-3.198937	4.255558	5.662084	-5.704744	-0.333109	-1.113027	1.137097
-14.106199	2.935208	-3.166267	4.300551	5.602204	-5.672029	-0.326465	-1.117887	1.139003
-12.310582	2.206835	-2.056677	4.969620	4.424161	-5.019656	-0.196432	-1.211357	1.175742
16.729202	-0.281998	-0.593445	5.278867	3.207979	-4.320654	-0.060521	-1.306380	1.213299
-4.512195	-2.425169	1.068343	5.184498	1.824188	-3.475088	0.101823	-1.417446	1.257510
-18.562614	-3.738299	2.379859	4.615074	0.514393	-2.603296	0.269163	-1.530208	1.302793
18.593004	-3.790321	2.427913	4.576476	0.454295	-2.561304	0.277260	-1.535636	1.304984
-1.934978	-3.840607	2.474346	4.536875	0.394449	-2.519297	0.285364	-1.541067	1.307177
-19.351045	-5.415211	2.581337	2.163777	-1.759738	-0.849034	0.614490	-1.761131	1.396994
19.156280	1.756038	-0.611874	-1.040033	-3.308135	0.710636	0.945479	-1.985267	1.490659
16.837855	2.396997	-0.680531	-1.099982	-3.334518	0.743484	0.952859	-1.990341	1.492808
-19.126047	3.051213	-0.747632	-1.158719	-3.360481	0.776191	0.960229	-1.995413	1.494957
9.359598	3.770865	-0.820360	-1.222601	-3.388872	0.812416	0.968418	-2.001053	1.497349
19.090363	4.452147	-0.890995	-1.284930	-3.416761	0.848492	0.976600	-2.006695	1.499743
-5.994444	7.675924	-1.643016	-2.033611	-3.798653	1.414813	1.109144	-2.098955	1.539141
-18.258562	4.321821	-1.452749	-2.160543	-4.040471	1.934889	1.239392	-2.191553	1.579165
16.786638	-1.910236	0.888491	-0.241960	-4.067963	3.047344	1.564297	-2.434852	1.686870
10.125406	-9.772320	0.385704	1.665473	-3.213215	3.781716	1.855969	-2.678185	1.798787
-15.360051	-7.819553	0.293989	1.667378	-3.182729	3.794118	1.862238	-2.683816	1.801433
10.546532	-5.671598	0.198441	1.666334	-3.151757	3.806307	1.868483	-2.689446	1.804080
15.305413	-3.193623	0.099348	1.662304	-3.120164	3.818335	1.874730	-2.695101	1.806742
-15.278330	-0.313544	-0.002059	1.655277	-3.088118	3.830141	1.880948	-2.700751	1.809404
-9.368388	2.818996	-0.106556	1.645073	-3.055145	3.841892	1.887227	-2.706479	1.812106
15.223444	5.823294	-0.211886	1.631767	-3.021725	3.853415	1.893476	-2.712203	1.814808
-9.240154	9.595133	-1.351900	1.101880	-2.503969	3.992668	1.979048	-2.793147	1.853331
-14.393146	-9.312072	-0.605556	0.009049	-1.925453	4.086748	2.058820	-2.873819	1.892313
13.761411	8.710765	2.440170	-1.565516	-1.084070	4.141369	2.160382	-2.986811	1.947964
-3.314136	5.216303	-0.012224	-2.054257	-0.305676	4.103277	2.248247	-3.098979	2.004517
-12.597422	-7.000859	-4.931589	-1.324196	0.371949	3.963365	2.323880	-3.214350	2.064166
12.203591	4.893645	-5.513535	0.332551	0.898226	3.718451	2.382919	-3.328454	2.124771
12.237402	5.443990	-5.356172	0.422256	0.918783	3.704508	2.385242	-3.333708	2.127603
-12.228304	5.940696	-5.179368	0.512543	0.938994	3.690332	2.387528	-3.338959	2.130437
-3.303511	4.240589	0.889856	2.182620	1.251742	3.381661	2.423501	-3.437018	2.184056
12.389496	-4.329669	7.569671	3.329603	1.427128	2.997042	2.445980	-3.533902	2.238395
-5.107188	-1.649707	7.100892	3.360600	1.445306	2.473962	2.454606	-3.643968	2.301904
-13.889584	2.804987	-0.455084	2.274754	1.293602	1.886602	2.444029	-3.752087	2.366354
13.944008	2.709592	-0.911534	2.202878	1.282822	1.857170	2.443025	-3.757226	2.369474
6.399321	2.573531	-1.371563	2.129603	1.271763	1.827645	2.441974	-3.762360	2.372595
-15.107754	-2.246257	-8.837886	0.629103	1.030555	1.282142	2.414978	-3.854050	2.429284
9.951947	-1.017310	-10.909971	-0.993256	0.732192	0.722763	2.372408	-3.943824	2.486667
17.490901	1.502925	-5.839947	-2.672675	0.357331	0.077912	2.303010	-4.045086	2.553955
-18.220733	-1.272337	3.229083	-3.988391	-0.001991	-0.541558	2.211263	-4.143201	2.622163
-4.165511	-1.268722	3.632036	-4.039276	-0.017586	-0.569508	2.206413	-4.147706	2.625375
18.254597	-1.245977	4.027034	-4.089096	-0.033024	-0.597330	2.201515	-4.152201	2.628586
-12.855356	0.227605	9.760513	-4.811249	-0.285752	-1.089000	2.101761	-4.233890	2.688316
-17.966547	1.109364	12.159936	-5.112277	-0.452656	-1.527239	1.984174	-4.312772	2.748720
17.425333	-1.142646	11.764080	-4.904053	-0.499675	-1.945203	1.826336	-4.399707	2.818975
-4.908491	-0.081941	10.017390	-4.212501	-0.408756	-2.252095	1.643495	-4.482361	2.890107
-16.999387	0.006924	9.903238	-4.169110	-0.401630	-2.263902	1.634032	-4.486233	2.893559
16.989196	0.092286	9.787409	-4.124895	-0.394292	-2.275429	1.624509	-4.490095	2.897014
6.648693	1.587120	7.600458	-3.200761	-0.230937	-2.435179	1.442309	-4.557884	2.959678
-17.192012	1.619627	5.233552	-2.089634	-0.027763	-2.503449	1.240031	-4.621979	3.022997
-1.896879	-1.649554	2.770568	-0.671373	0.221735	-2.469291	0.980620	-4.691287	3.097094
17.968409	-2.218390	-0.124393	0.774806	0.450195	-2.320232	0.695768	-4.755067	3.172059
-6.885952	-2.045004	-0.284883	0.837531	0.459224	-2.311127	0.682631	-4.757755	3.175394
-17.994853	-1.850696	-0.448749	0.900023	0.468130	-2.301822	0.669461	-4.760430	3.178729
18.166103	2.549227	-4.003825	2.072545	0.614371	-2.078964	0.402984	-4.810549	3.244476
7.773255	-0.384493	-7.005688	3.090606	0.689832	-1.783870	0.122961	-4.856056	3.310865
-17.981512	-3.192189	-7.907663	3.988593	0.657804	-1.364741	-0.211521	-4.902405	3.387971
15.216435	3.324982	-5.117875	4.572417	0.466260	-0.873433	-0.554629	-4.942068	3.465895
17.552953	3.437102	-4.948537	4.590201	0.453931	-0.850836	-0.569597	-4.943628	3.469286
-17.530271	3.509452	-4.777632	4.607341	0.441248	-0.828144	-0.584571	-4.945176	3.472678
-6.910967	-0.562385	-1.235450	4.810005	0.110168	-0.355070	-0.886630	-4.973480	3.541263
16.409440	-3.857796	1.809132	4.710001	-0.356185	0.135024	-1.187780	-4.996225	3.610434
-15.732018	3.957248	3.637827	4.109312	-0.992736	0.693328	-1.529114	-5.015243	3.690787
-13.007893	2.733696	3.616181	2.901652	-1.644447	1.214687	-1.859758	-5.026254	3.771853
15.134924	2.369245	3.578348	2.825893	-1.676154	1.239556	-1.876146	-5.026592	3.775981
8.595115	1.985060	3.537776	2.748872	-1.707660	1.264259	-1.892501	-5.026910	3.780114
-14.768915	-3.977838	2.528613	1.313900	-2.194315	1.649788	-2.161614	-5.028974	3.850097
14.560930	-1.604568	1.178206	-0.208890	-2.554983	1.962545	-2.415609	-5.024674	3.920541
12.542649	3.888908	-0.382132	-1.772168	-2.736588	2.209050	-2.688964	-5.011298	4.003395
-14.459467	1.806378	-1.333453	-2.731481	-2.576365	2.305307	-2.932893	-4.988589	4.086799
-0.299170	1.444085	-1.356110	-2.758081	-2.557122	2.306323	-2.944985	-4.987115	4.091245
14.463047	1.071169	-1.375401	-2.781815	-2.536748	2.306944	-2.956990	-4.985613	4.095691
6.465620	-3.789262	-1.083852	-2.792338	-2.043238	2.264750	-3.138516	-4.957555	4.167642
-14.616366	-2.888737	0.417836	-2.216166	-1.229225	2.132496	-3.297200	-4.922135	4.239936
14.818875	3.743694	1.692341	-1.014653	-0.020634	1.894367	-3.447057	-4.873841	4.320690
-15.135175	-3.746917	0.406069	0.572781	1.401189	1.576358	-3.569121	-4.815912	4.401794
15.592847	-0.435951	-3.294316	2.004080	3.005931	1.173903	-3.667592	-4.744470	4.487430
9.476951	3.915246	-4.365729	2.285440	4.597064	0.720674	-3.735446	-4.662154	4.573370
-16.175276	3.685255	-4.242388	2.254190	4.674285	0.696928	-3.738047	-4.657732	4.577692
2.981077	3.390286	-4.098333	2.218141	4.751070	0.673118	-3.740568	-4.653286	4.582012
16.698897	-4.155936	0.664082	1.017264	5.961477	0.258353	-3.771691	-4.573348	4.655654
-7.925812	0.330912	6.638909	-0.765774	6.860291	-0.165984	-3.780528	-4.485348	4.729456
-17.484397	5.198239	8.562964	-2.576934	7.284700	-0.657072	-3.762617	-4.372518	4.815716
17.528780	-5.923951	0.660847	-3.132575	6.783396	-1.127286	-3.713919	-4.249082	4.902116
13.811869	-6.166153	0.122329	-3.119560	6.729067	-1.150148	-3.710650	-4.242606	4.906461
-17.511953	-6.325237	-0.419315	-3.102511	6.671769	-1.172927	-3.707302	-4.236105	4.910807
17.207843	-0.454978	-9.002424	-2.213918	5.248542	-1.550767	-3.637197	-4.120210	4.985655
12.134805	7.306700	-12.806478	-0.349054	3.117322	-1.897072	-3.543317	-3.997023	5.060543
-10.847536	10.723938	-8.399478	2.494076	0.090096	-2.248576	-3.405293	-3.846327	5.146895
-15.218102	0.667927	5.209466	4.902128	-3.181572	-2.538767	-3.235542	-3.686761	5.233219
15.184332	-0.604009	5.947879	4.987057	-3.345012	-2.551472	-3.226229	-3.678559	5.237533
-15.150961	-1.921704	6.677943	5.067393	-3.508119	-2.563995	-3.216837	-3.670337	5.241847
-10.809678	-14.613542	15.486002	5.572134	-6.233805	-2.750096	-3.042533	-3.525265	5.316212
14.305902	-3.707367	11.880947	4.146347	-8.680530	-2.874883	-2.845139	-3.374235	5.390497
7.133264	19.074236	-15.649229	-2.872324	-12.507040	-2.880291	-2.290960	-2.993825	5.566207
-16.642830	3.387907	-7.744749	-7.429405	-11.951702	-2.427147	-1.636301	-2.585213	5.740944
16.724778	-10.784558	-7.026905	-7.485372	-11.868649	-2.411603	-1.619907	-2.575293	5.745040
-16.100064	-18.989010	-6.288173	-7.539016	-11.782022	-2.395872	-1.603482	-2.565365	5.749132
-16.892273	-17.199241	-5.571115	-7.587630	-11.696763	-2.380818	-1.587915	-2.555966	5.753000
16.979999	-8.445431	-4.840600	-7.634191	-11.608231	-2.365592	-1.572313	-2.546555	5.756868
12.809484	5.224514	-4.029116	-7.682964	-11.507192	-2.348669	-1.555133	-2.536204	5.761116
10.197752	18.762578	-3.215151	-7.729247	-11.402166	-2.331541	-1.537910	-2.525838	5.765363
-19.240672	16.590383	6.949064	-8.089537	-9.562169	-2.076227	-1.296871	-2.381803	5.823708
25.640821	-16.055691	13.094307	-7.824022	-7.048559	-1.787935	-1.048870	-2.235205	5.881884
26.654017	-15.728743	12.828839	-5.987140	-2.683346	-1.337305	-0.690456	-2.025099	5.963339
-30.954613	0.962030	5.493309	-2.318686	2.212500	-0.847087	-0.323053	-1.810615	6.044391
15.426403	7.023514	-3.638965	2.028674	7.207527	-0.325946	0.055069	-1.589506	6.125965
34.794326	-1.729605	-8.998643	5.504898	11.738656	0.204989	0.436684	-1.364724	6.207048
-32.450954	-1.800715	-7.229772	7.169657	15.289162	0.728460	0.817602	-1.137472	6.287321
-2.205003	0.402660	-0.164624	7.127388	17.470270	1.230976	1.196282	-0.907389	6.367025
25.874771	0.062921	0.255927	7.081074	17.541573	1.255063	1.214940	-0.895920	6.370959
-25.451747	-0.325146	0.673460	7.030427	17.609517	1.279074	1.233598	-0.884438	6.374894
-10.553071	0.289841	5.912505	5.233804	18.286600	1.711267	1.581626	-0.667467	6.448619
9.433636	0.757032	4.676137	1.967644	17.948663	2.099973	1.922685	-0.448749	6.521778
-9.219357	-0.325151	4.482040	1.781731	17.907492	2.118552	1.939849	-0.437554	6.525494
-4.437090	-1.494723	4.279657	1.595516	17.864196	2.136996	1.956978	-0.426363	6.529205
5.688844	-3.821402	-3.394138	-3.927382	14.484215	2.793862	2.639250	0.038474	6.681070
23.079365	-3.496167	2.302173	-0.472686	8.779362	3.254646	3.257957	0.506422	6.829989
2.545145	-0.307815	2.290597	-0.334679	8.605974	3.263930	3.272688	0.518348	6.833739
-23.301154	2.832081	2.256596	-0.197590	8.431182	3.273095	3.287363	0.530274	6.837487
23.390109	5.503933	2.201212	-0.065790	8.260333	3.281872	3.301545	0.541842	6.841120
-14.689815	7.523619	2.122816	0.064576	8.088215	3.290538	3.315673	0.553409	6.844751
-23.165741	-8.588143	-0.888589	1.796292	5.112793	3.416941	3.539498	0.743009	6.903999
20.624211	2.698580	-1.954403	2.093940	1.951072	3.514377	3.747603	0.932366	6.962689
-15.686249	10.135483	0.592900	-0.100464	-2.248292	3.598764	3.990901	1.176341	7.037668
-5.325926	-1.617283	2.506181	-2.145888	-6.676800	3.638053	4.202493	1.419127	7.111640
10.736842	-3.314908	2.512134	-2.198756	-6.898443	3.638837	4.211817	1.430765	7.115171
-10.555502	-4.990506	2.507622	-2.246108	-7.121026	3.639522	4.221059	1.442399	7.118700
8.260764	-10.759090	0.360466	-2.158687	-11.228933	3.634949	4.373525	1.651527	7.181923
-7.726436	10.794018	-3.725586	-0.366028	-15.218782	3.598876	4.497896	1.859126	7.244330
9.660643	-5.646315	-0.066083	3.162338	-19.142528	3.517304	4.606144	2.097893	7.315736
12.383452	-10.229511	5.209106	5.475466	-21.769545	3.391109	4.676290	2.333758	7.385958
-12.589903	-6.342087	5.404633	5.499122	-21.856321	3.383665	4.678792	2.345342	7.389400
12.800103	-2.416372	5.589618	5.511292	-21.938566	3.376111	4.681202	2.356911	7.392837
-11.418401	9.495054	4.717369	3.965375	-22.667738	3.227360	4.708719	2.555121	7.451646
-21.039305	-8.566413	-5.578122	-0.291706	-22.151432	3.043678	4.710169	2.750580	7.509531
24.328917	7.316364	-7.817289	-6.563615	-20.085454	2.788942	4.679704	2.975365	7.576019
25.927987	0.383687	1.876175	-11.608076	-16.578232	2.497351	4.615576	3.195888	7.641164
-25.885007	-0.604850	2.469147	-11.790386	-16.360906	2.481422	4.611386	3.207143	7.644486
15.585844	-1.535195	3.054888	-11.962838	-16.140159	2.465412	4.607112	3.218386	7.647805
23.572538	-5.320759	8.890664	-13.088606	-12.005403	2.188109	4.523924	3.403477	7.702404
-19.661520	4.944783	3.387246	-10.441898	-7.130012	1.891963	4.418611	3.585254	7.755956
-5.868822	-4.263958	-3.899815	-4.042647	-0.887540	1.527569	4.269459	3.792919	7.817037
11.522803	-4.968535	-9.271523	4.281715	5.496093	1.147969	4.093732	3.995845	7.876614
9.621984	-3.941135	-9.404052	4.739491	5.821233	1.128020	4.083952	4.006212	7.879655
-11.358179	-2.883397	-9.516551	5.198717	6.145394	1.108046	4.074107	4.016566	7.882691
-9.595471	4.930801	-9.297622	12.784784	11.310160	0.774413	3.901763	4.186094	7.932358
13.193797	0.976657	-7.136869	19.479414	15.884836	0.437698	3.712640	4.351955	7.980857
-16.482810	-4.226267	-0.954804	24.503138	20.081846	0.044540	3.471651	4.541258	8.036084
-0.388188	3.731054	9.087354	24.521507	22.641207	-0.342385	3.211202	4.725320	8.089634
19.818123	3.659674	9.294970	24.340263	22.727227	-0.362431	3.197017	4.734843	8.092400
-20.804593	3.471085	9.438665	24.138923	22.808352	-0.382433	3.182793	4.744345	8.095160
-21.476594	-3.577551	3.730118	18.344553	23.483437	-0.701774	2.945334	4.896547	8.139293
21.328647	4.008722	-9.349896	8.975420	23.072745	-1.008987	2.696380	5.044819	8.182146
16.580191	-5.302221	-9.700932	-4.845722	21.356262	-1.366811	2.377468	5.221002	8.232851
-11.894703	2.315786	2.109124	-18.102158	18.617757	-1.702687	2.045153	5.391114	8.281545
11.526855	4.812916	2.586542	-18.609643	18.479312	-1.716905	2.030287	5.398443	8.283637
-0.514514	7.121154	3.044225	-19.107971	18.339569	-1.731078	2.015399	5.405760	8.285724
-3.610870	-8.247437	8.396512	-26.306809	15.662684	-1.975845	1.746634	5.534169	8.322254
0.220078	1.840839	10.713701	-29.824884	12.742919	-2.205221	1.472072	5.658757	8.357498
6.278596	9.550232	4.134149	-21.720417	5.098652	-2.704784	0.768817	5.952477	8.439615
10.971502	-8.625633	-11.898321	0.946131	-2.610267	-3.090880	0.051486	6.221470	8.513217
-12.195097	3.564525	-12.193436	1.517183	-2.783745	-3.098370	0.034844	6.227397	8.514816
13.442113	8.569034	-12.458287	2.086790	-2.956737	-3.105787	0.018215	6.233306	8.516410
4.830820	5.048960	-12.670889	2.650722	-3.128014	-3.113081	0.001715	6.239156	8.517987
-15.923651	-1.591795	-12.817295	3.212802	-3.298790	-3.120303	-0.014773	6.244989	8.519558
18.374823	-6.175870	-12.883497	3.798571	-3.476888	-3.127781	-0.032007	6.251072	8.521195
18.430256	-8.454676	-12.844133	4.381894	-3.654428	-3.135181	-0.049229	6.257137	8.522826
-32.432877	5.307927	-2.635495	12.137411	-6.069900	-3.230363	-0.288300	6.339921	8.544967
-39.765322	7.671535	13.296129	18.768036	-8.366506	-3.310886	-0.526372	6.419850	8.566103
-13.745070	-6.490070	12.518184	28.019820	-14.135714	-3.458175	-1.214322	6.637854	8.622245
-8.773191	-3.201040	-11.845359	22.451152	-18.009233	-3.463087	-1.873975	6.830355	8.669264
-4.798889	-2.179534	-12.179844	22.178489	-18.080927	-3.461295	-1.889866	6.834804	8.670312
18.563028	-1.061652	-12.487818	21.901353	-18.151435	-3.459410	-1.905721	6.839235	8.671354
-3.164217	0.092273	-12.755343	21.633438	-18.217474	-3.457527	-1.920784	6.843436	8.672340
-17.835576	1.228092	-12.996872	21.361556	-18.282484	-3.455558	-1.935822	6.847622	8.673321
13.080631	4.541996	-12.809079	16.458177	-19.198392	-3.411183	-2.177051	6.913719	8.688539
12.365880	-2.214688	-5.192845	10.954789	-19.853480	-3.343090	-2.410965	6.975905	8.702334
-8.723228	-3.394298	6.611623	3.784739	-20.333989	-3.217551	-2.703408	7.050948	8.718129
-3.800259	2.828859	11.686835	-2.274875	-20.416026	-3.048426	-2.980946	7.119219	8.731436
8.937596	2.235609	11.638398	-2.528943	-20.410130	-3.038816	-2.994370	7.122444	8.732033
-8.975107	1.562203	11.557357	-2.777687	-20.403307	-3.029094	-3.007754	7.125651	8.732625
7.904980	-1.790691	-10.730204	-10.809678	-18.429495	-2.276307	-3.725081	7.284605	8.756187
18.195347	1.934552	10.403980	-12.986601	-14.016557	-1.260330	-4.287066	7.381907	8.756631
6.016916	0.795942	10.450720	-12.974302	-13.934318	-1.241969	-4.295002	7.382990	8.756437
-18.316103	-0.245496	10.465245	-12.959896	-13.851977	-1.223560	-4.302896	7.384057	8.756236
18.370858	-0.995896	10.448762	-12.944565	-13.775314	-1.206397	-4.310200	7.385034	8.756043
16.892772	-1.490913	10.402363	-12.927339	-13.698568	-1.189192	-4.317467	7.385996	8.755844
-18.481652	-1.810499	10.318859	-12.906863	-13.616682	-1.170808	-4.325173	7.387006	8.755626
-0.812434	-2.003278	10.199054	-12.884182	-13.534719	-1.152380	-4.332837	7.387999	8.755400
19.256964	1.437429	5.654706	-12.339788	-12.387548	-0.892152	-4.434811	7.400024	8.751564
-1.844748	2.383307	-0.784702	-11.375451	-11.226921	-0.627068	-4.527474	7.408630	8.746424
-12.468843	2.267045	-1.229811	-11.293572	-11.146057	-0.608625	-4.533524	7.409098	8.746020
-19.970921	2.135079	-1.671626	-11.209788	-11.065137	-0.590179	-4.539525	7.409549	8.745611
-19.114432	-1.388670	-8.524157	-9.310903	-9.545507	-0.246998	-4.642251	7.414916	8.736902
-9.105787	-2.756074	-10.666685	-6.742127	-7.969244	0.097846	-4.729074	7.414609	8.726023
1.700605	-2.790400	-5.793508	-3.047516	-6.059720	0.492788	-4.808862	7.407134	8.710791
22.795023	-1.456553	4.791356	0.620089	-4.022633	0.880533	-4.866450	7.391897	8.692686
-22.831343	-1.232297	5.278497	0.779081	-3.920476	0.899002	-4.868661	7.390962	8.691738
-18.904941	-0.998764	5.752140	0.935426	-3.818016	0.917429	-4.870816	7.390008	8.690785
23.457366	2.411139	10.373940	3.184496	-1.907012	1.243592	-4.900452	7.369654	8.672501
-13.966799	0.380652	4.760982	4.061468	0.142315	1.556864	-4.912429	7.343187	8.652106
-22.796701	-1.628418	-5.980620	3.560385	2.671575	1.896903	-4.903870	7.305052	8.626075
20.243698	1.162090	-8.829081	1.972641	5.285955	2.210489	-4.870865	7.258537	8.597332
-10.891290	1.045000	-8.615468	1.884584	5.404214	2.224061	-4.868769	7.256216	8.595959
-19.906212	0.916416	-8.369136	1.795614	5.522329	2.237577	-4.866621	7.253875	8.594579
10.456465	0.623899	6.821243	-1.512870	10.022056	2.738519	-4.728946	7.139538	8.531824
-4.233270	-0.729369	-4.406422	-1.019746	12.739874	3.087793	-4.495788	6.993006	8.459643
3.680476	0.185197	-4.120376	-0.960819	12.774224	3.094206	-4.488794	6.988981	8.457741
4.213512	0.774788	-3.787693	-0.900254	12.806746	3.100505	-4.481741	6.984935	8.455835
-4.217907	0.719605	-3.420849	-0.837342	12.837828	3.106771	-4.474531	6.980816	8.453897
4.232305	0.170180	-3.045003	-0.773081	12.866979	3.112914	-4.467264	6.976680	8.451954
-5.753460	-0.901393	1.219406	0.336391	13.058274	3.195358	-4.341122	6.907023	8.419732
1.351572	-2.025092	2.269553	1.148076	12.671532	3.244665	-4.198772	6.832276	8.386035
15.478166	-2.925316	-0.138018	1.022673	11.240118	3.258903	-3.990235	6.728082	8.340262
-22.275434	0.891372	-0.698438	-0.272792	8.821870	3.217578	-3.754146	6.615633	8.292096
15.758665	1.085445	-0.637945	-0.362239	8.679170	3.214090	-3.741701	6.609834	8.289642
22.920583	1.271294	-0.569734	-0.453578	8.534529	3.210466	-3.729188	6.604014	8.287181
-27.825572	3.442946	0.548245	-2.018954	5.740588	3.126248	-3.501325	6.499799	8.243540
0.296398	4.073397	-1.261021	-2.599244	2.507175	3.002676	-3.254092	6.389666	8.198182
29.827262	-0.420291	-1.655538	-1.105013	-1.538517	2.812449	-2.945179	6.254922	8.143572
-22.986936	-1.298299	3.018664	2.295198	-5.360714	2.574205	-2.613920	6.112531	8.086743
16.359028	-0.119537	2.955701	2.463422	-5.533691	2.561044	-2.596758	6.105188	8.083834
21.909973	1.042504	2.837214	2.628074	-5.704276	2.547764	-2.579537	6.097821	8.080917
-10.195759	-0.115051	-3.592961	4.559038	-8.150268	2.302432	-2.276267	5.968271	8.029938
-4.622656	-0.977849	-6.651669	3.737178	-9.430489	2.026394	-1.960546	5.833254	7.977372
7.183069	-2.001597	11.542705	-6.602826	-7.635493	1.265867	-1.173016	5.491780	7.846527
13.047937	-2.328517	2.336460	-3.005276	-0.545974	0.397410	-0.351156	5.121403	7.707273
-4.791464	1.970600	-1.639187	-2.647392	-0.368345	0.376857	-0.332304	5.112673	7.704019
-16.765733	3.216831	-5.566020	-2.277582	-0.191427	0.356289	-0.313459	5.103934	7.700762
18.708642	-0.320106	-9.209802	-1.893093	-0.013577	0.335504	-0.294438	5.095101	7.697471
8.559406	-4.139911	-12.313717	-1.498568	0.163376	0.314705	-0.275424	5.086259	7.694178
-22.652028	-4.638326	-14.681474	-1.093216	0.340142	0.293798	-0.256333	5.077368	7.690868
24.607886	-0.510590	-16.141233	-0.679342	0.516054	0.272852	-0.237227	5.068457	7.687552
-30.946955	12.908167	16.194861	5.383257	2.906546	-0.034095	0.040589	4.937350	7.638891
-66.772391	-3.322294	17.441619	8.443979	4.795983	-0.344557	0.318124	4.803230	7.589351
80.498538	-31.540685	-17.570890	3.465589	6.231469	-0.780815	0.703886	4.610762	7.518645
-6.915089	20.639851	-4.923672	-4.980576	6.351228	-1.214510	1.084690	4.412642	7.446290
-77.689212	44.232481	16.282061	-8.835074	5.290306	-1.658749	1.475272	4.199312	7.368813
65.933018	-41.475029	-6.259733	-2.622585	3.306378	-2.087234	1.854695	3.980079	7.289611
60.700306	-42.955254	-7.386484	-2.199708	3.199759	-2.106710	1.872039	3.969731	7.285882
57.149273	-43.922214	-8.436226	-1.774113	3.092328	-2.126140	1.889352	3.959370	7.282150
12.377096	-3.504640	-13.853375	5.465888	1.018713	-2.478534	2.205485	3.764352	7.212048
-38.987489	33.698276	-0.958918	8.392416	-0.939179	-2.811226	2.508911	3.565139	7.140719
26.087632	-24.744961	10.842851	4.792797	-2.729242	-3.182466	2.856338	3.318629	7.052812
-18.953640	14.416958	-7.916324	-3.957268	-3.816154	-3.513630	3.178971	3.066330	6.963200
11.198947	15.140033	-8.378988	-4.284392	-3.848003	-3.527146	3.192503	3.055133	6.959230
18.690484	15.543591	-8.735490	-4.596689	-3.878551	-3.540580	3.205990	3.043919	6.955254
-18.803103	-3.362125	-2.499120	-7.578602	-4.202862	-3.764197	3.436573	2.842537	6.883944
2.606778	-6.392820	5.627545	-6.255535	-4.129786	-3.955415	3.647966	2.638007	6.811644
26.269021	3.646058	2.787416	-0.366062	-3.605911	-4.135676	3.877933	2.383830	6.721906
-27.847283	-2.642076	-3.278314	6.030253	-2.743739	-4.249511	4.073517	2.125529	6.630769
-4.506360	-1.842505	-3.116115	6.224456	-2.694235	-4.253349	4.082368	2.112468	6.626161
27.700571	-0.981089	-2.887559	6.399696	-2.644300	-4.257000	4.091118	2.099405	6.621552
-24.047263	2.568854	3.354885	6.956780	-1.732519	-4.290319	4.226675	1.873394	6.541794
-8.967322	-2.741468	-2.308098	4.467626	-0.778557	-4.266231	4.334002	1.644802	6.461064
10.199178	3.027685	-5.792369	0.304828	0.293962	-4.164259	4.423232	1.377798	6.366636
-6.033276	1.710012	2.743796	-3.118955	1.251654	-3.979951	4.475845	1.107930	6.270987
5.983474	-1.016623	3.366764	-3.253762	1.291752	-3.969380	4.477404	1.095377	6.266532
-5.949005	-3.611985	3.990601	-3.386821	1.331408	-3.958625	4.478887	1.082820	6.262074
7.761605	4.427433	9.860615	-5.617849	1.983295	-3.722189	4.492507	0.845934	6.177868
5.549391	2.586917	-1.523903	-7.337521	2.419103	-3.419087	4.479399	0.607367	6.092801
-19.526615	-6.921461	-13.127841	-7.754357	2.578594	-2.984354	4.431850	0.330395	5.993657
24.266375	8.173934	-0.474604	-5.621627	2.320426	-2.459449	4.351159	0.051754	5.893455
-17.714711	7.600290	0.302140	-5.474664	2.299810	-2.433602	4.346727	0.039038	5.888870
-24.484100	6.888162	1.068133	-5.324255	2.278495	-2.407579	4.342229	0.026310	5.884280
24.571718	-9.006443	12.512749	-1.992142	1.757040	-1.884349	4.244543	-0.216323	5.796569
-10.114219	-8.913700	14.839977	1.645087	1.066689	-1.314606	4.124674	-0.459804	5.708126
-17.755501	4.444415	5.628025	5.298370	0.157260	-0.611934	3.960103	-0.741954	5.605056
14.184917	9.018602	-6.215415	8.075989	-0.761072	0.123013	3.769346	-1.024706	5.501093
-14.070459	9.085699	-6.703709	8.184517	-0.803186	0.158661	3.759608	-1.038225	5.496104
-9.609572	9.098248	-7.179869	8.290730	-0.845043	0.194344	3.749815	-1.051744	5.491113
14.172519	-8.039872	-11.731998	10.474128	-2.143612	1.597980	3.325874	-1.580332	5.294610
-19.534019	7.179383	8.862089	8.055315	-2.438294	2.949262	2.829591	-2.108159	5.095422
-14.952255	7.222399	9.154152	7.919005	-2.432568	2.982001	2.816144	-2.121545	5.090328
-2.504452	7.214460	9.413900	7.778450	-2.426235	3.014658	2.802649	-2.134937	5.085230
22.754847	-0.825639	8.693454	4.347855	-2.194433	3.617628	2.537387	-2.390686	4.987436
-25.068711	-7.788629	0.645236	-0.183254	-1.771780	4.172954	2.259495	-2.645582	4.889114
6.922060	-7.024404	0.090308	-0.451715	-1.743632	4.201853	2.243911	-2.659539	4.883705
25.266289	-6.132128	-0.468574	-0.721488	-1.714999	4.230579	2.228294	-2.673493	4.878294
-26.483489	8.845258	-7.256146	-5.454636	-1.151495	4.695787	1.954727	-2.912952	4.785001
10.329502	-3.304559	-1.975255	-9.781485	-0.470141	5.100884	1.672632	-3.151275	4.691294
27.132722	-11.999008	7.140492	-12.261460	0.443107	5.487137	1.333939	-3.428032	4.581330
-7.942619	13.787609	3.618228	-10.158134	1.429880	5.767276	0.987308	-3.702726	4.470879
-26.986667	13.776584	3.169929	-9.946516	1.479697	5.778391	0.969599	-3.716561	4.465280
-11.501957	13.471152	2.706982	-9.726596	1.529405	5.789206	0.951865	-3.730399	4.459676
26.806678	-12.508689	-5.542440	-5.018541	2.333431	5.924160	0.649443	-3.963854	4.364582
-0.621455	-16.111537	-8.400188	0.667334	3.006275	5.962271	0.344209	-4.195381	4.269196
-25.849103	5.148319	1.114155	6.932918	3.507995	5.875622	-0.014191	-4.463368	4.157349
24.448257	16.326781	9.058337	10.829775	3.557245	5.648696	-0.371918	-4.728195	4.045183
10.707553	15.576677	9.036327	10.926643	3.544809	5.633453	-0.390069	-4.741590	4.039464
-24.250744	14.691336	8.958328	11.012114	3.530776	5.617858	-0.408211	-4.754975	4.033744
22.184659	-5.662532	1.632897	11.018070	3.060813	5.303717	-0.712353	-4.979165	3.937257
12.985188	-14.242826	-8.678734	9.279054	2.200166	4.898591	-1.012406	-5.200620	3.840597
-13.495860	1.534025	-7.804895	3.360628	-0.768807	3.623848	-1.698769	-5.714049	3.610744
11.030728	6.422856	4.528529	-2.698382	-3.797752	2.001209	-2.332249	-6.208683	3.380454
6.571277	4.216287	4.613140	-2.809837	-3.855830	1.960757	-2.346015	-6.219807	3.375161
-11.081323	1.934390	4.679519	-2.919355	-3.913144	1.920157	-2.359751	-6.230927	3.369864
0.335882	-0.318568	4.725556	-3.026729	-3.969565	1.879490	-2.373429	-6.242021	3.364575
11.149628	-2.427441	4.749345	-3.132039	-4.025113	1.838732	-2.387059	-6.253097	3.359288
0.961671	-4.332267	4.748669	-3.237348	-4.080862	1.797061	-2.400913	-6.264377	3.353899
-11.237342	-5.996831	4.720731	-3.340594	-4.135703	1.755269	-2.414725	-6.275645	3.348510
14.721534	4.286163	-3.167108	-5.789134	-5.331571	0.220988	-2.871797	-6.664216	3.159018
8.764028	-3.816947	2.051353	-5.724715	-4.759884	-1.388484	-3.265207	-7.036897	2.969722
-18.137884	-3.383535	2.155411	-5.653440	-4.714836	-1.440157	-3.276614	-7.048545	2.963670
18.177875	-2.843835	2.237388	-5.576585	-4.668342	-1.491802	-3.287942	-7.060175	2.957619
9.984235	3.935351	0.963680	-3.604782	-3.695633	-2.352335	-3.466404	-7.252977	2.855977
-18.053454	-2.702943	-1.986890	-1.131551	-2.449157	-3.186739	-3.621041	-7.440576	2.754483
8.600598	-3.454265	-2.045898	-1.010927	-2.377015	-3.230424	-3.628627	-7.450488	2.749043
18.079736	-4.161837	-2.085435	-0.893013	-2.304471	-3.273982	-3.636139	-7.460384	2.743605
-12.539584	-2.239733	-0.303280	0.695605	-0.969494	-4.024071	-3.756959	-7.633589	2.647056
-20.088877	4.412069	2.181798	1.209773	0.378222	-4.719795	-3.852725	-7.801679	2.550702
21.403232	-2.664498	0.723848	0.538973	1.863976	-5.442401	-3.930464	-7.990395	2.438984
-1.126090	-4.119267	-1.714839	-0.251396	3.331055	-6.052347	-3.969741	-8.171664	2.327617
-21.555202	-3.773588	-1.753852	-0.265514	3.402482	-6.078277	-3.970612	-8.180123	2.322312
21.513645	-3.392193	-1.782231	-0.276176	3.474078	-6.103884	-3.971389	-8.188558	2.317012
-1.756391	3.301322	0.840610	0.313899	6.460140	-6.850209	-3.923262	-8.510529	2.106074
-12.419198	-1.393483	-0.183178	-1.425373	8.580140	-6.956120	-3.712792	-8.800936	1.896874
-0.086502	-1.804911	-0.227860	-1.460378	8.584307	-6.949219	-3.705435	-8.807747	1.891681
12.320993	-2.172775	-0.270745	-1.492889	8.584869	-6.941813	-3.697971	-8.814541	1.886487
-2.895382	-2.443612	-0.311859	-1.522931	8.581721	-6.933852	-3.690357	-8.821356	1.881260
-12.241634	-2.602644	-0.350723	-1.550163	8.574787	-6.925382	-3.682640	-8.828149	1.876035
12.253258	2.602782	-0.374271	-1.549809	7.946070	-6.720298	-3.544373	-8.934651	1.791919
3.180520	0.502940	0.907380	-0.486138	6.415635	-6.393933	-3.381610	-9.035179	1.708161
-15.066239	-3.398838	0.193805	2.764425	3.409564	-5.811625	-3.138776	-9.155751	1.600680
17.054137	4.313542	-3.521535	5.723263	-0.205820	-5.069470	-2.862761	-9.265916	1.493876
11.787618	4.159387	-3.542828	5.803472	-0.395028	-5.027765	-2.847869	-9.271254	1.488447
-17.231384	3.920241	-3.533185	5.873911	-0.584035	-4.985733	-2.832910	-9.276562	1.483024
17.494623	-4.713242	0.025999	5.678001	-3.723350	-4.222621	-2.568378	-9.362381	1.391349
19.209665	-6.370221	5.493237	3.209808	-6.545815	-3.374787	-2.285099	-9.440262	1.300242
-19.628796	7.338102	6.688272	-1.860599	-9.051025	-2.305593	-1.936617	-9.520540	1.195334
0.254925	-0.517599	-0.578064	-8.128052	-10.311929	-1.167558	-1.570647	-9.589928	1.091269
19.683315	-1.213155	-1.006733	-8.405945	-10.333880	-1.110754	-1.552417	-9.593033	1.086214
-19.679106	-1.894232	-1.431031	-8.677374	-10.351754	-1.053890	-1.534168	-9.596109	1.081164
-14.857410	-8.244534	-6.672014	-11.906614	-9.937823	-0.035117	-1.206140	-9.646269	0.992047
16.061282	-2.582182	-4.465045	-10.949360	-8.067453	0.988811	-0.871119	-9.688134	0.903619
18.764990	7.663428	1.829400	-5.566870	-4.545956	2.148058	-0.478675	-9.726092	0.802306
-4.923655	7.626037	3.932918	2.381671	-0.256081	3.246710	-0.084604	-9.752753	0.702000
-18.105977	7.240938	3.866314	2.804948	-0.036216	3.298965	-0.065096	-9.753779	0.697053
18.071212	6.818532	3.783384	3.229203	0.183809	3.351010	-0.045583	-9.754778	0.692106
-0.920374	-2.191336	0.597889	10.273997	3.949269	4.218685	0.294623	-9.767697	0.605874
-16.657289	-4.749593	-2.329543	14.763837	7.221821	4.986841	0.629917	-9.771914	0.520467
15.677537	3.513834	-0.118711	14.174588	9.827019	5.714172	1.004632	-9.765949	0.423638
-0.219440	-2.111043	1.748820	8.412513	10.974489	6.243895	1.365243	-9.748339	0.327967
-14.522426	-2.240779	1.671716	8.024002	10.996899	6.265337	1.383506	-9.747104	0.323031
14.462438	-2.299999	1.568963	7.629818	11.015914	6.286145	1.401720	-9.745838	0.318099
14.280556	1.602452	-1.796405	0.590874	10.862945	6.539412	1.698391	-9.719941	0.236107
-12.633524	0.572663	-1.747992	-5.954218	9.926829	6.617006	1.978375	-9.685078	0.155027
9.564029	-1.040037	0.951077	-10.880679	8.055575	6.507171	2.278072	-9.633469	0.062426
12.635951	0.930448	2.158216	-12.530292	5.545203	6.208035	2.549644	-9.569612	-0.028923
-2.340152	1.083879	2.172846	-12.536522	5.407515	6.188647	2.562403	-9.566113	-0.033434
-12.742383	1.209388	2.184260	-12.536306	5.268809	6.168854	2.575090	-9.562583	-0.037942
14.110837	-1.502323	2.237436	-11.593757	2.719341	5.763227	2.784092	-9.496349	-0.115757
2.803667	-0.963071	2.873181	-9.176123	-0.011168	5.251359	2.971364	-9.420754	-0.192617
-18.220552	2.296174	2.354776	-4.919341	-3.192236	4.545770	3.160889	-9.321358	-0.280451
12.131593	0.380002	-1.531903	0.592436	-6.066854	3.742053	3.320707	-9.209129	-0.366986
19.940135	0.081314	-1.734434	0.866677	-6.195216	3.700009	3.327864	-9.203218	-0.371250
-19.992995	-0.231562	-1.931489	1.138890	-6.321969	3.657758	3.334951	-9.197272	-0.375512
11.316892	-3.000893	-3.562515	5.212435	-8.208569	2.898252	3.446178	-9.088879	-0.449023
20.232945	-1.366719	-0.368467	7.267092	-9.341853	2.100460	3.534868	-8.970702	-0.521561
-19.459808	3.349377	4.145350	6.956813	-9.470120	1.146435	3.609315	-8.821098	-0.604553
-8.152048	-3.392158	2.848750	4.361606	-8.350419	0.184816	3.652830	-8.658034	-0.686215
18.442787	-3.414607	2.610019	4.196137	-8.267540	0.137181	3.654181	-8.649573	-0.690241
-1.940224	-3.357326	2.355926	4.028625	-8.182438	0.089581	3.655455	-8.641078	-0.694263
-17.652887	3.423584	-2.987540	0.954551	-6.375302	-0.738720	3.665209	-8.486269	-0.764412
17.153568	3.099645	-5.480130	-1.654342	-4.158136	-1.542190	3.650975	-8.321025	-0.833536
12.577091	-1.250144	-3.971019	-3.056250	-1.497940	-2.401779	3.606140	-8.122275	-0.910251
-17.221805	-3.352505	1.218245	-2.997879	0.993874	-3.193779	3.530821	-7.910517	-0.985655
14.940850	-3.265288	1.522646	-2.966161	1.116175	-3.233055	3.526034	-7.899065	-0.989570
17.275018	-3.148914	1.825444	-2.932280	1.237528	-3.272089	3.521164	-7.887579	-0.993482
-12.613908	1.472107	6.102595	-2.140905	3.101147	-3.883687	3.427869	-7.691318	-1.058025
-18.579738	3.303963	7.121454	-1.231061	4.615190	-4.415166	3.311450	-7.485423	-1.121561
19.234204	-3.278305	2.412660	-0.476059	5.828168	-4.916012	3.146865	-7.233807	-1.194235
3.975924	1.548281	-4.170860	-0.014199	6.343785	-5.271196	2.951089	-6.969533	-1.265534
-19.346637	1.917059	-4.443911	0.002982	6.350285	-5.284750	2.940507	-6.956020	-1.269056
19.330591	2.269922	-4.706283	0.019663	6.354943	-5.297891	2.929848	-6.942477	-1.272575
13.917840	3.182311	-7.093371	0.220330	6.161609	-5.460846	2.733058	-6.703123	-1.332998
-17.735782	-1.230254	-4.918230	0.240467	5.521410	-5.505445	2.513582	-6.455152	-1.392381
1.952661	-2.976848	0.271800	0.117839	4.377435	-5.418433	2.233991	-6.160038	-1.459337
15.219925	0.224993	4.611220	-0.039834	2.956492	-5.193691	1.927170	-5.854657	-1.524908
-15.169061	0.504569	4.757941	-0.046829	2.875549	-5.177952	1.909985	-5.837976	-1.528390
-13.821317	0.773462	4.892606	-0.053535	2.794358	-5.161861	1.892742	-5.821277	-1.531867
14.530504	2.630040	5.013638	-0.092149	1.466555	-4.854449	1.606037	-5.548385	-1.587343
-7.825622	-0.261247	1.047082	0.056035	0.177273	-4.462138	1.304639	-5.268673	-1.641777
-14.222918	-2.245734	-3.615961	0.298483	-1.119194	-3.912946	0.941106	-4.936954	-1.703466
14.329795	1.878440	-3.078461	0.381511	-2.048811	-3.273840	0.565866	-4.597219	-1.763746
7.163385	1.972796	-2.939516	0.378620	-2.083910	-3.239123	0.546523	-4.579715	-1.766777
-14.342941	2.038500	-2.793914	0.374937	-2.117744	-3.204187	0.527149	-4.562182	-1.769807
0.310928	0.257181	0.151145	0.197424	-2.502449	-2.580304	0.194445	-4.260313	-1.820909
14.533242	-1.815318	1.825692	-0.164242	-2.552640	-1.912448	-0.140727	-3.953290	-1.870936
-8.909942	1.603940	-0.305293	-0.682018	-2.267289	-1.104192	-0.527114	-3.592904	-1.927354
-14.605802	1.816660	-1.241003	-0.958852	-1.715216	-0.275577	-0.908717	-3.226789	-1.982325
14.604735	1.593226	-1.221500	-0.959046	-1.680755	-0.231673	-0.928638	-3.207323	-1.985185
0.745692	1.347430	-1.195895	-0.957464	-1.645896	-0.187797	-0.948522	-3.187853	-1.988040
-14.564591	-1.948315	-0.034746	-0.704254	-1.036792	0.524334	-1.268368	-2.868636	-2.033992
14.508997	2.145765	1.405590	-0.101129	-0.411949	1.222134	-1.578420	-2.546057	-2.078867
9.865598	1.239135	-0.110960	0.789653	0.216236	1.999263	-1.923348	-2.166845	-2.129741
-14.450638	-2.725934	-2.360534	1.242221	0.603137	2.719268	-2.246974	-1.784197	-2.179141
12.343773	-2.825565	-2.411822	1.241232	0.613524	2.753081	-2.262373	-1.765167	-2.181550
14.453895	-2.900120	-2.453483	1.237434	0.622980	2.786724	-2.277718	-1.746117	-2.183956
-2.111345	-0.292050	-1.705211	0.779114	0.656680	3.340415	-2.534862	-1.412503	-2.225371
-14.570516	3.686714	1.154592	-0.098074	0.509290	3.821937	-2.769860	-1.077055	-2.265677
14.594305	0.971639	4.773619	-0.997843	0.225817	4.273457	-3.009393	-0.689063	-2.310696
1.409184	-4.532018	3.286342	-1.231484	-0.065864	4.605886	-3.211772	-0.299578	-2.354232
-14.498011	-4.410460	3.020578	-1.225586	-0.078356	4.619024	-3.220698	-0.280383	-2.356336
10.476842	-4.224527	2.736337	-1.218249	-0.090577	4.631861	-3.229529	-0.261173	-2.358438
14.237050	4.857635	-4.391849	-0.792445	-0.269286	4.823055	-3.385343	0.126652	-2.400052
-13.831662	3.169090	-7.357548	0.071110	-0.298794	4.880274	-3.496443	0.514905	-2.440189
7.029442	-3.940198	-4.644938	1.025361	-0.191348	4.816654	-3.556722	0.859203	-2.474546
12.851767	-5.011482	2.428389	1.654940	0.037479	4.653734	-3.581889	1.203120	-2.507730
-5.962253	-4.440338	3.030991	1.673332	0.059721	4.637569	-3.582402	1.229441	-2.510224
-12.770038	-3.776136	3.626826	1.686184	0.082617	4.620909	-3.582716	1.255769	-2.512712
12.258819	4.832204	8.180318	1.281424	0.409055	4.372990	-3.569931	1.586100	-2.543376
-10.943631	0.788684	3.068297	-0.231411	0.737068	4.063439	-3.526858	1.915456	-2.572945
-11.280096	-4.423315	-6.458633	-2.391583	0.962257	3.634142	-3.437615	2.305520	-2.606683
10.902434	4.363238	-6.656118	-3.339875	0.813427	3.154933	-3.308696	2.693360	-2.638863
9.979495	4.401744	-6.364328	-3.326361	0.794105	3.131479	-3.301742	2.711390	-2.640326
-10.874009	4.352301	-6.045019	-3.306636	0.773557	3.107915	-3.294701	2.729426	-2.641787
10.666384	-4.646707	1.728653	-1.992466	0.209172	2.657722	-3.150788	3.060251	-2.668058
10.291458	-3.463625	4.555018	0.575802	-0.601739	2.178382	-2.981258	3.388751	-2.693170
-5.897474	6.726202	1.739761	3.983381	-1.644930	1.590356	-2.755668	3.766270	-2.720825
-10.789606	7.143840	-1.827498	6.262546	-2.567010	0.972338	-2.502293	4.139762	-2.746907
10.805849	6.537586	-1.886753	6.314790	-2.604812	0.941373	-2.489228	4.157949	-2.748145
-4.749145	5.851999	-1.929533	6.359987	-2.641734	0.910330	-2.476096	4.176137	-2.749379
-11.317654	-8.435614	-0.947412	6.046992	-3.140567	0.353773	-2.235510	4.494993	-2.770520
12.468121	-2.165613	0.478231	4.001073	-3.354489	-0.218030	-1.979368	4.810171	-2.790477
1.834893	10.934049	0.589639	0.394694	-3.260246	-0.879286	-1.672805	5.162950	-2.811684
-17.977228	2.515930	-1.214493	-3.623585	-2.823681	-1.540164	-1.352543	5.510143	-2.831355
21.704279	-12.324049	-0.707864	-7.595166	-2.066112	-2.183662	-1.023983	5.849162	-2.849373
5.723002	11.047004	3.808042	-10.427556	-1.000338	-2.802303	-0.688011	6.181783	-2.865863
-25.099720	11.676327	3.998849	-10.525971	-0.940689	-2.831657	-0.671473	6.197845	-2.866628
-15.416642	12.019197	4.176958	-10.620375	-0.880380	-2.860904	-0.654935	6.213881	-2.867389
25.843108	-11.100216	6.509581	-11.628280	0.411385	-3.401548	-0.336995	6.517388	-2.881248
-15.223604	-6.143213	10.502556	-10.955677	1.950414	-3.900107	-0.017519	6.814568	-2.893767
-21.564178	-4.241086	10.694160	-10.868630	2.034550	-3.924618	-0.000966	6.829787	-2.894379
21.171177	-2.224846	10.876972	-10.776053	2.118945	-3.948989	0.015585	6.844989	-2.894987
-11.112297	8.159189	11.424340	-8.016856	3.689576	-4.371175	0.319530	7.121600	-2.905542
-0.517014	-6.857474	4.401381	-3.293019	5.187948	-4.737445	0.620637	7.391792	-2.914868
11.607171	5.156912	-18.435613	9.343269	7.559892	-5.332457	1.307577	8.001249	-2.931955
16.902856	-5.946944	-16.289381	13.165404	6.684129	-5.451162	1.942942	8.569370	-2.942139
-4.258874	1.882702	-15.906520	13.111834	6.613204	-5.447162	1.956098	8.581306	-2.942284
-20.606426	6.039160	-15.459556	13.052150	6.539831	-5.442853	1.969209	8.593213	-2.942426
22.744246	3.230960	-14.826903	12.978122	6.454971	-5.437673	1.983813	8.606487	-2.942581
13.646823	-2.708492	-14.014707	12.896228	6.367105	-5.432105	1.998372	8.619734	-2.942731
-26.865836	-6.197078	-13.082239	12.814112	6.283922	-5.426658	2.011685	8.631860	-2.942865
28.786576	-5.391679	-11.951785	12.725273	6.198360	-5.420890	2.024952	8.643954	-2.942996
-20.634752	7.036004	14.248352	10.553914	4.669312	-5.297163	2.217495	8.820945	-2.944525
-62.184534	1.868611	21.756265	6.607125	2.757023	-5.103049	2.400944	8.992709	-2.945281
51.302427	-9.132382	-19.580968	-9.770201	-3.734569	-4.131012	2.882958	9.467949	-2.942986
16.089804	2.508177	6.839445	-10.836023	-8.591354	-2.587713	3.262159	9.892543	-2.933882
-16.888876	4.268418	7.504993	-10.676876	-8.652899	-2.546739	3.269359	9.901467	-2.933599
-3.455218	5.839675	8.133678	-10.511846	-8.711758	-2.505493	3.276497	9.910365	-2.933313
15.747775	7.146385	8.746657	-10.333752	-8.770239	-2.462235	3.283870	9.919605	-2.933011
4.510850	8.052374	9.314259	-10.149342	-8.825872	-2.418654	3.291180	9.928821	-2.932705
-8.759306	-6.936853	12.527080	-6.313245	-9.340813	-1.660579	3.401640	10.076033	-2.927131
2.282897	-6.331049	7.719087	-1.369089	-9.146817	-0.830813	3.493011	10.214907	-2.920537
8.755308	3.862738	-0.900891	4.780307	-7.966497	0.287929	3.579742	10.378431	-2.910719
-14.273252	-2.675801	-3.587860	8.410541	-5.834965	1.434783	3.632229	10.527799	-2.899254
-19.254384	2.441255	-4.713163	8.377147	-2.867935	2.557742	3.648435	10.662536	-2.886140
22.865419	-1.724095	3.427603	4.242946	0.684849	3.605496	3.626297	10.782298	-2.871367
-17.979026	-2.587078	3.751525	3.985074	0.865215	3.654183	3.624178	10.787799	-2.870598
-23.026899	-3.427222	4.041149	3.725817	1.045628	3.702588	3.621960	10.793267	-2.869823
22.713526	-2.132490	3.792662	-1.026268	4.310445	4.547593	3.561394	10.889337	-2.854492
-11.986268	7.044167	-1.767565	-4.460718	6.900017	5.238042	3.463875	10.972237	-2.837724
-19.916587	6.977936	-2.049564	-4.573701	7.004299	5.268846	3.457779	10.976173	-2.836816
19.743921	6.820715	-2.323414	-4.678694	7.104981	5.299100	3.451582	10.980070	-2.835904
-2.541238	-4.785251	-5.364842	-5.054741	8.344805	5.754425	3.318420	11.045517	-2.818426
-6.923771	-10.546684	-2.342070	-2.564296	8.527739	5.992094	3.147809	11.099115	-2.799632
-10.325866	11.279205	6.527145	1.199796	7.591893	5.964262	2.902678	11.146631	-2.776240
-5.360343	-3.737922	1.127899	2.965041	5.563847	5.636021	2.611074	11.178916	-2.751074
9.696891	-7.261519	0.724538	2.995782	5.447012	5.614252	2.596593	11.180044	-2.749869
-9.740516	-10.639279	0.329012	3.022898	5.328223	5.591914	2.582017	11.181141	-2.748660
11.651132	-6.437885	-5.058305	2.959192	2.824656	5.077219	2.294676	11.195848	-2.725356
3.186611	7.077317	-6.485417	2.149206	0.020121	4.395143	1.981812	11.199691	-2.700721
-19.455101	2.597771	-3.521393	0.929505	-3.013833	3.476295	1.611043	11.191558	-2.671929
23.419282	-2.129506	1.818592	-0.189395	-5.524610	2.417161	1.219438	11.170710	-2.641502
-25.869871	0.132382	5.730788	-0.647085	-7.087290	1.188906	0.791055	11.135402	-2.607746
25.421768	0.455119	2.117324	-0.062007	-7.120607	-0.117919	0.351963	11.086739	-2.572211
20.583491	-0.062905	1.740858	-0.023697	-7.081896	-0.183849	0.330095	11.083995	-2.570409
-25.183768	-0.563900	1.343805	0.014097	-7.039525	-0.249826	0.308231	11.081220	-2.568604
11.035070	2.364645	-6.465059	0.412830	-5.759971	-1.392739	-0.069677	11.028432	-2.536802
17.792704	5.356466	-5.796243	0.009522	-3.597525	-2.513313	-0.446383	10.966489	-2.503753
6.882159	-9.758723	7.821829	-0.779165	-0.431844	-3.732298	-0.881383	10.882491	-2.463428
-15.033431	-7.664531	9.423768	-0.794683	2.801952	-4.770987	-1.303010	10.786605	-2.421444
15.220001	-6.740095	9.127252	-0.757798	2.944992	-4.813876	-1.322334	10.781826	-2.419437
-2.039996	-5.671175	8.804396	-0.716961	3.086706	-4.856156	-1.341602	10.777025	-2.417427
-21.485008	18.311166	-0.517801	0.547198	5.397068	-5.519181	-1.687011	10.684389	-2.379871
8.705194	-1.950202	-10.786459	2.106491	6.892751	-5.930986	-2.013383	10.583503	-2.341131
42.044904	-22.833487	-9.507794	3.041814	7.117541	-6.034584	-2.363059	10.456363	-2.294702
-29.261711	19.763937	9.064163	1.687890	5.413215	-5.720484	-2.676210	10.318802	-2.246732
-52.006294	21.409437	9.624971	1.523855	5.285379	-5.694784	-2.690830	10.311672	-2.244299
17.000971	22.845144	10.090521	1.348527	5.154154	-5.668200	-2.705354	10.304518	-2.241862
54.981283	-18.186932	-7.728657	-5.830039	-1.447174	-4.090733	-3.185856	10.013974	-2.146305
-28.740222	0.761877	6.015380	4.380455	-7.518612	-1.759684	-3.522180	9.689909	-2.045515
27.550079	8.340012	6.330154	4.748944	-7.621159	-1.689231	-3.529416	9.680466	-2.042646
-1.518365	7.737015	6.597967	5.111444	-7.718369	-1.618646	-3.536534	9.671004	-2.039775
-25.405912	1.660255	6.760588	5.379546	-7.787863	-1.565499	-3.541808	9.663879	-2.037616
24.461560	-7.520794	6.882424	5.643778	-7.854293	-1.512224	-3.547021	9.656734	-2.035452
-1.162809	2.624876	0.931370	9.329196	-8.443942	-0.463101	-3.635687	9.514842	-1.992844
-2.311314	1.682069	-10.573532	7.964284	-7.527393	0.584240	-3.699534	9.368055	-1.949422
-5.665282	2.079172	22.421847	-13.657567	-0.328258	3.139099	-3.746788	8.957961	-1.830888
-5.970041	4.883980	-1.299788	-3.493785	7.259170	4.997393	-3.613692	8.517941	-1.707034
8.915257	-5.343518	-2.485783	-2.939091	7.393705	5.027306	-3.608593	8.507745	-1.704197
-11.918631	-5.092913	-3.806119	-2.377714	7.526022	5.056616	-3.603400	8.497536	-1.701357
-4.382607	2.057735	-5.342201	-1.804105	7.657444	5.085619	-3.598056	8.487203	-1.698484
18.028390	6.789146	-7.130385	-1.224302	7.786597	5.114013	-3.592613	8.476850	-1.695607
-21.342782	2.280973	-9.418312	-0.581832	7.925590	5.144449	-3.586529	8.465471	-1.692446
15.790971	-3.875746	-12.006080	0.066361	8.061636	5.174115	-3.580328	8.454074	-1.689282
62.884740	-15.787177	-45.801141	8.956403	9.569921	5.493178	-3.486172	8.299982	-1.646654
-55.769921	23.397289	-15.262802	16.920571	10.402581	5.654879	-3.371035	8.142942	-1.603479
-111.304406	21.267202	54.993618	21.352284	10.156680	5.598926	-3.174906	7.918581	-1.542200
-13.337017	-25.422226	33.721136	13.374518	8.039417	5.247779	-2.939900	7.688957	-1.479890
51.854677	-42.335333	-32.182884	-2.536680	4.396274	4.626940	-2.660360	7.446370	-1.414419
94.182744	-22.341627	-57.897963	-17.901066	0.007955	3.798407	-2.348436	7.198842	-1.347906
92.449118	-10.651703	-39.378360	-25.856836	-4.271224	2.845392	-2.018531	6.953629	-1.282228
38.480863	-9.836098	-0.975599	-26.854032	-7.871493	1.798518	-1.667047	6.704383	-1.215617
-41.982689	32.972385	33.227381	-21.876532	-10.353427	0.646334	-1.277127	6.436967	-1.144242
-21.524059	-12.464634	39.188671	-11.632382	-11.535292	-0.494352	-0.873382	6.165777	-1.071886
29.317517	-21.848441	38.855594	-11.040454	-11.562294	-0.546166	-0.854342	6.153070	-1.068496
4.073467	-25.127920	38.480496	-10.438582	-11.586995	-0.597854	-0.835273	6.140348	-1.065101
-28.511808	-20.801107	38.055745	-9.813869	-11.609863	-0.650502	-0.815767	6.127339	-1.061629
28.133903	-10.414367	37.591095	-9.180046	-11.630344	-0.702937	-0.796256	6.114331	-1.058158
-25.254650	18.473156	26.239674	1.854407	-11.654419	-1.513023	-0.481784	5.904964	-1.002261
-25.392016	-12.937808	8.815546	12.982052	-11.170164	-2.251821	-0.165274	5.693838	-0.945833
28.720634	7.136053	-21.572406	23.846208	-9.910915	-3.091316	0.245858	5.416704	-0.871619
-11.196839	-1.614952	-8.545737	27.405098	-8.087941	-3.789409	0.651381	5.137214	-0.796553
-30.766676	-2.400819	-7.304262	27.416413	-7.994177	-3.817772	0.669611	5.124450	-0.793118
30.747880	-3.128825	-6.054856	27.417268	-7.899525	-3.845857	0.687830	5.111674	-0.789680
-28.521214	1.630267	11.978240	25.889980	-5.965333	-4.319855	1.026666	4.869905	-0.724493
-28.149931	-1.254984	8.997611	22.593518	-3.778858	-4.686941	1.353970	4.626920	-0.658720
-14.465281	1.653051	4.770849	17.328608	-1.050438	-4.977631	1.715451	4.343387	-0.581590
-4.891509	-0.041540	-0.342203	10.974323	1.713197	-5.120609	2.051848	4.058888	-0.503726
16.108514	-1.298856	-0.624979	10.648982	1.844169	-5.123735	2.067328	4.045168	-0.499958
-16.102966	-2.478726	-0.908881	10.322476	1.974715	-5.126513	2.082728	4.031456	-0.496190
17.889497	3.127830	-4.656768	4.317935	4.227169	-5.118169	2.345978	3.786305	-0.428619
12.160891	1.972800	-1.749080	-1.810320	6.252481	-5.001605	2.586907	3.540963	-0.360548
-27.517766	-4.190565	5.270611	-8.669109	8.175244	-4.732832	2.839397	3.255579	-0.280745
18.267292	4.536880	5.871524	-14.516213	9.464404	-4.324314	3.062258	2.970621	-0.200324
31.002244	4.422712	5.630527	-14.754415	9.506875	-4.301508	3.072107	2.957110	-0.196491
-31.055182	4.206726	5.363410	-14.988417	9.547530	-4.278381	3.081896	2.943593	-0.192655
10.292353	-2.198840	-2.017898	-18.275150	9.942910	-3.806693	3.247868	2.699018	-0.122923
27.578872	-4.727405	-7.350943	-19.056923	9.615681	-3.237426	3.392510	2.455137	-0.052774
-2.335476	4.602874	-2.810539	-16.015991	8.259807	-2.463178	3.534507	2.172165	0.029404
-22.318292	2.481126	4.692103	-9.953566	6.085702	-1.597769	3.648591	1.890421	0.112084
0.969751	1.534268	4.974469	-9.644416	5.975891	-1.558052	3.652985	1.878034	0.115739
22.355978	0.580592	5.249075	-9.332747	5.865039	-1.518198	3.657329	1.865642	0.119398
-26.649752	-4.227354	8.648075	-3.020292	3.552293	-0.724502	3.731379	1.624924	0.190802
-28.026638	3.995253	8.070106	3.017433	1.078840	0.088648	3.785641	1.385312	0.262535
32.384992	4.444161	4.737114	8.560832	-1.745847	1.032517	3.824362	1.107670	0.346496
-10.740912	-5.055510	0.825943	12.025133	-4.215103	1.940884	3.837249	0.831791	0.430847
-34.084411	-4.821965	0.561039	12.131503	-4.315255	1.981342	3.837230	0.819122	0.434743
34.041079	-4.489708	0.284716	12.233142	-4.414031	2.021677	3.837157	0.806449	0.438642
-12.351443	2.766223	-5.467407	13.246091	-5.960489	2.737743	3.826182	0.572416	0.511008
-26.203431	6.958599	-7.495483	12.638947	-6.924925	3.380566	3.797219	0.339803	0.583612
19.425370	0.538370	-0.090626	10.222509	-7.350925	4.011367	3.741106	0.069713	0.668761
-14.500314	-9.224807	6.251125	7.018991	-7.106313	4.487809	3.661631	-0.198386	0.754182
-1.084668	-8.882773	6.255073	6.868357	-7.079969	4.506587	3.657287	-0.211067	0.758245
14.230923	-8.370962	6.221982	6.718679	-7.052373	4.525037	3.652889	-0.223751	0.762310
-13.554064	9.867319	0.952132	4.172424	-6.357512	4.800733	3.564774	-0.451944	0.835796
15.272073	-10.007669	-4.909290	1.830790	-5.344118	4.972022	3.460512	-0.678626	0.909439
-18.707512	9.618327	1.964839	-0.904105	-3.863811	5.047746	3.319624	-0.941318	0.995584
20.426823	-7.705978	3.151657	-4.374191	-2.183217	4.998288	3.159758	-1.201890	1.081887
21.905318	-8.282601	2.990699	-4.577453	-2.101052	4.993016	3.151768	-1.214138	1.085964
-22.004404	-8.690341	2.815456	-4.784749	-2.018788	4.987490	3.143744	-1.226374	1.090040
22.928296	6.710430	-1.328816	-8.777986	-0.515728	4.843834	2.991678	-1.447458	1.163998
19.719033	6.991269	-2.004124	-11.498381	0.954202	4.621881	2.827831	-1.666950	1.238032
-20.685602	-6.307165	1.983565	-10.024598	2.527188	4.271357	2.622746	-1.921284	1.324575
18.189306	5.111597	-2.707831	-2.742528	3.842599	3.831428	2.404279	-2.173376	1.411159
9.370911	5.605974	-2.936242	-2.340645	3.895492	3.809068	2.393872	-2.184984	1.415165
-17.943793	6.028576	-3.146110	-1.938149	3.947599	3.786537	2.383440	-2.196586	1.419171
5.154718	1.964140	-3.652362	5.239259	4.760313	3.337820	2.185056	-2.411394	1.493647
13.621870	-6.361797	0.558867	10.596630	5.230918	2.837023	1.978863	-2.624497	1.568109
2.796555	1.955424	6.723495	12.498187	5.258123	2.204420	1.732021	-2.868652	1.654133
-11.038098	6.940374	5.264857	8.561141	4.674174	1.527232	1.477399	-3.110471	1.740083
11.032026	6.346248	4.787388	8.246003	4.630677	1.492409	1.464479	-3.122509	1.744381
2.363034	5.667794	4.266246	7.922664	4.585971	1.457507	1.451543	-3.134542	1.748679
-11.471709	-6.923093	-7.187518	1.416082	3.636151	0.839464	1.224128	-3.342950	1.823421
13.574136	1.991969	-11.464722	-5.248055	2.436140	0.206809	0.992939	-3.549539	1.898062
14.099854	6.063589	-5.329884	-10.779135	0.896387	-0.524389	0.724912	-3.783725	1.983342
-13.624105	-4.593281	7.805442	-13.586787	-0.663733	-1.251078	0.454584	-4.015461	2.068433
-15.328911	-4.907861	8.344036	-13.653489	-0.736804	-1.285862	0.441487	-4.026597	2.072540
15.363726	-5.167861	8.856163	-13.713815	-0.809475	-1.320583	0.428396	-4.037720	2.076643
-6.760969	-4.138412	13.610266	-13.720435	-2.034999	-1.936302	0.192831	-4.236755	2.150346
-15.264349	1.290593	11.451329	-11.785241	-3.050161	-2.529950	-0.042392	-4.433901	2.223865
14.458185	2.766992	4.723468	-7.734643	-3.941544	-3.179713	-0.313467	-4.660083	2.308847
2.772454	-1.907575	-0.079602	-2.560910	-4.541429	-3.775836	-0.581409	-4.883665	2.393525
-13.598595	-2.056586	-0.263859	-2.305465	-4.562692	-3.802212	-0.593850	-4.894067	2.397481
13.568719	-2.183491	-0.447630	-2.049336	-4.583375	-3.828457	-0.606290	-4.904470	2.401439
12.305685	-0.687410	-3.723957	2.669435	-4.860297	-4.283803	-0.833351	-5.094987	2.474179
-13.180988	2.027951	-6.435895	7.075574	-4.948618	-4.680516	-1.055992	-5.283525	2.546650
-8.401342	-0.929588	-8.239019	11.167356	-4.830798	-5.056307	-1.306301	-5.498680	2.629947
13.994968	-2.812301	-8.229097	13.574674	-4.487368	-5.340297	-1.548084	-5.711144	2.712831
-0.614719	-2.674773	-8.178652	13.642145	-4.464729	-5.351917	-1.559750	-5.721541	2.716903
-14.055957	-2.509331	-8.123535	13.704565	-4.441558	-5.363315	-1.571392	-5.731932	2.720974
15.418296	4.057638	-3.792065	12.730245	-3.155305	-5.642757	-2.002811	-6.130188	2.878163
11.100692	-5.015512	1.235272	7.472435	-1.249226	-5.635609	-2.388829	-6.518219	3.033502
-16.904659	-4.085859	1.361345	7.336906	-1.200702	-5.632421	-2.397112	-6.526986	3.037037
13.401701	-3.066721	1.488023	7.201517	-1.151991	-5.629103	-2.405376	-6.535753	3.040573
16.971165	-1.883122	1.629471	7.050683	-1.097418	-5.625246	-2.414575	-6.545537	3.044521
-17.005952	-0.731578	1.770124	6.900417	-1.042699	-5.621232	-2.423737	-6.555308	3.048465
-11.792763	5.244400	3.357762	4.630266	-0.150599	-5.536309	-2.565605	-6.710210	3.111175
17.909309	-0.407154	2.535551	2.732172	0.761596	-5.413795	-2.699523	-6.863360	3.173529
-5.092395	-5.137448	-0.445009	0.760041	1.918077	-5.206675	-2.859123	-7.056474	3.252658
-17.847493	-1.769273	-2.671504	-0.933599	3.017714	-4.947789	-3.005920	-7.246664	3.331146
17.819381	-1.330430	-2.726736	-1.016050	3.070706	-4.933469	-3.012983	-7.256169	3.335084
8.953869	-0.885870	-2.774995	-1.098416	3.123387	-4.919041	-3.020010	-7.265660	3.339017
-17.108273	4.421638	-2.307343	-2.549929	3.982587	-4.652078	-3.136391	-7.428341	3.406648
-0.616527	0.486428	0.608797	-4.141643	4.723990	-4.353664	-3.243605	-7.588764	3.473752
15.811447	-3.480746	3.622866	-6.201855	5.390003	-3.974614	-3.356246	-7.771058	3.550507
-16.202249	2.750627	2.625881	-8.407286	5.804425	-3.563343	-3.457368	-7.950287	3.626505
-16.211877	2.865449	2.479742	-8.510183	5.817369	-3.542465	-3.462031	-7.958986	3.630207
16.264006	2.934136	2.326257	-8.612072	5.829588	-3.521508	-3.466671	-7.967682	3.633909
2.837234	-2.134346	-4.644997	-10.905268	5.675099	-2.664589	-3.626233	-8.298735	3.775809
-20.790815	-1.818114	-2.419693	-8.120964	4.203089	-1.735783	-3.748283	-8.618406	3.914656
20.730790	-1.327223	-2.273724	-8.000888	4.154270	-1.712880	-3.750767	-8.625923	3.917943
10.097034	-0.863473	-2.125769	-7.878904	4.104924	-1.689953	-3.753232	-8.633434	3.921229
-18.605691	1.408152	0.917830	-5.184521	3.050898	-1.239727	-3.797235	-8.778187	3.984757
12.131416	-1.320730	3.454049	-2.081557	1.854699	-0.783391	-3.833922	-8.920402	4.047556
15.944798	-1.164652	3.550813	-1.911070	1.788247	-0.759047	-3.835671	-8.927882	4.050870
-15.828261	-0.961078	3.642531	-1.740426	1.721598	-0.734710	-3.837398	-8.935350	4.054180
-5.493858	1.312211	4.375528	1.562232	0.391848	-0.261279	-3.867056	-9.078885	4.118004
13.479774	-0.403428	3.089873	4.645782	-0.965675	0.211812	-3.889539	-9.219666	4.181008
-2.801225	-0.625054	2.975812	4.798672	-1.037194	0.236788	-3.890535	-9.227042	4.184321
-13.456106	-0.843088	2.858057	4.950211	-1.108570	0.261739	-3.891511	-9.234406	4.187629
10.257945	-1.615077	0.250181	7.413836	-2.365505	0.708037	-3.905838	-9.365483	4.246713
14.267822	1.405636	-2.505524	9.214887	-3.536908	1.147868	-3.914230	-9.493971	4.305009
-15.531337	2.427668	-3.220207	10.152801	-4.719439	1.645081	-3.916889	-9.639370	4.371466
1.112440	-3.095338	0.268252	9.595400	-5.656249	2.125478	-3.912393	-9.781156	4.436816
17.167580	-2.976894	0.446843	9.536856	-5.691659	2.146267	-3.912036	-9.787342	4.439680
-9.679929	-2.795066	0.622716	9.475521	-5.726579	2.167029	-3.911665	-9.793524	4.442544
-18.623667	3.861588	2.951855	7.753898	-6.303463	2.562498	-3.901884	-9.912484	4.497878
19.826460	-3.214081	2.130523	5.134229	-6.681781	2.939250	-3.887419	-10.028613	4.552343
3.074199	-5.531147	-0.994097	1.300286	-6.869175	3.351122	-3.865118	-10.159811	4.614464
-20.769195	3.131386	-3.396644	-2.968348	-6.785040	3.735395	-3.837318	-10.287019	4.675360
20.745064	3.729321	-3.444110	-3.172655	-6.774384	3.752814	-3.835881	-10.292907	4.678195
2.678603	4.300240	-3.483498	-3.376912	-6.763125	3.770174	-3.834433	-10.298787	4.681029
-19.842826	7.078514	-2.518618	-6.979057	-6.447233	4.079933	-3.805761	-10.405652	4.732813
14.521222	-4.324277	1.445529	-9.682267	-5.926196	4.369873	-3.773586	-10.509363	4.783627
16.947777	-7.882174	4.658282	-10.745892	-5.080417	4.677520	-3.732903	-10.623923	4.840477
-15.821618	7.936793	1.094987	-8.959062	-3.979492	4.960638	-3.688452	-10.734190	4.896006
-11.013786	7.672845	0.764813	-8.813063	-3.923309	4.973103	-3.686320	-10.739166	4.898533
-4.964458	7.250238	0.423455	-8.662025	-3.866688	4.985519	-3.684181	-10.744132	4.901056
15.484067	-7.741427	-5.448927	-4.948605	-2.719464	5.211045	-3.642428	-10.836348	4.948266
-15.833193	7.403501	-4.026664	-0.051537	-1.453116	5.418991	-3.598438	-10.925168	4.994427
1.446171	4.502167	2.761311	5.720545	0.106003	5.637319	-3.545309	-11.023238	5.046266
17.592106	-6.348393	5.975131	9.989076	1.720196	5.833682	-3.489870	-11.116780	5.096658
-17.623675	-6.334696	5.892796	10.123027	1.796016	5.842328	-3.487230	-11.121039	5.098976
16.865190	-6.220371	5.783857	10.249923	1.871830	5.850929	-3.484586	-11.125287	5.101290
17.990548	4.669266	0.734572	11.404135	3.278424	6.003020	-3.434505	-11.202748	5.143883
-17.917660	5.415094	-4.195976	10.598334	4.648232	6.139519	-3.383180	-11.276766	5.185332
-0.734971	-1.988934	-5.644027	7.906353	6.147064	6.276907	-3.323353	-11.357058	5.231232
16.705463	-4.733280	-2.716082	4.026693	7.573540	6.395313	-3.262536	-11.432854	5.275586
-6.224379	-4.510754	-2.495837	3.819684	7.641820	6.400659	-3.259526	-11.436466	5.277727
-16.626066	-4.254000	-2.270852	3.611781	7.709967	6.405963	-3.256513	-11.440068	5.279865
15.908852	1.962986	1.961380	-0.100232	8.892315	6.492994	-3.202727	-11.502294	5.317237
-2.451068	4.445764	4.757455	-3.450258	10.019468	6.566580	-3.148694	-11.561073	5.353383
-14.606469	1.383534	3.905586	-6.300995	11.240356	6.634842	-3.086919	-11.624036	5.393171
12.159986	-4.371880	0.855049	-8.270200	12.389337	6.686879	-3.025454	-11.682489	5.431302
14.220154	-4.348137	0.706956	-8.349530	12.443480	6.689012	-3.022474	-11.685222	5.433117
-9.027603	-4.271634	0.561190	-8.427660	12.497487	6.691110	-3.019492	-11.687945	5.434929
-14.162077	1.592656	-1.620044	-9.660503	13.436877	6.722576	-2.966355	-11.734956	5.466732
14.341512	4.354982	-2.844396	-10.726962	14.321498	6.742723	-2.913963	-11.778513	5.497225
-3.818232	3.356909	-2.964751	-11.958932	15.268059	6.752511	-2.855127	-11.824183	5.530533
-15.250030	0.418603	-2.121445	-13.233350	16.142873	6.748781	-2.797907	-11.865309	5.562063
15.274300	0.256405	-2.064660	-13.296801	16.183492	6.748269	-2.795178	-11.867189	5.563547
12.054869	0.088422	-2.006781	-13.360485	16.223968	6.747726	-2.792452	-11.869059	5.565028
-15.710076	-3.121606	-0.855047	-14.537702	16.918854	6.733036	-2.744549	-11.900671	5.590765
13.821265	-4.117398	0.305205	-15.811697	17.559955	6.709163	-2.698289	-11.928859	5.615122
16.457085	-0.913857	1.314459	-17.500293	18.253139	6.669264	-2.645512	-11.957948	5.642292
-16.770241	3.833938	1.630488	-19.393651	18.870280	6.617386	-2.595333	-11.982175	5.667446
-4.597382	-0.292332	1.116150	-21.185054	19.363102	6.560653	-2.552341	-11.999901	5.688437
17.184168	-3.512886	0.168489	-22.933691	19.793915	6.494976	-2.511681	-12.013655	5.707741
-2.563536	-3.398565	0.119215	-23.015978	19.813363	6.491545	-2.509756	-12.014225	5.708640
-17.199940	-3.249866	0.070105	-23.097824	19.832649	6.488097	-2.507837	-12.014785	5.709534
17.332267	2.390671	-0.763238	-24.574860	20.174070	6.418006	-2.472082	-12.023705	5.725905
-17.430680	3.220388	-1.150979	-25.811554	20.461322	6.340566	-2.438300	-12.029168	5.740783
6.882375	-0.357729	-0.984903	-26.821520	20.723943	6.243083	-2.401962	-12.031201	5.755994
17.528243	-3.063291	-0.651245	-27.331614	20.915697	6.136541	-2.368081	-12.028757	5.769257
-4.362234	-3.076805	-0.640380	-27.343690	20.922917	6.131353	-2.366559	-12.028535	5.769828
-11.306586	-3.076871	-0.630313	-27.354770	20.929983	6.126145	-2.365042	-12.028302	5.770396
