-2.874820	2.288169	-1.996566	-8.228836	-37.909824	35.080995	-3.128180	1.295407	-0.443602	-8.616486
-11.011677	2.282981	-1.992333	-8.229131	-37.909517	35.080794	-3.128180	1.295407	-0.443621	-8.616489
11.012060	2.275663	-1.988012	-8.229424	-37.909209	35.080593	-3.128181	1.295407	-0.443640	-8.616492
6.489740	-8.620838	-0.337561	-8.248369	-37.849049	35.048099	-3.127721	1.294958	-0.446278	-8.617047
-17.818890	-1.123921	2.991510	-8.217550	-37.760200	35.010171	-3.126292	1.293545	-0.448503	-8.617737
18.369725	3.764415	3.427177	-8.210018	-37.746988	35.005003	-3.126043	1.293299	-0.448755	-8.617834
11.488499	8.532832	3.848085	-8.201653	-37.733331	34.999748	-3.125779	1.293038	-0.449000	-8.617933
-24.861028	0.473483	6.829052	-7.035182	-36.775495	34.700460	-3.101081	1.268886	-0.453549	-8.624061
15.768110	-6.249392	-4.317741	-4.172525	-35.133795	34.245946	-3.050619	1.220504	-0.447316	-8.634085
15.444296	-4.352714	-4.576817	-4.084619	-35.086515	34.233028	-3.049092	1.219055	-0.447038	-8.634375
-14.028115	-2.395949	-4.829888	-3.995924	-35.038895	34.220019	-3.047550	1.217594	-0.446754	-8.634668
-15.212786	-0.363246	-5.093515	-3.899796	-34.987376	34.205945	-3.045879	1.216009	-0.446443	-8.634984
15.035452	1.460920	-5.346967	-3.802834	-34.935501	34.191773	-3.044191	1.214411	-0.446125	-8.635303
-4.570109	5.740330	-6.758765	-2.177140	-34.069260	33.954719	-3.015481	1.187359	-0.440246	-8.640663
-13.157393	-5.503662	-2.291014	-0.434028	-33.114129	33.691231	-2.982757	1.156819	-0.432762	-8.646655
14.133693	5.469498	1.934348	1.817505	-31.768407	33.313940	-2.934942	1.112700	-0.420895	-8.655255
11.107716	-5.422908	6.380347	3.892135	-30.301595	32.892475	-2.880673	1.063273	-0.406600	-8.664854
-15.096405	-5.637848	6.453085	3.979357	-30.231885	32.872148	-2.878039	1.060890	-0.405890	-8.665316
15.111619	-5.754281	6.503217	4.065813	-30.161907	32.851715	-2.875390	1.058495	-0.405176	-8.665781
8.847707	1.073248	3.873910	5.517586	-28.794307	32.446449	-2.822628	1.011092	-0.390724	-8.674976
-13.979269	6.671690	-1.830224	6.495520	-27.356634	32.007431	-2.765128	0.960043	-0.374625	-8.684887
1.783116	-5.233733	-5.775426	6.812751	-25.615150	31.455846	-2.692613	0.896509	-0.354004	-8.697257
12.509326	-7.909205	-2.578067	6.060343	-23.804969	30.858243	-2.613925	0.828566	-0.331403	-8.710545
1.159544	-7.181399	-2.245607	6.003766	-23.725210	30.831442	-2.610396	0.825542	-0.330386	-8.711138
-12.540291	-6.390417	-1.898261	5.945247	-23.645294	30.804555	-2.606856	0.822511	-0.329366	-8.711733
13.427903	8.378366	4.870535	4.374740	-22.010433	30.247548	-2.533571	0.760199	-0.308209	-8.723998
3.343464	1.928267	3.702898	2.157363	-20.310346	29.655700	-2.455878	0.695024	-0.285757	-8.736914
-17.027208	-8.890260	-2.051196	-0.657434	-18.273202	28.932294	-2.361256	0.616829	-0.258460	-8.752539
14.635301	2.543404	-3.319942	-3.066003	-16.143327	28.162251	-2.261025	0.535357	-0.229681	-8.768978
18.498335	3.079291	-3.266330	-3.157254	-16.040694	28.124838	-2.256169	0.531445	-0.228291	-8.769772
-18.534848	3.572148	-3.205566	-3.245948	-15.937914	28.087344	-2.251304	0.527528	-0.226899	-8.770567
-10.852756	8.501704	-1.163734	-4.447934	-13.982553	27.370747	-2.158587	0.453483	-0.200474	-8.785674
18.173056	8.706186	1.203479	-4.823487	-11.931942	26.617896	-2.061739	0.377327	-0.173097	-8.801370
-8.944434	6.978300	2.290361	-4.261205	-9.484697	25.716214	-1.946529	0.288272	-0.140868	-8.819940
-16.414320	-0.809825	1.690262	-2.689775	-6.977483	24.766929	-1.826186	0.196993	-0.107633	-8.839228
16.391248	-1.404315	1.626478	-2.597742	-6.860962	24.721742	-1.820482	0.192711	-0.106069	-8.840140
8.989794	-2.001373	1.559687	-2.504384	-6.744476	24.676452	-1.814767	0.188424	-0.104503	-8.841053
-16.226708	-7.723216	-0.195635	-0.594015	-4.571822	23.806207	-1.705398	0.107128	-0.074746	-8.858485
16.424799	3.648123	-2.319416	1.260626	-2.463046	22.899291	-1.592308	0.024549	-0.044404	-8.876430
11.950133	6.978755	-2.501890	2.648988	-0.165234	21.803206	-1.456838	-0.072416	-0.008650	-8.897824
-8.091978	-1.390235	1.120615	2.998787	1.906417	20.657365	-1.316636	-0.170553	0.027655	-8.919858
-16.898960	-1.759141	1.293274	2.990973	1.990028	20.606513	-1.310448	-0.174833	0.029241	-8.920828
16.892860	-2.115736	1.462285	2.981322	2.073005	20.555602	-1.304255	-0.179112	0.030826	-8.921799
-1.696749	-6.320292	3.216922	2.416841	3.597375	19.520282	-1.178929	-0.264773	0.062606	-8.941402
-15.939758	-2.276805	0.357329	1.250525	4.839132	18.447249	-1.050266	-0.350878	0.094616	-8.961449
12.921129	5.942428	-4.174567	-0.354143	5.873270	17.160096	-0.897531	-0.450691	0.131792	-8.985150
14.289986	-0.869451	-4.437482	-1.593573	6.425167	15.824165	-0.740591	-0.550549	0.169046	-9.009400
-14.259664	-1.525206	-4.348342	-1.631348	6.438174	15.760695	-0.733163	-0.555207	0.170785	-9.010545
11.501343	-2.166315	-4.252150	-1.666909	6.450002	15.697093	-0.725722	-0.559868	0.172525	-9.011692
13.807350	-5.874153	-1.437122	-1.947659	6.446209	14.504500	-0.586384	-0.646007	0.204703	-9.033130
-4.182412	-1.303469	2.354558	-1.627621	6.011828	13.288869	-0.444097	-0.731750	0.236759	-9.054944
-13.526013	5.832213	5.222687	-0.831503	5.059148	11.866740	-0.276171	-0.830059	0.273532	-9.080593
13.590522	6.324922	4.139262	0.071857	3.747324	10.437839	-0.104573	-0.927285	0.309910	-9.106699
3.863892	5.981721	4.007393	0.113459	3.678572	10.370386	-0.096378	-0.931846	0.311617	-9.107943
-13.600551	5.603362	3.870220	0.154835	3.609309	10.302948	-0.088176	-0.936404	0.313322	-9.109188
13.721838	-3.138854	0.720266	0.848141	2.275211	9.080458	0.062384	-1.018735	0.344124	-9.132001
2.195598	-6.956089	-2.720124	1.360421	0.852846	7.871464	0.215454	-1.099840	0.374454	-9.155116
-14.339285	-7.194180	-5.369932	1.600831	-0.819693	6.490083	0.396932	-1.192583	0.409110	-9.182422
4.896455	-7.067294	-5.350315	1.324799	-2.411005	5.151015	0.581559	-1.283107	0.442894	-9.210094
15.027339	-6.939359	-5.281507	1.297288	-2.482039	5.089674	0.590264	-1.287279	0.444449	-9.211396
-2.032785	-6.791964	-5.207031	1.268453	-2.552669	5.028494	0.598969	-1.291443	0.446002	-9.212698
-15.874836	-2.710923	-3.004230	0.542938	-3.784003	3.921814	0.760951	-1.367334	0.474273	-9.236879
16.884334	-0.290284	0.068153	-0.381942	-4.843592	2.865408	0.925073	-1.441141	0.501714	-9.261297
-16.076564	5.668277	3.501506	-1.437235	-5.827041	1.668199	1.126047	-1.527243	0.533639	-9.291085
-19.791536	8.893326	5.004834	-2.091306	-6.407620	0.570938	1.329866	-1.609695	0.564096	-9.321172
19.857065	8.812565	5.002007	-2.107657	-6.422619	0.525148	1.338903	-1.613236	0.565401	-9.322503
-10.475843	8.706673	4.992589	-2.122886	-6.436668	0.479581	1.347946	-1.616770	0.566704	-9.323835
-21.025931	2.169827	3.911001	-2.222885	-6.523534	-0.292738	1.509759	-1.678338	0.589343	-9.347623
21.890285	-9.324841	1.759786	-2.046031	-6.296816	-0.987261	1.673146	-1.737280	0.610920	-9.371566
19.788909	-5.395672	-1.177456	-1.480459	-5.606659	-1.745030	1.880927	-1.807490	0.636470	-9.401904
-22.028320	8.214778	-3.547682	-0.551687	-4.547514	-2.375026	2.090928	-1.872959	0.660099	-9.432443
-6.301162	8.403492	-3.579149	-0.532639	-4.526628	-2.384759	2.094555	-1.874041	0.660488	-9.432969
21.996914	8.586742	-3.610228	-0.513488	-4.505661	-2.394456	2.098183	-1.875121	0.660876	-9.433496
-2.828497	9.666140	-4.568854	0.532393	-3.395932	-2.822758	2.275557	-1.925876	0.679016	-9.459193
-19.339374	-0.769577	-4.135456	1.725188	-2.148480	-3.166729	2.454284	-1.972887	0.695638	-9.485000
17.449675	-9.594191	-1.365993	2.979165	-0.596446	-3.463682	2.663670	-2.022590	0.712956	-9.515129
-4.944589	9.278763	3.023231	3.680376	0.984043	-3.653329	2.874587	-2.066681	0.728001	-9.545373
-15.761004	9.446659	3.173770	3.692449	1.057165	-3.659623	2.884473	-2.068598	0.728647	-9.546788
-4.258208	9.448735	3.313263	3.702326	1.130108	-3.665687	2.894356	-2.070502	0.729286	-9.548203
14.687377	-5.424970	3.994679	3.434584	2.445791	-3.737303	3.076937	-2.103258	0.740132	-9.574331
-12.688201	-9.077712	1.823753	2.222745	3.685229	-3.733756	3.259603	-2.131422	0.749122	-9.600518
-13.537639	3.833601	-2.411284	0.047020	4.960894	-3.639524	3.467660	-2.157777	0.757040	-9.630541
13.362214	8.462201	-3.348470	-2.380386	6.007727	-3.451282	3.673498	-2.177618	0.762350	-9.660615
-9.683779	-8.091204	1.410949	-4.360066	6.730902	-3.177301	3.872176	-2.190541	0.764976	-9.690177
-14.113674	4.166515	2.928869	-5.117803	7.078904	-2.817176	4.066293	-2.196791	0.765028	-9.719765
14.157204	5.352700	2.870564	-5.109147	7.085285	-2.797968	4.075378	-2.196919	0.764966	-9.721170
-12.312036	6.474090	2.801381	-5.095914	7.090722	-2.778572	4.084450	-2.197032	0.764899	-9.722576
-15.416474	7.205713	-0.122332	-3.998056	7.010713	-2.356991	4.260912	-2.196072	0.762389	-9.750371
17.265847	-6.743262	-2.731430	-1.675343	6.598048	-1.866562	4.431202	-2.188968	0.757650	-9.778171
15.134424	-6.551967	-2.728866	-1.537575	6.569561	-1.840554	4.439484	-2.188452	0.757356	-9.779552
-5.769936	-6.276270	-2.708359	-1.398214	6.540355	-1.814401	4.447749	-2.187922	0.757058	-9.780933
-22.223159	5.667342	2.878201	4.535857	4.726967	-0.601594	4.778287	-2.151337	0.739594	-9.839130
24.358153	-4.694581	-3.287635	6.425408	2.046576	0.742557	5.067915	-2.086330	0.712818	-9.897239
-8.605637	-4.604063	-3.264884	6.397330	1.975263	0.775236	5.074258	-2.084423	0.712067	-9.898626
-24.308283	-4.437956	-3.221755	6.365571	1.903643	0.807939	5.080576	-2.082497	0.711311	-9.900013
24.263772	-4.057710	-3.132101	6.316492	1.805834	0.852415	5.089122	-2.079851	0.710275	-9.901899
-0.789178	-3.560308	-3.008844	6.260613	1.707524	0.896908	5.097619	-2.077172	0.709228	-9.903786
-22.927369	4.275255	0.268891	5.077768	0.464421	1.443436	5.197845	-2.041581	0.695556	-9.927036
-6.085575	1.210538	3.741807	3.197338	-0.815633	1.980650	5.289285	-2.001200	0.680477	-9.950254
17.595499	-3.758835	3.046578	0.194522	-2.495684	2.655563	5.394610	-1.941090	0.658689	-9.980556
-14.942138	3.642008	-3.914518	-2.833379	-4.121951	3.282714	5.482597	-1.872585	0.634616	-10.010786
1.572315	3.386630	-4.088346	-2.961445	-4.193587	3.309819	5.486167	-1.869267	0.633467	-10.012159
14.767501	3.069912	-4.233933	-3.088189	-4.264968	3.336786	5.489697	-1.865931	0.632314	-10.013532
-7.633726	-3.659709	-3.250943	-5.197581	-5.566060	3.821268	5.549327	-1.799104	0.609518	-10.039623
-13.629552	-3.487410	0.243606	-6.622810	-6.729740	4.243536	5.594062	-1.725840	0.585116	-10.065644
14.078389	3.985040	3.751694	-7.435432	-7.845226	4.638063	5.626105	-1.633297	0.555038	-10.095562
10.247894	-4.252240	4.823639	-7.442585	-8.658642	4.916276	5.636093	-1.532193	0.522962	-10.125367
-14.542547	-4.231997	4.820723	-7.424974	-8.687694	4.925879	5.636007	-1.527391	0.521456	-10.126721
14.551026	-4.119468	4.813842	-7.405871	-8.716026	4.935201	5.635873	-1.522573	0.519946	-10.128074
13.650209	4.525621	3.400739	-6.781902	-9.119464	5.057318	5.624050	-1.427248	0.490336	-10.153881
-14.120471	1.711538	-1.021154	-5.762308	-9.264382	5.066600	5.594266	-1.325938	0.459326	-10.179586
13.685534	-5.020084	-5.030439	-4.282385	-9.128659	4.935968	5.537227	-1.202300	0.421966	-10.209034
10.203353	0.102876	-2.927094	-2.657936	-8.700762	4.663757	5.455688	-1.071513	0.382887	-10.238327
-11.473858	0.557705	-2.730511	-2.584320	-8.675571	4.648601	5.451501	-1.065550	0.381114	-10.239623
-13.523244	1.006482	-2.529043	-2.510582	-8.649862	4.633183	5.447264	-1.059569	0.379336	-10.240920
13.776156	5.409422	1.676211	-1.055997	-8.046564	4.280183	5.354053	-0.939249	0.343713	-10.266369
-14.348373	4.096876	4.395429	0.367556	-7.274315	3.838680	5.242146	-0.814096	0.306888	-10.291685
-13.566289	-1.135781	5.037787	1.880086	-6.220370	3.239722	5.091971	-0.666062	0.263554	-10.320340
15.842726	-5.651310	3.649318	3.204330	-5.017089	2.553065	4.917606	-0.512561	0.218799	-10.348800
9.569607	-5.694033	3.543634	3.262093	-4.956361	2.518242	4.908647	-0.505078	0.216620	-10.350158
-15.885331	-5.699726	3.435012	3.319268	-4.895421	2.483278	4.899638	-0.497588	0.214440	-10.351515
-9.688753	0.155882	1.062777	4.264749	-3.747519	1.820402	4.725984	-0.359302	0.174231	-10.376131
15.922039	5.739708	-1.602800	5.033439	-2.543654	1.114467	4.533992	-0.217488	0.133048	-10.400585
-4.953063	-1.642546	-4.116414	5.707265	-1.119459	0.260760	4.289900	-0.049978	0.084423	-10.428569
-14.898692	-5.738487	-4.795830	6.175690	0.306153	-0.620253	4.021492	0.121409	0.034646	-10.456316
14.870741	-5.416760	-4.761789	6.193517	0.371223	-0.661236	4.008541	0.129390	0.032326	-10.457589
5.559015	-5.034616	-4.721221	6.211073	0.436210	-0.702241	3.995539	0.137380	0.030004	-10.458861
-14.337743	5.744907	-2.842098	6.488324	1.643636	-1.479350	3.740125	0.289677	-0.014299	-10.482798
-3.091958	4.653872	0.417181	6.644082	2.798638	-2.253291	3.466322	0.444271	-0.059366	-10.506539
13.681624	-3.437120	3.458052	6.616398	4.052177	-3.119149	3.131040	0.623333	-0.111725	-10.533415
-13.767786	-5.301645	4.625904	6.293313	5.243284	-3.946702	2.771807	0.804601	-0.164945	-10.560016
-8.188914	-5.351446	4.621822	6.269178	5.298728	-3.984967	2.754017	0.813324	-0.167512	-10.561282
13.797195	-5.405722	4.611610	6.244185	5.354062	-4.023114	2.736160	0.822056	-0.170083	-10.562548
-4.737136	-5.905245	3.234614	5.641625	6.339196	-4.692264	2.400233	0.982262	-0.217358	-10.585565
-14.859470	-3.086492	-0.267170	4.773232	7.273717	-5.298099	2.046016	1.143518	-0.265184	-10.608357
15.674186	3.879672	-4.238466	3.472171	8.280415	-5.895746	1.617811	1.329163	-0.320581	-10.634177
6.844399	6.149948	-4.566137	1.866665	9.221646	-6.374239	1.165640	1.515398	-0.376565	-10.659684
-16.443570	6.038296	-4.425419	1.781935	9.265460	-6.394031	1.143221	1.524390	-0.379279	-10.660906
-0.949735	5.904266	-4.268410	1.696656	9.309102	-6.413495	1.120762	1.533376	-0.381993	-10.662127
16.901578	0.311787	0.359284	0.102545	10.076687	-6.709318	0.703212	1.696569	-0.431471	-10.684163
-17.041097	-6.324866	4.514366	-1.369694	10.796913	-6.886788	0.267346	1.859567	-0.481288	-10.705941
-5.478729	-2.266976	3.679842	-2.580356	11.561673	-6.927495	-0.253076	2.045204	-0.538560	-10.730500
15.905576	5.817888	-0.346197	-3.179270	12.259364	-6.776647	-0.796832	2.229790	-0.596137	-10.754703
4.597467	6.057885	-0.537609	-3.191337	12.290684	-6.764329	-0.823383	2.238586	-0.598898	-10.755852
-15.791964	6.277789	-0.724833	-3.201820	12.321775	-6.751540	-0.849965	2.247372	-0.601657	-10.756999
14.541288	6.438052	-3.271323	-3.095273	12.835923	-6.432820	-1.341573	2.406651	-0.651962	-10.777729
-2.897178	-1.529461	-3.913023	-2.365515	13.189722	-5.943744	-1.846283	2.564511	-0.702393	-10.798175
-11.593775	-6.217818	-1.581464	-0.909432	13.283328	-5.161104	-2.438441	2.743807	-0.760441	-10.821312
10.663759	4.893512	2.907247	0.451375	12.928239	-4.146180	-3.038796	2.920431	-0.818518	-10.844055
6.510886	5.425187	3.010333	0.499153	12.897779	-4.091339	-3.068055	2.928928	-0.821337	-10.845148
-10.620007	5.915598	3.091235	0.544454	12.866011	-4.036003	-3.097321	2.937418	-0.824155	-10.846241
6.039198	-5.053318	-2.204023	0.739592	10.497356	-1.517239	-4.252333	3.266281	-0.935267	-10.888612
14.046468	-2.253981	1.449632	-0.142222	6.096556	1.401559	-5.381948	3.580598	-1.045673	-10.929413
9.287891	-0.498326	1.539779	-0.148463	5.973067	1.475736	-5.409419	3.588206	-1.048405	-10.930407
-14.194586	1.199001	1.621596	-0.153164	5.849323	1.549898	-5.436853	3.595802	-1.051138	-10.931401
14.268233	2.658932	1.694322	-0.156267	5.725676	1.623846	-5.464177	3.603368	-1.053862	-10.932390
7.180283	3.774609	1.757643	-0.157752	5.601764	1.697812	-5.491481	3.610928	-1.056587	-10.933380
-15.423531	-3.265884	1.010627	-0.024321	3.567073	2.892877	-5.930276	3.732494	-1.100865	-10.949351
16.056819	2.680894	-2.253363	0.086924	1.533643	4.049955	-6.356228	3.850939	-1.144900	-10.965046
16.036991	2.006665	-0.105073	-0.334671	-1.040413	5.451909	-6.887390	4.000059	-1.201775	-10.985048
-13.366322	-0.380324	3.912203	-1.037238	-3.637175	6.679191	-7.387770	4.143136	-1.258110	-11.004566
-7.360649	-0.068618	3.939024	-1.067989	-3.759747	6.730924	-7.410183	4.149629	-1.260713	-11.005461
13.028540	0.245720	3.940986	-1.098148	-3.882532	6.782139	-7.432517	4.156108	-1.263315	-11.006354
5.299313	0.183189	-0.046095	-1.380299	-6.206219	7.630771	-7.832197	4.273742	-1.311342	-11.022745
-4.574747	-0.108119	-5.605685	-0.619271	-8.544020	8.258753	-8.201530	4.386252	-1.358859	-11.038760
14.694779	-0.566153	7.250704	4.815293	-11.998925	8.636443	-8.934348	4.629669	-1.468621	-11.075002
16.268471	-0.918359	-10.095491	7.720530	-9.691957	7.189932	-9.450375	4.839343	-1.574647	-11.109024
-17.046419	1.119720	-9.532609	7.715095	-9.548333	7.136435	-9.459646	4.843727	-1.577030	-11.109778
11.053002	1.299298	-8.806634	7.705675	-9.400115	7.082055	-9.468809	4.848094	-1.579413	-11.110531
18.728256	-0.164523	-7.801345	7.690468	-9.231948	7.021270	-9.478757	4.852875	-1.582030	-11.111357
-19.618116	-1.740250	-6.617555	7.669903	-9.058345	6.959434	-9.488573	4.857635	-1.584647	-11.112183
-0.764671	-1.484577	-5.454078	7.646926	-8.899656	6.903637	-9.497181	4.861844	-1.586969	-11.112915
21.187228	-0.221045	-4.207015	7.619330	-8.736859	6.847046	-9.505681	4.866034	-1.589289	-11.113647
-33.037909	8.684164	12.943909	6.560970	-5.883147	5.913434	-9.619477	4.926125	-1.623560	-11.124394
-41.649953	9.761930	2.835487	3.986601	-2.443432	4.817943	-9.709642	4.981851	-1.657310	-11.134879
53.353555	-19.673611	-20.865722	-2.776874	2.610162	3.035001	-9.796938	5.052432	-1.703707	-11.149126
25.513823	-20.896094	11.797542	-12.065023	6.905738	0.995911	-9.839599	5.114093	-1.749003	-11.162842
-72.397078	24.508151	32.889954	-15.038813	9.372090	-1.426840	-9.837136	5.170060	-1.796176	-11.176909
79.547678	-25.367304	-37.489474	-2.919860	8.676133	-4.006356	-9.786454	5.215747	-1.842026	-11.190346
30.559003	-16.286615	-16.106600	12.279563	5.789269	-6.238262	-9.699915	5.248460	-1.882539	-11.202002
-84.817899	18.513176	35.756950	17.689769	1.529118	-8.093313	-9.576094	5.272912	-1.921952	-11.213119
-72.970699	19.318385	36.938932	17.451329	1.290734	-8.172502	-9.568852	5.273933	-1.923919	-11.213668
-52.421609	19.997636	37.865267	17.150043	1.050907	-8.250070	-9.561514	5.274933	-1.925885	-11.214216
69.370872	-9.823311	-25.993997	-17.603833	-6.624312	-9.558995	-9.177073	5.298279	-2.005065	-11.235701
-21.275189	-2.678305	10.073491	-1.939921	-2.690992	-6.319517	-8.650098	5.286857	-2.079496	-11.254678
19.684799	0.863340	9.345441	-1.016816	-2.518152	-6.201407	-8.636524	5.286192	-2.081159	-11.255086
6.414099	1.622569	8.413470	-0.084537	-2.344490	-6.081817	-8.622895	5.285509	-2.082820	-11.255493
-16.328144	0.199811	7.171617	0.934574	-2.155172	-5.950290	-8.608031	5.284747	-2.084622	-11.255933
5.747485	-1.443475	5.728683	1.955507	-1.965472	-5.817177	-8.593112	5.283964	-2.086419	-11.256371
13.048086	-1.242563	4.307238	2.872532	-1.794353	-5.695864	-8.579618	5.283241	-2.088036	-11.256765
-11.536997	1.305376	2.870961	3.781726	-1.623323	-5.573344	-8.566083	5.282501	-2.089649	-11.257156
-10.811577	-0.926208	-5.618551	14.439588	0.892323	-3.536915	-8.350778	5.268911	-2.114281	-11.263044
-10.742465	0.569034	5.028869	13.707725	2.801928	-1.307289	-8.125346	5.251306	-2.138345	-11.268611
-9.715099	3.508108	-2.269366	0.509549	4.087193	1.949905	-7.794487	5.219824	-2.171251	-11.275897
-8.972215	-5.998636	-11.058485	-9.788006	3.547921	5.062725	-7.452327	5.180625	-2.203042	-11.282533
-8.532448	8.308183	14.049069	-5.059454	1.345544	7.656267	-7.105221	5.134027	-2.233617	-11.288491
-8.132109	-10.008953	-6.013198	2.043629	-1.215337	9.358726	-6.757058	5.080041	-2.263095	-11.293785
11.130814	0.086588	-14.340349	4.896476	-2.592811	9.808077	-6.397020	5.015770	-2.292780	-11.298605
2.733229	11.148109	-1.885611	1.225295	-1.543801	8.673327	-6.045502	4.943715	-2.321273	-11.302677
-20.633429	10.860400	-1.226665	0.990065	-1.459308	8.591513	-6.030047	4.940334	-2.322512	-11.302840
-20.533372	10.449731	-0.573292	0.754194	-1.373048	8.507382	-6.014593	4.936936	-2.323749	-11.303003
24.603194	-10.650216	9.181068	-2.940907	0.384823	6.489288	-5.715958	4.867947	-2.347324	-11.305852
-5.303987	-9.260135	7.166784	-2.785275	1.611080	3.965854	-5.418484	4.793374	-2.370018	-11.308127
-22.106348	8.412699	-3.889207	0.136585	2.107657	0.813356	-5.072834	4.700491	-2.395123	-11.310031
16.343820	-5.274834	0.557120	2.425998	1.713600	-2.274460	-4.720520	4.600461	-2.419065	-11.311149
8.149647	-6.090582	0.809748	2.485676	1.676211	-2.405687	-4.704727	4.595877	-2.420096	-11.311181
-15.683820	-6.795493	1.038058	2.541219	1.637148	-2.536325	-4.688911	4.591280	-2.421125	-11.311210
8.082517	2.173191	1.180073	2.722749	0.595828	-4.956609	-4.373314	4.498261	-2.440878	-11.311476
4.952941	4.436979	-2.108120	1.174476	-0.716007	-7.008986	-4.046214	4.400088	-2.459763	-11.311135
-1.966728	-2.713759	-2.645662	-4.500699	-2.779143	-9.619283	-3.215415	4.149554	-2.500769	-11.307903
-7.299982	2.683163	5.112591	-4.142752	-0.938718	-8.305483	-2.275131	3.872423	-2.537049	-11.301189
8.339318	-1.530687	5.122748	-4.013356	-0.860896	-8.235821	-2.251961	3.865682	-2.537836	-11.300991
-8.817701	-2.728917	5.105401	-3.877715	-0.782128	-8.164721	-2.228732	3.858926	-2.538620	-11.300792
-10.496864	-1.070625	5.048318	-3.732445	-0.700604	-8.090516	-2.204905	3.852001	-2.539420	-11.300585
11.584200	1.756380	4.946158	-3.580674	-0.618179	-8.014855	-2.181016	3.845062	-2.540217	-11.300376
-0.898156	2.807039	4.796955	-3.424279	-0.535792	-7.938592	-2.157321	3.838182	-2.541003	-11.300168
-13.669836	2.513609	4.597431	-3.261848	-0.452614	-7.860951	-2.133566	3.831289	-2.541787	-11.299958
25.396022	-3.825306	-1.509161	-0.432233	0.800560	-6.610173	-1.786342	3.730923	-2.552738	-11.296723
18.434296	-3.980885	-6.098985	2.785156	2.075990	-5.150379	-1.427021	3.627763	-2.563160	-11.293078
-33.947115	5.506222	-0.771161	6.736345	3.640008	-2.903044	-0.907695	3.479743	-2.576779	-11.287320
-33.607852	6.107301	5.335928	8.541793	4.639920	-0.572045	-0.366193	3.326550	-2.589383	-11.280752
23.406889	-7.162802	0.213109	6.857439	4.814404	1.749677	0.222226	3.161185	-2.601468	-11.273017
-12.062538	7.883122	-3.117798	2.491887	4.262835	3.774035	0.833234	2.990481	-2.612459	-11.264378
-16.252247	8.085643	-3.122718	2.221378	4.218887	3.868799	0.865370	2.981528	-2.612996	-11.263908
15.969316	8.127528	-3.111062	1.948035	4.173644	3.962510	0.897544	2.972567	-2.613531	-11.263435
8.475950	1.014391	-1.145332	-2.808018	3.240372	5.383128	1.443629	2.820803	-2.622033	-11.255173
-11.352682	-9.135773	1.559827	-7.006310	2.033380	6.538663	2.005299	2.665302	-2.629730	-11.246224
14.360251	-4.488696	0.250516	-10.136952	-1.417020	8.302300	3.398506	2.281635	-2.644777	-11.222206
0.229894	6.005809	-1.595926	-4.710267	-4.789299	8.849191	4.869787	1.878752	-2.655263	-11.194275
-20.029452	6.906980	-1.541285	-4.506927	-4.865906	8.849017	4.908489	1.868177	-2.655471	-11.193507
-14.716203	7.837171	-1.479145	-4.301957	-4.941800	8.848181	4.947237	1.857591	-2.655677	-11.192737
20.220129	8.502920	-1.424137	-4.137502	-5.001765	8.847041	4.978153	1.849146	-2.655838	-11.192121
-9.916401	9.011867	-1.364219	-3.972254	-5.061217	8.845486	5.009074	1.840699	-2.655998	-11.191504
-20.389942	9.333550	-1.290426	-3.784433	-5.127843	8.843228	5.044063	1.831142	-2.656176	-11.190805
6.903129	9.339761	-1.210080	-3.595594	-5.193846	8.840444	5.079088	1.821576	-2.656351	-11.190103
21.429991	-7.510913	0.453220	-0.779127	-6.077257	8.741947	5.593045	1.681193	-2.658626	-11.179653
-21.893983	-8.888530	2.098357	1.994264	-6.790189	8.541291	6.113101	1.538860	-2.660372	-11.168766
21.898408	-2.029212	3.211695	5.331591	-7.431769	8.108600	6.844865	1.337254	-2.661916	-11.152863
10.845284	-0.074163	3.285958	7.479228	-7.574667	7.521118	7.579405	1.132094	-2.662412	-11.136124
-20.437318	1.613472	2.746851	7.991499	-7.083404	6.768033	8.340492	0.914901	-2.661799	-11.117823
-12.857192	6.612825	1.529464	6.877395	-5.862596	5.878122	9.091332	0.694154	-2.660019	-11.098637
19.326792	6.724758	1.455294	6.797259	-5.792687	5.835294	9.124695	0.684168	-2.659911	-11.097755
-15.123437	6.814125	1.379215	6.714916	-5.721583	5.792207	9.158050	0.674169	-2.659801	-11.096872
-18.405968	5.660578	-0.348276	4.773588	-4.146055	4.916464	9.796686	0.479343	-2.657199	-11.079425
17.688311	2.691416	-2.107205	2.440063	-2.284970	3.972807	10.420166	0.282074	-2.653692	-11.061329
11.305507	-3.330040	-3.306216	-0.215799	0.028684	2.826795	11.113937	0.052471	-2.648528	-11.039740
-17.002218	-4.601870	-2.610107	-2.348545	2.329950	1.640099	11.778792	-0.180071	-2.642137	-11.017315
12.953968	-4.366549	-2.508975	-2.432570	2.435420	1.583161	11.809573	-0.191188	-2.641802	-11.016229
17.011456	-4.090337	-2.401294	-2.514899	2.540370	1.526194	11.840279	-0.202311	-2.641465	-11.015142
-17.275281	4.090330	0.053030	-3.695190	4.355710	0.474278	12.391900	-0.408426	-2.634745	-10.994762
0.219498	3.257168	1.566606	-4.121319	5.857243	-0.569227	12.914160	-0.616560	-2.627059	-10.973759
18.469271	-3.257070	1.625498	-3.510460	7.066543	-1.730070	13.471506	-0.857003	-2.617070	-10.948978
4.534639	-2.776175	0.259384	-1.828582	7.716154	-2.829870	13.981487	-1.099806	-2.605786	-10.923402
-19.139981	-2.548571	0.177350	-1.736632	7.732824	-2.878985	14.003947	-1.111140	-2.605230	-10.922195
19.165120	-2.306861	0.094695	-1.644180	7.748311	-2.927933	14.026309	-1.122487	-2.604671	-10.920985
2.531450	2.019028	-1.249872	0.030219	7.821044	-3.806594	14.423438	-1.335754	-2.593678	-10.898027
-19.759935	2.517313	-1.250565	1.237958	7.494647	-4.610821	14.777571	-1.550571	-2.581682	-10.874485
19.852355	-2.435647	0.722549	1.944261	6.639831	-5.458222	15.135580	-1.805691	-2.566234	-10.845989
6.322848	1.024850	1.982729	1.890485	5.387653	-6.192254	15.424296	-2.062665	-2.549357	-10.816704
-19.654495	2.576133	2.475033	1.299605	4.020834	-6.756243	15.621845	-2.297119	-2.532804	-10.789479
10.790543	-2.775768	1.925023	0.423034	2.537551	-7.220396	15.754350	-2.532853	-2.515050	-10.761625
19.414992	-2.754408	1.804798	0.376751	2.461129	-7.241197	15.759264	-2.544829	-2.514118	-10.760197
0.822545	-2.671063	1.672552	0.330641	2.384728	-7.261719	15.763997	-2.556801	-2.513184	-10.758768
-19.103223	3.081547	-1.986485	-0.473758	0.912877	-7.607445	15.820153	-2.790043	-2.494407	-10.730697
16.714887	-1.976921	-3.946570	-0.880009	-0.469299	-7.850157	15.805624	-3.024311	-2.474441	-10.702036
18.714824	-2.425656	-3.958358	-0.884426	-0.543790	-7.860880	15.802572	-3.037759	-2.473261	-10.700377
-18.691658	-2.856766	-3.958177	-0.886406	-0.617668	-7.871255	15.799275	-3.051209	-2.472076	-10.698715
18.298377	-3.845334	-2.203177	-0.627773	-1.746409	-7.991557	15.708922	-3.273250	-2.451982	-10.671048
10.277333	3.349657	2.000382	-0.055389	-2.706997	-8.015041	15.549073	-3.495686	-2.430804	-10.642871
-17.734396	4.722438	4.423508	0.554060	-3.615566	-7.922287	15.277164	-3.753539	-2.404899	-10.609602
-1.315076	-5.181880	0.221505	0.715935	-4.312887	-7.705194	14.914999	-4.011221	-2.377507	-10.575667
17.837388	-5.129022	-0.025605	0.711919	-4.342102	-7.691306	14.894737	-4.023997	-2.376108	-10.573967
-8.963151	-4.965807	-0.265883	0.706887	-4.370787	-7.677139	14.874275	-4.036763	-2.374707	-10.572265
-18.248546	5.586319	-3.245031	0.472536	-4.789601	-7.385038	14.482633	-4.259618	-2.349617	-10.542267
18.843045	5.545526	-3.551644	0.029672	-5.056685	-7.016051	14.028212	-4.481770	-2.323385	-10.511787
0.570884	-2.153798	-0.983370	-0.573873	-5.184857	-6.510181	13.430519	-4.736412	-2.291746	-10.476099
-19.931824	-6.454726	1.813743	-0.959915	-5.130421	-5.935797	12.758849	-4.989404	-2.258562	-10.439793
19.935914	-6.414600	1.891183	-0.966615	-5.123545	-5.907518	12.725642	-5.001215	-2.256968	-10.438077
7.016182	-6.358984	1.961486	-0.972008	-5.116285	-5.879113	12.692263	-5.013030	-2.255370	-10.436357
-19.733124	-3.928798	2.132244	-0.822824	-4.915322	-5.334527	12.046691	-5.231240	-2.225112	-10.404240
10.515996	-1.191072	0.817730	-0.229913	-4.596455	-4.759703	11.352864	-5.447631	-2.193661	-10.371673
18.126339	2.598401	-1.056006	0.718553	-4.091419	-4.061758	10.497580	-5.694473	-2.155914	-10.333585
-6.271848	6.629196	-1.602663	1.582324	-3.447106	-3.326903	9.587695	-5.938175	-2.116551	-10.294923
-16.952477	6.692178	-1.566975	1.615455	-3.413646	-3.291589	9.543816	-5.949508	-2.114667	-10.293097
16.901443	6.734219	-1.524496	1.647696	-3.379922	-3.256220	9.499858	-5.960826	-2.112781	-10.291272
4.138576	3.629356	0.146107	2.070776	-2.709145	-2.591317	8.672132	-6.167706	-2.077421	-10.257459
-15.476982	-3.572613	2.045321	2.116133	-1.947050	-1.900470	7.811259	-6.371694	-2.040837	-10.223235
15.360127	-6.293714	1.683560	1.614260	-0.960901	-1.061256	6.767758	-6.606044	-1.996527	-10.182737
5.205661	6.005456	-2.460930	0.553261	0.055355	-0.188501	5.688618	-6.835719	-1.950512	-10.141699
-15.996618	5.986558	-2.630774	0.491435	0.102246	-0.146718	5.637163	-6.846381	-1.948310	-10.139759
-13.990291	5.847874	-2.790705	0.428627	0.148988	-0.104862	5.585641	-6.857032	-1.946103	-10.137818
17.106848	-5.672381	-3.511894	-0.882127	0.967385	0.675085	4.629870	-7.050268	-1.904976	-10.102027
-6.232337	-3.765853	0.205892	-2.378032	1.670831	1.478353	3.655277	-7.239456	-1.862565	-10.065855
-19.848517	4.897688	4.153356	-3.807380	2.259832	2.432850	2.512253	-7.452289	-1.812043	-10.023675
20.715930	-1.255704	1.846685	-4.291937	2.522012	3.415893	1.353683	-7.659019	-1.759782	-9.981011
7.834211	-1.686764	1.637752	-4.283838	2.524702	3.461303	1.300607	-7.668287	-1.757359	-9.979055
-20.748694	-2.092287	1.424707	-4.272822	2.526528	3.506763	1.247510	-7.677541	-1.754932	-9.977099
20.618257	-3.988093	-2.589606	-3.475499	2.409069	4.377055	0.232830	-7.851167	-1.708019	-9.939655
13.820580	-3.954793	-3.923830	-1.475923	2.049594	5.234988	-0.786081	-8.019633	-1.659770	-9.901861
-18.199498	-2.731461	-0.470928	2.048679	1.422608	6.171530	-1.963189	-8.207358	-1.602399	-9.857810
-1.864420	2.741770	2.980376	5.243688	0.661742	7.013775	-3.136431	-8.387488	-1.543215	-9.813314
16.138855	2.716665	3.023662	5.352875	0.623998	7.050721	-3.191715	-8.395810	-1.540372	-9.811199
-11.260438	2.638567	3.051060	5.456655	0.586166	7.087383	-3.246977	-8.404113	-1.537525	-9.809084
-14.366463	-2.413325	1.382287	6.370055	-0.105630	7.705521	-4.255754	-8.553110	-1.484604	-9.770135
13.112650	-0.727258	-1.976685	5.437710	-0.738637	8.208231	-5.254167	-8.695830	-1.430297	-9.730870
5.343982	1.989343	-2.463367	2.166941	-1.331427	8.620363	-6.390037	-8.852462	-1.365861	-9.685154
-14.446342	-1.637497	2.635462	-2.719798	-1.715596	8.824816	-7.503888	-8.999994	-1.299549	-9.639039
14.576908	-1.793089	2.755381	-2.927615	-1.726766	8.828616	-7.552561	-9.006300	-1.296574	-9.636991
14.132077	-1.899521	2.850076	-3.131968	-1.737392	8.831950	-7.601150	-9.012584	-1.293597	-9.634944
-18.207668	1.918823	0.618048	-6.359419	-1.832164	8.803242	-8.542115	-9.131854	-1.234548	-9.594701
4.146080	1.463085	-4.021155	-7.896981	-1.694568	8.594789	-9.461369	-9.243743	-1.174070	-9.554175
26.586467	-2.216815	-5.142754	-7.145231	-1.246418	8.138769	-10.490060	-9.363092	-1.102659	-9.507181
-10.849715	1.124513	1.861570	-3.604725	-0.580050	7.470770	-11.483985	-9.471943	-1.029319	-9.459832
-28.079194	1.543068	2.237375	-3.400251	-0.546080	7.435338	-11.528780	-9.476687	-1.025902	-9.457648
28.045078	1.973802	2.607268	-3.193832	-0.511905	7.399508	-11.573495	-9.481409	-1.022480	-9.455462
-4.943495	2.841226	6.723296	0.811139	0.161712	6.645445	-12.407859	-9.566745	-0.956641	-9.413780
-21.529902	-0.276173	2.023664	4.180663	0.827909	5.763054	-13.210810	-9.643488	-0.889302	-9.371846
11.995541	-3.640442	-6.270356	6.850003	1.481591	4.616200	-14.086993	-9.720325	-0.810514	-9.323639
12.154075	-0.679525	-7.505035	8.135119	1.906707	3.341748	-14.916132	-9.785221	-0.729746	-9.275126
-12.045262	-0.128013	-7.373672	8.159296	1.918683	3.279737	-14.953487	-9.787942	-0.725942	-9.272863
9.594315	0.410582	-7.228062	8.180278	1.929848	3.217538	-14.990709	-9.790634	-0.722137	-9.270601
11.387445	4.582855	-2.323933	8.029296	1.996559	2.015233	-15.666974	-9.836053	-0.650108	-9.228141
-9.291933	-2.618954	4.413357	6.983007	1.826678	0.756112	-16.302907	-9.871851	-0.576576	-9.185466
-15.436491	-5.477386	6.878023	5.007273	1.398677	-0.737832	-16.984496	-9.900873	-0.489778	-9.135917
18.004667	5.918000	-0.936944	2.784631	0.792194	-2.238689	-17.606224	-9.916269	-0.401006	-9.086100
12.431351	5.804808	-1.351875	2.672216	0.759043	-2.312047	-17.635208	-9.916667	-0.396589	-9.083643
-18.197172	5.601487	-1.753320	2.559497	0.725646	-2.385327	-17.664039	-9.917030	-0.392167	-9.081185
12.039841	-2.786073	-6.387254	0.522368	0.106480	-3.658472	-18.146302	-9.917779	-0.313532	-9.037794
19.393754	-6.597874	-5.684442	-1.555349	-0.538585	-4.881873	-18.578808	-9.907604	-0.233513	-8.994221
-18.673181	6.088746	0.961471	-3.627081	-1.251184	-6.197037	-19.012305	-9.881952	-0.139764	-8.943850
-3.854781	7.088503	6.209655	-5.015517	-1.862220	-7.377254	-19.373834	-9.840920	-0.044341	-8.893262
17.352482	6.760668	6.281987	-5.059425	-1.887709	-7.429796	-19.389298	-9.838559	-0.039728	-8.890832
-17.286099	6.407828	6.332788	-5.101038	-1.912789	-7.481938	-19.404589	-9.836161	-0.035110	-8.888402
-10.307660	-1.787768	4.339517	-5.486909	-2.286327	-8.350495	-19.650601	-9.786507	0.048915	-8.844423
15.066891	-7.268696	-0.367212	-5.286920	-2.482975	-9.063673	-19.837921	-9.724635	0.134071	-8.800296
10.347583	-2.236624	-4.806157	-4.484726	-2.483788	-9.665920	-19.978367	-9.637682	0.233798	-8.749140
-14.430840	5.050366	-6.978255	-3.169255	-2.293638	-10.019070	-20.034058	-9.533895	0.334879	-8.697809
12.654619	5.203734	-7.016994	-3.097086	-2.280767	-10.029774	-20.034528	-9.528656	0.339609	-8.695419
14.489990	5.347520	-7.049882	-3.023966	-2.267548	-10.040004	-20.034808	-9.523378	0.344345	-8.693027
-15.453762	7.024789	-6.484918	-1.525954	-1.958724	-10.147236	-20.004082	-9.417271	0.433880	-8.647992
-14.681106	1.034382	-3.633396	0.033551	-1.545610	-10.108196	-19.904108	-9.298269	0.524324	-8.602842
18.715405	-6.588951	1.415391	1.562259	-0.967186	-9.911603	-19.706935	-9.147492	0.628328	-8.551305
-2.535199	-0.469232	6.846809	2.470617	-0.294583	-9.579659	-19.424239	-8.980925	0.733354	-8.499640
-20.220386	0.053508	7.029155	2.492087	-0.260519	-9.560911	-19.408681	-8.972594	0.738388	-8.497173
20.270190	0.577726	7.198923	2.511246	-0.226314	-9.541934	-19.392947	-8.964234	0.743420	-8.494707
-10.204952	5.993144	7.199642	2.458569	0.424824	-9.155226	-19.072583	-8.805112	0.835922	-8.449511
-21.023791	3.600225	0.412938	1.734528	1.101005	-8.706574	-18.692648	-8.634738	0.929074	-8.404236
20.959708	-5.411619	-6.694702	0.510625	1.821957	-8.137368	-18.184953	-8.425209	1.036994	-8.352049
2.866880	5.074857	-2.956419	-0.582591	2.347751	-7.538056	-17.605381	-8.201744	1.145622	-8.299776
-20.890570	5.129724	-2.524235	-0.624241	2.365492	-7.509163	-17.575975	-8.190735	1.150824	-8.297278
3.918090	5.068983	-2.074109	-0.664628	2.382441	-7.480267	-17.546415	-8.179696	1.156029	-8.294780
20.950826	-4.927239	5.925458	-1.133113	2.533860	-6.956326	-16.980454	-7.973013	1.251201	-8.249184
-8.954099	-3.000656	5.440248	-1.007723	2.343974	-6.447834	-16.365560	-7.756533	1.346784	-8.203539
-21.303990	4.644526	-0.875895	-0.359194	1.751053	-5.886040	-15.600887	-7.495822	1.457177	-8.150981
21.403653	-2.164953	-4.342138	0.365450	0.910493	-5.352656	-14.778482	-7.223112	1.567957	-8.098379
10.365069	-2.615611	-4.406187	0.390728	0.871249	-5.330304	-14.741677	-7.211057	1.572755	-8.096104
-21.403014	-3.045725	-4.464465	0.415165	0.831883	-5.308014	-14.704772	-7.198981	1.577553	-8.093828
21.315109	-4.476260	-4.595683	0.716878	0.034469	-4.874034	-13.942712	-6.951969	1.674030	-8.048117
12.598676	2.236001	-3.393211	0.668776	-0.719204	-4.468240	-13.142686	-6.696680	1.770673	-8.002392
-20.990455	4.346200	-1.759239	0.309921	-1.459337	-4.039532	-12.177043	-6.392722	1.882157	-7.949700
1.051258	-4.257159	0.123405	-0.194830	-1.989189	-3.656790	-11.168027	-6.078745	1.993704	-7.897008
20.971369	-4.172098	0.300836	-0.217662	-2.006630	-3.640936	-11.122287	-6.064583	1.998656	-7.894669
-3.607566	-4.000306	0.489796	-0.240411	-2.023511	-3.625172	-11.076437	-6.050391	2.003612	-7.892328
-21.086760	4.149873	4.137204	-0.641272	-2.228658	-3.338194	-10.166302	-5.769687	2.100329	-7.846645
21.164297	-4.038445	2.403035	-0.894995	-2.166644	-3.093181	-9.229098	-5.482213	2.196969	-7.800979
15.274477	-2.603228	-2.762625	-0.947599	-1.752122	-2.863221	-8.122152	-5.144031	2.307830	-7.748546
-19.511385	3.743837	-4.199171	-0.647952	-1.061678	-2.669687	-6.986512	-4.797894	2.418429	-7.696160
19.415052	3.799316	-4.074609	-0.624420	-1.024521	-2.661081	-6.932429	-4.781419	2.423625	-7.693696
16.021926	3.785751	-3.928306	-0.600049	-0.987026	-2.652495	-6.878257	-4.764917	2.428824	-7.691231
-16.944315	-3.186266	1.019326	-0.040944	-0.251594	-2.494911	-5.864071	-4.455949	2.525097	-7.645536
0.864408	-3.737169	4.201896	0.571966	0.500188	-2.329698	-4.833575	-4.141679	2.621046	-7.599892
10.638140	3.802236	2.318092	1.100945	1.268795	-2.110967	-3.637042	-3.775837	2.730421	-7.547711
-8.198773	3.747925	-1.116333	1.357699	1.813923	-1.838062	-2.426182	-3.404031	2.839211	-7.495622
-5.294928	3.268507	-1.274840	1.363481	1.832920	-1.822612	-2.365488	-3.385342	2.844620	-7.493027
8.038640	2.769844	-1.430718	1.368627	1.851031	-1.806956	-2.304731	-3.366628	2.850030	-7.490430
-3.933726	-3.128738	-3.497320	1.345487	2.019838	-1.499129	-1.240430	-3.037839	2.944193	-7.445148
-7.786903	-4.373286	-3.779268	1.076302	1.918844	-1.119848	-0.170847	-2.705298	3.037786	-7.399952
10.851183	-2.605255	-2.041071	0.484921	1.531164	-0.602630	1.059380	-2.319660	3.144373	-7.348224
11.512628	-2.424890	0.636967	-0.259861	0.933532	-0.009369	2.289537	-1.930064	3.250051	-7.296632
-11.628542	-2.313970	0.762741	-0.296212	0.901163	0.020668	2.348241	-1.911361	3.255076	-7.294171
7.219926	-2.184515	0.886985	-0.332461	0.868536	0.050829	2.406899	-1.892662	3.260095	-7.291712
13.914222	1.958272	2.708264	-0.957958	0.233903	0.626146	3.477356	-1.549453	3.351454	-7.246807
-15.945016	5.384288	3.002603	-1.443227	-0.434624	1.241072	4.542194	-1.203992	3.441996	-7.202023
-5.125859	5.987699	0.849168	-1.760310	-1.189035	2.004554	5.784957	-0.794960	3.547444	-7.149475
18.509648	1.076566	-1.892926	-1.747084	-1.821953	2.798367	7.012454	-0.383843	3.651593	-7.097118
1.011749	-6.551557	-2.627147	-1.409245	-2.221394	3.533110	8.108678	-0.009807	3.744812	-7.049827
-15.783004	-1.622496	-0.465960	-0.775836	-2.421398	4.271621	9.186017	0.365066	3.836820	-7.002711
11.706417	-0.682761	-0.318996	-0.738847	-2.425937	4.307818	9.238437	0.383508	3.841310	-7.000399
15.480335	0.274841	-0.171155	-0.701451	-2.429974	4.343969	9.290768	0.401939	3.845795	-6.998090
-11.888753	6.902303	2.401984	0.111584	-2.407167	5.060452	10.324410	0.770226	3.934712	-6.952054
2.639175	-6.610111	2.770812	0.964747	-2.191033	5.763063	11.333833	1.138484	4.022329	-6.906205
8.614284	-6.853949	2.720367	1.010318	-2.173655	5.801194	11.388563	1.158719	4.027106	-6.903690
-8.503848	-6.975862	2.663161	1.055598	-2.155710	5.839269	11.443211	1.178952	4.031879	-6.901176
-7.890693	-2.716952	0.858670	1.758276	-1.756908	6.487693	12.374285	1.528396	4.113717	-6.857816
8.974008	5.201597	-1.553129	2.191360	-1.193750	7.115167	13.278198	1.877080	4.194262	-6.814642
-11.756167	6.790321	-3.285428	2.148038	-0.383562	7.781885	14.246004	2.262508	4.282014	-6.766983
8.844680	-0.060541	-2.725816	1.418916	0.595070	8.412747	15.174063	2.646126	4.368033	-6.719572
18.823026	-6.362064	-0.405975	0.167678	1.686661	9.024155	16.092047	3.042031	4.455432	-6.670618
-21.298344	-1.442392	2.337731	-1.233125	2.712908	9.585271	16.959882	3.434982	4.540800	-6.621953
-8.369885	-0.899363	2.443066	-1.293351	2.754816	9.609042	16.997378	3.452439	4.544561	-6.619788
21.436645	-0.356972	2.545612	-1.353120	2.796285	9.632701	17.034766	3.469889	4.548317	-6.617624
-13.161057	5.304769	3.755091	-2.384654	3.500684	10.072562	17.744751	3.810136	4.621015	-6.575369
-21.626693	5.456513	2.837799	-2.996016	3.935693	10.465108	18.410828	4.147344	4.692033	-6.533353
20.550010	2.840663	-0.395514	-2.959062	4.027559	10.851531	19.116357	4.529268	4.771215	-6.485547
10.921214	-4.270386	-3.232490	-2.007124	3.722513	11.166414	19.757324	4.906240	4.848039	-6.438076
-19.534235	-4.493193	-3.299223	-1.940007	3.700119	11.179052	19.784992	4.923328	4.851489	-6.435917
19.505720	-4.688299	-3.357989	-1.870735	3.677032	11.191537	19.812518	4.940405	4.854935	-6.433758
12.818702	-1.703498	-3.080051	-0.214722	3.108878	11.401469	20.311445	5.265044	4.919900	-6.392568
-19.395033	4.046598	-0.917358	1.703860	2.326588	11.557913	20.755416	5.585122	4.982936	-6.351652
-12.994083	1.028776	2.085173	3.535195	1.216919	11.674875	21.192789	5.945320	5.052626	-6.305179
19.355156	-3.355199	2.450960	4.202685	-0.059180	11.730417	21.551203	6.298577	5.119633	-6.259085
-11.746160	-3.348278	2.344678	4.191696	-0.119721	11.731569	21.565600	6.314508	5.122623	-6.256993
-19.297609	-3.297091	2.225158	4.176574	-0.180385	11.732606	21.579826	6.330424	5.125607	-6.254901
18.434324	3.045015	-1.158447	3.159889	-1.352766	11.730708	21.818020	6.631397	5.181488	-6.215108
0.550437	2.240664	-2.398182	0.991456	-2.515085	11.689650	21.991063	6.926335	5.235210	-6.175619
-15.963198	-2.479858	-0.315775	-2.278034	-3.770215	11.596796	22.108023	7.257325	5.294197	-6.130632
15.288684	1.446281	2.768628	-4.813459	-4.863293	11.457275	22.136652	7.579378	5.350177	-6.086069
11.602677	1.815403	2.837702	-4.881225	-4.909815	11.449520	22.135809	7.594438	5.352759	-6.083964
-15.275412	2.165580	2.893898	-4.942609	-4.955784	11.441664	22.134766	7.609478	5.355333	-6.081859
3.560111	2.165937	1.714522	-4.996952	-5.704049	11.279342	22.079896	7.882251	5.401435	-6.043333
16.156196	-1.681654	-2.158601	-3.341993	-6.279606	11.083951	21.957159	8.147582	5.445114	-6.005148
-8.769088	-1.635748	-3.918392	-0.068533	-6.747138	10.820841	21.734247	8.441404	5.491989	-5.961942
-16.124062	0.744578	1.117413	3.396072	-7.035314	10.513145	21.426427	8.724957	5.535546	-5.919202
16.061666	0.953661	1.400072	3.535388	-7.045136	10.497070	21.409441	8.738419	5.537569	-5.917145
-5.809659	1.137306	1.675661	3.670341	-7.054604	10.480874	21.392255	8.751863	5.539585	-5.915088
-14.275646	0.764205	4.310634	5.061696	-7.166316	10.171060	21.052296	8.988830	5.574379	-5.878382
9.387505	-0.740086	1.019834	3.995439	-7.165903	9.822771	20.653965	9.217866	5.606545	-5.842045
10.215144	0.547372	-4.294978	0.827014	-6.959636	9.363934	20.121312	9.473940	5.640529	-5.800319
-10.184474	0.310349	-2.722721	-2.554164	-6.443515	8.842168	19.516978	9.719402	5.670808	-5.759110
4.569621	-0.040047	-2.387061	-2.684983	-6.411417	8.817068	19.488038	9.730245	5.672087	-5.757260
10.318083	-0.383847	-2.031738	-2.812710	-6.378493	8.791835	19.458959	9.741065	5.673359	-5.755411
-12.712652	-0.172740	4.353775	-4.419418	-5.581917	8.285253	18.878666	9.943211	5.696106	-5.720380
3.937552	0.258229	2.212939	-4.002966	-4.446654	7.730317	18.250714	10.137529	5.715979	-5.685752
20.993458	-0.275379	-5.078902	-1.965462	-2.781831	7.033688	17.469402	10.352235	5.735279	-5.646274
-1.985142	-0.223901	-2.992695	0.315727	-0.843969	6.283392	16.631453	10.556593	5.750589	-5.607354
-24.397339	-0.051629	-2.661302	0.413244	-0.750201	6.247738	16.591657	10.565734	5.751195	-5.605579
24.486749	0.137721	-2.314956	0.509728	-0.656103	6.211985	16.551749	10.574853	5.751793	-5.603806
4.694042	0.520301	4.911581	2.071885	1.167467	5.519562	15.778298	10.742852	5.761442	-5.570571
-24.275421	-0.546562	7.604353	2.914749	3.032463	4.796290	14.967801	10.903129	5.767966	-5.537772
-0.263577	-1.015971	2.679260	2.732755	5.141940	3.925362	13.985766	11.079181	5.771545	-5.500333
20.483067	1.190139	-5.066063	1.692817	7.058724	3.025177	12.961071	11.244945	5.770770	-5.463501
-15.138371	1.317048	-5.296047	1.633735	7.139267	2.983626	12.913491	11.252243	5.770630	-5.461840
-20.354107	1.416657	-5.505066	1.574023	7.219138	2.942028	12.865831	11.259521	5.770481	-5.460180
19.576950	-1.781024	-7.122341	0.388609	8.590916	2.145776	11.947930	11.393433	5.765898	-5.428964
15.178995	-0.370055	-9.584780	-0.669087	9.640288	1.337564	11.003840	11.519750	5.757950	-5.398214
-19.517758	2.643263	-12.346973	-1.292036	10.349863	0.395691	9.884785	11.656138	5.744515	-5.363305
14.598980	-2.518585	-9.494752	-0.965511	10.445095	-0.550472	8.737768	11.782489	5.726424	-5.329023
19.486501	-2.840737	-9.079953	-0.930166	10.434617	-0.597672	8.679983	11.788520	5.725400	-5.327333
-19.471497	-3.151104	-8.632986	-0.893579	10.422800	-0.644849	8.622175	11.794522	5.724364	-5.325644
-15.095595	3.941481	12.786334	0.632075	9.162527	-2.447700	6.366373	12.005954	5.675678	-5.262110
16.832064	1.635258	-3.876087	0.438646	6.999745	-4.201843	4.049678	12.181312	5.608998	-5.200854
-12.722322	-0.064121	-4.401025	0.417390	6.941470	-4.243610	3.992533	12.185147	5.607138	-5.199386
-16.819051	-1.744132	-4.911387	0.395824	6.883049	-4.285313	3.935367	12.188961	5.605267	-5.197919
16.814859	-3.322682	-5.427642	0.372991	6.821849	-4.328827	3.875603	12.192924	5.603299	-5.196387
-0.022287	-4.593439	-5.924824	0.349895	6.760509	-4.372269	3.815818	12.196864	5.601320	-5.194857
-16.986839	0.939330	-10.804331	-0.023917	5.768615	-5.056002	2.857836	12.256661	5.568017	-5.170605
17.461141	4.898068	-9.011576	-0.314436	4.780431	-5.717299	1.896258	12.310521	5.531548	-5.146730
-1.278308	-2.013993	1.036654	-0.456295	3.594250	-6.515282	0.678060	12.370150	5.480834	-5.117078
-19.111186	-5.077700	8.020523	-0.282579	2.520910	-7.263415	-0.539540	12.420358	5.424891	-5.088023
-16.815499	3.857032	3.922929	0.261481	1.510624	-7.948110	-1.742390	12.460868	5.364184	-5.059808
19.836793	5.096308	-3.476778	0.859131	0.487632	-8.568536	-2.937694	12.492195	5.298160	-5.032174
-19.828045	4.545545	-3.721749	0.881287	0.438764	-8.595681	-2.993003	12.493428	5.294961	-5.030904
-11.236791	3.953672	-3.951106	0.902615	0.389729	-8.622669	-3.048289	12.494642	5.291750	-5.029635
19.363938	-5.076529	-5.938647	1.086744	-0.633300	-9.129368	-4.150400	12.514776	5.224960	-5.004474
6.233559	4.986125	-5.276882	0.663535	-1.747449	-9.566999	-5.239923	12.526929	5.153482	-4.979810
-18.603878	5.056630	-5.227696	0.627161	-1.807559	-9.587587	-5.295734	12.527338	5.149668	-4.978552
4.317129	5.001844	-5.179063	0.589608	-1.867930	-9.607974	-5.351503	12.527726	5.145842	-4.977294
17.874708	-5.045638	-3.452794	-0.277897	-3.030576	-9.947994	-6.375820	12.531026	5.072781	-4.954258
-17.332999	-0.648892	1.398379	-1.304100	-4.272831	-10.213513	-7.383417	12.526892	4.995522	-4.931673
-13.617011	5.056509	5.689636	-2.246617	-5.797452	-10.420715	-8.525068	12.512666	4.901020	-4.906104
16.818539	2.925146	2.789859	-2.482314	-7.402526	-10.512753	-9.637345	12.488114	4.801163	-4.881134
-2.885420	2.524729	2.545790	-2.474223	-7.473574	-10.514008	-9.684750	12.486815	4.796724	-4.880067
-16.818077	2.101196	2.296350	-2.464608	-7.544737	-10.515032	-9.732093	12.485497	4.792275	-4.879001
16.892906	-5.103471	-3.004284	-1.966795	-8.974547	-10.485687	-10.666561	12.454914	4.701151	-4.857891
5.352727	-0.239892	-6.460843	-0.945999	-10.339685	-10.357679	-11.573460	12.416275	4.606224	-4.837227
-17.335765	5.157445	-5.825688	0.702911	-11.690785	-10.081019	-12.580163	12.361654	4.492382	-4.813993
17.611274	-4.502622	-0.301078	2.433996	-12.654760	-9.657742	-13.543889	12.295979	4.373781	-4.791345
3.118790	-4.865891	-0.058782	2.506664	-12.687028	-9.634955	-13.586478	12.292739	4.368298	-4.790333
-17.635573	-5.182275	0.174697	2.578484	-12.718209	-9.611848	-13.628971	12.289475	4.362805	-4.789322
11.373823	-2.652622	3.123742	3.733863	-13.089427	-9.105224	-14.426504	12.222248	4.255438	-4.770128
18.285588	5.199852	4.655130	4.257415	-12.971674	-8.479623	-15.186052	12.146341	4.144684	-4.751375
-19.079953	3.433133	6.454615	3.744545	-12.170577	-7.626564	-16.006239	12.048525	4.013742	-4.730427
-12.842590	-5.177568	6.564580	1.884737	-10.671939	-6.647493	-16.769324	11.938934	3.878625	-4.710052
20.364070	-5.022719	6.499418	1.766216	-10.583128	-6.597234	-16.804780	11.933323	3.871975	-4.709080
1.415375	-4.764125	6.426806	1.645657	-10.492973	-6.546763	-16.840072	11.927686	3.865321	-4.708109
-21.717142	5.148854	3.677016	-0.748949	-8.650611	-5.602144	-17.449012	11.821706	3.744279	-4.690914
17.780617	-1.776133	-1.431829	-3.129926	-6.432869	-4.593689	-18.010102	11.706528	3.620295	-4.674147
23.599308	-5.058993	-4.910863	-5.004480	-3.502795	-3.371408	-18.594351	11.562367	3.474040	-4.655373
-23.038278	3.883198	-1.441227	-5.225567	-0.277016	-2.103406	-19.109811	11.405632	3.324153	-4.637163
0.198088	4.461043	-1.186643	-5.193435	-0.109222	-2.038628	-19.133931	11.397391	3.316501	-4.636259
22.887376	4.984717	-0.933693	-5.157447	0.059000	-1.973750	-19.157883	11.389113	3.308836	-4.635357
-8.683215	1.666699	2.561891	-3.968749	2.979995	-0.847844	-19.541865	11.241172	3.175237	-4.620012
-18.243815	-4.833614	2.824984	-1.831324	5.825331	0.281519	-19.869408	11.083409	3.039113	-4.605092
15.234700	4.727180	-1.121942	1.306503	8.788116	1.564999	-20.173492	10.889939	2.879792	-4.588477
1.024915	1.179167	-2.022026	3.847670	11.188292	2.814207	-20.397789	10.683124	2.717401	-4.572415
-13.316567	0.658359	-1.969590	3.933591	11.280551	2.870168	-20.406090	10.673345	2.709905	-4.571694
13.280756	0.126685	-1.910947	4.016446	11.371153	2.926048	-20.414224	10.663532	2.702397	-4.570973
6.109037	-4.475690	-0.035066	5.012495	12.737041	3.965660	-20.535705	10.471100	2.558211	-4.557464
-14.574006	-1.510399	1.984895	4.938513	13.318377	4.948150	-20.592246	10.268227	2.411911	-4.544372
-5.973911	4.186406	2.575788	3.651796	12.941963	5.991368	-20.574420	10.021458	2.240918	-4.529806
17.461359	2.424526	-0.176889	1.609755	11.598745	6.923379	-20.465064	9.760508	2.067396	-4.515789
-2.956268	1.967724	-0.338421	1.513686	11.522154	6.960913	-20.458245	9.748931	2.059855	-4.515197
-17.497401	1.501170	-0.500867	1.417403	11.444211	6.998195	-20.451255	9.737336	2.052316	-4.514606
17.236442	-3.844155	-3.521452	-0.509751	9.601448	7.699491	-20.272917	9.498317	1.899628	-4.502925
0.353184	-3.326942	-4.631044	-2.164739	7.326412	8.303269	-20.021761	9.248712	1.745246	-4.491652
-14.522139	-1.599026	-2.501976	-3.371406	4.351486	8.868893	-19.641603	8.949338	1.566086	-4.479215
-10.215597	-0.801319	1.746709	-3.866660	1.177333	9.290308	-19.160880	8.636399	1.384974	-4.467312
13.130240	-0.648687	1.967485	-3.873551	1.022663	9.306838	-19.135117	8.620971	1.376194	-4.466751
-13.087527	-0.479636	2.187844	-3.878902	0.868011	9.323013	-19.109114	8.605512	1.367411	-4.466192
-4.304603	1.973836	5.807980	-3.714897	-1.893300	9.552689	-18.598410	8.321297	1.208203	-4.456312
12.875449	2.995020	7.754025	-3.064859	-4.513752	9.660698	-18.008232	8.027459	1.047735	-4.446832
-11.735158	2.326802	6.454135	-1.756688	-7.228616	9.627459	-17.230104	7.678426	0.861866	-4.436429
-14.103871	0.143605	1.687208	-0.103545	-9.515757	9.419243	-16.344689	7.317945	0.674604	-4.426550
14.130675	-0.018414	1.390119	-0.016769	-9.617726	9.404065	-16.297300	7.299494	0.665135	-4.426066
-5.130239	-0.194485	1.089661	0.070105	-9.718386	9.388426	-16.249620	7.281004	0.655658	-4.425583
-14.488415	-2.580054	-4.282469	1.535178	-11.224493	9.047312	-15.386077	6.957642	0.491593	-4.417457
14.674604	1.600535	-8.637224	2.788651	-12.239138	8.572077	-14.449196	6.626625	0.326690	-4.409725
8.381008	2.432856	-9.147746	3.714075	-12.696081	7.861635	-13.288282	6.236886	0.136050	-4.401312
-15.222245	-1.987115	-3.978818	3.875239	-12.280876	6.982759	-12.048553	5.838295	-0.055421	-4.393415
6.794026	-2.207204	-3.649242	3.860312	-12.239037	6.938558	-11.989802	5.819758	-0.064247	-4.393064
15.263305	-2.408252	-3.314917	3.843231	-12.195128	6.894042	-11.930908	5.801203	-0.073073	-4.392714
-12.879876	-1.742313	3.260280	3.099008	-10.979510	5.995361	-10.790298	5.446776	-0.240431	-4.386296
-15.861134	1.383513	8.142508	1.536348	-9.087218	5.002640	-9.605697	5.086639	-0.408207	-4.380265
15.467359	2.648467	7.628657	-1.052962	-6.309724	3.770363	-8.200812	4.666801	-0.601177	-4.373818
1.532021	-2.879264	-0.269266	-3.752792	-3.178909	2.464775	-6.757809	4.240710	-0.794424	-4.367875
-14.398777	-2.771619	-0.614443	-3.861765	-3.036056	2.405325	-6.692794	4.221590	-0.803039	-4.367622
12.916172	-2.599038	-0.948916	-3.969139	-2.893141	2.345786	-6.627726	4.202459	-0.811654	-4.367370
12.784615	3.185354	-5.230200	-5.630916	-0.132160	1.168933	-5.348019	3.826851	-0.979871	-4.362649
-10.538283	-3.532095	-5.796325	-6.106696	2.430925	-0.023315	-4.055187	3.447517	-1.148083	-4.358306
7.803837	3.998587	-4.297909	-4.859353	4.954870	-1.398875	-2.551854	3.004471	-1.342611	-4.353750
-6.099652	-4.504865	3.286255	-2.011996	6.999381	-2.743682	-1.051062	2.557711	-1.536862	-4.349696
6.060206	-3.133763	3.544099	-1.857768	7.078830	-2.801620	-0.985363	2.538012	-1.545386	-4.349529
-6.024340	-1.674143	3.781763	-1.701425	7.157436	-2.859443	-0.919691	2.518307	-1.553910	-4.349364
0.404734	4.990228	4.437190	1.740365	8.535997	-3.969028	0.364122	2.129980	-1.721221	-4.346304
7.149229	-5.478322	-0.674128	5.521955	9.616061	-5.015556	1.630277	1.739902	-1.888105	-4.343614
-9.292669	-5.840562	-3.826732	8.968775	10.526346	-6.122891	3.061996	1.287638	-2.080251	-4.340965
11.701594	6.134658	0.796609	10.152132	11.111872	-7.095954	4.450124	0.834319	-2.271551	-4.338806
-5.234792	6.211350	1.017827	10.144013	11.131412	-7.136797	4.512281	0.813609	-2.280262	-4.338719
-11.911109	6.218474	1.227014	10.130347	11.150342	-7.177312	4.574325	0.792899	-2.288971	-4.338633
-0.010581	-0.614343	3.007924	8.886317	11.397982	-7.882224	5.726949	0.400556	-2.453522	-4.337196
15.037801	-6.562159	2.184360	6.095491	11.450202	-8.466826	6.833065	0.008413	-2.617230	-4.336122
-15.838064	3.005359	0.437737	1.846786	11.298924	-8.991702	8.045376	-0.443157	-2.804922	-4.335330
-15.943393	6.512122	-0.764517	-2.420186	10.957329	-9.359544	9.184732	-0.893167	-2.991211	-4.335016
15.921258	6.116049	-0.804505	-2.601454	10.937308	-9.372994	9.236228	-0.914188	-2.999897	-4.335013
4.769596	5.648811	-0.843068	-2.780158	10.916958	-9.386110	9.287555	-0.935204	-3.008579	-4.335011
-15.134743	-6.306601	-1.071918	-5.512667	10.484418	-9.569696	10.209039	-1.324147	-3.169034	-4.335162
14.054442	-1.883169	-0.057793	-6.951196	9.964714	-9.642601	11.070999	-1.710904	-3.328213	-4.335670
-12.879466	5.581979	0.928294	-7.642948	9.292482	-9.595795	11.986746	-2.151931	-3.509380	-4.336690
3.422721	-4.394646	-0.116422	-8.415802	8.576136	-9.416967	12.822512	-2.588791	-3.688586	-4.338177
7.630600	-4.719522	-0.207404	-8.482938	8.540220	-9.404835	12.861784	-2.610286	-3.697399	-4.338262
12.135704	-4.976360	-0.300680	-8.554113	8.504270	-9.392392	12.900884	-2.631782	-3.706213	-4.338349
-3.959329	-0.972855	-1.771459	-10.431660	7.876159	-9.125579	13.555419	-3.007216	-3.860115	-4.340057
-12.950916	3.812426	-0.965385	-13.192082	7.271073	-8.770963	14.149223	-3.378502	-4.012323	-4.342113
14.808783	-3.074909	2.825627	-15.600418	6.636041	-8.261499	14.756815	-3.799755	-4.185135	-4.344906
-17.745712	2.171442	2.534490	-14.544609	6.061878	-7.650960	15.283768	-4.214312	-4.355434	-4.348154
-15.945174	2.235071	2.440785	-14.398714	6.033648	-7.619575	15.306798	-4.233834	-4.363460	-4.348319
18.077448	2.265545	2.343038	-14.244441	6.005163	-7.587981	15.329646	-4.253340	-4.371480	-4.348486
-2.448768	1.540509	-0.127320	-9.935339	5.414732	-6.975816	15.714617	-4.606380	-4.516737	-4.351705
-18.218642	-1.155287	-2.765149	-2.884001	4.599066	-6.299553	16.039141	-4.953844	-4.659891	-4.355263
-27.902877	-0.549314	1.573731	14.293063	0.999563	-4.474170	16.567027	-5.752821	-4.989748	-4.365022
17.373991	1.151156	0.611227	5.199941	-5.153538	-2.388527	16.759179	-6.517597	-5.306051	-4.376645
-8.446648	-0.444231	-0.530418	4.668238	-5.290845	-2.339690	16.759657	-6.534216	-5.312925	-4.376924
-16.439867	-1.218017	-1.520051	4.123940	-5.427304	-2.290726	16.759970	-6.550828	-5.319797	-4.377205
15.943177	-0.542453	-2.175839	3.549119	-5.567265	-2.240030	16.760121	-6.567976	-5.326890	-4.377496
6.193208	0.697408	-2.421237	2.962647	-5.705999	-2.189269	16.760095	-6.585094	-5.333971	-4.377788
-14.936519	1.329550	-2.262801	2.352308	-5.846363	-2.137357	16.759888	-6.602547	-5.341190	-4.378087
14.439989	0.670117	-1.763121	1.731064	-5.985489	-2.085311	16.759497	-6.619991	-5.348406	-4.378387
14.393984	0.046934	4.076462	-6.923918	-7.781479	-1.333295	16.733988	-6.866377	-5.450312	-4.382774
-5.752141	-2.816127	-6.024420	-11.285762	-9.085771	-0.563581	16.671210	-7.108590	-5.550493	-4.387365
2.957909	2.231546	3.774570	-6.486554	-9.793304	0.538746	16.520584	-7.440522	-5.687826	-4.394140
6.513035	5.260319	10.793636	3.155554	-9.176032	1.658488	16.296756	-7.763488	-5.821556	-4.401314
-9.849744	-6.385358	-11.339494	8.301603	-7.170173	2.823616	15.985827	-8.089772	-5.956842	-4.409205
-6.656348	7.244098	-5.178860	5.942980	-3.917557	3.966212	15.595415	-8.405310	-6.087934	-4.417524
13.574096	7.232296	-4.410534	5.723122	-3.752058	4.016070	15.576239	-8.419062	-6.093655	-4.417904
-4.109468	7.072794	-3.633150	5.497709	-3.585352	4.065805	15.556919	-8.432782	-6.099363	-4.418283
-16.163201	-7.772391	8.942941	0.665227	-0.149710	5.020566	15.146262	-8.697359	-6.209586	-4.425902
17.688602	-0.634123	4.846449	-2.941796	3.240729	5.925701	14.675334	-8.953019	-6.316413	-4.433841
9.171275	8.068897	-6.280906	-4.709484	6.442211	6.888681	14.057665	-9.236245	-6.435228	-4.443388
-18.202250	-0.724321	-4.370747	-4.145558	8.417728	7.743849	13.360304	-9.506630	-6.549250	-4.453354
16.506955	-1.330184	-3.999210	-4.079541	8.478722	7.780135	13.326398	-9.518720	-6.554365	-4.453822
18.159249	-1.925936	-3.611353	-4.010967	8.537246	7.816143	13.292325	-9.530783	-6.559469	-4.454290
1.779546	-7.718906	4.092078	-2.395667	9.200334	8.440917	12.618060	-9.753121	-6.653847	-4.463293
-16.976498	-1.444583	5.609161	-0.730713	9.099685	8.952376	11.885583	-9.965060	-6.744415	-4.472608
16.376374	7.226110	1.475680	0.441835	8.188864	9.394115	10.972502	-10.195804	-6.843869	-4.483719
1.970002	0.020325	-3.901894	0.905919	6.648719	9.683155	9.989418	-10.411783	-6.937997	-4.495237
-16.125762	-0.572120	-4.119178	0.915795	6.566778	9.692822	9.942916	-10.421292	-6.942169	-4.495774
0.968544	-1.172639	-4.331592	0.924949	6.484032	9.702178	9.896311	-10.430763	-6.946327	-4.496310
16.299382	-6.990010	-7.096897	1.013272	4.767521	9.822638	8.986027	-10.604683	-7.023183	-4.506673
-16.772241	7.067304	-6.422718	1.034941	2.848491	9.835788	8.033531	-10.766701	-7.095807	-4.517340
5.282573	6.777620	-1.183155	0.856636	0.517427	9.721221	6.892826	-10.937957	-7.174010	-4.529987
18.412103	-6.759843	5.946165	0.521637	-1.805476	9.471187	5.712811	-11.092485	-7.246338	-4.543032
-11.390189	-7.269330	6.178124	0.504896	-1.908124	9.456715	5.658589	-11.099078	-7.249472	-4.543632
-18.486054	-7.730915	6.394340	0.488119	-2.010443	9.441971	5.604306	-11.105636	-7.252593	-4.544233
19.136641	-5.433876	7.461789	0.180658	-3.893577	9.106711	4.550744	-11.224672	-7.310138	-4.555933
-7.029092	7.714472	3.692806	-0.043842	-5.554546	8.674054	3.480671	-11.330280	-7.363022	-4.567931
-20.139491	9.164379	-2.503475	-0.210864	-7.010951	8.088133	2.291160	-11.430562	-7.415712	-4.581475
20.457806	-9.693317	-6.050904	-0.324027	-7.974305	7.390079	1.096682	-11.513711	-7.462510	-4.595374
-20.604635	4.968994	-2.811716	-0.341778	-8.432932	6.545533	-0.146360	-11.581706	-7.504918	-4.610252
8.461253	10.632681	2.509901	-0.226744	-8.372371	5.586543	-1.377315	-11.630035	-7.540627	-4.625511
20.480689	10.368951	2.687680	-0.217658	-8.357630	5.538725	-1.434785	-11.631816	-7.542139	-4.626238
-20.466760	10.065491	2.854061	-0.208217	-8.341855	5.490641	-1.492244	-11.633553	-7.543638	-4.626967
-0.764723	1.424727	4.152430	0.016150	-7.875285	4.563540	-2.542994	-11.657507	-7.568548	-4.640563
19.508055	-7.946859	3.125967	0.291919	-7.106340	3.570488	-3.571441	-11.665850	-7.588187	-4.654445
18.987414	-11.277838	0.984605	0.640165	-5.905905	2.364879	-4.720983	-11.655657	-7.604163	-4.670787
-17.941687	-0.600410	-0.490026	0.998824	-4.436895	1.116608	-5.824260	-11.623683	-7.612962	-4.687502
17.907208	0.358588	-0.539482	1.015525	-4.362533	1.057372	-5.874764	-11.621635	-7.613200	-4.688296
15.311858	1.343671	-0.587563	1.032206	-4.287696	0.998059	-5.925177	-11.619535	-7.613422	-4.689091
-17.310836	11.072101	-1.282689	1.332694	-2.832842	-0.104649	-6.835933	-11.571529	-7.614720	-4.703972
16.923752	-10.785590	-1.730613	1.606331	-1.280897	-1.203326	-7.698282	-11.505893	-7.610723	-4.719130
8.139261	-5.048671	-1.828980	1.871677	0.554115	-2.437912	-8.620708	-11.408174	-7.599709	-4.736867
-16.760677	9.717410	-1.377279	2.079471	2.354649	-3.618254	-9.462752	-11.285775	-7.581938	-4.754967
-15.093369	9.682685	-1.340053	2.087715	2.438650	-3.673177	-9.501072	-11.279253	-7.580915	-4.755847
15.516200	9.546365	-1.301357	2.095777	2.522328	-3.727907	-9.539183	-11.272672	-7.579877	-4.756727
16.985120	-2.591934	-0.411502	2.207440	3.968935	-4.682153	-10.192359	-11.143173	-7.558431	-4.772816
-17.273487	-8.379430	0.604663	2.243181	5.239536	-5.553728	-10.771250	-10.993786	-7.532035	-4.789174
17.566964	7.580380	1.169651	2.172151	6.393685	-6.428854	-11.336782	-10.797032	-7.495716	-4.808288
10.365527	-0.469861	-0.073009	1.977892	7.128360	-7.146077	-11.787680	-10.572583	-7.453090	-4.827748
-17.662555	-1.064304	-0.148930	1.966124	7.151903	-7.176027	-11.806118	-10.561205	-7.450907	-4.828682
5.141320	-1.628421	-0.223964	1.954149	7.174403	-7.205611	-11.824286	-10.549755	-7.448709	-4.829617
17.480819	-6.026523	-1.048134	1.697301	7.404744	-7.678779	-12.105609	-10.329136	-7.406113	-4.846840
-10.536963	-0.486547	-0.157646	1.373167	7.314566	-8.028015	-12.286945	-10.086526	-7.358927	-4.864316
-16.429084	4.761762	1.186494	0.998737	6.862351	-8.290417	-12.364443	-9.779525	-7.298930	-4.884776
15.670568	-1.788061	0.666417	0.707196	6.095081	-8.416855	-12.295276	-9.443893	-7.233056	-4.905563
-13.360502	-2.103385	0.603388	0.695520	6.053518	-8.419613	-12.288520	-9.427908	-7.229911	-4.906519
-15.600835	-2.399637	0.537964	0.683928	6.011402	-8.422120	-12.281439	-9.411856	-7.226751	-4.907477
14.975776	-3.873354	-0.969272	0.473003	5.120437	-8.421608	-12.087749	-9.096777	-7.164538	-4.925782
4.523964	1.071933	-2.158281	0.249401	4.081927	-8.327932	-11.786625	-8.762447	-7.098088	-4.944324
-14.182799	3.584188	-0.687198	-0.062388	2.747683	-8.099726	-11.314241	-8.352876	-7.015993	-4.966077
12.296513	-3.456878	3.391845	-0.396759	1.331359	-7.740549	-10.720474	-7.920598	-6.928448	-4.988139
14.311592	-3.597145	3.439643	-0.411648	1.266095	-7.721142	-10.690780	-7.900426	-6.924339	-4.989149
-14.329377	-3.694325	3.462548	-0.426460	1.200854	-7.701485	-10.660881	-7.880223	-6.920221	-4.990160
-11.912341	-0.315054	0.328035	-0.704625	-0.030975	-7.279750	-10.053238	-7.489339	-6.840122	-5.009431
14.971814	4.246651	-4.462384	-1.020399	-1.225234	-6.767580	-9.373029	-7.083999	-6.756153	-5.028924
16.357226	-0.189817	-5.361253	-1.502961	-2.518846	-6.069408	-8.502234	-6.596527	-6.653887	-5.051835
-16.875951	-5.284651	-0.476411	-2.157531	-3.662815	-5.272877	-7.556107	-6.092652	-6.546632	-5.075034
6.573201	-4.929238	-0.136216	-2.191411	-3.711412	-5.233746	-7.510573	-6.068898	-6.541536	-5.076118
16.898851	-4.502811	0.211146	-2.225541	-3.759571	-5.194433	-7.464903	-6.045113	-6.536429	-5.077202
-16.890688	5.850234	6.093848	-2.895300	-4.568195	-4.432481	-6.593182	-5.597573	-6.439641	-5.097458
0.147603	0.209001	6.565496	-3.599541	-5.190046	-3.617058	-5.683002	-5.140230	-6.339317	-5.117922
16.037596	-6.936230	2.770155	-4.367500	-5.630396	-2.621319	-4.593147	-4.600750	-6.219048	-5.141830
-8.736588	6.638641	-1.057518	-4.862208	-5.718570	-1.585839	-3.474275	-4.051243	-6.094284	-5.166004
-15.504610	7.102955	-1.218823	-4.873928	-5.713267	-1.538289	-3.423051	-4.026117	-6.088522	-5.167106
15.486473	7.503879	-1.379724	-4.884522	-5.707112	-1.490705	-3.371792	-4.000974	-6.082752	-5.168209
-15.263724	4.173481	-4.225147	-4.828735	-5.423986	-0.575330	-2.384136	-3.515882	-5.970412	-5.189454
-4.146290	-7.138437	-5.875739	-4.139070	-4.838845	0.333518	-1.392261	-3.025628	-5.854851	-5.210893
15.725787	-8.531881	-5.292473	-2.465049	-3.864903	1.344731	-0.258872	-2.458001	-5.718358	-5.235732
-7.293330	8.401272	-2.746241	-0.251513	-2.659950	2.295289	0.857868	-1.886597	-5.577842	-5.260818
-16.594341	8.636217	-2.596080	-0.142040	-2.598612	2.338453	0.910290	-1.859392	-5.571071	-5.262015
-6.385235	8.746716	-2.444133	-0.032543	-2.536941	2.381442	0.962680	-1.832166	-5.564286	-5.263214
17.657173	-1.064395	0.319792	1.892356	-1.370250	3.127896	1.907168	-1.333901	-5.438737	-5.285221
-18.768900	-6.908076	2.128942	3.432115	-0.172030	3.787311	2.821455	-0.835208	-5.310333	-5.307405
-1.703742	-8.727346	2.474257	4.272307	1.166699	4.415967	3.828310	-0.260880	-5.158789	-5.333209
20.295282	-7.530597	1.052252	3.727334	2.365814	4.876554	4.772643	0.310948	-5.003675	-5.359239
-3.992239	-7.415575	0.968388	3.671114	2.414929	4.892892	4.813506	0.336614	-4.996607	-5.360416
-20.288046	-7.270007	0.884121	3.612342	2.463578	4.908840	4.854244	0.362288	-4.989528	-5.361595
19.810815	1.842405	-0.603317	2.067958	3.285138	5.134434	5.608320	0.855372	-4.851705	-5.384404
11.106971	7.854027	-1.106892	0.019428	3.825705	5.191830	6.297569	1.344167	-4.711362	-5.407376
-17.419520	2.520739	0.162041	-2.320082	4.012801	5.023872	7.003438	1.901690	-4.546321	-5.434094
11.050225	-6.728684	1.245420	-3.347782	3.625348	4.588234	7.607242	2.450402	-4.378152	-5.461019
16.185499	-6.481186	1.243146	-3.339274	3.590138	4.561722	7.633099	2.475997	-4.370158	-5.462292
-5.591221	-6.126181	1.233950	-3.324591	3.553303	4.534718	7.658722	2.501568	-4.362157	-5.463566
-15.645381	6.062105	-0.015594	-2.175864	2.634838	3.961435	8.085619	2.964813	-4.214701	-5.486928
15.749829	0.891238	-2.336787	-0.178454	1.398361	3.262797	8.432498	3.419165	-4.065094	-5.510437
-14.456944	-4.629747	-2.752077	1.815723	-0.160843	2.338806	8.733858	3.936626	-3.887925	-5.538047
-18.261790	0.070278	1.259711	2.619713	-1.539970	1.353752	8.921479	4.438854	-3.708061	-5.565847
18.346453	0.309770	1.454028	2.619119	-1.591696	1.310585	8.927004	4.460249	-3.700207	-5.567056
-14.085929	0.543002	1.644367	2.615260	-1.642568	1.267448	8.932308	4.481598	-3.692354	-5.568265
-20.241686	3.216576	3.631651	1.819227	-2.464128	0.420941	8.992236	4.897319	-3.535967	-5.592250
0.670699	0.983529	0.593722	-0.190390	-2.872617	-0.386799	8.965559	5.299447	-3.377771	-5.616368
22.858483	-2.293589	-3.536185	-2.190599	-2.707756	-1.231194	8.824107	5.748138	-3.191775	-5.644555
-22.023876	1.298793	-1.657849	-1.960018	-1.801945	-1.936338	8.561699	6.175481	-3.003568	-5.672909
-3.692285	1.697703	-1.453946	-1.903610	-1.747194	-1.964741	8.546745	6.194519	-2.994899	-5.674211
21.829981	2.076391	-1.243681	-1.844318	-1.691595	-1.992780	8.531531	6.213510	-2.986226	-5.675514
-0.949875	0.929449	2.635570	-0.364921	-0.531099	-2.450787	8.194121	6.564105	-2.821188	-5.700243
-15.541327	-2.351803	2.164478	1.143833	0.649640	-2.755861	7.761802	6.897118	-2.654672	-5.725088
7.092511	2.875824	-2.296012	1.703820	1.689854	-2.890423	7.138471	7.260868	-2.459623	-5.754074
9.852445	-3.023922	2.717070	0.297760	2.058559	-2.758117	6.382010	7.599491	-2.262812	-5.783207
-9.843495	-3.364957	2.824529	0.242616	2.058872	-2.748829	6.354717	7.610248	-2.256278	-5.784172
9.838530	-3.693090	2.914600	0.188231	2.058460	-2.739215	6.327278	7.620978	-2.249742	-5.785138
7.503920	-1.056015	0.351298	-0.904773	1.811746	-2.382265	5.566628	7.889714	-2.079396	-5.810269
-13.273563	5.334416	-5.349392	-1.336452	1.182667	-1.852079	4.726142	8.139151	-1.907916	-5.835503
1.068841	0.105751	-6.782787	-0.934906	0.149117	-1.108219	3.680984	8.402676	-1.708616	-5.864762
16.900126	-7.145487	0.264824	0.226205	-0.937644	-0.323273	2.583420	8.639430	-1.508037	-5.894148
5.850240	-7.191016	0.816570	0.281127	-0.982755	-0.286944	2.530764	8.649943	-1.498532	-5.895539
-16.813931	-7.126873	1.384441	0.334850	-1.026889	-0.250767	2.478058	8.660394	-1.489025	-5.896930
14.620370	7.788043	9.492747	0.935214	-1.613404	0.370983	1.508606	8.840781	-1.314631	-5.922437
7.561364	1.266727	2.522081	0.518856	-1.676394	0.875910	0.542062	9.000361	-1.139458	-5.948031
-5.787179	-8.294068	-10.432706	-0.378509	-1.173472	1.273551	-0.550743	9.158836	-0.935529	-5.977803
2.291829	8.118657	-9.539266	-0.632994	-0.279261	1.473360	-1.588649	9.288320	-0.730778	-6.007681
-2.200741	7.985709	-9.244473	-0.627885	-0.234404	1.477976	-1.633980	9.293490	-0.721485	-6.009037
2.116918	7.646045	-8.937502	-0.621602	-0.189411	1.482221	-1.679147	9.298599	-0.712191	-6.010393
-1.774919	-7.667035	-2.026915	-0.323721	0.658034	1.495280	-2.509326	9.384504	-0.534347	-6.036345
3.269702	7.063417	3.542444	0.143213	1.347749	1.392191	-3.272761	9.447876	-0.356065	-6.062369
-9.070138	-6.214717	7.057076	0.546055	1.714329	1.157736	-4.064968	9.492485	-0.150232	-6.092436
-9.242857	-4.613213	5.074727	0.458879	1.510185	0.832088	-4.759631	9.506161	0.055964	-6.122590
9.366760	-4.303731	4.900544	0.443988	1.488478	0.815268	-4.789657	9.506034	0.065614	-6.124002
-6.817616	-4.022170	4.723969	0.428339	1.465840	0.798337	-4.819459	9.505839	0.075263	-6.125414
-11.314352	-1.676507	1.358800	0.033173	0.901298	0.469139	-5.331675	9.489622	0.254487	-6.151665
2.909826	1.655792	-1.265645	-0.443942	0.150294	0.129704	-5.764042	9.449277	0.433802	-6.177973
13.201982	2.871296	-1.654664	-0.872996	-0.778911	-0.239388	-6.159166	9.372515	0.640173	-6.208315
-0.676531	-2.094607	0.703794	-0.770242	-1.584869	-0.547086	-6.440591	9.262757	0.846460	-6.238722
-13.655572	-2.203125	0.763725	-0.736634	-1.615531	-0.559204	-6.450815	9.256856	0.856025	-6.240134
13.673932	-2.281590	0.811461	-0.699555	-1.645401	-0.571092	-6.460777	9.250887	0.865582	-6.241545
4.408797	0.111545	0.082864	0.413248	-2.049692	-0.747368	-6.600292	9.125615	1.044586	-6.268010
-14.598846	1.950157	-0.547548	1.404855	-2.114454	-0.820022	-6.650427	8.974617	1.223373	-6.294515
15.543907	-2.094131	0.896653	1.242148	-1.674809	-0.771691	-6.602621	8.768405	1.429141	-6.325120
10.631653	2.430235	-1.437623	-0.603434	-0.701832	-0.612233	-6.453270	8.528784	1.634423	-6.355772
-16.978150	2.365934	-1.500189	-0.701638	-0.647206	-0.602509	-6.443847	8.516560	1.644193	-6.357234
3.329152	2.237714	-1.547283	-0.798434	-0.592203	-0.592630	-6.434233	8.504272	1.653955	-6.358695
18.546397	-2.854740	-0.056839	-2.157881	0.433110	-0.388481	-6.225327	8.267294	1.832152	-6.385420
-20.115614	3.249331	2.833184	-2.270510	1.342069	-0.156926	-5.959776	8.007790	2.009812	-6.412173
-3.697515	1.077748	-1.053916	-0.576761	2.095944	0.109389	-5.597900	7.684727	2.212424	-6.442829
22.387286	-3.967531	-4.178962	1.649805	2.434204	0.340836	-5.187257	7.335778	2.414103	-6.473510
-9.301359	-3.955385	-4.084943	1.733635	2.437880	0.349912	-5.167662	7.319341	2.423242	-6.474905
-22.398956	-3.888385	-3.963256	1.814707	2.440455	0.358834	-5.147996	7.302855	2.432378	-6.476299
22.003051	4.155147	1.324619	2.791693	2.257981	0.500577	-4.759676	6.978148	2.606771	-6.502990
-3.958708	3.562931	4.843161	2.473192	1.613548	0.592484	-4.354631	6.636744	2.780287	-6.529693
-18.874158	-2.259073	0.654421	0.347099	0.494835	0.647120	-3.878130	6.223708	2.979315	-6.560516
13.450053	-4.077579	-4.526461	-2.071230	-0.730649	0.657275	-3.403628	5.792087	3.176953	-6.591345
16.464776	-3.765650	-4.608029	-2.158004	-0.786142	0.656761	-3.381321	5.771204	3.186283	-6.592806
-8.366337	-3.399758	-4.667297	-2.240562	-0.841148	0.656161	-3.359034	5.750285	3.195609	-6.594267
-14.369853	3.894709	-2.143890	-3.032538	-1.721453	0.630198	-2.955844	5.361738	3.365407	-6.620963
12.572574	-3.694850	3.872397	-2.688238	-2.265976	0.576367	-2.561420	4.962127	3.533990	-6.647656
-0.087916	-1.554804	3.105325	-1.161988	-2.473268	0.479580	-2.117449	4.487835	3.727344	-6.678518
-9.611107	3.223182	-1.479552	0.962633	-2.301751	0.347363	-1.687436	4.002389	3.918857	-6.709367
9.565739	3.110825	-1.620993	1.054943	-2.285845	0.340389	-1.667538	3.979295	3.927825	-6.710819
-5.330077	2.951004	-1.748647	1.145200	-2.269321	0.333360	-1.647683	3.956195	3.936783	-6.712270
-8.928457	-3.044193	-2.090414	2.368820	-1.865202	0.194777	-1.288165	3.528290	4.100639	-6.738928
4.461915	-1.777542	-0.252828	2.654350	-1.311493	0.042684	-0.938761	3.094928	4.262942	-6.765567
8.985273	2.849047	1.360321	2.052040	-0.557382	-0.141607	-0.547467	2.589250	4.448372	-6.796309
-9.721284	-0.326401	0.094869	0.854451	0.254380	-0.325923	-0.168981	2.079925	4.631515	-6.827018
-8.269678	-0.580878	0.005545	0.795052	0.290608	-0.334031	-0.152311	2.057042	4.639668	-6.828394
9.809998	-0.828293	-0.083626	0.735528	0.326768	-0.342124	-0.135655	2.034141	4.647822	-6.829770
8.559873	-2.861956	-1.246135	-0.367554	0.997747	-0.494220	0.183269	1.588478	4.805377	-6.856515
-12.074155	-1.127162	-0.265586	-1.175928	1.558836	-0.631928	0.493008	1.142949	4.961007	-6.883226
13.580258	3.046588	1.719651	-1.659139	1.974573	-0.763746	0.837063	0.634209	5.136807	-6.913774
1.299847	0.687196	2.175467	-1.662783	2.045256	-0.858661	1.170324	0.128711	5.309861	-6.944267
-15.073827	0.566649	2.154510	-1.651202	2.038389	-0.862007	1.185526	0.105377	5.317816	-6.945679
2.770615	0.458609	2.130343	-1.638590	2.030556	-0.865251	1.200696	0.082070	5.325760	-6.947091
16.178031	-0.749793	1.164127	-1.238038	1.723217	-0.908759	1.480655	-0.351882	5.473254	-6.973475
-5.726562	-3.532104	-0.494710	-0.630479	1.184591	-0.923496	1.753521	-0.781018	5.618510	-6.999810
-17.517991	-3.283378	-2.788291	0.126671	0.416647	-0.911892	2.060075	-1.269085	5.783322	-7.030147
17.590124	3.689257	-4.586850	0.720751	-0.352721	-0.876443	2.356735	-1.747720	5.944935	-7.060409
4.426173	3.845226	-4.610022	0.740739	-0.386005	-0.874316	2.370221	-1.769668	5.952352	-7.061811
-17.570856	3.970379	-4.624901	0.759893	-0.418968	-0.872150	2.383680	-1.791592	5.959763	-7.063212
17.208490	3.166546	-3.553572	0.965812	-0.964515	-0.824994	2.629071	-2.195836	6.096624	-7.089319
-0.432506	1.387308	-0.810416	0.913240	-1.353339	-0.766301	2.861643	-2.590664	6.230921	-7.115363
-16.009241	-1.665700	3.147602	0.623530	-1.597795	-0.687956	3.112205	-3.034785	6.383152	-7.145441
12.829055	-4.787295	6.472711	0.206048	-1.621141	-0.604323	3.340218	-3.463245	6.531723	-7.175424
15.655506	-4.712765	6.580066	0.185473	-1.616790	-0.600427	3.350287	-3.482857	6.538574	-7.176823
-15.652405	-4.606404	6.681608	0.164902	-1.611952	-0.596537	3.360303	-3.502431	6.545417	-7.178222
-8.611993	0.106043	7.452957	-0.198506	-1.436809	-0.525589	3.535180	-3.856435	6.670113	-7.203972
16.163727	5.181947	5.942930	-0.487359	-1.108902	-0.454371	3.690777	-4.196635	6.791920	-7.229644
-6.060080	5.044553	1.439452	-0.685773	-0.587167	-0.367968	3.845979	-4.573114	6.929602	-7.259344
-16.776446	1.440241	-4.189055	-0.687152	0.006421	-0.273949	3.972657	-4.928460	7.063173	-7.288931
6.694353	1.273686	-4.426956	-0.681740	0.033705	-0.269459	3.977713	-4.944039	7.069126	-7.290269
16.766096	1.098248	-4.661205	-0.675817	0.060965	-0.264948	3.982710	-4.959572	7.075070	-7.291607
-16.433463	-4.272134	-8.079911	-0.457241	0.569193	-0.173765	4.067060	-5.248512	7.187449	-7.317228
15.771946	-6.035361	-8.120237	-0.043939	1.013582	-0.072610	4.129396	-5.519473	7.296543	-7.342756
12.496186	2.186220	-2.853208	0.529768	1.377797	0.058074	4.173776	-5.807228	7.417577	-7.371928
-13.733644	6.525369	3.747093	0.976621	1.511259	0.206968	4.189347	-6.069319	7.534059	-7.400966
-12.308156	6.295411	3.975770	0.989326	1.510612	0.213928	4.189386	-6.080177	7.539041	-7.402231
5.567859	6.020277	4.196124	1.001294	1.509369	0.220931	4.189371	-6.090994	7.544017	-7.403497
12.847591	-3.390752	6.909017	1.041215	1.364616	0.366764	4.178292	-6.295698	7.640991	-7.428579
-12.255901	-7.002854	6.704416	0.624078	1.016454	0.520589	4.147295	-6.481270	7.734359	-7.453552
7.753273	-4.212722	3.252777	-0.202895	0.444605	0.698263	4.088187	-6.671407	7.837185	-7.482133
12.002358	2.688081	-1.719030	-1.046779	-0.211360	0.866582	4.005238	-6.837030	7.935028	-7.510561
-12.017285	3.036445	-1.919895	-1.079205	-0.241187	0.873768	4.000964	-6.843912	7.939311	-7.511836
9.554610	3.384127	-2.115549	-1.110858	-0.270945	0.880908	3.996646	-6.850741	7.943581	-7.513110
12.514090	7.741022	-4.362755	-1.528451	-0.823268	1.009561	3.904307	-6.973222	8.024072	-7.537675
-13.257180	3.390088	-2.743708	-1.468867	-1.286458	1.115762	3.795547	-7.077795	8.100620	-7.562114
15.500254	-8.184253	3.251570	0.266757	-1.760411	1.239296	3.476633	-7.255158	8.265193	-7.619273
8.101757	7.585286	-3.545369	2.314084	-1.172263	1.141213	3.073098	-7.337950	8.406410	-7.675676
-3.890008	8.136669	-3.606970	2.314452	-1.145962	1.136680	3.063138	-7.338749	8.409297	-7.676930
-17.498764	8.140647	-3.655439	2.311401	-1.119053	1.132053	3.053131	-7.339504	8.412173	-7.678184
17.528624	7.010903	-3.691816	2.304550	-1.090594	1.127171	3.042738	-7.340236	8.415136	-7.679481
9.171654	4.495962	-3.714433	2.293840	-1.061490	1.122188	3.032296	-7.340921	8.418088	-7.680778
-17.585536	1.222797	-3.723485	2.279312	-1.031977	1.117145	3.021887	-7.341552	8.421006	-7.682066
15.865631	-2.070969	-3.719483	2.260905	-1.001867	1.112007	3.011437	-7.342136	8.423912	-7.683353
17.895874	-8.000580	-2.440198	1.617602	-0.508665	1.027299	2.855463	-7.345238	8.464573	-7.701967
-17.959403	-1.835109	0.300878	0.479146	0.053728	0.924783	2.691537	-7.338414	8.502488	-7.720488
-8.172200	3.606063	4.429205	-1.363803	0.853263	0.755548	2.450569	-7.312584	8.550790	-7.746185
16.938180	4.427043	6.159987	-2.755789	1.538164	0.560579	2.196916	-7.268176	8.593705	-7.771695
-15.738665	6.723540	2.543589	-3.010754	1.989085	0.333512	1.918279	-7.201989	8.633070	-7.798316
-8.190801	-1.781296	-5.533283	-2.015977	2.090683	0.089876	1.629326	-7.116465	8.666632	-7.824721
14.090117	-2.224014	-5.880875	-1.939421	2.087111	0.077617	1.614929	-7.111786	8.668130	-7.826010
12.873930	-2.643538	-6.212761	-1.860567	2.082794	0.065342	1.600521	-7.107066	8.669614	-7.827297
-8.962544	-5.714810	-7.955191	-0.128219	1.891754	-0.152270	1.344372	-7.016924	8.693471	-7.849828
-10.904851	-0.644495	-0.087271	1.963963	1.505636	-0.367405	1.083351	-6.913420	8.713205	-7.872191
9.234347	4.757501	7.696269	3.451697	0.856169	-0.602312	0.775539	-6.776927	8.731058	-7.897961
-5.653406	-3.752634	1.118200	2.651677	0.054215	-0.807509	0.464679	-6.623620	8.743574	-7.923500
-7.879366	-4.048821	0.666676	2.568833	0.015320	-0.816043	0.450265	-6.616137	8.744026	-7.924676
2.774804	-4.302310	0.220246	2.483066	-0.023606	-0.824476	0.435858	-6.608624	8.744466	-7.925849
7.208330	-1.984806	-5.952004	0.507675	-0.744088	-0.962674	0.166775	-6.462161	8.750658	-7.947669
-7.111109	3.966150	-4.643781	-1.609069	-1.394619	-1.058169	-0.101808	-6.304156	8.753064	-7.969316
7.638908	-4.084256	3.591493	-3.266661	-1.928617	-1.103065	-0.395946	-6.117041	8.751424	-7.992987
-8.757439	4.457537	0.659684	-3.648879	-2.159446	-1.072893	-0.686245	-5.916976	8.745386	-8.016449
8.192468	1.898203	-1.435273	-3.196451	-1.991789	-0.952902	-0.985603	-5.692708	8.734381	-8.040952
12.288039	-5.757216	-0.263230	-2.374133	-1.485970	-0.758502	-1.275188	-5.455358	8.718740	-8.065224
-12.378111	-5.900533	-0.192649	-2.325177	-1.456181	-0.747970	-1.288421	-5.443965	8.717898	-8.066351
9.957352	-6.012248	-0.124113	-2.275022	-1.425941	-0.737327	-1.301626	-5.432545	8.717047	-8.067479
11.788793	-3.577872	0.610407	-1.104160	-0.807558	-0.525150	-1.538155	-5.218634	8.699726	-8.088042
15.510919	3.178499	0.284963	0.549959	-0.120979	-0.289779	-1.763151	-4.996094	8.679193	-8.108436
-16.730968	8.544755	-0.912629	2.446565	0.663806	-0.003171	-2.009314	-4.725156	8.651179	-8.132100
17.227421	-0.195595	-1.706856	3.309096	1.307842	0.274379	-2.233777	-4.443794	8.619001	-8.155533
6.211932	-1.198454	-1.689092	3.307681	1.330184	0.285639	-2.242781	-4.431623	8.617544	-8.156524
-17.229131	-2.224332	-1.664952	3.302588	1.352036	0.296841	-2.251740	-4.419436	8.616079	-8.157514
16.917553	-9.825889	0.386004	2.493889	1.689198	0.507882	-2.422356	-4.170016	8.584981	-8.177406
-16.212212	10.052762	2.873741	0.676960	1.837365	0.680813	-2.572071	-3.914425	8.551005	-8.197130
15.293331	-9.976852	-3.362927	-1.750438	1.785046	0.819878	-2.716867	-3.610650	8.508035	-8.219829
-14.708080	9.360172	-2.201772	-2.807141	1.489601	0.893271	-2.827304	-3.300368	8.461416	-8.242304
14.696216	9.494036	-1.919392	-2.817094	1.469447	0.895188	-2.831647	-3.285488	8.459114	-8.243365
-8.583307	9.397384	-1.622565	-2.823686	1.448721	0.896966	-2.835908	-3.270587	8.456802	-8.244427
-14.767287	-8.772189	3.836904	-2.414469	0.988151	0.905828	-2.898777	-2.997856	8.413451	-8.263622
15.197144	-2.214485	3.409572	-1.226591	0.422754	0.873191	-2.934373	-2.721545	8.367570	-8.282649
14.627969	6.702128	-1.416364	0.566286	-0.258818	0.789388	-2.942423	-2.397307	8.311305	-8.304504
-16.275785	-4.563783	-3.986024	1.947800	-0.849477	0.663112	-2.915939	-2.069689	8.251872	-8.326135
7.579591	-4.978157	-3.991952	1.985416	-0.872072	0.656502	-2.913941	-2.054780	8.249107	-8.327109
16.294401	-5.339860	-3.986892	2.020214	-0.894214	0.649821	-2.911875	-2.039866	8.246335	-8.328084
-16.257404	-4.137002	-2.174769	2.195563	-1.217517	0.510107	-2.859861	-1.755205	8.192431	-8.346531
-0.979108	1.102808	1.294961	1.652244	-1.332566	0.350515	-2.784756	-1.469178	8.136357	-8.364813
15.196560	2.477389	4.295334	0.599525	-1.241502	0.151469	-2.671217	-1.137665	8.068974	-8.385731
1.154231	-1.908213	2.964997	-0.434049	-0.974183	-0.050301	-2.531124	-0.805774	7.998927	-8.406430
-14.313247	-1.884608	2.750558	-0.478396	-0.958313	-0.059702	-2.523899	-0.790135	7.995562	-8.407400
12.314725	-1.816880	2.521992	-0.522281	-0.942188	-0.069093	-2.516614	-0.774487	7.992189	-8.408371
13.559639	1.714687	-2.183332	-1.229844	-0.608184	-0.238505	-2.372296	-0.485456	7.928828	-8.426223
-12.992074	-1.852196	-3.547047	-1.683893	-0.236770	-0.395895	-2.210534	-0.197322	7.863633	-8.443909
12.652298	0.907211	-4.895470	-1.784852	0.175526	-0.553802	-2.005353	0.130923	7.786814	-8.463961
7.670870	3.103952	-5.363720	-1.375402	0.538869	-0.679365	-1.780616	0.456538	7.707821	-8.483796
-12.757979	2.838362	-5.316801	-1.344239	0.554253	-0.684314	-1.769620	0.471739	7.704063	-8.484722
0.602604	2.523544	-5.262128	-1.312106	0.569456	-0.689168	-1.758592	0.486923	7.700303	-8.485646
13.261078	-4.031922	-3.343680	-0.574838	0.815844	-0.761193	-1.548409	0.765559	7.630154	-8.502611
-10.082411	3.893400	-1.092630	0.319658	0.985639	-0.795934	-1.326308	1.041095	7.558560	-8.519415
-15.252715	6.123734	0.741164	1.329964	1.063529	-0.781013	-1.055820	1.356546	7.473703	-8.538729
16.624114	-6.548303	1.621622	2.054426	0.989558	-0.699176	-0.775069	1.666359	7.387128	-8.557828
0.678857	-6.975470	1.678362	2.075055	0.982738	-0.694177	-0.762835	1.679525	7.383374	-8.558643
-16.744620	-7.363334	1.739158	2.094629	0.975615	-0.689063	-0.750597	1.692670	7.379619	-8.559457
17.939132	-7.157662	3.593552	2.230455	0.768609	-0.562249	-0.500859	1.955911	7.303061	-8.575845
6.465838	2.437000	5.339399	1.735206	0.457423	-0.398379	-0.248471	2.213734	7.225397	-8.592071
-19.969276	9.994372	4.579625	0.301530	0.018497	-0.180071	0.040473	2.501243	7.135343	-8.610425
-3.053034	0.385476	-0.665919	-1.498826	-0.453473	0.053505	0.326560	2.780224	7.044075	-8.628569
20.537804	-0.485549	-0.934346	-1.580792	-0.475657	0.064627	0.339981	2.793212	7.039725	-8.629423
1.787564	-1.387060	-1.197710	-1.661862	-0.497777	0.075738	0.353387	2.806179	7.035372	-8.630277
-20.615651	-11.102882	-4.057981	-2.899759	-0.886331	0.276137	0.597289	3.041139	6.954790	-8.645913
20.351071	10.446730	-1.321799	-3.392449	-1.212977	0.460267	0.833961	3.268451	6.873473	-8.661388
-19.746028	11.339020	2.927056	-2.864795	-1.471363	0.638306	1.094984	3.520411	6.778897	-8.679036
-7.736973	-10.550914	1.860994	-1.160673	-1.584597	0.765671	1.340007	3.760756	6.683572	-8.696472
6.481534	-10.882107	1.738046	-1.061614	-1.586156	0.770101	1.350715	3.771398	6.679221	-8.697261
18.887644	-11.077040	1.614154	-0.961085	-1.587399	0.774411	1.361389	3.782021	6.674865	-8.698049
-18.147312	2.203507	-0.571459	1.129888	-1.551170	0.834280	1.557820	3.980684	6.591101	-8.713080
-14.067605	10.113710	-1.506771	3.163576	-1.405436	0.855022	1.736920	4.169316	6.506957	-8.727952
16.489081	2.547438	-0.248400	4.821982	-1.116070	0.838889	1.916337	4.370580	6.411109	-8.744636
-15.519044	-8.378141	1.185479	5.523331	-0.704500	0.788590	2.067812	4.557497	6.314998	-8.761115
-15.285847	-8.427600	1.205531	5.529617	-0.681816	0.785432	2.074364	4.566105	6.310375	-8.761902
15.420787	-8.423404	1.218680	5.533227	-0.658891	0.782214	2.080846	4.574673	6.305754	-8.762688
-12.655427	6.607633	-1.479931	3.784231	0.429309	0.606954	2.287236	4.888974	6.120040	-8.793868
-13.153496	-1.297855	-2.325967	-0.321224	1.677358	0.361790	2.395283	5.141826	5.934696	-8.824292
13.176920	-2.340901	-2.274832	-0.433068	1.707450	0.355217	2.396777	5.147153	5.930226	-8.825019
7.133397	-3.326353	-2.219784	-0.545032	1.737468	0.348623	2.398219	5.152440	5.925759	-8.825744
-13.231945	-4.232857	-2.155352	-0.667057	1.770066	0.341419	2.399731	5.158150	5.920899	-8.826533
0.852094	-4.886862	-2.086098	-0.789324	1.802612	0.334182	2.401185	5.163820	5.916037	-8.827322
13.986428	2.936883	-0.495269	-2.656869	2.288580	0.220051	2.416182	5.245092	5.841695	-8.839333
-16.049276	4.014941	1.788113	-4.425812	2.740283	0.100802	2.417961	5.316031	5.767571	-8.851223
-16.427973	-3.683938	3.602758	-6.359833	3.248969	-0.058921	2.401411	5.392966	5.671755	-8.866472
17.545273	1.612496	-0.533537	-7.644552	3.637561	-0.220983	2.364528	5.453248	5.576416	-8.881517
-5.427023	1.876061	-0.766198	-7.683115	3.651264	-0.228067	2.362467	5.455512	5.572259	-8.882170
-17.613765	2.121332	-0.996398	-7.720127	3.664677	-0.235154	2.360369	5.457746	5.568100	-8.882824
5.820068	3.556442	-4.485554	-8.112008	3.866400	-0.374769	2.311121	5.495809	5.485620	-8.895733
17.781155	0.170933	-4.807371	-7.794927	3.939225	-0.509334	2.248029	5.521990	5.403562	-8.908490
6.480587	-3.917421	-1.761381	-6.545377	3.868660	-0.653960	2.159660	5.537805	5.310137	-8.922911
-15.334097	-1.049723	3.256728	-4.614918	3.644065	-0.786555	2.055073	5.538988	5.217306	-8.937131
15.241894	-0.570197	3.482829	-4.509423	3.629386	-0.792677	2.049583	5.538680	5.212799	-8.937819
2.367905	-0.077830	3.702992	-4.403157	3.614369	-0.798765	2.044057	5.538340	5.208295	-8.938506
-13.334406	4.552707	6.006053	-2.419053	3.290693	-0.901776	1.939444	5.526697	5.128075	-8.950697
11.603410	-4.849511	4.395285	-0.400730	2.866976	-0.993159	1.824093	5.504757	5.048308	-8.962739
0.291345	-0.458723	1.320600	1.842302	2.262115	-1.082837	1.678269	5.467015	4.956670	-8.976471
-10.653680	5.469910	-1.653442	3.873410	1.544687	-1.153754	1.520069	5.416508	4.865649	-8.990003
-4.733333	5.270859	-1.783827	3.961931	1.508264	-1.156606	1.512320	5.413820	4.861372	-8.990636
10.786395	5.046374	-1.913033	4.049700	1.471617	-1.159413	1.504546	5.411104	4.857096	-8.991269
-12.768185	1.882803	-4.093622	5.506792	0.763452	-1.202449	1.358117	5.356736	4.779155	-9.002761
-1.962650	-3.062697	-6.020264	6.630806	-0.012013	-1.229030	1.204007	5.293646	4.701673	-9.014105
18.231448	-6.105987	-8.116247	7.423410	-0.995602	-1.237779	1.016125	5.209809	4.612193	-9.027106
9.485122	0.995970	-9.946225	7.575217	-2.084294	-1.221079	0.819858	5.115189	4.523342	-9.039907
-19.066859	1.557827	-10.002645	7.565218	-2.135244	-1.219714	0.810921	5.110724	4.519392	-9.040474
19.030261	2.128900	-10.055712	7.553688	-2.186378	-1.218294	0.801970	5.106238	4.515442	-9.041040
-5.676078	6.367129	-10.221352	7.010450	-3.195200	-1.180312	0.627235	5.016078	4.439742	-9.051854
-13.897213	1.542062	-8.183850	5.820573	-4.216681	-1.121454	0.448199	4.918741	4.364505	-9.062522
5.439105	-6.496260	-2.588122	3.805097	-5.353016	-1.025605	0.235581	4.796720	4.277429	-9.074770
7.194077	-3.742308	5.751570	1.489064	-6.352170	-0.899533	0.020447	4.665955	4.190993	-9.086822
-7.136079	-3.046085	6.150618	1.377793	-6.395133	-0.892726	0.010120	4.659486	4.186872	-9.087394
-1.013071	-2.334645	6.545140	1.266833	-6.437583	-0.885847	-0.000209	4.652998	4.182752	-9.087965
7.384707	6.537967	12.177974	-0.615553	-7.100300	-0.750572	-0.185021	4.533760	4.109261	-9.098119
-11.772105	-0.193543	13.582603	-2.143685	-7.543293	-0.592016	-0.368768	4.408871	4.036244	-9.108129
-14.242874	-6.514340	10.813485	-3.333034	-7.712168	-0.377301	-0.580237	4.256284	3.951556	-9.119641
12.403744	2.010903	5.517012	-3.960463	-7.421948	-0.134025	-0.786230	4.096988	3.867524	-9.130958
20.428629	2.523920	5.237803	-3.978076	-7.395861	-0.122220	-0.795591	4.089466	3.863653	-9.131477
-20.720903	3.024043	4.956594	-3.994777	-7.368587	-0.110374	-0.804934	4.081931	3.859783	-9.131995
11.130941	6.428870	-0.428617	-4.147637	-6.641235	0.115991	-0.975361	3.939517	3.788099	-9.141556
30.960171	0.177749	-5.551450	-4.012589	-5.500455	0.349481	-1.138601	3.792920	3.716903	-9.150974
14.095266	-6.137213	-16.182803	-2.225404	-1.602327	0.892367	-1.488285	3.430964	3.550226	-9.172714
-17.340300	5.751382	-3.909617	1.189694	3.004261	1.349590	-1.770525	3.051963	3.386319	-9.193660
16.423980	1.016536	-2.260409	1.268714	3.135551	1.360620	-1.777474	3.040823	3.381632	-9.194252
2.267343	-4.331886	-0.542416	1.344862	3.266398	1.371503	-1.784350	3.029673	3.376948	-9.194844
-15.027267	-5.716142	0.328521	1.381738	3.331513	1.376878	-1.787753	3.024105	3.374611	-9.195139
14.566938	-5.282761	1.202375	1.417845	3.396506	1.382216	-1.791139	3.018536	3.372276	-9.195434
9.491087	-0.803463	2.605610	1.474311	3.500875	1.390729	-1.796551	3.009563	3.368516	-9.195908
-13.132200	5.685684	3.990959	1.528661	3.604907	1.399144	-1.801915	3.000585	3.364759	-9.196382
-11.948533	5.631621	15.414118	2.031951	5.063869	1.509314	-1.874167	2.869913	3.310526	-9.203196
1.234078	-5.353236	2.227622	1.916897	6.402557	1.595646	-1.936075	2.738068	3.256608	-9.209921
-0.914401	5.210785	-14.207219	0.972497	7.970124	1.670702	-2.004560	2.552321	3.181843	-9.219165
1.704205	-5.220037	-13.117567	-0.365451	9.032760	1.685654	-2.051479	2.365096	3.107700	-9.228238
10.423837	5.428164	-6.951928	-1.519177	9.429479	1.630217	-2.077582	2.169751	3.031420	-9.237471
-2.397889	-5.726234	7.310646	-1.928106	8.957656	1.498520	-2.081281	1.973837	2.955816	-9.246520
-15.403880	-5.863762	7.829655	-1.920988	8.910494	1.490409	-2.080906	1.964428	2.952203	-9.246950
15.556930	-5.883831	8.305106	-1.911057	8.860982	1.482145	-2.080480	1.955018	2.948593	-9.247379
-0.631153	1.160861	9.952924	-1.225752	7.576953	1.306904	-2.064121	1.784173	2.883288	-9.255104
-16.593568	6.954221	2.246583	0.315464	5.669313	1.089585	-2.031654	1.613639	2.818499	-9.262690
11.938007	-6.531427	-6.504202	2.259918	2.969600	0.797566	-1.974740	1.417881	2.744476	-9.271260
14.515515	-8.305843	-6.833702	3.317456	0.047212	0.472957	-1.897455	1.223348	2.671148	-9.279647
-14.523798	-7.289014	-6.670528	3.334566	-0.090316	0.457113	-1.893331	1.214244	2.667720	-9.280037
5.665472	-6.202366	-6.495822	3.348458	-0.227711	0.441215	-1.889161	1.205138	2.664291	-9.280426
15.550051	8.836952	-1.985053	3.046199	-2.698923	0.141844	-1.804431	1.037875	2.601328	-9.287536
-19.470967	-9.183236	2.520036	1.760039	-4.973372	-0.163660	-1.705077	0.872049	2.538890	-9.294509
-20.150575	-4.364854	4.586804	-0.777779	-7.199423	-0.512175	-1.573031	0.683295	2.467707	-9.302362
22.050992	9.390232	1.789171	-3.975886	-8.842299	-0.845673	-1.422370	0.496966	2.397227	-9.310034
-10.364885	8.823887	1.494218	-4.125452	-8.904426	-0.861320	-1.414562	0.487954	2.393812	-9.310404
-22.160076	8.111519	1.185375	-4.272991	-8.964739	-0.876901	-1.406709	0.478950	2.390398	-9.310772
22.460428	-9.180311	-3.702557	-6.351514	-9.714149	-1.142324	-1.259262	0.319262	2.329727	-9.317285
5.691423	-2.400879	-1.164987	-6.800597	-9.772092	-1.377981	-1.098219	0.161721	2.269590	-9.323662
-20.385717	8.274887	3.462785	-4.960294	-8.937564	-1.604268	-0.896218	-0.016858	2.201023	-9.330836
2.326230	-7.121521	0.266131	-0.670704	-7.323494	-1.782514	-0.676686	-0.192340	2.133169	-9.337832
18.677927	-7.384541	0.023607	-0.441239	-7.234790	-1.789568	-0.666206	-0.200309	2.130075	-9.338148
-5.301587	-7.531079	-0.217996	-0.210613	-7.144984	-1.796527	-0.655690	-0.208272	2.126982	-9.338464
-17.386740	1.730852	-3.798863	4.082478	-5.271613	-1.910140	-0.450248	-0.357456	2.068837	-9.344367
16.472010	6.221611	-3.251436	7.438468	-3.171511	-1.990637	-0.232265	-0.504179	2.011232	-9.350137
12.154804	-1.945471	3.064505	9.451239	-0.666294	-2.043974	0.035109	-0.670832	1.945243	-9.356648
-15.099383	-4.824085	4.650190	8.898435	1.709841	-2.056151	0.317951	-0.834047	1.879985	-9.362983
7.749196	-4.433436	4.379852	8.798937	1.815276	-2.055737	0.331495	-0.841571	1.876961	-9.363274
15.038622	-3.997568	4.072747	8.692501	1.920236	-2.055236	0.345080	-0.849093	1.873937	-9.363565
-14.425732	4.300333	-3.750083	5.717936	3.762206	-2.030409	0.602446	-0.987182	1.818155	-9.368886
1.822445	1.378445	-4.757699	1.701876	5.387280	-1.976612	0.869754	-1.122702	1.762923	-9.374076
12.973252	-3.638874	0.493317	-2.833440	6.959360	-1.879194	1.190475	-1.276314	1.699701	-9.379917
-11.085550	3.090280	4.179814	-6.553712	8.158221	-1.745158	1.522321	-1.426498	1.637219	-9.385584
-12.269527	3.291490	4.166014	-6.689354	8.201377	-1.738488	1.537047	-1.432979	1.634507	-9.385828
-4.664433	3.459042	4.131298	-6.822381	8.243734	-1.731751	1.551792	-1.439452	1.631797	-9.386071
11.850984	1.567937	0.400911	-8.949703	8.912712	-1.584402	1.847862	-1.566445	1.578361	-9.390823
-11.718276	-3.404397	-3.314197	-10.222128	9.236873	-1.411312	2.150549	-1.690875	1.525484	-9.395445
6.964709	-0.490891	-0.484089	-10.763089	9.145475	-1.181180	2.506431	-1.831036	1.465268	-9.400609
12.892398	3.504642	2.697629	-10.155484	8.534791	-0.920813	2.868906	-1.967801	1.405800	-9.405601
-12.952151	3.484919	2.671197	-10.094581	8.493281	-0.907670	2.886421	-1.974270	1.402969	-9.405836
-4.391313	3.428840	2.620966	-10.030695	8.450716	-0.894472	2.903949	-1.980730	1.400140	-9.406070
8.987590	-1.409819	-0.769129	-8.411692	7.507279	-0.646018	3.224181	-2.096681	1.349073	-9.410260
15.879388	-3.550980	-2.923222	-6.135079	6.285370	-0.383786	3.547646	-2.210059	1.298579	-9.414320
-17.434524	3.501896	2.163476	-3.067069	4.626288	-0.071676	3.921491	-2.336889	1.241396	-9.418817
18.302442	-2.997156	3.936142	0.283629	2.785886	0.246528	4.297425	-2.460351	1.184970	-9.423146
5.568264	-3.219780	3.752192	0.444516	2.696924	0.261468	4.315058	-2.466049	1.182347	-9.423344
-18.331530	-3.375759	3.537263	0.605574	2.607792	0.276407	4.332693	-2.471740	1.179725	-9.423542
18.153572	2.630992	-3.090129	3.547529	0.931487	0.553183	4.660894	-2.576238	1.131269	-9.427161
16.182158	3.070366	-5.034384	6.089921	-0.735371	0.825018	4.988962	-2.678192	1.083391	-9.430653
-15.956127	-2.882174	0.025533	8.001535	-2.552222	1.125380	5.364270	-2.792052	1.029163	-9.434504
13.436361	-1.770841	5.629370	8.453820	-4.174969	1.407221	5.737222	-2.902563	0.975704	-9.438188
14.395968	-1.516871	5.798144	8.434035	-4.242712	1.419486	5.754096	-2.907506	0.973293	-9.438352
-8.340595	-1.248275	5.955691	8.410491	-4.309880	1.431699	5.770963	-2.912442	0.970883	-9.438515
-13.252574	2.594548	6.114366	7.226196	-5.491904	1.655896	6.094199	-3.006149	0.924789	-9.441591
12.600003	-2.531015	0.503669	4.789645	-6.464743	1.856244	6.413874	-3.097294	0.879290	-9.444540
6.982124	-1.585973	-5.282257	1.229659	-7.325530	2.050462	6.773783	-3.198304	0.828032	-9.447756
-13.545122	1.456520	-6.056497	-2.165973	-7.924717	2.201529	7.126875	-3.295977	0.777555	-9.450808
13.061666	1.487249	-5.984043	-2.301335	-7.946100	2.207339	7.142945	-3.300392	0.775251	-9.450944
13.688744	1.517115	-5.903906	-2.434097	-7.966943	2.213043	7.158998	-3.304801	0.772948	-9.451080
-15.432487	2.665503	-3.159531	-4.458527	-8.260752	2.300430	7.460223	-3.387115	0.729565	-9.453599
-10.869390	-0.013413	0.981676	-5.568275	-8.364710	2.345826	7.754530	-3.466895	0.686779	-9.455993
19.369929	-2.990733	4.857616	-5.755764	-8.267707	2.345527	8.082157	-3.555169	0.638506	-9.458584
-19.997386	2.371034	5.072962	-4.807915	-7.988350	2.294556	8.398578	-3.640124	0.591024	-9.461013
-15.705950	2.818622	5.029124	-4.737329	-7.971775	2.291092	8.412887	-3.643962	0.588853	-9.461122
19.961318	3.244589	4.983914	-4.664451	-7.954903	2.287534	8.427171	-3.647794	0.586683	-9.461229
-8.323307	2.771895	3.906487	-2.914234	-7.583256	2.203187	8.693275	-3.719176	0.545830	-9.463211
-16.852265	-3.713047	2.237804	-0.718238	-7.130879	2.089809	8.949624	-3.788020	0.505587	-9.465069
7.015162	-3.461279	-0.548335	1.782703	-6.548945	1.930721	9.229229	-3.863344	0.460497	-9.467036
12.884439	3.584002	-3.503442	3.569454	-5.931217	1.745729	9.495140	-3.935380	0.416203	-9.468845
-12.851104	3.964652	-3.600972	3.622882	-5.901108	1.736247	9.507627	-3.938777	0.414084	-9.468928
-7.553830	4.305330	-3.691190	3.672515	-5.871005	1.726721	9.520080	-3.942166	0.411967	-9.469011
12.994370	3.653130	-4.067701	3.900603	-5.334189	1.548054	9.738784	-4.001937	0.374120	-9.470444
-0.738966	-3.808508	-2.408550	2.895193	-4.821364	1.358885	9.946487	-4.059218	0.336885	-9.471757
-15.849448	-5.009421	1.140628	0.368563	-4.265071	1.131828	10.173106	-4.122431	0.294540	-9.473129
17.250876	5.220453	3.877921	-3.366200	-3.752208	0.901849	10.384733	-4.182317	0.253018	-9.474342
-6.260208	5.095620	3.882529	-3.567786	-3.729020	0.890970	10.394396	-4.185075	0.251069	-9.474395
-17.335207	4.879502	3.870949	-3.771140	-3.705952	0.880106	10.404019	-4.187824	0.249123	-9.474449
17.626886	-4.825925	1.559001	-7.738148	-3.304267	0.684067	10.573506	-4.236638	0.213965	-9.475356
13.891712	-5.523744	-2.148627	-11.936050	-2.940078	0.494633	10.731577	-4.282970	0.179429	-9.476146
-16.064477	2.304106	-3.855982	-16.588193	-2.568043	0.288573	10.900268	-4.333534	0.140207	-9.476914
4.692452	5.746539	-0.249997	-20.534728	-2.252696	0.102567	11.053391	-4.380777	0.101821	-9.477525
14.543048	5.530116	0.081821	-20.695108	-2.239657	0.094620	11.060034	-4.382863	0.100082	-9.477550
-14.475064	5.269978	0.429339	-20.853627	-2.226744	0.086729	11.066644	-4.384942	0.098344	-9.477574
-4.719932	-3.236908	9.111456	-23.493028	-2.008052	-0.050542	11.184714	-4.422718	0.066018	-9.477962
12.189154	-5.868746	19.252375	-25.508937	-1.836419	-0.164213	11.291024	-4.458036	0.034318	-9.478235
-11.308278	5.908455	28.493451	-27.050957	-1.704061	-0.257806	11.394783	-4.494231	-0.000005	-9.478403
-2.041156	2.913685	34.056989	-27.913273	-1.634900	-0.312650	11.483933	-4.527427	-0.033558	-9.478431
-1.365628	-0.656369	35.255416	-28.135050	-1.631959	-0.324454	11.561540	-4.558958	-0.067842	-9.478310
