17.953976	-21.793027	23.536323	-11.166007	3.357602	-4.276737	8.193456	-2.840959	-8.536585
-16.438124	-21.257221	23.042409	-11.237499	3.455482	-4.296599	8.184904	-2.834635	-8.537917
10.074700	-18.473152	22.088196	-11.297891	3.558878	-4.311613	8.172088	-2.827771	-8.539234
15.173466	-7.390123	20.707284	-11.343454	3.663359	-4.320537	8.155263	-2.820661	-8.540472
-6.403266	-6.566622	20.634531	-11.345170	3.668143	-4.320795	8.154400	-2.820331	-8.540526
-15.084352	-5.712918	20.560987	-11.346854	3.672924	-4.321041	8.153528	-2.820001	-8.540581
14.136628	9.181246	19.000298	-11.372744	3.764320	-4.323214	8.135290	-2.813609	-8.541584
-4.039996	4.174446	17.226206	-11.386325	3.855690	-4.320541	8.113936	-2.807031	-8.542527
-12.291997	-7.554899	15.454041	-11.385577	3.959387	-4.311390	8.085589	-2.799263	-8.543532
0.270829	-1.154726	14.450935	-11.365883	4.060635	-4.295626	8.053102	-2.791253	-8.544458
12.013433	-0.665661	14.420857	-11.364532	4.065091	-4.294763	8.051550	-2.790888	-8.544497
-12.021416	-0.183459	14.391693	-11.363139	4.069538	-4.293887	8.049989	-2.790523	-8.544537
-3.294119	5.545447	13.942820	-11.327582	4.154321	-4.274144	8.017975	-2.783324	-8.545271
13.489514	4.902719	13.469618	-11.275213	4.235108	-4.249245	7.982844	-2.775940	-8.545945
0.804135	-0.928658	12.310850	-11.192704	4.321938	-4.214135	7.938570	-2.767211	-8.546644
-16.439750	-3.673914	9.851328	-11.084851	4.400768	-4.172073	7.890248	-2.758239	-8.547262
16.505149	-3.559020	9.693312	-11.079155	4.404237	-4.169934	7.887889	-2.757813	-8.547288
15.442776	-3.420948	9.531132	-11.073400	4.407686	-4.167779	7.885521	-2.757387	-8.547315
-17.646694	0.965256	5.978757	-10.955860	4.467616	-4.125104	7.840101	-2.749390	-8.547777
18.476453	3.488625	2.079696	-10.816855	4.519402	-4.077183	7.791778	-2.741211	-8.548178
12.567122	4.694417	-1.842128	-10.628941	4.567694	-4.015538	7.732661	-2.731572	-8.548562
-19.363148	4.839015	-4.553642	-10.409552	4.602507	-3.946917	7.669880	-2.721691	-8.548864
12.687349	4.823202	-4.648131	-10.398186	4.603815	-3.943441	7.666772	-2.721210	-8.548876
19.367828	4.802416	-4.739161	-10.386744	4.605088	-3.939950	7.663656	-2.720728	-8.548888
-3.985548	2.964526	-5.772077	-10.166110	4.621926	-3.873903	7.605826	-2.711912	-8.549077
-18.854613	-1.898585	-5.577157	-9.921068	4.626266	-3.802412	7.545371	-2.702912	-8.549203
18.082062	-6.790567	-3.712231	-9.618208	4.614489	-3.713408	7.472724	-2.692342	-8.549269
4.669729	2.423180	-0.312041	-9.298652	4.583294	-3.616978	7.396794	-2.681529	-8.549252
-16.940342	2.903795	-0.140842	-9.283456	4.581344	-3.612308	7.393183	-2.681020	-8.549250
16.882278	3.362502	0.029945	-9.268235	4.579348	-3.607622	7.389564	-2.680510	-8.549247
4.892763	7.189649	2.891786	-8.979692	4.533511	-3.517059	7.320687	-2.670892	-8.549157
-14.514655	4.395723	4.481712	-8.685605	4.470929	-3.420943	7.249474	-2.661090	-8.549004
1.021507	-2.652552	4.677578	-8.344061	4.377051	-3.303535	7.164635	-2.649574	-8.548750
12.495639	-5.822879	3.404051	-8.004394	4.258686	-3.179176	7.076884	-2.637815	-8.548410
0.509694	-5.726909	3.314515	-7.988835	4.252601	-3.173261	7.072758	-2.637266	-8.548392
-12.451449	-5.610625	3.222506	-7.973283	4.246457	-3.167329	7.068623	-2.636715	-8.548374
12.300024	-2.194698	1.176143	-7.685923	4.120948	-3.053506	6.990029	-2.626304	-8.548004
3.706462	0.298400	-1.041469	-7.409274	3.975243	-2.934790	6.909394	-2.615712	-8.547570
-13.192319	2.686230	-2.973081	-7.108975	3.781079	-2.791979	6.813944	-2.603269	-8.546989
-8.552763	3.875287	-3.291891	-6.834944	3.557778	-2.643069	6.715962	-2.590586	-8.546323
14.081002	3.697886	-3.252834	-6.823407	3.547094	-2.636272	6.711523	-2.590013	-8.546291
-14.120936	3.488676	-3.208789	-6.811930	3.536349	-2.629463	6.707080	-2.589440	-8.546259
14.898735	-3.206527	-1.654163	-6.593569	3.314951	-2.494633	6.619641	-2.578187	-8.545603
14.201553	-4.345494	0.251222	-6.359933	3.069693	-2.355520	6.530436	-2.566752	-8.544881
-11.097111	2.507698	1.606035	-6.025980	2.757757	-2.190765	6.425959	-2.553403	-8.543972
-17.263040	5.633294	1.636069	-5.500549	2.412107	-2.020775	6.319335	-2.539813	-8.542976
17.296634	5.437737	1.597226	-5.465365	2.395182	-2.012741	6.314323	-2.539175	-8.542928
-5.661132	5.197627	1.554583	-5.428851	2.378171	-2.004692	6.309303	-2.538536	-8.542879
-17.918613	-3.204323	0.330642	-4.466702	2.045738	-1.852105	6.214578	-2.526481	-8.541934
18.432144	-6.184272	-0.742627	-2.848497	1.685905	-1.695874	6.118370	-2.514244	-8.540923
2.106757	1.787131	-0.578922	-0.162899	1.239779	-1.512928	6.006611	-2.500027	-8.539685
-19.053332	5.193660	0.032314	2.773484	0.755586	-1.325634	5.893101	-2.485571	-8.538360
0.516753	4.888290	0.044905	2.903128	0.732025	-1.316785	5.887759	-2.484890	-8.538296
19.052478	4.543913	0.055099	3.031540	0.708362	-1.307921	5.882410	-2.484208	-8.538232
5.996565	-3.393901	-0.016419	5.086861	0.249849	-1.140523	5.781723	-2.471361	-8.536996
-18.646965	-4.100454	0.018367	6.155282	-0.239536	-0.970136	5.679845	-2.458333	-8.535693
18.438913	4.791106	0.560006	5.972451	-0.837349	-0.770509	5.561197	-2.443113	-8.534110
0.696476	-7.621162	-0.176805	4.943899	-1.449953	-0.567346	5.441162	-2.427653	-8.532439
-18.851546	-7.402408	-0.267584	4.879462	-1.477339	-0.558155	5.435748	-2.426954	-8.532362
18.896213	-7.027749	-0.363396	4.813218	-1.504717	-0.548952	5.430327	-2.426254	-8.532284
-1.107317	12.858674	-1.870568	3.157949	-2.024015	-0.370167	5.325290	-2.412661	-8.530759
-23.070488	9.645830	0.087047	0.806580	-2.514660	-0.189050	5.219356	-2.398888	-8.529166
27.940323	-26.496788	3.395739	-2.010652	-3.020874	0.022043	5.096438	-2.382818	-8.527250
-30.996814	30.260400	2.429762	-3.820526	-3.439011	0.235808	4.972517	-2.366509	-8.525245
-34.586537	31.470983	2.238499	-3.870848	-3.456422	0.246142	4.966540	-2.365720	-8.525147
-31.362019	32.220070	2.033384	-3.917462	-3.473565	0.256481	4.960561	-2.364930	-8.525048
19.415475	-1.591930	-2.889779	-4.066514	-3.734441	0.444938	4.851776	-2.350507	-8.523220
45.134715	-31.891793	-5.115180	-2.702617	-3.894702	0.635095	4.742376	-2.335903	-8.521325
-43.799387	17.548128	5.373804	3.161684	-3.965374	1.088524	4.482739	-2.300807	-8.516591
12.269305	5.684268	-4.957523	0.004964	-3.803576	1.546508	4.220933	-2.264716	-8.511477
8.421896	0.508551	-4.669533	-0.126790	-3.798464	1.557510	4.214619	-2.263836	-8.511349
-9.757502	-2.123490	-4.322579	-0.257542	-3.793331	1.568510	4.208305	-2.262955	-8.511221
6.516090	-0.606626	-3.926182	-0.383773	-3.788306	1.579236	4.202145	-2.262096	-8.511096
7.290759	1.871823	-3.474939	-0.508418	-3.783266	1.589959	4.195985	-2.261236	-8.510971
-6.148346	1.656357	-2.997352	-0.625683	-3.778439	1.600197	4.190102	-2.260415	-8.510851
5.045189	-1.686804	-2.484896	-0.740945	-3.773601	1.610432	4.184218	-2.259592	-8.510731
5.040350	1.712517	4.723515	-2.040099	-3.701494	1.762755	4.096382	-2.247269	-8.508920
4.139468	-1.803377	3.266696	-2.175676	-3.634239	1.914156	4.008448	-2.234836	-8.507066
3.322996	-6.318254	-4.507991	-1.105651	-3.552931	2.123716	3.885345	-2.217259	-8.504400
4.052036	8.701858	-3.791456	0.181371	-3.457633	2.329836	3.762196	-2.199467	-8.501651
3.038504	5.156178	1.156495	1.206538	-3.300379	2.541526	3.632926	-2.180551	-8.498672
-9.014814	-8.894059	4.640958	1.566245	-3.040683	2.747261	3.503801	-2.161398	-8.495601
6.951194	-9.246766	4.690706	1.561236	-3.025477	2.756603	3.497841	-2.160507	-8.495457
9.469417	-9.540198	4.727013	1.554063	-3.009949	2.765936	3.491877	-2.159616	-8.495312
-3.434261	-5.590522	3.318863	1.084542	-2.669329	2.936393	3.381220	-2.142961	-8.492593
-14.618032	4.323195	-0.177365	0.207865	-2.246160	3.100869	3.270811	-2.126131	-8.489804
15.832656	6.093974	-3.713241	-0.876175	-1.681967	3.283778	3.142749	-2.106328	-8.486472
7.023114	1.677928	-5.236094	-1.521927	-1.076707	3.456536	3.015211	-2.086288	-8.483046
-16.440870	1.569313	-5.260563	-1.532379	-1.048442	3.464235	3.009347	-2.085358	-8.482886
16.437471	1.480578	-5.281544	-1.540712	-1.020191	3.471906	3.003488	-2.084429	-8.482726
16.061395	0.340014	-5.026043	-1.336918	-0.491798	3.611251	2.893812	-2.066899	-8.479681
-14.538304	-3.260382	-3.459026	-0.619339	0.026551	3.741393	2.784678	-2.049192	-8.476566
-0.611607	-2.121699	-0.176797	0.526574	0.601632	3.879764	2.658968	-2.028452	-8.472867
12.000106	2.558484	3.240845	1.639792	1.134511	4.003715	2.534168	-2.007474	-8.469073
-11.978895	2.758650	3.374186	1.684557	1.158132	4.009139	2.528358	-2.006488	-8.468893
-11.516893	2.936650	3.503829	1.728392	1.181640	4.014531	2.522547	-2.005500	-8.468713
12.016514	2.396874	5.110435	2.318950	1.593563	4.108457	2.414891	-1.987040	-8.465327
-5.098766	-2.061300	5.008495	2.337392	1.951397	4.189825	2.308073	-1.968400	-8.461868
-13.320329	-3.493675	3.112923	1.602666	2.286495	4.266050	2.187917	-1.947026	-8.457853
13.740197	2.405639	-0.076309	0.325753	2.550378	4.324106	2.069003	-1.925421	-8.453745
2.919729	2.554494	-0.233674	0.255078	2.561610	4.326469	2.063202	-1.924355	-8.453541
-13.744154	2.681170	-0.388997	0.183995	2.572680	4.328783	2.057407	-1.923289	-8.453337
-3.465670	3.435498	-2.709907	-1.113860	2.744855	4.362110	1.954748	-1.904212	-8.449664
12.824899	1.764542	-3.865958	-2.317875	2.872728	4.380001	1.853147	-1.884958	-8.445918
4.278334	-1.732182	-3.294471	-3.302280	2.971042	4.380554	1.737240	-1.862513	-8.441504
-11.525662	-2.343830	-0.658272	-3.587513	3.022864	4.358723	1.622876	-1.839834	-8.436993
11.519463	-2.192607	-0.519265	-3.581914	3.024176	4.357239	1.617862	-1.838827	-8.436792
6.295595	-2.017827	-0.380018	-3.574723	3.025407	4.355710	1.612852	-1.837820	-8.436590
-11.698428	1.942568	2.032288	-3.096583	3.032303	4.316563	1.514693	-1.817861	-8.432576
12.262745	-1.579379	2.734536	-1.938817	3.002120	4.260381	1.417802	-1.797726	-8.428488
10.503346	-1.641413	1.033758	0.163414	2.913371	4.175344	1.307898	-1.774329	-8.423691
-13.945267	1.790012	-1.651414	2.425841	2.757571	4.069478	1.199793	-1.750697	-8.418796
10.495409	1.894379	-1.735843	2.516359	2.748890	4.064277	1.195005	-1.749635	-8.418575
14.007530	1.979432	-1.814118	2.605352	2.740048	4.059032	1.190218	-1.748572	-8.418353
-9.663667	-0.357020	-2.166554	3.973623	2.536841	3.949636	1.098117	-1.727868	-8.414020
-14.953242	-3.183843	-0.900604	4.578970	2.268969	3.826068	1.007470	-1.706988	-8.409613
15.596058	1.830195	1.164097	4.314250	1.878209	3.667293	0.905072	-1.682757	-8.404452
-16.522262	4.480637	1.825350	3.071741	1.416672	3.491656	0.804718	-1.658292	-8.399193
-15.886934	4.116066	1.783536	2.996047	1.394541	3.483347	0.800238	-1.657183	-8.398954
8.388208	3.696967	1.734349	2.918892	1.372314	3.475005	0.795761	-1.656072	-8.398714
17.635993	-4.623956	-0.052261	1.216249	0.929195	3.308399	0.710502	-1.634624	-8.394059
-18.630328	4.414043	-1.596709	-0.668800	0.466800	3.130561	0.626877	-1.612999	-8.389330
11.441022	2.747969	-1.478592	-2.642325	-0.070705	2.912363	0.532515	-1.587840	-8.383782
19.035824	-3.524178	-0.455147	-4.056648	-0.590532	2.681113	0.440453	-1.562447	-8.378134
-18.988051	-3.514882	-0.411417	-4.106350	-0.613567	2.670212	0.436287	-1.561277	-8.377873
-15.667193	-3.442347	-0.368826	-4.154757	-0.636529	2.659278	0.432124	-1.560105	-8.377611
17.438804	3.417112	0.269354	-4.828255	-1.050917	2.448034	0.354391	-1.537877	-8.372624
-6.497210	2.658279	0.712301	-5.073581	-1.417813	2.228469	0.278486	-1.515474	-8.367561
-12.593532	-4.270980	0.922059	-4.880902	-1.764312	1.966981	0.193651	-1.489538	-8.361655
10.367369	-2.917764	0.717347	-4.232109	-2.027079	1.696395	0.111347	-1.463372	-8.355650
9.885548	-2.432961	0.700152	-4.193780	-2.036845	1.684200	0.107756	-1.462206	-8.355381
-7.494388	-1.924814	0.682395	-4.154691	-2.046453	1.671988	0.104171	-1.461040	-8.355112
-9.129642	6.141506	0.249015	-3.246553	-2.204569	1.428048	0.034512	-1.437947	-8.349769
8.921697	4.376254	-0.232161	-2.147059	-2.305249	1.178656	-0.033110	-1.414678	-8.344349
-9.602213	-3.492075	-0.662078	-0.793548	-2.354321	0.887822	-0.107843	-1.387872	-8.338061
-6.168533	-4.686525	-0.785645	0.520528	-2.337850	0.591738	-0.179797	-1.360837	-8.331671
10.955189	-4.868035	-0.781294	0.582121	-2.335444	0.577092	-0.183256	-1.359504	-8.331355
8.607533	-5.086331	-0.775867	0.643332	-2.332895	0.562445	-0.186705	-1.358172	-8.331039
-12.297276	-9.924240	-0.489143	1.669885	-2.264054	0.300378	-0.246920	-1.334377	-8.325373
13.455368	-4.693750	0.131706	2.560312	-2.153248	0.036186	-0.304920	-1.310408	-8.319630
-3.296443	5.455939	0.926365	3.381616	-1.978982	-0.268617	-0.368774	-1.282654	-8.312936
-15.184784	11.195474	1.349543	3.953065	-1.759984	-0.573184	-0.429586	-1.254670	-8.306139
5.573616	11.241712	1.352066	3.973890	-1.748406	-0.587818	-0.432437	-1.253316	-8.305809
15.228824	11.263790	1.352517	3.994095	-1.736738	-0.602448	-0.435281	-1.251962	-8.305479
-14.223616	8.755628	1.033906	4.257093	-1.512188	-0.864677	-0.485204	-1.227508	-8.299498
-15.393988	4.300957	0.253638	4.346304	-1.262484	-1.124294	-0.532747	-1.202882	-8.293440
15.018781	1.827923	-0.920310	4.265633	-0.948416	-1.419410	-0.584638	-1.174225	-8.286346
-7.379825	1.385441	-2.047319	4.027117	-0.615906	-1.707509	-0.633232	-1.145339	-8.279148
-14.366687	1.368334	-2.092226	4.013012	-0.600317	-1.720564	-0.635388	-1.144004	-8.278815
4.019505	1.348969	-2.136245	3.998664	-0.584710	-1.733600	-0.637537	-1.142668	-8.278481
13.714861	-1.716086	-2.756846	3.685956	-0.286758	-1.976466	-0.676868	-1.117292	-8.272116
-13.215484	-9.961307	-2.812265	3.312908	0.012409	-2.210872	-0.713598	-1.091742	-8.265672
-0.310869	-2.158594	-1.944924	2.841415	0.350467	-2.467453	-0.752457	-1.062231	-8.258186
13.821515	8.820548	-0.079746	2.346999	0.675946	-2.708986	-0.787773	-1.032491	-8.250595
-4.102557	8.943716	0.027635	2.324394	0.690289	-2.719551	-0.789290	-1.031136	-8.250249
-13.943161	8.999823	0.136953	2.301790	0.704590	-2.730081	-0.790799	-1.029781	-8.249902
8.634717	-0.611054	2.365504	1.870382	0.970351	-2.925349	-0.818365	-1.003642	-8.243188
17.441631	-8.013195	3.816603	1.455194	1.215246	-3.106048	-0.843140	-0.977330	-8.236396
-19.271256	7.191967	2.957203	1.009396	1.463224	-3.293005	-0.867987	-0.947036	-8.228531
19.851917	4.306570	-0.464387	0.565595	1.669860	-3.457026	-0.889055	-0.916525	-8.220562
8.694975	3.580042	-0.649209	0.544151	1.678422	-3.464130	-0.889950	-0.915087	-8.220185
-19.811215	2.849553	-0.833814	0.522609	1.686881	-3.471183	-0.890838	-0.913647	-8.219808
8.168404	-4.905179	-3.798479	0.102140	1.823238	-3.591804	-0.905757	-0.886837	-8.212760
16.598167	-4.346077	-4.786500	-0.374824	1.916886	-3.691853	-0.917685	-0.859878	-8.205632
-4.708848	1.258547	-3.163497	-1.005737	1.965624	-3.780122	-0.927652	-0.828639	-8.197317
-12.173741	2.001746	0.179755	-1.651053	1.945376	-3.839114	-0.933490	-0.797236	-8.188896
12.128017	1.740449	0.344591	-1.678705	1.942789	-3.841080	-0.933653	-0.795830	-8.188517
-10.472270	1.467686	0.509544	-1.706187	1.940055	-3.842990	-0.933808	-0.794423	-8.188138
-11.956719	-2.023193	3.415644	-2.194418	1.857295	-3.869093	-0.935137	-0.767062	-8.180738
12.914698	2.730129	5.136958	-2.553836	1.716270	-3.874848	-0.933302	-0.739616	-8.173257
10.334687	2.282280	6.358178	-2.727598	1.478706	-3.857290	-0.927398	-0.707994	-8.164559
-17.267899	-4.860901	6.466231	-2.569231	1.159125	-3.814916	-0.917600	-0.676314	-8.155754
3.581190	-5.223863	6.440729	-2.553726	1.142879	-3.812433	-0.917068	-0.674882	-8.155354
17.481107	-5.576869	6.412557	-2.537490	1.126477	-3.809901	-0.916529	-0.673449	-8.154953
-11.028973	-8.289240	5.357627	-2.097034	0.784587	-3.751739	-0.904665	-0.645813	-8.147183
-20.749255	-1.385198	3.365376	-1.462314	0.404868	-3.676334	-0.890108	-0.618177	-8.139330
21.258994	11.533044	0.035419	-0.585580	-0.056767	-3.569529	-0.870244	-0.586503	-8.130223
-9.480283	3.757788	-3.996101	0.348760	-0.523322	-3.442054	-0.847167	-0.554883	-8.121007
-20.166569	3.469609	-4.183857	0.393432	-0.545524	-3.435405	-0.845976	-0.553361	-8.120560
20.071379	3.237481	-4.369579	0.438009	-0.567693	-3.428706	-0.844778	-0.551838	-8.120112
5.921794	1.853991	-7.116097	1.207361	-0.956510	-3.300182	-0.821969	-0.524396	-8.111995
-15.211704	-2.943441	-7.896117	1.862844	-1.313377	-3.157603	-0.796991	-0.497038	-8.103795
12.946183	-11.534693	-4.789275	2.384973	-1.664579	-2.976696	-0.765649	-0.465626	-8.094238
-2.583260	9.076312	2.643019	2.549695	-1.929639	-2.779282	-0.731754	-0.434379	-8.084571
-3.594607	9.504642	2.986357	2.546951	-1.939355	-2.769951	-0.730156	-0.432964	-8.084129
-12.462387	9.777460	3.324013	2.543238	-1.948864	-2.760583	-0.728553	-0.431548	-8.083687
13.793977	-4.096065	8.091850	2.277283	-2.090142	-2.576705	-0.697108	-0.404674	-8.075221
8.473499	-6.704560	8.093510	1.633575	-2.158266	-2.383286	-0.664014	-0.377968	-8.066673
-19.568122	5.726540	1.475553	0.563145	-2.150916	-2.150190	-0.623987	-0.347431	-8.056720
22.142872	4.555582	-5.025234	-0.624224	-2.057411	-1.907633	-0.582101	-0.317172	-8.046657
11.577704	3.782314	-5.261267	-0.681475	-2.050659	-1.895421	-0.579984	-0.315683	-8.046157
-22.305900	2.979585	-5.486960	-0.738361	-2.043712	-1.883189	-0.577864	-0.314196	-8.045656
22.880504	-6.044405	-7.436341	-1.647193	-1.890227	-1.664919	-0.539887	-0.288132	-8.036797
15.737211	-1.834679	-5.194774	-2.299710	-1.680446	-1.441795	-0.500765	-0.262321	-8.027853
-20.261224	7.442067	-0.468939	-2.735977	-1.375768	-1.181274	-0.454642	-0.233060	-8.017493
-8.796024	6.426438	2.997598	-2.887948	-1.009641	-0.917287	-0.407343	-0.204188	-8.007023
17.732467	6.071703	3.118747	-2.888895	-0.991186	-0.904876	-0.405104	-0.202847	-8.006530
-7.171699	5.691042	3.236805	-2.889328	-0.972611	-0.892454	-0.402862	-0.201506	-8.006037
-15.607882	-4.184680	4.879363	-2.808853	-0.608828	-0.660549	-0.360722	-0.176705	-7.996807
14.035769	-8.377771	5.547461	-2.579926	-0.218216	-0.428335	-0.317953	-0.152243	-7.987493
-12.980812	8.139636	5.410786	-2.191386	0.233307	-0.172057	-0.269996	-0.125573	-7.977079
-2.499726	2.223692	4.828774	-1.705938	0.691341	0.081955	-0.221565	-0.099366	-7.966560
12.747984	-7.025889	3.280811	-1.113957	1.162487	0.343799	-0.170555	-0.072470	-7.955441
-13.200609	5.761654	0.422957	-0.487701	1.609622	0.600010	-0.119385	-0.046142	-7.944208
-10.534900	6.028340	0.316328	-0.466939	1.623947	0.608447	-0.117676	-0.045273	-7.943831
13.234875	6.254286	0.209576	-0.446211	1.638227	0.616875	-0.115968	-0.044405	-7.943454
6.946091	1.565529	-2.295243	0.068792	1.988783	0.831073	-0.071970	-0.022270	-7.933693
-13.943159	-4.821162	-3.228455	0.518038	2.298919	1.038831	-0.028110	-0.000598	-7.923847
13.953801	3.877111	-1.229424	0.926255	2.593131	1.269058	0.022138	0.023794	-7.912387
5.499615	-0.102604	1.680129	1.318642	2.804602	1.487791	0.071870	0.047517	-7.900812
-13.482233	-0.423829	1.792424	1.339263	2.812346	1.497896	0.074223	0.048629	-7.900258
-3.274563	-0.728942	1.900168	1.360187	2.819870	1.507978	0.076576	0.049741	-7.899704
12.674925	-2.367316	2.710731	1.809067	2.915556	1.686112	0.119109	0.069702	-7.889558
-11.681246	2.198377	0.951895	2.405153	2.926001	1.853280	0.160990	0.089116	-7.879327
-1.994305	-0.448294	-1.679953	3.110706	2.818958	2.031127	0.208370	0.110820	-7.867410
8.458257	-3.201026	-2.787131	3.589268	2.569759	2.190910	0.254551	0.131740	-7.855377
9.621941	-3.071503	-2.771431	3.601364	2.554924	2.197667	0.256601	0.132664	-7.854832
-9.597697	-2.909035	-2.749071	3.612492	2.539755	2.204391	0.258649	0.133587	-7.854286
9.387739	2.900968	-1.320600	3.642112	2.186878	2.326348	0.297559	0.151046	-7.843725
-4.314796	4.880473	0.936040	3.338052	1.732122	2.433494	0.335297	0.167870	-7.833076
-10.151958	0.635960	2.860029	2.604979	1.110822	2.537984	0.377147	0.186429	-7.820706
10.026327	-5.886070	3.419949	1.493941	0.417957	2.621663	0.417112	0.204091	-7.808220
10.925895	-5.970872	3.406958	1.435984	0.385891	2.624905	0.418850	0.204858	-7.807659
-7.470752	-6.023083	3.390415	1.377358	0.353755	2.628104	0.420584	0.205624	-7.807099
-11.587430	-1.818943	2.426500	0.142617	-0.279704	2.681631	0.453401	0.220115	-7.796170
12.091078	5.516448	0.534441	-1.149340	-0.916155	2.718582	0.484537	0.233888	-7.785153
-12.443794	3.915419	-2.136895	-2.471787	-1.626570	2.740108	0.518306	0.248900	-7.772299
-11.244421	0.684414	-4.153397	-3.335623	-2.276040	2.738263	0.549491	0.262897	-7.759327
11.896245	0.507122	-4.208676	-3.359581	-2.303836	2.737606	0.550859	0.263515	-7.758728
12.538087	0.323376	-4.259664	-3.381939	-2.331426	2.736899	0.552220	0.264131	-7.758130
-12.449900	-2.634259	-4.258301	-3.470724	-2.805534	2.714219	0.576608	0.275243	-7.746876
6.574174	-0.809146	-2.217007	-2.884948	-3.187184	2.673285	0.598898	0.285563	-7.735536
12.212096	1.475344	1.483820	-1.601652	-3.503985	2.602084	0.622163	0.296536	-7.722243
-12.362573	-1.557239	4.428040	-0.049518	-3.676371	2.504662	0.642635	0.306384	-7.708832
2.299032	-1.627183	4.491948	0.022781	-3.680743	2.499466	0.643522	0.306815	-7.708204
12.395183	-1.669704	4.546222	0.094761	-3.684782	2.494212	0.644403	0.307243	-7.707576
1.105961	1.610499	3.860499	1.337008	-3.698644	2.386565	0.659639	0.314710	-7.695913
-13.407413	3.349671	0.686459	2.316787	-3.594553	2.259740	0.672898	0.321297	-7.684163
13.996920	-4.787892	-3.323981	2.959853	-3.321425	2.090645	0.685873	0.327821	-7.670400
-1.920393	-0.775384	-4.673802	2.889167	-2.880885	1.901050	0.696304	0.333103	-7.656517
-14.238890	-0.309346	-4.662491	2.866340	-2.857243	1.892141	0.696712	0.333309	-7.655893
14.236103	0.168731	-4.645419	2.841709	-2.833250	1.883192	0.697115	0.333514	-7.655269
6.628122	7.700637	-3.324064	2.069246	-2.311991	1.704553	0.703920	0.336946	-7.643207
-10.955364	8.527797	-0.580586	0.917792	-1.698107	1.515091	0.708933	0.339415	-7.631054
-12.910364	-0.512444	3.146517	-0.529740	-0.909075	1.284236	0.712559	0.341047	-7.616841
8.765471	-9.013494	4.766979	-1.686559	-0.082115	1.044437	0.713895	0.341327	-7.602506
12.690119	-8.590511	4.739421	-1.726375	-0.043285	1.033052	0.713903	0.341306	-7.601833
-12.695399	-8.048776	4.700623	-1.764648	-0.004452	1.021647	0.713905	0.341283	-7.601159
13.036640	8.134577	2.211101	-2.201958	0.701606	0.809699	0.713092	0.340304	-7.588694
11.659918	5.149458	-2.294234	-2.180104	1.375639	0.595507	0.710660	0.338290	-7.576140
-14.691096	-4.789411	-4.918744	-1.683819	2.098411	0.347077	0.705833	0.334678	-7.561481
11.626049	2.601824	-0.626989	-0.829814	2.741247	0.101244	0.698840	0.329738	-7.546702
15.686996	2.727981	-0.326708	-0.785793	2.768783	0.089970	0.698463	0.329478	-7.546014
-12.858922	2.785915	-0.023102	-0.741580	2.796124	0.078701	0.698082	0.329215	-7.545326
-16.391665	-1.815139	4.880141	0.074579	3.264020	-0.128489	0.690119	0.323825	-7.532465
16.911235	-0.190661	5.125108	0.747070	3.645725	-0.329365	0.680520	0.317524	-7.519515
-17.432814	2.239164	1.345827	1.165354	3.965004	-0.551930	0.667315	0.309122	-7.504378
-8.305704	-3.460934	-2.239448	1.252049	4.135682	-0.761007	0.651870	0.299599	-7.489121
10.784979	-3.386978	-2.367091	1.249778	4.140040	-0.770920	0.651054	0.299104	-7.488369
18.065956	-3.235968	-2.489538	1.246993	4.144018	-0.780801	0.650232	0.298606	-7.487616
-18.659954	4.718668	-4.066331	1.125348	4.155075	-0.948263	0.635003	0.289506	-7.474431
16.054056	1.174049	-5.189805	0.900537	4.065345	-1.105998	0.618099	0.279665	-7.461157
19.923229	-6.330271	-5.495546	0.576492	3.852213	-1.276741	0.596291	0.267318	-7.445590
-20.234440	-1.512341	-4.051075	0.252584	3.542760	-1.432709	0.572178	0.254071	-7.429903
0.126170	-0.994272	-3.947971	0.238307	3.526565	-1.439511	0.571013	0.253441	-7.429179
20.238788	-0.470142	-3.842232	0.224103	3.510214	-1.446280	0.569843	0.252809	-7.428454
-13.040837	6.741085	-1.461703	-0.026264	3.176698	-1.567163	0.546946	0.240613	-7.414792
-19.567684	5.592059	1.303905	-0.234749	2.802808	-1.675648	0.522298	0.227826	-7.401041
18.729683	-5.382546	4.196466	-0.403878	2.336892	-1.785170	0.491496	0.212299	-7.384977
10.455333	-6.604790	5.868192	-0.472041	1.857184	-1.876256	0.458301	0.196084	-7.368794
-17.748235	-6.410506	5.900954	-0.472356	1.835012	-1.880009	0.456707	0.195318	-7.368042
17.706039	-6.201821	5.929205	-0.472400	1.812859	-1.883721	0.455107	0.194551	-7.367290
7.847453	-0.455081	5.709397	-0.425795	1.403570	-1.945199	0.424333	0.180003	-7.353224
-12.882060	5.706157	4.359156	-0.301121	1.001161	-1.991586	0.391749	0.165029	-7.339074
-15.651070	7.358899	1.970098	-0.093381	0.544447	-2.025632	0.351770	0.147223	-7.322600
15.079764	0.811881	-0.642904	0.137372	0.101571	-2.037729	0.309330	0.128958	-7.306020
-7.869583	0.547123	-0.754782	0.147138	0.082799	-2.037742	0.307438	0.128158	-7.305300
-15.033854	0.294313	-0.866371	0.156853	0.064063	-2.037713	0.305540	0.127358	-7.304580
14.600336	-3.887167	-3.001859	0.334391	-0.302164	-2.028005	0.266642	0.111204	-7.290147
11.731216	-9.001264	-4.832788	0.458857	-0.650171	-2.000560	0.225935	0.094797	-7.275642
-13.824047	-7.837771	-6.315213	0.495965	-1.025211	-1.946191	0.176851	0.075573	-7.258795
-6.713963	5.529125	-6.846506	0.375936	-1.369291	-1.867084	0.125999	0.056121	-7.241858
13.524288	6.019107	-6.847829	0.366254	-1.384143	-1.862936	0.123677	0.055241	-7.241094
-7.970265	6.473136	-6.847285	0.356171	-1.398956	-1.858734	0.121351	0.054360	-7.240329
-13.415748	10.151313	-6.500707	0.094670	-1.674958	-1.767887	0.076158	0.037357	-7.225578
12.257921	10.217078	-5.602928	-0.255029	-1.934896	-1.657843	0.030355	0.020271	-7.210766
14.173190	9.433084	-3.956554	-0.692051	-2.216545	-1.506939	-0.022747	0.000539	-7.193631
-15.492945	7.896879	-1.661488	-1.081865	-2.481581	-1.329780	-0.075752	-0.019192	-7.176422
15.572268	7.729808	-1.542833	-1.096901	-2.493165	-1.321178	-0.078128	-0.020080	-7.175646
10.975481	7.559348	-1.422827	-1.111666	-2.504729	-1.312516	-0.080505	-0.020968	-7.174868
-17.503973	3.460049	1.064053	-1.330055	-2.722382	-1.134920	-0.126020	-0.038050	-7.159860
0.765072	-2.771743	3.618444	-1.383324	-2.931228	-0.936899	-0.170745	-0.055042	-7.144801
21.932194	-6.783980	6.142313	-1.171551	-3.156865	-0.683349	-0.220832	-0.074439	-7.127409
-23.519717	-1.137863	7.403529	-0.613122	-3.339582	-0.402173	-0.268969	-0.093607	-7.109957
-10.970641	-0.679956	7.402534	-0.578808	-3.346297	-0.388796	-0.271094	-0.094468	-7.109166
23.610003	-0.227515	7.394940	-0.543685	-3.352853	-0.375362	-0.273214	-0.095328	-7.108375
1.624874	4.174064	5.731605	0.254859	-3.443131	-0.106335	-0.312985	-0.111775	-7.093115
-23.799257	2.109353	1.081641	1.153993	-3.446997	0.179366	-0.350554	-0.127958	-7.077816
23.192667	-2.479788	-4.843296	2.057665	-3.307711	0.516870	-0.390401	-0.146091	-7.060275
11.784431	2.533945	-6.880524	2.552190	-2.971603	0.853841	-0.426467	-0.163769	-7.042691
-22.500715	2.460309	-6.792604	2.560446	-2.950436	0.869284	-0.428044	-0.164579	-7.041872
2.980706	2.320173	-6.685050	2.567193	-2.928727	0.884707	-0.429612	-0.165388	-7.041053
21.963798	-3.249118	-2.153108	2.412936	-2.425923	1.167612	-0.457325	-0.180392	-7.025631
-19.562274	4.446282	3.328844	1.737081	-1.765668	1.431098	-0.481421	-0.194958	-7.010182
-20.626473	4.958992	5.795567	0.354510	-0.869730	1.699162	-0.504249	-0.211117	-6.992383
19.306943	-2.312148	1.439840	-1.459244	0.079270	1.917476	-0.521379	-0.226582	-6.974558
-3.692018	-2.722676	1.181155	-1.534060	0.118825	1.925378	-0.521968	-0.227216	-6.973807
-19.164641	-3.119623	0.921660	-1.608152	0.158284	1.933169	-0.522545	-0.227850	-6.973057
15.258338	-5.057850	-3.576522	-2.856251	0.937718	2.067270	-0.531944	-0.240596	-6.957578
15.690710	-0.283683	-4.088192	-3.159539	1.615487	2.145062	-0.536340	-0.252729	-6.942087
-14.140742	4.047303	-1.034810	-1.929490	2.232992	2.153939	-0.534784	-0.265901	-6.924228
1.946971	-4.079143	2.615263	0.162975	2.606515	2.064242	-0.525832	-0.278164	-6.906363
13.664032	-3.979862	2.668235	0.257331	2.616125	2.057811	-0.525270	-0.278684	-6.905573
-8.556623	-3.795175	2.706553	0.350963	2.625088	2.051167	-0.524695	-0.279203	-6.904784
-14.418321	4.782269	1.380128	1.953664	2.660186	1.876640	-0.510734	-0.288986	-6.889313
16.009319	-0.274198	-1.134556	2.821600	2.385110	1.619341	-0.491894	-0.298046	-6.873845
-17.142483	-6.100901	-1.626071	2.451934	1.642350	1.236672	-0.464542	-0.307585	-6.856007
-20.333668	5.099952	1.530296	0.508946	0.607325	0.785510	-0.431687	-0.316130	-6.838184
20.398752	5.254231	1.612181	0.417302	0.559013	0.764697	-0.430140	-0.316480	-6.837409
1.868775	5.323813	1.680425	0.326893	0.510579	0.743803	-0.428584	-0.316827	-6.836634
-21.274533	-2.001776	0.642385	-1.161444	-0.452894	0.313482	-0.395683	-0.323344	-6.821192
14.487424	-2.476002	-2.286294	-1.979583	-1.315637	-0.132397	-0.359420	-0.329089	-6.805769
21.512813	1.828250	-3.049286	-1.954873	-1.998491	-0.643948	-0.313986	-0.334730	-6.788050
-21.832950	-2.633528	1.493240	-0.915352	-2.192648	-1.130584	-0.265090	-0.339317	-6.770366
-7.320252	-3.092905	1.751196	-0.848340	-2.189836	-1.153652	-0.262583	-0.339517	-6.769489
21.903059	-3.538403	2.003037	-0.780698	-2.185934	-1.176582	-0.260070	-0.339714	-6.768613
-10.339182	-4.887248	5.059528	0.400543	-1.952826	-1.554198	-0.214992	-0.342738	-6.753297
-24.043339	1.999798	5.224136	1.186159	-1.449283	-1.875642	-0.168091	-0.344943	-6.738015
-8.864380	10.363572	1.855247	1.096351	-0.615705	-2.160920	-0.112354	-0.346453	-6.720491
25.982314	2.649904	-4.393292	0.289879	0.355703	-2.341138	-0.055190	-0.346850	-6.703024
-25.986649	1.506985	-4.655618	0.244813	0.401206	-2.346755	-0.052481	-0.346841	-6.702205
2.988365	0.312222	-4.908509	0.199625	0.446507	-2.352105	-0.049769	-0.346829	-6.701387
25.537475	-13.395748	-6.822539	-0.575522	1.218136	-2.400899	0.000850	-0.346162	-6.686219
-24.242361	12.851377	-1.827932	-1.001403	1.749833	-2.346655	0.051691	-0.344623	-6.671103
-19.957041	11.134613	5.800524	-1.007872	1.928753	-2.143166	0.109787	-0.341762	-6.653778
18.869260	-7.867999	6.912280	-0.709914	1.678397	-1.782223	0.166653	-0.337716	-6.636532
5.624438	-8.352023	6.738704	-0.693455	1.658612	-1.762512	0.169189	-0.337504	-6.635753
-18.572010	-8.753450	6.543852	-0.676901	1.638187	-1.742537	0.171720	-0.337290	-6.634973
15.656841	-3.041979	0.001065	-0.322061	1.140630	-1.315427	0.219196	-0.332715	-6.620096
7.628401	6.652104	-6.266395	0.175269	0.497894	-0.822515	0.264521	-0.327225	-6.605287
-10.383931	3.150470	-5.054977	0.975970	-0.312232	-0.210847	0.313381	-0.319749	-6.588312
2.303968	-7.038093	1.185782	1.764844	-1.072602	0.404968	0.357838	-0.311025	-6.571439
3.743657	-6.769086	1.481440	1.795830	-1.104779	0.433127	0.359796	-0.310586	-6.570653
9.014433	-6.375668	1.771427	1.826018	-1.136549	0.461194	0.361742	-0.310145	-6.569866
-9.174417	7.135279	4.823921	2.198643	-1.636457	0.960009	0.395627	-0.301455	-6.555332
10.295288	-6.643265	1.320058	2.078860	-1.926407	1.402853	0.424977	-0.291803	-6.540884
6.167390	-5.198420	-4.196172	1.127100	-1.988047	1.822684	0.452507	-0.279451	-6.524320
-13.635808	4.255749	-3.938208	-0.721338	-1.783601	2.138403	0.472444	-0.265786	-6.507880
13.678492	4.347527	-3.750827	-0.818692	-1.768301	2.150512	0.473169	-0.265121	-6.507122
9.463961	4.357950	-3.547795	-0.916455	-1.752502	2.162409	0.473877	-0.264454	-6.506364
-13.963866	-3.299009	1.519765	-2.666693	-1.371347	2.345111	0.483668	-0.251414	-6.492221
0.677579	-3.861003	4.017596	-3.752183	-0.845459	2.452855	0.486518	-0.237361	-6.478179
12.586137	4.159870	2.167459	-3.486310	-0.103491	2.486529	0.480505	-0.219916	-6.462134
-11.751677	5.449080	-2.152251	-1.885718	0.694242	2.425838	0.464123	-0.201201	-6.446237
-9.723526	4.916846	-2.341045	-1.788692	0.730632	2.420796	0.463129	-0.200310	-6.445509
10.414803	4.339680	-2.525201	-1.690030	0.766912	2.415556	0.462114	-0.199417	-6.444781
11.411764	-6.736060	-4.409143	0.416147	1.415609	2.280472	0.439379	-0.182174	-6.431146
-11.611690	-6.699652	-1.797335	2.741952	1.954497	2.076512	0.410171	-0.164141	-6.417632
12.311026	6.591499	3.786778	4.868478	2.352376	1.756335	0.369283	-0.142438	-6.402181
7.012873	-5.589588	4.621480	5.358371	2.407523	1.350186	0.321726	-0.119910	-6.386902
-13.186293	-5.902477	4.491569	5.324431	2.400001	1.330096	0.319437	-0.118875	-6.386216
13.219541	-6.124436	4.346135	5.285093	2.391550	1.309887	0.317139	-0.117839	-6.385531
3.883617	1.008365	-0.395339	3.647188	2.064052	0.898102	0.270818	-0.097644	-6.372411
-14.023423	6.447569	-4.422024	0.956371	1.483750	0.454548	0.221026	-0.077018	-6.359430
14.161825	-7.725879	-3.420866	-2.345103	0.615682	-0.074830	0.160168	-0.052795	-6.344628
3.601385	3.377474	1.056624	-4.909097	-0.335273	-0.598538	0.096675	-0.028240	-6.330022
2.518468	4.170509	1.263065	-4.995956	-0.379323	-0.622363	0.093672	-0.027090	-6.329346
-14.097946	4.939919	1.464876	-5.079242	-0.423245	-0.646118	0.090665	-0.025940	-6.328671
11.156289	10.852018	3.663350	-5.869091	-1.196515	-1.070113	0.034508	-0.004580	-6.316248
13.465957	-2.322580	1.725019	-5.057265	-1.844596	-1.452486	-0.022061	0.016839	-6.303979
-12.743091	-11.241898	-2.094964	-2.734807	-2.402077	-1.821304	-0.087131	0.041583	-6.289978
-2.788321	8.627129	-3.033138	0.135938	-2.751736	-2.086761	-0.150780	0.066165	-6.276195
11.723029	9.292509	-2.998948	0.265023	-2.762780	-2.095980	-0.153629	0.067279	-6.275572
-6.834925	9.871009	-2.959051	0.393428	-2.773407	-2.104935	-0.156475	0.068393	-6.274949
-10.717207	9.790009	-1.355661	2.652140	-2.895387	-2.220602	-0.209533	0.089477	-6.263178
9.858287	4.591424	1.001450	4.414353	-2.860981	-2.225870	-0.259955	0.110247	-6.251579
-7.300115	-0.846511	3.064335	5.556158	-2.597668	-2.108759	-0.313757	0.133573	-6.238491
-10.041542	-2.828339	2.656532	5.501853	-2.054365	-1.881227	-0.362793	0.156247	-6.225641
10.110627	-2.772053	2.542080	5.467693	-2.021095	-1.868100	-0.364988	0.157301	-6.225039
7.618625	-2.678699	2.417756	5.430689	-1.987125	-1.854777	-0.367172	0.158354	-6.224438
-12.139930	2.055211	-0.864239	4.304874	-1.253942	-1.577678	-0.405220	0.177384	-6.213474
17.356324	1.518092	-3.665291	2.555336	-0.374876	-1.249714	-0.439083	0.195731	-6.202698
18.512977	-2.650132	-4.208599	0.172406	0.711435	-0.825131	-0.472752	0.216026	-6.190451
-21.519936	1.293895	-1.058985	-2.121075	1.740715	-0.374325	-0.500060	0.235161	-6.178468
3.815187	1.764374	-0.864787	-2.214483	1.783408	-0.353837	-0.501130	0.235990	-6.177936
21.727159	2.235192	-0.668504	-2.306739	1.825701	-0.333343	-0.502187	0.236818	-6.177405
-12.543657	6.925571	3.076881	-3.794246	2.540939	0.056941	-0.519738	0.252134	-6.167354
-23.758966	6.904945	5.353602	-4.562846	3.023646	0.434135	-0.532058	0.266437	-6.157505
24.152387	6.026626	4.253609	-4.336051	3.235317	0.837237	-0.539501	0.281709	-6.146317
-0.633469	-1.359569	0.429548	-3.174551	3.113018	1.182631	-0.539253	0.295482	-6.135415
-24.860929	-2.241084	0.209761	-3.100633	3.099514	1.197800	-0.539039	0.296118	-6.134889
1.125059	-3.190638	-0.011343	-3.025422	3.085348	1.212806	-0.538806	0.296750	-6.134363
26.104220	-13.063735	-3.818543	-1.551638	2.736214	1.448172	-0.531582	0.307277	-6.125252
-27.785279	14.830023	-6.277373	0.041814	2.216656	1.630616	-0.518329	0.316731	-6.116362
-15.893575	5.787735	-4.957760	1.730366	1.436339	1.776205	-0.495131	0.326402	-6.106302
31.027441	-17.586442	-0.557154	2.948745	0.510210	1.850094	-0.463340	0.334678	-6.096551
0.490892	-17.816310	-0.306871	2.991108	0.462008	1.851866	-0.461562	0.335047	-6.096083
-31.065259	-17.863084	-0.055573	3.031587	0.413604	1.853466	-0.459764	0.335412	-6.095615
30.686438	2.912255	4.047354	3.398083	-0.464825	1.853611	-0.424650	0.341318	-6.087514
-4.617561	17.457241	5.664586	2.958756	-1.350149	1.800840	-0.382963	0.346235	-6.079649
-26.698831	8.180500	2.639729	1.433286	-2.248451	1.680730	-0.329463	0.350567	-6.071185
23.661974	-13.603567	-1.973436	-0.535320	-2.948324	1.497112	-0.269467	0.353728	-6.063023
-20.385481	8.410713	-4.190174	-2.154607	-3.347424	1.237901	-0.200835	0.355811	-6.054800
-7.637629	8.563952	-2.936917	-2.610779	-3.278440	0.912231	-0.127580	0.356666	-6.046920
17.309848	7.750642	-2.784986	-2.606265	-3.262038	0.895805	-0.124140	0.356676	-6.046568
-2.099901	6.883316	-2.624862	-2.599895	-3.244410	0.879249	-0.120694	0.356684	-6.046217
-15.233027	-7.172612	0.866623	-2.158969	-2.704465	0.545609	-0.054476	0.356364	-6.039721
13.966644	4.996314	2.504083	-1.208010	-1.852361	0.183430	0.013311	0.355171	-6.033490
-0.046056	7.232407	1.767917	0.266568	-0.639312	-0.247248	0.092197	0.352745	-6.026652
-14.222272	-4.309895	-0.281933	1.594703	0.649584	-0.668622	0.170802	0.349217	-6.020176
14.288670	-4.935571	-0.375926	1.642634	0.710966	-0.688410	0.174590	0.349018	-6.019871
13.081136	-5.522892	-0.467211	1.688326	0.772079	-0.708113	0.178375	0.348817	-6.019567
-5.750775	-9.070772	-1.319409	2.025358	1.792500	-1.041641	0.244963	0.344812	-6.014294
-17.557091	-1.331532	-0.255983	1.320239	2.614509	-1.331209	0.309485	0.340027	-6.009300
18.459702	9.652782	1.166743	-0.140449	3.232858	-1.590936	0.380799	0.333508	-6.003849
2.608305	-5.685235	0.363716	-1.380464	3.403867	-1.743642	0.446931	0.325983	-5.998777
-17.022536	-6.162927	0.293122	-1.421408	3.399776	-1.747460	0.449670	0.325633	-5.998565
16.892429	-6.570527	0.221276	-1.461013	3.394671	-1.751027	0.452395	0.325281	-5.998353
14.465915	-7.968184	-1.172908	-1.935260	3.076625	-1.772403	0.503896	0.317917	-5.994306
-8.945267	-5.027562	-1.747401	-1.682402	2.339672	-1.707404	0.550214	0.309835	-5.990538
5.023279	-0.808275	-1.293096	-0.456877	1.052247	-1.539269	0.597329	0.299586	-5.986520
-4.057694	4.872811	0.513218	1.145956	-0.436700	-1.288840	0.637345	0.288413	-5.982875
-1.123333	4.439269	0.629724	1.213846	-0.503116	-1.276004	0.638969	0.287892	-5.982720
0.910703	3.946542	0.748886	1.280789	-0.569249	-1.263051	0.640577	0.287369	-5.982567
6.438459	-4.920957	2.892287	2.295431	-1.756626	-0.991624	0.668721	0.276977	-5.979758
0.333814	-2.105853	3.134702	2.469815	-2.674927	-0.685551	0.691571	0.265934	-5.977223
-16.939276	6.702710	1.375504	1.339678	-3.322721	-0.301392	0.711451	0.252295	-5.974616
22.338011	4.354187	-1.646469	-0.581550	-3.512861	0.095829	0.724102	0.237818	-5.972375
-6.238502	3.815438	-1.781567	-0.671636	-3.510761	0.113536	0.724497	0.237154	-5.972284
-22.705189	3.251519	-1.915081	-0.761475	-3.507763	0.131232	0.724877	0.236488	-5.972193
24.991600	-6.729934	-3.907492	-2.343529	-3.274054	0.469998	0.729392	0.223289	-5.970581
24.871262	-8.986921	-3.722730	-3.300442	-2.710832	0.795753	0.728456	0.209521	-5.969237
-19.875545	7.868419	4.112961	-2.147313	-0.340127	1.467435	0.704240	0.174867	-5.967122
-15.570713	4.339700	-0.240401	2.483710	2.323902	1.910803	0.648585	0.137735	-5.966495
11.559621	0.712731	-0.437788	2.580641	2.373754	1.917093	0.647020	0.136903	-5.966498
-9.853963	-2.956004	-0.635999	2.676110	2.422978	1.923217	0.645441	0.136071	-5.966501
-11.250270	-5.693568	-0.842286	2.773527	2.473374	1.929396	0.643788	0.135208	-5.966505
11.098521	-6.203304	-1.048971	2.869182	2.523064	1.935395	0.642120	0.134344	-5.966510
-5.239479	-4.402971	-1.263051	2.966282	2.573763	1.941419	0.640376	0.133449	-5.966516
-10.802549	-1.527229	-1.476464	3.061344	2.623705	1.947253	0.638615	0.132552	-5.966523
2.840688	6.584585	-3.879907	4.131324	3.243643	2.009055	0.611513	0.119627	-5.966708
9.477309	-4.860126	-3.786407	4.517171	3.648626	2.027619	0.580841	0.106508	-5.967055
-10.065278	-11.883156	3.537813	2.406006	3.450488	1.827920	0.471760	0.067086	-5.969009
-18.832682	15.018941	2.611170	-2.443470	1.825033	1.324665	0.338530	0.026640	-5.972343
18.886973	8.887587	2.424593	-2.546001	1.779543	1.310804	0.335331	0.025731	-5.972433
-18.937479	2.790254	2.231161	-2.647296	1.733805	1.296846	0.332123	0.024822	-5.972524
-11.930884	-3.109377	2.017766	-2.754121	1.684657	1.281820	0.328685	0.023850	-5.972621
15.345697	-8.211159	1.798467	-2.859384	1.635249	1.266686	0.325236	0.022878	-5.972720
19.260536	-14.735731	-1.741150	-4.283622	0.807066	1.006951	0.267861	0.007057	-5.974424
-18.800825	-5.414612	-3.215420	-4.941934	-0.034009	0.724984	0.208124	-0.008813	-5.976331
17.791039	-2.303523	-2.420586	-4.307134	-1.064908	0.339302	0.128329	-0.029253	-5.979083
11.893334	7.418795	0.134753	-2.305285	-1.999867	-0.060312	0.045854	-0.049670	-5.982167
-12.431217	7.615077	0.277728	-2.192247	-2.039615	-0.078750	0.042021	-0.050604	-5.982316
-16.813278	7.732081	0.422280	-2.077959	-2.079048	-0.097190	0.038184	-0.051538	-5.982466
16.442253	-1.163487	3.001775	0.235077	-2.762956	-0.447157	-0.035638	-0.069298	-5.985457
-4.779763	-3.076978	3.360022	2.437033	-3.292437	-0.788470	-0.110466	-0.086952	-5.988700
-16.944561	1.702647	-0.556460	4.178986	-3.661844	-1.160093	-0.197392	-0.107126	-5.992749
9.843820	-1.569528	-3.650504	4.492940	-3.725756	-1.495676	-0.284333	-0.127048	-5.997130
17.652747	-1.631176	-3.684843	4.457215	-3.719854	-1.513227	-0.289213	-0.128160	-5.997386
-17.691237	-1.638968	-3.698650	4.415201	-3.712948	-1.530621	-0.294091	-0.129272	-5.997643
18.577910	2.416200	-1.915385	3.119430	-3.497383	-1.773920	-0.367382	-0.145932	-6.001657
18.640722	0.850486	1.573221	1.045615	-3.109508	-1.980741	-0.439681	-0.162326	-6.005907
-18.888407	-5.234083	4.317582	-1.468676	-2.504880	-2.178417	-0.522551	-0.181147	-6.011186
-0.590255	3.691071	2.936971	-3.210021	-1.816256	-2.330487	-0.602763	-0.199494	-6.016787
18.838858	4.176443	2.801793	-3.263201	-1.785623	-2.336116	-0.606186	-0.200282	-6.017038
-2.165976	4.647240	2.662346	-3.314430	-1.754993	-2.341664	-0.609602	-0.201068	-6.017290
-18.567029	7.720929	-0.699809	-3.918025	-1.154885	-2.435743	-0.676325	-0.216537	-6.022440
18.188854	-3.612243	-4.010193	-3.695599	-0.603294	-2.499401	-0.740006	-0.231561	-6.027830
13.521971	-7.869263	-5.140707	-2.454758	-0.036804	-2.537384	-0.809077	-0.248284	-6.034343
-17.524628	-2.446802	-1.518340	-0.484884	0.457301	-2.540027	-0.872789	-0.264304	-6.041171
17.522066	-2.050392	-1.290739	-0.389568	0.477697	-2.539365	-0.875495	-0.265001	-6.041483
12.466211	-1.645364	-1.061006	-0.294119	0.497954	-2.538639	-0.878190	-0.265697	-6.041796
-16.927835	5.445776	3.210210	1.497389	0.863743	-2.512051	-0.928018	-0.278891	-6.047984
-17.868728	4.677396	5.404415	2.866370	1.178748	-2.462776	-0.973025	-0.291470	-6.054407
18.167225	-2.425051	4.368885	3.492052	1.481207	-2.379563	-1.018839	-0.305176	-6.062109
-0.785650	1.218551	0.996551	3.215618	1.720201	-2.269947	-1.058201	-0.317955	-6.070119
-18.262393	1.373990	0.862855	3.185131	1.729795	-2.264237	-1.059878	-0.318526	-6.070499
18.257638	1.501486	0.735991	3.153280	1.739256	-2.258474	-1.061541	-0.319094	-6.070880
5.719782	-0.344731	-0.568596	2.341156	1.893058	-2.141564	-1.090093	-0.329297	-6.078099
-17.532641	-2.312846	-1.010917	1.225379	2.010245	-2.007532	-1.114059	-0.338715	-6.085546
13.828241	4.044829	-2.093688	-0.219952	2.111446	-1.834244	-1.136057	-0.348503	-6.094371
15.993562	5.693572	-3.559644	-1.608595	2.190399	-1.641831	-1.152353	-0.357150	-6.103494
-15.956404	5.326243	-3.626611	-1.668137	2.193782	-1.632385	-1.152980	-0.357526	-6.103928
-4.656865	4.911226	-3.692788	-1.726996	2.197147	-1.622902	-1.153594	-0.357899	-6.104363
11.274255	-6.705039	-4.534134	-2.669429	2.258722	-1.438982	-1.162868	-0.364381	-6.112611
14.736948	-8.632913	-3.716639	-3.229295	2.324140	-1.243172	-1.168046	-0.369901	-6.121084
-14.360922	9.306437	-0.147206	-3.374831	2.417730	-1.005982	-1.169098	-0.374992	-6.131059
14.322490	-2.667936	2.866435	-3.000504	2.546119	-0.756637	-1.165102	-0.378728	-6.141327
13.056906	-3.457476	2.957216	-2.969507	2.552861	-0.744536	-1.164788	-0.378872	-6.141821
-14.339749	-4.201079	3.042255	-2.937264	2.559645	-0.732404	-1.164464	-0.379013	-6.142316
9.549361	-8.672979	3.409255	-2.127818	2.687169	-0.506809	-1.156578	-0.381065	-6.151486
15.160426	-1.787873	1.452163	-0.935590	2.810083	-0.274767	-1.145026	-0.382137	-6.160872
-11.831596	7.247658	-1.460169	0.627510	2.924986	0.000422	-1.127141	-0.382187	-6.172012
-16.326822	4.936332	-2.478317	1.994872	2.986025	0.280795	-1.104495	-0.380995	-6.183440
16.343625	4.386899	-2.473500	2.047224	2.987123	0.293864	-1.103334	-0.380911	-6.183976
-3.011734	3.801203	-2.464618	2.098335	2.988048	0.306931	-1.102163	-0.380824	-6.184512
-16.512581	-6.372393	-1.675828	2.839339	2.970179	0.552873	-1.078386	-0.378724	-6.194667
16.370463	0.035796	-0.201134	3.190892	2.873697	0.800537	-1.051159	-0.375751	-6.205034
16.276725	6.202484	1.217456	3.151137	2.648380	1.085982	-1.015730	-0.371297	-6.217191
-14.643432	-5.517311	1.399918	2.672728	2.303173	1.370197	-0.975909	-0.365768	-6.229621
13.962390	-5.827160	1.383052	2.641166	2.284666	1.383237	-0.973963	-0.365487	-6.230203
14.506593	-6.077219	1.364586	2.608865	2.265969	1.396257	-0.972009	-0.365204	-6.230784
-13.027441	-3.445470	0.783637	1.874941	1.877691	1.639460	-0.933330	-0.359439	-6.241892
-9.478323	2.872962	0.000707	0.977777	1.436241	1.874673	-0.891417	-0.352911	-6.253206
10.479905	4.940942	-0.696819	-0.119724	0.888083	2.130501	-0.839405	-0.344515	-6.266440
-1.279695	-2.119033	-0.803628	-1.140881	0.322270	2.366533	-0.783288	-0.335190	-6.279939
-10.812750	-2.471948	-0.795190	-1.183364	0.296338	2.376809	-0.780615	-0.334740	-6.280565
10.872966	-2.809464	-0.785767	-1.225338	0.270430	2.387033	-0.777934	-0.334289	-6.281191
7.134801	-3.621905	-0.447314	-1.909040	-0.212272	2.570169	-0.725548	-0.325386	-6.293164
-15.264973	0.485395	0.088196	-2.341301	-0.666856	2.731003	-0.670178	-0.315838	-6.305333
2.667292	2.501687	0.651241	-2.501325	-1.130428	2.883986	-0.602973	-0.304112	-6.319550
19.867791	0.039248	0.857606	-2.291630	-1.508301	2.998320	-0.531985	-0.291611	-6.334020
-19.898882	-0.175917	0.856181	-2.272861	-1.523340	3.002545	-0.528649	-0.291021	-6.334688
7.100899	-0.377824	0.853759	-2.253265	-1.538188	3.006680	-0.525304	-0.290430	-6.335357
19.589186	-1.903647	0.626667	-1.739714	-1.781742	3.067314	-0.460083	-0.278869	-6.348201
-0.920379	-1.971779	0.093483	-1.018751	-1.947464	3.091189	-0.392108	-0.266778	-6.361234
-15.516113	-0.867389	-0.746136	-0.061551	-2.035938	3.069187	-0.310979	-0.252318	-6.376384
13.002605	2.128475	-1.379081	0.859962	-2.010882	2.990786	-0.226445	-0.237237	-6.391777
6.560034	2.322113	-1.394680	0.898409	-2.006985	2.985847	-0.222505	-0.236534	-6.392486
-12.802878	2.509761	-1.408734	0.936416	-2.002847	2.980791	-0.218559	-0.235829	-6.393195
2.374693	3.169863	-1.322311	1.564295	-1.877920	2.862285	-0.141916	-0.222139	-6.406851
10.381714	0.151427	-0.493880	1.958189	-1.667469	2.704762	-0.063153	-0.208036	-6.420684
-10.470147	-3.864361	0.868069	2.033992	-1.324298	2.481138	0.029334	-0.191411	-6.436745
-10.658345	-5.190566	1.927625	1.618312	-0.883084	2.216756	0.123842	-0.174325	-6.453027
10.698704	-5.135344	1.955646	1.587106	-0.861632	2.204049	0.128116	-0.173550	-6.453762
-6.018571	-5.059802	1.981526	1.554781	-0.840070	2.191272	0.132393	-0.172773	-6.454497
-11.753459	0.089761	2.052136	0.734273	-0.404545	1.929082	0.216310	-0.157490	-6.468899
12.871112	6.267371	1.250366	-0.308630	0.038130	1.644178	0.301162	-0.141919	-6.483462
10.809611	-1.464884	-0.576582	-1.477941	0.512729	1.294087	0.399323	-0.123736	-6.500364
-13.676987	-6.880622	-2.077407	-2.270516	0.904599	0.924562	0.497952	-0.105254	-6.517467
13.639480	-6.617346	-2.112453	-2.292016	0.919872	0.907136	0.502507	-0.104395	-6.518260
12.661466	-6.308621	-2.143489	-2.311905	0.934860	0.889681	0.507063	-0.103536	-6.519055
-12.318262	2.880035	-2.088518	-2.351568	1.160303	0.555442	0.593031	-0.087208	-6.534126
-10.847801	6.907134	-1.139101	-1.713557	1.269907	0.215107	0.678751	-0.070718	-6.549341
8.501433	4.465795	0.579243	-0.422452	1.268604	-0.171700	0.775076	-0.051904	-6.566719
6.070113	-1.333939	2.055068	1.104425	1.159754	-0.555972	0.870345	-0.032960	-6.584270
-8.235580	-6.202776	2.138365	2.471580	0.972514	-0.929706	0.963222	-0.014120	-6.601806
8.549488	-2.667651	0.247803	3.342101	0.732378	-1.292740	1.054300	0.004768	-6.619498
11.836897	-2.006258	0.129326	3.366749	0.719874	-1.309957	1.058653	0.005682	-6.620358
-12.085545	-1.299197	0.010251	3.389555	0.707319	-1.327127	1.062998	0.006595	-6.621217
13.645518	5.551861	-2.086156	3.433287	0.456928	-1.651092	1.145812	0.024225	-6.637875
22.652955	-3.738952	-2.629529	2.586047	0.202788	-1.958547	1.226397	0.041827	-6.654661
-22.807136	-4.545660	-2.587159	2.518420	0.190546	-1.973077	1.230269	0.042685	-6.655484
7.671814	-5.301973	-2.537062	2.448312	0.178339	-1.987548	1.234132	0.043543	-6.656306
21.354479	5.080411	3.544656	-1.795182	-0.299601	-2.562164	1.394825	0.080412	-6.692133
-4.360954	3.090091	4.405494	-4.629085	-0.591559	-3.015953	1.541205	0.116698	-6.728464
-13.681624	1.229323	4.251210	-4.653496	-0.595070	-3.024790	1.544405	0.117530	-6.729312
9.894289	-0.729232	4.087124	-4.675709	-0.598406	-3.033538	1.547593	0.118361	-6.730159
13.410402	-2.933353	3.885177	-4.698670	-0.602045	-3.043545	1.551266	0.119320	-6.731139
-13.274050	-4.846116	3.670015	-4.718739	-0.605450	-3.053442	1.554927	0.120279	-6.732119
11.511850	0.257107	-0.664189	-4.676632	-0.629083	-3.188687	1.608378	0.134602	-6.746883
11.589335	4.171264	-5.053109	-4.003135	-0.605783	-3.298612	1.658818	0.148764	-6.761724
-12.011469	-3.477977	-6.236793	-2.246491	-0.519897	-3.404208	1.719622	0.166915	-6.781145
6.825978	2.943023	0.263381	0.223505	-0.388670	-3.470046	1.774597	0.184722	-6.800692
12.745943	2.959807	0.659782	0.345872	-0.381807	-3.472182	1.776993	0.185537	-6.801599
-10.221615	2.900904	1.057368	0.468363	-0.374893	-3.474238	1.779375	0.186350	-6.802507
-13.190223	-3.153897	7.331447	2.706554	-0.238270	-3.498724	1.821294	0.201354	-6.819458
13.320555	1.459219	8.148554	4.575350	-0.094989	-3.498517	1.858571	0.216042	-6.836498
-6.765441	5.555642	3.465514	5.878929	0.063556	-3.470499	1.896012	0.232621	-6.856334
-13.216861	-1.084585	-3.548593	6.382078	0.196611	-3.416148	1.927438	0.248704	-6.876284
10.952808	-1.733501	-3.869918	6.390325	0.201945	-3.412996	1.928773	0.249450	-6.877228
13.228466	-2.392107	-4.187144	6.397384	0.207180	-3.409794	1.930096	0.250194	-6.878172
-13.473418	-8.787170	-8.780541	6.346056	0.284923	-3.342449	1.952093	0.263664	-6.895572
-4.908226	1.537203	-9.925580	6.056738	0.327212	-3.260666	1.969747	0.276704	-6.913054
14.360613	10.068117	-8.065868	5.589095	0.337360	-3.151121	1.984859	0.291223	-6.933387
-3.619985	-4.183989	-4.586654	5.039945	0.313708	-3.028921	1.994383	0.305092	-6.953826
-14.679390	-4.667430	-4.389250	5.011767	0.311826	-3.022698	1.994707	0.305750	-6.954824
11.876997	-5.070756	-4.189391	4.983469	0.309881	-3.016448	1.995017	0.306407	-6.955823
14.687829	-5.375349	-0.387551	4.472373	0.266158	-2.902560	1.998376	0.317717	-6.973477
-14.482659	-7.540866	3.527854	3.954506	0.206992	-2.782073	1.997776	0.328499	-6.991206
14.152850	-3.300844	7.443912	3.375336	0.123463	-2.634468	1.992197	0.340343	-7.011897
1.636811	4.271438	9.875261	2.855432	0.029247	-2.479435	1.981464	0.351437	-7.032683
-13.993146	4.177378	9.943812	2.831352	0.024292	-2.471402	1.980785	0.351979	-7.033738
-10.985591	4.001647	10.006186	2.807522	0.019323	-2.463352	1.980093	0.352519	-7.034793
14.225532	-2.917998	9.871754	2.451512	-0.066459	-2.323910	1.966350	0.361399	-7.052782
-14.838262	0.829569	7.042995	2.202245	-0.152225	-2.180111	1.948916	0.369710	-7.070840
-10.669806	1.371215	1.361645	1.936829	-0.247189	-2.008328	1.924100	0.378654	-7.091892
17.326369	-1.217800	-5.259831	1.532574	-0.331966	-1.832146	1.894442	0.386847	-7.113032
12.334277	-1.200375	-5.527593	1.506560	-0.335707	-1.823543	1.892889	0.387224	-7.114055
-17.463929	-1.158960	-5.785632	1.479819	-0.339408	-1.814937	1.891326	0.387598	-7.115077
19.362006	1.567736	-8.267403	0.856316	-0.398515	-1.660158	1.861593	0.393993	-7.133343
19.598690	0.925283	-5.792870	-0.083227	-0.442163	-1.503277	1.828380	0.399845	-7.151669
-19.367465	-3.474179	1.041987	-1.469705	-0.468846	-1.319109	1.785499	0.405970	-7.173028
-19.508432	4.646565	6.560058	-3.006568	-0.464539	-1.133581	1.738062	0.411380	-7.194464
19.449524	4.872662	6.697426	-3.080797	-0.463465	-1.124692	1.735681	0.411621	-7.195491
-4.941032	5.034201	6.819013	-3.154950	-0.462307	-1.115802	1.733291	0.411861	-7.196517
-17.839559	-0.166162	6.572501	-4.454550	-0.426397	-0.954401	1.688230	0.415918	-7.215141
15.924010	-7.508147	3.231223	-5.559541	-0.360617	-0.791775	1.639859	0.419455	-7.233820
7.568581	0.573710	-1.647775	-6.380184	-0.244524	-0.600896	1.579836	0.422905	-7.255493
-13.518447	9.759426	-4.892174	-6.468185	-0.082380	-0.405643	1.515519	0.425677	-7.277235
9.111008	9.783100	-4.958846	-6.449912	-0.073503	-0.396268	1.512370	0.425791	-7.278265
13.566608	9.777599	-5.015710	-6.429403	-0.064517	-0.386879	1.509211	0.425905	-7.279296
-14.811313	7.267753	-4.580569	-5.693738	0.114951	-0.213948	1.450227	0.427698	-7.298037
4.132700	-3.282721	-2.245604	-4.395414	0.316079	-0.035661	1.388178	0.429005	-7.316826
20.026711	-11.153425	1.155915	-2.419455	0.559585	0.179966	1.312111	0.429923	-7.338766
-6.682448	0.608630	3.495779	-0.221961	0.792658	0.405602	1.232022	0.430199	-7.360766
-22.431144	1.452715	3.557531	-0.115996	0.803207	0.416701	1.228081	0.430196	-7.361822
22.504343	2.294726	3.613640	-0.010289	0.813674	0.427820	1.224133	0.430192	-7.362878
-6.889306	10.760312	3.527255	1.810927	0.985666	0.631596	1.151915	0.429874	-7.381813
-22.967026	4.843881	1.339299	3.361548	1.119139	0.844879	1.076835	0.429097	-7.400789
22.094979	-9.361666	-1.607615	4.545732	1.205888	1.094710	0.989918	0.427701	-7.421967
-21.027954	5.237660	-2.811734	4.918304	1.209354	1.358778	0.899574	0.425753	-7.443194
-7.777932	7.163291	-1.747445	4.287024	1.110192	1.649827	0.801539	0.423137	-7.465431
19.830371	-2.006317	0.835291	2.912539	0.917456	1.949733	0.699904	0.419937	-7.487717
-4.666865	-2.324263	0.954662	2.838151	0.906615	1.963630	0.695137	0.419776	-7.488744
-19.845224	-2.623416	1.071978	2.763108	0.895614	1.977528	0.690363	0.419613	-7.489772
20.274361	-5.202137	2.557684	1.282399	0.662136	2.237309	0.599570	0.416346	-7.509037
1.680473	-1.209491	2.025210	-0.199763	0.383806	2.493118	0.506200	0.412659	-7.528334
-20.841954	4.309039	-0.043388	-1.733051	0.018266	2.779534	0.394594	0.407859	-7.550784
10.450388	1.571465	-1.935303	-2.874659	-0.376932	3.048066	0.279656	0.402512	-7.573272
19.198548	1.197072	-1.998695	-2.914026	-0.395332	3.059739	0.274354	0.402256	-7.574295
-19.073238	0.805960	-2.059523	-2.952179	-0.413771	3.071368	0.269041	0.401998	-7.575319
7.050947	-4.284856	-2.614027	-3.415842	-0.765576	3.280948	0.167207	0.396921	-7.594715
12.020624	-4.133991	-1.890023	-3.344161	-1.114502	3.467545	0.063009	0.391452	-7.614135
8.113466	2.392052	-0.244762	-2.709248	-1.494681	3.649205	-0.060494	0.384642	-7.636644
-5.904497	3.887055	1.059437	-1.674274	-1.824534	3.787630	-0.186982	0.377326	-7.659183
5.886856	3.518236	1.089235	-1.622733	-1.837472	3.792617	-0.192607	0.376993	-7.660175
-1.811425	3.134225	1.116129	-1.570825	-1.850260	3.797507	-0.198238	0.376658	-7.661167
-6.923386	-3.195219	1.350811	-0.494229	-2.068987	3.873304	-0.310629	0.369854	-7.680795
9.521055	-1.155746	1.782565	0.586658	-2.210749	3.906143	-0.424768	0.362680	-7.700443
13.490861	1.609056	2.581607	1.661145	-2.257241	3.885892	-0.557534	0.354002	-7.723017
-16.584146	-1.401175	2.920809	2.366213	-2.160064	3.802530	-0.691701	0.344857	-7.745612
-10.359395	-1.143936	2.885273	2.387279	-2.151510	3.796986	-0.698152	0.344407	-7.746694
16.786507	-0.856737	2.843137	2.407048	-2.142585	3.791301	-0.704605	0.343957	-7.747777
-9.253389	1.957077	1.315895	2.551047	-1.914832	3.664538	-0.821743	0.335619	-7.767386
-17.717043	-0.918551	-0.567734	2.332448	-1.560964	3.494132	-0.939200	0.326945	-7.787009
17.116078	-4.449921	-2.196163	1.739413	-1.024175	3.247137	-1.074994	0.316503	-7.809716
-12.835472	5.806231	-2.788026	0.916205	-0.393237	2.952094	-1.210264	0.305630	-7.832437
-16.701931	5.650819	-2.802313	0.875205	-0.362750	2.937493	-1.216452	0.305120	-7.833480
1.454455	5.373171	-2.816173	0.834005	-0.332142	2.922794	-1.222642	0.304610	-7.834524
16.931107	-6.716264	-2.801444	0.033003	0.258672	2.629458	-1.338989	0.294809	-7.854230
-17.672549	2.592020	-1.833757	-0.781565	0.854441	2.308515	-1.454193	0.284699	-7.873941
-6.395333	7.100178	0.045656	-1.661655	1.506629	1.911036	-1.584568	0.272724	-7.896568
19.565713	-1.393230	1.875441	-2.399429	2.083112	1.487751	-1.712513	0.260359	-7.919201
-0.128490	-1.956149	1.939194	-2.428036	2.106703	1.468074	-1.718238	0.259791	-7.920225
-19.597201	-2.502844	2.000370	-2.456145	2.130029	1.448369	-1.723952	0.259222	-7.921249
19.510234	-5.789884	2.536845	-2.898256	2.525453	1.061278	-1.832837	0.248106	-7.940976
-9.316541	-0.045588	1.572256	-3.121634	2.798177	0.662674	-1.939131	0.236708	-7.960703
-17.725701	3.598027	-0.820743	-3.011046	2.932192	0.192369	-2.058237	0.223204	-7.983485
16.200768	-2.461107	-2.627895	-2.417596	2.876037	-0.283902	-2.172938	0.209342	-8.006264
16.416373	-2.460039	-2.609525	-2.378902	2.869307	-0.304969	-2.177898	0.208722	-8.007270
-2.225651	-2.403939	-2.578576	-2.339132	2.862231	-0.326016	-2.182845	0.208101	-8.008276
-15.354973	1.860684	-0.068783	-1.347731	2.657424	-0.734750	-2.277427	0.195844	-8.027912
14.371030	-2.193260	2.921595	0.032647	2.339156	-1.135451	-2.367995	0.183336	-8.047541
-7.274456	5.745915	0.456301	1.950260	1.856140	-1.580522	-2.467148	0.168592	-8.070195
-10.831564	6.229155	-3.309325	3.573245	1.278049	-1.998222	-2.560016	0.153531	-8.092837
10.709142	5.602288	-3.401606	3.627136	1.250183	-2.016295	-2.564054	0.152844	-8.093859
-5.498845	4.897557	-3.482905	3.678776	1.222187	-2.034294	-2.568077	0.152156	-8.094881
-7.875900	-8.544449	-2.525036	4.224543	0.659002	-2.366206	-2.643026	0.138741	-8.114624
-5.576211	9.736435	2.363909	3.923007	0.066251	-2.663938	-2.712440	0.125100	-8.134355
3.946252	2.117558	4.331278	2.576378	-0.619080	-2.955847	-2.784855	0.109175	-8.156982
-5.723647	-9.152456	1.751116	0.395084	-1.272529	-3.185959	-2.849037	0.092970	-8.179588
5.894028	-0.203848	1.557958	0.287958	-1.300147	-3.194589	-2.851684	0.092245	-8.180590
-6.071725	9.114907	1.360775	0.180513	-1.327603	-3.203073	-2.854312	0.091520	-8.181591
16.782451	-9.423879	-4.947014	-3.972511	-2.328543	-3.424948	-2.950752	0.059735	-8.224767
-15.731663	2.841245	1.992837	-5.013210	-2.784878	-3.321779	-3.011898	0.027038	-8.267841
15.229794	8.187612	2.172522	-5.001348	-2.786805	-3.315070	-3.012875	0.026275	-8.268830
-0.030966	10.811422	2.347215	-4.988185	-2.788304	-3.308156	-3.013832	0.025513	-8.269820
-14.137276	9.999799	2.526028	-4.972875	-2.789427	-3.300627	-3.014822	0.024706	-8.270865
13.578585	6.264850	2.698813	-4.956141	-2.790081	-3.292870	-3.015791	0.023899	-8.271911
14.491568	-5.175095	4.676531	-4.478665	-2.735129	-3.130720	-3.028761	0.010335	-8.289378
-5.796097	-11.245925	4.871047	-3.674470	-2.568153	-2.912289	-3.035690	-0.003363	-8.306825
13.784764	-8.230282	2.724167	-2.287019	-2.217645	-2.560321	-3.035798	-0.021166	-8.329228
12.372407	10.126791	-0.482608	-0.723632	-1.749646	-2.142607	-3.026101	-0.039170	-8.351593
-9.661397	10.045137	-0.624042	-0.650638	-1.725588	-2.121778	-3.025412	-0.040014	-8.352635
-12.721046	9.895963	-0.763280	-0.577837	-1.701362	-2.100842	-3.024701	-0.040858	-8.353677
15.224442	9.077899	-2.901042	0.731983	-1.223970	-1.692959	-3.007628	-0.056658	-8.373075
0.447684	5.465186	-3.991449	1.925310	-0.714329	-1.258204	-2.983339	-0.072561	-8.392441
-16.854387	-2.030714	-3.610697	3.095987	-0.122617	-0.739708	-2.946731	-0.090883	-8.414602
3.764717	-5.179957	-1.287120	3.989436	0.440952	-0.214330	-2.900895	-0.109258	-8.436718
16.356597	-4.847355	-1.133613	4.024315	0.466781	-0.189070	-2.898453	-0.110145	-8.437783
-7.380879	-4.449172	-0.977373	4.058355	0.492436	-0.163846	-2.895991	-0.111032	-8.438849
-15.681148	3.999342	1.819750	4.524472	0.925080	0.287483	-2.847745	-0.127093	-8.458123
15.083715	-3.124977	2.953075	4.673019	1.279620	0.721228	-2.792658	-0.143134	-8.477360
-14.642757	-0.385567	1.179889	4.409248	1.565866	1.184125	-2.721143	-0.161479	-8.499381
-13.031916	2.006765	-1.411116	3.698716	1.729495	1.595246	-2.640873	-0.179720	-8.521347
14.623049	1.869302	-1.504079	3.655852	1.734409	1.612596	-2.636987	-0.180553	-8.522353
-8.919370	1.704704	-1.592990	3.612131	1.739111	1.629793	-2.633085	-0.181385	-8.523357
-14.975962	-1.999025	-2.480104	2.616355	1.792284	1.927488	-2.555563	-0.197126	-8.542414
15.526537	1.990858	-1.875309	1.346141	1.788019	2.163347	-2.471617	-0.212730	-8.561425
13.261881	2.963458	-0.264026	-0.242181	1.730371	2.348197	-2.367280	-0.230465	-8.583225
-16.810545	0.274100	1.227690	-1.705032	1.624431	2.441924	-2.254698	-0.247945	-8.604962
-2.909128	0.138330	1.290552	-1.770502	1.617861	2.444367	-2.248811	-0.248818	-8.606055
16.852475	0.007200	1.352035	-1.834950	1.611174	2.446600	-2.242904	-0.249690	-8.607148
-7.690716	-1.621941	2.178591	-2.763028	1.478635	2.453311	-2.138633	-0.264496	-8.625829
-17.116665	-2.886174	2.536571	-3.302868	1.312383	2.404296	-2.028399	-0.279054	-8.644460
17.046040	-4.911224	2.322367	-3.372751	1.076078	2.283670	-1.891961	-0.295730	-8.666184
7.416567	-7.167095	1.547476	-2.927520	0.798904	2.103541	-1.747808	-0.311989	-8.687836
-16.951540	-7.298532	1.500573	-2.896679	0.785298	2.093881	-1.740932	-0.312733	-8.688840
5.837001	-7.433766	1.452830	-2.865051	0.771645	2.084114	-1.734041	-0.313477	-8.689844
16.906295	-8.982170	0.439168	-2.156817	0.513001	1.885333	-1.603908	-0.327038	-8.708371
-16.886270	-5.023955	-0.735505	-1.278023	0.251512	1.656022	-1.468796	-0.340233	-8.726841
-15.878201	3.251076	-2.051301	-0.169513	-0.037732	1.359983	-1.306488	-0.355023	-8.748160
16.588342	9.423310	-3.018588	0.898223	-0.292994	1.039962	-1.138390	-0.369248	-8.769400
-10.822029	9.551945	-3.048795	0.942872	-0.303328	1.025183	-1.130718	-0.369872	-8.770352
-16.555591	9.664197	-3.077624	0.987111	-0.313545	1.010386	-1.123041	-0.370495	-8.771302
16.136920	7.803441	-3.345486	1.762078	-0.486266	0.720567	-0.973015	-0.382257	-8.789594
15.067262	-1.984260	-2.979373	2.368728	-0.603920	0.426152	-0.819371	-0.393537	-8.807822
-14.945505	-7.203959	-1.532982	2.766841	-0.654093	0.085952	-0.636639	-0.406008	-8.828929
-6.298859	4.822407	0.941525	2.712286	-0.594233	-0.242879	-0.449926	-0.417750	-8.849947
14.407268	5.209375	1.046603	2.698656	-0.589315	-0.255948	-0.442200	-0.418215	-8.850806
-14.391447	5.556549	1.150835	2.684072	-0.584207	-0.268969	-0.434474	-0.418678	-8.851665
-11.003829	4.953491	2.957083	2.142895	-0.436923	-0.533822	-0.269951	-0.428158	-8.869760
14.089101	-1.041874	3.431211	1.139560	-0.234754	-0.774645	-0.103176	-0.437032	-8.887784
5.665778	-1.554356	2.070139	-0.478517	0.026375	-1.012917	0.090599	-0.446438	-8.908381
-14.159249	0.773798	-1.006740	-2.153206	0.275179	-1.200622	0.286444	-0.454971	-8.928881
14.160239	0.779426	-1.148632	-2.223348	0.285634	-1.207902	0.295554	-0.455345	-8.929828
4.796072	0.766879	-1.287925	-2.292467	0.295965	-1.215053	0.304674	-0.455716	-8.930775
-14.160703	-0.618599	-3.099787	-3.318082	0.458659	-1.322264	0.475147	-0.462277	-8.948385
10.194198	0.863841	-2.822889	-3.643204	0.544149	-1.374870	0.646398	-0.468130	-8.965919
14.340342	1.597591	-0.627936	-2.982540	0.517015	-1.358623	0.846708	-0.474030	-8.986284
-14.756958	-2.701626	1.998985	-1.417507	0.363948	-1.257432	1.046804	-0.478890	-9.006543
-2.653617	-2.765189	2.076678	-1.332742	0.354793	-1.251176	1.055577	-0.479079	-9.007430
14.809854	-2.798988	2.148770	-1.246781	0.345450	-1.244772	1.064355	-0.479266	-9.008318
-4.794090	1.225052	2.487642	0.622251	0.131959	-1.093760	1.235227	-0.482492	-9.025609
-16.278122	5.125513	1.225038	2.679861	-0.121957	-0.903183	1.404840	-0.484894	-9.042818
17.301832	-1.420023	-1.067080	4.748372	-0.433274	-0.649674	1.600853	-0.486620	-9.062827
-2.079795	-7.322188	-2.208846	5.650663	-0.718543	-0.385060	1.793707	-0.487141	-9.082720
-18.262472	-7.314567	-2.197376	5.650100	-0.729781	-0.373554	1.802086	-0.487136	-9.083590
18.297337	-7.274547	-2.179573	5.645688	-0.740876	-0.362082	1.810451	-0.487128	-9.084460
5.029454	-1.878454	-0.882103	4.864401	-0.928588	-0.144847	1.972226	-0.486490	-9.101397
-15.734397	6.209770	1.084354	3.032833	-1.055815	0.053327	2.130572	-0.484909	-9.118245
-18.900343	7.070301	2.181561	0.116346	-1.121323	0.251592	2.309227	-0.481862	-9.137665
18.060801	-5.050140	1.017230	-3.079459	-1.097790	0.413519	2.481870	-0.477470	-9.156964
-18.006261	-5.395050	0.932515	-3.220391	-1.094682	0.419959	2.489476	-0.477241	-9.157828
-16.191008	-5.684456	0.846698	-3.360577	-1.091403	0.426324	2.497063	-0.477008	-9.158692
16.637432	-3.997108	-0.859811	-5.871493	-0.994336	0.535823	2.641003	-0.471962	-9.175345
1.736510	0.385476	-2.123369	-7.745527	-0.834922	0.620375	2.779278	-0.465840	-9.191903
-13.483905	1.686391	-2.163691	-8.730137	-0.579300	0.688217	2.929817	-0.457488	-9.210720
7.228082	-1.285453	-0.271414	-8.517730	-0.250953	0.727216	3.071557	-0.447655	-9.229409
12.396701	-1.336901	-0.178485	-8.485521	-0.234477	0.728338	3.077791	-0.447171	-9.230257
-12.370810	-1.370988	-0.087644	-8.451701	-0.217881	0.729405	3.084006	-0.446684	-9.231105
-2.583798	-0.670621	1.227699	-7.549512	0.122432	0.739392	3.199512	-0.436703	-9.247353
12.716005	1.822054	1.788049	-6.383253	0.495798	0.730331	3.307117	-0.425526	-9.263501
-14.978843	5.036652	1.578514	-5.081875	0.949253	0.698563	3.419625	-0.411247	-9.281838
-14.998156	2.340867	0.560251	-4.014664	1.415594	0.646164	3.519933	-0.395329	-9.300040
15.055579	1.837152	0.507617	-3.974215	1.436587	0.643363	3.524136	-0.394574	-9.300855
11.283580	1.291253	0.455142	-3.934473	1.457572	0.640525	3.528312	-0.393817	-9.301669
-16.139775	-9.286402	-0.422242	-3.292556	1.862986	0.578149	3.604248	-0.378362	-9.317489
16.831299	-2.154662	-0.755671	-2.873796	2.253918	0.503333	3.669363	-0.361589	-9.333204
15.974020	7.953553	-0.592188	-2.614680	2.668676	0.404084	3.730184	-0.340786	-9.351019
-16.960830	10.634248	-0.174542	-2.522744	3.034202	0.291522	3.776377	-0.318184	-9.368698
-10.301828	10.763532	-0.155368	-2.520659	3.049692	0.286003	3.778161	-0.317091	-9.369515
16.929759	10.905260	-0.136528	-2.518662	3.065040	0.280459	3.779913	-0.315994	-9.370331
-16.567486	14.021096	0.103511	-2.480647	3.324851	0.171788	3.806864	-0.294649	-9.385613
-14.589361	12.959578	0.038664	-2.360179	3.523104	0.055274	3.822392	-0.271875	-9.400791
16.064683	6.874857	-0.159330	-1.848562	3.660693	-0.086706	3.825955	-0.243899	-9.418111
11.125869	-5.189136	-0.100220	-0.579334	3.685035	-0.234752	3.814064	-0.213989	-9.435293
-16.349435	-5.809199	-0.082197	-0.497095	3.683086	-0.241777	3.813124	-0.212540	-9.436096
8.227948	-6.426242	-0.062356	-0.412645	3.680844	-0.248807	3.812150	-0.211086	-9.436898
17.000236	-10.062847	0.720762	1.566619	3.583921	-0.379248	3.787852	-0.183364	-9.451707
-17.784800	8.315652	2.180013	4.308952	3.373152	-0.507844	3.751638	-0.154188	-9.466415
-15.766398	7.475344	2.410735	8.146640	2.973543	-0.649397	3.695146	-0.118861	-9.483198
18.251841	-4.181786	-0.974118	12.079267	2.387140	-0.779712	3.622622	-0.081646	-9.499844
-6.149230	-4.460398	-1.182339	12.233870	2.355644	-0.785308	3.618932	-0.079905	-9.500600
-18.169816	-4.667018	-1.392581	12.384856	2.323697	-0.790874	3.615205	-0.078159	-9.501356
16.964095	2.266089	-4.881136	14.269673	1.630253	-0.889902	3.537756	-0.044152	-9.515701
5.360246	3.820317	-4.388033	13.580838	0.778196	-0.973493	3.447970	-0.008741	-9.529944
-15.783082	-4.180486	2.744677	9.835474	-0.345795	-1.046791	3.328782	0.033890	-9.546269
18.932615	-2.358461	9.275225	4.015084	-1.539158	-1.090618	3.192852	0.078359	-9.562458
4.580565	-1.570949	9.456299	3.700676	-1.597236	-1.091910	3.185844	0.080559	-9.563239
-19.457658	-0.771905	9.620147	3.384224	-1.655270	-1.093121	3.178795	0.082762	-9.564019
-11.626084	5.120827	9.094136	-2.453419	-2.678415	-1.100511	3.045546	0.123033	-9.577964
33.110688	1.965932	1.653461	-7.902403	-3.628880	-1.078655	2.899488	0.164666	-9.591807
42.204591	-5.040024	-14.429788	-13.438351	-5.261140	-0.896628	2.507478	0.267825	-9.623945
-16.877694	5.989914	7.666199	-3.640426	-5.632538	-0.507175	2.053561	0.378301	-9.655521
15.720395	4.923842	8.256119	-3.338110	-5.626685	-0.496068	2.042930	0.380822	-9.656212
8.087739	2.332374	8.833921	-3.035392	-5.620268	-0.484852	2.032276	0.383347	-9.656902
-13.317347	-1.342285	9.415626	-2.721873	-5.613035	-0.473128	2.021224	0.385964	-9.657617
12.106484	-4.673590	9.977050	-2.408380	-5.605201	-0.461289	2.010147	0.388584	-9.658331
4.109353	-6.181539	10.530838	-2.085371	-5.596495	-0.448960	1.998697	0.391291	-9.659068
-9.701205	-6.395303	11.055736	-1.762690	-5.587149	-0.436505	1.987214	0.394003	-9.659804
-9.377795	-1.704993	15.075018	2.596788	-5.387900	-0.248337	1.822074	0.432785	-9.670187
-4.405772	8.852060	12.440875	6.188212	-5.066944	-0.040608	1.652209	0.472356	-9.680508
-2.401296	-9.760047	-0.086956	9.671837	-4.421559	0.275818	1.407016	0.529171	-9.694877
0.296036	-4.851314	-9.465806	11.294177	-3.560920	0.611305	1.154977	0.587514	-9.709123
7.651919	7.706358	-11.737852	10.956959	-2.452387	0.969257	0.886372	0.649974	-9.723852
13.278301	-4.306257	-8.646354	8.648718	-1.168223	1.322749	0.613513	0.714064	-9.738449
-13.601468	-4.818899	-8.461030	8.499148	-1.103725	1.339301	0.600402	0.717165	-9.739142
15.070657	-5.228656	-8.278071	8.346745	-1.039051	1.355802	0.587293	0.720268	-9.739836
17.850540	-1.336927	-5.282930	5.155406	0.167659	1.647865	0.347458	0.777496	-9.752421
-19.027201	1.747206	-2.196975	1.536726	1.388347	1.917394	0.106825	0.835931	-9.764907
2.614506	0.000226	1.948167	-2.478238	2.736391	2.188288	-0.169272	0.904557	-9.779132
16.613358	-0.187923	4.161637	-5.588740	3.945512	2.405470	-0.443480	0.974746	-9.793224
-3.347073	-0.054897	4.182073	-5.697930	3.996767	2.414024	-0.456118	0.978035	-9.793874
-16.479375	0.077014	4.194024	-5.803483	4.047567	2.422441	-0.468757	0.981330	-9.794524
9.382304	0.166054	2.957279	-7.137310	4.897629	2.552000	-0.703971	1.043598	-9.806633
15.121405	-0.332674	0.069067	-7.494351	5.525542	2.623008	-0.936208	1.107016	-9.818642
-15.044032	0.764950	-1.430053	-7.194184	5.958603	2.621538	-1.201102	1.182018	-9.832452
15.146797	-1.677254	-0.104705	-6.558619	6.108699	2.518525	-1.460393	1.258535	-9.846129
5.623267	-1.842241	-0.017171	-6.515642	6.109565	2.510797	-1.472740	1.262262	-9.846785
-15.154692	-2.002002	0.069169	-6.471094	6.109883	2.502805	-1.485072	1.265993	-9.847441
10.618314	-2.904818	0.958156	-5.351841	6.027503	2.316945	-1.702065	1.332991	-9.859064
15.198844	0.509026	-0.203034	-3.508581	5.789354	2.052259	-1.913893	1.401082	-9.870590
1.596117	6.497099	-2.252173	-0.837942	5.332399	1.656249	-2.153488	1.481752	-9.883892
-15.743213	3.929710	-2.398010	1.696089	4.699866	1.180341	-2.384730	1.563872	-9.897062
15.770558	3.446950	-2.352657	1.797655	4.667801	1.157453	-2.394856	1.567575	-9.897648
-1.029829	2.926652	-2.303285	1.897847	4.635445	1.134454	-2.404957	1.571279	-9.898233
-16.493031	-9.482319	-0.632171	3.527489	3.953309	0.668146	-2.595992	1.643206	-9.909452
17.399694	-11.212913	2.191251	4.415749	3.171858	0.164650	-2.779796	1.716183	-9.920574
-11.951756	4.844453	5.728766	4.222597	2.226620	-0.424357	-2.974275	1.798177	-9.932774
-19.520406	10.588007	5.820470	2.648123	1.230845	-1.033884	-3.158702	1.881429	-9.944854
20.295726	-8.632091	-0.815644	0.199325	0.166904	-1.681329	-3.340783	1.970146	-9.957408
-4.613584	2.791119	-7.025401	-2.022425	-0.879210	-2.321664	-3.510377	2.060215	-9.969831
-20.540588	3.463228	-7.168583	-2.101831	-0.926584	-2.350884	-3.517914	2.064417	-9.970403
20.534113	4.078400	-7.293403	-2.178364	-0.973867	-2.380073	-3.525427	2.068625	-9.970975
8.948768	4.047679	-6.019751	-3.074906	-1.823967	-2.910639	-3.659543	2.147185	-9.981535
-19.456350	-3.071335	0.837609	-3.107078	-2.605725	-3.414027	-3.783399	2.226718	-9.991999
18.523804	2.751165	7.243440	-2.391420	-3.395654	-3.953120	-3.914084	2.320541	-10.004065
3.250935	3.781812	7.969912	-1.258292	-4.030349	-4.427030	-4.029510	2.415651	-10.016001
-17.730480	3.415094	7.886583	-1.202946	-4.055369	-4.446971	-4.034430	2.420048	-10.016546
-3.714440	3.003596	7.795612	-1.147594	-4.080012	-4.466741	-4.039317	2.424448	-10.017090
17.367475	-4.320865	5.603735	-0.121959	-4.472879	-4.804603	-4.124792	2.507626	-10.027274
-17.332311	4.272580	4.604840	0.820636	-4.731957	-5.071770	-4.197855	2.591737	-10.037363
-5.023490	2.641919	3.659681	1.701570	-4.864138	-5.279795	-4.266283	2.690193	-10.048914
17.797420	-2.723605	1.104815	2.238502	-4.814392	-5.366460	-4.316763	2.789870	-10.060337
-4.119127	-2.667708	0.922580	2.252819	-4.807632	-5.367387	-4.318634	2.794466	-10.060858
-17.813527	-2.569668	0.734035	2.266140	-4.800471	-5.368043	-4.320466	2.799064	-10.061378
17.855123	2.185411	-3.177302	2.315118	-4.589004	-5.330187	-4.347650	2.885708	-10.071074
14.239786	-0.185205	-5.505923	1.926944	-4.220089	-5.198345	-4.361601	2.973230	-10.080677
-17.065880	-2.631612	-4.511168	0.896397	-3.583428	-4.930870	-4.361778	3.076817	-10.091802
5.142464	3.515350	0.183694	-0.437630	-2.760059	-4.549840	-4.345260	3.181553	-10.102800
16.018941	3.433279	0.392971	-0.491811	-2.722428	-4.531669	-4.344223	3.185932	-10.103254
-4.997200	3.291860	0.599582	-0.545520	-2.684554	-4.513317	-4.343158	3.190313	-10.103708
-14.807941	-4.465419	3.738883	-1.476513	-1.854619	-4.095273	-4.315144	3.281175	-10.113036
13.522929	-0.763436	3.641110	-1.890955	-0.955094	-3.606264	-4.275938	3.372827	-10.122270
-12.123802	5.900201	0.977240	-1.764382	0.131699	-2.955638	-4.216905	3.480393	-10.132892
-3.648197	-5.530504	-1.628511	-1.158444	1.193697	-2.225446	-4.144165	3.588951	-10.143387
10.552732	-5.900368	-1.696809	-1.124172	1.238073	-2.192088	-4.140709	3.593684	-10.143839
11.048732	-6.214617	-1.759534	-1.089339	1.282285	-2.158575	-4.137227	3.598423	-10.144292
-10.693495	-3.098294	-1.967958	-0.323305	2.107266	-1.469873	-4.063481	3.692466	-10.153192
-7.142842	4.011724	-0.901145	0.468541	2.806428	-0.735165	-3.980733	3.787187	-10.161999
11.470294	5.055452	0.590264	1.195349	3.397396	0.167799	-3.874058	3.897932	-10.172102
0.710971	-3.493945	1.183819	1.465362	3.680755	1.116494	-3.756674	4.009520	-10.182081
-12.656007	-3.711452	1.189430	1.462556	3.685094	1.160218	-3.751139	4.014572	-10.182528
12.716151	-3.889193	1.193595	1.458258	3.688654	1.204017	-3.745585	4.019626	-10.182975
-3.249044	-2.040308	1.040673	1.115792	3.608435	2.054296	-3.635566	4.116588	-10.191473
-15.274642	1.679272	0.587722	0.420872	3.253340	2.920876	-3.518693	4.214116	-10.199877
16.697424	-0.666721	-0.157586	-0.506035	2.524313	3.930341	-3.374538	4.328418	-10.209552
11.637790	0.002732	-0.938404	-1.214975	1.539132	4.913181	-3.222516	4.443414	-10.219100
-17.849491	0.082767	-0.957435	-1.235003	1.492991	4.953995	-3.215883	4.448323	-10.219503
4.003104	0.161562	-0.974456	-1.253960	1.446604	4.994680	-3.209242	4.453230	-10.219906
18.446563	0.690398	-0.761962	-1.399267	0.462822	5.790475	-3.072622	4.552475	-10.227990
-3.987401	-1.720379	0.499792	-1.094129	-0.564875	6.526024	-2.931312	4.652178	-10.235982
-18.279105	-1.206375	1.376789	-0.295187	-1.697448	7.277239	-2.762228	4.768330	-10.245133
17.362533	4.342012	0.474878	0.753885	-2.639537	7.888999	-2.588257	4.885025	-10.254161
-2.299000	4.306382	0.375728	0.802742	-2.677973	7.914483	-2.579738	4.890678	-10.254594
-17.243429	4.226348	0.271530	0.850967	-2.715667	7.939581	-2.571205	4.896335	-10.255027
5.802117	-0.733013	-1.826767	1.522466	-3.242901	8.315795	-2.417962	4.997129	-10.262682
14.690142	-3.584899	-2.333757	1.580369	-3.448720	8.549404	-2.262212	5.098265	-10.270246
-13.425603	2.078502	1.090399	0.632042	-3.233510	8.629119	-2.077960	5.216671	-10.278955
-4.265996	-1.235572	3.328622	-0.712112	-2.612778	8.511916	-1.891668	5.335473	-10.287542
12.794843	-1.227005	3.268954	-0.767849	-2.576502	8.502083	-1.883078	5.340935	-10.287933
0.626809	-1.172115	3.189294	-0.822400	-2.539633	8.491871	-1.874484	5.346397	-10.288324
-12.957515	1.888880	-0.665993	-1.587583	-1.754620	8.232820	-1.713016	5.448820	-10.295596
13.633121	-3.220202	-4.359872	-1.741201	-0.835599	7.852113	-1.550638	5.551480	-10.302777
2.600802	0.857910	-2.678437	-1.066418	0.333550	7.269520	-1.360708	5.671248	-10.311022
-15.526272	5.584286	2.440149	0.117515	1.503268	6.552577	-1.170068	5.791264	-10.319145
15.544749	5.487025	2.630454	0.164715	1.545570	6.523291	-1.162908	5.795770	-10.319447
7.519995	5.354062	2.818272	0.211884	1.587732	6.493817	-1.155741	5.800279	-10.319749
-15.664556	-2.650683	6.108047	1.214465	2.497097	5.770299	-0.990358	5.904340	-10.326673
-11.302915	-5.660704	6.349546	1.816281	3.233166	4.969958	-0.824846	6.008533	-10.333505
14.616473	0.008075	2.060185	1.713279	3.780310	3.972503	-0.635217	6.128086	-10.341224
-10.264203	5.213362	-3.678067	0.993957	3.989162	2.907362	-0.445941	6.247735	-10.348823
-13.854370	5.160874	-3.908320	0.951967	3.990954	2.857384	-0.437311	6.253200	-10.349167
13.825881	5.069629	-4.133232	0.909400	3.992094	2.807267	-0.428677	6.258669	-10.349511
12.231310	-0.954283	-7.165386	0.039499	3.894370	1.837941	-0.265114	6.362468	-10.355994
-13.288960	-5.741875	-7.162054	-0.802306	3.585041	0.840221	-0.102216	6.466287	-10.362387
13.550082	1.422893	-2.958984	-1.514244	2.991393	-0.338959	0.085423	6.586544	-10.369681
-9.171323	6.661492	2.694180	-1.862510	2.178151	-1.529571	0.271644	6.706750	-10.376855
-14.294369	6.381311	2.919689	-1.868904	2.136807	-1.583368	0.280014	6.712175	-10.377176
-6.539900	6.033815	3.139947	-1.874458	2.095088	-1.637158	0.288381	6.717601	-10.377497
15.254884	-5.651917	6.216549	-1.814661	1.229129	-2.665677	0.448144	6.821620	-10.383604
-3.125108	-6.468130	6.652215	-1.435888	0.265120	-3.681801	0.606435	6.925543	-10.389621
-17.413284	2.585154	3.680868	-0.668697	-0.901708	-4.822909	0.786405	7.044897	-10.396429
18.185872	4.952747	-0.824539	0.265984	-2.056939	-5.921270	0.963920	7.164056	-10.403119
4.573959	4.675981	-1.015311	0.307698	-2.106495	-5.968589	0.971701	7.169315	-10.403412
-18.227976	4.371384	-1.203511	0.349293	-2.155871	-6.015795	0.979478	7.174574	-10.403705
16.737262	-2.507774	-4.176289	1.121148	-3.087699	-6.925968	1.132384	7.278652	-10.409454
18.146324	-3.295624	-4.911538	1.699331	-3.901925	-7.782110	1.282986	7.382517	-10.415113
-17.483633	2.593543	-2.347755	1.999374	-4.649061	-8.683126	1.452213	7.501045	-10.421476
6.311391	-1.612294	1.312512	1.934936	-5.167690	-9.486950	1.617920	7.619229	-10.427722
16.509241	-1.830620	1.428810	1.926145	-5.183325	-9.516306	1.624345	7.623858	-10.427965
-8.364202	-2.038905	1.540928	1.916941	-5.198598	-9.545468	1.630759	7.628482	-10.428207
-14.505309	-0.398567	2.666381	1.033920	-5.522810	-10.746996	1.935983	7.853148	-10.439798
7.934280	1.531545	-0.560471	-0.379085	-5.020294	-11.494479	2.225319	8.076126	-10.450963
13.281379	0.700391	-0.633596	-0.418708	-4.994610	-11.508627	2.232912	8.082137	-10.451259
-13.271020	-0.189182	-0.703582	-0.458193	-4.968285	-11.522459	2.240489	8.088142	-10.451555
10.750881	-0.925796	-0.760718	-0.491812	-4.945283	-11.534030	2.246949	8.093271	-10.451807
13.256554	-1.571768	-0.815219	-0.525301	-4.921820	-11.545371	2.253396	8.098394	-10.452059
-13.285388	1.591331	-1.334605	-1.082998	-4.434559	-11.708716	2.364811	8.188008	-10.456439
4.023368	2.189886	-1.077290	-1.538998	-3.807566	-11.807538	2.473281	8.277280	-10.460749
14.020174	-2.893609	-0.041186	-1.854891	-2.822932	-11.845653	2.607101	8.390381	-10.466135
-2.629268	-0.452371	0.582683	-1.804829	-1.665523	-11.792488	2.736234	8.502865	-10.471408
-14.929517	4.701354	0.506528	-1.351178	-0.406052	-11.657542	2.859320	8.613389	-10.476510
15.025275	2.809891	-0.034227	-0.585337	0.911284	-11.447902	2.977956	8.723231	-10.481502
9.389894	2.359317	-0.061089	-0.544157	0.976227	-11.435855	2.983648	8.728587	-10.481744
-15.014140	1.887309	-0.087274	-0.502914	1.041125	-11.423654	2.989325	8.733938	-10.481985
10.300498	-6.098608	-0.367237	0.263356	2.268101	-11.161621	3.095519	8.835569	-10.486528
14.797373	-6.132869	-0.075993	0.879948	3.445370	-10.847397	3.197974	8.936552	-10.490977
-14.812348	-5.744507	-0.050392	0.906055	3.505251	-10.829473	3.203278	8.941864	-10.491209
10.962428	-5.329847	-0.024325	0.931414	3.564859	-10.811421	3.208573	8.947173	-10.491441
15.426162	3.070167	0.436086	1.244928	4.591143	-10.462558	3.302866	9.043179	-10.495604
-15.042585	5.663792	0.536935	1.228256	5.485246	-10.076847	3.393826	9.138530	-10.499680
-17.287110	1.746254	-0.129010	0.802853	6.307083	-9.594480	3.494343	9.247315	-10.504261
17.632998	-3.577939	-0.750297	0.209301	6.889638	-9.077900	3.590592	9.355166	-10.508727
2.670394	-3.596977	-0.758449	0.181817	6.911784	-9.051973	3.595177	9.360400	-10.508942
-17.614501	-3.562429	-0.763558	0.154753	6.933343	-9.025983	3.599752	9.365632	-10.509156
17.052974	2.675884	-0.424085	-0.247290	7.217798	-8.554883	3.679385	9.458197	-10.512924
-0.937817	2.553383	0.426956	-0.485041	7.313046	-8.069541	3.755920	9.550005	-10.516607
-15.072393	-1.948058	1.098660	-0.504485	7.180587	-7.493355	3.841142	9.655854	-10.520786
-0.214897	0.747735	0.141025	-0.235645	6.785597	-6.911252	3.922307	9.760609	-10.524851
14.880992	1.009692	0.075608	-0.219858	6.762518	-6.885632	3.925780	9.765184	-10.525027
-14.904225	1.274913	0.009523	-0.203897	6.738960	-6.859993	3.929248	9.769760	-10.525203
-6.028672	3.337895	-1.174824	0.112098	6.186128	-6.357201	3.995723	9.859076	-10.528606
3.650626	0.431070	-1.514848	0.324258	5.473800	-5.855943	4.059286	9.947518	-10.531925
18.916882	-5.911119	-0.702843	0.289775	4.484643	-5.281066	4.129139	10.048550	-10.535653
-19.444330	-5.701667	0.881791	0.047843	3.342906	-4.712040	4.195244	10.148344	-10.539268
13.888774	-5.081584	0.950549	0.035122	3.290615	-4.687650	4.198010	10.152617	-10.539421
19.411118	-4.414563	1.018458	0.022317	3.238085	-4.663271	4.200770	10.156888	-10.539574
-18.387061	8.565803	2.038123	-0.233664	2.134754	-4.175850	4.254782	10.242203	-10.542606
-11.722992	8.473266	1.977556	-0.431348	0.950566	-3.693139	4.306086	10.326529	-10.545554
14.515976	2.144422	0.640907	-0.541709	-0.502855	-3.139887	4.362196	10.422948	-10.548863
-5.664745	0.436796	-1.226828	-0.492237	-2.021273	-2.593048	4.414811	10.517976	-10.552059
-13.508721	0.131673	-1.304561	-0.486005	-2.088026	-2.569536	4.417009	10.522055	-10.552195
13.510796	-0.212183	-1.381375	-0.479412	-2.154848	-2.546037	4.419201	10.526131	-10.552331
4.903026	-8.514181	-2.596576	-0.270304	-3.492457	-2.082063	4.461402	10.606493	-10.554978
-16.017613	-10.329066	-2.793626	0.097516	-4.840227	-1.622950	4.501128	10.685767	-10.557542
1.465942	3.909115	-1.287052	0.685111	-6.405479	-1.093868	4.544380	10.776785	-10.560427
19.622254	8.391159	1.069409	1.224393	-7.935248	-0.571502	4.584407	10.866254	-10.563201
-19.643717	7.849589	1.161799	1.241250	-7.995479	-0.550667	4.585948	10.869814	-10.563310
-19.600215	7.253916	1.253255	1.257594	-8.055643	-0.529826	4.587486	10.873374	-10.563419
19.379554	-6.997756	2.770299	1.450897	-9.309739	-0.088219	4.619049	10.948645	-10.565697
-3.612812	-4.067903	2.987599	1.249924	-10.505379	0.348343	4.648349	11.022721	-10.567894
-16.218795	4.115112	1.614160	0.449898	-11.828554	0.853381	4.679862	11.107962	-10.570364
14.523332	-2.831103	-1.045200	-0.669752	-13.065515	1.351367	4.708405	11.191491	-10.572722
9.521949	-2.927098	-1.145984	-0.714466	-13.111785	1.370565	4.709455	11.194700	-10.572811
-14.425215	-2.988297	-1.245001	-0.759031	-13.157886	1.389738	4.710500	11.197904	-10.572900
8.004305	0.378648	-2.799653	-1.669244	-14.142470	1.810788	4.732486	11.268047	-10.574827
13.688069	2.811196	-2.468182	-2.282064	-15.060132	2.226557	4.752393	11.336875	-10.576670
-14.194296	-3.614272	0.418275	-2.406061	-16.038601	2.700378	4.772870	11.414742	-10.578699
-0.065983	1.548759	2.426648	-1.818722	-16.942442	3.167031	4.790706	11.490782	-10.580619
15.126819	1.962881	2.465214	-1.771193	-16.984618	3.189495	4.791506	11.494426	-10.580709
-6.770234	2.371442	2.497463	-1.721858	-17.026645	3.211942	4.792299	11.498064	-10.580800
-16.073859	5.843220	1.948860	-0.595109	-17.748544	3.607101	4.805378	11.561849	-10.582355
16.960034	-1.453864	-0.417028	0.788055	-18.430765	3.996853	4.816605	11.624226	-10.583830
2.027007	-6.675012	-2.387167	2.194999	-19.184122	4.444080	4.827413	11.695094	-10.585448
-18.527773	-3.009734	-0.695865	2.875731	-19.902454	4.883830	4.835843	11.763977	-10.586956
18.551568	-2.532570	-0.557410	2.888226	-19.936018	4.904620	4.836187	11.767213	-10.587025
-2.313385	-2.034845	-0.417061	2.898961	-19.969527	4.925392	4.836526	11.770444	-10.587094
-18.859320	5.481171	1.933725	2.799051	-20.564484	5.296703	4.841741	11.827864	-10.588295
-8.641739	0.854960	2.610940	2.191584	-21.144497	5.662391	4.845305	11.883763	-10.589416
18.749713	-4.158013	0.710298	1.037482	-21.804384	6.082546	4.847439	11.947122	-10.590624
-18.369955	4.278062	-2.846126	-0.302796	-22.445378	6.494858	4.847454	12.008325	-10.591723
-2.611358	4.345622	-2.936816	-0.354197	-22.469861	6.510687	4.847413	12.010654	-10.591763
18.333397	4.365275	-3.019922	-0.405346	-22.494296	6.526493	4.847369	12.012978	-10.591804
0.411375	-2.841750	-3.154505	-1.450425	-23.031175	6.875248	4.845602	12.063857	-10.592657
-17.393904	-6.439570	-0.952442	-2.219583	-23.554718	7.218074	4.842364	12.113078	-10.593430
16.888674	7.953287	2.413134	-2.768757	-24.139173	7.603912	4.836897	12.167458	-10.594217
12.720492	-0.333411	3.782328	-3.026331	-24.706970	7.981821	4.829618	12.219594	-10.594898
-16.506377	-1.148004	3.797719	-3.032392	-24.733272	7.999398	4.829232	12.221990	-10.594927
3.345136	-1.970746	3.809873	-3.037967	-24.759556	8.016969	4.828842	12.224383	-10.594957
16.328307	-9.963466	3.629351	-3.056726	-25.240234	8.338911	4.820937	12.267748	-10.595455
-16.278035	6.967838	3.140549	-2.924605	-25.712709	8.654725	4.811749	12.309366	-10.595874
-10.473758	9.868667	2.286529	-2.610792	-26.247308	9.009629	4.799675	12.354964	-10.596256
16.272160	-2.157994	1.028012	-2.160224	-26.771833	9.356355	4.786020	12.398219	-10.596533
-2.018965	-2.725264	0.960887	-2.136783	-26.795757	9.372162	4.785352	12.400159	-10.596543
-16.264858	-3.268242	0.893047	-2.113140	-26.819654	9.387952	4.784681	12.402094	-10.596553
12.945475	-7.972517	-0.506128	-1.634965	-27.264447	9.682216	4.771436	12.437611	-10.596701
15.946929	-6.586842	-2.058264	-1.112938	-27.697439	9.970178	4.757071	12.471325	-10.596769
-15.692196	-4.371581	-3.754274	-0.490986	-28.179715	10.294381	4.739157	12.507955	-10.596751
15.469816	-1.621819	-4.989532	0.113557	-28.641008	10.610074	4.719841	12.542162	-10.596627
10.479332	-1.399891	-5.028945	0.140183	-28.661600	10.624337	4.718923	12.543671	-10.596619
-4.576661	-1.167000	-5.066562	0.166684	-28.682142	10.638582	4.718002	12.545176	-10.596610
-15.345711	2.736280	-5.395380	0.642717	-29.061196	10.904864	4.700037	12.572690	-10.596410
15.345695	0.840510	-4.961895	1.066079	-29.420288	11.164645	4.681076	12.598370	-10.596132
7.017883	-1.079112	-4.020324	1.486845	-29.806681	11.455696	4.658040	12.625668	-10.595714
-15.853375	-0.611746	-3.196966	1.836968	-30.162126	11.737989	4.633752	12.650526	-10.595192
15.874022	-0.549187	-3.164367	1.851296	-30.177596	11.750639	4.632617	12.651601	-10.595166
13.492070	-0.484665	-3.132160	1.865478	-30.192995	11.763263	4.631479	12.652669	-10.595139
-16.361490	0.496155	-2.580498	2.109831	-30.474581	11.999729	4.609381	12.672021	-10.594596
-4.222626	-0.175322	-2.122721	2.309087	-30.736601	12.229527	4.586381	12.689559	-10.593976
17.532654	-0.718635	-1.700534	2.488754	-31.018696	12.487878	4.558561	12.707663	-10.593158
-18.055406	0.902350	-1.348376	2.618058	-31.279420	12.737104	4.529550	12.723361	-10.592238
-7.944424	0.947754	-1.336044	2.622785	-31.290694	12.748099	4.528217	12.724011	-10.592194
18.093654	0.983591	-1.324152	2.627426	-31.301939	12.759084	4.526881	12.724656	-10.592150
7.938573	0.033592	-1.166537	2.699790	-31.510879	12.966298	4.500775	12.736115	-10.591263
-18.549717	-1.376081	-1.063597	2.742521	-31.707585	13.166596	4.473798	12.745810	-10.590298
18.651249	-0.088837	-0.899926	2.758768	-31.919423	13.387748	4.441798	12.754775	-10.589098
5.714119	1.669876	-0.705386	2.743342	-32.117184	13.599684	4.408673	12.761459	-10.587796
-18.702306	1.664862	-0.696008	2.741827	-32.126450	13.609768	4.407032	12.761727	-10.587731
0.577332	1.645928	-0.686678	2.740242	-32.135682	13.619830	4.405388	12.761989	-10.587664
18.728423	-0.472010	-0.506822	2.692470	-32.318575	13.822764	4.370834	12.766214	-10.586243
-14.749735	-2.005984	-0.359142	2.617549	-32.486099	14.016216	4.335170	12.768174	-10.584721
