-18.025560	-5.854922	3.551407	-3.024037	-0.284200	-3.354517	-2.316689	-2.166480
-4.311272	-5.928711	3.556404	-3.024237	-0.285515	-3.355168	-2.316832	-2.166513
10.018140	-6.017971	3.560236	-3.024527	-0.286845	-3.355817	-2.316974	-2.166546
2.603666	-9.496295	3.388960	-3.046019	-0.315564	-3.367988	-2.319643	-2.167364
-9.156771	-10.472650	2.694789	-3.089150	-0.349931	-3.379361	-2.322148	-2.168501
8.761867	-1.909408	1.229511	-3.149554	-0.396809	-3.391502	-2.324839	-2.170217
1.293485	9.540686	-0.594133	-3.202784	-0.451476	-3.402548	-2.327311	-2.172365
-9.545604	10.052834	-0.674039	-3.204623	-0.454014	-3.403000	-2.327413	-2.172467
6.590985	10.516339	-0.753739	-3.206412	-0.456566	-3.403450	-2.327515	-2.172571
11.144687	4.545881	-2.239505	-3.229061	-0.510601	-3.411994	-2.329453	-2.174802
-12.699900	-10.575044	-3.304328	-3.218420	-0.570591	-3.419704	-2.331230	-2.177358
5.120279	6.018596	-3.281611	-2.997857	-0.734990	-3.434571	-2.334794	-2.184709
21.090658	10.604305	-0.842076	-2.445962	-0.923651	-3.444584	-2.337462	-2.193909
-21.274483	9.569229	-0.775328	-2.430855	-0.927866	-3.444745	-2.337509	-2.194127
-13.630307	8.429621	-0.708256	-2.415627	-0.932086	-3.444903	-2.337556	-2.194346
21.650169	7.051234	-0.633945	-2.398689	-0.936745	-3.445075	-2.337608	-2.194588
7.008337	5.569885	-0.559400	-2.381618	-0.941408	-3.445245	-2.337659	-2.194831
-21.977968	4.072413	-0.485479	-2.364600	-0.946022	-3.445409	-2.337708	-2.195073
8.839074	2.609698	-0.411397	-2.347443	-0.950641	-3.445571	-2.337758	-2.195315
21.824810	-10.532086	0.634258	-2.087088	-1.017253	-3.447589	-2.338412	-2.198904
-7.563686	-5.611576	1.553400	-1.802457	-1.084209	-3.449040	-2.338965	-2.202704
-14.788696	7.884119	2.493314	-1.373484	-1.176833	-3.450107	-2.339570	-2.208343
12.788528	10.041915	2.914889	-0.915445	-1.267471	-3.450055	-2.339983	-2.214395
-5.829429	2.723455	2.721448	-0.419490	-1.358352	-3.448792	-2.340208	-2.221160
-15.130856	-4.835837	2.063551	0.075344	-1.443628	-3.446282	-2.340223	-2.228380
6.016015	-5.020897	2.027038	0.097332	-1.447285	-3.446140	-2.340218	-2.228714
15.178207	-5.188523	1.990088	0.119304	-1.450927	-3.445996	-2.340214	-2.229049
-14.879119	-6.780480	1.211953	0.544383	-1.518755	-3.442678	-2.340035	-2.235762
14.440293	-8.385554	0.429991	0.961676	-1.579680	-3.438395	-2.339688	-2.242826
13.092079	-6.335544	-0.318627	1.429336	-1.639664	-3.432275	-2.339077	-2.251380
-15.859756	0.061144	-0.906018	1.881598	-1.687211	-3.424867	-2.338231	-2.260403
7.531849	0.370748	-0.929610	1.901842	-1.689057	-3.424497	-2.338187	-2.260827
15.967729	0.676233	-0.952962	1.922061	-1.690874	-3.424125	-2.338142	-2.261251
-4.134764	5.152895	-1.351554	2.297075	-1.719403	-3.416577	-2.337193	-2.269471
-17.863887	6.065785	-1.684178	2.656062	-1.736035	-3.408058	-2.336055	-2.278044
18.502650	2.313574	-2.016292	3.046221	-1.738911	-3.396965	-2.334499	-2.288420
15.605178	-1.197715	-2.325406	3.401423	-1.722477	-3.384558	-2.332685	-2.299274
-18.304311	-1.278921	-2.339340	3.416444	-1.721256	-3.383970	-2.332598	-2.299773
18.267187	-1.351412	-2.353312	3.431388	-1.719991	-3.383379	-2.332509	-2.300273
6.974126	-1.694165	-2.628459	3.697049	-1.687193	-3.371532	-2.330714	-2.310061
-15.953052	-1.956509	-2.919539	3.905896	-1.637423	-3.358693	-2.328722	-2.320207
8.256783	-3.889970	-3.270503	4.033983	-1.557291	-3.342493	-2.326162	-2.332390
15.944171	-2.266112	-3.555504	3.989915	-1.452090	-3.324615	-2.323316	-2.345053
-2.629396	-1.995991	-3.561457	3.982993	-1.446727	-3.323758	-2.323179	-2.345641
-16.075858	-1.707401	-3.566466	3.975606	-1.441316	-3.322896	-2.323042	-2.346229
17.506317	3.699860	-3.432106	3.745777	-1.329201	-3.305665	-2.320307	-2.357642
7.823553	1.222080	-2.746077	3.354004	-1.201313	-3.286791	-2.317330	-2.369418
-16.899289	-3.882529	-1.317153	2.732070	-1.036691	-3.262783	-2.313582	-2.383443
13.053875	-1.567952	0.612804	1.966842	-0.856243	-3.236120	-2.309472	-2.397954
14.277008	-1.419102	0.704575	1.930055	-0.847877	-3.234866	-2.309280	-2.398612
-14.172215	-1.277743	0.796514	1.893070	-0.839485	-3.233606	-2.309088	-2.399271
3.166566	0.173715	2.561445	1.139400	-0.671537	-3.207923	-2.305187	-2.412276
12.825747	1.326957	4.083717	0.338346	-0.495735	-3.179873	-2.300984	-2.425646
-5.534220	4.486432	5.159097	-0.612185	-0.284962	-3.144264	-2.295727	-2.441565
-18.293350	4.401688	5.172910	-1.550269	-0.068841	-3.105013	-2.290025	-2.457974
18.465458	4.199218	5.148569	-1.592176	-0.058900	-3.103132	-2.289754	-2.458734
-3.035777	3.976115	5.122190	-1.633981	-0.048954	-3.101242	-2.289482	-2.459495
-21.420516	-1.484719	4.267979	-2.403510	0.140410	-3.063811	-2.284133	-2.474132
21.760219	-3.393288	2.858004	-3.112589	0.329722	-3.023278	-2.278421	-2.489134
18.075560	-4.342581	0.768155	-3.824868	0.545174	-2.972582	-2.271380	-2.506851
-14.930781	-2.760905	-1.601020	-4.393816	0.755442	-2.917309	-2.263818	-2.525052
9.054264	-2.562060	-1.718966	-4.416861	0.765323	-2.914546	-2.263443	-2.525935
14.595512	-2.349765	-1.837193	-4.439496	0.775186	-2.911772	-2.263066	-2.526818
-6.546335	2.471352	-3.949570	-4.774694	0.950504	-2.859513	-2.256023	-2.543039
-12.011905	3.811618	-5.725406	-4.952244	1.118072	-2.803434	-2.248557	-2.559625
13.674400	-3.054889	-6.854473	-4.933266	1.300607	-2.733719	-2.239395	-2.579227
8.495867	-3.698652	-6.568028	-4.657901	1.469715	-2.658443	-2.229633	-2.599313
-15.899061	-3.431594	-6.522726	-4.640463	1.476816	-2.655000	-2.229189	-2.600207
14.606833	-3.136734	-6.474786	-4.622618	1.483887	-2.651546	-2.228745	-2.601103
16.140961	3.895226	-5.011954	-4.194957	1.616954	-2.581128	-2.219733	-2.618944
-14.913078	2.192843	-2.668006	-3.648796	1.737162	-2.506159	-2.210243	-2.637144
14.158710	-4.899568	0.631936	-2.922199	1.858114	-2.413937	-2.198701	-2.658557
7.940883	-0.319750	3.578972	-2.146826	1.958512	-2.315202	-2.186487	-2.680444
-3.179131	0.112144	3.692442	-2.111873	1.962499	-2.310622	-2.185924	-2.681436
-16.219207	0.551232	3.804007	-2.076944	1.966441	-2.306028	-2.185359	-2.682428
19.013612	6.569868	5.537538	-1.411192	2.033756	-2.214156	-2.174126	-2.701880
0.700183	0.709864	6.337288	-0.794566	2.082764	-2.116982	-2.162356	-2.721689
-20.383756	-8.070844	6.242295	-0.178167	2.114984	-1.998064	-2.148090	-2.744992
16.454473	-5.100577	5.269275	0.357712	2.119528	-1.871859	-2.133075	-2.768765
10.800424	-4.918327	5.208090	0.380560	2.119058	-1.865999	-2.132380	-2.769849
-16.020684	-4.750369	5.145612	0.403306	2.118528	-1.860127	-2.131684	-2.770932
2.604150	-3.307693	3.716587	0.826900	2.096773	-1.744859	-2.118032	-2.791887
10.606711	-0.325829	1.941309	1.242732	2.052381	-1.624560	-2.103794	-2.813190
-15.288477	8.312787	-0.396744	1.751549	1.970383	-1.477404	-2.086336	-2.838609
-19.184561	1.271065	-2.622501	2.318827	1.854770	-1.323976	-2.068037	-2.864501
19.388669	0.550152	-2.675192	2.336611	1.850883	-1.319415	-2.067491	-2.865263
-19.591267	-0.169263	-2.726859	2.354495	1.846963	-1.314845	-2.066944	-2.866025
10.298179	-6.523399	-3.612175	2.920093	1.718560	-1.178566	-2.050562	-2.888575
24.157104	0.864574	-2.981897	3.562548	1.563699	-1.038229	-2.033540	-2.911465
14.109098	4.404866	-0.997229	4.308117	1.351879	-0.872227	-2.013145	-2.938223
-18.457164	0.717964	1.203515	4.935473	1.103180	-0.702041	-1.991872	-2.965424
-7.381699	0.433648	1.284113	4.958917	1.091061	-0.694267	-1.990890	-2.966662
18.300886	0.146190	1.361890	4.981840	1.078866	-0.686485	-1.989906	-2.967902
-18.018041	-3.392013	2.104219	5.305338	0.828781	-0.535309	-1.970603	-2.991954
-17.442053	0.345963	1.106559	5.349958	0.550167	-0.381958	-1.950610	-3.016333
19.866464	4.463452	-0.767115	4.984937	0.207144	-0.207119	-1.927245	-3.044190
6.868033	-0.980717	-1.705605	4.092802	-0.156777	-0.030709	-1.902977	-3.072453
-18.936690	-7.101273	-1.167677	2.648185	-0.528557	0.145705	-1.877926	-3.100968
18.028018	-2.673658	0.601918	0.851928	-0.899197	0.322438	-1.851950	-3.129877
14.741970	-2.136589	0.696969	0.762478	-0.916709	0.330888	-1.850685	-3.131270
-18.009380	-1.574330	0.791660	0.672979	-0.934192	0.339337	-1.849417	-3.132663
2.587480	10.248243	2.319851	-1.030154	-1.267570	0.503798	-1.824268	-3.160003
18.183220	10.460437	2.498892	-2.504659	-1.580781	0.667452	-1.798289	-3.187680
-14.444608	9.810789	2.459521	-2.570698	-1.595861	0.675663	-1.796958	-3.189083
-18.035191	9.089738	2.415215	-2.635927	-1.610877	0.683876	-1.795625	-3.190487
15.623694	-8.424241	0.856597	-3.703261	-1.879920	0.838864	-1.769934	-3.217273
11.867662	-10.663367	-1.324810	-4.421083	-2.113984	0.992169	-1.743462	-3.244360
-11.356577	0.622183	-3.363953	-4.762051	-2.330416	1.166278	-1.711956	-3.275960
10.309253	8.893080	-4.123211	-4.520281	-2.480410	1.336941	-1.679381	-3.307951
12.215858	8.986321	-4.116648	-4.494658	-2.485541	1.344504	-1.677895	-3.309394
-12.300309	9.048308	-4.106081	-4.467718	-2.490539	1.352064	-1.676406	-3.310839
4.778394	5.435296	-3.197988	-3.718220	-2.560431	1.496501	-1.647219	-3.338900
10.302631	-2.196054	-1.350238	-2.624804	-2.579922	1.637686	-1.617210	-3.367241
18.891844	-6.194846	1.197172	-1.107691	-2.540039	1.796323	-1.581477	-3.400355
-19.475484	0.774922	3.455645	0.482301	-2.433519	1.949207	-1.544623	-3.433827
19.456983	1.159612	3.546389	0.554127	-2.426990	1.956120	-1.542893	-3.435383
10.053558	1.532347	3.635730	0.625645	-2.420319	1.963018	-1.541160	-3.436939
-18.517151	5.064594	5.008733	1.872280	-2.270722	2.088449	-1.508535	-3.465974
10.049784	0.763544	5.747412	2.874221	-2.072470	2.208406	-1.475069	-3.495258
16.699516	-4.939983	5.706668	3.572667	-1.779858	2.340747	-1.434943	-3.529739
-17.428511	-1.805133	4.634133	3.675307	-1.421563	2.464034	-1.393650	-3.564541
-2.563893	-1.534157	4.562360	3.666624	-1.403260	2.469547	-1.391696	-3.566171
17.567688	-1.261665	4.488855	3.656835	-1.384805	2.475041	-1.389738	-3.567803
-19.100132	3.282306	2.876424	3.297336	-1.021597	2.572105	-1.353282	-3.597931
-15.923623	5.446353	0.908354	2.657103	-0.618718	2.661266	-1.315952	-3.628280
21.086178	3.550136	-1.518659	1.676520	-0.114276	2.754582	-1.271281	-3.663963
8.583801	-2.504082	-3.544955	0.583275	0.407868	2.835543	-1.225396	-3.699932
-20.630816	-2.755979	-3.616610	0.534018	0.431336	2.838865	-1.223313	-3.701549
15.726399	-2.998945	-3.686189	0.484840	0.454798	2.842160	-1.221228	-3.703166
19.607783	-5.387212	-4.543826	-0.424221	0.900491	2.900065	-1.180794	-3.734265
-2.524955	-2.763010	-4.362377	-1.211358	1.330098	2.947637	-1.139451	-3.765558
-17.506423	2.462779	-3.177262	-1.893114	1.791872	2.989195	-1.090290	-3.802137
16.820487	4.419695	-1.444374	-2.296520	2.196164	3.015234	-1.039878	-3.838964
4.091178	4.374062	-1.361824	-2.307905	2.212774	3.016026	-1.037583	-3.840625
-16.763775	4.315661	-1.279295	-2.318695	2.229230	3.016785	-1.035287	-3.842285
16.109202	1.415546	0.246530	-2.410848	2.516404	3.024823	-0.990727	-3.874239
-8.603285	-2.345784	1.425450	-2.280880	2.745404	3.020101	-0.945233	-3.906362
-13.891614	-3.360254	1.964110	-1.844333	2.932632	2.997846	-0.891142	-3.943937
12.914364	1.069354	1.517113	-1.110412	3.028332	2.956786	-0.835827	-3.981726
-8.237299	1.275209	1.478407	-1.069910	3.030455	2.954392	-0.833211	-3.983498
-12.862356	1.470778	1.438538	-1.028912	3.032364	2.951954	-0.830591	-3.985271
-0.083029	3.013507	0.595164	-0.225608	3.028242	2.899764	-0.782193	-4.017806
13.090040	1.216676	-0.196663	0.570986	2.946579	2.833480	-0.732955	-4.050483
-13.617102	-2.738344	-0.728708	1.282500	2.746261	2.739396	-0.674535	-4.088745
-11.657251	-3.029041	-0.609379	1.578080	2.427578	2.628443	-0.615050	-4.127181
13.842061	-2.919594	-0.589399	1.581539	2.410600	2.623093	-0.612358	-4.128909
-5.667771	-2.799536	-0.568337	1.584211	2.393411	2.617715	-0.609666	-4.130636
-13.572232	0.694712	-0.031757	1.493607	2.020461	2.507879	-0.557260	-4.164058
13.123049	3.101341	0.448062	1.175642	1.580107	2.387294	-0.504113	-4.197599
-7.196410	0.578453	0.499455	0.613471	1.006569	2.235486	-0.441735	-4.236543
-14.538633	-3.193151	0.093567	-0.032611	0.386817	2.071730	-0.378441	-4.275626
2.519090	-3.286449	0.067912	-0.061677	0.358091	2.064067	-0.375559	-4.277395
14.777363	-3.366941	0.041788	-0.090634	0.329321	2.056382	-0.372676	-4.279165
2.349470	-2.487903	-0.497730	-0.604860	-0.223514	1.906215	-0.317477	-4.312889
-20.530723	1.448063	-0.942083	-0.992878	-0.776525	1.749087	-0.261658	-4.346703
21.447434	4.901801	-1.003945	-1.175845	-1.399482	1.558860	-0.196052	-4.386099
2.994999	-0.663127	-0.355443	-0.992578	-1.978909	1.361652	-0.129682	-4.425600
-18.727782	-0.985026	-0.314459	-0.976928	-2.003596	1.352629	-0.126677	-4.427381
18.543023	-1.301148	-0.272825	-0.960734	-2.028161	1.343589	-0.123668	-4.429163
16.208463	-6.090005	0.585962	-0.560932	-2.473041	1.166788	-0.065226	-4.463644
-10.406160	-8.526533	1.306258	-0.059694	-2.851072	0.986619	-0.006263	-4.498192
5.194854	-7.868180	1.616870	0.515342	-3.181693	0.779051	0.061285	-4.537491
7.792695	0.432834	1.414871	0.979718	-3.391253	0.569510	0.129431	-4.576856
1.424747	1.073896	1.394813	0.996868	-3.397673	0.559910	0.132558	-4.578656
-7.955451	1.736302	1.373861	1.013612	-3.403805	0.550309	0.135686	-4.580456
10.195529	13.336411	0.803237	1.252427	-3.463612	0.366344	0.195809	-4.614947
-4.414821	11.827117	-0.042896	1.326677	-3.408614	0.182773	0.256331	-4.649476
-12.532687	3.273398	-1.103855	1.204432	-3.206354	-0.026875	0.326439	-4.689249
10.258916	-0.568629	-1.924452	0.871323	-2.874539	-0.233800	0.397001	-4.729053
12.608848	-0.848972	-1.949751	0.851917	-2.857199	-0.242890	0.400138	-4.730817
-12.660651	-1.156268	-1.973846	0.832140	-2.839663	-0.251967	0.403273	-4.732581
4.293639	-10.750223	-2.162147	0.366845	-2.455297	-0.428972	0.465138	-4.767289
19.305721	-17.238903	-1.661975	-0.223026	-2.006585	-0.602414	0.527288	-4.802006
3.976980	-8.539567	-0.221423	-0.951057	-1.433161	-0.795817	0.598780	-4.841768
-28.711346	7.125309	1.436905	-1.604342	-0.817897	-0.982694	0.670574	-4.881525
28.778310	7.737081	1.502342	-1.629834	-0.789544	-0.990947	0.673817	-4.883317
2.038470	8.326816	1.566355	-1.654902	-0.761136	-0.999191	0.677062	-4.885110
-27.983207	14.250053	2.401403	-2.036191	-0.205165	-1.156088	0.740178	-4.919918
4.293367	8.671076	2.210809	-2.167602	0.348737	-1.306476	0.803466	-4.954708
18.654620	-2.775585	1.034679	-1.994758	0.960868	-1.469054	0.875756	-4.994320
-13.931824	-7.806072	-0.578144	-1.523062	1.541761	-1.621336	0.948197	-5.033891
13.330055	-7.756120	-0.651253	-1.495658	1.567069	-1.627946	0.951468	-5.035675
13.636595	-7.678936	-0.723959	-1.467766	1.592292	-1.634534	0.954738	-5.037459
-12.053839	-3.029938	-1.992708	-0.837367	2.063852	-1.757704	1.018267	-5.072063
6.010982	0.931437	-2.761577	-0.063089	2.496566	-1.871490	1.081851	-5.106621
12.911961	1.707257	-2.583080	0.941493	2.936514	-1.989593	1.154819	-5.146196
-6.275210	-0.381331	-1.037211	1.941433	3.306656	-2.093484	1.227790	-5.185695
-13.544004	-0.438030	-0.947871	1.984719	3.321783	-2.097889	1.231133	-5.187503
-4.546831	-0.484732	-0.857977	2.027669	3.336742	-2.102261	1.234477	-5.189311
13.632312	-0.129217	0.857330	2.758014	3.586717	-2.178817	1.297715	-5.223485
-13.786848	0.243652	2.355581	3.265833	3.769482	-2.243215	1.360897	-5.257587
8.755126	-1.404170	3.324491	3.449605	3.887443	-2.300905	1.432734	-5.296322
15.334298	-1.555628	2.962042	3.119825	3.903500	-2.341026	1.504426	-5.334948
-12.396993	2.182946	1.086256	2.366392	3.826732	-2.362747	1.574851	-5.372873
-14.321149	2.961420	-1.720309	1.302117	3.669474	-2.367458	1.645042	-5.410675
14.191388	2.770394	-1.855410	1.247127	3.660425	-2.367280	1.648289	-5.412425
-10.525590	2.552602	-1.989881	1.191725	3.651229	-2.367067	1.651535	-5.414174
-10.784680	-3.354171	-4.100542	0.058978	3.446875	-2.356351	1.713961	-5.447833
8.490049	-2.857343	-4.282174	-1.141290	3.196715	-2.333511	1.776047	-5.481383
-9.864760	3.614314	-1.686299	-2.483768	2.862984	-2.293067	1.846961	-5.519843
14.990323	-1.399950	2.477154	-3.585019	2.492287	-2.238411	1.917191	-5.558138
14.215956	-1.705233	2.651793	-3.624537	2.475285	-2.235689	1.920270	-5.559823
-19.238408	-2.000071	2.823319	-3.663134	2.458237	-2.232941	1.923348	-5.561508
-19.530963	-3.707537	5.147121	-4.207904	2.113926	-2.173582	1.983763	-5.594688
20.044056	3.294711	4.495727	-4.278738	1.760407	-2.104917	2.043477	-5.627729
2.743543	3.688780	0.909438	-3.841478	1.351355	-2.015320	2.111155	-5.665535
-11.864608	-1.499634	-3.579048	-2.971361	0.941316	-1.915269	2.177676	-5.703140
11.716547	-1.714466	-3.763436	-2.923352	0.922576	-1.910468	2.180683	-5.704851
8.713606	-1.917840	-3.944103	-2.874683	0.903821	-1.905644	2.183689	-5.706564
-10.313043	-3.222931	-6.305607	-1.844681	0.546613	-1.810229	2.240373	-5.739067
7.341013	-0.095056	-5.884122	-0.675281	0.188862	-1.708378	2.296000	-5.771403
13.202359	2.368350	-2.779951	0.723740	-0.222689	-1.584265	2.358495	-5.808340
-15.324176	-1.200534	1.438990	2.049686	-0.634690	-1.453501	2.419361	-5.845040
-14.570974	-1.348504	1.625881	2.107125	-0.653809	-1.447291	2.422143	-5.846736
15.492005	-1.482216	1.810041	2.164057	-0.672916	-1.441072	2.424919	-5.848431
1.101238	-1.617558	4.702357	3.127280	-1.031317	-1.322353	2.476262	-5.880111
-17.263381	0.538499	6.423678	3.830152	-1.389866	-1.200066	2.526195	-5.911598
16.848747	1.556533	6.956999	4.198595	-1.802226	-1.055875	2.581763	-5.947560
5.337582	-1.189260	6.091231	4.009214	-2.212966	-0.908797	2.635238	-5.983251
-15.140561	-1.316724	6.025054	3.988088	-2.231755	-0.901959	2.637653	-5.984890
-4.745819	-1.437628	5.957016	3.965971	-2.250523	-0.895117	2.640062	-5.986530
12.944336	-2.181328	4.401609	3.380609	-2.598905	-0.765581	2.684564	-6.017302
-9.752546	0.176974	2.561425	2.533766	-2.933043	-0.635318	2.727303	-6.047857
-10.026694	3.156383	0.403462	1.345690	-3.292186	-0.485160	2.774257	-6.082785
11.404583	1.976832	-1.521004	0.056038	-3.614397	-0.335888	2.818637	-6.117405
7.410726	1.805963	-1.599886	-0.002305	-3.627881	-0.329204	2.820572	-6.118956
-11.653102	1.624999	-1.678092	-0.060615	-3.641278	-0.322520	2.822504	-6.120508
14.641402	-2.726914	-3.034446	-1.155051	-3.879929	-0.194394	2.858690	-6.150328
8.589547	-5.135128	-4.063546	-2.131467	-4.076379	-0.068399	2.892746	-6.179901
-19.477726	6.929017	-4.462855	-3.468840	-4.336190	0.216359	2.964059	-6.248519
5.214989	2.410555	-0.896603	-2.884873	-4.261185	0.479435	3.022064	-6.315656
11.323080	0.471654	-0.798659	-2.854117	-4.255789	0.484848	3.023161	-6.317088
-11.067201	-1.572439	-0.700664	-2.822741	-4.250235	0.490249	3.024253	-6.318520
2.635554	-3.693138	-0.598825	-2.789489	-4.244296	0.495850	3.025379	-6.320007
10.554635	-5.655713	-0.497045	-2.755589	-4.238187	0.501438	3.026499	-6.321494
10.323961	-7.372186	-0.392420	-2.720035	-4.231722	0.507175	3.027643	-6.323023
-10.104482	-8.757877	-0.287982	-2.683817	-4.225078	0.512899	3.028780	-6.324551
9.453784	-3.846370	1.144698	-2.090092	-4.108426	0.594462	3.044408	-6.346645
2.007949	9.291142	2.190593	-1.393119	-3.954307	0.673070	3.058368	-6.368563
-16.200525	9.197393	2.532474	-0.315197	-3.678020	0.777442	3.074959	-6.398792
2.882434	-2.881610	1.647629	0.796601	-3.331073	0.875606	3.088129	-6.428666
23.122088	-8.676772	0.109402	1.856658	-2.891697	0.971761	3.098168	-6.459666
-13.182105	3.187065	-1.205958	2.619496	-2.376999	1.060442	3.104193	-6.490260
-23.406290	3.708990	-1.249137	2.643643	-2.352139	1.064244	3.104367	-6.491624
23.366774	4.198914	-1.290529	2.666784	-2.327130	1.068031	3.104533	-6.492988
0.031369	7.384916	-1.675308	2.900500	-1.818465	1.137612	3.106089	-6.518994
-19.959139	2.432482	-1.194999	2.711373	-1.258015	1.201184	3.104488	-6.544692
17.619574	-5.031865	-0.039919	2.068509	-0.559854	1.267029	3.098590	-6.574060
10.104994	-5.175105	1.103504	1.133122	0.170121	1.324238	3.088237	-6.603008
-16.395759	-5.036296	1.149356	1.085778	0.204148	1.326661	3.087651	-6.604332
2.574416	-4.890145	1.194364	1.038227	0.238167	1.329064	3.087055	-6.605654
17.000124	-1.277614	1.858982	0.124512	0.875372	1.370526	3.074080	-6.630261
-18.768529	2.213834	2.094265	-0.766373	1.501623	1.405082	3.057631	-6.654547
-8.828860	3.327890	1.706154	-1.691105	2.192704	1.436101	3.034243	-6.682260
22.229399	1.420431	0.589316	-2.437904	2.824599	1.457050	3.006208	-6.709538
8.682046	1.271424	0.526492	-2.466512	2.851463	1.457754	3.004827	-6.710764
-22.214357	1.118748	0.462951	-2.494616	2.878153	1.458436	3.003437	-6.711990
21.061251	-1.609683	-0.828897	-2.926106	3.351032	1.467245	2.975099	-6.735189
15.291894	-2.272448	-2.071489	-3.132096	3.746131	1.467867	2.943312	-6.758057
-15.770255	-0.682315	-3.118948	-3.046410	4.098451	1.457969	2.902196	-6.784128
13.692306	1.901055	-3.583103	-2.583988	4.340366	1.436220	2.856510	-6.809747
11.059172	1.991994	-3.587938	-2.554006	4.348813	1.434943	2.854328	-6.810899
-13.590771	2.077180	-3.591233	-2.523278	4.357037	1.433640	2.852138	-6.812050
10.850508	2.488449	-3.328418	-1.809452	4.472694	1.403985	2.808817	-6.833731
14.259034	0.875524	-2.375257	-0.901575	4.513417	1.364828	2.762253	-6.855070
-1.324186	-2.377637	-0.583931	0.288778	4.470448	1.307915	2.704412	-6.879335
-16.284132	-4.293682	1.355859	1.513381	4.334036	1.239512	2.642438	-6.903134
16.270500	-4.296491	1.437019	1.567875	4.325672	1.236149	2.639526	-6.904204
7.648028	-4.289636	1.517178	1.622213	4.317116	1.232763	2.636603	-6.905274
-15.142073	-1.992708	2.823227	2.601845	4.119960	1.164616	2.579606	-6.925386
-9.581205	3.989744	3.672794	3.431062	3.858025	1.089537	2.519695	-6.945146
11.124790	7.041097	3.992123	4.102851	3.474999	0.994519	2.446506	-6.967665
-11.532148	-1.320521	3.569805	4.374496	3.011437	0.892226	2.369595	-6.989700
-10.840054	-1.830785	3.537048	4.377579	2.988403	0.887387	2.365987	-6.990697
11.749714	-2.336043	3.503411	4.379885	2.965217	0.882536	2.362372	-6.991693
-3.177508	-8.889394	2.750013	4.283940	2.499717	0.788477	2.292555	-7.010345
-17.828661	-5.530708	1.914897	3.945693	1.989699	0.690604	2.220110	-7.028629
17.652297	9.538430	0.972748	3.300519	1.360364	0.574276	2.133642	-7.049198
5.420123	10.282421	0.100139	2.429936	0.698983	0.454977	2.043909	-7.069271
-12.902678	9.941556	0.060424	2.385494	0.668158	0.449460	2.039723	-7.070179
-13.728183	9.576760	0.020622	2.340662	0.637277	0.443935	2.035527	-7.071086
11.702547	2.036277	-0.725463	1.428501	0.046726	0.338593	1.954727	-7.088087
-13.431106	1.750050	-1.384077	0.421442	-0.546753	0.232650	1.871628	-7.104707
-8.095524	0.511418	-1.898978	-0.811438	-1.221067	0.110942	1.773255	-7.123359
22.004724	-4.232840	-2.002755	-2.074878	-1.872433	-0.009491	1.672043	-7.141500
7.899394	-4.516863	-1.994950	-2.133556	-1.901939	-0.015044	1.667267	-7.142332
-22.005756	-4.799783	-1.985898	-2.192183	-1.931363	-0.020592	1.662486	-7.143162
5.781267	-8.086218	-1.569602	-3.269846	-2.464542	-0.123216	1.572009	-7.158482
15.231559	-4.483561	-0.707533	-4.276004	-2.958986	-0.223220	1.479558	-7.173409
-13.360986	6.181861	0.395121	-5.257635	-3.466900	-0.333915	1.371020	-7.190066
13.380227	2.118553	1.076299	-5.933911	-3.896933	-0.439089	1.260082	-7.206197
15.940467	1.745553	1.093226	-5.955843	-3.914484	-0.443743	1.254959	-7.206921
-16.090087	1.377003	1.108813	-5.976910	-3.931829	-0.448381	1.249834	-7.207644
-11.425626	-3.675693	1.143756	-6.211243	-4.223588	-0.533964	1.151273	-7.221206
19.657635	-3.803007	0.662014	-6.120766	-4.436580	-0.613728	1.051057	-7.234363
-1.503965	0.419568	-0.364883	-5.625252	-4.582874	-0.697213	0.934013	-7.248974
-15.560978	3.638335	-1.058731	-4.728904	-4.630894	-0.770953	0.815000	-7.263044
15.384763	3.654449	-1.065580	-4.678264	-4.630878	-0.774118	0.809434	-7.263684
0.508398	3.652406	-1.069377	-4.626835	-4.630669	-0.777263	0.803860	-7.264322
-12.148709	0.483030	-0.677770	-3.539778	-4.592022	-0.831897	0.698540	-7.276089
11.432138	-4.681223	0.178378	-2.284681	-4.490728	-0.878300	0.591894	-7.287440
3.253486	-0.065082	1.012745	-0.760745	-4.303900	-0.921559	0.468249	-7.299923
-16.022433	5.912582	1.133569	0.722454	-4.048186	-0.954585	0.343072	-7.311853
-11.326542	5.949307	1.111475	0.792825	-4.033765	-0.955969	0.336795	-7.312433
16.151426	5.945924	1.086226	0.862793	-4.019182	-0.957329	0.330511	-7.313012
-0.259585	0.919101	0.294141	2.011373	-3.741677	-0.977110	0.220545	-7.322871
-14.758136	-5.969234	-0.589952	3.033177	-3.422677	-0.989654	0.109584	-7.332308
13.071134	-4.746132	-0.911765	4.072437	-3.007980	-0.995413	-0.019910	-7.342693
-5.547391	4.102707	-0.630215	4.983095	-2.551098	-0.992099	-0.150515	-7.352505
-12.390288	4.402711	-0.607030	5.023564	-2.527963	-0.991713	-0.156884	-7.352967
-0.531425	4.670214	-0.583233	5.063640	-2.504746	-0.991306	-0.163254	-7.353427
12.715666	4.587131	-0.102694	5.704737	-2.078731	-0.980679	-0.277004	-7.361394
-13.183613	-0.800153	0.321563	6.186118	-1.631656	-0.963799	-0.391376	-7.368926
-6.753114	-2.929721	0.414293	6.503904	-1.080029	-0.935996	-0.527779	-7.377300
13.464382	-0.214716	-0.090053	6.474666	-0.511829	-0.900179	-0.664688	-7.385054
-8.061542	2.860657	-0.407742	6.017454	0.016496	-0.861025	-0.789461	-7.391566
-14.347141	1.503348	-0.014334	5.040036	0.550193	-0.815950	-0.914314	-7.397558
14.408961	1.236838	0.018501	4.978047	0.576966	-0.813541	-0.920571	-7.397844
3.691202	0.951347	0.051972	4.914910	0.603736	-0.811118	-0.926828	-7.398130
-16.166826	-3.741657	0.701066	3.480934	1.124177	-0.761104	-1.048838	-7.403434
-11.300183	1.758854	0.938624	1.769983	1.636759	-0.706130	-1.170566	-7.408235
18.259127	2.069661	0.933024	1.684064	1.660964	-0.703383	-1.176375	-7.408452
-18.345318	2.365050	0.925627	1.597851	1.685152	-0.700624	-1.182188	-7.408668
-9.979660	4.749013	0.356683	-0.137689	2.158503	-0.643618	-1.297545	-7.412720
19.624988	1.689425	-0.976151	-1.811923	2.613362	-0.582771	-1.412293	-7.416311
9.718643	-5.272978	-2.388883	-3.470985	3.106816	-0.508432	-1.543305	-7.419868
-13.823225	-4.898773	-2.390590	-4.636867	3.560836	-0.429869	-1.673057	-7.422806
13.614696	-4.475171	-2.346213	-4.675645	3.580770	-0.426137	-1.679030	-7.422927
10.489495	-4.011494	-2.297749	-4.712956	3.600601	-0.422397	-1.684999	-7.423047
-9.697525	5.389690	-0.718031	-5.152134	3.952898	-0.350737	-1.796452	-7.425046
-3.347758	1.403161	1.653062	-5.133631	4.263982	-0.276563	-1.906592	-7.426572
9.349496	-5.708928	3.668287	-4.621507	4.566833	-0.188514	-2.031462	-7.427740
-13.028583	2.335861	3.316910	-3.666660	4.805861	-0.098000	-2.154129	-7.428274
-11.324425	2.795569	3.244285	-3.611931	4.815488	-0.093668	-2.159868	-7.428283
13.383585	3.233022	3.167366	-3.556411	4.824960	-0.089332	-2.165602	-7.428292
-13.882850	6.514736	1.120853	-2.420210	4.970746	-0.008883	-2.270007	-7.428186
-18.330280	1.944589	-1.609245	-1.153843	5.060328	0.072750	-2.372387	-7.427595
20.688340	-7.150897	-4.390514	0.296958	5.089237	0.167851	-2.487591	-7.426311
18.384633	-5.332715	-5.685850	1.549537	5.033517	0.263587	-2.599645	-7.424378
-22.769306	-5.009906	-5.710656	1.601152	5.028638	0.268175	-2.604927	-7.424269
22.828549	-4.675096	-5.732498	1.651885	5.023549	0.272764	-2.610206	-7.424158
10.706054	2.005299	-5.704631	2.416424	4.895187	0.355601	-2.704318	-7.421898
-22.329039	6.483409	-5.202398	2.912108	4.695781	0.437680	-2.795698	-7.419143
-7.472233	4.995379	-4.520640	3.189707	4.374833	0.530729	-2.897542	-7.415346
18.670012	1.483058	-3.755413	3.189505	3.960666	0.621178	-2.995291	-7.410882
-6.863387	1.394241	-3.716465	3.183363	3.939330	0.625292	-2.999718	-7.410659
-18.525279	1.316737	-3.677114	3.176701	3.917796	0.629402	-3.004139	-7.410434
17.513633	1.134949	-2.856719	2.959920	3.480852	0.705071	-3.085371	-7.405947
2.671228	0.900405	-1.749409	2.583691	2.987134	0.777491	-3.163126	-7.400949
-16.969980	-0.464464	0.378427	1.983110	2.360242	0.855862	-3.247853	-7.394580
14.346353	-1.570797	3.313544	1.233026	1.679697	0.928336	-3.327517	-7.387530
16.996509	-1.538833	3.452059	1.196494	1.648180	0.931428	-3.330959	-7.387199
-16.985246	-1.495614	3.590446	1.159731	1.616580	0.934507	-3.334392	-7.386866
-2.807804	0.625467	6.028221	0.405200	0.988738	0.991460	-3.398858	-7.380143
15.109331	1.538765	7.217721	-0.411515	0.337213	1.042878	-3.459306	-7.372903
3.882168	-2.338303	5.856726	-1.362498	-0.433635	1.094663	-3.523900	-7.363910
-11.967518	-2.089988	1.618232	-2.157267	-1.214879	1.137733	-3.582929	-7.354221
11.972646	-1.784233	1.372692	-2.186464	-1.250348	1.139467	-3.585470	-7.353765
-0.376925	-1.448083	1.123688	-2.214925	-1.285814	1.141181	-3.587999	-7.353308
-13.586926	5.224891	-3.601397	-2.593664	-1.963509	1.170180	-3.634202	-7.344270
9.864435	0.036973	-6.250245	-2.569462	-2.631799	1.191535	-3.676032	-7.334700
23.667604	-7.690156	-5.480789	-1.954046	-3.374375	1.206086	-3.718679	-7.323039
-26.544918	-0.131144	-0.762676	-0.880946	-4.069417	1.209359	-3.755499	-7.310669
-11.417754	0.472983	-0.484767	-0.818612	-4.103048	1.209214	-3.757213	-7.310022
26.456045	1.069357	-0.207865	-0.755703	-4.136522	1.209039	-3.758913	-7.309373
-5.258988	7.882810	3.668581	0.368050	-4.676776	1.201273	-3.785585	-7.298035
-16.627545	6.125757	4.451111	1.485105	-5.151547	1.184250	-3.807966	-7.286160
11.396736	-5.769955	2.320644	2.577028	-5.603003	1.152434	-3.828602	-7.271708
7.956522	-4.346825	-0.997276	3.255975	-5.928281	1.107131	-3.843569	-7.256527
-10.825375	-3.976736	-1.139558	3.273913	-5.939795	1.104730	-3.844119	-7.255816
10.347906	-3.591481	-1.279133	3.290560	-5.951000	1.102300	-3.844656	-7.255104
13.189569	3.321916	-2.984477	3.338836	-6.104475	1.050645	-3.852632	-7.241321
-15.615487	2.266727	-2.100220	2.848625	-6.146396	0.988078	-3.856437	-7.226997
6.942464	-2.933193	0.381843	1.782923	-6.063596	0.902201	-3.855681	-7.209811
12.166581	-2.516339	1.932427	0.438809	-5.851814	0.802705	-3.849454	-7.191926
17.159957	-2.220350	1.965123	0.373310	-5.838894	0.797717	-3.849027	-7.191068
-17.127281	-1.894069	1.993936	0.307779	-5.825709	0.792699	-3.848589	-7.190209
16.065582	4.744947	1.796908	-0.889041	-5.537069	0.695180	-3.838310	-7.174034
13.781093	1.392284	0.375509	-2.022352	-5.169139	0.589400	-3.823953	-7.157348
-12.665063	-6.910206	-1.359242	-3.177300	-4.661392	0.459414	-3.802559	-7.137643
12.226484	-5.470310	-1.764401	-4.109902	-4.072670	0.321162	-3.775903	-7.117292
12.177050	-5.063490	-1.750667	-4.147355	-4.042942	0.314423	-3.774509	-7.116311
-6.695342	-4.626252	-1.734472	-4.184122	-4.013079	0.307672	-3.773104	-7.115329
-13.749223	5.174053	-1.061053	-4.749155	-3.436199	0.180542	-3.745081	-7.096961
16.275276	7.822739	0.083346	-5.118771	-2.815380	0.049137	-3.713097	-7.078118
-2.267002	-1.843524	1.518630	-5.341240	-2.057556	-0.105496	-3.671618	-7.055957
-19.281877	-6.161440	2.565181	-5.395659	-1.255574	-0.263175	-3.625017	-7.033197
19.222849	-5.835556	2.594955	-5.394885	-1.217801	-0.270469	-3.622754	-7.032137
14.708861	-5.453249	2.622712	-5.393857	-1.179954	-0.277767	-3.620481	-7.031076
-17.163338	4.905167	2.712794	-5.331787	-0.448975	-0.416760	-3.575294	-7.010703
4.569401	3.621526	1.915637	-5.198911	0.300383	-0.556033	-3.526275	-6.989892
15.826390	-2.536702	0.428672	-4.943909	1.174812	-0.715444	-3.465169	-6.965417
-14.006081	1.354488	-0.888879	-4.584289	2.050551	-0.872641	-3.399071	-6.940387
-16.727039	1.550227	-0.936739	-4.564176	2.093319	-0.880269	-3.395701	-6.939145
16.715893	1.722112	-0.982456	-4.543839	2.136059	-0.887889	-3.392320	-6.937902
2.811378	1.091539	-1.546280	-4.146098	2.884109	-1.020723	-3.330698	-6.915755
-12.700559	-1.793675	-2.148996	-3.667708	3.615046	-1.149870	-3.265400	-6.893210
10.612630	-0.687574	-3.413303	-3.032221	4.393927	-1.287334	-3.188930	-6.867822
-11.202797	3.411183	-4.643824	-2.271410	5.131397	-1.417993	-3.108028	-6.841967
14.604063	-1.352359	-4.951148	-1.329716	5.844470	-1.545654	-3.019007	-6.814528
14.729942	-5.414800	-3.715942	-0.233970	6.488563	-1.663211	-2.925269	-6.786606
-18.575211	-5.319925	-3.616319	-0.181809	6.515696	-1.668235	-2.920947	-6.785340
11.389525	-5.189833	-3.512795	-0.129478	6.542646	-1.673231	-2.916619	-6.784073
19.930709	1.299801	-0.945897	0.915253	7.030121	-1.765112	-2.831059	-6.759387
-18.590807	6.223778	1.924003	1.992594	7.447405	-1.847200	-2.742130	-6.734354
-14.883031	3.749470	4.411005	3.219791	7.830616	-1.928360	-2.635643	-6.705102
8.420884	-2.161677	5.749725	4.371534	8.097795	-1.993774	-2.524948	-6.675413
11.185965	-2.392699	5.785145	4.421680	8.107097	-1.996382	-2.519755	-6.674037
-11.067873	-2.614597	5.818395	4.471558	8.116132	-1.998954	-2.514549	-6.672658
10.044322	-4.938532	6.053334	5.351253	8.234071	-2.040562	-2.414348	-6.646383
10.308060	-3.352254	5.634928	6.079809	8.245548	-2.068127	-2.311156	-6.619793
-7.899795	2.046233	4.651267	6.697275	8.117472	-2.082185	-2.188880	-6.588821
-14.101505	3.064474	3.464121	7.090254	7.829796	-2.077627	-2.063004	-6.557459
14.170611	2.845901	3.411196	7.102969	7.813020	-2.076994	-2.057246	-6.556036
-2.767723	2.600482	3.358442	7.115263	7.795915	-2.076325	-2.051480	-6.554612
-14.737499	-2.912080	2.246338	7.270719	7.407174	-2.056726	-1.940240	-6.527306
13.323828	-0.772855	0.611802	7.280754	6.901437	-2.024503	-1.826630	-6.499729
1.563761	3.274684	-1.770927	7.113107	6.172965	-1.971732	-1.691409	-6.467255
-8.455178	2.061437	-4.154208	6.749644	5.312135	-1.903399	-1.553372	-6.434437
8.462390	1.804425	-4.248381	6.728777	5.270918	-1.899998	-1.547145	-6.432963
0.621501	1.531683	-4.340877	6.707510	5.229477	-1.896568	-1.540913	-6.431489
-12.635343	-3.462282	-5.687998	6.219433	4.390206	-1.824900	-1.419906	-6.402973
-13.481300	-1.045789	-6.063523	5.580235	3.481223	-1.742950	-1.297116	-6.374220
16.250172	2.879345	-6.102918	4.641001	2.350563	-1.635197	-1.151953	-6.340424
-3.149792	-2.032496	-6.558845	3.488433	1.161861	-1.515078	-1.004766	-6.306332
-15.405323	-2.233377	-6.578157	3.435724	1.111371	-1.509818	-0.998593	-6.304905
0.208805	-2.419538	-6.596735	3.382637	1.060816	-1.504538	-0.992418	-6.303478
12.551564	-2.432882	-6.667859	2.201442	0.004801	-1.391177	-0.864229	-6.273904
-10.805779	2.756592	-5.523481	0.866875	-1.065870	-1.269897	-0.734844	-6.244127
8.627968	0.472252	-1.800906	-0.789519	-2.305959	-1.120475	-0.583894	-6.209449
12.245115	-4.763110	2.808507	-2.423965	-3.529540	-0.962031	-0.431729	-6.174522
-12.263801	-4.868451	2.997508	-2.494076	-3.583609	-0.954742	-0.424893	-6.172953
-2.803807	-4.951689	3.183165	-2.563764	-3.637568	-0.947442	-0.418060	-6.171385
12.208066	-2.135378	6.014096	-3.827768	-4.673027	-0.801873	-0.284388	-6.140698
-3.049446	6.498571	6.912512	-4.844996	-5.666924	-0.650701	-0.150105	-6.109842
-15.266943	8.195550	5.024631	-5.623249	-6.728800	-0.472958	0.002939	-6.074610
19.947164	-7.026669	0.576559	-5.965975	-7.701619	-0.289534	0.156387	-6.039182
19.307965	-7.567847	0.350112	-5.970735	-7.743074	-0.281145	0.163311	-6.037580
-20.396649	-8.059203	0.123451	-5.974553	-7.784307	-0.272746	0.170235	-6.035979
24.096740	-9.043391	-3.944222	-5.860273	-8.534376	-0.108836	0.303914	-6.004993
26.093516	-1.705848	-6.498132	-5.376375	-9.189217	0.058154	0.437598	-5.973877
-12.792156	5.715841	-7.182513	-4.345780	-9.814428	0.254832	0.592364	-5.937663
-20.168748	7.947007	-5.332109	-2.885495	-10.284504	0.454073	0.746744	-5.901299
19.873277	7.883416	-5.177152	-2.807742	-10.302917	0.463643	0.754107	-5.899559
-0.869116	7.801508	-5.016171	-2.729471	-10.320942	0.473210	0.761464	-5.897818
-7.724390	-6.650114	3.494317	0.625719	-10.722539	0.857990	1.054240	-5.827998
11.265913	-5.114563	7.070419	3.520474	-10.459606	1.243372	1.343350	-5.757763
9.638231	-3.910235	7.051615	3.571758	-10.445033	1.252313	1.350038	-5.756121
-12.003207	-2.672627	7.027857	3.622057	-10.430064	1.261250	1.356723	-5.754478
-5.823790	-1.254057	6.993955	3.679307	-10.412154	1.271639	1.364495	-5.752568
12.900028	0.074106	6.953266	3.735204	-10.393705	1.282024	1.372262	-5.750657
-19.198838	5.626272	5.499301	4.408485	-10.052904	1.436497	1.487864	-5.722074
5.872425	0.087471	2.547104	4.778568	-9.587152	1.589292	1.602505	-5.693445
23.974225	-6.011185	-1.900035	4.813737	-8.811956	1.779484	1.746060	-5.657156
17.814305	-1.227348	-5.261065	4.370461	-7.824939	1.965190	1.887727	-5.620814
-17.327154	7.520992	-6.434479	3.482538	-6.650823	2.143835	2.026081	-5.584753
6.186898	7.038651	-4.745496	2.210150	-5.311493	2.316114	2.162203	-5.548662
14.068433	6.396566	-4.581554	2.138924	-5.240697	2.324553	2.168955	-5.546854
-14.000683	5.675474	-4.410417	2.067141	-5.169573	2.332974	2.175701	-5.545047
14.593622	-9.486496	-0.411212	0.651534	-3.785780	2.486748	2.300593	-5.511270
-6.224385	0.160755	3.504379	-0.806893	-2.316276	2.633204	2.423188	-5.477489
-17.785838	0.889481	3.667374	-0.877799	-2.241628	2.640265	2.429207	-5.475813
17.952513	1.594480	3.826246	-0.948439	-2.166839	2.647305	2.435220	-5.474137
6.266227	9.823532	5.866440	-2.237375	-0.697747	2.779342	2.550256	-5.441742
-13.579490	10.273874	5.412194	-3.301510	0.798920	2.903132	2.662886	-5.409359
-24.293203	4.687438	2.241895	-4.146632	2.511038	3.033539	2.788416	-5.372396
24.096747	-3.554481	-1.989876	-4.560876	4.191249	3.151215	2.910426	-5.335471
21.045302	-3.865611	-2.179123	-4.569304	4.268371	3.156383	2.916036	-5.333747
-24.030369	-4.162203	-2.366098	-4.576744	4.345394	3.161525	2.921641	-5.332023
17.467525	-6.975319	-5.153721	-4.530451	5.754475	3.251974	3.024944	-5.299789
22.238547	-5.005258	-5.936128	-4.138344	7.090749	3.331105	3.125242	-5.267604
-11.803349	1.291336	-4.444952	-3.338915	8.506278	3.406884	3.236180	-5.230837
-18.818541	2.797202	-0.885396	-2.259430	9.772660	3.465865	3.342805	-5.194156
18.695386	2.667618	-0.685995	-2.206177	9.825328	3.468092	3.347467	-5.192519
3.925851	2.519609	-0.483501	-2.152530	9.877673	3.470285	3.352123	-5.190880
-15.637479	-1.626602	3.664647	-1.046582	10.823558	3.505772	3.441134	-5.158954
12.385099	-1.901626	6.845751	0.127960	11.612793	3.526883	3.526546	-5.127115
-5.649007	1.881296	7.431545	1.479659	12.301842	3.532481	3.620124	-5.090623
-9.905437	2.449643	3.469186	2.728820	12.729563	3.517074	3.708574	-5.054268
-0.385223	2.235988	3.189427	2.780477	12.742244	3.515864	3.712445	-5.052629
10.124244	1.999154	2.902188	2.831605	12.754330	3.514609	3.716305	-5.050991
-13.070119	-2.741507	-3.356374	3.691228	12.867362	3.481546	3.788400	-5.019565
-3.930239	0.539084	-8.593357	4.245009	12.740357	3.431226	3.856465	-4.988260
14.058437	3.621711	-9.240896	4.363114	12.273434	3.352621	3.929889	-4.952323
4.003407	-4.554978	-1.976622	3.810482	11.462425	3.253304	3.997827	-4.916568
-11.839268	-4.818094	-1.590529	3.774100	11.421539	3.248722	4.000546	-4.915078
11.783719	-5.052713	-1.203723	3.736765	11.380123	3.244106	4.003256	-4.913587
-12.052947	8.883583	10.318400	1.231063	8.977278	2.998441	4.116954	-4.845777
-11.644053	-2.048543	-2.215686	-1.835333	5.806777	2.691298	4.210819	-4.778776
16.992074	-4.633868	-2.621310	-1.900673	5.722616	2.683106	4.212867	-4.777151
16.051409	-7.207630	-3.022489	-1.965103	5.638202	2.674883	4.214902	-4.775527
-17.960964	-9.620503	-3.422930	-2.029288	5.552602	2.666538	4.216949	-4.773885
13.268699	-11.699094	-3.817507	-2.092479	5.466754	2.658161	4.218984	-4.772245
27.593348	-11.444358	-8.946874	-2.958422	4.026920	2.516281	4.250705	-4.745396
2.239736	4.300201	-10.361258	-3.402066	2.543742	2.366483	4.279297	-4.718700
-25.489090	9.908769	-6.922385	-3.214298	0.591066	2.161567	4.311742	-4.684349
10.843685	-6.891392	0.548771	-2.376284	-1.365638	1.945613	4.339058	-4.650277
14.240595	-7.321800	0.855456	-2.333259	-1.444029	1.936708	4.340051	-4.648912
-13.895879	-7.690764	1.158516	-2.289692	-1.522373	1.927788	4.341036	-4.647547
9.665348	-4.669870	6.475696	-1.264524	-3.184405	1.733054	4.360178	-4.618425
9.316376	3.816393	8.738001	-0.202521	-4.795412	1.531955	4.375609	-4.589529
-9.466002	2.074595	6.715560	0.843552	-6.558340	1.292341	4.388897	-4.556382
-7.634278	-1.280094	1.539930	1.581416	-8.172082	1.046551	4.397349	-4.523562
6.572216	-1.271208	1.262518	1.607116	-8.243410	1.034913	4.397627	-4.522034
9.866284	-1.239197	0.984250	1.631950	-8.314289	1.023272	4.397895	-4.520507
-11.640119	1.369879	-3.775444	1.928023	-9.541734	0.807569	4.400968	-4.492581
14.688261	0.816755	-6.347207	1.890103	-10.615279	0.589129	4.400566	-4.464915
12.763647	-3.397548	-5.752611	1.412634	-11.664355	0.332647	4.395786	-4.433070
-17.079528	-2.503029	-1.727050	0.607342	-12.507868	0.074825	4.386434	-4.401600
3.140342	-2.151380	-1.512020	0.568211	-12.540645	0.063404	4.385916	-4.400216
16.749058	-1.771538	-1.296590	0.529021	-12.573023	0.051991	4.385389	-4.398834
-11.813751	5.534097	2.559656	-0.214689	-13.130005	-0.170081	4.373384	-4.372070
-5.472955	1.386320	4.569160	-0.792481	-13.552751	-0.391322	4.358086	-4.345595
4.606788	-5.356556	4.128468	-1.073652	-13.886401	-0.646719	4.336187	-4.315148
-1.971325	0.914717	1.301064	-0.987527	-14.060816	-0.898620	4.309950	-4.285104
-8.111267	1.226509	1.150040	-0.977135	-14.064963	-0.909589	4.308698	-4.283793
11.736542	1.520329	0.998339	-0.966271	-14.068820	-0.920549	4.307439	-4.282483
13.730971	2.961849	-1.901680	-0.672718	-14.086602	-1.133041	4.281130	-4.257000
-17.128180	-1.843645	-3.968664	-0.276731	-13.997386	-1.341204	4.251702	-4.231821
16.272722	-0.408225	-4.217172	0.211722	-13.764450	-1.575975	4.213847	-4.203096
4.388652	0.971916	-2.049814	0.642282	-13.395759	-1.804051	4.171942	-4.174787
-12.699793	0.880321	-1.890875	0.659956	-13.375128	-1.814612	4.169871	-4.173465
1.102466	0.769794	-1.727132	0.677362	-13.354191	-1.825163	4.167791	-4.172143
11.283047	-1.794299	1.650759	0.940907	-12.915368	-2.017172	4.127788	-4.147904
-5.446679	1.085986	4.271416	1.068060	-12.379133	-2.203634	4.084812	-4.123982
-16.484619	4.900147	5.082923	0.993124	-11.642358	-2.411087	4.031722	-4.096846
20.049289	-0.228899	3.068524	0.643880	-10.774060	-2.610556	3.974812	-4.070139
12.221102	-0.654551	2.934466	0.622921	-10.732453	-2.619241	3.972192	-4.068961
-20.249884	-1.088509	2.798231	0.601590	-10.690628	-2.627903	3.969567	-4.067784
21.063958	-7.667665	-0.051076	0.120119	-9.825291	-2.793802	3.916785	-4.044966
18.877612	-4.148757	-2.542715	-0.438287	-8.872756	-2.953187	3.861213	-4.022477
-20.908687	4.781930	-4.687103	-1.086828	-7.679255	-3.128078	3.793934	-3.997034
-2.161199	7.721309	-6.070668	-1.639710	-6.394389	-3.293751	3.723080	-3.972030
21.927270	7.703155	-6.115769	-1.660877	-6.333885	-3.301079	3.719766	-3.970900
-3.402818	7.674890	-6.159302	-1.681597	-6.273266	-3.308382	3.716446	-3.969772
-22.978747	5.779563	-6.695139	-1.983389	-5.087837	-3.443980	3.651672	-3.948416
22.731395	2.505821	-6.655161	-2.074097	-3.856328	-3.572111	3.584284	-3.927398
12.134786	-2.806509	-5.836848	-1.889523	-2.398891	-3.709794	3.503704	-3.903674
-16.878899	-3.455727	-4.129237	-1.442183	-0.912302	-3.837009	3.419790	-3.880402
16.720983	-3.243080	-4.036441	-1.417327	-0.846118	-3.842392	3.416000	-3.879383
15.828231	-3.006537	-3.942301	-1.392072	-0.779867	-3.847757	3.412202	-3.878363
-13.897701	2.750392	-1.791401	-0.826231	0.523853	-3.948831	3.336273	-3.858520
0.671235	1.941664	0.941514	-0.156895	1.823466	-4.041490	3.257913	-3.839023
13.175340	-2.501592	4.132501	0.686500	3.299127	-4.137440	3.164765	-3.817017
-14.235913	-1.744396	6.388617	1.546257	4.736332	-4.221628	3.068508	-3.795475
-15.397906	-1.585713	6.459269	1.584435	4.800052	-4.225148	3.064088	-3.794513
15.509188	-1.419454	6.526907	1.622483	4.863613	-4.228640	3.059665	-3.793553
-2.204567	2.237542	7.205201	2.325468	6.060696	-4.290943	2.973439	-3.775279
-19.311751	3.771223	6.539282	2.945831	7.202701	-4.343902	2.884967	-3.757361
19.919202	-0.298811	4.062828	3.510928	8.433861	-4.393008	2.780414	-3.737183
21.163106	-4.589021	0.704108	3.888032	9.559194	-4.429128	2.672996	-3.717481
-21.175161	-4.641189	0.556232	3.899824	9.605628	-4.430403	2.668243	-3.716632
14.378121	-4.675483	0.409189	3.911201	9.651794	-4.431653	2.663488	-3.715785
21.368659	-2.075109	-2.313439	4.050049	10.522657	-4.451261	2.567348	-3.699038
-4.028270	4.002838	-4.450306	4.008952	11.286936	-4.460510	2.469122	-3.682660
-22.409867	5.249829	-5.852610	3.717164	12.019266	-4.458071	2.353829	-3.664311
21.068536	-4.542048	-5.939142	3.143819	12.585477	-4.441348	2.235891	-3.646453
22.252000	-4.893931	-5.918644	3.111483	12.606962	-4.440252	2.230510	-3.645659
-22.194217	-5.213735	-5.896524	3.078587	12.628107	-4.439124	2.225120	-3.644866
16.387958	-5.616130	-5.207887	2.350126	12.966546	-4.411575	2.120354	-3.629793
16.865335	0.040194	-4.160090	1.473991	13.176885	-4.372734	2.013661	-3.615095
-11.118993	5.885674	-2.708373	0.342104	13.264616	-4.313513	1.888039	-3.598584
-11.909846	6.346874	-1.199224	-0.845898	13.190753	-4.238744	1.759959	-3.582581
11.944846	6.183736	-1.134322	-0.898140	13.183897	-4.235112	1.754283	-3.581890
-1.284116	6.004885	-1.069627	-0.950338	13.176742	-4.231450	1.748602	-3.581200
-14.233074	0.647313	0.166671	-1.966982	12.974560	-4.153183	1.635415	-3.567774
17.385776	-4.384857	1.325873	-2.936395	12.659270	-4.063905	1.520492	-3.554733
8.663915	-6.755564	2.564808	-3.953020	12.164135	-3.948587	1.386813	-3.540277
-20.423816	-1.841164	3.587733	-4.830087	11.531285	-3.819825	1.251011	-3.526332
5.476116	-1.377491	3.619364	-4.865477	11.499779	-3.813747	1.244875	-3.525719
20.348890	-0.895271	3.649217	-4.900499	11.468007	-3.807644	1.238736	-3.525107
-19.146912	6.699267	3.775872	-5.501395	10.797416	-3.683768	1.118451	-3.513398
-10.539100	0.561045	2.829976	-5.921894	10.030394	-3.550578	0.996804	-3.502085
19.384870	-6.780886	0.702200	-6.142612	9.029403	-3.385696	0.854760	-3.489512
-2.922854	3.454334	-1.814903	-6.037119	7.910906	-3.209594	0.711246	-3.477473
-20.530392	3.970064	-1.917951	-6.023667	7.856579	-3.201208	0.704591	-3.476930
20.529154	4.457262	-2.018521	-6.009434	7.802053	-3.192806	0.697939	-3.476389
6.742245	7.632414	-3.253737	-5.592322	6.739255	-3.031395	0.572878	-3.466469
-16.679863	1.574535	-2.838178	-4.885066	5.603468	-2.862554	0.446985	-3.456951
5.562569	-9.257534	-0.892538	-3.759874	4.218998	-2.659400	0.301094	-3.446489
13.124444	-7.039586	1.523295	-2.376174	2.771582	-2.447571	0.154436	-3.436567
-2.434354	-6.305748	1.623605	-2.308325	2.704548	-2.437723	0.147738	-3.436128
-13.264129	-5.512218	1.721978	-2.240168	2.637487	-2.427864	0.141043	-3.435690
15.743362	11.146276	3.069910	-0.882001	1.346599	-2.236492	0.012992	-3.427548
-17.860561	8.192533	3.042317	0.542671	0.049083	-2.039507	-0.115367	-3.419819
-15.008508	-7.239902	1.728892	2.177999	-1.429210	-1.806203	-0.263439	-3.411432
11.458476	-12.515736	-0.149731	3.707119	-2.862796	-1.566633	-0.411586	-3.403600
17.386605	-12.019943	-0.237244	3.774211	-2.928193	-1.555299	-0.418505	-3.403248
-17.346381	-11.433873	-0.324053	3.840790	-2.993385	-1.543961	-0.425419	-3.402897
16.684624	6.310095	-1.766151	4.976520	-4.168532	-1.331686	-0.553501	-3.396616
2.804869	12.028055	-2.716886	5.880359	-5.268979	-1.115648	-0.681377	-3.390755
-14.338556	3.102483	-2.965412	6.555224	-6.426772	-0.862210	-0.828529	-3.384517
-7.448111	-8.681605	-2.411066	6.770411	-7.445484	-0.604951	-0.975063	-3.378844
11.972846	-9.075751	-2.367362	6.768635	-7.491384	-0.592311	-0.982194	-3.378582
-1.189930	-9.438818	-2.322293	6.765712	-7.536947	-0.579656	-0.989328	-3.378321
-9.857855	-9.732817	-1.339180	6.532022	-8.284502	-0.353762	-1.115660	-3.373911
8.732325	0.639071	-0.151940	5.986224	-8.912755	-0.125939	-1.241256	-3.369932
-9.193278	8.204262	1.144545	5.069414	-9.463544	0.127651	-1.379097	-3.366036
2.138723	2.478510	2.174918	3.851885	-9.858146	0.382537	-1.515737	-3.362671
14.819814	-6.663165	2.701546	2.290183	-10.097774	0.649821	-1.657148	-3.359724
-18.446922	-6.357399	2.418593	0.515065	-10.154441	0.917293	-1.796895	-3.357364
10.506924	-6.120429	2.385216	0.431222	-10.152554	0.929533	-1.803250	-3.357271
18.744887	-5.870224	2.350089	0.347292	-10.150270	0.941771	-1.809601	-3.357178
-8.712333	-0.036834	1.389352	-1.236178	-10.031039	1.173268	-1.929172	-3.355656
-22.141277	4.049868	-0.006800	-2.725633	-9.764310	1.403364	-2.047227	-3.354581
21.725310	1.998564	-1.749973	-4.166819	-9.269661	1.664722	-2.180848	-3.353899
7.056712	-1.856925	-2.581760	-5.146377	-8.567019	1.921387	-2.312126	-3.353814
-19.583462	-1.922446	-2.577159	-5.179774	-8.526585	1.933982	-2.318581	-3.353825
14.064940	-1.967010	-2.567090	-5.211553	-8.485647	1.946554	-2.325025	-3.353838
17.340337	-0.477529	-1.592546	-5.512479	-7.686465	2.164039	-2.436853	-3.354302
-16.258319	1.179847	0.416215	-5.343573	-6.746261	2.375726	-2.546645	-3.355221
0.248120	-1.617644	2.733404	-4.549755	-5.488488	2.618033	-2.674123	-3.356904
19.139264	-1.384278	2.523227	-3.148820	-4.127077	2.849104	-2.798364	-3.359235
-20.922193	4.894708	0.514568	-1.505028	-2.856666	3.046180	-2.907301	-3.361891
-10.477566	5.214571	-1.951186	0.216950	-1.584300	3.231599	-3.013316	-3.365077
20.723731	4.842199	-2.058871	0.302981	-1.518658	3.240921	-3.018759	-3.365257
11.040669	4.421500	-2.162613	0.388384	-1.453080	3.250214	-3.024197	-3.365440
-17.547141	-6.122329	-3.087234	1.832642	-0.243979	3.418574	-3.125112	-3.369146
13.223483	-5.640062	-1.608087	2.861149	0.888482	3.573217	-3.222911	-3.373371
7.511363	-5.296102	-1.484546	2.901477	0.944270	3.580820	-3.227881	-3.373603
-9.348625	-4.935450	-1.358111	2.940488	0.999750	3.588382	-3.232843	-3.373837
-9.765152	2.233971	1.188924	3.414463	1.959195	3.720207	-3.322550	-3.378392
8.702812	5.546644	3.114910	3.389060	2.786118	3.837465	-3.409182	-3.383420
-9.428287	0.683056	3.128653	2.709963	3.574361	3.953578	-3.505356	-3.389827
-11.897277	-3.410970	1.240466	1.570336	4.194426	4.047364	-3.597090	-3.396873
12.016300	-3.356902	1.122584	1.512084	4.219298	4.051132	-3.601218	-3.397214
-6.343122	-3.273394	1.002914	1.453644	4.243836	4.054847	-3.605333	-3.397556
-14.450297	0.854078	-1.246631	0.359731	4.647696	4.114907	-3.680680	-3.404222
15.026207	2.230647	-2.468586	-0.577903	4.953803	4.156154	-3.752583	-3.411371
19.094817	-0.871539	-1.891012	-1.228608	5.201927	4.179151	-3.831069	-3.420207
-20.282106	-3.306689	-0.316586	-1.389272	5.357016	4.174595	-3.904890	-3.429690
1.578381	-3.220080	-0.246637	-1.386360	5.362086	4.173726	-3.908079	-3.430129
20.303425	-3.109206	-0.177695	-1.382668	5.367013	4.172800	-3.911258	-3.430569
2.769394	2.031171	0.901587	-1.170608	5.438044	4.143114	-3.971388	-3.439412
-18.490300	5.966553	1.249764	-0.746129	5.472504	4.091132	-4.027946	-3.448753
17.005925	0.088805	0.592560	-0.122571	5.487991	4.003347	-4.088616	-3.460124
9.448590	-8.562750	-0.308173	0.405006	5.501158	3.885402	-4.144508	-3.472159
-16.266343	-8.679507	-0.335722	0.422093	5.502083	3.879396	-4.146907	-3.472716
16.258856	-8.754999	-0.361289	0.438401	5.503055	3.873334	-4.149294	-3.473273
8.342499	-3.926321	-0.482305	0.568865	5.533474	3.744923	-4.193354	-3.484263
-15.389050	5.226691	-0.092954	0.308938	5.584585	3.594305	-4.233814	-3.495753
-17.554539	9.040974	0.309074	-0.197781	5.614590	3.392834	-4.276095	-3.509666
17.463413	2.503351	0.071208	-0.553825	5.535292	3.163398	-4.313527	-3.524256
-9.253298	1.986725	0.049105	-0.562830	5.527377	3.151821	-4.315188	-3.524967
-17.408710	1.458759	0.026579	-0.570964	5.519014	3.140179	-4.316838	-3.525681
16.545028	-6.853865	-0.367111	-0.553257	5.289808	2.918725	-4.344952	-3.538938
10.480508	-6.208269	-0.506782	-0.215364	4.922789	2.680490	-4.369389	-3.552709
-12.730202	0.450541	-0.305679	0.414835	4.342314	2.386707	-4.393041	-3.569275
-1.062851	3.276029	0.284448	1.009091	3.612112	2.076208	-4.411736	-3.586534
9.540451	3.199571	0.319803	1.029943	3.576325	2.062008	-4.412455	-3.587321
-9.395250	3.102267	0.355815	1.050096	3.540278	2.047782	-4.413164	-3.588108
-2.262649	-0.993789	1.019067	1.274776	2.795429	1.767662	-4.424916	-3.603623
5.195910	-2.966499	1.005151	1.122791	1.976353	1.479541	-4.432943	-3.619658
-7.673489	3.652177	-0.473164	0.519464	0.979726	1.138553	-4.437563	-3.638878
-10.014055	4.590546	-1.733123	-0.365184	-0.014708	0.792551	-4.437149	-3.658801
10.263756	4.183719	-1.755795	-0.407611	-0.057777	0.777170	-4.437014	-3.659699
-10.466762	3.732354	-1.774665	-0.450200	-0.100756	0.761776	-4.436869	-3.660599
-15.602470	-5.484283	-1.275791	-1.275452	-0.906385	0.461788	-4.432070	-3.678396
18.100442	1.169187	0.799200	-1.985612	-1.628434	0.162490	-4.423501	-3.696720
-17.257040	6.335557	2.948147	-2.462174	-2.316883	-0.183238	-4.408722	-3.718765
-0.158517	-2.495455	2.377944	-2.400179	-2.793118	-0.522231	-4.388780	-3.741526
3.094066	-2.891063	2.290737	-2.386117	-2.809286	-0.537305	-4.387759	-3.742569
15.541231	-3.263038	2.199121	-2.371215	-2.825004	-0.552370	-4.386727	-3.743614
-4.874899	-5.738105	-0.207155	-1.951669	-3.038313	-0.834097	-4.365133	-3.763726
-16.191969	-1.630237	-3.209489	-1.344470	-3.099588	-1.106431	-4.339735	-3.784354
17.215279	4.570071	-5.608000	-0.537361	-3.006007	-1.407951	-4.305539	-3.808894
-0.875479	1.537467	-5.234976	0.257424	-2.765706	-1.692829	-4.266222	-3.834109
-17.222552	1.255996	-5.158983	0.292455	-2.751787	-1.705374	-4.264311	-3.835272
10.350778	0.971190	-5.078842	0.327373	-2.737631	-1.717882	-4.262389	-3.836436
16.334870	-3.582653	-2.935388	0.966441	-2.427889	-1.948152	-4.223905	-3.858798
0.327784	-3.205773	-0.155673	1.552188	-2.053656	-2.164465	-4.181588	-3.881650
-15.485827	0.698624	2.973595	2.149870	-1.563796	-2.397570	-4.127578	-3.908819
17.328100	2.706705	5.021576	2.639930	-1.044519	-2.610095	-4.068375	-3.936631
-3.422461	2.670395	5.070340	2.658487	-1.021769	-2.618848	-4.065685	-3.937854
-17.573363	2.620751	5.115223	2.676791	-0.999041	-2.627554	-4.062987	-3.939077
20.266397	-0.029183	5.444021	2.987835	-0.553153	-2.791756	-4.007440	-3.963586
3.159317	-2.224683	5.563719	3.191426	-0.130277	-2.939358	-3.948031	-3.988557
-22.427554	-1.384108	6.797188	3.276882	0.304783	-3.088830	-3.874371	-4.018056
19.542799	2.131173	9.485022	3.177986	0.656378	-3.214329	-3.795511	-4.048158
-0.588553	2.119839	9.640129	3.168209	0.670570	-3.219575	-3.791711	-4.049575
-19.137245	2.080053	9.797458	3.157932	0.684568	-3.224768	-3.787899	-4.050993
-15.666055	-1.630334	12.652852	2.870309	0.909344	-3.311060	-3.715241	-4.077495
11.440538	-3.176188	13.653664	2.373540	1.071285	-3.378169	-3.638697	-4.104434
-10.721504	4.303495	10.033433	1.524323	1.185630	-3.431191	-3.545030	-4.136229
-5.823236	3.747372	2.315277	0.509705	1.226825	-3.456516	-3.446271	-4.168593
13.516209	3.301878	1.898282	0.459953	1.227067	-3.457013	-3.441433	-4.170152
-2.527079	2.816191	1.479939	0.410217	1.227157	-3.457446	-3.436583	-4.171712
-16.323096	-7.103736	-5.808510	-0.460244	1.203806	-3.454039	-3.347573	-4.199953
17.412919	-6.070363	-11.240390	-1.215909	1.136739	-3.429911	-3.255078	-4.228596
17.151234	3.458090	-13.811193	-1.813556	1.011799	-3.377896	-3.143074	-4.262475
-16.223693	10.747233	-12.906565	-1.995191	0.846600	-3.303328	-3.026726	-4.296882
-11.064711	10.861357	-12.794610	-1.994172	0.838138	-3.299385	-3.021221	-4.298493
16.253336	10.950306	-12.677082	-1.992396	0.829616	-3.295403	-3.015707	-4.300105
-3.439667	8.948522	-9.557325	-1.834398	0.661372	-3.214519	-2.911288	-4.330359
-19.401266	2.761097	-5.097190	-1.487190	0.481678	-3.123011	-2.803918	-4.360996
21.420338	-4.508171	0.423070	-0.943779	0.272420	-3.008144	-2.676759	-4.396752
10.879388	-9.424284	4.976084	-0.348899	0.074075	-2.887282	-2.546065	-4.432998
-21.217156	-9.594650	5.142570	-0.323210	0.065815	-2.881891	-2.540236	-4.434605
21.125970	-9.762485	5.305882	-0.297637	0.057603	-2.876498	-2.534400	-4.436212
18.119367	-12.530239	7.820053	0.169214	-0.092467	-2.770101	-2.418092	-4.468077
-3.225779	-13.158746	8.791220	0.517622	-0.213943	-2.665397	-2.299433	-4.500295
-10.721924	-9.301963	7.808502	0.706821	-0.306861	-2.550137	-2.159609	-4.537947
11.275985	0.892568	5.132005	0.690226	-0.335978	-2.444994	-2.017029	-4.576053
-7.789319	1.558318	4.976707	0.685141	-0.335566	-2.440354	-2.010239	-4.577862
-11.544331	2.234612	4.819409	0.679710	-0.334987	-2.435746	-2.003443	-4.579671
14.654690	10.848200	1.663803	0.527743	-0.297848	-2.356145	-1.877386	-4.613152
-7.687741	2.472861	-1.511922	0.311797	-0.222388	-2.284715	-1.749559	-4.646962
-15.565127	-7.878105	-3.663382	0.050760	-0.111138	-2.209603	-1.600958	-4.686134
10.513499	1.204629	-3.011334	-0.154580	0.001390	-2.138121	-1.450409	-4.725721
12.506658	1.640451	-2.933068	-0.161522	0.006069	-2.134925	-1.443583	-4.727514
-12.398054	2.043907	-2.852041	-0.168226	0.010698	-2.131726	-1.436749	-4.729310
-6.083275	3.911641	-1.022658	-0.243052	0.086393	-2.069501	-1.304475	-4.764045
12.555344	0.592442	0.515613	-0.193245	0.129315	-2.004544	-1.171034	-4.799081
-15.953531	-0.840128	0.929922	0.045013	0.141323	-1.923937	-1.015323	-4.839992
-17.645970	0.263062	-0.221384	0.404444	0.122777	-1.836621	-0.858443	-4.881286
2.956961	0.266293	-0.263786	0.417053	0.121377	-1.832469	-0.851260	-4.883179
17.703378	0.258933	-0.302474	0.428913	0.119936	-1.828302	-0.844076	-4.885073
-16.694518	-0.610509	-0.442491	0.502502	0.086398	-1.746437	-0.707583	-4.921105
2.946539	0.820384	0.082480	0.300276	0.045204	-1.658875	-0.570519	-4.957409
9.067023	2.645149	0.480917	-0.197805	-0.006416	-1.550680	-0.412244	-4.999518
-4.865650	0.130686	-0.105953	-0.818335	-0.057442	-1.434126	-0.253600	-5.041967
-6.729906	-0.100887	-0.146900	-0.844835	-0.059798	-1.428282	-0.245938	-5.044024
6.731666	-0.340356	-0.187889	-0.870635	-0.062141	-1.422414	-0.238270	-5.046083
6.213258	-4.409178	-0.755470	-1.152604	-0.101152	-1.313236	-0.100249	-5.083272
-11.251560	-4.004983	-0.589593	-0.958431	-0.132691	-1.197091	0.037755	-5.120705
13.308285	4.312210	0.318717	-0.267395	-0.161089	-1.054200	0.196581	-5.164136
-6.479116	4.377265	1.261018	0.675041	-0.183857	-0.900991	0.354995	-5.207873
-13.130597	4.122008	1.290920	0.719001	-0.184794	-0.893874	0.362080	-5.209839
0.463999	3.847688	1.319202	0.762920	-0.185726	-0.886734	0.369164	-5.211807
12.471164	-2.430135	1.494024	1.575173	-0.203214	-0.743485	0.506606	-5.250171
-12.681327	-3.369722	0.768726	2.190088	-0.220652	-0.591692	0.643429	-5.288753
1.886501	0.637877	-1.101831	2.444234	-0.242433	-0.407065	0.799583	-5.333312
13.983122	2.147455	-2.387597	2.050145	-0.266857	-0.212073	0.954536	-5.378141
-9.189281	2.015981	-2.397691	2.014201	-0.267993	-0.202972	0.961554	-5.380187
-13.915958	1.865007	-2.402110	1.976569	-0.269129	-0.193851	0.968570	-5.382233
12.895855	-1.642376	-1.381899	0.976861	-0.290252	-0.015766	1.102285	-5.421514
0.587627	-0.167640	1.306226	-0.351771	-0.308339	0.168181	1.234782	-5.460986
-15.512924	1.444637	3.630591	-1.900007	-0.321548	0.384851	1.385201	-5.506522
20.530408	-2.201239	2.147050	-3.097474	-0.321828	0.604900	1.533629	-5.552292
9.573156	-2.178123	1.979234	-3.140658	-0.321439	0.615044	1.540400	-5.554401
-21.041477	-2.117776	1.803395	-3.182700	-0.321010	0.625188	1.547166	-5.556510
11.324379	3.224338	-2.246436	-3.745612	-0.304711	0.816484	1.674119	-5.596460
27.347772	5.103677	-5.074949	-3.809785	-0.270244	1.005567	1.799265	-5.636571
12.165365	-6.927415	-4.075722	-3.219727	-0.205067	1.217571	1.940831	-5.682908
-15.755369	-4.619091	0.659409	-2.113522	-0.116845	1.420527	2.079618	-5.729439
15.234743	-3.503495	0.909497	-2.054605	-0.112345	1.429568	2.085915	-5.731578
-14.718640	-2.360003	1.159172	-1.995169	-0.107811	1.438583	2.092206	-5.733718
-18.171661	9.592463	5.258408	-0.805929	-0.016252	1.603730	2.209983	-5.774260
6.482801	9.755973	6.560157	0.391665	0.083554	1.757242	2.325365	-5.814933
-3.494408	-0.435975	3.724250	1.610983	0.203933	1.917412	2.455592	-5.862110
-9.986919	-8.089159	-1.315768	2.627279	0.323727	2.055886	2.582236	-5.909447
3.361322	-8.100037	-1.544735	2.668778	0.329051	2.061605	2.587898	-5.911600
10.205462	-8.071171	-1.771459	2.709909	0.334365	2.067275	2.593556	-5.913755
-4.586215	-2.233790	-5.396767	3.420050	0.432128	2.165092	2.699947	-5.954912
-14.630434	4.674010	-6.890464	3.993533	0.520299	2.241763	2.803343	-5.996176
18.057576	2.862503	-5.085946	4.490720	0.604838	2.301157	2.918775	-6.043922
4.375341	-0.775391	-1.031074	4.802178	0.664972	2.326222	3.029827	-6.091790
-19.926807	-0.857385	-0.835843	4.811437	0.666965	2.326485	3.034623	-6.093905
19.908911	-0.929842	-0.640729	4.820315	0.668900	2.326675	3.039413	-6.096021
11.576286	0.189671	6.038598	4.816746	0.686303	2.261360	3.237602	-6.187650
-15.668714	-2.278349	4.868570	3.998535	0.558048	2.048676	3.418067	-6.279622
16.053229	-2.558331	4.704234	3.966582	0.553141	2.041553	3.422400	-6.281954
7.778755	-2.806165	4.532822	3.934078	0.548166	2.034355	3.426719	-6.284284
-13.369437	-2.982018	4.357635	3.901633	0.543218	2.027218	3.430946	-6.286571
-17.256859	-3.057967	4.175585	3.868658	0.538207	2.020011	3.435158	-6.288856
22.187935	4.757703	0.573399	3.245049	0.446785	1.890945	3.502949	-6.326535
9.330653	1.786616	-2.699848	2.466688	0.341057	1.743933	3.567682	-6.364253
-15.600979	-8.399047	-4.200908	1.239071	0.190647	1.533434	3.645911	-6.412501
0.625245	-1.166979	-1.540051	-0.217979	0.029764	1.301747	3.719068	-6.460796
8.277059	-0.530384	-1.364769	-0.286873	0.022310	1.290771	3.722276	-6.462995
1.675543	0.116686	-1.188017	-0.355857	0.014844	1.279753	3.725476	-6.465196
-5.690747	9.889749	1.860426	-1.641877	-0.126904	1.065051	3.784115	-6.506922
7.050940	6.161508	2.965686	-2.794008	-0.265931	0.841182	3.838910	-6.548669
-10.414939	-8.512520	1.973483	-3.837182	-0.418559	0.572187	3.897970	-6.597416
-3.134003	-4.576369	-0.267835	-4.391527	-0.553764	0.299328	3.951715	-6.646175
13.681150	-4.031647	-0.366236	-4.401995	-0.559256	0.287175	3.953981	-6.648344
13.961785	-3.470865	-0.462955	-4.411126	-0.564698	0.275024	3.956237	-6.650513
-17.405347	6.169550	-1.732922	-4.302294	-0.659816	0.041107	3.997751	-6.692438
8.293593	3.418839	-1.358369	-3.619286	-0.735134	-0.188960	4.035273	-6.734358
26.894258	-5.223515	-0.005008	-2.273225	-0.797207	-0.447751	4.073850	-6.783094
-5.280940	-3.563303	0.763494	-0.595443	-0.831328	-0.692712	4.106952	-6.831812
-29.171308	-3.210601	0.778198	-0.516860	-0.832194	-0.703293	4.108306	-6.833995
29.137607	-2.837814	0.791323	-0.438186	-0.833003	-0.713837	4.109650	-6.836178
-8.936231	5.150085	0.756935	1.057635	-0.837340	-0.908803	4.133337	-6.878165
-22.631938	6.111414	0.254641	2.390046	-0.820035	-1.086797	4.152889	-6.920126
20.730399	-6.209155	-0.462900	3.465825	-0.771969	-1.268163	4.170309	-6.968606
2.802420	-5.298467	-0.221557	3.835064	-0.691255	-1.420949	4.182124	-7.017038
-21.480475	-4.977620	-0.192055	3.835742	-0.686793	-1.427129	4.182523	-7.019211
21.486067	-4.647626	-0.161647	3.835165	-0.682258	-1.433246	4.182909	-7.021382
-7.561591	1.647638	0.487546	3.600728	-0.581320	-1.539626	4.188126	-7.063079
-17.709802	4.478982	0.850809	3.017327	-0.457805	-1.625118	4.189120	-7.104729
1.642973	0.321569	0.342735	2.054386	-0.293139	-1.698828	4.184943	-7.153023
12.846454	-2.578964	-0.913140	0.916773	-0.113661	-1.745761	4.175001	-7.201246
-12.867062	-2.477883	-0.981089	0.862523	-0.105214	-1.747282	4.174406	-7.203456
8.905495	-2.350708	-1.049487	0.808190	-0.096754	-1.748748	4.173799	-7.205665
14.874293	1.986869	-2.237402	-0.264882	0.071888	-1.766586	4.159282	-7.249318
8.655768	1.434241	-2.466975	-1.269907	0.238824	-1.763532	4.139962	-7.292905
-20.001093	-1.746929	-1.724265	-2.123962	0.398614	-1.739924	4.115673	-7.336666
19.961394	-2.418173	-0.266189	-2.777972	0.543903	-1.696295	4.086535	-7.380352
-17.563557	-0.125797	1.707772	-3.267946	0.678415	-1.626498	4.049234	-7.427952
-0.717331	3.990309	3.653538	-3.540430	0.779686	-1.534327	4.006272	-7.475455
14.718624	4.142851	3.746518	-3.549003	0.783907	-1.528913	4.003874	-7.477934
-7.289293	4.281184	3.838265	-3.557035	0.788015	-1.523437	4.001461	-7.480415
-14.171577	3.620799	5.147585	-3.612793	0.838098	-1.424865	3.959565	-7.521260
12.344183	-3.094157	6.048727	-3.532608	0.852449	-1.311032	3.913777	-7.562025
19.403279	-7.361907	6.587281	-3.291035	0.825823	-1.160254	3.855789	-7.609357
-22.484438	1.119987	6.593794	-2.912479	0.756945	-0.991372	3.792959	-7.656573
22.553977	1.551646	6.581385	-2.891855	0.752849	-0.983210	3.789956	-7.658742
15.072919	1.965551	6.567859	-2.870947	0.748677	-0.975015	3.786943	-7.660911
-22.096023	7.228515	6.107391	-2.426642	0.656503	-0.815083	3.728416	-7.701707
-21.459146	9.941701	5.268698	-1.897447	0.541375	-0.646076	3.666593	-7.742408
15.103434	9.331343	3.881298	-1.202586	0.385625	-0.442953	3.591358	-7.789249
-13.128305	2.670286	2.201426	-0.441335	0.211746	-0.234796	3.512164	-7.835956
-6.099878	2.157551	2.114395	-0.402553	0.202830	-0.224479	3.508163	-7.838254
13.149521	1.631048	2.027130	-0.363673	0.193887	-0.214159	3.504154	-7.840551
11.483187	-7.607837	0.480568	0.331657	0.033371	-0.033085	3.432323	-7.880830
-16.747536	-10.687809	-1.010489	1.039985	-0.130761	0.146044	3.357864	-7.921002
16.237248	-1.877164	-2.566334	1.852218	-0.318844	0.346958	3.268890	-7.967213
11.852305	4.199831	-4.076487	2.635379	-0.499061	0.537956	3.176847	-8.013273
-12.189249	4.350807	-4.151820	2.672176	-0.507480	0.546895	3.172310	-8.015502
2.435636	4.491413	-4.227465	2.708821	-0.515858	0.555796	3.167770	-8.017729
8.732723	6.174161	-5.664673	3.339083	-0.658874	0.708895	3.085494	-8.057494
-7.048024	7.737559	-7.346330	3.910898	-0.785967	0.848758	3.001252	-8.097137
-11.435438	3.766526	-9.603521	4.479030	-0.907483	0.990896	2.901380	-8.142911
18.341082	-5.316829	-11.592903	4.921907	-0.994822	1.107937	2.799230	-8.188512
10.547422	-5.241909	-11.664774	4.938685	-0.997874	1.112607	2.794527	-8.190584
-18.985919	-5.090645	-11.734523	4.955160	-1.000842	1.117218	2.789816	-8.192658
23.583962	4.271965	-12.602252	5.205356	-1.040069	1.192875	2.699445	-8.232007
1.608168	4.102454	-12.515137	5.326463	-1.044001	1.244417	2.607602	-8.271220
-20.444021	-3.054814	-11.438473	5.297746	-1.003395	1.273981	2.500185	-8.316188
8.705143	-2.326599	-9.559872	5.086081	-0.918870	1.274012	2.391093	-8.360969
12.069280	-2.071084	-9.452730	5.072145	-0.914102	1.273360	2.386121	-8.362990
14.816567	-1.798955	-9.343378	5.057829	-0.909256	1.272654	2.381146	-8.365011
-12.884441	3.259422	-6.765577	4.709184	-0.801928	1.248891	2.285040	-8.403726
15.491517	0.131295	-3.233980	4.219211	-0.670020	1.206986	2.187870	-8.442290
2.169540	-4.587312	1.472080	3.480005	-0.493061	1.138833	2.075041	-8.486401
-27.954742	-3.233976	6.086985	2.550050	-0.294391	1.051937	1.961041	-8.530305
28.080141	-2.931816	6.288287	2.501332	-0.284560	1.047412	1.955626	-8.532375
17.556583	-2.608842	6.487351	2.452183	-0.274694	1.042852	1.950208	-8.534445
-27.592222	4.511043	9.634378	1.471858	-0.087865	0.953111	1.850248	-8.572393
-15.582662	7.568283	11.416315	0.344278	0.106841	0.853344	1.749597	-8.610178
17.676540	4.230866	11.262093	-1.123580	0.336573	0.728042	1.632613	-8.653605
7.023244	-4.653122	9.079373	-2.675678	0.566056	0.594562	1.514937	-8.696806
-12.707929	-5.058089	8.943223	-2.745286	0.576231	0.588439	1.509657	-8.698734
8.366848	-5.456233	8.804090	-2.814872	0.586399	0.582302	1.504372	-8.700663
10.822938	-10.605381	5.590376	-4.141298	0.781253	0.460956	1.401247	-8.738133
-11.118473	-8.123435	1.694558	-5.361334	0.967530	0.337319	1.297795	-8.775423
12.699906	4.191978	-2.888183	-6.528908	1.165315	0.195310	1.179192	-8.817844
12.649409	12.222776	-6.456739	-7.345074	1.341699	0.054945	1.060399	-8.860020
-13.858521	12.193984	-6.574702	-7.372096	1.349152	0.048617	1.054975	-8.861939
-8.132032	12.118235	-6.687978	-7.398157	1.356553	0.042293	1.049547	-8.863859
13.089142	3.705633	-7.942315	-7.693257	1.486476	-0.076581	0.945871	-8.900425
12.570751	-9.625138	-7.474857	-7.566813	1.592279	-0.190921	0.842240	-8.936798
-6.286519	-11.338349	-4.952111	-6.915571	1.679434	-0.314471	0.723968	-8.978128
-2.552291	8.808585	-1.252351	-5.789211	1.728724	-0.428917	0.605990	-9.019197
3.077318	9.519240	-1.065990	-5.721645	1.730177	-0.434387	0.600089	-9.021248
-3.045293	10.134834	-0.881273	-5.653086	1.731533	-0.439830	0.594190	-9.023298
3.885932	8.068041	1.985403	-4.306862	1.739324	-0.530434	0.491422	-9.058965
9.557279	-2.977305	3.972242	-2.711985	1.716773	-0.612289	0.389066	-9.094428
-16.222363	-5.724719	4.879483	-0.638534	1.652803	-0.694691	0.272096	-9.134911
9.627838	3.423742	4.231979	1.603138	1.547465	-0.763726	0.155913	-9.175114
21.042416	3.706176	4.177234	1.704554	1.541798	-0.766475	0.150757	-9.176898
-11.068606	3.953402	4.120935	1.806041	1.536043	-0.769198	0.145599	-9.178683
-21.857111	3.197112	2.776727	3.756240	1.407181	-0.816410	0.045517	-9.213342
20.431371	-1.684200	1.118401	5.557429	1.246084	-0.852117	-0.053786	-9.247783
-3.769046	-1.572186	-0.852494	7.248731	1.019833	-0.878174	-0.167160	-9.287203
-16.908274	0.336666	-2.450228	8.300393	0.749437	-0.887139	-0.279262	-9.326327
16.893568	0.330978	-2.505961	8.328652	0.736318	-0.887125	-0.284238	-9.328067
3.195423	0.313698	-2.559985	8.355139	0.723110	-0.887075	-0.289211	-9.329807
-16.730689	-0.360408	-3.116403	8.486800	0.447777	-0.878762	-0.385567	-9.363601
-7.478222	2.215013	-2.363775	7.808938	0.140148	-0.856045	-0.480775	-9.397163
10.668915	2.214824	-0.092262	6.066009	-0.242988	-0.811255	-0.588772	-9.435478
-5.517977	-4.437348	2.519922	3.554447	-0.643286	-0.745538	-0.695052	-9.473476
-7.214342	-4.469229	2.595206	3.432740	-0.660885	-0.742183	-0.699641	-9.475124
7.203919	-4.452914	2.664881	3.310158	-0.678500	-0.738785	-0.704231	-9.476772
-6.769809	2.741483	2.946459	0.750344	-1.028494	-0.662184	-0.794997	-9.509511
-16.905588	9.627580	1.509547	-1.853354	-1.369591	-0.568275	-0.884338	-9.542005
33.045472	-15.021571	-3.198615	-6.670069	-2.080588	-0.275549	-1.088461	-9.617370
10.129987	6.889519	0.329456	-7.766086	-2.562655	0.125926	-1.284488	-9.691317
-17.341291	10.989543	0.469345	-7.748924	-2.570553	0.137248	-1.289207	-9.693117
-15.628064	14.626033	0.608615	-7.729978	-2.578232	0.148635	-1.293918	-9.694915
15.444788	16.581940	0.716354	-7.714025	-2.584054	0.157534	-1.297577	-9.696311
-14.603661	17.426626	0.823455	-7.697023	-2.589744	0.166470	-1.301229	-9.697707
-10.059666	17.148891	0.963372	-7.673054	-2.597036	0.178293	-1.306031	-9.699541
12.449582	16.018816	1.102060	-7.647286	-2.604109	0.190191	-1.310827	-9.701375
3.364104	-2.695862	2.783580	-7.143634	-2.677772	0.355633	-1.374149	-9.725682
1.804257	-16.585611	4.005857	-6.375222	-2.714842	0.534388	-1.436587	-9.749824
4.873350	13.195779	4.038962	-3.072896	-2.629136	1.131432	-1.614406	-9.819568
4.093209	-0.189920	0.220557	0.824018	-2.284274	1.828427	-1.784781	-9.887844
-16.140401	-0.781808	0.108042	0.914841	-2.273109	1.846321	-1.788789	-9.889468
-4.796657	-1.355955	-0.004618	1.005221	-2.261823	1.864254	-1.792790	-9.891091
16.445156	-1.894594	-0.114442	1.092814	-2.250716	1.881759	-1.796681	-9.892669
-6.137705	-2.409933	-0.224375	1.180010	-2.239490	1.899311	-1.800568	-9.894246
-18.110867	-6.821945	-2.024979	2.556454	-2.035087	2.198967	-1.864819	-9.920441
18.727756	-3.282242	-3.578360	3.724191	-1.799960	2.511023	-1.927962	-9.946404
3.771733	2.446126	-4.717821	4.831269	-1.459468	2.925454	-2.006830	-9.979151
-18.992860	2.794053	-4.335393	5.457251	-1.077628	3.357235	-2.083919	-10.011512
0.118804	2.598951	-4.273561	5.474415	-1.059530	3.377070	-2.087351	-10.012960
19.006374	2.385339	-4.207675	5.490665	-1.041358	3.396936	-2.090778	-10.014408
-19.048344	-2.232735	-2.311506	5.631524	-0.675183	3.788111	-2.156507	-10.042315
-2.907851	-1.050379	0.177411	5.464692	-0.285133	4.190177	-2.220897	-10.069921
16.398806	2.299759	2.934683	4.937462	0.186863	4.665890	-2.293484	-10.101369
-13.645480	0.431722	4.768271	4.104921	0.673884	5.153144	-2.364319	-10.132408
-13.219037	0.316611	4.820006	4.060672	0.696256	5.175569	-2.367501	-10.133811
13.413912	0.207723	4.868709	4.015882	0.718654	5.198030	-2.370682	-10.135214
-5.709952	-0.866205	5.248909	3.080156	1.142994	5.626926	-2.430227	-10.161612
-11.135898	-1.919972	4.724486	2.014242	1.561944	6.062089	-2.488488	-10.187699
11.557063	-4.363882	3.208306	0.711926	2.028017	6.571516	-2.554235	-10.217457
7.187234	-2.100086	0.939940	-0.556030	2.461808	7.086399	-2.618294	-10.246790
-11.979556	-1.823482	0.818867	-0.612429	2.481034	7.110527	-2.621241	-10.248148
2.946585	-1.531027	0.696652	-0.668491	2.500158	7.134663	-2.624185	-10.249506
11.188933	4.332318	-1.659456	-1.637677	2.836631	7.586139	-2.678423	-10.274644
-5.710371	4.770142	-3.762806	-2.410008	3.128696	8.039449	-2.731406	-10.299456
-8.529843	-0.259046	-5.286827	-2.957372	3.399101	8.561454	-2.790770	-10.327570
9.921350	-3.752036	-4.725185	-3.069352	3.591860	9.082918	-2.848496	-10.355240
8.546997	-3.587864	-4.624198	-3.064665	3.598858	9.107281	-2.851158	-10.356524
-10.228838	-3.383317	-4.515845	-3.059170	3.605666	9.131623	-2.853814	-10.357806
14.098792	2.989518	-1.462454	-2.821402	3.699881	9.585472	-2.902803	-10.381587
-6.928393	2.632754	2.307125	-2.376641	3.734839	10.036568	-2.950562	-10.405023
-21.007568	-1.561636	5.024982	-1.707210	3.708645	10.547623	-3.003672	-10.431392
0.676358	-0.764170	4.197911	-0.960470	3.618949	11.052289	-3.055199	-10.457302
21.452007	-0.653906	4.086064	-0.924934	3.613346	11.075608	-3.057560	-10.458497
-13.536764	-0.543481	3.969198	-0.889374	3.607622	11.098910	-3.059917	-10.459691
-20.318809	0.760679	1.128598	-0.229612	3.478924	11.532056	-3.103433	-10.481863
19.131633	-0.446830	-2.018550	0.381575	3.312525	11.958671	-3.145764	-10.503679
-7.273502	-0.799861	-4.492802	0.953421	3.080914	12.439496	-3.192895	-10.528269
-16.545806	0.283317	-4.578419	1.316736	2.812173	12.910385	-3.238493	-10.552382
16.451602	0.372359	-4.530450	1.327683	2.799018	12.931807	-3.240554	-10.553480
-0.222088	0.463446	-4.478692	1.338103	2.785800	12.953206	-3.242613	-10.554577
-14.372398	1.387260	-2.925612	1.442418	2.524521	13.353465	-3.280920	-10.575121
5.033413	-1.105899	-0.814514	1.393858	2.243237	13.745516	-3.318090	-10.595297
13.658433	-2.147973	1.226434	1.194449	1.897209	14.185555	-3.359398	-10.618018
-5.981142	2.421081	2.359702	0.888982	1.531657	14.614342	-3.399227	-10.640244
-16.628921	2.518819	2.395048	0.872681	1.513927	14.634407	-3.401080	-10.641286
16.795306	2.587037	2.429143	0.856256	1.496166	14.654446	-3.402930	-10.642327
10.331312	0.053479	2.907452	0.539007	1.165456	15.017863	-3.436313	-10.661241
-21.849458	-3.059287	3.373682	0.214128	0.828586	15.372752	-3.468595	-10.679772
12.972626	0.518855	4.138799	-0.126890	0.438628	15.770257	-3.504356	-10.700600
19.679103	2.824622	4.415103	-0.384085	0.051352	16.156581	-3.538684	-10.720913
-19.529381	2.685782	4.400023	-0.392777	0.034021	16.173761	-3.540201	-10.721818
6.396429	2.519512	4.381970	-0.401180	0.016709	16.190919	-3.541714	-10.722721
16.315743	-2.331092	3.540701	-0.510749	-0.311753	16.516200	-3.570234	-10.739881
-2.877339	-1.753052	2.001768	-0.536444	-0.630204	16.833168	-3.597696	-10.756646
-15.100439	1.077315	-0.335393	-0.486955	-0.984361	17.188639	-3.628080	-10.775497
18.149709	-0.603014	-2.768427	-0.377405	-1.326759	17.533159	-3.657081	-10.793814
1.643627	-0.629900	-2.874460	-0.371455	-1.341977	17.548442	-3.658357	-10.794627
-18.469332	-0.640873	-2.979897	-0.365439	-1.357169	17.563692	-3.659629	-10.795439
21.212406	0.670097	-4.685975	-0.238471	-1.648951	17.855207	-3.683759	-10.810973
19.528003	-0.142935	-5.033434	-0.103537	-1.936590	18.138453	-3.706853	-10.826092
-22.735971	-2.688360	-3.515806	0.039292	-2.261334	18.450503	-3.731861	-10.842774
15.064388	-2.867097	-0.257965	0.152981	-2.586650	18.751957	-3.755550	-10.858909
20.757049	-2.749532	-0.085393	0.157249	-2.601782	18.765662	-3.756616	-10.859643
3.816132	-2.617837	0.087840	0.161416	-2.616921	18.779344	-3.757678	-10.860375
-17.266493	1.516666	3.282682	0.218923	-2.904550	19.033007	-3.777184	-10.873963
12.580768	4.786515	5.659713	0.229745	-3.199184	19.278698	-3.795706	-10.887128
-6.468037	-6.022016	5.178470	0.078241	-3.944568	19.826365	-3.835512	-10.916459
-7.977526	1.020636	-1.401327	-0.135162	-4.802748	20.330539	-3.870021	-10.943383
7.953941	1.953806	-1.614474	-0.139177	-4.825591	20.342397	-3.870804	-10.944015
9.031954	2.902051	-1.829151	-0.143087	-4.848538	20.354236	-3.871584	-10.944645
-9.469700	3.636440	-2.000353	-0.146115	-4.866835	20.363624	-3.872202	-10.945145
-1.459222	4.307517	-2.171803	-0.149070	-4.885189	20.372996	-3.872818	-10.945644
10.500106	5.036086	-2.396225	-0.152828	-4.909311	20.385244	-3.873621	-10.946296
-8.202137	5.548914	-2.619958	-0.156455	-4.933531	20.397463	-3.874421	-10.946946
-18.335691	0.208737	-5.235923	-0.190072	-5.259378	20.554568	-3.884566	-10.955297
23.752595	-4.620579	-6.500209	-0.192107	-5.603337	20.706885	-3.894135	-10.963371
4.051742	-1.574314	-4.772105	-0.135437	-6.113652	20.911238	-3.906523	-10.974161
-26.955746	3.424410	-0.516782	-0.034056	-6.655751	21.106405	-3.917816	-10.984407
15.414597	1.617591	4.224267	0.084542	-7.255266	21.302154	-3.928542	-10.994610
17.213062	-3.143409	6.832027	0.177759	-7.878311	21.487823	-3.938079	-11.004199
-16.921754	-3.248608	6.863280	0.180841	-7.907732	21.496204	-3.938494	-11.004630
6.615836	-3.332050	6.884785	0.183782	-7.937191	21.504563	-3.938905	-11.005059
12.144664	-0.970813	5.724072	0.213599	-8.489720	21.655688	-3.946085	-11.012776
-11.784678	4.486763	2.617941	0.202282	-9.051201	21.799424	-3.952401	-11.020031
0.400649	-1.129657	-1.593033	0.148699	-9.702799	21.955815	-3.958615	-11.027807
21.661250	-6.560616	-5.093047	0.063161	-10.353022	22.102526	-3.963711	-11.034963
3.994822	-6.449910	-5.220089	0.058473	-10.383972	22.109303	-3.963927	-11.035289
-21.983559	-6.289486	-5.342533	0.053737	-10.414922	22.116062	-3.964140	-11.035615
22.494464	1.051421	-6.833641	-0.038881	-10.974864	22.235485	-3.967593	-11.041297
10.583928	4.423618	-7.209131	-0.135689	-11.523018	22.347631	-3.970212	-11.046500
-12.872412	5.464683	-6.829401	-0.223733	-12.130629	22.467273	-3.972202	-11.051868
0.413283	9.062720	-6.219116	-0.249581	-12.709233	22.577463	-3.973122	-11.056596
8.949355	9.140873	-6.196039	-0.249142	-12.734832	22.582268	-3.973139	-11.056796
-8.942871	9.199439	-6.173833	-0.248566	-12.760373	22.587056	-3.973153	-11.056995
-7.701319	6.196095	-5.851754	-0.217586	-13.230738	22.674392	-3.973012	-11.060527
17.843385	-1.897646	-5.399677	-0.167717	-13.669343	22.754693	-3.972084	-11.063569
3.598593	-8.128861	-4.119898	-0.098505	-14.133074	22.838983	-3.970035	-11.066480
-24.888451	-3.857630	-1.544954	-0.022736	-14.544635	22.913954	-3.966948	-11.068731
24.701166	-3.315624	-1.401908	-0.019301	-14.561684	22.917078	-3.966787	-11.068816
10.954183	-2.748290	-1.256716	-0.015864	-14.578620	22.920184	-3.966623	-11.068899
-18.067458	6.384082	1.938839	0.050460	-14.884515	22.976828	-3.963044	-11.070266
12.401335	-0.082988	5.607065	0.114296	-15.145875	23.026600	-3.958697	-11.071147
9.857639	-4.971045	9.570483	0.181255	-15.389164	23.075425	-3.952747	-11.071562
-8.132101	-3.975358	12.398960	0.237430	-15.568327	23.115271	-3.945787	-11.071342
-11.076901	-3.880697	12.498956	0.239704	-15.575025	23.116900	-3.945440	-11.071317
11.113511	-3.786594	12.596331	0.241947	-15.581584	23.118511	-3.945091	-11.071290
5.013637	-2.471490	13.936508	0.277614	-15.677727	23.145234	-3.938129	-11.070534
-13.582998	-2.038615	14.381011	0.299829	-15.721810	23.165240	-3.930406	-11.069304
