165.655747	0.130988	-34.115458	0.509611	4.865160	-0.322227	-1.371783	-3.702528	-16.041724
-20.949443	-3.700733	-34.065330	0.519546	4.816473	-0.322246	-1.351703	-3.703310	-16.041253
-55.974487	-16.528084	-32.728922	0.525110	4.750758	-0.321340	-1.330594	-3.703830	-16.040886
92.298887	-25.235848	-29.941063	0.524904	4.669933	-0.319488	-1.309182	-3.704059	-16.040643
-94.133091	-24.467062	-29.773743	0.524732	4.665821	-0.319379	-1.308179	-3.704063	-16.040634
116.718354	-23.538436	-29.602993	0.524545	4.661678	-0.319268	-1.307176	-3.704066	-16.040626
125.480316	8.010112	-25.804353	0.518000	4.578633	-0.316808	-1.288290	-3.704010	-16.040525
-135.612245	27.014072	-20.951244	0.505034	4.485430	-0.313628	-1.269178	-3.703742	-16.040516
-32.788891	28.422466	-14.246510	0.480961	4.366470	-0.309075	-1.246924	-3.703179	-16.040620
114.090097	17.113612	-6.665588	0.445713	4.235767	-0.303562	-1.224375	-3.702347	-16.040846
-61.369806	16.410108	-6.300399	0.443755	4.229343	-0.303279	-1.223307	-3.702301	-16.040859
-113.547560	15.691386	-5.934985	0.441767	4.222891	-0.302993	-1.222237	-3.702255	-16.040873
114.539975	-1.304629	0.684939	0.399854	4.099614	-0.297340	-1.202379	-3.701298	-16.041177
62.044008	-22.818740	6.635318	0.347370	3.968801	-0.290954	-1.182297	-3.700150	-16.041571
-122.848171	-34.297154	11.844443	0.272446	3.809275	-0.282674	-1.158851	-3.698594	-16.042137
59.372033	-15.519957	14.523043	0.180748	3.641417	-0.273412	-1.135111	-3.696797	-16.042822
117.706795	-14.184689	14.582803	0.176052	3.633424	-0.272957	-1.133999	-3.696707	-16.042857
-117.297519	-12.832411	14.636851	0.171316	3.625415	-0.272500	-1.132888	-3.696618	-16.042892
-40.560260	13.124642	14.602615	0.076141	3.472974	-0.263575	-1.112003	-3.694848	-16.043593
100.219898	32.901722	12.608711	-0.029329	3.315586	-0.253903	-1.090896	-3.692907	-16.044383
-81.034351	36.006966	8.049367	-0.158612	3.129413	-0.241865	-1.066375	-3.690470	-16.045399
-104.630236	12.884931	1.795533	-0.291387	2.938404	-0.228834	-1.041571	-3.687813	-16.046531
105.251079	11.088123	1.483360	-0.297612	2.929338	-0.228199	-1.040400	-3.687683	-16.046587
29.519628	9.235761	1.170981	-0.303829	2.920269	-0.227561	-1.039229	-3.687553	-16.046643
-120.079071	-24.576550	-4.498594	-0.417662	2.750501	-0.215326	-1.017391	-3.685047	-16.047731
95.152025	-31.400596	-9.211076	-0.526112	2.578410	-0.202334	-0.995345	-3.682381	-16.048906
135.942342	-12.819064	-12.423586	-0.639603	2.378313	-0.186444	-0.969726	-3.679118	-16.050364
-129.856926	11.478665	-13.373578	-0.735832	2.176840	-0.169543	-0.943843	-3.675645	-16.051935
-31.201382	12.400930	-13.369109	-0.739776	2.167503	-0.168737	-0.942640	-3.675479	-16.052010
128.996296	13.290904	-13.360652	-0.743674	2.158160	-0.167928	-0.941435	-3.675313	-16.052086
-50.677164	23.091824	-12.511558	-0.807942	1.982880	-0.152356	-0.918745	-3.672111	-16.053549
-115.757665	17.984351	-10.596754	-0.855944	1.807892	-0.136015	-0.895868	-3.668750	-16.055097
117.419507	-3.246436	-7.894260	-0.892035	1.607367	-0.116227	-0.869279	-3.664681	-16.056985
68.982346	-17.160483	-5.695077	-0.908601	1.408934	-0.095413	-0.842457	-3.660401	-16.058983
-125.615770	-17.339901	-5.624748	-0.908908	1.399998	-0.094444	-0.841235	-3.660202	-16.059076
81.496807	-17.471683	-5.557781	-0.909177	1.391068	-0.093473	-0.840013	-3.660003	-16.059170
131.587501	-12.513083	-4.834294	-0.907190	1.221467	-0.074485	-0.816526	-3.656101	-16.061002
-131.525291	1.191422	-4.726388	-0.892187	1.054832	-0.054717	-0.792878	-3.652038	-16.062916
-40.227720	18.808612	-4.514278	-0.859851	0.867426	-0.030969	-0.765440	-3.647156	-16.065223
117.532651	18.713591	-3.409063	-0.812616	0.685955	-0.006179	-0.737809	-3.642055	-16.067637
-64.247473	17.912332	-3.331678	-0.810096	0.677737	-0.005009	-0.736529	-3.641814	-16.067751
-117.055026	17.028022	-3.251947	-0.807547	0.669535	-0.003837	-0.735249	-3.641573	-16.067865
115.283472	-7.610647	-1.348595	-0.754371	0.518236	0.018607	-0.711109	-3.636950	-16.070055
69.973403	-25.025283	1.211402	-0.691697	0.372814	0.041842	-0.686839	-3.632160	-16.072325
-120.605413	-22.524162	4.645353	-0.608742	0.213508	0.069553	-0.658767	-3.626439	-16.075034
56.336384	2.963470	7.816933	-0.515094	0.063468	0.098318	-0.630543	-3.620491	-16.077848
119.723569	4.197163	7.940530	-0.510577	0.056849	0.099656	-0.629251	-3.620214	-16.077979
-119.523715	5.405274	8.061507	-0.506042	0.050256	0.100996	-0.627960	-3.619936	-16.078110
-40.902062	23.308504	9.769151	-0.415429	-0.071838	0.127023	-0.603226	-3.614545	-16.080656
107.098146	31.305750	9.911926	-0.317652	-0.186237	0.153857	-0.578390	-3.608978	-16.083280
-67.032037	27.579784	7.711006	-0.197034	-0.307489	0.185595	-0.549823	-3.602381	-16.086382
-109.041902	6.764783	3.790374	-0.066198	-0.417903	0.218387	-0.521147	-3.595547	-16.089584
109.472102	5.307119	3.583818	-0.059806	-0.422796	0.219945	-0.519804	-3.595221	-16.089737
41.160824	3.810574	3.376087	-0.053388	-0.427664	0.221506	-0.518460	-3.594895	-16.089889
-119.893302	-22.899380	-0.558342	0.070926	-0.513759	0.250921	-0.493426	-3.588732	-16.092765
98.255832	-27.693838	-4.115347	0.205247	-0.591237	0.281011	-0.468327	-3.582382	-16.095717
131.113711	-10.724001	-6.949098	0.373785	-0.669558	0.316430	-0.439328	-3.574826	-16.099212
-127.408260	12.004544	-8.183870	0.558419	-0.735775	0.352548	-0.410267	-3.567013	-16.102807
-22.303769	12.821224	-8.200511	0.567387	-0.738544	0.354237	-0.408919	-3.566644	-16.102975
126.877950	13.597995	-8.213467	0.576387	-0.741284	0.355926	-0.407572	-3.566276	-16.103144
-59.563702	20.599713	-7.760485	0.751581	-0.787710	0.387865	-0.382277	-3.559253	-16.106355
-118.646011	13.627624	-6.061715	0.935605	-0.824467	0.420200	-0.356954	-3.552029	-16.109639
119.010927	-5.751488	-3.314998	1.152079	-0.854413	0.457720	-0.327835	-3.543476	-16.113503
72.622288	-16.073929	-0.729111	1.367347	-0.870779	0.495449	-0.298703	-3.534645	-16.117463
-122.461233	-16.055134	-0.630631	1.377179	-0.871201	0.497199	-0.297353	-3.534229	-16.117649
61.301206	-15.982923	-0.534787	1.386987	-0.871591	0.498948	-0.296004	-3.533813	-16.117835
124.908599	-7.128114	0.841774	1.567194	-0.873243	0.531791	-0.270636	-3.525870	-16.121368
-125.488291	7.229023	1.595286	1.736236	-0.863835	0.564435	-0.245279	-3.517708	-16.124974
-46.996807	17.058375	2.043255	1.910603	-0.838949	0.601423	-0.216203	-3.508067	-16.129199
123.115053	12.576614	2.386107	2.057393	-0.798492	0.637643	-0.187169	-3.498127	-16.133517
-60.329118	11.930211	2.402253	2.063396	-0.796237	0.639294	-0.185829	-3.497660	-16.133719
-122.978720	11.243068	2.418500	2.069324	-0.793948	0.640942	-0.184488	-3.497193	-16.133921
121.860349	-5.797954	2.756117	2.166340	-0.744265	0.671572	-0.159240	-3.488259	-16.137766
66.617309	-19.877827	3.196322	2.232167	-0.681961	0.701218	-0.134045	-3.479090	-16.141680
-119.974755	-23.164473	3.917448	2.263447	-0.593581	0.734082	-0.104951	-3.468171	-16.146299
60.941825	-8.521654	4.837835	2.239885	-0.487384	0.765110	-0.075961	-3.456919	-16.151009
117.996011	-7.347016	4.884737	2.236903	-0.481096	0.766740	-0.074387	-3.456297	-16.151268
-117.824469	-6.145713	4.930649	2.233737	-0.474752	0.768365	-0.072812	-3.455674	-16.151528
-37.542114	13.504121	5.439748	2.159573	-0.368544	0.793033	-0.048122	-3.445745	-16.155637
109.743825	25.620100	5.278470	2.037992	-0.251308	0.815960	-0.023531	-3.435562	-16.159812
-54.529127	18.640897	3.952225	1.838127	-0.106051	0.839865	0.004507	-3.423578	-16.164676
-108.173475	-3.633426	1.778567	1.571262	0.047798	0.860999	0.032388	-3.411248	-16.169625
108.468867	-4.859126	1.664750	1.557027	0.055186	0.861921	0.033695	-3.410660	-16.169859
54.523163	-6.085351	1.550408	1.542648	0.062581	0.862834	0.035001	-3.410071	-16.170094
-116.984026	-24.358530	-0.639033	1.243235	0.203374	0.878740	0.059492	-3.398848	-16.174546
74.009343	-22.654762	-2.642375	0.887871	0.345730	0.892080	0.083841	-3.387345	-16.179064
128.533875	-5.995772	-4.265422	0.410640	0.507539	0.903964	0.111509	-3.373833	-16.184312
-125.037930	10.219210	-4.831559	-0.144308	0.664909	0.911984	0.138958	-3.359938	-16.189644
-26.814942	10.862528	-4.827053	-0.170774	0.671735	0.912246	0.140171	-3.359312	-16.189883
124.548875	11.498941	-4.819806	-0.197376	0.678541	0.912500	0.141382	-3.358686	-16.190121
-59.992275	20.963254	-4.089571	-0.743311	0.808292	0.915795	0.165031	-3.346258	-16.194831
-117.880959	18.435142	-2.257027	-1.312390	0.929566	0.915773	0.188488	-3.333527	-16.199602
120.203308	-3.612800	0.608916	-1.966069	1.058566	0.911252	0.215876	-3.318120	-16.205308
61.881160	-20.344398	3.223000	-2.547394	1.168906	0.901604	0.242944	-3.302272	-16.211099
-124.300591	-20.419650	3.272219	-2.559599	1.171220	0.901316	0.243570	-3.301898	-16.211235
68.395260	-20.475135	3.320771	-2.571750	1.173525	0.901025	0.244196	-3.301523	-16.211371
124.965741	-11.705422	4.575096	-2.959277	1.248636	0.888435	0.266814	-3.287735	-16.216343
-122.780893	7.169894	4.811809	-3.218181	1.305316	0.871812	0.289140	-3.273615	-16.221375
-43.910792	21.535912	3.779779	-3.322588	1.344945	0.847333	0.314575	-3.256850	-16.227274
118.433688	16.453934	1.499481	-3.218935	1.354346	0.817004	0.339528	-3.239623	-16.233253
-44.188849	15.592157	1.376228	-3.209396	1.354068	0.815466	0.340662	-3.238820	-16.233529
-118.549090	14.670535	1.251986	-3.199442	1.353729	0.813914	0.341796	-3.238015	-16.233806
121.145649	-7.590355	-1.125387	-2.939709	1.336508	0.782457	0.362799	-3.222777	-16.239020
77.031384	-21.952345	-3.197113	-2.547106	1.299692	0.746323	0.383374	-3.207184	-16.244291
-125.294434	-17.524492	-4.616767	-1.934672	1.234029	0.698189	0.406777	-3.188550	-16.250507
52.865274	6.848412	-4.953584	-1.171212	1.145903	0.643657	0.429509	-3.169413	-16.256799
120.285148	7.843492	-4.945439	-1.133728	1.141452	0.641064	0.430513	-3.168542	-16.257084
-119.941400	8.793864	-4.935396	-1.096012	1.136962	0.638462	0.431514	-3.167671	-16.257368
-34.891352	19.244346	-4.385746	-0.331684	1.043155	0.586275	0.450426	-3.150768	-16.262844
105.816756	19.918423	-3.195091	0.482627	0.935405	0.529895	0.468772	-3.133475	-16.268376
-53.546585	15.374009	-1.149380	1.436848	0.794075	0.459384	0.489354	-3.112861	-16.274879
-108.312354	2.614064	1.169622	2.335719	0.637252	0.383941	0.509076	-3.091693	-16.281456
108.671709	1.752218	1.274093	2.374553	0.629714	0.380368	0.509960	-3.090709	-16.281760
56.407518	0.866697	1.377996	2.413124	0.622148	0.376785	0.510841	-3.089723	-16.282064
-116.984934	-15.051580	3.154672	3.078749	0.475417	0.307996	0.526985	-3.071040	-16.287779
67.527276	-17.421755	4.385638	3.608260	0.319866	0.236144	0.542421	-3.051931	-16.293547
126.840889	-5.394202	4.825754	3.996882	0.129693	0.149203	0.559417	-3.029195	-16.300312
-125.985828	10.877739	4.336915	4.097794	-0.069136	0.058873	0.575365	-3.005860	-16.307147
-34.874583	11.497068	4.293446	4.095687	-0.078844	0.054473	0.576101	-3.004728	-16.307476
125.799599	12.088000	4.248277	4.092982	-0.088568	0.050066	0.576834	-3.003595	-16.307805
-46.674792	17.395652	3.166236	3.947360	-0.265854	-0.030281	0.589585	-2.982979	-16.313747
-123.241466	11.755397	1.668207	3.635634	-0.446341	-0.112564	0.601487	-2.961898	-16.319740
123.408090	-6.398132	-0.298974	3.096310	-0.658216	-0.210681	0.614254	-2.936697	-16.326798
74.529170	-19.236165	-2.118515	2.406876	-0.868328	-0.310685	0.625764	-2.910831	-16.333923
-123.787072	-19.345879	-2.190134	2.373137	-0.877645	-0.315202	0.626249	-2.909657	-16.334244
68.226814	-19.400856	-2.260658	2.339159	-0.886958	-0.319725	0.626732	-2.908480	-16.334565
123.339293	-11.317247	-3.375436	1.650770	-1.063159	-0.406996	0.635475	-2.885645	-16.340750
-122.653998	6.970770	-3.997184	0.910437	-1.233314	-0.495081	0.643210	-2.862294	-16.346984
-39.105706	22.015525	-4.022448	0.021257	-1.420290	-0.597904	0.650873	-2.834559	-16.354274
121.331185	16.707931	-3.274013	-0.865734	-1.593065	-0.701080	0.657081	-2.806100	-16.361629
-42.768311	15.774568	-3.223854	-0.906234	-1.600647	-0.705846	0.657332	-2.804768	-16.361971
-121.236312	14.777369	-3.172568	-0.946651	-1.608186	-0.710609	0.657579	-2.803435	-16.362312
120.426637	-8.907825	-2.042840	-1.684538	-1.741173	-0.799129	0.661584	-2.778357	-16.368681
78.796789	-24.101663	-0.705337	-2.382153	-1.859013	-0.887336	0.664438	-2.752719	-16.375097
-121.179192	-22.604160	0.878977	-3.120276	-1.974949	-0.989864	0.666266	-2.721976	-16.382667
51.405009	-3.171019	2.210210	-3.742550	-2.063991	-1.091212	0.666407	-2.690427	-16.390299
120.685483	-2.218129	2.257023	-3.766013	-2.067140	-1.095501	0.666375	-2.689064	-16.390626
-120.589472	-1.270440	2.302867	-3.789220	-2.070236	-1.099791	0.666340	-2.687698	-16.390953
-46.023236	15.442838	2.977401	-4.194202	-2.120390	-1.185431	0.664942	-2.659891	-16.397560
113.105234	24.386086	3.058762	-4.469676	-2.145984	-1.269626	0.662222	-2.631464	-16.404212
-57.612876	20.514174	2.307478	-4.623868	-2.142231	-1.364811	0.657381	-2.597811	-16.411957
-111.366640	3.000299	0.963437	-4.626090	-2.099785	-1.457172	0.650671	-2.563297	-16.419761
111.585117	1.878541	0.891730	-4.622919	-2.096746	-1.461494	0.650304	-2.561628	-16.420135
57.383896	0.738262	0.819683	-4.619474	-2.093613	-1.465807	0.649932	-2.559958	-16.420509
-117.721331	-18.159673	-0.488774	-4.512949	-2.021253	-1.542209	0.642439	-2.529403	-16.427293
74.796880	-21.875323	-1.621434	-4.333186	-1.920861	-1.615124	0.633478	-2.498183	-16.434119
127.958852	-8.787429	-2.415379	-4.052772	-1.772278	-1.694642	0.621180	-2.461063	-16.442104
-126.540299	11.521160	-2.527446	-3.720460	-1.592756	-1.767940	0.606810	-2.423023	-16.450145
-38.567753	12.312762	-2.514441	-3.704027	-1.583565	-1.771240	0.606079	-2.421202	-16.450526
126.151216	13.068911	-2.499707	-3.687543	-1.574307	-1.774526	0.605343	-2.419379	-16.450908
-42.297675	19.649233	-1.919898	-3.379110	-1.394669	-1.831868	0.591031	-2.385652	-16.457912
-119.214888	11.430619	-0.796863	-3.058020	-1.197009	-1.883684	0.575101	-2.351223	-16.464956
122.481470	-11.025211	0.770603	-2.671652	-0.948760	-1.936246	0.554609	-2.310500	-16.473158
79.447393	-18.989123	2.067435	-2.270474	-0.682888	-1.980306	0.531868	-2.268823	-16.481414
-130.427047	-18.737859	2.108358	-2.252844	-0.671069	-1.982007	0.530835	-2.267003	-16.481772
67.503309	-18.431341	2.147697	-2.235188	-0.659225	-1.983691	0.529798	-2.265181	-16.482129
134.591806	-4.705086	2.613609	-1.876839	-0.417267	-2.013734	0.508153	-2.228360	-16.489303
-133.119293	11.065854	2.512072	-1.510216	-0.167254	-2.036575	0.484776	-2.190825	-16.496516
-47.075475	20.068972	1.775244	-1.083068	0.129121	-2.053511	0.455542	-2.146513	-16.504910
121.498945	14.678960	0.508557	-0.659682	0.429768	-2.059696	0.423940	-2.101267	-16.513355
-43.854043	13.957323	0.435022	-0.638425	0.445069	-2.059712	0.422274	-2.098947	-16.513784
-121.198576	13.190252	0.360935	-0.617209	0.460362	-2.059700	0.420602	-2.096627	-16.514214
120.491284	-4.019392	-0.944899	-0.262744	0.719273	-2.054972	0.391345	-2.056946	-16.521511
76.123315	-19.320156	-2.207969	0.079430	0.976299	-2.041514	0.360363	-2.016592	-16.528845
-118.633842	-21.701017	-3.352641	0.455123	1.268913	-2.014670	0.322447	-1.968988	-16.537389
50.240732	-2.757116	-3.949445	0.803091	1.552572	-1.975437	0.282596	-1.920499	-16.545980
113.415833	-1.680731	-3.966622	0.819388	1.566182	-1.973190	0.280597	-1.918101	-16.546403
-113.131629	-0.620155	-3.982904	0.835624	1.579770	-1.970912	0.278593	-1.915699	-16.546825
-51.745577	14.441504	-4.153565	1.111174	1.814953	-1.925437	0.242457	-1.872813	-16.554327
105.605491	21.058036	-4.215028	1.363581	2.038280	-1.870125	0.205200	-1.829281	-16.561864
-47.481960	16.526971	-4.307584	1.624908	2.278047	-1.793882	0.161063	-1.778317	-16.570593
-112.420687	0.697049	-4.376037	1.853536	2.495623	-1.703940	0.115869	-1.726524	-16.579366
112.800301	-0.272479	-4.376991	1.863378	2.505166	-1.699408	0.113741	-1.724090	-16.579777
62.539578	-1.256465	-4.377667	1.873148	2.514653	-1.694846	0.111610	-1.721654	-16.580187
-121.013298	-17.560989	-4.327686	2.043411	2.681247	-1.603885	0.071489	-1.675792	-16.587872
69.776584	-18.669446	-4.117688	2.193480	2.825833	-1.502024	0.030912	-1.629325	-16.595589
128.430466	-5.149724	-3.585071	2.345159	2.961652	-1.371452	-0.016001	-1.575285	-16.604483
-123.971387	11.777209	-2.576841	2.479297	3.062050	-1.225909	-0.063078	-1.520481	-16.613418
-30.461156	12.377729	-2.517975	2.484934	3.065642	-1.219076	-0.065175	-1.518024	-16.613817
123.389571	12.953607	-2.457786	2.490545	3.069156	-1.212212	-0.067270	-1.515565	-16.614216
-42.044170	18.413397	-0.994067	2.595594	3.121833	-1.072077	-0.108132	-1.467260	-16.622019
-113.870166	11.019454	1.002021	2.694126	3.142707	-0.920195	-0.148775	-1.418399	-16.629853
115.209648	-10.177518	3.467698	2.803564	3.124958	-0.730790	-0.195181	-1.361370	-16.638925
75.798353	-20.113761	5.411198	2.912888	3.060715	-0.527438	-0.240868	-1.303625	-16.648036
-121.055797	-19.964483	5.476226	2.918002	3.056611	-0.517756	-0.242954	-1.300945	-16.648457
60.445761	-19.750139	5.538580	2.923125	3.052405	-0.508049	-0.245037	-1.298264	-16.648878
125.653279	-6.822647	6.198615	3.021904	2.954301	-0.321075	-0.283809	-1.247566	-16.656812
-127.720211	11.460785	5.834663	3.126147	2.819732	-0.126686	-0.321703	-1.196348	-16.664773
-59.427298	21.614214	4.059610	3.248805	2.619393	0.104161	-0.364000	-1.136815	-16.673962
125.881298	12.963320	0.936170	3.368277	2.369789	0.340803	-0.404729	-1.076596	-16.683187
-42.162263	11.953958	0.761647	3.373967	2.356200	0.352588	-0.406693	-1.073608	-16.683643
-125.658665	10.890316	0.586194	3.379631	2.342490	0.364381	-0.408654	-1.070619	-16.684099
123.785819	-10.531210	-2.497754	3.473738	2.082950	0.572146	-0.442270	-1.017959	-16.692102
77.520155	-21.262111	-5.107392	3.554311	1.787538	0.781129	-0.474417	-0.964769	-16.700131
-121.603102	-15.472492	-6.789871	3.622181	1.402971	1.023027	-0.509666	-0.902450	-16.709467
48.728932	4.052270	-6.944141	3.651904	0.978406	1.262603	-0.542584	-0.839374	-16.718836
119.219748	4.986987	-6.914059	3.652216	0.956884	1.274153	-0.544121	-0.836288	-16.719292
-119.034152	5.897054	-6.880559	3.652415	0.935289	1.285693	-0.545653	-0.833200	-16.719748
-42.432055	17.598403	-5.714330	3.633570	0.538232	1.489817	-0.571990	-0.777702	-16.727916
110.769461	20.301814	-3.502428	3.561185	0.124645	1.689038	-0.596293	-0.721586	-16.736107
-35.771505	12.773575	-0.078802	3.399994	-0.342080	1.901175	-0.620576	-0.659015	-16.745159
-113.514863	-3.843270	3.469833	3.132351	-0.811689	2.103808	-0.642106	-0.595616	-16.754238
122.409274	-22.631217	6.123377	2.716485	-1.294650	2.302941	-0.661472	-0.528578	-16.763732
-130.341435	-17.329490	6.778310	2.138218	-1.760768	2.487615	-0.677524	-0.460539	-16.773256
52.773690	-16.326318	6.762490	2.108860	-1.780673	2.495353	-0.678150	-0.457530	-16.773674
130.634151	-15.260678	6.743269	2.079163	-1.800524	2.503059	-0.678769	-0.454520	-16.774093
-129.288427	11.013848	5.711642	1.429545	-2.182108	2.649032	-0.689632	-0.394375	-16.782407
-53.606779	27.004345	3.628503	0.698311	-2.535796	2.780920	-0.697723	-0.333414	-16.790741
115.948494	23.689708	0.366946	-0.182349	-2.900299	2.913728	-0.703461	-0.262052	-16.800379
-28.743077	0.248392	-2.968978	-1.030925	-3.208399	3.023807	-0.705178	-0.189530	-16.810044
-111.021044	-1.055047	-3.116602	-1.070124	-3.221785	3.028551	-0.705156	-0.185967	-16.810515
110.907829	-2.349498	-3.262011	-1.109060	-3.235012	3.033236	-0.705124	-0.182402	-16.810987
83.484415	-21.797163	-5.345762	-1.744110	-3.441112	3.105971	-0.702886	-0.118927	-16.819327
-111.963874	-29.834069	-6.090557	-2.246095	-3.590446	3.158771	-0.697401	-0.054545	-16.827685
60.182695	-19.339565	-4.796502	-2.614987	-3.684420	3.193686	-0.686735	0.021577	-16.837441
116.063543	3.349927	-1.933366	-2.757516	-3.684317	3.199846	-0.671262	0.098896	-16.847221
-116.120620	4.515383	-1.775918	-2.758988	-3.681825	3.199430	-0.670401	0.102614	-16.847688
-47.792990	5.675833	-1.617469	-2.759990	-3.679102	3.198950	-0.669529	0.106335	-16.848156
116.898992	22.666854	1.273588	-2.699052	-3.590243	3.179477	-0.651945	0.173767	-16.856579
-49.838189	24.816062	3.767074	-2.491701	-3.427719	3.139922	-0.630894	0.241969	-16.865019
-120.442560	9.273519	5.413158	-2.066907	-3.154090	3.069414	-0.602215	0.322294	-16.874867
124.211190	-14.738819	5.429238	-1.444697	-2.800803	2.973581	-0.569286	0.403509	-16.884736
77.527998	-15.457196	5.390872	-1.413502	-2.783997	2.968906	-0.567777	0.407021	-16.885161
-124.545269	-16.123110	5.349152	-1.381925	-2.767054	2.964183	-0.566261	0.410537	-16.885587
68.193508	-19.274553	3.799272	-0.685707	-2.401501	2.859879	-0.534254	0.481505	-16.894142
127.924801	-8.943708	1.047795	0.074626	-1.993385	2.738192	-0.499486	0.553014	-16.902711
-124.606960	7.903783	-2.504606	0.926430	-1.481615	2.577824	-0.456405	0.635787	-16.912576
-50.853928	18.034295	-5.010945	1.641414	-0.935111	2.396567	-0.410296	0.719116	-16.922458
118.328680	18.089695	-5.076896	1.669473	-0.908943	2.387614	-0.408075	0.723018	-16.922920
-45.743794	18.095117	-5.137116	1.696965	-0.882725	2.378618	-0.405848	0.726921	-16.923382
-114.773585	9.749384	-5.296300	2.093421	-0.389136	2.204186	-0.363550	0.799455	-16.931948
115.930490	-9.010016	-3.962674	2.254920	0.113627	2.015732	-0.319468	0.872283	-16.940526
83.465940	-22.024929	-1.243886	2.174458	0.696126	1.781316	-0.266563	0.956776	-16.950457
-126.041502	-13.392873	1.913525	1.857727	1.266081	1.530211	-0.211889	1.041508	-16.960403
44.027030	-12.341444	2.050716	1.838726	1.291264	1.518486	-0.209382	1.045342	-16.960852
126.196760	-11.232280	2.186659	1.819361	1.316383	1.506728	-0.206871	1.049176	-16.961302
-125.192342	13.965926	4.428573	1.382830	1.785290	1.274289	-0.158007	1.123056	-16.969970
-73.626382	26.911836	5.488264	0.850242	2.218318	1.030842	-0.108292	1.196997	-16.978647
116.307762	19.021009	4.680103	0.165312	2.659762	0.737525	-0.050216	1.282227	-16.988662
-17.556808	-7.487701	2.319846	-0.533553	3.025155	0.431674	0.008365	1.367377	-16.998687
-111.842415	-8.669369	2.190042	-0.564727	3.039790	0.417419	0.011048	1.371264	-16.999146
111.702753	-9.818923	2.059024	-0.595784	3.054234	0.403139	0.013731	1.375151	-16.999604
80.570173	-24.920084	-0.533187	-1.153119	3.289647	0.128558	0.064539	1.448636	-17.008283
-110.346402	-27.637056	-2.928766	-1.623017	3.446513	-0.153901	0.115237	1.521938	-17.016970
64.272628	-17.111008	-4.819205	-1.999761	3.517941	-0.488940	0.173256	1.606129	-17.026991
114.375706	1.658603	-5.664706	-2.136630	3.457531	-0.832478	0.230512	1.689921	-17.037021
-114.461050	2.662390	-5.679609	-2.136002	3.450832	-0.849586	0.233312	1.694044	-17.037516
-29.627150	3.665526	-5.692003	-2.134621	3.443768	-0.866705	0.236108	1.698166	-17.038011
115.788121	18.765154	-5.488513	-1.992703	3.260787	-1.170127	0.284990	1.770711	-17.046754
-42.874258	22.267138	-4.448196	-1.658621	2.976078	-1.474000	0.332802	1.842832	-17.055503
-120.688280	9.467338	-2.306133	-1.097617	2.545151	-1.817920	0.385808	1.924594	-17.065499
124.725502	-13.830014	0.256707	-0.408141	2.024340	-2.154554	0.436807	2.005646	-17.075501
84.117806	-14.624413	0.371995	-0.374678	1.998837	-2.169714	0.439087	2.009336	-17.075959
-125.049280	-15.363628	0.486547	-0.341103	1.973212	-2.184850	0.441362	2.013024	-17.076416
60.664146	-19.403978	2.433157	0.310742	1.465386	-2.467894	0.483713	2.082940	-17.085136
126.862633	-9.035034	3.714902	0.955005	0.932260	-2.739161	0.524057	2.152194	-17.093859
-123.539816	10.340656	4.495460	1.632594	0.305967	-3.035397	0.568053	2.231624	-17.103981
-60.631235	20.941262	4.824073	2.167385	-0.301985	-3.307732	0.608723	2.310005	-17.114105
118.684990	20.905295	4.833342	2.186872	-0.328352	-3.319308	0.610463	2.313492	-17.114559
-51.636187	20.811683	4.842357	2.205936	-0.354642	-3.330835	0.612196	2.316979	-17.115013
-117.357703	8.949176	4.970560	2.479906	-0.841687	-3.542157	0.644248	2.384015	-17.123804
121.289377	-13.384088	5.027665	2.542862	-1.278073	-3.729084	0.673299	2.450138	-17.132596
80.054511	-25.028400	5.021826	2.325091	-1.704195	-3.908618	0.702444	2.524242	-17.142608
-133.379438	-12.196820	4.859642	1.836411	-2.053707	-4.048679	0.727089	2.597008	-17.152620
52.665358	-10.886265	4.844012	1.807333	-2.068544	-4.054331	0.728152	2.600462	-17.153100
133.218734	-9.518439	4.827436	1.777817	-2.083196	-4.059879	0.729204	2.603910	-17.153579
-127.520718	17.174996	4.323243	1.171738	-2.318924	-4.142603	0.746328	2.665980	-17.162294
-65.620097	27.406720	3.305831	0.466276	-2.496983	-4.189189	0.759559	2.726916	-17.171009
110.220924	16.355245	1.388042	-0.412415	-2.631437	-4.194404	0.769823	2.796066	-17.181109
-17.972584	-8.328196	-0.857210	-1.284793	-2.688823	-4.143586	0.774734	2.863532	-17.191207
-108.196710	-9.404153	-0.957402	-1.323197	-2.689604	-4.139875	0.774833	2.866567	-17.191668
108.284095	-10.454506	-1.056940	-1.361423	-2.690224	-4.136040	0.774922	2.869597	-17.192128
89.571402	-24.359551	-2.745456	-2.044300	-2.671009	-4.039839	0.774591	2.926431	-17.200866
-117.197184	-24.609643	-3.778978	-2.612351	-2.590151	-3.900395	0.770522	2.981878	-17.209600
58.403117	-7.841547	-3.807788	-3.061048	-2.413865	-3.689828	0.761363	3.043969	-17.219660
121.091757	12.106379	-2.823383	-3.233355	-2.145062	-3.430445	0.747606	3.104043	-17.229714
-120.960957	12.796987	-2.757890	-3.234555	-2.130439	-3.417215	0.746854	3.106798	-17.230184
-50.385998	13.453356	-2.690884	-3.235156	-2.115646	-3.403889	0.746093	3.109549	-17.230653
117.449953	20.447960	-1.208009	-3.139497	-1.812640	-3.139660	0.730244	3.159777	-17.239371
-42.745417	19.698248	0.570225	-2.847702	-1.465008	-2.845804	0.711242	3.208329	-17.248082
-118.915317	5.990735	2.514065	-2.275354	-1.022685	-2.471464	0.685398	3.262519	-17.258194
124.148096	-17.425138	3.536123	-1.466549	-0.558659	-2.066322	0.655712	3.314230	-17.268297
76.035250	-18.114827	3.546618	-1.424050	-0.537204	-2.047091	0.654263	3.316539	-17.268760
-124.495545	-18.731839	3.553261	-1.381057	-0.515735	-2.027793	0.652805	3.318844	-17.269223
54.950610	-17.990556	3.030665	-0.507039	-0.118031	-1.658788	0.624268	3.360793	-17.277855
123.531044	-2.249387	1.590751	0.453865	0.266064	-1.274290	0.593246	3.400751	-17.286479
-119.890785	18.084044	-0.625973	1.572848	0.678219	-0.812046	0.554256	3.444587	-17.296492
-54.468813	21.768711	-2.725164	2.560471	1.034177	-0.337902	0.512316	3.485514	-17.306494
117.909240	21.371992	-2.808940	2.601455	1.049254	-0.315298	0.510266	3.487373	-17.306966
-37.812675	20.920311	-2.890770	2.641812	1.064159	-0.292680	0.508210	3.489225	-17.307438
-120.002517	5.070975	-4.003447	3.257525	1.303659	0.122938	0.469578	3.521883	-17.316062
125.459998	-15.824890	-4.251315	3.603888	1.471626	0.540368	0.429062	3.552208	-17.324677
91.331242	-25.187611	-3.217186	3.624384	1.564432	1.024654	0.379680	3.584491	-17.334697
-135.127247	-11.150416	-0.812258	3.295234	1.551767	1.502364	0.328132	3.613409	-17.344703
51.473180	-9.866386	-0.679486	3.272881	1.548860	1.524293	0.325692	3.614668	-17.345167
134.860590	-8.531045	-0.545618	3.249964	1.545761	1.546198	0.323247	3.615918	-17.345631
-128.893849	17.394770	1.995490	2.736962	1.456298	1.944851	0.277478	3.637614	-17.354170
-75.680096	26.635012	4.250618	2.087218	1.312970	2.331734	0.230420	3.656706	-17.362697
111.626454	14.352275	5.852339	1.222413	1.091897	2.764532	0.173869	3.675663	-17.372664
-21.986536	-10.971298	6.189022	0.321513	0.830662	3.169740	0.115930	3.690865	-17.382613
-107.384683	-12.044769	6.173602	0.279528	0.817718	3.187977	0.113180	3.691485	-17.383080
107.333626	-13.082429	6.155382	0.237621	0.804727	3.206140	0.110427	3.692096	-17.383546
82.737694	-25.246937	5.338338	-0.506404	0.562545	3.522613	0.059928	3.701716	-17.392025
-111.395334	-25.078059	3.617373	-1.199858	0.316965	3.810080	0.008705	3.708459	-17.400490
54.286734	-11.687220	0.633318	-1.913816	0.041433	4.103460	-0.051816	3.712608	-17.410348
118.722999	7.192989	-2.805955	-2.489749	-0.204796	4.345383	-0.112953	3.712657	-17.420184
-118.772701	8.035241	-2.965989	-2.512677	-0.215285	4.355326	-0.115824	3.712558	-17.420643
-54.073183	8.865080	-3.125283	-2.535202	-0.225662	4.365136	-0.118693	3.712449	-17.421102
118.631115	20.385366	-5.859508	-2.876623	-0.395741	4.522415	-0.171730	3.708794	-17.429552
-34.260350	20.413212	-7.951157	-3.061608	-0.517843	4.632438	-0.224954	3.701973	-17.437982
-120.359793	4.927074	-9.333654	-3.042666	-0.591726	4.697469	-0.286927	3.689989	-17.447761
124.102605	-17.935694	-9.376319	-2.732710	-0.603887	4.691672	-0.348623	3.673579	-17.457509
84.554820	-18.530035	-9.341153	-2.712086	-0.603144	4.689676	-0.351451	3.672715	-17.457957
-124.417255	-19.046763	-9.302438	-2.690947	-0.602292	4.687526	-0.354279	3.671842	-17.458405
68.325517	-16.257577	-7.971214	-2.214294	-0.567817	4.619456	-0.406728	3.653769	-17.466760
125.611963	0.046088	-5.668473	-1.616504	-0.502519	4.498723	-0.458353	3.632312	-17.475087
-122.056836	17.647581	-2.132886	-0.837646	-0.396873	4.293505	-0.516876	3.603100	-17.484716
-54.828709	20.009532	1.928367	-0.042985	-0.270187	4.020548	-0.573483	3.569191	-17.494304
117.529073	19.658778	2.114095	-0.008610	-0.264275	4.006918	-0.575944	3.567576	-17.494729
-29.609244	19.267327	2.299828	0.025610	-0.258352	3.993170	-0.578398	3.565953	-17.495153
-116.080969	5.142194	5.831943	0.655365	-0.141694	3.701095	-0.625163	3.532504	-17.503385
118.394780	-13.775657	8.830233	1.181961	-0.028715	3.364484	-0.669877	3.495451	-17.511583
88.304113	-23.317454	10.902301	1.594587	0.083807	2.926666	-0.718585	3.448130	-17.521002
-128.864187	-12.194884	10.869414	1.740529	0.163857	2.443630	-0.763769	3.395867	-17.530372
45.557891	-11.092027	10.816424	1.740998	0.166613	2.419741	-0.765817	3.393265	-17.530816
129.100359	-9.939077	10.759014	1.740920	0.169265	2.395755	-0.767857	3.390649	-17.531259
-129.113022	13.959265	8.961282	1.650788	0.199721	1.941543	-0.803701	3.340568	-17.539382
-76.566990	26.680194	5.888564	1.421557	0.199127	1.465883	-0.836230	3.286617	-17.547465
121.218138	19.197411	1.207682	1.043971	0.167366	0.903743	-0.868970	3.220186	-17.556645
-10.141771	-7.853859	-3.757155	0.603736	0.110814	0.329312	-0.896593	3.148568	-17.565768
-115.817008	-9.129800	-3.979594	0.582474	0.107681	0.302023	-0.897764	3.145057	-17.566197
115.604291	-10.374514	-4.200182	0.561205	0.104512	0.274706	-0.898923	3.141532	-17.566626
94.048804	-26.336653	-7.764647	0.178782	0.041019	-0.229452	-0.918011	3.074443	-17.574517
-110.668647	-27.232195	-9.868160	-0.156677	-0.028064	-0.731181	-0.932592	3.003307	-17.582360
59.049354	-9.732091	-9.832466	-0.438056	-0.107095	-1.300419	-0.943454	2.916110	-17.591351
111.814932	13.631433	-7.653951	-0.588394	-0.176767	-1.851430	-0.947514	2.823386	-17.600275
-111.917816	14.544292	-7.516634	-0.592346	-0.179561	-1.875876	-0.947530	2.819045	-17.600678
-47.324371	15.429268	-7.376543	-0.596068	-0.182317	-1.900267	-0.947531	2.814693	-17.601081
114.084011	24.329723	-4.251234	-0.626318	-0.226521	-2.356210	-0.944617	2.729029	-17.608782
-27.149718	13.484909	-0.663543	-0.590264	-0.250187	-2.786454	-0.935982	2.639134	-17.616428
-114.839129	-9.307296	3.155052	-0.488952	-0.245228	-3.240779	-0.918886	2.531068	-17.625119
115.280733	-21.766611	5.654827	-0.342403	-0.204028	-3.645595	-0.893964	2.417784	-17.633733
87.700813	-21.767022	5.720871	-0.334837	-0.201267	-3.662905	-0.892627	2.412449	-17.634128
-115.501840	-21.705825	5.781918	-0.327205	-0.198430	-3.680105	-0.891272	2.407100	-17.634522
54.798603	-11.432308	6.081900	-0.172087	-0.131038	-3.982586	-0.862371	2.303651	-17.641978
123.618926	6.843908	5.107048	-0.003102	-0.040181	-4.237074	-0.827354	2.196603	-17.649372
-125.515137	22.456675	3.096799	0.191685	0.088029	-4.464846	-0.779584	2.069617	-17.657774
-60.623617	23.472344	0.890104	0.369924	0.234694	-4.618942	-0.723597	1.938379	-17.666091
123.281643	22.999148	0.797336	0.377379	0.241729	-4.624158	-0.720842	1.932286	-17.666469
-40.181869	22.471680	0.705740	0.384766	0.248794	-4.629216	-0.718067	1.926182	-17.666847
-121.822007	4.221778	-0.779118	0.508546	0.386998	-4.694407	-0.662207	1.808977	-17.673971
124.352320	-19.521829	-1.726932	0.593643	0.532600	-4.701594	-0.600121	1.688962	-17.681029
92.873880	-27.429567	-2.037005	0.628581	0.708717	-4.638953	-0.521435	1.547527	-17.689068
-131.616444	-8.797307	-1.504195	0.574237	0.891848	-4.501299	-0.436036	1.402854	-17.697013
46.808641	-7.275331	-1.465750	0.568852	0.900447	-4.493049	-0.431898	1.396019	-17.697382
131.238087	-5.704603	-1.426576	0.563177	0.909041	-4.484637	-0.427747	1.389178	-17.697751
-124.066088	23.214187	-0.636031	0.399600	1.065207	-4.297160	-0.347744	1.259734	-17.704624
-81.057236	29.095402	-0.017206	0.115073	1.198143	-4.053643	-0.264025	1.128189	-17.711422
110.612294	11.740116	0.148369	-0.379656	1.298469	-3.709293	-0.165063	0.976198	-17.719064
-5.565355	-13.043712	0.059881	-1.041675	1.316940	-3.294352	-0.063136	0.822081	-17.726602
-112.551533	-13.986259	0.056048	-1.073935	1.315344	-3.273689	-0.058416	0.814982	-17.726944
112.769379	-14.893572	0.052494	-1.106237	1.313512	-3.252880	-0.053693	0.807879	-17.727287
101.932323	-25.194047	0.080665	-1.709035	1.229430	-2.826644	0.037474	0.671087	-17.733804
-122.765878	-22.417973	0.360404	-2.182120	1.040943	-2.351038	0.129401	0.533164	-17.740239
44.923331	-6.106232	0.772350	-2.345901	0.676442	-1.752556	0.235032	0.373672	-17.747526
121.558910	11.228896	1.016713	-1.945489	0.147325	-1.111775	0.339741	0.213337	-17.754700
-121.258383	11.784602	1.020006	-1.912817	0.120233	-1.082006	0.344447	0.206058	-17.755022
-59.708707	12.311162	1.022456	-1.878855	0.092925	-1.052187	0.349149	0.198778	-17.755344
113.997815	17.870953	0.897021	-0.992102	-0.463375	-0.472943	0.438427	0.058965	-17.761478
-34.272025	16.902199	0.420977	0.263127	-1.047544	0.110651	0.525483	-0.080970	-17.767522
-110.533543	3.717982	-0.661409	1.925829	-1.688651	0.768300	0.621788	-0.241436	-17.774347
116.964031	-18.154007	-2.636525	3.509684	-2.227855	1.394111	0.713257	-0.401422	-17.781051
79.572879	-18.652483	-2.750139	3.572533	-2.248135	1.420658	0.717155	-0.408448	-17.781343
-117.543096	-19.071890	-2.866283	3.634581	-2.268074	1.447109	0.721043	-0.415471	-17.781635
51.767617	-13.338610	-5.518568	4.657930	-2.584176	1.949437	0.795515	-0.554139	-17.787366
122.949070	6.749732	-8.125653	5.148177	-2.720659	2.405683	0.864798	-0.691937	-17.793001
-121.300707	25.546266	-9.702463	4.801572	-2.620104	2.865324	0.936944	-0.848492	-17.799339
-78.408331	24.456618	-8.580378	3.363474	-2.274696	3.256992	1.000367	-1.003265	-17.805548
119.223820	23.869388	-8.461595	3.274619	-2.253621	3.273429	1.003064	-1.010354	-17.805831
-22.505488	23.236021	-8.337178	3.184067	-2.232127	3.289724	1.005741	-1.017438	-17.806113
-120.211458	4.604876	-4.980483	1.206094	-1.754300	3.570488	1.052204	-1.150163	-17.811395
124.169823	-18.064947	0.134293	-1.116055	-1.159651	3.801185	1.090573	-1.281048	-17.816575
105.017105	-29.546819	7.902794	-3.897355	-0.369105	4.005712	1.123899	-1.429315	-17.822415
-129.454764	-16.953233	16.746023	-6.431012	0.489881	4.145479	1.144635	-1.574568	-17.828115
47.859534	-15.670155	17.131196	-6.536042	0.530525	4.150395	1.145274	-1.581213	-17.828375
129.018610	-14.328205	17.510948	-6.639628	0.571185	4.155171	1.145883	-1.587846	-17.828635
-122.212348	13.158095	23.180126	-8.279425	1.335431	4.219585	1.151789	-1.710860	-17.833451
-73.260384	23.730356	24.356038	-9.177156	2.082734	4.236765	1.146760	-1.831230	-17.838159
110.327591	13.834601	17.970742	-9.064515	2.888129	4.198468	1.126915	-1.966531	-17.843448
-4.932069	-9.339575	5.239064	-7.826051	3.610761	4.097229	1.092786	-2.097927	-17.848589
-107.780090	-10.370903	4.541756	-7.744093	3.642050	4.090966	1.090868	-2.103945	-17.848825
104.819232	-11.376222	3.837506	-7.660120	3.673113	4.084565	1.088921	-2.109953	-17.849060
104.610100	-23.654848	-10.244235	-5.739895	4.210672	3.938961	1.047345	-2.220782	-17.853405
-103.581566	-18.127733	-24.384565	-3.243775	4.655524	3.744000	0.996532	-2.328341	-17.857633
53.827069	14.430611	-36.117289	0.170712	5.034142	3.459069	0.927756	-2.447583	-17.862340
117.411883	47.868114	-36.909678	3.962442	5.248890	3.111450	0.848839	-2.562130	-17.866889
-117.523053	48.827633	-36.578585	4.138166	5.254302	3.094293	0.845035	-2.567214	-17.867092
-68.173346	49.698507	-36.210592	4.313910	5.259316	3.077023	0.841212	-2.572287	-17.867294
112.260980	38.451791	-22.445801	7.612147	5.274653	2.725213	0.764501	-2.667537	-17.871107
12.817296	-35.212271	0.791984	10.517839	5.122779	2.338045	0.681727	-2.758931	-17.874797
-73.487487	-89.662131	26.963559	12.807324	4.738535	1.878965	0.584530	-2.854841	-17.878712
70.223890	-18.181776	42.261578	13.656941	4.101017	1.393317	0.481801	-2.945746	-17.882474
-78.633645	107.143946	37.853905	12.637190	3.154602	0.867032	0.369641	-3.035143	-17.886238
-13.043996	35.353840	9.362027	9.992669	1.976936	0.330777	0.253557	-3.118681	-17.889831
101.111815	17.982493	7.623273	9.829788	1.914440	0.304367	0.247777	-3.122627	-17.890003
-103.091817	0.524314	5.873855	9.664253	1.851569	0.277958	0.241990	-3.126559	-17.890174
85.417197	-98.408118	-23.778807	6.358068	0.685627	-0.188293	0.138550	-3.193722	-17.893141
181.178800	4.105298	-42.388614	2.565775	-0.547802	-0.647648	0.033747	-3.256155	-17.895975
-18.662125	68.011015	-44.440387	-1.987018	-1.993243	-1.160865	-0.087969	-3.322152	-17.899079
-111.606762	32.817847	-25.656447	-6.291666	-3.392710	-1.646612	-0.209471	-3.381465	-17.902002
109.585329	29.370495	-24.471882	-6.479308	-3.454982	-1.668204	-0.215055	-3.384037	-17.902132
95.204565	25.835840	-23.272474	-6.665671	-3.516954	-1.689700	-0.220632	-3.386593	-17.902262
-85.545482	-32.300055	0.052532	-9.909552	-4.619474	-2.075892	-0.324316	-3.431684	-17.904622
59.575112	-24.599841	19.631936	-12.586429	-5.581790	-2.427362	-0.426255	-3.471496	-17.906843
111.940800	12.116141	34.773582	-14.773180	-6.458680	-2.782343	-0.541072	-3.510788	-17.909238
-115.627086	4.041917	41.292537	-15.756519	-7.013166	-3.072736	-0.651542	-3.542639	-17.911444
-64.370658	3.112436	41.396906	-15.768999	-7.029899	-3.084502	-0.656553	-3.543935	-17.911541
115.296708	2.197759	41.484520	-15.778334	-7.045761	-3.096099	-0.661550	-3.545213	-17.911639
-6.594652	-11.068723	40.276406	-15.402499	-7.187854	-3.281841	-0.752576	-3.566037	-17.913382
-110.355352	-19.046622	34.489225	-14.105453	-7.057972	-3.406167	-0.838733	-3.580953	-17.914979
117.232231	-22.152928	23.697987	-11.692817	-6.611422	-3.476008	-0.931117	-3.590644	-17.916636
95.645133	-7.918010	10.277997	-8.549703	-5.891457	-3.474223	-1.015007	-3.592094	-17.918096
-124.735783	-6.684014	9.620412	-8.389689	-5.851978	-3.472522	-1.018694	-3.591957	-17.918159
46.290433	-5.394739	8.961566	-8.228686	-5.812009	-3.470684	-1.022360	-3.591802	-17.918222
124.609243	24.153459	-3.317980	-5.074702	-4.981742	-3.411955	-1.086918	-3.585499	-17.919312
-119.757942	49.811916	-14.660664	-1.759313	-4.012905	-3.310019	-1.144032	-3.572639	-17.920250
-67.263577	60.375151	-24.815549	2.011112	-2.772624	-3.145582	-1.200709	-3.549688	-17.921135
128.271855	40.967249	-30.279272	5.503805	-1.436400	-2.936018	-1.248702	-3.517759	-17.921819
-12.111395	39.192599	-30.401975	5.654336	-1.373023	-2.925333	-1.250723	-3.516061	-17.921846
-130.755928	37.329653	-30.512646	5.803690	-1.309544	-2.914564	-1.252726	-3.514344	-17.921872
198.128027	-76.433150	-23.907622	10.900434	1.355254	-2.402712	-1.321503	-3.425624	-17.922579
98.595057	-27.815111	0.900589	13.699380	3.866677	-1.792039	-1.365063	-3.302130	-17.922536
-130.544913	-20.243452	1.550292	13.737711	3.924437	-1.775952	-1.365855	-3.298611	-17.922525
35.708230	-12.287079	2.195070	13.774494	3.981933	-1.759821	-1.366634	-3.295069	-17.922514
120.550387	-3.737772	2.871383	13.811721	4.042477	-1.742704	-1.367444	-3.291294	-17.922502
-115.451009	4.571874	3.540170	13.847154	4.102637	-1.725562	-1.368238	-3.287498	-17.922489
-141.045492	68.452120	12.456031	14.165357	4.974383	-1.459646	-1.378522	-3.226505	-17.922227
48.233473	54.758714	17.910377	14.052873	5.743825	-1.188143	-1.385410	-3.159957	-17.921843
-41.902161	-0.653424	19.879535	13.217453	6.574605	-0.830018	-1.389415	-3.064961	-17.921156
-109.204708	-43.433762	16.814755	11.576559	7.207203	-0.473344	-1.387812	-2.961135	-17.920259
110.511075	-44.299788	16.545227	11.476832	7.233433	-0.455866	-1.387587	-2.955783	-17.920209
95.762320	-45.015861	16.265146	11.375522	7.259197	-0.438408	-1.387349	-2.950411	-17.920158
-123.697260	-39.538379	9.935571	9.388601	7.633110	-0.139207	-1.381033	-2.853960	-17.919202
36.977044	-17.932855	1.802869	7.054026	7.871784	0.149989	-1.370593	-2.751665	-17.918090
122.213232	7.259785	-7.365321	4.069911	7.985900	0.467930	-1.353303	-2.625987	-17.916603
-116.833667	17.388033	-13.185885	0.973434	7.931546	0.761956	-1.330457	-2.493279	-17.914904
-58.435060	17.420992	-13.323509	0.828136	7.924894	0.775177	-1.329245	-2.486867	-17.914819
116.551010	17.417089	-13.446415	0.683127	7.917881	0.788335	-1.328021	-2.480445	-17.914733
-19.457579	12.149323	-13.361479	-1.922785	7.723418	1.020814	-1.303295	-2.359676	-17.913074
-119.712465	0.722662	-9.924826	-4.311692	7.405246	1.235336	-1.274402	-2.234299	-17.911254
122.823996	-12.679636	-3.830573	-6.664571	6.882574	1.462142	-1.235701	-2.083608	-17.908945
89.660753	-14.970939	2.304166	-8.420128	6.196452	1.665469	-1.191404	-1.927591	-17.906420
-122.355827	-14.581449	2.537444	-8.479378	6.163559	1.673623	-1.189389	-1.920821	-17.906307
55.007515	-14.141216	2.767288	-8.537241	6.130373	1.681733	-1.187364	-1.914041	-17.906194
119.967257	2.812442	6.595391	-9.391164	5.394695	1.836785	-1.144120	-1.774793	-17.903819
-119.260547	22.765239	8.521251	-9.567820	4.539619	1.974003	-1.096690	-1.632226	-17.901282
-69.681198	25.746270	7.827431	-8.855852	3.415343	2.109495	-1.037024	-1.464699	-17.898165
125.350028	5.215901	4.048499	-7.301336	2.164875	2.221103	-0.971832	-1.293630	-17.894832
-7.632504	3.739526	3.827392	-7.213600	2.104932	2.225668	-0.968695	-1.285668	-17.894673
-125.614502	2.223545	3.603957	-7.124666	2.044823	2.230181	-0.965545	-1.277700	-17.894514
127.061769	-26.281433	-0.767546	-5.249974	0.881058	2.306015	-0.903657	-1.125550	-17.891409
122.404681	-34.692734	-4.335241	-3.144923	-0.307116	2.363367	-0.837556	-0.971373	-17.888138
-123.327397	-15.431560	-5.943136	-0.690075	-1.658024	2.406257	-0.756488	-0.792289	-17.884179
12.679462	21.437437	-5.222156	1.559929	-2.946967	2.424451	-0.669867	-0.611375	-17.880001
117.309631	22.719081	-5.150311	1.652325	-3.001808	2.424683	-0.665904	-0.603330	-17.879811
-117.031925	23.925944	-5.075792	1.743963	-3.056387	2.424865	-0.661932	-0.595288	-17.879620
-76.877938	33.790584	-3.177468	3.388407	-4.076448	2.418571	-0.581746	-0.436873	-17.875793
109.093981	24.975044	-0.840713	4.685467	-4.975348	2.393458	-0.497467	-0.277744	-17.871799
-14.666103	5.026097	1.768123	5.648517	-5.815940	2.341493	-0.395849	-0.094371	-17.867002
-113.651845	-15.181007	3.638053	5.937966	-6.403746	2.265147	-0.289648	0.089087	-17.861984
113.850053	-15.935877	3.693465	5.933418	-6.423398	2.261172	-0.284804	0.097282	-17.861754
90.970851	-16.669584	3.745967	5.927299	-6.442455	2.257149	-0.279952	0.105477	-17.861524
-117.371322	-24.056866	4.079742	5.510388	-6.699108	2.169252	-0.183885	0.265033	-17.856952
38.290305	-13.460361	2.939781	4.605886	-6.753213	2.063720	-0.085366	0.423986	-17.852210
116.131568	8.516645	0.600291	3.150049	-6.597008	1.922475	0.029874	0.605024	-17.846567
-113.442959	20.853995	-1.649544	1.457386	-6.242669	1.761556	0.146834	0.784434	-17.840699
-67.109204	20.843588	-1.726722	1.381195	-6.223174	1.754088	0.151988	0.792255	-17.840437
113.318576	20.774452	-1.801405	1.304938	-6.203358	1.746583	0.157147	0.800078	-17.840174
-8.023532	9.759623	-2.789384	-0.188973	-5.749118	1.590465	0.260173	0.955059	-17.834843
-116.168988	-9.541396	-2.936696	-1.533327	-5.198675	1.423023	0.363226	1.108113	-17.829340
120.127651	-23.776833	-2.251482	-2.731695	-4.480254	1.219071	0.480786	1.281000	-17.822812
95.078593	-16.009121	-0.843944	-3.508017	-3.705569	1.004929	0.596768	1.450512	-17.816055
-123.429072	-15.154789	-0.775925	-3.531796	-3.671912	0.995610	0.601664	1.457658	-17.815762
54.510731	-14.259646	-0.707700	-3.554826	-3.638231	0.986279	0.606557	1.464796	-17.815469
124.973524	8.993847	0.643617	-3.863361	-2.951018	0.793113	0.705320	1.608919	-17.809385
-125.857565	28.136075	1.608808	-3.876454	-2.279357	0.595988	0.801596	1.749804	-17.803128
-79.598204	27.968523	1.822068	-3.571904	-1.539285	0.367799	0.907938	1.906603	-17.795758
124.981997	6.686958	1.254770	-2.979106	-0.832627	0.139108	1.009425	2.058329	-17.788158
-9.277469	5.324922	1.216588	-2.945925	-0.801181	0.128685	1.013933	2.065135	-17.787806
-124.722134	3.937671	1.177639	-2.912232	-0.769790	0.118259	1.018433	2.071934	-17.787452
121.332644	-21.220255	0.354918	-2.189207	-0.184859	-0.079891	1.102027	2.199630	-17.780602
106.581835	-28.894370	-0.392523	-1.366648	0.369781	-0.274686	1.180630	2.322785	-17.773575
-114.062244	-15.118021	-0.845761	-0.376093	0.966090	-0.491900	1.263927	2.458108	-17.765295
8.989822	11.494130	-0.878357	0.589678	1.516456	-0.699966	1.339030	2.586598	-17.756783
111.367270	12.563265	-0.871471	0.632435	1.540590	-0.709266	1.342270	2.592331	-17.756386
-111.257440	13.592022	-0.863938	0.675011	1.564621	-0.718541	1.345491	2.598049	-17.755989
-89.845465	25.082060	-0.619971	1.443006	1.998332	-0.888646	1.402574	2.703033	-17.748396
108.296312	22.116708	-0.253153	2.137236	2.392755	-1.048106	1.452165	2.802216	-17.740627
-11.057564	4.469747	0.180796	2.833153	2.794979	-1.216091	1.499123	2.908702	-17.731474
-114.213851	-15.046320	0.469411	3.407083	3.139258	-1.365159	1.534415	3.006669	-17.722088
114.518922	-15.719092	0.476410	3.430109	3.153508	-1.371456	1.535729	3.010922	-17.721655
91.539309	-16.358716	0.482748	3.452853	3.167631	-1.377709	1.537017	3.015155	-17.721221
-121.018169	-19.932528	0.453675	3.834586	3.413813	-1.488768	1.556547	3.092796	-17.712797
39.283788	-4.447141	0.120638	4.112370	3.611071	-1.581466	1.565734	3.163247	-17.704193
121.616144	17.111973	-0.368768	4.308234	3.775755	-1.662684	1.562717	3.234602	-17.694140
-114.849173	20.138054	-0.577339	4.364554	3.877010	-1.715112	1.544235	3.296019	-17.683850
-63.541120	19.806128	-0.573414	4.363578	3.880105	-1.716762	1.543021	3.298558	-17.683379
114.297341	19.441211	-0.568104	4.362295	3.883070	-1.718347	1.541774	3.301075	-17.682908
-11.665945	7.495546	-0.245025	4.282109	3.915502	-1.736092	1.511072	3.345643	-17.673724
-111.617561	-9.268141	0.316952	4.112915	3.901780	-1.728334	1.467414	3.382573	-17.664358
115.437968	-24.411181	0.917979	3.838005	3.830508	-1.686085	1.400534	3.415790	-17.653315
97.957855	-19.421810	1.142466	3.517677	3.702921	-1.608277	1.316579	3.439081	-17.642029
-119.374264	-18.564520	1.141817	3.503281	3.695998	-1.604015	1.312469	3.439890	-17.641521
47.158842	-17.648309	1.140251	3.488911	3.688973	-1.599687	1.308327	3.440680	-17.641013
121.028875	7.463785	0.934454	3.211471	3.532326	-1.502633	1.221753	3.452289	-17.631017
-122.220023	30.260332	0.422274	2.928458	3.340664	-1.383095	1.124641	3.456813	-17.620837
-79.791294	31.063665	-0.481781	2.578260	3.083110	-1.221909	1.001824	3.453502	-17.608948
124.958844	7.295899	-1.546176	2.178943	2.790638	-1.038623	0.868206	3.441360	-17.596818
-7.413741	5.823358	-1.589089	2.159966	2.777109	-1.030144	0.862127	3.440630	-17.596281
-124.920060	4.323991	-1.631302	2.140836	2.763516	-1.021624	0.856026	3.439883	-17.595743
123.492693	-23.933948	-2.244563	1.726506	2.481079	-0.844668	0.730655	3.421525	-17.584894
114.373890	-31.404330	-2.144847	1.239874	2.180719	-0.656708	0.599431	3.396763	-17.573864
-117.783926	-13.750597	-0.883448	0.574383	1.821503	-0.432406	0.444080	3.360938	-17.561070
6.244103	17.051557	0.997637	-0.226206	1.450051	-0.201224	0.284158	3.317264	-17.548044
114.363458	18.164425	1.087750	-0.267629	1.432303	-0.190201	0.276518	3.315012	-17.547423
-114.215053	19.205601	1.177242	-0.309363	1.414552	-0.179179	0.268878	3.312743	-17.546802
-73.871778	26.423246	2.619879	-1.141841	1.085472	0.024715	0.126994	3.267908	-17.535256
110.313934	16.512329	3.382288	-2.100325	0.755873	0.227947	-0.015954	3.217498	-17.523539
-1.182763	-4.786866	3.283507	-3.360791	0.380033	0.458194	-0.180807	3.152629	-17.509809
-113.508774	-19.830700	2.056050	-4.726947	0.014636	0.680089	-0.344021	3.080817	-17.495856
113.698231	-20.077109	1.967262	-4.793748	-0.002503	0.690440	-0.351770	3.077207	-17.495182
97.547089	-20.265421	1.875650	-4.860610	-0.019604	0.700762	-0.359511	3.073582	-17.494508
-117.447186	-14.747647	-0.147268	-6.070810	-0.321528	0.881944	-0.497957	3.005404	-17.482222
24.629229	2.098046	-2.358650	-7.249074	-0.606828	1.050792	-0.632595	2.932389	-17.469773
117.669359	18.517381	-4.178465	-8.503402	-0.909970	1.226505	-0.781460	2.842456	-17.455224
-113.972874	16.887020	-4.420074	-9.574800	-1.179933	1.377956	-0.921787	2.746578	-17.440463
-77.982169	16.475176	-4.395522	-9.618791	-1.191546	1.384319	-0.928055	2.741993	-17.439773
113.721959	16.046124	-4.368221	-9.662256	-1.203081	1.390625	-0.934304	2.737393	-17.439083
-3.133690	5.604993	-3.415565	-10.372927	-1.402606	1.496731	-1.046878	2.649064	-17.426078
-115.306089	-8.312556	-1.843775	-10.889558	-1.568343	1.578314	-1.150266	2.556627	-17.412917
119.144183	-23.961545	0.336585	-11.259091	-1.712750	1.638501	-1.256804	2.444851	-17.397508
103.757175	-23.572148	2.455130	-11.402809	-1.801625	1.658442	-1.348041	2.328068	-17.381896
-121.187538	-22.858591	2.544631	-11.404270	-1.804371	1.658338	-1.351899	2.322518	-17.381165
46.931324	-22.069677	2.632977	-11.405279	-1.806992	1.658140	-1.355724	2.316958	-17.380433
121.038603	2.043018	4.005982	-11.343750	-1.833183	1.637242	-1.420454	2.212045	-17.366791
-121.927572	27.698209	4.680173	-11.136100	-1.817531	1.583484	-1.473733	2.103779	-17.353001
-86.859573	31.058523	4.218135	-10.730843	-1.751040	1.483142	-1.521553	1.974698	-17.336883
127.356485	7.151092	2.267028	-10.183784	-1.638178	1.346427	-1.555200	1.841618	-17.320572
8.669036	5.423776	2.145648	-10.154168	-1.631588	1.338912	-1.556489	1.835026	-17.319772
-127.334058	3.660154	2.022815	-10.124335	-1.624908	1.331329	-1.557746	1.828429	-17.318971
125.287399	-25.684945	-0.281569	-9.560245	-1.491118	1.184930	-1.574781	1.709786	-17.304670
122.096552	-31.921067	-2.354793	-8.949668	-1.331344	1.018621	-1.582065	1.588514	-17.290229
-117.390496	-11.598600	-3.763896	-8.217470	-1.118352	0.804828	-1.578804	1.444645	-17.273291
10.348005	19.941781	-4.010459	-7.491944	-0.881548	0.573572	-1.563520	1.297693	-17.256167
113.426268	21.056433	-3.994545	-7.457419	-0.869692	0.562125	-1.562494	1.290570	-17.255341
-113.251175	22.095034	-3.976158	-7.422895	-0.857789	0.550644	-1.561441	1.283435	-17.254514
-91.965960	28.505099	-3.240941	-6.810427	-0.638719	0.341062	-1.538213	1.154669	-17.239644
108.072503	17.540191	-1.836216	-6.212843	-0.410776	0.125868	-1.506893	1.023903	-17.224642
2.028815	-5.239730	0.135311	-5.547360	-0.140083	-0.126771	-1.460847	0.869811	-17.207073
-108.600284	-23.956421	1.821370	-4.922262	0.132265	-0.378494	-1.404912	0.713383	-17.189331
108.687768	-24.477983	1.883242	-4.893526	0.145262	-0.390456	-1.401995	0.705837	-17.188477
94.116370	-24.951657	1.942815	-4.864908	0.158250	-0.402405	-1.399056	0.698286	-17.187622
-110.312155	-24.644079	2.644932	-4.372387	0.389489	-0.614494	-1.342717	0.561842	-17.172208
31.074485	-8.376789	2.797216	-3.926031	0.614508	-0.819876	-1.279923	0.424030	-17.156669
109.888193	15.787712	2.558028	-3.463260	0.864654	-1.047340	-1.199105	0.261869	-17.138399
-109.580409	25.589769	2.141691	-3.018989	1.096720	-1.257894	-1.110743	0.098420	-17.119965
-83.798211	25.417943	2.123799	-2.999179	1.106492	-1.266756	-1.106668	0.091161	-17.119145
109.710890	25.186140	2.106147	-2.979350	1.116212	-1.275571	-1.102583	0.083905	-17.118326
-4.460916	11.241439	1.799054	-2.583072	1.295888	-1.438600	-1.020413	-0.057793	-17.102297
-117.517071	-11.071817	1.531018	-2.155514	1.455298	-1.583659	-0.933660	-0.199937	-17.086150
122.624550	-29.303056	1.209064	-1.596237	1.611881	-1.727302	-0.827870	-0.365114	-17.067269
101.184426	-22.566886	0.805401	-0.942082	1.734930	-1.842342	-0.717283	-0.530175	-17.048235
-124.157102	-21.509412	0.783419	-0.909080	1.739760	-1.846937	-0.712067	-0.537797	-17.047352
49.554551	-20.382900	0.761077	-0.875812	1.744511	-1.851466	-0.706843	-0.545417	-17.046468
122.284109	7.979931	0.270979	-0.206953	1.818213	-1.923473	-0.608469	-0.686517	-17.030013
-120.519364	32.649800	-0.399411	0.572314	1.863708	-1.972276	-0.507692	-0.826949	-17.013450
-85.491270	32.531334	-1.397323	1.640314	1.880328	-1.999823	-0.388233	-0.988955	-16.994067
123.183892	6.776841	-2.323091	2.909614	1.857745	-1.996843	-0.266866	-1.149268	-16.974541
2.138766	5.124963	-2.358801	2.975615	1.855692	-1.995963	-0.261041	-1.156859	-16.973607
-123.431985	3.449393	-2.393424	3.042141	1.853550	-1.995017	-0.255213	-1.164446	-16.972672
121.156653	-24.794584	-2.783423	4.340072	1.799485	-1.966670	-0.149268	-1.300841	-16.955708
124.409077	-33.668961	-2.544052	5.818127	1.716510	-1.917609	-0.042710	-1.435358	-16.938642
-118.180188	-15.759779	-1.225275	7.718114	1.583489	-1.835374	0.081683	-1.589417	-16.918623
-0.255646	22.251872	0.911749	9.723331	1.411586	-1.727406	0.205620	-1.740126	-16.898471
108.740325	23.528582	1.016110	9.811285	1.403251	-1.722159	0.210976	-1.746583	-16.897593
-108.424067	24.725913	1.121207	9.899316	1.394837	-1.716862	0.216334	-1.753037	-16.896715
-103.059866	32.779577	3.277589	11.628976	1.213855	-1.603061	0.321556	-1.878912	-16.879329
105.356160	18.985872	5.365132	13.303374	1.004621	-1.472213	0.425448	-2.001706	-16.861849
-4.808514	-8.813336	7.117140	15.104284	0.725825	-1.299619	0.544055	-2.140319	-16.841397
-114.272761	-30.105591	7.427989	16.659257	0.409486	-1.106643	0.659534	-2.273918	-16.820823
114.416302	-30.596610	7.395180	16.723652	0.393985	-1.097275	0.664783	-2.279963	-16.819870
104.417215	-31.029499	7.357636	16.787302	0.378407	-1.087870	0.670023	-2.285996	-16.818916
-115.232737	-28.705717	5.842242	17.816077	0.074353	-0.906127	0.766078	-2.396224	-16.801092
21.820707	-9.930230	3.024501	18.482064	-0.254954	-0.713422	0.858758	-2.502058	-16.783181
107.783541	15.618614	-1.418515	18.692773	-0.665022	-0.478676	0.961434	-2.618934	-16.762295
-105.352618	25.445672	-6.611289	18.175895	-1.092884	-0.234792	1.058207	-2.729019	-16.741296
-83.985243	25.318437	-6.856952	18.132845	-1.112517	-0.223514	1.062463	-2.733864	-16.740337
105.463508	25.137920	-7.102734	18.088023	-1.132136	-0.212231	1.066702	-2.738691	-16.739379
2.817345	14.080907	-11.603341	16.880938	-1.501545	0.003637	1.144362	-2.827284	-16.721160
-117.005339	-3.345803	-15.052415	14.935564	-1.858046	0.221909	1.216560	-2.910130	-16.702864
118.296247	-17.420740	-16.324064	11.829476	-2.222129	0.463111	1.289292	-2.994477	-16.682594
127.743713	-19.155498	-13.602660	7.688944	-2.540575	0.702505	1.354180	-3.071062	-16.662233
-122.345580	-2.522283	-5.871642	2.569890	-2.810535	0.951147	1.413366	-3.142906	-16.640686
110.891347	21.377658	4.977030	-2.790915	-2.996798	1.194864	1.462414	-3.205216	-16.619042
-110.408140	21.702681	5.501526	-3.030035	-3.002982	1.205756	1.464381	-3.207800	-16.618061
-90.084180	21.910043	6.027124	-3.268456	-3.008960	1.216637	1.466325	-3.210364	-16.617080
103.383668	9.019535	15.735283	-7.594904	-3.081251	1.420776	1.498923	-3.255107	-16.598412
12.534096	-17.363595	23.118206	-11.296989	-3.067284	1.618973	1.522990	-3.292139	-16.579675
-101.627861	-38.517719	25.336063	-14.397304	-2.927095	1.838625	1.539607	-3.325052	-16.557848
106.121548	-29.975923	18.389869	-16.005211	-2.635674	2.043703	1.543389	-3.346719	-16.535935
102.736724	-28.935641	17.874198	-16.044403	-2.617900	2.052943	1.543239	-3.347456	-16.534901
-106.883201	-27.853350	17.344950	-16.080384	-2.599747	2.062142	1.543059	-3.348166	-16.533867
25.180141	-2.216406	5.788042	-16.182946	-2.199039	2.222785	1.534419	-3.356570	-16.514912
121.257062	30.677471	-7.493337	-15.263476	-1.669657	2.367363	1.515435	-3.356187	-16.495898
-112.579053	68.083099	-21.549716	-12.941401	-0.928177	2.512080	1.480233	-3.344764	-16.473739
-110.602901	77.170098	-30.139556	-9.294415	-0.099735	2.628402	1.431018	-3.321913	-16.451505
82.853661	75.983938	-30.341310	-9.087771	-0.058926	2.633179	1.428324	-3.320546	-16.450443
-20.435570	74.600495	-30.521056	-8.878190	-0.018041	2.637883	1.425598	-3.319153	-16.449380
-35.745235	-76.078503	-18.600732	0.919663	1.610227	2.761036	1.291757	-3.243826	-16.406867
114.935525	-63.349816	20.506136	9.731692	2.994384	2.739538	1.111841	-3.132002	-16.364108
110.911126	-53.105442	21.387246	9.903796	3.025139	2.736655	1.106396	-3.128495	-16.362947
-123.390060	-42.327413	22.237683	10.070848	3.055430	2.733643	1.100927	-3.124966	-16.361786
24.559256	-33.485734	22.907445	10.203268	3.079785	2.731093	1.096448	-3.122072	-16.360840
130.203789	-24.919005	23.555710	10.332358	3.103853	2.728453	1.091947	-3.119159	-16.359893
-171.226518	47.233325	30.508473	12.024824	3.488441	2.663756	1.005747	-3.062574	-16.342407
-125.404126	25.156059	25.878684	12.270238	3.744039	2.567187	0.913894	-3.000706	-16.324884
132.542860	-22.360167	7.517369	10.802087	3.858819	2.392545	0.787969	-2.913413	-16.302222
31.234677	-5.530745	-14.869713	7.917787	3.752464	2.161496	0.654853	-2.818123	-16.279504
-104.466899	-4.356857	-15.756730	7.761038	3.742693	2.149572	0.648563	-2.813544	-16.278455
99.522125	-3.254181	-16.618147	7.602580	3.732506	2.137535	0.642255	-2.808945	-16.277405
104.180123	4.219546	-26.491493	4.425447	3.470175	1.894058	0.522267	-2.720147	-16.257775
-110.932414	-2.626615	-22.409177	1.093770	3.082611	1.618658	0.398747	-2.626057	-16.238107
20.152070	2.432163	-5.914603	-2.559768	2.499310	1.266252	0.252333	-2.510856	-16.215284
108.085066	11.754347	11.752798	-5.573292	1.796542	0.885179	0.103493	-2.389388	-16.192416
-107.960661	11.927825	12.371144	-5.686122	1.762731	0.867585	0.096799	-2.383815	-16.191392
-84.713630	12.064295	12.965675	-5.796753	1.728735	0.849950	0.090102	-2.378231	-16.190368
107.110895	7.212752	19.932180	-7.451381	1.036346	0.500757	-0.040033	-2.267721	-16.170495
8.115768	-10.183291	19.741504	-8.011027	0.292402	0.141179	-0.170146	-2.153173	-16.150592
-109.973211	-29.362921	13.825927	-7.255816	-0.600945	-0.279061	-0.318784	-2.016750	-16.127650
103.505602	-27.658796	5.594506	-5.398551	-1.487894	-0.698944	-0.465030	-1.875864	-16.104672
109.738465	-26.850050	5.208207	-5.292840	-1.528484	-0.718481	-0.471802	-1.869162	-16.103595
-109.695639	-25.968739	4.824110	-5.185853	-1.568950	-0.738000	-0.478566	-1.862451	-16.102517
26.105872	-0.587913	-1.751775	-3.036229	-2.290292	-1.095364	-0.602238	-1.736609	-16.082544
107.413592	26.475056	-6.806290	-0.790761	-2.936975	-1.441299	-0.722240	-1.608105	-16.062546
-106.000770	35.703008	-9.797876	1.492535	-3.549761	-1.819298	-0.854885	-1.457138	-16.039478
-72.525536	19.508351	-9.143478	3.070637	-3.976169	-2.168012	-0.980296	-1.303520	-16.016383
106.394647	18.414362	-9.038464	3.126391	-3.990849	-2.183564	-0.985994	-1.296238	-16.015296
9.227602	17.308715	-8.927985	3.180581	-4.005018	-2.199044	-0.991678	-1.288947	-16.014208
-109.486268	-3.559286	-6.121918	3.902594	-4.166991	-2.468937	-1.092986	-1.153608	-15.994132
104.408366	-20.649409	-2.569420	4.130406	-4.119143	-2.705712	-1.186954	-1.016987	-15.974041
116.657738	-29.027807	1.051112	3.869373	-3.787571	-2.929999	-1.283519	-0.861005	-15.951254
-115.249636	-19.687492	3.086073	3.211535	-3.198356	-3.108012	-1.368367	-0.704244	-15.928451
2.562230	6.047352	3.498746	2.354783	-2.424079	-3.240145	-1.439560	-0.548883	-15.905881
108.315810	25.036838	2.582371	1.461316	-1.522272	-3.330129	-1.496886	-0.393697	-15.883301
-108.368159	25.292450	2.509133	1.418216	-1.475819	-3.333483	-1.499317	-0.386106	-15.882194
-92.669676	25.460195	2.433565	1.375234	-1.429204	-3.336740	-1.501712	-0.378515	-15.881088
112.378952	14.410364	0.667002	0.584436	-0.514011	-3.380596	-1.540394	-0.233513	-15.859888
29.052465	-10.737354	-1.204718	-0.110167	0.412180	-3.390148	-1.564760	-0.089441	-15.838683
-116.996994	-11.831435	-1.285177	-0.140437	0.456439	-3.389763	-1.565559	-0.082504	-15.837658
102.527038	-12.888273	-1.364138	-0.170379	0.500641	-3.389300	-1.566324	-0.075566	-15.836632
117.936448	-24.578400	-2.478609	-0.679904	1.344181	-3.364493	-1.574240	0.060151	-15.816469
-115.417345	-16.729530	-2.491828	-1.019286	2.114403	-3.309653	-1.569049	0.194554	-15.796306
13.463571	7.514206	-1.382384	-1.201749	2.865282	-3.208877	-1.547667	0.347764	-15.773055
105.911079	23.737576	0.434100	-1.188012	3.430733	-3.067605	-1.510795	0.498924	-15.749808
-105.779438	23.831091	0.521227	-1.183896	3.451020	-3.060527	-1.508853	0.505459	-15.748796
-94.444448	23.856769	0.608604	-1.179539	3.470935	-3.053376	-1.506885	0.511985	-15.747784
104.715936	13.758020	2.344247	-1.051064	3.794182	-2.894341	-1.462007	0.641423	-15.727581
12.983203	-5.136646	3.793601	-0.876732	3.977747	-2.704261	-1.406974	0.769081	-15.707384
-110.234529	-23.477917	4.596035	-0.683153	4.020582	-2.447864	-1.332263	0.913126	-15.684236
93.968615	-25.158716	3.895610	-0.550444	3.891596	-2.150708	-1.246144	1.054539	-15.661101
113.227504	-24.609412	3.811793	-0.545534	3.881223	-2.135306	-1.241697	1.061327	-15.659980
-113.271864	-23.992983	3.723032	-0.540745	3.870490	-2.119825	-1.237227	1.068104	-15.658859
12.842440	-4.414743	1.428102	-0.471815	3.617814	-1.827038	-1.152878	1.188794	-15.638718
109.210145	18.986871	-1.655679	-0.425463	3.262303	-1.509239	-1.061417	1.307260	-15.618590
-105.323443	30.266804	-5.152917	-0.386125	2.752263	-1.118585	-0.948669	1.440234	-15.595527
-81.133748	17.152823	-7.626640	-0.345796	2.160129	-0.705310	-0.828512	1.569984	-15.572487
104.549269	16.086872	-7.707595	-0.343634	2.131331	-0.685824	-0.822812	1.575885	-15.571426
5.907447	14.990576	-7.785409	-0.341431	2.102423	-0.666305	-0.817098	1.581778	-15.570364
-109.142677	-9.600645	-8.627844	-0.289535	1.537731	-0.291469	-0.706524	1.691976	-15.550281
115.543864	-33.479111	-8.133463	-0.212961	0.950825	0.090220	-0.591857	1.799486	-15.530220
126.729503	-38.705084	-5.621044	-0.103777	0.264661	0.532175	-0.455620	1.919843	-15.507144
-129.781371	-3.803427	-1.019396	0.011272	-0.414072	0.969813	-0.315912	2.036349	-15.484101
9.233951	-1.061204	-0.729087	0.017396	-0.450629	0.993501	-0.308185	2.042612	-15.482841
129.425335	1.713617	-0.436694	0.023478	-0.487083	1.017141	-0.300456	2.048859	-15.481581
-112.876313	38.509664	4.237854	0.111700	-1.044796	1.381857	-0.178598	2.145124	-15.461867
-113.934413	39.933411	8.409657	0.179144	-1.569237	1.733019	-0.055712	2.238332	-15.442182
110.652395	6.950705	11.616549	0.217740	-2.124795	2.120407	0.088407	2.343317	-15.419201
39.486052	-25.789645	12.953800	0.200595	-2.604470	2.476303	0.231979	2.443833	-15.396262
-115.929212	-26.938943	12.975186	0.198025	-2.626916	2.493664	0.239332	2.448881	-15.395083
100.302409	-28.014453	12.992098	0.195281	-2.649137	2.510927	0.246680	2.453916	-15.393904
120.265341	-35.506348	12.638935	0.125188	-2.984012	2.782598	0.367842	2.535665	-15.374360
-118.486894	-24.725782	11.231534	0.012753	-3.252064	3.024368	0.487105	2.613935	-15.354849
10.276105	5.666408	8.885949	-0.164893	-3.475195	3.265569	0.623460	2.701033	-15.332048
102.587042	29.454647	6.627910	-0.383236	-3.594082	3.457399	0.755251	2.783067	-15.309299
-102.399132	29.877265	6.539614	-0.394235	-3.596982	3.465068	0.761257	2.786760	-15.308242
-96.192724	30.214949	6.453510	-0.405300	-3.599643	3.472623	0.767250	2.790441	-15.307184
102.127254	23.331725	5.211179	-0.620918	-3.605913	3.592090	0.875780	2.856477	-15.287643
11.814775	0.546554	4.386052	-0.853123	-3.531033	3.674399	0.979391	2.918525	-15.268145
-109.174576	-25.150470	3.470760	-1.134037	-3.344958	3.726356	1.092632	2.985435	-15.245562
106.350523	-28.836400	2.058596	-1.409620	-3.062230	3.734948	1.197286	3.046681	-15.223040
110.337730	-28.186126	1.956235	-1.424045	-3.044330	3.734243	1.202719	3.049852	-15.221815
-110.279783	-27.441900	1.850812	-1.438376	-3.026198	3.733421	1.208120	3.053003	-15.220591
17.148889	-6.692563	-0.185917	-1.649307	-2.711469	3.705468	1.289234	3.100265	-15.201368
104.678672	18.131417	-2.827652	-1.822361	-2.348368	3.650491	1.363056	3.143149	-15.182193
-101.975016	31.164407	-6.459500	-1.956588	-1.877359	3.554610	1.439797	3.187448	-15.159922
-89.011437	18.752146	-10.350953	-1.998305	-1.367123	3.426754	1.506759	3.225514	-15.137723
104.598999	17.492522	-10.524524	-1.997679	-1.342907	3.420141	1.509611	3.227112	-15.136704
4.819370	16.174218	-10.697076	-1.996814	-1.318617	3.413461	1.512444	3.228698	-15.135684
-112.988003	-13.055001	-13.625635	-1.933409	-0.852140	3.276215	1.562173	3.255999	-15.116520
121.696110	-32.982429	-15.565437	-1.771462	-0.373697	3.118064	1.605279	3.278394	-15.097413
132.280386	-32.464440	-16.059611	-1.444245	0.183731	2.910949	1.647274	3.298059	-15.075396
-130.791717	-3.234662	-14.905232	-0.958071	0.733845	2.679796	1.681233	3.311018	-15.053463
12.943469	-1.223594	-14.811369	-0.930120	0.760862	2.667677	1.682722	3.311489	-15.052371
129.961657	0.813257	-14.714395	-0.901853	0.787829	2.655504	1.684192	3.311944	-15.051280
-106.162764	30.922589	-12.604670	-0.371068	1.242237	2.437848	1.706510	3.317187	-15.032539
-107.318717	32.052088	-9.820207	0.226603	1.673288	2.205509	1.723328	3.317603	-15.013862
100.530414	4.246607	-6.037831	0.977022	2.137376	1.916825	1.736238	3.312055	-14.992096
23.007025	-22.944850	-2.139975	1.744423	2.546148	1.611936	1.742100	3.300098	-14.970422
-103.341061	-23.786069	-1.966057	1.779447	2.563402	1.597566	1.742205	3.299396	-14.969428
95.543275	-24.576939	-1.793091	1.814394	2.580499	1.583176	1.742295	3.298682	-14.968434
110.038690	-31.045094	1.245913	2.457510	2.873722	1.307105	1.741354	3.282750	-14.949769
-115.906969	-25.210945	3.726365	3.054415	3.106338	1.022745	1.735518	3.262179	-14.931176
5.451940	-10.740786	5.943077	3.647840	3.286684	0.689704	1.722975	3.233058	-14.909967
107.946054	8.149406	7.661017	4.107331	3.362063	0.352091	1.704340	3.198178	-14.888854
-107.120323	9.157013	7.737012	4.126097	3.362836	0.335139	1.703251	3.196286	-14.887800
-105.814530	10.169658	7.812220	4.144426	3.363311	0.318184	1.702147	3.194379	-14.886747
90.067014	26.838227	9.015979	4.387247	3.323028	0.023444	1.680627	3.159050	-14.868483
-30.327209	35.121638	10.104325	4.465406	3.189304	-0.270537	1.654758	3.119641	-14.850293
-107.507446	-38.786912	11.820985	3.799154	2.542572	-0.952609	1.577032	3.011051	-14.807619
113.778045	-42.558937	8.498145	1.826556	1.550805	-1.600324	1.477142	2.881949	-14.765362
118.330693	-31.136060	8.307327	1.766680	1.523762	-1.615417	1.474458	2.878579	-14.764344
-116.098021	-18.881747	8.110186	1.706355	1.496591	-1.630487	1.471761	2.875196	-14.763324
6.245817	-7.260930	7.923802	1.650599	1.471540	-1.644298	1.469273	2.872079	-14.762388
111.513325	4.088466	7.732445	1.594513	1.446400	-1.658081	1.466775	2.868953	-14.761453
-82.327140	15.136708	7.524962	1.534893	1.419735	-1.672615	1.464124	2.865639	-14.760464
-106.213618	24.861065	7.312353	1.474962	1.392990	-1.687108	1.461463	2.862317	-14.759477
73.110996	43.484277	3.825808	0.595098	1.005162	-1.888659	1.422595	2.814191	-14.745521
17.243140	0.966903	-0.196285	-0.323883	0.603930	-2.082946	1.381512	2.764052	-14.731613
-87.122340	-43.101053	-5.327619	-1.627165	0.027897	-2.342333	1.320109	2.690262	-14.712140
118.958450	-39.392337	-8.164791	-2.871660	-0.547970	-2.583666	1.254587	2.612768	-14.692760
106.174634	-25.016324	-8.249736	-4.023945	-1.133144	-2.814402	1.181816	2.527931	-14.672593
-136.060991	-4.844544	-6.125296	-4.943981	-1.683261	-3.020550	1.104877	2.439404	-14.652530
19.925959	-3.635361	-5.991254	-4.979486	-1.707104	-3.029281	1.101290	2.435302	-14.651622
135.190542	-2.397235	-5.854616	-5.014426	-1.730837	-3.037956	1.097694	2.431193	-14.650715
-99.861791	22.089647	-2.849195	-5.570904	-2.162004	-3.193077	1.027228	2.351087	-14.633362
-113.173002	30.528008	0.487941	-5.898601	-2.540240	-3.325935	0.953868	2.268466	-14.616089
115.129863	3.665848	3.924879	-5.966904	-2.893120	-3.448584	0.866499	2.170973	-14.596417
30.570451	-23.566568	5.956867	-5.674927	-3.147592	-3.537505	0.775657	2.070527	-14.576851
-127.308080	-24.185846	6.000250	-5.651336	-3.157208	-3.540841	0.771268	2.065696	-14.575927
85.129618	-24.717204	6.037967	-5.626817	-3.166608	-3.544096	0.766871	2.060858	-14.575002
133.349041	-22.108408	5.788491	-5.006166	-3.302630	-3.589182	0.684504	1.970576	-14.557998
-128.748380	-6.649984	4.132181	-4.075961	-3.373064	-3.604842	0.599741	1.878314	-14.541075
-9.654067	14.010531	1.311733	-2.725419	-3.382200	-3.585251	0.499962	1.770479	-14.521813
98.367780	20.880754	-1.581154	-1.195733	-3.322503	-3.526652	0.397335	1.660393	-14.502659
-97.742725	20.532711	-1.707859	-1.118587	-3.317939	-3.522813	0.392242	1.654951	-14.501724
-95.714092	20.108214	-1.832515	-1.041294	-3.313225	-3.518882	0.387139	1.649500	-14.500789
90.553378	5.194407	-3.678061	0.330036	-3.205838	-3.434636	0.295521	1.551955	-14.484237
17.580099	-9.486156	-4.784162	1.641960	-3.056362	-3.324219	0.202091	1.452978	-14.467766
-100.949545	-21.195584	-5.069857	2.984716	-2.836800	-3.166544	0.092267	1.337070	-14.448851
87.499197	-24.975318	-4.258479	4.078823	-2.572941	-2.979187	-0.019290	1.219596	-14.430045
111.023399	-24.697477	-4.188211	4.127850	-2.558418	-2.968891	-0.025018	1.213569	-14.429089
-111.335183	-24.355289	-4.115208	4.176269	-2.543788	-2.958519	-0.030752	1.207534	-14.428133
14.473366	-10.194012	-2.539220	4.901890	-2.281857	-2.772590	-0.128374	1.104774	-14.411980
111.910721	11.608187	-0.567173	5.456883	-1.996149	-2.568653	-0.226696	1.001119	-14.395909
-111.394930	29.272671	1.741579	5.901843	-1.641189	-2.312591	-0.340978	0.880198	-14.377416
-89.948818	20.422345	3.661812	6.152724	-1.266179	-2.037756	-0.455370	0.758417	-14.359035
114.574046	19.359508	3.743078	6.160183	-1.247832	-2.024177	-0.460841	0.752569	-14.358158
2.482388	18.247602	3.823460	6.167240	-1.229454	-2.010562	-0.466312	0.746719	-14.357281
-119.495318	-6.719464	5.139101	6.228106	-0.892333	-1.758274	-0.565121	0.640603	-14.341456
107.209144	-28.918337	6.238924	6.170167	-0.549202	-1.496124	-0.663354	0.534113	-14.325716
127.914290	-33.058970	7.331681	5.969066	-0.148824	-1.183655	-0.775667	0.410864	-14.307650
-125.994617	-4.685214	8.297184	5.638374	0.253439	-0.863417	-0.886374	0.287464	-14.289700
-1.452534	-2.896108	8.339070	5.619497	0.272749	-0.847885	-0.891645	0.281534	-14.288841
125.361250	-1.104068	8.380431	5.600359	0.292053	-0.832342	-0.896911	0.275605	-14.287981
-78.259902	27.094771	9.019321	5.212262	0.639084	-0.550319	-0.991068	0.168640	-14.272521
-107.567390	34.863719	9.394335	4.750451	0.981728	-0.266690	-1.083361	0.061832	-14.257147
103.654018	7.048750	9.321540	4.138065	1.367663	0.060756	-1.187356	-0.061297	-14.239483
43.986222	-26.934235	8.268422	3.450423	1.736997	0.384957	-1.288024	-0.183874	-14.221935
-107.642858	-28.039054	8.186638	3.416550	1.753766	0.399993	-1.292644	-0.189591	-14.221117
97.777306	-29.073974	8.101483	3.382507	1.770496	0.415026	-1.297258	-0.195310	-14.220299
111.603453	-35.633619	5.875296	2.730103	2.069020	0.689142	-1.380722	-0.300351	-14.205272
-111.384068	-20.365124	2.327306	2.033286	2.346540	0.956627	-1.461054	-0.404710	-14.190333
11.239710	12.531388	-2.897257	1.173379	2.637936	1.257042	-1.550198	-0.525115	-14.173063
104.466455	32.159308	-8.446824	0.268235	2.889726	1.543044	-1.634259	-0.644246	-14.155914
-94.987345	32.180417	-8.723800	0.220718	2.901467	1.557276	-1.638426	-0.650321	-14.155037
-104.509616	32.076096	-8.999208	0.173076	2.913093	1.571471	-1.642582	-0.656396	-14.154160
107.413850	16.738429	-13.070243	-0.630593	3.087600	1.799910	-1.709337	-0.756600	-14.139657
31.597781	-6.994309	-15.343714	-1.455705	3.224838	2.013736	-1.771755	-0.855611	-14.125242
-116.602552	-23.595907	-14.054142	-2.432649	3.333203	2.243169	-1.838972	-0.969902	-14.108473
91.501462	-14.248183	-7.471523	-3.363884	3.379395	2.447180	-1.899406	-1.082212	-14.091826
114.452138	-13.214508	-6.996414	-3.411975	3.380009	2.457510	-1.902495	-1.088272	-14.090922
-114.077575	-12.150444	-6.512322	-3.459743	3.380419	2.467762	-1.905565	-1.094328	-14.090019
-7.461468	5.560006	1.857429	-4.155634	3.359204	2.617534	-1.950903	-1.188608	-14.075868
96.595569	15.463358	10.358563	-4.719463	3.282425	2.745816	-1.990615	-1.281170	-14.061808
-93.874289	4.650297	17.771838	-5.152250	3.115655	2.868147	-2.029403	-1.386558	-14.045561
-77.144390	-15.478389	19.067535	-5.280342	2.856926	2.961994	-2.059961	-1.489272	-14.029438
103.717324	-16.040116	18.896154	-5.277371	2.840625	2.966145	-2.061335	-1.494588	-14.028595
32.943315	-16.499788	18.697111	-5.273373	2.824045	2.970220	-2.062684	-1.499897	-14.027752
-114.014595	-8.883232	12.048819	-5.063979	2.513812	3.026024	-2.081421	-1.585589	-14.014012
62.577336	19.852139	1.508496	-4.591839	2.135069	3.061621	-2.093761	-1.669043	-14.000365
99.898432	28.371395	-10.485533	-3.777899	1.647556	3.077914	-2.099780	-1.759277	-13.985266
-76.197803	-20.415845	-18.729732	-2.686178	1.109546	3.070095	-2.097404	-1.846551	-13.970283
68.399065	-38.750053	-19.933950	-1.272793	0.512388	3.036900	-2.085843	-1.934849	-13.954705
-94.083311	36.940655	-11.962777	0.354273	-0.097191	2.979319	-2.065212	-2.019939	-13.939254
-85.969112	39.929083	-11.386339	0.440702	-0.128547	2.975714	-2.063909	-2.024240	-13.938461
97.464160	42.556145	-10.800190	0.527213	-0.159894	2.972047	-2.062583	-2.028535	-13.937667
-10.263686	39.677168	-0.324125	1.941310	-0.673680	2.902373	-2.037216	-2.098651	-13.924540
-133.239901	-6.644912	9.608153	3.215928	-1.164842	2.816809	-2.005747	-2.166463	-13.911506
103.031087	-43.853525	17.243128	4.342725	-1.692248	2.697700	-1.961509	-2.242926	-13.896376
112.921367	-36.414047	18.064290	4.862950	-2.147440	2.559482	-1.909658	-2.316315	-13.881376
-112.317891	-34.716430	17.951094	4.868863	-2.167249	2.552334	-1.906963	-2.319788	-13.880653
4.611505	-32.898291	17.826086	4.872852	-2.186835	2.545145	-1.904251	-2.323255	-13.879931
105.796211	8.663000	13.968337	4.650179	-2.495607	2.411795	-1.853721	-2.383218	-13.867249
-102.100722	39.195849	7.981373	3.954961	-2.736359	2.266565	-1.798219	-2.441005	-13.854663
-117.266685	37.029031	0.119294	2.702832	-2.933881	2.082852	-1.727342	-2.505858	-13.840067
125.127346	-6.236925	-7.021428	1.159310	-3.043396	1.885526	-1.650406	-2.567814	-13.825603
36.192214	-8.552162	-7.345656	1.073784	-3.046768	1.874810	-1.646204	-2.570989	-13.824847
-125.477508	-10.783584	-7.662958	0.988059	-3.049902	1.864067	-1.641989	-2.574155	-13.824091
115.699730	-33.467492	-11.678763	-0.419193	-3.068242	1.684587	-1.571211	-2.624610	-13.811842
118.741233	-30.280049	-13.103632	-1.765439	-3.026076	1.497146	-1.496572	-2.673010	-13.799689
-112.237122	0.187507	-12.011102	-3.112448	-2.902155	1.268939	-1.404744	-2.727026	-13.785605
-10.659846	27.144142	-8.892411	-4.102195	-2.700541	1.032506	-1.308382	-2.778309	-13.771655
108.353763	27.882242	-8.690146	-4.143374	-2.687866	1.019898	-1.303204	-2.780927	-13.770926
-90.524273	28.526500	-8.484955	-4.183450	-2.674986	1.007273	-1.298014	-2.783538	-13.770197
-107.335337	26.983129	-4.801417	-4.678931	-2.436167	0.799020	-1.211738	-2.825119	-13.758358
108.436875	9.028729	-0.798988	-4.864213	-2.145735	0.587571	-1.122705	-2.864752	-13.746618
42.253505	-14.388059	3.405158	-4.661906	-1.750129	0.338283	-1.015574	-2.908606	-13.733034
-117.779259	-25.490492	6.031134	-3.974837	-1.307908	0.088375	-0.905421	-2.949883	-13.719588
93.313049	-25.476538	6.096230	-3.930450	-1.286448	0.076761	-0.900226	-2.951743	-13.718965
118.254570	-25.404560	6.155456	-3.884931	-1.264921	0.065150	-0.895027	-2.953596	-13.718343
-120.748178	-14.158296	6.286679	-2.837298	-0.857804	-0.148286	-0.798105	-2.986827	-13.706913
-9.725472	9.908092	4.959739	-1.411924	-0.438726	-0.359267	-0.699532	-3.018217	-13.695586
105.201423	27.565226	2.459748	0.523264	0.049717	-0.599416	-0.583369	-3.052382	-13.682565
-76.444629	11.919289	-0.107048	2.454186	0.525530	-0.832526	-0.465722	-3.084145	-13.669683
-91.592336	10.681584	-0.217299	2.538506	0.547120	-0.843176	-0.460215	-3.085566	-13.669086
91.221441	9.427390	-0.326331	2.622069	0.568648	-0.853805	-0.454706	-3.086982	-13.668490
49.661179	-14.030530	-2.065592	3.994184	0.954963	-1.047256	-0.352069	-3.112341	-13.657481
-95.978207	-31.320218	-3.053632	4.891353	1.309292	-1.232532	-0.248902	-3.135968	-13.646576
105.969285	-34.053843	-2.967494	5.190214	1.666155	-1.434939	-0.129249	-3.161172	-13.634093
107.649851	-16.512732	-1.652473	4.788788	1.954684	-1.622685	-0.009625	-3.184137	-13.621752
-113.090872	-14.960560	-1.564560	4.751805	1.967654	-1.631904	-0.003483	-3.185258	-13.621121
10.412838	-13.342158	-1.475565	4.713355	1.980446	-1.641079	0.002658	-3.186373	-13.620491
116.561946	17.310579	0.060163	3.867316	2.168798	-1.788047	0.105385	-3.204210	-13.609979
-120.030228	36.422906	1.269843	2.700537	2.309538	-1.921202	0.207509	-3.220446	-13.599573
-114.304722	29.184741	1.694907	1.071531	2.416252	-2.056499	0.324722	-3.237286	-13.587651
128.901691	-7.582582	1.250500	-0.684347	2.466171	-2.169611	0.440396	-3.252055	-13.575872
35.957746	-9.306770	1.215042	-0.766340	2.467177	-2.174305	0.445734	-3.252692	-13.575327
-129.196274	-10.985027	1.178581	-0.848231	2.468070	-2.178947	0.451068	-3.253325	-13.574783
96.452885	-32.327534	0.361701	-2.340804	2.464420	-2.256094	0.550018	-3.264366	-13.564658
129.722696	-32.718706	-0.533776	-3.685936	2.424619	-2.314701	0.647172	-3.273900	-13.554641
-124.290579	-8.208085	-1.362869	-4.910272	2.339967	-2.359674	0.756037	-3.283019	-13.543283
-36.854646	22.481209	-1.801422	-5.640423	2.220098	-2.381749	0.861691	-3.290234	-13.532068
114.821738	23.544260	-1.810452	-5.661329	2.213217	-2.382275	0.866945	-3.290550	-13.531504
-79.046892	24.522642	-1.818055	-5.680553	2.206263	-2.382744	0.872190	-3.290861	-13.530941
-107.635287	27.473118	-1.674362	-5.761677	2.077091	-2.382251	0.960388	-3.295440	-13.521363
105.927076	7.582465	-0.924519	-5.430698	1.931070	-2.366300	1.045823	-3.298657	-13.511892
38.871912	-17.756393	0.367983	-4.639038	1.744349	-2.329807	1.141170	-3.300715	-13.501077
-114.807933	-24.705004	1.597191	-3.525717	1.541301	-2.275307	1.232882	-3.301032	-13.490404
82.963497	-24.274314	1.643933	-3.467972	1.531482	-2.272349	1.237072	-3.301005	-13.489909
115.026772	-23.767275	1.689367	-3.409806	1.521634	-2.269355	1.241254	-3.300974	-13.489415
-114.373707	-5.291875	2.314355	-2.265505	1.333425	-2.207225	1.317694	-3.299734	-13.480272
-13.568764	15.493869	2.582795	-1.059721	1.137374	-2.133610	1.391442	-3.297244	-13.471234
103.729836	25.994632	2.565699	0.328872	0.899530	-2.033628	1.474731	-3.292756	-13.460745
-76.031752	11.627152	2.318236	1.580601	0.656830	-1.920573	1.554353	-3.286624	-13.450402
-100.617496	10.937920	2.308737	1.614134	0.649773	-1.917125	1.556600	-3.286423	-13.450106
100.637088	10.238738	2.299133	1.647506	0.642715	-1.913668	1.558845	-3.286220	-13.449809
35.906521	-12.120542	1.974567	2.557631	0.435416	-1.808104	1.623359	-3.279687	-13.441158
-109.873047	-29.477922	1.579431	3.344621	0.229042	-1.695204	1.685280	-3.272032	-13.432612
115.655660	-30.980268	1.053606	4.126475	-0.006906	-1.556073	1.753972	-3.261771	-13.422817
113.067052	-13.147136	0.458240	4.791969	-0.235900	-1.409697	1.819222	-3.250079	-13.413164
-117.560406	-11.938735	0.430347	4.818036	-0.245416	-1.403347	1.821915	-3.249552	-13.412758
13.080338	-10.693863	0.402174	4.843942	-0.254915	-1.396986	1.824601	-3.249022	-13.412352
116.761695	16.926525	-0.240878	5.335608	-0.443797	-1.265489	1.877894	-3.237721	-13.404149
-97.293840	33.036983	-1.051115	5.759734	-0.623299	-1.130428	1.928667	-3.225417	-13.396052
-117.189425	26.086429	-2.181681	6.164421	-0.816613	-0.970969	1.984224	-3.209990	-13.386827
121.210342	-5.817999	-3.209101	6.476126	-0.992091	-0.809041	2.036475	-3.193306	-13.377742
54.798619	-7.240997	-3.246059	6.487760	-0.999407	-0.801830	2.038714	-3.192539	-13.377342
-121.632203	-8.628747	-3.281988	6.499200	-1.006678	-0.794621	2.040945	-3.191770	-13.376944
98.190663	-27.920624	-3.734664	6.686206	-1.140894	-0.652666	2.083478	-3.176177	-13.369166
125.771733	-30.898815	-3.529153	6.800532	-1.257394	-0.510661	2.123555	-3.159697	-13.361493
-120.035531	-13.514520	-2.300147	6.843448	-1.366813	-0.348706	2.166541	-3.139732	-13.352819
-16.972883	16.031151	-0.382319	6.805197	-1.447403	-0.189011	2.206350	-3.118678	-13.344284
108.672671	17.145413	-0.288625	6.801840	-1.450279	-0.181936	2.208058	-3.117711	-13.343906
-83.737058	18.213807	-0.194634	6.798354	-1.453090	-0.174868	2.209759	-3.116742	-13.343527
-100.405130	27.492317	1.628196	6.707222	-1.494894	-0.038797	2.241634	-3.097464	-13.336214
99.305205	12.619470	3.201620	6.580917	-1.512589	0.093982	2.271143	-3.077423	-13.329006
31.775060	-13.331983	4.244490	6.409512	-1.504643	0.242394	2.302245	-3.053415	-13.320827
-115.192397	-26.250139	3.952195	6.219612	-1.468510	0.385517	2.330260	-3.028475	-13.312787
87.883422	-26.184712	3.900694	6.210342	-1.466299	0.391716	2.331427	-3.027352	-13.312435
115.809685	-26.053374	3.845751	6.200972	-1.464039	0.397901	2.332588	-3.026228	-13.312083
-118.801359	-12.889803	2.202306	5.991407	-1.410146	0.516378	2.354054	-3.003944	-13.305273
-20.746243	10.348104	-0.086505	5.711576	-1.338738	0.630488	2.373271	-2.981029	-13.298566
107.831448	28.512505	-2.691662	5.263304	-1.236816	0.756762	2.392717	-2.953775	-13.290936
-78.999180	19.476011	-4.438084	4.639853	-1.117110	0.876625	2.409207	-2.925758	-13.283443
-98.608763	18.456928	-4.493003	4.605464	-1.111090	0.882103	2.409911	-2.924421	-13.283093
98.315329	17.397349	-4.545309	4.570609	-1.105042	0.887562	2.410608	-2.923084	-13.282745
43.134857	-6.167595	-5.027886	3.836469	-0.988372	0.985347	2.422283	-2.898192	-13.276380
-96.326324	-27.260744	-4.538645	2.916451	-0.862914	1.077886	2.431788	-2.872791	-13.270118
98.175391	-33.187191	-2.702700	1.655698	-0.710088	1.177741	2.440075	-2.842932	-13.263031
98.452265	-16.352051	0.327799	0.247814	-0.551314	1.270077	2.445539	-2.812476	-13.256078
-98.696743	-14.973435	0.479919	0.181243	-0.543971	1.274109	2.445721	-2.811072	-13.255764
13.346661	-13.542436	0.632215	0.114575	-0.536627	1.278122	2.445898	-2.809667	-13.255450
99.695824	17.061459	3.440517	-1.177323	-0.395530	1.351673	2.448159	-2.782599	-13.249506
-99.707513	33.783930	5.500575	-2.467780	-0.254482	1.419061	2.448305	-2.755139	-13.243663
-113.416989	20.216278	6.166843	-3.886349	-0.095535	1.488467	2.445884	-2.723228	-13.237095
124.455478	-22.080067	5.167151	-5.192915	0.057600	1.549257	2.440699	-2.690882	-13.230661
41.837186	-23.587893	5.086394	-5.249491	0.064492	1.551856	2.440393	-2.689376	-13.230366
-125.145249	-24.981701	5.002906	-5.305628	0.071361	1.554434	2.440080	-2.687870	-13.230072
109.771975	-31.964365	2.954641	-6.277185	0.196711	1.599400	2.433094	-2.659360	-13.224592
123.719002	-16.123435	0.208613	-7.050059	0.313112	1.637441	2.424005	-2.630575	-13.219213
-118.250140	5.829435	-3.177611	-7.624917	0.433417	1.672425	2.410937	-2.597123	-13.213145
-12.558002	18.110307	-6.012934	-7.785303	0.536087	1.697700	2.395084	-2.563368	-13.207212
115.321563	18.621190	-6.120380	-7.781215	0.540494	1.698658	2.394258	-2.561750	-13.206932
-69.048461	19.140604	-6.224596	-7.775991	0.544855	1.699594	2.393425	-2.560131	-13.206652
-111.215700	28.858371	-7.449800	-7.473967	0.616073	1.712566	2.377227	-2.530643	-13.201631
84.425381	32.342429	-7.021989	-6.766555	0.673103	1.717790	2.358979	-2.500968	-13.196710
72.627448	-30.674069	0.634278	-3.851794	0.757547	1.699073	2.307953	-2.430252	-13.185489
-105.624251	-39.627609	8.095063	-0.014769	0.779554	1.639285	2.246108	-2.358756	-13.174825
87.988968	-35.333316	8.165877	0.073597	0.779397	1.637516	2.244608	-2.357151	-13.174593
111.282243	-30.534083	8.230486	0.161843	0.779213	1.635730	2.243104	-2.355547	-13.174362
-114.122725	-25.002487	8.289620	0.251190	0.779000	1.633901	2.241575	-2.353921	-13.174128
1.038119	-18.951164	8.342286	0.340392	0.778759	1.632055	2.240042	-2.352296	-13.173894
119.244813	-12.474417	8.390437	0.433597	0.778478	1.630105	2.238433	-2.350596	-13.173650
-64.957597	-6.243851	8.431427	0.526680	0.778167	1.628134	2.236818	-2.348896	-13.173406
-121.367010	41.469402	8.207115	1.821199	0.770658	1.598215	2.213433	-2.324854	-13.169996
101.396403	17.068051	6.476440	3.059427	0.757531	1.564489	2.188963	-2.300748	-13.166647
48.158147	-24.285380	2.373350	4.654951	0.730217	1.511083	2.152854	-2.266819	-13.162053
-89.561465	-44.512214	-2.279064	6.026108	0.693269	1.451003	2.114740	-2.232772	-13.157580
115.998581	-42.331374	-6.258264	7.150745	0.645152	1.381453	2.072759	-2.197000	-13.153026
123.145315	-17.985591	-8.667221	7.883345	0.588334	1.305660	2.028762	-2.161128	-13.148604
-123.470870	-16.293674	-8.738469	7.907411	0.585399	1.301867	2.026597	-2.159401	-13.148394
1.580223	-14.556087	-8.805397	7.930375	0.582448	1.298064	2.024429	-2.157675	-13.148185
122.696878	19.430505	-9.253987	8.148259	0.526916	1.228063	1.985019	-2.126848	-13.144509
-94.631951	42.860882	-8.212200	7.987161	0.466424	1.154265	1.944274	-2.095982	-13.140930
-118.251061	32.442739	-5.215881	7.369278	0.390771	1.063759	1.895096	-2.059911	-13.136874
123.441372	-19.718821	-1.121003	6.368830	0.311219	0.969103	1.844278	-2.023821	-13.132950
46.649078	-22.069068	-0.893242	6.306929	0.306937	0.963996	1.841549	-2.021913	-13.132746
-123.769974	-24.259310	-0.665508	6.244244	0.302651	0.958882	1.838817	-2.020007	-13.132543
81.838400	-39.234096	2.897830	5.130549	0.232870	0.875102	1.794175	-1.989261	-13.129316
115.506550	-30.434814	5.910900	3.859291	0.162519	0.789098	1.748475	-1.958520	-13.126185
-105.982762	-14.938575	8.531986	2.191602	0.078353	0.682957	1.692060	-1.921479	-13.122537
-11.337496	-5.327993	9.854059	0.461157	-0.003492	0.574683	1.634286	-1.884465	-13.119027
107.950943	7.958610	9.748333	-1.129668	-0.075826	0.472877	1.579579	-1.850176	-13.115895
-103.620818	30.457642	8.220438	-2.661066	-0.143313	0.370226	1.523873	-1.815940	-13.112882
-127.990592	33.215652	5.152990	-4.122998	-0.205826	0.264978	1.466014	-1.781028	-13.109925
124.065389	-17.395707	0.996460	-5.439118	-0.260376	0.159864	1.407286	-1.746199	-13.107091
28.451764	-21.201467	0.790181	-5.496033	-0.262693	0.154991	1.404537	-1.744582	-13.106963
-122.909295	-25.029168	0.583458	-5.552537	-0.264990	0.150119	1.401786	-1.742966	-13.106834
93.928013	-28.807085	0.374303	-5.609188	-0.267289	0.145200	1.399007	-1.741334	-13.106705
121.719200	-32.389055	0.164884	-5.665412	-0.269566	0.140282	1.396225	-1.739702	-13.106576
-113.260606	-10.380528	-7.441458	-7.499853	-0.341023	-0.052632	1.284766	-1.675228	-13.101678
-33.493323	30.969698	-10.368877	-8.385380	-0.369555	-0.239724	1.171137	-1.611104	-13.097203
108.150794	28.732169	-10.337982	-8.393326	-0.369639	-0.244497	1.168149	-1.609436	-13.097092
-76.214409	26.257696	-10.300642	-8.400447	-0.369688	-0.249264	1.165159	-1.607769	-13.096982
-107.023914	23.646065	-10.257075	-8.406733	-0.369701	-0.254012	1.162176	-1.606106	-13.096871
106.450940	21.003356	-10.207295	-8.412208	-0.369679	-0.258754	1.159192	-1.604444	-13.096761
66.318287	-11.988868	-8.579281	-8.390127	-0.364201	-0.335969	1.109844	-1.577073	-13.094991
-98.458226	-28.152764	-5.735689	-8.171509	-0.349548	-0.411207	1.060241	-1.549777	-13.093297
97.075600	-31.205616	-1.072028	-7.640836	-0.318549	-0.504217	0.996487	-1.514980	-13.091244
112.122427	-16.711980	3.756478	-6.871445	-0.275144	-0.593246	0.932461	-1.480314	-13.089318
-112.201450	-15.603327	3.975035	-6.829549	-0.272786	-0.597390	0.929400	-1.478663	-13.089229
8.943509	-14.455410	4.191920	-6.787192	-0.270402	-0.601526	0.926337	-1.477011	-13.089140
109.954665	10.311227	7.711938	-5.946111	-0.222798	-0.675080	0.870492	-1.446988	-13.087578
-89.784278	31.497887	10.024821	-4.993537	-0.167850	-0.745168	0.814564	-1.417072	-13.086111
-110.961839	29.044919	10.709704	-3.795504	-0.096416	-0.821552	0.749984	-1.382681	-13.084537
121.915738	-9.865464	9.738228	-2.534371	-0.017580	-0.892947	0.685446	-1.348439	-13.083089
45.026657	-11.589247	9.664831	-2.475054	-0.013769	-0.896130	0.682460	-1.346857	-13.083025
-123.008361	-13.239251	9.589471	-2.415682	-0.009946	-0.899302	0.679474	-1.345275	-13.082961
104.216786	-30.095859	7.905998	-1.298690	0.063917	-0.956652	0.623638	-1.315728	-13.081818
133.893879	-24.615130	5.984543	-0.186853	0.141636	-1.010127	0.567955	-1.286299	-13.080770
-128.091884	-0.014688	3.839526	1.059407	0.235195	-1.067026	0.503970	-1.252495	-13.079679
-40.633055	25.538059	2.134993	2.232635	0.331999	-1.118888	0.440346	-1.218857	-13.078713
115.799575	26.250360	2.071426	2.285960	0.336663	-1.121230	0.437333	-1.217263	-13.078670
-77.270981	26.888253	2.009791	2.339003	0.341330	-1.123559	0.434323	-1.215670	-13.078627
-107.653697	25.078164	1.186410	3.261506	0.427129	-1.164083	0.379679	-1.186724	-13.077903
107.478846	2.292977	0.772582	4.102216	0.514008	-1.201070	0.325427	-1.157909	-13.077273
53.851208	-20.587993	0.501498	4.972786	0.614785	-1.239475	0.263405	-1.124838	-13.076662
-119.897227	-22.821253	0.111631	5.739939	0.715305	-1.273474	0.202055	-1.091949	-13.076176
64.844508	-22.192104	0.083627	5.774459	0.720143	-1.275009	0.199107	-1.090364	-13.076155
119.906963	-21.492325	0.054504	5.808766	0.724981	-1.276535	0.196159	-1.088778	-13.076135
-115.792697	-2.918408	-0.644832	6.383911	0.811042	-1.302208	0.143669	-1.060443	-13.075824
-24.209255	12.593984	-1.649376	6.886176	0.895567	-1.324806	0.091806	-1.032252	-13.075607
101.476502	21.053301	-3.134167	7.380046	0.990771	-1.347277	0.032589	-0.999781	-13.075471
-73.332462	17.517341	-4.874103	7.783187	1.082202	-1.365924	-0.025632	-0.967511	-13.075459
-99.455429	16.899808	-4.960437	7.800187	1.086447	-1.366720	-0.028379	-0.965979	-13.075461
99.464429	16.232177	-5.046920	7.816990	1.090680	-1.367507	-0.031122	-0.964448	-13.075464
26.537359	-1.613335	-6.617356	8.088303	1.165556	-1.380377	-0.080499	-0.936730	-13.075564
-102.712093	-18.691886	-8.099189	8.297332	1.236261	-1.390627	-0.129007	-0.909169	-13.075757
99.332229	-20.137514	-9.526377	8.464089	1.311753	-1.399322	-0.183729	-0.877626	-13.076094
110.720036	-0.999731	-10.503461	8.555226	1.380024	-1.404840	-0.237150	-0.846297	-13.076553
-110.951960	0.377926	-10.538450	8.557746	1.383083	-1.405026	-0.239663	-0.844808	-13.076577
3.033512	1.790701	-10.572436	8.560104	1.386126	-1.405206	-0.242174	-0.843320	-13.076603
115.000601	27.251929	-11.016998	8.574964	1.438225	-1.407303	-0.287406	-0.816261	-13.077112
-83.215493	36.158047	-11.146088	8.537998	1.483650	-1.407221	-0.331541	-0.789373	-13.077713
