9.463787	23.298529	0.236534	-7.019862	19.834530	-4.506753	-6.186587	-19.203164
116.689802	23.305952	0.226161	-7.011043	19.833101	-4.506744	-6.186870	-19.202933
-116.693790	23.323673	0.214805	-7.002064	19.831630	-4.506719	-6.187164	-19.202701
-70.389783	24.326744	-0.234695	-6.789066	19.793382	-4.502671	-6.195139	-19.198122
116.692178	20.889477	-1.120520	-6.510103	19.738062	-4.491910	-6.207091	-19.193618
-2.167229	4.935199	-2.467350	-6.104895	19.653053	-4.471314	-6.225624	-19.188530
-114.363445	-14.002656	-3.857484	-5.606494	19.544900	-4.442045	-6.249109	-19.183543
114.459065	-14.683417	-3.914650	-5.582360	19.539601	-4.440559	-6.250254	-19.183325
93.131750	-15.339576	-3.971249	-5.558039	19.534258	-4.439056	-6.251408	-19.183108
-117.871318	-21.246100	-4.929842	-5.040684	19.419750	-4.406112	-6.275992	-19.178876
37.783931	-10.842302	-5.471936	-4.448982	19.287423	-4.366831	-6.304036	-19.174720
119.510624	8.880456	-5.453350	-3.678882	19.112303	-4.313723	-6.340549	-19.170022
-116.304599	19.159057	-4.612105	-2.844192	18.912901	-4.252406	-6.381338	-19.165430
-74.669603	19.204435	-4.554512	-2.806891	18.903654	-4.249549	-6.383210	-19.165232
116.119681	19.211018	-4.495115	-2.769564	18.894367	-4.246678	-6.385088	-19.165035
-17.918862	12.451396	-2.982958	-2.019455	18.699624	-4.186324	-6.424100	-19.161145
-120.130275	-3.050067	-1.080508	-1.272538	18.486186	-4.119976	-6.466066	-19.157337
126.484065	-21.152672	1.148410	-0.444327	18.216307	-4.036038	-6.518030	-19.153043
95.700490	-20.582111	2.973727	0.313711	17.920960	-3.944341	-6.573599	-19.148860
-128.527286	-19.878723	3.041911	0.345142	17.907269	-3.940098	-6.576144	-19.148677
47.140127	-19.109247	3.108930	0.376362	17.893528	-3.935839	-6.578695	-19.148494
124.052844	4.319499	4.169806	0.939216	17.615095	-3.849715	-6.629824	-19.144971
-119.437303	26.264022	4.709526	1.397746	17.317151	-3.757960	-6.683392	-19.141532
-74.144045	25.489543	4.654827	1.769806	16.948837	-3.645184	-6.748086	-19.137670
119.973260	1.671400	4.085470	1.960408	16.554269	-3.525140	-6.815696	-19.133922
-1.668975	0.328431	4.053496	1.964748	16.536867	-3.519859	-6.818642	-19.133765
-120.063961	-1.029711	4.021048	1.968797	16.519420	-3.514565	-6.821593	-19.133608
120.776477	-25.793819	3.291788	1.991052	16.157021	-3.404638	-6.882375	-19.130473
110.335430	-30.821114	2.528212	1.910410	15.778987	-3.289472	-6.945070	-19.127425
-124.228274	-12.581228	1.745793	1.709231	15.325952	-3.149724	-7.019883	-19.124007
9.664750	17.095841	1.023596	1.415564	14.860995	-3.003186	-7.096929	-19.120707
123.088486	18.147840	0.991286	1.400719	14.840087	-2.996504	-7.100410	-19.120563
-122.943943	19.147122	0.958893	1.385741	14.819166	-2.989808	-7.103894	-19.120419
-83.768954	28.679444	0.300221	1.071047	14.410210	-2.856982	-7.172448	-19.117667
115.217316	23.435046	-0.432308	0.722637	13.999461	-2.719243	-7.242416	-19.115006
-5.727598	6.749226	-1.294471	0.298766	13.526762	-2.554075	-7.324874	-19.112044
-118.441165	-12.298557	-2.054009	-0.124644	13.060785	-2.382578	-7.408888	-19.109206
118.734882	-13.048761	-2.083402	-0.143064	13.040311	-2.374812	-7.412655	-19.109083
91.646598	-13.781553	-2.112334	-0.161432	13.019860	-2.367033	-7.416424	-19.108960
-124.916198	-21.457974	-2.568649	-0.506275	12.626403	-2.212946	-7.490438	-19.106611
45.477824	-10.933315	-2.769788	-0.814988	12.245164	-2.054290	-7.565358	-19.104357
121.265721	9.711978	-2.613284	-1.107275	11.824936	-1.865805	-7.652710	-19.101875
-113.192198	18.782307	-1.959978	-1.318302	11.430056	-1.671482	-7.740932	-19.099521
-68.505145	18.711641	-1.917301	-1.325770	11.412890	-1.662565	-7.744936	-19.099417
112.658072	18.594948	-1.873468	-1.333053	11.395785	-1.653637	-7.748942	-19.099314
-2.488659	9.309457	-0.867533	-1.435841	11.080887	-1.480453	-7.825884	-19.097391
-113.738967	-7.085835	0.256815	-1.465380	10.792081	-1.303076	-7.903221	-19.095565
120.011523	-22.308421	1.327087	-1.399284	10.492135	-1.092049	-7.993323	-19.093567
101.951131	-18.419772	1.803286	-1.209505	10.226735	-0.875607	-8.083620	-19.091703
-124.627035	-17.683922	1.809585	-1.198686	10.216390	-0.866505	-8.087371	-19.091629
49.064257	-16.897920	1.814863	-1.187630	10.206104	-0.857401	-8.091119	-19.091554
126.312000	7.130399	1.710927	-0.905417	10.003057	-0.666010	-8.169046	-19.090063
-129.355596	31.012084	1.265179	-0.541763	9.818612	-0.470775	-8.246856	-19.088672
-87.971435	33.330652	0.467969	-0.072315	9.624473	-0.240459	-8.336481	-19.087191
136.626292	6.914504	-0.434871	0.385995	9.446056	-0.005222	-8.425623	-19.085846
-12.376450	5.144045	-0.472516	0.405041	9.438417	0.005341	-8.429570	-19.085789
-136.326592	3.333100	-0.509697	0.423926	9.430798	0.015914	-8.433515	-19.085733
130.802693	-30.394106	-1.095730	0.750789	9.286343	0.223187	-8.509875	-19.084693
115.829403	-38.206262	-1.267604	0.973405	9.146476	0.433970	-8.585617	-19.083756
-122.403783	-15.725432	-0.790736	1.067828	8.985826	0.682709	-8.672480	-19.082801
8.178976	20.666574	0.078420	1.006101	8.821869	0.936221	-8.758172	-19.081987
118.625582	21.963223	0.118978	1.000233	8.814397	0.947636	-8.761962	-19.081954
-118.405662	23.196727	0.159356	0.994123	8.806906	0.959061	-8.765750	-19.081921
-96.961507	35.212057	0.848392	0.832236	8.657581	1.182181	-8.838548	-19.081343
108.736966	29.002978	1.214493	0.602134	8.497585	1.408880	-8.910212	-19.080872
4.132128	7.921656	1.221000	0.279659	8.294133	1.675836	-8.991670	-19.080460
-113.405071	-15.236483	0.839587	-0.065419	8.066051	1.947110	-9.071277	-19.080194
113.824730	-16.113958	0.813942	-0.081086	8.054958	1.959596	-9.074865	-19.080185
97.004663	-16.961903	0.787644	-0.096706	8.043809	1.972083	-9.078447	-19.080177
-123.086310	-24.622067	0.172564	-0.380280	7.820470	2.209649	-9.145345	-19.080076
50.510087	-11.749107	-0.598371	-0.624746	7.570888	2.449905	-9.210605	-19.080086
125.629343	11.997810	-1.367668	-0.826853	7.244035	2.731549	-9.284072	-19.080235
-117.514352	21.389609	-1.586166	-0.905048	6.871777	3.016129	-9.355000	-19.080535
-72.727052	21.239849	-1.576153	-0.905042	6.854023	3.028889	-9.358103	-19.080551
116.801417	21.036013	-1.564208	-0.904716	6.836157	3.041662	-9.361202	-19.080569
-6.835775	8.759217	-1.013302	-0.839994	6.471344	3.290026	-9.420136	-19.080961
-111.453124	-10.910636	-0.068058	-0.681414	6.075181	3.540072	-9.476914	-19.081467
115.858773	-26.016714	1.104006	-0.415858	5.588782	3.830120	-9.539544	-19.082192
98.340948	-15.972811	1.955963	-0.099673	5.081050	4.121714	-9.598971	-19.083071
-121.101476	-14.733342	1.985743	-0.083142	5.055134	4.136421	-9.601873	-19.083120
39.244289	-13.426487	2.014097	-0.066588	5.029192	4.151130	-9.604767	-19.083168
122.727595	14.110172	2.255056	0.215767	4.581856	4.403770	-9.653030	-19.084064
-123.918919	33.653287	1.948720	0.480296	4.134511	4.657035	-9.698651	-19.085076
-92.184046	26.950512	0.850858	0.747396	3.625299	4.951000	-9.748061	-19.086393
130.138115	-1.487864	-0.679343	0.957366	3.135220	5.245150	-9.793594	-19.087869
-6.557628	-2.948060	-0.747825	0.964965	3.114580	5.257852	-9.795470	-19.087936
-130.203489	-4.413415	-0.816182	0.972435	3.093987	5.270553	-9.797339	-19.088004
128.939149	-30.148860	-2.105827	1.094321	2.689601	5.526244	-9.833342	-19.089428
117.502485	-36.733351	-3.014464	1.157753	2.306401	5.781546	-9.866150	-19.090973
-118.129771	-18.708828	-3.296247	1.151767	1.893323	6.074580	-9.899802	-19.092902
23.161176	15.366202	-2.881223	1.058245	1.511030	6.366438	-9.928891	-19.094993
110.738603	16.687684	-2.849236	1.051980	1.494188	6.379837	-9.930117	-19.095093
-110.509706	17.948240	-2.816325	1.045558	1.477424	6.393224	-9.931332	-19.095194
-75.628050	30.276114	-2.051027	0.896347	1.174509	6.644492	-9.952305	-19.097149
109.179592	23.566833	-1.107183	0.699507	0.895835	6.894308	-9.969596	-19.099227
-1.168186	0.085300	0.058379	0.424752	0.604961	7.180558	-9.984836	-19.101782
-114.204141	-20.036599	1.152084	0.112543	0.348242	7.463815	-9.994834	-19.104504
114.337785	-20.508103	1.199624	0.096989	0.336891	7.477214	-9.995176	-19.104637
108.252040	-20.917973	1.246652	0.081373	0.325611	7.490613	-9.995506	-19.104772
-116.784210	-19.122917	2.014803	-0.208616	0.135199	7.731854	-9.999331	-19.107268
28.211257	-5.746548	2.679265	-0.506106	-0.028546	7.970193	-9.998995	-19.109893
119.302453	11.303410	3.428988	-0.850247	-0.184846	8.243725	-9.993204	-19.113118
-118.351806	16.469262	4.272793	-1.178232	-0.303013	8.512149	-9.981428	-19.116524
-80.772050	16.314355	4.312523	-1.191562	-0.307161	8.523401	-9.980794	-19.116672
118.283712	16.126959	4.352610	-1.204836	-0.311239	8.534642	-9.980149	-19.116821
-16.775182	6.586101	5.185910	-1.461505	-0.378789	8.761320	-9.964567	-19.119923
-120.739941	-8.791111	5.831091	-1.685526	-0.416128	8.983018	-9.944260	-19.123161
125.596817	-22.631440	5.922653	-1.892076	-0.420340	9.231931	-9.914795	-19.127071
98.408802	-16.552949	4.961835	-2.034603	-0.380805	9.472411	-9.878701	-19.131165
-129.029747	-15.601759	4.890272	-2.039834	-0.377791	9.483676	-9.876807	-19.131366
37.086073	-14.586024	4.816548	-2.044924	-0.374673	9.494920	-9.874897	-19.131566
128.625285	10.433692	3.149505	-2.112834	-0.301160	9.693190	-9.837894	-19.135248
-128.025236	32.873179	0.927561	-2.136661	-0.195600	9.883779	-9.795742	-19.139068
-88.596315	32.646775	-2.105209	-2.108441	-0.035483	10.095588	-9.739900	-19.143701
131.138667	4.844306	-5.012286	-2.018278	0.159134	10.295055	-9.676712	-19.148525
8.464772	3.140369	-5.123571	-2.012996	0.168167	10.303320	-9.673834	-19.148736
-131.171619	1.403155	-5.233365	-2.007592	0.177258	10.311567	-9.670940	-19.148948
122.892260	-31.690449	-7.021327	-1.873735	0.370461	10.471987	-9.609797	-19.153280
128.041308	-39.514530	-7.704290	-1.690994	0.580995	10.621738	-9.542920	-19.157757
-124.333342	-15.536413	-6.744616	-1.419822	0.840849	10.780545	-9.458399	-19.163108
2.958615	23.481242	-4.300320	-1.093671	1.113165	10.923237	-9.365896	-19.168653
117.795972	24.793245	-4.162771	-1.077653	1.125808	10.929353	-9.361477	-19.168911
-117.453463	26.015945	-4.023497	-1.061557	1.138457	10.935430	-9.357044	-19.169169
-86.874884	34.151596	-1.122606	-0.742079	1.379377	11.043438	-9.270027	-19.174127
106.710722	23.101830	2.030326	-0.398918	1.621251	11.137975	-9.176813	-19.179232
-2.424953	2.195766	5.513970	0.019236	1.898475	11.229997	-9.060642	-19.185345
-113.029787	-16.721589	8.249881	0.447166	2.166304	11.301974	-8.935780	-19.191659
113.319876	-17.377668	8.346788	0.466611	2.178134	11.304746	-8.929909	-19.191950
99.215424	-18.007374	8.440841	0.486037	2.189924	11.307473	-8.924023	-19.192241
-118.176276	-22.751961	9.629563	0.855244	2.408744	11.351201	-8.807869	-19.197896
26.841709	-10.026200	9.512341	1.213511	2.612046	11.378420	-8.684969	-19.203704
114.806491	12.007395	8.030995	1.599047	2.821571	11.388576	-8.535438	-19.210565
-112.310744	20.244883	5.557785	1.951385	2.999985	11.375419	-8.377026	-19.217630
-84.984404	19.945414	5.429959	1.966483	3.007229	11.374261	-8.369652	-19.217955
112.354130	19.576036	5.301085	1.981506	3.014397	11.373055	-8.362260	-19.218280
5.397605	2.883105	2.669613	2.254200	3.136318	11.340402	-8.217306	-19.224583
-119.590527	-17.788910	-0.137117	2.496858	3.226541	11.289327	-8.065977	-19.231041
122.177130	-24.209348	-3.345516	2.737371	3.286556	11.206655	-7.882960	-19.238715
101.667962	-8.373586	-6.247640	2.931058	3.293365	11.098178	-7.691846	-19.246600
-121.443335	-7.267359	-6.372467	2.938864	3.292292	11.092498	-7.682770	-19.246972
45.928666	-6.139741	-6.496312	2.946561	3.291091	11.086761	-7.673676	-19.247344
120.254916	15.821828	-8.603109	3.069178	3.244872	10.969824	-7.501851	-19.254335
-120.440234	30.324631	-10.297158	3.151808	3.150731	10.832789	-7.324384	-19.261484
-70.957447	26.835545	-11.660004	3.193959	2.977649	10.649164	-7.112451	-19.269947
125.532561	4.342562	-12.337625	3.171746	2.733269	10.438723	-6.893493	-19.278625
2.481206	2.960030	-12.351560	3.169011	2.720433	10.428492	-6.883339	-19.279026
-125.812665	1.553089	-12.363991	3.166114	2.707443	10.418200	-6.873164	-19.279428
125.423954	-24.368875	-12.309036	3.079895	2.433958	10.212477	-6.677246	-19.287147
127.629891	-34.473103	-11.691043	2.934272	2.112718	9.987771	-6.476490	-19.295029
-121.895864	-19.800409	-10.333706	2.699358	1.689712	9.706469	-6.239768	-19.304300
4.451971	15.584740	-8.582202	2.401149	1.215956	9.401631	-5.997192	-19.313791
110.918844	17.022804	-8.495790	2.385639	1.192416	9.386652	-5.985584	-19.314245
-110.458715	18.391099	-8.409350	2.370009	1.168778	9.371622	-5.973964	-19.314699
-92.822268	31.159501	-6.861780	2.062510	0.717688	9.086434	-5.758196	-19.323143
102.531123	24.566154	-5.501027	1.720823	0.238156	8.784734	-5.538444	-19.331754
1.657551	2.273316	-4.112398	1.292452	-0.344112	8.417251	-5.280479	-19.341887
-113.210760	-19.062825	-2.780998	0.835935	-0.951596	8.029464	-5.017802	-19.352245
113.611930	-19.701900	-2.719779	0.814745	-0.979593	8.011438	-5.005801	-19.352719
106.303416	-20.297667	-2.658374	0.793518	-1.007627	7.993372	-4.993790	-19.353194
-120.820189	-22.019153	-1.429307	0.381070	-1.550566	7.640013	-4.762206	-19.362371
40.289495	-5.212499	-0.032826	-0.038954	-2.102595	7.272661	-4.527519	-19.371718
114.994095	17.089678	1.924151	-0.525753	-2.745931	6.831589	-4.252788	-19.382729
-104.455410	19.355480	4.404862	-1.005387	-3.388851	6.373443	-3.974474	-19.393971
-77.514974	18.915916	4.531084	-1.026601	-3.417593	6.352491	-3.961902	-19.394481
103.848267	18.435228	4.658713	-1.047795	-3.446340	6.331493	-3.949314	-19.394992
-3.281290	3.663923	7.293542	-1.448757	-3.997001	5.920202	-3.705282	-19.404937
-108.800847	-13.960098	9.954609	-1.830730	-4.537464	5.497361	-3.459001	-19.415056
117.453417	-24.761233	12.475045	-2.239258	-5.141557	4.996808	-3.172837	-19.426928
109.629390	-14.982173	13.856124	-2.605372	-5.719592	4.482558	-2.884263	-19.439034
-123.332118	-13.813720	13.887762	-2.620986	-5.745353	4.458672	-2.870983	-19.439595
40.966077	-12.575277	13.916522	-2.636491	-5.771045	4.434760	-2.857699	-19.440156
125.504577	16.720286	13.900112	-2.908998	-6.244424	3.976138	-2.604887	-19.450892
-125.893829	35.711551	12.756404	-3.136839	-6.688160	3.508452	-2.350708	-19.461807
-89.979894	32.410690	10.040416	-3.336900	-7.156074	2.960178	-2.056987	-19.474580
135.466679	9.429748	6.219764	-3.463172	-7.572319	2.401487	-1.761999	-19.487592
-3.950597	8.093132	6.028523	-3.467019	-7.589852	2.375933	-1.748604	-19.488187
-136.765682	6.737471	5.836090	-3.470698	-7.607265	2.350358	-1.735207	-19.488783
128.779829	-21.698668	1.974127	-3.507644	-7.917359	1.855669	-1.477653	-19.500321
151.545529	-51.035033	-1.980143	-3.476999	-8.178379	1.354363	-1.219583	-19.512041
-64.686788	-55.447958	-9.747408	-3.105773	-8.577030	0.154113	-0.612537	-19.540296
-12.790441	57.524562	-12.479127	-2.239207	-8.649714	-1.072082	-0.006357	-19.569574
100.619040	53.953520	-12.468415	-2.211722	-8.647318	-1.101480	0.008019	-19.570282
-108.372893	49.772049	-12.454055	-2.183902	-8.644727	-1.130888	0.022392	-19.570991
-79.454564	44.996579	-12.436810	-2.156798	-8.642049	-1.159219	0.036232	-19.571675
123.798285	39.533832	-12.416244	-2.129391	-8.639190	-1.187559	0.050070	-19.572359
-4.390209	33.525124	-12.392321	-2.101614	-8.636143	-1.215982	0.063943	-19.573045
-138.248534	27.318312	-12.365102	-2.073522	-8.632913	-1.244432	0.077822	-19.573732
153.733891	-40.461891	-11.618967	-1.634795	-8.565464	-1.658530	0.279164	-19.583774
168.879195	-56.834571	-10.281423	-1.147578	-8.459500	-2.073829	0.479980	-19.593932
-121.297918	-3.447855	-7.618794	-0.405796	-8.245290	-2.658204	0.761170	-19.608405
1.039557	39.763562	-4.453417	0.369908	-7.954792	-3.241342	1.040887	-19.623109
101.345955	50.613824	-1.109051	1.182423	-7.567139	-3.850619	1.333113	-19.638818
-115.027206	35.904350	1.796117	1.950439	-7.094840	-4.453746	1.623120	-19.654786
-88.134493	34.935756	1.918622	1.984481	-7.070728	-4.481700	1.636590	-19.655537
116.009073	33.958912	2.039885	2.018309	-7.046446	-4.509619	1.650046	-19.656289
-1.983189	14.517228	4.055544	2.598896	-6.568638	-5.017764	1.895547	-19.670153
-121.749281	-7.042761	5.679463	3.087281	-6.027983	-5.518795	2.138994	-19.684208
125.645685	-29.096864	7.045664	3.496655	-5.337644	-6.077348	2.412546	-19.700390
117.010142	-32.907698	7.902586	3.715190	-4.564992	-6.623618	2.682923	-19.716819
-125.453482	-11.240768	8.286233	3.703533	-3.702309	-7.160070	2.951928	-19.733629
112.455369	25.268118	8.371104	3.425339	-2.756676	-7.680650	3.217129	-19.750691
-111.864192	26.257332	8.371251	3.406437	-2.712604	-7.703514	3.228886	-19.751460
-94.563432	27.134553	8.371232	3.386978	-2.668385	-7.726343	3.240635	-19.752229
103.352698	25.714031	8.320936	2.896182	-1.765363	-8.170083	3.471118	-19.767529
2.583393	3.723052	8.099497	2.233398	-0.811751	-8.598837	3.698193	-19.783029
-108.130355	-22.334326	7.485548	1.309469	0.344004	-9.074492	3.956309	-19.801205
114.330681	-25.658316	6.325816	0.284796	1.540510	-9.526732	4.209297	-19.819650
112.381414	-25.074591	6.257410	0.237008	1.595566	-9.546698	4.220667	-19.820494
-114.864900	-24.424096	6.187512	0.189137	1.650704	-9.566625	4.232033	-19.821340
35.612257	-3.384964	4.639315	-0.715337	2.697903	-9.932707	4.444419	-19.837409
120.917698	20.709512	2.806255	-1.590790	3.750277	-10.278935	4.652580	-19.853677
-118.167115	31.241648	0.605993	-2.515745	4.969835	-10.655183	4.889149	-19.872852
-73.478499	19.449235	-1.361265	-3.276780	6.172782	-11.001254	5.119456	-19.892301
113.283740	18.486248	-1.440983	-3.306321	6.226725	-11.016199	5.129744	-19.893190
-3.784202	17.492599	-1.519720	-3.335381	6.280608	-11.031078	5.140018	-19.894078
-114.344251	-5.883515	-2.803353	-3.787595	7.290900	-11.301046	5.332624	-19.911074
125.639334	-30.931356	-3.590670	-4.018948	8.268329	-11.546008	5.520137	-19.928274
135.500101	-38.543596	-3.696965	-3.955447	9.354776	-11.798639	5.732185	-19.948599
-140.702474	-4.108860	-2.833478	-3.514540	10.376222	-12.013854	5.936731	-19.969204
18.306917	-1.919258	-2.778409	-3.487197	10.419817	-12.022483	5.945602	-19.970122
140.193919	0.291357	-2.722296	-3.459249	10.463271	-12.031034	5.954458	-19.971041
-128.645758	36.301539	-1.495394	-2.809125	11.276917	-12.181307	6.122977	-19.988948
-104.668993	37.229313	-0.236575	-1.989112	12.034292	-12.301560	6.285617	-20.007064
112.431206	9.968604	0.888384	-0.896648	12.837023	-12.402051	6.466729	-20.028330
2.355457	-17.320534	1.522161	0.267924	13.553197	-12.459268	6.639783	-20.049877
-117.415457	-18.288757	1.538120	0.321293	13.583644	-12.460818	6.647469	-20.050865
117.625566	-19.225950	1.552909	0.374666	13.613920	-12.462276	6.655143	-20.051854
116.773710	-30.597485	1.600979	1.368732	14.150173	-12.472143	6.797289	-20.070689
-115.982514	-28.049845	1.218060	2.293892	14.613536	-12.447645	6.933425	-20.089736
27.061361	-7.926782	0.452151	3.205823	15.056216	-12.374554	7.084351	-20.112180
108.044815	16.102888	-0.331324	3.836014	15.389114	-12.252065	7.227118	-20.134914
-108.147890	16.982987	-0.361274	3.855755	15.401443	-12.245353	7.233363	-20.135946
-73.463671	17.828993	-0.390489	3.874649	15.413537	-12.238538	7.239592	-20.136978
112.665952	24.377107	-0.761709	4.056517	15.598259	-12.088478	7.355237	-20.156791
5.047613	8.237879	-0.683886	3.856829	15.692856	-11.899665	7.464831	-20.176820
-114.969540	-18.998677	-0.188423	3.173607	15.687673	-11.631725	7.584238	-20.200300
111.915519	-26.938542	0.341450	2.183929	15.564719	-11.312455	7.695495	-20.224074
111.594533	-26.477286	0.359535	2.133687	15.556186	-11.296256	7.700513	-20.225196
-111.770564	-25.928560	0.376679	2.083315	15.547417	-11.279959	7.705510	-20.226318
23.141555	-4.542657	0.530042	1.148582	15.344602	-10.962079	7.794012	-20.247025
115.440790	22.292068	0.406475	0.243669	15.065614	-10.609428	7.876471	-20.267950
-118.774994	34.088163	0.019214	-0.727279	14.650898	-10.156565	7.964961	-20.292623
-81.218581	17.219832	-0.485375	-1.570315	14.147507	-9.661267	8.045211	-20.317596
121.581703	15.893638	-0.508769	-1.605915	14.121957	-9.637135	8.048758	-20.318770
-11.396968	14.532832	-0.531976	-1.641123	14.096248	-9.612932	8.052285	-20.319944
-124.991858	-13.814130	-0.904200	-2.218283	13.593025	-9.152535	8.113966	-20.341659
122.720852	-37.923865	-1.081401	-2.650669	13.036027	-8.664698	8.169552	-20.363597
134.816380	-41.239698	-0.835456	-2.982229	12.331309	-8.068366	8.226251	-20.389260
-134.171984	-6.065065	0.024620	-3.167459	11.569660	-7.440464	8.274766	-20.415223
25.788172	-3.547326	0.080819	-3.173826	11.528480	-7.406864	8.277074	-20.416587
133.425239	-1.006137	0.137692	-3.179907	11.487145	-7.373166	8.279361	-20.417953
-123.850617	34.679756	1.108539	-3.244044	10.787359	-6.805685	8.313895	-20.440623
-109.491385	39.276841	1.927571	-3.258750	10.061209	-6.218715	8.342323	-20.463519
113.517302	15.369901	2.361973	-3.247089	9.191033	-5.513253	8.367711	-20.490456
21.501692	-15.767639	2.168858	-3.230291	8.297504	-4.786559	8.384798	-20.517697
-118.537544	-17.033744	2.143710	-3.229403	8.254613	-4.751670	8.385401	-20.518994
104.009630	-18.264046	2.117069	-3.228500	8.211640	-4.716718	8.385985	-20.520293
123.450253	-32.502838	1.368741	-3.208399	7.419277	-4.073197	8.393364	-20.544069
-123.403748	-26.633288	0.155818	-3.177848	6.608132	-3.417920	8.394535	-20.568066
15.490663	1.594443	-1.521487	-3.122914	5.648877	-2.650485	8.388165	-20.595987
107.734878	26.580611	-3.095783	-3.039271	4.662177	-1.872553	8.373506	-20.624182
-107.332751	27.139923	-3.160210	-3.034498	4.615079	-1.835758	8.372612	-20.625514
-91.347333	27.621238	-3.223476	-3.029639	4.567887	-1.798922	8.371700	-20.626848
101.707503	24.989791	-4.178741	-2.924367	3.686208	-1.117121	8.351566	-20.651538
-4.342032	8.867346	-4.783492	-2.785759	2.781867	-0.431440	8.325152	-20.676413
-108.277842	-15.113120	-5.142027	-2.577294	1.707561	0.363332	8.286787	-20.705374
116.333387	-29.229795	-5.247132	-2.306362	0.600522	1.158105	8.239987	-20.734553
103.204806	-29.140507	-5.247963	-2.291888	0.548246	1.195002	8.237606	-20.735914
-116.818744	-28.958118	-5.248523	-2.277238	0.495930	1.231869	8.235208	-20.737275
31.146978	-11.858855	-5.207311	-1.971945	-0.494376	1.918591	8.187092	-20.762759
115.738545	15.835078	-5.058595	-1.615285	-1.511244	2.601220	8.132594	-20.788386
-113.538424	33.510395	-4.734805	-1.160557	-2.714907	3.379034	8.061994	-20.818027
-83.904781	19.482890	-4.201721	-0.680152	-3.956258	4.146347	7.982897	-20.847830
115.452876	18.164095	-4.169461	-0.657399	-4.015359	4.181991	7.978983	-20.849230
-11.383252	16.799479	-4.136420	-0.634643	-4.074547	4.217605	7.975050	-20.850630
-121.435324	-13.222541	-3.341060	-0.206130	-5.211710	4.886105	7.897039	-20.877206
129.825964	-35.927701	-2.145737	0.206385	-6.380104	5.542048	7.812303	-20.903886
121.445826	-34.212023	-0.291223	0.623890	-7.714119	6.254311	7.710169	-20.933661
-134.988285	-7.206495	1.860134	0.973056	-9.082407	6.946091	7.599668	-20.963540
23.551203	-5.341442	1.969503	0.988266	-9.151719	6.980118	7.593920	-20.965038
133.829491	-3.444397	2.078726	1.003237	-9.221110	7.014086	7.588150	-20.966535
-118.983682	27.031554	3.927769	1.223685	-10.451924	7.600640	7.483422	-20.992864
-105.880331	34.484139	5.489922	1.351314	-11.704621	8.167377	7.372199	-21.019252
99.972779	20.053058	6.703497	1.352467	-13.211361	8.811722	7.231768	-21.050629
0.844947	-2.353484	7.087679	1.153602	-14.721574	9.422696	7.082132	-21.082061
-114.438289	-23.335238	6.599769	0.795868	-16.067790	9.944385	6.938749	-21.110543
109.842485	-35.262635	5.149304	0.320669	-17.371335	10.434081	6.787784	-21.139045
114.110055	-35.031952	5.040260	0.292937	-17.440014	10.459547	6.779423	-21.140583
-113.566490	-34.667951	4.928078	0.265076	-17.508459	10.484899	6.771045	-21.142120
-24.616502	39.640909	-0.757913	-0.827556	-19.988917	11.391561	6.427271	-21.202027
109.465270	29.215270	-5.225385	-1.532741	-21.964554	12.125675	6.049705	-21.261860
-112.839706	25.316644	-5.288058	-1.540023	-22.004261	12.141086	6.040175	-21.263302
-94.292752	20.514476	-5.348031	-1.546722	-22.043526	12.156375	6.030632	-21.264743
119.838810	14.240705	-5.405776	-1.552882	-22.082696	12.171679	6.020988	-21.266196
6.034077	6.309647	-5.460743	-1.558437	-22.121436	12.186867	6.011324	-21.267648
-126.703373	-3.032030	-5.515975	-1.563659	-22.162061	12.202854	6.001050	-21.269190
115.418652	-12.170352	-5.567991	-1.568180	-22.202196	12.218711	5.990753	-21.270731
145.165355	-47.573756	-5.932628	-1.555186	-22.695619	12.420495	5.849047	-21.291590
-124.580582	-2.532476	-5.637483	-1.395962	-23.088952	12.597458	5.703185	-21.312419
-5.445997	42.579972	-4.398497	-0.967553	-23.454429	12.801904	5.491911	-21.341533
91.911757	50.120187	-2.677389	-0.361920	-23.591655	12.953930	5.272493	-21.370568
-110.493127	35.306493	-0.856846	0.394079	-23.483316	13.056659	5.033646	-21.400928
-76.179384	19.010256	0.762868	1.206692	-23.116000	13.101730	4.786081	-21.431172
123.457827	18.163845	0.827997	1.243234	-23.093757	13.102418	4.774861	-21.432516
7.171753	17.294314	0.892427	1.279766	-23.071020	13.102995	4.763624	-21.433859
-124.096459	-4.306439	1.987477	1.980724	-22.532448	13.092325	4.541972	-21.459918
122.946274	-31.030452	2.718609	2.638980	-21.815293	13.040707	4.314417	-21.485871
133.678776	-42.127921	2.986157	3.299328	-20.771425	12.931043	4.043966	-21.515783
-138.229749	-8.904229	2.567529	3.812254	-19.509921	12.769310	3.766671	-21.545525
13.522304	-6.541412	2.533932	3.833274	-19.444816	12.760363	3.753345	-21.546933
137.841326	-4.150614	2.499366	3.854016	-19.379290	12.751308	3.740014	-21.548339
-128.318296	33.275778	1.741669	4.186069	-18.109480	12.567156	3.495379	-21.573820
-115.443014	36.358412	0.891062	4.434105	-16.693922	12.346523	3.246487	-21.599153
112.966671	9.314598	0.047638	4.613173	-14.880230	12.047500	2.954134	-21.628223
25.705915	-21.191792	-0.508830	4.677678	-12.874676	11.702626	2.657175	-21.657069
-113.903593	-22.251423	-0.526368	4.678212	-12.776308	11.685452	2.643226	-21.658408
105.943087	-23.259089	-0.543099	4.678547	-12.677496	11.668183	2.629269	-21.659747
115.100402	-31.850643	-0.700008	4.654487	-10.764796	11.330988	2.369154	-21.684455
-113.318889	-20.675330	-0.579916	4.583793	-8.691055	10.961795	2.106436	-21.708974
9.018043	7.762320	-0.280544	4.397874	-6.067875	10.494241	1.798593	-21.737195
106.361099	27.391826	-0.010215	3.981968	-3.209733	9.986397	1.488310	-21.765134
-106.359508	27.604881	-0.001453	3.954606	-3.068788	9.961356	1.473555	-21.766451
-101.779060	27.731246	0.006777	3.926484	-2.927460	9.936245	1.458805	-21.767766
108.352235	17.852865	0.066099	3.270813	-0.284723	9.465081	1.190174	-21.791545
21.740017	-4.516404	-0.027615	2.312851	2.472247	8.966289	0.920561	-21.815095
-113.812960	-25.548573	-0.307482	0.775429	5.773229	8.351346	0.605560	-21.842242
111.684326	-22.528378	-0.685099	-1.232195	9.095600	7.701783	0.290327	-21.869049
113.952636	-21.793038	-0.699494	-1.332919	9.244399	7.671755	0.276141	-21.870247
-113.964450	-21.010273	-0.713376	-1.434477	9.393075	7.641660	0.261957	-21.871445
25.019953	5.383976	-0.817471	-3.995057	12.787375	6.924348	-0.067097	-21.899051
116.666942	29.142147	-0.310985	-6.748651	15.984753	6.172827	-0.395050	-21.926250
-116.956491	30.540396	0.516709	-8.669760	18.248917	5.567582	-0.648203	-21.947053
-77.024932	14.807720	1.645581	-10.100587	20.260680	4.943661	-0.899983	-21.967593
117.134406	13.507093	1.713152	-10.162250	20.366729	4.907487	-0.914312	-21.968758
-9.766186	12.172280	1.780607	-10.221459	20.471756	4.871255	-0.928636	-21.969922
-120.568549	-15.978236	2.936694	-10.841196	22.226591	4.190145	-1.192760	-21.991310
128.147535	-39.788141	3.670024	-10.453827	23.611146	3.490138	-1.454608	-22.012386
126.063360	-40.987523	3.591694	-8.627793	24.752976	2.653629	-1.755769	-22.036492
-132.982018	-9.017171	2.378117	-5.510331	25.393425	1.794549	-2.052783	-22.060148
17.484328	-6.705209	2.293503	-5.338886	25.411146	1.753839	-2.066566	-22.061244
131.751058	-4.334368	2.206480	-5.165586	25.427764	1.713110	-2.080330	-22.062337
-116.563072	36.882436	0.171550	-1.676707	25.538788	0.954964	-2.332015	-22.082307
-115.275241	42.801260	-2.638285	2.165298	25.279422	0.184148	-2.579789	-22.101922
107.075541	15.121025	-6.524286	6.636633	24.512358	-0.722046	-2.862065	-22.124240
29.649159	-19.142217	-9.793623	10.622060	23.242823	-1.634828	-3.138006	-22.146053
-115.628991	-20.393125	-9.906503	10.789139	23.170550	-1.677918	-3.150847	-22.147068
108.476112	-21.586574	-10.014420	10.953924	23.097156	-1.721008	-3.163672	-22.148083
121.263143	-32.715650	-10.953061	13.533004	21.556037	-2.509736	-3.395784	-22.166456
-120.911922	-23.181504	-9.590529	15.217306	19.647792	-3.294898	-3.622336	-22.184432
12.102856	4.093403	-5.497695	16.097709	17.002139	-4.193363	-3.876862	-22.204710
110.524079	22.451913	0.605082	15.909068	13.936904	-5.076235	-4.122875	-22.224429
-110.375926	22.583046	0.934308	15.874239	13.781464	-5.117887	-4.134395	-22.225356
-98.772758	22.623550	1.266176	15.837117	13.625366	-5.159464	-4.145887	-22.226281
109.524159	10.971174	7.552900	14.768253	10.674357	-5.904153	-4.350618	-22.242829
14.479461	-12.269421	13.474608	12.969117	7.534565	-6.628688	-4.548140	-22.258938
-112.345204	-31.964304	18.194289	10.013510	3.739795	-7.437221	-4.767274	-22.277022
106.560617	-24.347372	18.900804	6.193269	-0.142785	-8.207953	-4.975686	-22.294492
115.098468	-23.311402	18.820996	6.008328	-0.313889	-8.240837	-4.984582	-22.295244
-115.284739	-22.218307	18.731407	5.822096	-0.484983	-8.273636	-4.993456	-22.295996
20.142698	7.509226	15.173460	1.937405	-3.839650	-8.901273	-5.163610	-22.310538
120.018641	40.954510	8.895777	-2.209742	-7.130681	-9.492211	-5.324917	-22.324600
-111.739642	68.583321	-0.405226	-7.029150	-10.777070	-10.124050	-5.499700	-22.340227
-100.672382	87.551059	-10.406484	-11.547735	-14.173968	-10.696140	-5.661611	-22.355186
109.755477	87.995424	-10.864188	-11.745450	-14.324933	-10.721283	-5.668843	-22.355868
-14.259349	88.381398	-11.319840	-11.941716	-14.475153	-10.746283	-5.676046	-22.356548
-136.785035	78.526194	-19.209792	-15.285790	-17.124198	-11.184725	-5.804689	-22.368933
146.277752	25.195269	-25.205467	-17.886539	-19.454419	-11.569523	-5.922770	-22.380790
291.702585	-108.655398	-25.194630	-19.981454	-23.346025	-12.241084	-6.156556	-22.406531
-139.249543	61.879405	-1.165322	-15.785519	-24.625441	-12.546507	-6.325115	-22.429191
9.506749	70.645807	-0.506752	-15.627954	-24.625946	-12.548849	-6.328206	-22.429678
121.543166	78.671577	0.149817	-15.468196	-24.625236	-12.550968	-6.331259	-22.430163
-100.365119	85.060837	0.808985	-15.305019	-24.623299	-12.552878	-6.334297	-22.430650
-104.288337	89.121387	1.465643	-15.139581	-24.620139	-12.554561	-6.337299	-22.431136
96.649365	90.930473	2.121411	-14.971376	-24.615745	-12.556023	-6.340273	-22.431622
-11.893144	90.821541	2.772898	-14.801178	-24.610135	-12.557256	-6.343207	-22.432106
-68.207958	-15.623089	11.453720	-12.165852	-24.400794	-12.550435	-6.380833	-22.438818
186.397430	-73.153065	18.376528	-9.218806	-23.961284	-12.499303	-6.410501	-22.445166
144.483640	-30.565721	24.122152	-4.752951	-22.985382	-12.355751	-6.439005	-22.453469
-147.510496	25.685487	26.235470	-0.183272	-21.633018	-12.132763	-6.452458	-22.461030
-20.646512	39.865213	26.282600	4.349301	-19.880133	-11.822313	-6.450987	-22.468081
105.945346	29.080196	25.603902	8.359556	-17.822972	-11.436720	-6.434287	-22.474305
-105.615632	28.563454	25.562617	8.528628	-17.721386	-11.417170	-6.433156	-22.474573
-98.306167	28.066844	25.520481	8.696122	-17.619265	-11.397470	-6.431993	-22.474839
107.477108	18.530079	24.556463	11.550976	-15.600004	-10.998837	-6.404241	-22.479515
6.019655	0.199314	23.223143	13.810662	-13.426627	-10.551069	-6.365668	-22.483554
-112.036852	-22.392397	21.095569	15.685780	-10.779275	-9.979565	-6.308315	-22.487408
109.764033	-27.547614	18.128655	16.849218	-8.025252	-9.353046	-6.237571	-22.490406
112.027193	-26.978197	17.966446	16.887303	-7.895358	-9.322639	-6.233961	-22.490525
-111.985619	-26.318524	17.802051	16.923996	-7.765436	-9.292146	-6.230325	-22.490642
14.149071	-2.081686	14.323432	17.367860	-5.327342	-8.704308	-6.157459	-22.492477
109.163508	25.918453	10.096648	17.386932	-2.885888	-8.082990	-6.075255	-22.493660
-110.746123	33.452612	4.339862	16.926375	-0.095163	-7.326304	-5.968827	-22.494212
-85.134854	14.607637	-2.122882	15.982192	2.627648	-6.534895	-5.850828	-22.493879
121.439219	13.702998	-2.414791	15.929567	2.746469	-6.499081	-5.845335	-22.493844
7.971749	12.824945	-2.706509	15.876047	2.865111	-6.463210	-5.839821	-22.493807
-132.048655	1.870349	-8.227668	14.661484	5.133074	-5.755369	-5.728396	-22.492738
95.508809	0.976572	-13.073291	13.127298	7.319360	-5.029640	-5.609116	-22.491005
113.422310	-8.654105	-16.951861	11.082549	9.622452	-4.210735	-5.468502	-22.488311
-82.954474	-38.132547	-18.526614	8.697589	11.784905	-3.378987	-5.319133	-22.484797
70.382787	-32.823396	-17.122021	5.880264	13.870847	-2.501220	-5.154169	-22.480241
-95.903953	33.115929	-13.003663	2.827627	15.752466	-1.619967	-4.980633	-22.474778
-88.253850	35.287194	-12.758966	2.683501	15.834065	-1.579163	-4.972398	-22.474503
98.784490	37.222619	-12.509902	2.539196	15.915198	-1.538337	-4.964140	-22.474226
-9.505938	35.341667	-7.187016	-0.155380	17.334977	-0.774467	-4.806184	-22.468666
-125.623205	-4.077409	-1.163041	-2.736617	18.545069	-0.015918	-4.642501	-22.462414
118.238727	-37.600247	5.242734	-5.389486	19.644708	0.845433	-4.447571	-22.454361
109.238136	-28.412138	9.676033	-7.506813	20.394739	1.689724	-4.245997	-22.445381
-111.616465	-26.594186	9.831726	-7.592890	20.421738	1.730425	-4.235992	-22.444918
33.140422	-24.650399	9.981568	-7.677174	20.447806	1.771072	-4.225971	-22.444454
115.491909	18.043345	11.641360	-8.853523	20.754463	2.484254	-4.045389	-22.435818
-122.833541	40.765452	11.318823	-9.358163	20.760593	3.176548	-3.860551	-22.426477
-106.743904	27.316238	8.641600	-9.107815	20.390058	3.942382	-3.643273	-22.414862
131.988117	-8.089229	4.473430	-8.119924	19.616821	4.673772	-3.421301	-22.402303
19.344684	-9.825873	4.263681	-8.059771	19.571724	4.706838	-3.410898	-22.401697
-132.089325	-11.547050	4.053554	-7.998569	19.525876	4.739805	-3.400493	-22.401090
131.666764	-37.019625	0.155699	-6.672790	18.522961	5.345896	-3.202980	-22.389275
128.898890	-39.523226	-3.087010	-5.122171	17.275834	5.923750	-3.002646	-22.376734
-120.382720	-15.002145	-5.198963	-3.263126	15.583445	6.551206	-2.769688	-22.361441
-4.270286	23.107520	-5.565497	-1.529193	13.656388	7.139501	-2.533939	-22.345180
108.946299	24.381316	-5.543414	-1.454533	13.561729	7.165918	-2.522904	-22.344399
-108.530960	25.560127	-5.518038	-1.380526	13.466667	7.192247	-2.511864	-22.343616
-101.970948	31.503474	-4.495505	-0.122575	11.631357	7.665802	-2.305740	-22.328674
104.867414	16.340655	-2.652152	0.912094	9.690069	8.108407	-2.098269	-22.312998
18.180138	-9.721597	-0.159254	1.826994	7.357067	8.581867	-1.856485	-22.293902
-117.495008	-25.098400	1.886785	2.428806	4.993888	9.011699	-1.613836	-22.273811
97.303258	-25.207683	1.953561	2.448179	4.889168	9.029760	-1.603048	-22.272895
117.927301	-25.255188	2.017666	2.466923	4.784510	9.047733	-1.592258	-22.271978
-119.774440	-15.538846	2.762243	2.707108	2.759904	9.380881	-1.381484	-22.253664
-1.651305	6.401577	2.714285	2.713958	0.794699	9.679613	-1.170801	-22.234593
111.185969	27.282134	1.991836	2.474192	-1.359602	9.979564	-0.929158	-22.211729
-106.397493	24.355931	0.889409	2.042386	-3.388829	10.231991	-0.688594	-22.187856
-99.168975	23.502850	0.832124	2.018144	-3.483196	10.242924	-0.677050	-22.186681
106.305878	22.588304	0.774738	1.993669	-3.577193	10.253738	-0.665518	-22.185505
14.630173	-0.894423	-0.243207	1.521210	-5.213400	10.428862	-0.458804	-22.163948
-114.728523	-25.910213	-1.103167	1.023323	-6.742818	10.566838	-0.253632	-22.141626
119.672539	-37.763811	-1.649654	0.483486	-8.373233	10.679303	-0.018329	-22.114811
116.402682	-22.265514	-1.525047	0.050883	-9.843511	10.739899	0.213968	-22.086959
-119.396960	-20.623215	-1.504154	0.033141	-9.911075	10.741511	0.225231	-22.085572
30.193709	-18.894005	-1.482120	0.015731	-9.978234	10.742997	0.236484	-22.084182
116.461888	17.986318	-0.932955	-0.239217	-11.100049	10.748205	0.434382	-22.059149
-115.774582	42.923757	-0.189606	-0.397721	-12.090906	10.712951	0.629295	-22.033333
-111.986014	36.708862	0.731440	-0.469472	-13.066869	10.621136	0.849845	-22.002609
129.094608	-4.982110	1.623614	-0.434454	-13.862672	10.473214	1.065851	-21.970834
26.344803	-6.963253	1.662230	-0.430598	-13.894496	10.465124	1.075572	-21.969363
-129.942437	-8.902700	1.700613	-0.426560	-13.925931	10.456914	1.085283	-21.967889
120.361368	-35.943395	2.374108	-0.317806	-14.447222	10.278485	1.267546	-21.939534
138.581327	-41.425116	2.909069	-0.156296	-14.822661	10.056209	1.446178	-21.910389
-128.987176	-17.087229	3.280597	0.081700	-15.068524	9.741317	1.649229	-21.875491
-12.226867	24.880018	3.269960	0.354627	-15.104188	9.364480	1.847018	-21.839515
111.517271	26.321170	3.258454	0.367662	-15.100875	9.345628	1.855989	-21.837833
-110.864011	27.663502	3.245907	0.380713	-15.097138	9.326654	1.864942	-21.836151
-108.632339	35.837323	2.799362	0.629678	-14.948912	8.944694	2.031206	-21.804067
102.366162	20.598513	1.926514	0.879592	-14.658784	8.515735	2.193242	-21.771169
13.925106	-8.651922	0.460614	1.149687	-14.160546	7.964519	2.375088	-21.732127
-115.620225	-29.631835	-1.374950	1.374472	-13.504932	7.359088	2.550931	-21.691986
109.580904	-30.015866	-1.460882	1.382779	-13.473257	7.331723	2.558411	-21.690222
116.194602	-30.341877	-1.547260	1.390950	-13.441322	7.304267	2.565878	-21.688456
-119.322341	-24.708302	-3.316127	1.522160	-12.751884	6.737993	2.712478	-21.652769
0.535478	-0.308949	-4.978501	1.580295	-11.970956	6.139571	2.854299	-21.616254
106.996708	27.422784	-6.400371	1.529604	-10.964994	5.412339	3.012180	-21.572990
-100.253425	28.249553	-6.871564	1.321078	-9.860038	4.652792	3.163315	-21.528605
-96.655468	27.503860	-6.863549	1.307554	-9.808565	4.618209	3.169904	-21.526597
100.162183	26.694360	-6.852796	1.293649	-9.756918	4.583573	3.176479	-21.524586
21.240733	2.882605	-6.140054	0.952827	-8.724433	3.903543	3.300993	-21.485226
-112.130158	-21.921527	-4.591335	0.488522	-7.634670	3.207742	3.420183	-21.445020
117.144147	-30.137152	-1.988673	-0.178720	-6.310526	2.386465	3.551494	-21.397361
118.519911	-14.978351	1.162248	-0.954233	-4.934409	1.554775	3.675284	-21.348558
-118.354402	-13.774076	1.312426	-0.992004	-4.870006	1.516259	3.680809	-21.346279
27.576988	-12.529298	1.462581	-1.029921	-4.805537	1.477734	3.686318	-21.343998
114.140737	13.885285	4.186280	-1.758931	-3.594016	0.758304	3.786006	-21.301011
-114.402251	31.980647	6.511218	-2.512485	-2.374251	0.039460	3.879855	-21.257168
-96.771049	25.612297	8.313024	-3.382496	-0.970324	-0.787008	3.981022	-21.205348
127.328242	0.486829	9.085828	-4.214068	0.404609	-1.602049	4.073999	-21.152372
22.176702	-0.879878	9.097046	-4.252085	0.468933	-1.640442	4.078215	-21.149823
-127.612487	-2.246143	9.105960	-4.289964	0.533182	-1.678820	4.082415	-21.147270
110.620791	-24.021290	8.864822	-4.945592	1.678538	-2.369172	4.155446	-21.100374
124.079149	-31.405914	7.855809	-5.516929	2.770602	-3.042569	4.222053	-21.052605
-120.869368	-12.400063	5.778174	-6.035028	3.953791	-3.797143	4.291064	-20.996132
-7.940537	18.142970	3.012740	-6.362975	5.038349	-4.518271	4.351083	-20.938472
117.257600	19.204229	2.882918	-6.372335	5.082934	-4.548638	4.353475	-20.935949
-98.575965	20.218633	2.752495	-6.381271	5.127317	-4.578932	4.355849	-20.933425
-113.015433	29.549363	0.056543	-6.467228	5.974005	-5.169584	4.399767	-20.882370
110.706569	17.556420	-2.638764	-6.363058	6.738706	-5.726631	4.436635	-20.830415
24.757981	-8.406763	-5.438196	-5.977483	7.514293	-6.323369	4.470281	-20.769271
-115.609539	-27.678307	-7.545523	-5.274282	8.166713	-6.864440	4.494150	-20.706918
105.438064	-28.019007	-7.609478	-5.239433	8.189886	-6.884626	4.494890	-20.704425
115.809399	-28.316709	-7.671792	-5.204004	8.212871	-6.904730	4.495616	-20.701929
-116.098698	-23.871890	-8.611277	-4.289235	8.661390	-7.317914	4.507513	-20.647085
7.305378	-1.630834	-8.777026	-3.086934	9.006776	-7.681321	4.511853	-20.591332
105.618255	26.122655	-8.004658	-1.364758	9.270689	-8.034203	4.507301	-20.525840
-103.422971	31.076322	-6.105871	0.597385	9.383373	-8.310945	4.492330	-20.459143
-99.011521	30.405728	-5.986261	0.693691	9.384847	-8.322071	4.491361	-20.455960
103.672942	29.644056	-5.863874	0.790262	9.385969	-8.333023	4.490368	-20.452772
19.888790	4.615868	-3.254695	2.569521	9.344011	-8.500992	4.468067	-20.394164
-116.956457	-24.598421	-0.269891	4.320355	9.182896	-8.608833	4.437744	-20.334667
115.670680	-37.259850	3.006712	6.193759	8.847899	-8.661250	4.392410	-20.264602
121.938775	-20.741484	5.434808	7.764018	8.355384	-8.639487	4.335997	-20.193359
-121.788419	-19.135015	5.526530	7.831699	8.326793	-8.636539	4.332900	-20.189784
25.760767	-17.457438	5.615253	7.898259	8.297817	-8.633417	4.329776	-20.186205
118.292717	16.914888	6.644131	8.857666	7.733157	-8.552129	4.271162	-20.123578
-122.252923	42.606953	6.585997	9.381466	7.054198	-8.421626	4.204507	-20.060088
-123.893593	39.882166	5.107702	9.362503	6.139383	-8.214162	4.118169	-19.985909
133.997515	-2.669261	2.661639	8.731311	5.102324	-7.949807	4.022056	-19.910613
12.252271	-4.929762	2.528760	8.685955	5.048633	-7.935415	4.017085	-19.906881
-134.671485	-7.141802	2.395246	8.639303	4.994683	-7.920887	4.012088	-19.903143
107.838370	-35.391989	0.041431	7.619264	4.010494	-7.644668	3.920396	-19.836838
130.181257	-39.822012	-1.998176	6.261959	2.976206	-7.332298	3.822076	-19.769719
-120.140808	-14.531589	-3.476020	4.344269	1.743386	-6.930158	3.700625	-19.691159
-15.099055	20.108084	-3.899751	2.131858	0.498113	-6.488209	3.571247	-19.611544
109.435974	21.377800	-3.893314	2.020888	0.439166	-6.466309	3.564915	-19.607738
-92.922841	22.582284	-3.884457	1.909453	0.380260	-6.444331	3.558566	-19.603929
-103.217983	31.744840	-3.303367	-0.189709	-0.686584	-6.028825	3.439515	-19.533831
103.736982	16.577730	-2.026172	-2.321094	-1.719524	-5.590011	3.315220	-19.462966
30.719372	-11.105528	-0.189978	-4.643413	-2.840382	-5.060562	3.166260	-19.380559
-120.130473	-26.975058	1.391820	-6.631562	-3.862087	-4.508745	3.011288	-19.297168
103.666688	-27.050899	1.446104	-6.709912	-3.905452	-4.483350	3.004150	-19.293377
120.593628	-27.057483	1.498391	-6.787102	-3.948552	-4.457920	2.997001	-19.289583
-121.293819	-15.904008	2.127751	-8.030685	-4.726327	-3.959579	2.856591	-19.215826
5.411671	7.454397	2.120818	-8.750850	-5.384710	-3.450919	2.712325	-19.141342
107.852914	30.020450	1.616408	-8.954877	-5.966856	-2.859796	2.542853	-19.055191
-101.679334	28.511453	0.895623	-8.553647	-6.344954	-2.263921	2.369256	-18.968120
-98.721864	27.700770	0.862070	-8.523030	-6.356909	-2.237774	2.361557	-18.964281
101.408007	26.824005	0.828430	-8.491335	-6.368494	-2.211612	2.353846	-18.960438
20.559668	0.217239	0.173982	-7.659640	-6.521629	-1.693936	2.199516	-18.883848
-103.468375	-28.431753	-0.362485	-6.496377	-6.535472	-1.180902	2.042804	-18.806593
111.319534	-39.592404	-0.657081	-4.854061	-6.393905	-0.599738	1.860294	-18.717053
110.671298	-19.705773	-0.501285	-2.997092	-6.100946	-0.028981	1.675557	-18.626661
-110.878730	-18.020709	-0.486761	-2.910738	-6.084539	-0.003646	1.667225	-18.622586
30.246836	-16.271591	-0.471832	-2.824276	-6.067875	0.021646	1.658894	-18.618512
115.161105	21.555287	-0.140357	-1.131689	-5.694457	0.506761	1.496824	-18.539223
-116.240326	42.407842	0.129704	0.535372	-5.233103	0.981349	1.333814	-18.459323
-121.638055	32.820048	0.179077	2.319482	-4.606016	1.514950	1.144764	-18.366277
126.552712	-6.542341	0.056966	3.831011	-3.895240	2.031146	0.955394	-18.272448
24.761157	-8.379978	0.050043	3.892757	-3.860437	2.054705	0.946585	-18.268064
-126.980291	-10.172223	0.043140	3.953658	-3.825493	2.078224	0.937776	-18.263679
111.900605	-33.725397	-0.072375	4.931991	-3.151019	2.508574	0.773790	-18.181666
129.295665	-36.386744	-0.132888	5.610016	-2.440226	2.923191	0.610301	-18.099092
-123.842145	-13.605051	-0.091467	6.015137	-1.596242	3.377428	0.423999	-18.003799
-16.255630	18.411941	0.063395	6.035857	-0.737618	3.807721	0.239262	-17.907798
112.726228	19.580206	0.073218	6.027633	-0.696679	3.827577	0.230515	-17.903210
-90.928351	20.684082	0.083238	6.018596	-0.655749	3.847376	0.221772	-17.898621
-102.941622	28.534461	0.290676	5.720708	0.089385	4.199151	0.062675	-17.814364
100.397589	14.318924	0.497594	5.208960	0.819387	4.530116	-0.094502	-17.729596
26.271731	-9.262062	0.611185	4.419827	1.630221	4.884533	-0.273009	-17.631191
-118.135333	-23.577983	0.441040	3.489599	2.395063	5.207907	-0.448032	-17.532138
96.182500	-23.775373	0.423074	3.441782	2.430872	5.222814	-0.456448	-17.527304
118.961375	-23.915267	0.404092	3.393771	2.466539	5.237644	-0.464855	-17.522468
-122.825033	-17.333221	-0.073331	2.513406	3.076355	5.488352	-0.612852	-17.436138
1.390494	2.374087	-0.680334	1.607239	3.633204	5.713153	-0.757507	-17.349347
112.713499	24.677425	-1.282823	0.577101	4.197565	5.938064	-0.919260	-17.249014
-105.324457	27.517781	-1.497055	-0.391823	4.669212	6.125413	-1.075672	-17.148108
-106.842410	26.896565	-1.491966	-0.439756	4.691054	6.134126	-1.083680	-17.142826
106.781810	26.190613	-1.485027	-0.487391	4.712609	6.142732	-1.091671	-17.137542
15.321550	5.502981	-1.122681	-1.238380	5.027281	6.269835	-1.222119	-17.049495
-114.880025	-19.863306	-0.388108	-1.911733	5.254161	6.366035	-1.347816	-16.961042
118.284818	-35.009218	0.705494	-2.552162	5.396203	6.437626	-1.486744	-16.858341
116.393216	-23.349683	1.783727	-2.987015	5.395601	6.467393	-1.618550	-16.755132
-115.204390	-21.797736	1.830627	-3.002223	5.391566	6.467812	-1.624930	-16.749976
32.592974	-20.144808	1.876496	-3.016753	5.387139	6.468133	-1.631288	-16.744821
111.274879	16.261912	2.463668	-3.154819	5.245540	6.458293	-1.738770	-16.655197
-113.461171	40.376539	2.483099	-3.050788	4.975744	6.420578	-1.840941	-16.565222
-97.770276	28.184638	1.608165	-2.603789	4.501342	6.344310	-1.952904	-16.460434
137.266830	-6.097318	0.132738	-1.880120	3.868139	6.235810	-2.057957	-16.355202
29.581344	-7.720792	0.056969	-1.840966	3.834791	6.229951	-2.062738	-16.350234
-138.088442	-9.317914	-0.018953	-1.801444	3.801149	6.224028	-2.067503	-16.345265
114.610629	-32.071291	-1.379347	-1.023407	3.134193	6.103751	-2.152553	-16.253632
138.861088	-37.617914	-2.442597	-0.202639	2.393764	5.963412	-2.232598	-16.161683
-130.446567	-18.103297	-2.954894	0.695837	1.481181	5.779103	-2.318789	-16.055282
-14.040294	14.802164	-2.657323	1.442125	0.541231	5.573405	-2.398566	-15.948483
118.552474	16.236653	-2.622430	1.474177	0.494284	5.562642	-2.402378	-15.943149
-84.736488	17.618806	-2.585706	1.505698	0.447359	5.551832	-2.406174	-15.937814
-109.930726	30.803302	-1.674453	1.963692	-0.356287	5.358120	-2.469336	-15.845445
107.302242	20.053756	-0.333366	2.247858	-1.133007	5.152644	-2.527926	-15.752797
26.041674	-7.364248	1.349806	2.344659	-1.977917	4.902276	-2.590194	-15.645126
-116.669054	-26.370241	2.643721	2.183208	-2.748085	4.641372	-2.646564	-15.537103
98.422525	-26.625573	2.686292	2.169000	-2.782795	4.628706	-2.649109	-15.531940
117.048693	-26.802522	2.726631	2.154209	-2.817290	4.616032	-2.651639	-15.526780
-117.906829	-18.090742	3.091926	1.781364	-3.409992	4.382896	-2.695375	-15.432801
-11.121073	4.919349	2.855650	1.221053	-3.933545	4.145982	-2.734868	-15.338573
106.491905	27.967165	1.960010	0.405655	-4.448111	3.868367	-2.775540	-15.228774
-86.872560	25.441254	0.571274	-0.490104	-4.853969	3.591006	-2.810727	-15.118660
-101.932739	24.601081	0.501100	-0.531363	-4.869803	3.578369	-2.812207	-15.113615
101.958795	23.698040	0.430629	-0.572569	-4.885391	3.565739	-2.813677	-15.108569
33.585782	-0.815324	-0.901740	-1.323988	-5.131454	3.330236	-2.839207	-15.013716
-113.959666	-25.593003	-2.090189	-1.989421	-5.285442	3.099063	-2.860880	-14.918646
113.958323	-33.172128	-2.975250	-2.567643	-5.341864	2.839611	-2.881238	-14.808484
121.816772	-15.191332	-3.089753	-2.847106	-5.261708	2.590672	-2.896684	-14.698053
-121.686450	-13.683031	-3.077334	-2.851411	-5.254288	2.578812	-2.897314	-14.692662
20.949531	-12.119683	-3.063427	-2.854787	-5.246538	2.566969	-2.897933	-14.687268
117.209753	18.438589	-2.580941	-2.770072	-5.057608	2.361744	-2.907011	-14.591800
-115.278865	36.979837	-1.678643	-2.443645	-4.777429	2.164178	-2.912626	-14.496147
-115.755299	27.026472	-0.208297	-1.819229	-4.349174	1.943131	-2.914910	-14.384378
125.223203	-15.473389	1.367475	-1.002101	-3.827159	1.731772	-2.912732	-14.272378
29.439237	-17.486186	1.440598	-0.958156	-3.799307	1.721603	-2.912512	-14.266855
-126.136207	-19.425854	1.512890	-0.913957	-3.771286	1.711462	-2.912281	-14.261334
107.281565	-41.068251	2.592609	-0.110561	-3.257032	1.538892	-2.906622	-14.165375
127.642577	-42.551752	3.200789	0.729213	-2.697526	1.372836	-2.897892	-14.069257
-113.998725	-24.862771	3.258196	1.655167	-2.030732	1.194534	-2.884594	-13.961579
-17.604472	7.258517	2.726473	2.511296	-1.334355	1.023727	-2.867678	-13.853717
80.894214	46.149842	1.056221	3.556477	-0.303755	0.789227	-2.837048	-13.697392
-102.743692	19.920207	-1.309376	4.284941	0.715746	0.568636	-2.799447	-13.540716
102.851145	19.692973	-1.315565	4.286332	0.718370	0.568074	-2.799340	-13.540304
11.646625	19.466618	-1.321700	4.287707	0.720972	0.567517	-2.799233	-13.539896
-118.922468	-16.609958	-2.151558	4.452118	1.087565	0.489035	-2.783570	-13.481687
123.953288	-41.310789	-2.847188	4.549326	1.444472	0.412265	-2.767015	-13.423431
141.648258	-43.014674	-3.555511	4.519998	2.104518	0.267380	-2.732257	-13.309770
-135.326582	-1.663782	-3.131785	4.177879	2.708506	0.128440	-2.694333	-13.195957
11.774457	0.422817	-3.087079	4.154795	2.735394	0.122055	-2.692477	-13.190609
134.143415	2.467187	-3.040472	4.131137	2.762148	0.115683	-2.690614	-13.185260
-98.604857	30.068966	-1.901312	3.604680	3.228316	0.001144	-2.655360	-13.087295
-111.093779	34.339283	-0.395486	2.929070	3.650699	-0.109544	-2.617986	-12.989229
110.041347	9.851543	1.465918	2.012724	4.087510	-0.233377	-2.572126	-12.875409
43.623625	-16.765750	3.042939	1.014122	4.469633	-0.352729	-2.523698	-12.761470
-119.320569	-17.567934	3.098283	0.969890	4.485017	-0.357814	-2.521540	-12.756521
95.274257	-18.327353	3.152277	0.925596	4.500313	-0.362895	-2.519376	-12.751569
125.244600	-25.139521	3.884989	0.043843	4.785024	-0.462664	-2.475286	-12.652758
-122.706849	-17.985606	3.856618	-0.813033	5.031969	-0.559609	-2.429497	-12.553869
-3.292635	4.044903	3.080761	-1.760640	5.272146	-0.668404	-2.374614	-12.439538
109.157215	21.748897	1.859498	-2.659227	5.466115	-0.774134	-2.317741	-12.325117
-93.683295	22.064142	1.800273	-2.698244	5.473754	-0.778801	-2.315151	-12.319993
-109.409861	22.320435	1.740887	-2.737180	5.481309	-0.783466	-2.312555	-12.314866
129.274039	-8.741264	-0.779953	-4.289831	5.723933	-0.977421	-2.198895	-12.096641
48.249392	-28.719326	-2.933287	-5.622359	5.823210	-1.164490	-2.079472	-11.878193
-117.909698	-27.167767	-2.976323	-5.651592	5.823964	-1.168945	-2.076524	-11.872915
94.207824	-25.475429	-3.018802	-5.680662	5.824644	-1.173395	-2.073575	-11.867641
115.892549	-23.635267	-3.061850	-5.710348	5.825265	-1.177960	-2.070546	-11.862228
-114.870794	-21.746050	-3.104333	-5.739882	5.825807	-1.182522	-2.067514	-11.856814
-2.935911	7.235037	-3.717458	-6.203107	5.823796	-1.257201	-2.017262	-11.767816
97.945190	28.041437	-4.155219	-6.623166	5.801827	-1.331353	-1.966276	-11.678796
-101.774603	35.435755	-4.424915	-7.096913	5.745538	-1.425532	-1.899852	-11.564512
-94.003350	17.779950	-4.315620	-7.496667	5.658689	-1.517934	-1.832427	-11.450201
110.260048	16.250820	-4.300341	-7.513193	5.653988	-1.522118	-1.829312	-11.444957
10.727028	14.657650	-4.284101	-7.529558	5.649226	-1.526295	-1.826195	-11.439713
-119.484424	-19.526149	-3.783998	-7.809910	5.547553	-1.604322	-1.766852	-11.340425
115.130160	-39.361390	-2.876957	-8.038551	5.424747	-1.680237	-1.706925	-11.241136
136.882073	-32.958915	-1.316116	-8.246253	5.258321	-1.765157	-1.637154	-11.126595
-136.135605	1.365923	0.542191	-8.403058	5.067103	-1.847223	-1.566801	-11.012064
-3.450741	3.121506	0.629116	-8.409176	5.057783	-1.850913	-1.563567	-11.006820
135.475977	4.858521	0.715896	-8.415205	5.048421	-1.854594	-1.560334	-11.001579
-95.126435	31.212270	2.306175	-8.514656	4.861786	-1.923353	-1.498777	-10.902079
-115.646685	36.218947	3.641710	-8.589880	4.659106	-1.989955	-1.436930	-10.802599
113.257252	9.359528	4.653309	-8.654518	4.408129	-2.063769	-1.365640	-10.688404
44.082728	-21.908301	5.130799	-8.705037	4.139354	-2.134742	-1.294144	-10.574251
-118.449532	-22.855440	5.141069	-8.707138	4.126832	-2.137879	-1.290914	-10.569100
98.449677	-23.737988	5.150419	-8.709228	4.114287	-2.141007	-1.287686	-10.563952
120.925350	-29.046060	5.160575	-8.747090	3.866122	-2.200244	-1.225366	-10.464660
-118.796099	-16.254931	4.887691	-8.775318	3.607141	-2.257344	-1.163022	-10.365411
-13.182676	7.748137	4.362020	-8.787152	3.297308	-2.320415	-1.091327	-10.251274
109.793105	22.795867	3.783384	-8.766925	2.976129	-2.380688	-1.019753	-10.137211
-83.714197	22.937460	3.758657	-8.765044	2.961196	-2.383373	-1.016490	-10.132006
-109.612866	23.017557	3.734230	-8.763072	2.946248	-2.386051	-1.013229	-10.126804
109.875490	15.072837	3.302501	-8.705733	2.655626	-2.436128	-0.950985	-10.027399
29.597143	-1.999774	2.844329	-8.604767	2.354772	-2.484110	-0.888946	-9.928058
-117.650751	-20.083601	2.110440	-8.423394	1.995519	-2.536539	-0.818169	-9.814312
96.012382	-23.659413	0.956451	-8.159085	1.619285	-2.586263	-0.747800	-9.700674
119.614149	-23.263038	0.890849	-8.144949	1.601827	-2.588454	-0.744619	-9.695524
-119.531378	-22.808895	0.824039	-8.130627	1.584347	-2.590638	-0.741442	-9.690377
-0.223397	-5.618852	-0.649102	-7.818194	1.243927	-2.631355	-0.680884	-9.592009
107.592540	16.624591	-2.334173	-7.428404	0.893004	-2.670089	-0.620725	-9.493728
-98.517179	29.650786	-4.244052	-6.872218	0.475587	-2.712522	-0.551572	-9.379965
-101.415279	16.450056	-5.771770	-6.195064	0.049231	-2.752361	-0.483072	-9.266336
101.717207	15.125328	-5.824081	-6.163092	0.030738	-2.754017	-0.480142	-9.261453
15.412232	13.738325	-5.875054	-6.130900	0.012248	-2.755666	-0.477215	-9.256574
-111.762265	-18.474700	-6.585982	-5.432207	-0.361137	-2.787808	-0.418721	-9.158633
113.005202	-34.974232	-6.569522	-4.630067	-0.737134	-2.818075	-0.360802	-9.060812
129.070459	-25.942427	-5.509681	-3.569828	-1.173788	-2.850845	-0.294445	-8.947605
-130.190547	5.696431	-3.649109	-2.394134	-1.608790	-2.881185	-0.228959	-8.834572
1.408146	7.160933	-3.554091	-2.339355	-1.628164	-2.882486	-0.226051	-8.829521
129.920808	8.599094	-3.458444	-2.284450	-1.647516	-2.883782	-0.223146	-8.824473
-90.299790	29.533100	-1.527816	-1.195052	-2.019385	-2.907890	-0.167388	-8.726992
-119.063834	33.249149	0.367709	-0.065880	-2.385977	-2.930258	-0.112349	-8.629655
116.770088	13.859368	2.228608	1.259771	-2.800117	-2.953954	-0.049772	-8.517517
38.088326	-12.599405	3.736307	2.579599	-3.202114	-2.975434	0.011764	-8.405585
-120.293513	-13.616783	3.797435	2.638864	-3.220030	-2.976357	0.014532	-8.400509
99.112973	-14.602127	3.857936	2.698010	-3.237903	-2.977275	0.017296	-8.395437
123.657399	-26.035185	4.913963	3.813441	-3.574518	-2.994044	0.069892	-8.298196
-122.626355	-19.792920	5.804393	4.877696	-3.897866	-3.009219	0.121638	-8.201121
-5.468373	4.466862	6.705606	6.010471	-4.250680	-3.024739	0.180016	-8.089789
108.134980	21.167351	7.574399	7.016751	-4.580841	-3.038269	0.237203	-7.978691
-89.480911	21.242418	7.614176	7.058349	-4.595052	-3.038830	0.239735	-7.973722
-107.623576	21.239898	7.654103	7.099627	-4.609211	-3.039386	0.242265	-7.968753
105.672277	9.925888	8.399062	7.833054	-4.873375	-3.049426	0.290844	-7.872477
18.787330	-8.709947	8.838790	8.424523	-5.116395	-3.058061	0.338476	-7.776390
-118.016194	-24.647252	8.489665	8.902735	-5.368705	-3.066354	0.392352	-7.665515
94.340900	-22.496152	6.842301	9.128840	-5.587559	-3.072899	0.444908	-7.554906
124.158724	-21.815244	6.739323	9.132970	-5.596620	-3.073155	0.447253	-7.549911
-124.206326	-21.077693	6.634147	9.136574	-5.605606	-3.073407	0.449595	-7.544916
-1.572177	0.905688	4.246202	9.105042	-5.763038	-3.077582	0.493826	-7.449560
112.951815	25.496231	1.299424	8.884793	-5.893063	-3.080571	0.537031	-7.354416
-101.592921	36.728412	-2.466906	8.404075	-6.007965	-3.082684	0.585278	-7.245612
-102.910941	19.471810	-6.226734	7.683994	-6.085846	-3.083578	0.632132	-7.137106
103.189524	17.854827	-6.387495	7.645159	-6.088530	-3.083592	0.634255	-7.132119
5.978937	16.166876	-6.546503	7.605826	-6.091136	-3.083605	0.636375	-7.127131
-113.605319	-20.109039	-9.117347	6.766764	-6.125377	-3.083463	0.675993	-7.032716
116.714893	-40.091153	-10.451318	5.752330	-6.130605	-3.082675	0.714518	-6.938541
134.703235	-32.623543	-9.946343	4.381468	-6.100199	-3.081150	0.757501	-6.830422
-134.659222	1.857744	-7.602137	2.848748	-6.030141	-3.079279	0.798999	-6.722630
1.544536	3.561950	-7.461520	2.776584	-6.026020	-3.079188	0.800844	-6.717755
134.057086	5.244929	-7.318343	2.704236	-6.021818	-3.079096	0.802685	-6.712880
-89.770633	30.210113	-4.129679	1.281929	-5.924619	-3.077221	0.837587	-6.619012
-115.811046	32.389544	-0.386355	-0.160375	-5.796545	-3.075142	0.871324	-6.525409
115.889841	2.288059	4.069872	-1.781584	-5.611052	-3.072505	0.908612	-6.418246
53.242744	-26.132543	7.960378	-3.298192	-5.384140	-3.069604	0.944324	-6.311447
-123.718155	-26.754134	8.109055	-3.362731	-5.372971	-3.069468	0.945891	-6.306659
96.688991	-27.294669	8.254809	-3.426868	-5.361726	-3.069331	0.947453	-6.301875
126.589035	-24.421740	10.507372	-4.581324	-5.129173	-3.066598	0.976852	-6.210077
-123.389225	-5.734758	11.769793	-5.556197	-4.865267	-3.063672	1.005047	-6.118565
-14.390280	17.301738	12.111158	-6.415326	-4.519900	-3.060041	1.036197	-6.012879
111.573570	24.780350	11.433396	-6.985303	-4.131724	-3.056155	1.065691	-5.907591
-93.673857	24.469942	11.380869	-7.005087	-4.112699	-3.055969	1.067017	-5.902723
-111.317486	24.090324	11.326646	-7.024306	-4.093580	-3.055782	1.068340	-5.897856
110.867938	7.959845	10.047218	-7.281366	-3.723048	-3.052226	1.092175	-5.807881
43.003942	-13.276652	8.355357	-7.361573	-3.322469	-3.048486	1.114761	-5.718209
-113.884271	-27.661149	6.066386	-7.250221	-2.819453	-3.043874	1.139596	-5.613638
93.200431	-17.769562	3.650048	-6.938440	-2.285357	-3.039014	1.162680	-5.509496
112.980056	-16.784411	3.541051	-6.920294	-2.261018	-3.038793	1.163665	-5.504882
-112.858309	-15.758326	3.431926	-6.901797	-2.236630	-3.038571	1.164645	-5.500269
-15.659833	8.791403	1.304954	-6.479264	-1.757581	-3.034194	1.182871	-5.411473
104.815010	30.674086	-0.855490	-5.940976	-1.264581	-3.029639	1.199782	-5.323009
-96.685843	34.463315	-3.392286	-5.187513	-0.678773	-3.024117	1.217780	-5.220543
-104.486435	11.008449	-5.917063	-4.317635	-0.085421	-3.018357	1.233962	-5.118538
104.888356	9.310662	-6.028437	-4.276228	-0.058724	-3.018093	1.234645	-5.113973
16.434928	7.565075	-6.139482	-4.234662	-0.032043	-3.017828	1.235324	-5.109412
-115.438179	-27.011406	-8.210013	-3.401234	0.480798	-3.012655	1.247659	-5.021880
114.340841	-42.059485	-10.101496	-2.512620	0.990392	-3.007307	1.258613	-4.934702
125.369511	-34.021256	-11.940387	-1.419292	1.578378	-3.000819	1.269678	-4.832965
-129.450047	-8.499270	-13.042198	-0.291506	2.150210	-2.994096	1.278805	-4.731735
6.447767	-7.293103	-13.063947	-0.249267	2.171045	-2.993842	1.279107	-4.727987
130.237830	-6.068119	-13.084154	-0.206978	2.191866	-2.993587	1.279405	-4.724237
-97.354164	25.502522	-13.072303	0.761831	2.659934	-2.987663	1.285512	-4.638439
-146.697813	56.823886	-11.978896	1.708670	3.107486	-2.981571	1.290182	-4.553020
71.486551	31.782867	-4.951352	3.690979	4.063853	-2.966472	1.295436	-4.352059
68.665350	-68.040209	4.827960	4.981661	4.831130	-2.950462	1.292364	-4.153327
-99.834345	-61.481600	5.047564	5.000032	4.846135	-2.950083	1.292195	-4.148785
100.001958	-54.173987	5.266104	5.017833	4.861021	-2.949704	1.292020	-4.144241
115.352015	-45.148677	5.503970	5.036662	4.877183	-2.949288	1.291824	-4.139264
-123.791851	-34.982677	5.740138	5.054790	4.893199	-2.948871	1.291622	-4.134286
6.520751	-25.863150	5.938256	5.069559	4.906619	-2.948518	1.291447	-4.130078
137.451643	-16.761152	6.134654	5.083801	4.919919	-2.948165	1.291268	-4.125873
-148.243287	67.565714	8.904681	5.236274	5.112842	-2.942591	1.287969	-4.060285
-175.896171	62.501221	10.863804	5.246722	5.276314	-2.936920	1.283716	-3.994953
126.135393	-17.942071	12.098983	4.993266	5.452757	-2.928799	1.276128	-3.903726
64.112310	-59.917776	11.524927	4.407538	5.565258	-2.920488	1.266629	-3.813019
-99.650967	-55.390716	9.006475	3.500211	5.614983	-2.911584	1.254636	-3.718751
97.431463	-30.561079	5.122654	2.375753	5.596436	-2.902354	1.240510	-3.625061
117.829638	-29.158970	4.919307	2.319057	5.593904	-2.901909	1.239794	-3.620677
-118.370874	-27.743684	4.714813	2.262117	5.591226	-2.901463	1.239074	-3.616296
-0.631197	0.024141	0.800695	1.170243	5.515240	-2.892975	1.224905	-3.535578
110.684582	25.010595	-3.035030	0.041461	5.389521	-2.884000	1.209100	-3.455307
-98.293526	39.090520	-6.720501	-1.231990	5.184026	-2.872991	1.188843	-3.363386
-104.167528	24.589020	-9.048503	-2.394847	4.914709	-2.861195	1.166371	-3.272070
104.716922	22.999428	-9.122291	-2.444987	4.900602	-2.860624	1.165268	-3.267824
7.187116	21.328494	-9.193057	-2.494690	4.886360	-2.860051	1.164160	-3.263579
-120.535881	-14.028934	-9.971941	-3.328698	4.596848	-2.849046	1.142667	-3.184891
109.839565	-30.678382	-9.775627	-3.957229	4.261032	-2.837336	1.119473	-3.106670
138.627771	-22.877357	-8.462168	-4.392250	3.818116	-2.822919	1.090644	-3.017204
-131.807075	1.967443	-6.322773	-4.533694	3.316013	-2.807427	1.059513	-2.928360
0.535068	3.211823	-6.208846	-4.533565	3.291029	-2.806673	1.057996	-2.924209
130.735031	4.442852	-6.094023	-4.532852	3.265918	-2.805916	1.056474	-2.920058
-88.974721	22.471748	-3.841752	-4.416659	2.775360	-2.791335	1.027162	-2.842954
-112.541205	23.942336	-1.559512	-4.119930	2.245233	-2.775819	0.996054	-2.766332
114.520431	1.025756	0.785703	-3.590858	1.600392	-2.756926	0.958378	-2.679575
45.399351	-20.429333	2.714447	-2.892406	0.922218	-2.736677	0.918322	-2.593453
-122.947425	-20.913327	2.793898	-2.855635	0.889371	-2.735680	0.916359	-2.589377
93.996504	-21.327782	2.872152	-2.818571	0.856478	-2.734679	0.914390	-2.585301
125.681051	-18.753586	4.103270	-2.090777	0.246088	-2.715720	0.877268	-2.510718
-121.829663	-4.650875	4.980009	-1.291025	-0.370291	-2.695617	0.838297	-2.436625
-12.747794	13.109542	5.619461	-0.314755	-1.075593	-2.671001	0.791138	-2.351968
110.411968	19.943996	5.940926	0.684135	-1.763716	-2.644730	0.741484	-2.267970
-71.000814	19.780472	5.949565	0.730972	-1.795400	-2.643453	0.739090	-2.264040
-110.422855	19.563381	5.957673	0.777799	-1.827035	-2.642172	0.736688	-2.260108
113.488313	7.825567	5.995986	1.631574	-2.397885	-2.617782	0.691265	-2.187672
44.890599	-10.202311	5.770260	2.444200	-2.935862	-2.592026	0.643917	-2.115737
-121.437302	-23.403300	5.088850	3.289958	-3.502142	-2.560671	0.587098	-2.033679
82.609358	-16.252032	3.898518	3.996979	-3.999899	-2.527374	0.527693	-1.952296
118.511743	-15.477150	3.832335	4.025773	-4.021224	-2.525772	0.524858	-1.948516
-118.239734	-14.671108	3.765342	4.054155	-4.042370	-2.524166	0.522018	-1.944737
-10.129021	3.999159	2.390607	4.501569	-4.402008	-2.493399	0.468014	-1.874559
105.390705	22.347588	0.856664	4.771801	-4.689928	-2.461049	0.412016	-1.804896
-88.745607	30.657454	-0.959770	4.823559	-4.923693	-2.421685	0.344895	-1.725149
-105.020294	16.258637	-2.619424	4.561125	-5.050711	-2.380071	0.275072	-1.646097
105.383104	14.899998	-2.687087	4.540764	-5.054092	-2.378081	0.271761	-1.642439
17.971671	13.480019	-2.753599	4.519655	-5.057253	-2.376086	0.268443	-1.638784
-114.923919	-16.455014	-3.730475	3.987593	-5.076869	-2.338093	0.205738	-1.571140
114.671305	-32.715048	-4.042476	3.176935	-5.024891	-2.298323	0.140983	-1.504022
130.603585	-25.247898	-3.371170	1.891900	-4.880391	-2.250073	0.063446	-1.426991
-131.331636	5.242119	-1.869235	0.343679	-4.651074	-2.199463	-0.016893	-1.350663
-10.961187	6.681303	-1.788796	0.270277	-4.638835	-2.197127	-0.020581	-1.347239
130.974805	8.096003	-1.707524	0.196640	-4.626429	-2.194784	-0.024277	-1.343814
-85.556676	28.179869	-0.049069	-1.233209	-4.357671	-2.148837	-0.096434	-1.278272
-118.116846	29.952848	1.598774	-2.614537	-4.033946	-2.101150	-0.170737	-1.213259
117.440672	7.404309	3.119975	-4.000703	-3.597905	-2.044071	-0.259027	-1.139016
48.675903	-18.520117	3.850985	-5.007139	-3.099977	-1.984719	-0.350227	-1.065472
-123.823448	-19.432272	3.859188	-5.041656	-3.075720	-1.981938	-0.354485	-1.062111
85.169672	-20.306000	3.864874	-5.075035	-3.051346	-1.979154	-0.358750	-1.058752
125.917057	-29.164651	3.476490	-5.496296	-2.570656	-1.925730	-0.440376	-0.995653
-118.058328	-21.695686	2.164440	-5.546538	-2.054858	-1.870632	-0.524227	-0.933078
-11.196486	5.765546	0.062729	-5.209900	-1.448903	-1.807390	-0.620143	-0.864084
91.389439	32.518590	-2.110965	-4.506930	-0.819173	-1.742107	-0.718869	-0.795735
-100.504305	30.142002	-3.834060	-3.450015	-0.152735	-1.672329	-0.824161	-0.725589
125.194714	-14.132087	-4.642436	-2.141883	0.516359	-1.600402	-0.932530	-0.656133
38.904446	-16.009064	-4.652177	-2.078485	0.546375	-1.597111	-0.937484	-0.653020
-127.061049	-17.798657	-4.659374	-2.014817	0.576351	-1.593819	-0.942442	-0.649911
99.591056	-35.986992	-4.256143	-0.733310	1.151403	-1.529230	-1.039663	-0.589995
133.008432	-32.578769	-2.787093	0.597753	1.711113	-1.463041	-1.139262	-0.530603
-122.415926	-18.423923	-0.259850	2.099464	2.322560	-1.385396	-1.256116	-0.463315
-19.592063	-1.771343	2.503212	3.488385	2.892365	-1.305692	-1.376141	-0.396707
117.906484	-0.888788	2.623077	3.547284	2.917082	-1.302022	-1.381671	-0.393697
-71.806250	0.010386	2.741843	3.605707	2.941671	-1.298349	-1.387204	-0.390690
-136.893816	30.119928	5.952715	5.559789	3.867589	-1.138836	-1.627875	-0.264489
129.242062	-16.991387	3.515433	6.223324	4.510372	-0.971937	-1.880619	-0.140792
39.083204	-18.998711	3.397657	6.224749	4.521299	-0.967968	-1.886645	-0.137943
-126.742497	-20.971895	3.277607	6.225622	4.532027	-0.963994	-1.892678	-0.135096
82.582765	-22.902613	3.151273	6.225947	4.542897	-0.959886	-1.898915	-0.132156
124.066989	-24.656338	3.022585	6.225692	4.553554	-0.955774	-1.905159	-0.129219
-106.682357	-25.466055	0.539645	6.139348	4.700871	-0.885992	-2.011253	-0.080017
-9.696459	-0.019710	-2.328980	5.913953	4.788467	-0.815067	-2.119345	-0.031224
104.224781	27.200079	-5.540886	5.450956	4.817859	-0.721735	-2.262021	0.031243
-75.636962	15.092065	-7.024039	4.835595	4.759486	-0.626637	-2.408031	0.093032
-105.317427	13.835805	-7.047832	4.804091	4.754772	-0.622187	-2.414884	0.095881
105.341629	12.547665	-7.067850	4.772359	4.749886	-0.617735	-2.421745	0.098730
51.525434	-14.079145	-6.776054	4.136759	4.628021	-0.534059	-2.551182	0.151650
-109.213439	-36.052394	-5.319391	3.415781	4.451375	-0.449542	-2.683117	0.204064
102.446021	-40.604159	-2.407533	2.494424	4.186414	-0.351447	-2.838179	0.263809
117.447726	-17.779443	1.416915	1.499003	3.862788	-0.252897	-2.996545	0.322885
-117.526648	-16.051070	1.594766	1.452736	3.846923	-0.248446	-3.003768	0.325535
5.752510	-14.263291	1.772265	1.406338	3.830945	-0.243991	-3.011003	0.328185
117.633393	23.435421	4.948726	0.493381	3.502784	-0.157927	-3.152125	0.379132
-110.123017	43.926909	7.073059	-0.439588	3.141176	-0.072062	-3.295740	0.429572
-120.145690	31.411749	7.458527	-1.521449	2.692008	0.025786	-3.463391	0.486761
127.991723	-13.226004	6.011814	-2.619260	2.212976	0.122672	-3.634268	0.543285
41.324411	-15.064658	5.910830	-2.669276	2.190362	0.127096	-3.642199	0.545867
-128.597080	-16.821947	5.807243	-2.719195	2.167701	0.131517	-3.650138	0.548448
93.528207	-34.861260	3.431377	-3.634500	1.731673	0.214484	-3.801426	0.596956
127.974037	-29.922593	0.531158	-4.462356	1.284222	0.296164	-3.955107	0.644964
-120.045904	-8.176000	-2.839802	-5.240105	0.763034	0.387990	-4.134385	0.699440
-23.835781	13.582401	-5.553770	-5.761566	0.240730	0.477409	-4.316750	0.753260
112.468704	14.334446	-5.655489	-5.778953	0.215614	0.481659	-4.325632	0.755842
-68.452597	15.044977	-5.753882	-5.795559	0.190514	0.485902	-4.334521	0.758422
-110.834868	19.687084	-6.862748	-5.951144	-0.258331	0.561216	-4.495970	0.804673
114.797901	8.418591	-6.540282	-5.812116	-0.697900	0.634132	-4.659698	0.850430
50.197354	-10.760953	-4.811230	-5.306389	-1.192277	0.714798	-4.851045	0.902516
-129.412073	-18.235568	-2.295394	-4.493286	-1.673343	0.791533	-5.045310	0.953945
87.879260	-17.980506	-2.168809	-4.448521	-1.695678	0.795053	-5.054555	0.956357
129.657381	-17.659123	-2.042055	-4.403243	-1.717975	0.798563	-5.063806	0.958768
-128.405757	-3.388415	0.272708	-3.486646	-2.121440	0.861432	-5.235367	1.002922
-17.079747	14.968717	2.370884	-2.446904	-2.509223	0.920725	-5.409058	1.046583
112.107740	24.654614	4.181307	-1.159267	-2.933169	0.984270	-5.611836	1.096296
-69.110647	10.654929	5.063862	0.152584	-3.328479	1.042271	-5.817305	1.145355
-103.846011	9.549592	5.083448	0.212642	-3.346009	1.044813	-5.826876	1.147609
103.673786	8.416736	5.101320	0.272545	-3.363457	1.047341	-5.836447	1.149860
46.963883	-15.074267	5.149253	1.368604	-3.678056	1.092461	-6.017548	1.191961
-108.316217	-33.064644	4.755719	2.367838	-3.964796	1.132740	-6.200570	1.233570
94.825126	-33.219728	3.968562	3.315762	-4.254662	1.172445	-6.411854	1.280487
116.067705	-12.983643	2.965696	4.030358	-4.500509	1.205016	-6.625463	1.326764
-116.099998	-11.631974	2.914699	4.057636	-4.510790	1.206348	-6.635439	1.328898
-6.379859	-10.250724	2.863354	4.084360	-4.520960	1.207663	-6.645413	1.331029
115.914237	17.027657	1.826850	4.485739	-4.692527	1.229308	-6.834133	1.370904
-93.427320	33.601807	0.664219	4.687596	-4.825001	1.244830	-7.024482	1.410293
-123.026769	26.625481	-0.764185	4.665149	-4.929340	1.254691	-7.244489	1.454829
131.347778	-7.400954	-2.048173	4.361491	-4.982899	1.255640	-7.466410	1.498728
44.690008	-8.981189	-2.100229	4.339966	-4.984134	1.255456	-7.476941	1.500787
-131.897340	-10.509631	-2.151232	4.317798	-4.985248	1.255252	-7.487470	1.502843
99.732356	-28.304003	-2.869733	3.790545	-4.984071	1.247709	-7.681942	1.540428
130.457338	-26.224273	-3.070700	3.030947	-4.940512	1.232973	-7.877666	1.577532
-125.006878	-3.166972	-2.652592	1.875515	-4.835466	1.207294	-8.105122	1.619782
-22.669941	19.742639	-1.669476	0.524670	-4.669566	1.172752	-8.334012	1.661395
118.540136	20.359672	-1.611978	0.458427	-4.660180	1.170907	-8.344863	1.663346
-78.632860	20.912919	-1.553633	0.392092	-4.650654	1.169044	-8.355717	1.665296
-113.516341	20.411227	-0.381729	-0.817512	-4.450812	1.131638	-8.555081	1.700765
112.664413	4.992232	0.802464	-1.933108	-4.202019	1.088259	-8.755323	1.735757
53.534296	-12.472159	1.816099	-2.926239	-3.852206	1.031292	-8.987441	1.775557
-123.320502	-17.310824	2.071493	-3.438523	-3.433300	0.967567	-9.220493	1.814725
76.303276	-17.060904	2.060618	-3.450159	-3.412013	0.964437	-9.231398	1.816539
123.651300	-16.763204	2.047622	-3.460725	-3.390571	0.961294	-9.242305	1.818352
-124.035828	-4.820042	1.485654	-3.472497	-2.964939	0.900565	-9.445252	1.851778
-21.758161	11.541685	0.545077	-3.168048	-2.492180	0.835724	-9.648713	1.884731
114.279136	22.826984	-0.571864	-2.488535	-1.897816	0.756405	-9.883880	1.922146
-67.315792	14.532720	-1.319242	-1.534580	-1.261548	0.672862	-10.119470	1.958932
-110.386294	13.639604	-1.342806	-1.485762	-1.231476	0.668931	-10.130308	1.960608
110.352877	12.703131	-1.365432	-1.436588	-1.201341	0.664993	-10.141146	1.962283
44.021916	-9.866262	-1.617368	-0.457120	-0.622566	0.589414	-10.345618	1.993610
-115.505369	-30.583569	-1.535741	0.566458	-0.028789	0.511636	-10.550223	2.024467
105.305528	-35.028125	-1.003555	1.676896	0.665418	0.419728	-10.786349	2.059486
118.481031	-15.135572	-0.052890	2.564840	1.358669	0.326132	-11.022407	2.093881
-118.390074	-13.647056	-0.005308	2.597418	1.389970	0.321849	-11.033132	2.095429
5.038969	-12.111057	0.042304	2.629205	1.421246	0.317564	-11.043856	2.096976
115.653082	19.739517	0.899069	3.065090	2.012514	0.235360	-11.248710	2.126295
-93.162940	37.485624	1.446020	3.105901	2.586489	0.152864	-11.453320	2.155146
-118.727980	26.519569	1.419899	2.590884	3.214924	0.058191	-11.688227	2.187747
129.487363	-13.159410	0.860257	1.610475	3.795006	-0.035631	-11.922569	2.219730
53.731741	-14.759166	0.826259	1.557288	3.820275	-0.039917	-11.933336	2.221187
-130.408607	-16.280489	0.791752	1.503537	3.845407	-0.044200	-11.944101	2.222642
91.191565	-30.659200	0.080344	0.407422	4.292032	-0.124337	-12.147016	2.249871
135.305208	-24.201290	-0.630244	-0.758195	4.678868	-0.202855	-12.349313	2.276636
-128.324646	-3.582755	-1.278821	-2.025322	5.037107	-0.290781	-12.581608	2.306911
-31.109001	15.421403	-1.569325	-3.028060	5.286403	-0.375339	-12.812840	2.336571
118.858777	16.054591	-1.571183	-3.068764	5.295945	-0.379567	-12.824646	2.338073
-75.318217	16.639731	-1.571598	-3.108250	5.305158	-0.383785	-12.836449	2.339573
-113.804184	18.628444	-1.322636	-3.581110	5.409068	-0.453353	-13.035171	2.364652
114.123722	6.509910	-0.543529	-3.673781	5.408662	-0.519666	-13.232907	2.389275
48.731790	-11.092303	0.657646	-3.329714	5.269568	-0.591819	-13.459504	2.417091
-122.389553	-17.118693	1.653215	-2.555772	4.988069	-0.659150	-13.684558	2.444304
76.939226	-16.873919	1.684249	-2.511958	4.972340	-0.662058	-13.694631	2.445512
122.431915	-16.576730	1.713771	-2.467385	4.956349	-0.664958	-13.704707	2.446720
-120.239276	-3.777508	1.987534	-1.466608	4.598617	-0.719174	-13.899607	2.469928
-21.362365	12.066804	1.714516	-0.245431	4.159582	-0.769345	-14.093128	2.492676
110.884957	22.415310	0.801895	1.328087	3.567222	-0.822102	-14.315079	2.518410
-65.188085	15.121606	-0.550518	2.890332	2.902837	-0.868978	-14.534942	2.543532
-109.373656	14.347707	-0.613463	2.955033	2.872461	-0.870889	-14.544502	2.544616
109.409529	13.535507	-0.676402	3.019283	2.841987	-0.872788	-14.554058	2.545699
43.727150	-7.407101	-1.864530	4.173783	2.219521	-0.908004	-14.742747	2.566944
-114.247830	-26.394267	-2.727753	5.004143	1.571373	-0.938426	-14.929675	2.587731
97.957668	-29.327602	-2.923079	5.379290	0.813160	-0.967103	-15.140976	2.610921
118.136200	-11.265007	-2.006150	5.010521	0.049869	-0.989060	-15.349745	2.633517
-118.214016	-10.066695	-1.947070	4.979583	0.017396	-0.989842	-15.358585	2.634467
-2.984849	-8.837492	-1.886680	4.947495	-0.015090	-0.990613	-15.367426	2.635416
119.263502	16.868063	-0.444539	4.066878	-0.675828	-1.003558	-15.547188	2.654601
-83.679637	28.069654	1.137646	2.840716	-1.324875	-1.011019	-15.724827	2.673336
-113.907626	20.882398	2.694466	1.178014	-2.039931	-1.012633	-15.924030	2.694081
113.228679	0.316506	3.775864	-0.615642	-2.721598	-1.006710	-16.120249	2.714246
50.697994	-16.689978	4.224805	-2.364439	-3.347510	-0.993367	-16.309419	2.733433
-122.743844	-19.772342	3.959977	-4.009722	-3.922955	-0.972322	-16.495507	2.752066
77.621489	-19.419279	3.927989	-4.084889	-3.949123	-0.971115	-16.504351	2.752946
123.194578	-19.014933	3.894240	-4.159620	-3.975136	-0.969891	-16.513181	2.753823
-125.129912	-3.228797	2.911603	-5.549575	-4.460040	-0.941865	-16.686403	2.770930
-26.636286	15.099648	1.511721	-6.737762	-4.882819	-0.906456	-16.856686	2.787541
120.733390	15.685684	1.435343	-6.791163	-4.902241	-0.904482	-16.865145	2.788361
-72.084936	16.218095	1.358619	-6.843932	-4.921486	-0.902489	-16.873596	2.789179
-115.043979	16.239449	-0.125479	-7.709974	-5.248997	-0.861444	-17.030987	2.804329
114.713613	1.238921	-1.625369	-8.310303	-5.507262	-0.813437	-17.185646	2.819040
51.985789	-14.344058	-3.249608	-8.620459	-5.710444	-0.749258	-17.360332	2.835442
-126.600053	-15.914610	-4.625428	-8.461958	-5.805309	-0.675272	-17.531267	2.851265
87.814672	-15.466291	-4.684274	-8.440778	-5.807178	-0.671366	-17.539594	2.852030
126.727791	-14.965133	-4.742154	-8.418275	-5.808786	-0.667435	-17.547913	2.852794
-124.112581	-0.933608	-5.590421	-7.795433	-5.795755	-0.594276	-17.692776	2.866001
-22.951324	13.347787	-6.056418	-6.723755	-5.708898	-0.513775	-17.834746	2.878774
110.685027	21.268995	-5.906358	-4.960609	-5.522596	-0.411016	-17.996774	2.893135
-67.201042	13.605303	-4.802429	-2.778783	-5.254399	-0.299362	-18.154802	2.906908
-107.579256	12.867920	-4.733219	-2.674364	-5.240724	-0.294198	-18.161740	2.907507
107.583986	12.096852	-4.662497	-2.569425	-5.226908	-0.289017	-18.168669	2.908105
52.522365	-6.861118	-3.036794	-0.461694	-4.933943	-0.185941	-18.300785	2.919411
-113.541993	-24.604498	-1.035507	1.739560	-4.595089	-0.077169	-18.429933	2.930286
88.243302	-29.563495	1.521421	4.288260	-4.152361	0.055823	-18.576201	2.942373
120.779193	-13.977088	4.000615	6.687326	-3.666237	0.195450	-18.718489	2.953881
-120.856719	-12.761540	4.103219	6.790203	-3.643319	0.201932	-18.724849	2.954390
-5.176609	-11.505130	4.204482	6.892386	-3.620348	0.208422	-18.731197	2.954896
121.639862	14.479189	5.808454	8.684090	-3.175684	0.333068	-18.849378	2.964230
-79.731488	29.405638	6.593447	10.155586	-2.713472	0.461769	-18.964675	2.973141
-124.619868	22.281731	6.171371	11.377353	-2.158107	0.617214	-19.096077	2.983044
129.277241	-7.654445	4.590384	12.070591	-1.597174	0.777195	-19.223563	2.992369
56.361895	-8.893946	4.498420	12.090443	-1.571895	0.784511	-19.229223	2.992777
-129.577482	-10.081938	4.405039	12.109352	-1.546643	0.791830	-19.234871	2.993182
91.439533	-22.640523	2.395429	12.301314	-1.069160	0.932593	-19.340861	3.000682
127.812208	-18.273817	0.131004	12.206136	-0.601220	1.075888	-19.443989	3.007758
-122.959420	0.905929	-2.421439	11.789127	-0.069122	1.246282	-19.561032	3.015501
-31.928872	15.810229	-4.375677	11.107051	0.444987	1.419103	-19.674201	3.022667
116.678528	16.035471	-4.440204	11.071777	0.467324	1.426803	-19.679123	3.022971
-61.023436	16.209622	-4.502495	11.036120	0.489625	1.434506	-19.684037	3.023274
-111.944452	10.874486	-5.301729	10.282356	0.912122	1.583580	-19.777261	3.028890
111.752669	-4.228222	-5.519079	9.430206	1.320674	1.733624	-19.867692	3.034088
58.300183	-16.442095	-5.386151	8.366432	1.777287	1.908662	-19.969246	3.039603
-125.920984	-16.507038	-5.168302	7.254077	2.214148	2.083991	-20.067073	3.044556
75.899180	-16.173548	-5.159683	7.202849	2.233416	2.091913	-20.071407	3.044767
126.418112	-15.810001	-5.151266	7.151577	2.252630	2.099828	-20.075730	3.044976
-127.597102	-3.824349	-5.024814	6.156380	2.611990	2.251005	-20.156936	3.048759
-30.015654	13.535629	-4.952029	5.133794	2.955877	2.401602	-20.235392	3.052125
109.804781	24.983427	-4.908229	3.904128	3.337101	2.576102	-20.323471	3.055527
-58.548092	12.429767	-4.845280	2.628033	3.696273	2.748761	-20.407841	3.058364
-101.370586	11.363627	-4.839312	2.569675	3.711815	2.756432	-20.411528	3.058477
101.297190	10.264047	-4.832924	2.511236	3.727302	2.764093	-20.415206	3.058590
55.165116	-13.547179	-4.602725	1.369057	4.014484	2.909483	-20.484066	3.060523
-112.803386	-30.756581	-4.076369	0.172624	4.284837	3.052733	-20.550248	3.062046
90.816805	-26.258472	-2.999292	-1.290759	4.579213	3.217071	-20.624263	3.063307
120.074894	-3.555965	-1.623678	-2.808964	4.849607	3.377445	-20.694655	3.064009
-119.938253	-2.309155	-1.557693	-2.879878	4.861504	3.384745	-20.697818	3.064028
-15.048371	-1.056732	-1.491719	-2.950834	4.873348	3.392035	-20.700973	3.064046
115.930146	20.519235	-0.305135	-4.271001	5.083624	3.525507	-20.758140	3.064159
-75.561061	30.875200	0.683482	-5.581909	5.275552	3.655271	-20.812677	3.063864
-119.645809	19.915888	1.399813	-7.068811	5.475321	3.801111	-20.872834	3.063008
129.933717	-12.263273	1.656674	-8.486421	5.649287	3.940898	-20.929466	3.061601
52.364240	-13.510887	1.658381	-8.549003	5.656598	3.947121	-20.931966	3.061524
-130.705323	-14.692984	1.659260	-8.611386	5.663853	3.953329	-20.934457	3.061445
82.506753	-25.173799	1.526745	-9.748687	5.790584	4.067970	-20.980173	3.059748
131.010464	-19.045255	1.146820	-10.796086	5.897398	4.177307	-21.023298	3.057644
-121.779030	-2.517610	0.535909	-11.888667	5.995387	4.296307	-21.069814	3.054714
-26.638102	12.709647	-0.090080	-12.859907	6.065963	4.407242	-21.112925	3.051246
112.481586	13.195518	-0.116232	-12.901556	6.068533	4.412126	-21.114821	3.051074
-66.951810	13.654256	-0.142007	-12.942926	6.071043	4.416988	-21.116707	3.050901
-110.586462	16.092065	-0.540438	-13.680837	6.107495	4.505780	-21.151177	3.047404
115.082884	5.645388	-0.714561	-14.329589	6.122463	4.587667	-21.183102	3.043502
52.367025	-9.826308	-0.675670	-14.965198	6.112504	4.673376	-21.216891	3.038479
-126.060445	-12.054837	-0.499314	-15.436606	6.072584	4.749007	-21.247305	3.032915
68.414857	-11.568197	-0.491084	-15.452369	6.070064	4.752176	-21.248596	3.032652
125.922790	-11.024807	-0.482973	-15.467572	6.067480	4.755325	-21.249879	3.032387
-122.476130	3.612118	-0.367004	-15.636169	6.005811	4.811634	-21.273101	3.027126
-20.343697	9.272523	-0.365424	-15.539196	5.920509	4.860753	-21.293853	3.021466
