-64.388567	63.710339	-31.067916	7.555219	4.564147	1.962816	-6.290061	-10.393217
88.136918	61.263646	-31.001413	7.617354	4.563631	1.932253	-6.271071	-10.394177
-89.611709	50.922998	-30.410496	7.629506	4.531427	1.898565	-6.251360	-10.395334
-114.638960	24.878367	-28.831321	7.566446	4.444573	1.850676	-6.224944	-10.397110
134.742303	-8.689500	-26.271601	7.407099	4.309358	1.797734	-6.197328	-10.399213
58.860421	-10.432388	-26.048783	7.391754	4.297892	1.793747	-6.195302	-10.399376
-137.003593	-11.994214	-25.820578	7.375868	4.286194	1.789735	-6.193270	-10.399541
86.460076	-17.471684	-22.711114	7.146299	4.131017	1.740452	-6.168814	-10.401615
143.940568	-6.933080	-18.877081	6.835671	3.945659	1.687667	-6.143492	-10.403923
-134.803600	10.714590	-13.834971	6.357539	3.690540	1.620906	-6.112476	-10.406950
-32.695518	17.619794	-8.812866	5.750769	3.399106	1.549418	-6.080244	-10.410305
120.693827	17.481828	-8.590846	5.719415	3.384782	1.545995	-6.078722	-10.410469
-75.562933	17.296015	-8.370073	5.687744	3.370377	1.542559	-6.077197	-10.410633
-110.152177	6.537777	-4.531845	5.035985	3.086631	1.476090	-6.048013	-10.413852
107.135306	-10.194894	-1.481356	4.273827	2.779927	1.406149	-6.017897	-10.417321
51.560496	-18.887623	0.689916	3.253375	2.401442	1.321479	-5.982103	-10.421622
-120.534639	-14.060670	1.207098	2.078828	1.998443	1.232370	-5.945068	-10.426256
71.746178	-13.576372	1.198131	2.023392	1.979981	1.228301	-5.943391	-10.426470
120.996139	-13.072403	1.186916	1.967678	1.961465	1.224220	-5.941710	-10.426685
-122.145717	-0.454593	0.605634	0.841985	1.593024	1.143080	-5.908489	-10.430999
-25.407989	14.066946	-0.369217	-0.338881	1.210768	1.058724	-5.874329	-10.435565
112.297309	24.232042	-1.411878	-1.718876	0.757546	0.957986	-5.833952	-10.441117
-78.158713	17.770568	-1.864398	-3.076004	0.291905	0.853164	-5.792329	-10.447001
-110.330511	16.998312	-1.869002	-3.134331	0.271202	0.848464	-5.790471	-10.447267
110.418484	16.181031	-1.872366	-3.192552	0.250467	0.843753	-5.788609	-10.447535
45.643612	-5.833102	-1.690627	-4.309789	-0.163841	0.748785	-5.751202	-10.452963
-120.331371	-26.748045	-1.065683	-5.333274	-0.582993	0.650828	-5.712840	-10.458645
98.256121	-31.342864	0.148428	-6.350770	-1.070950	0.533921	-5.667293	-10.465532
122.295072	-13.819178	1.703583	-7.131716	-1.559453	0.413180	-5.620463	-10.472760
-122.130666	-12.590551	1.770064	-7.159392	-1.580788	0.407811	-5.618385	-10.473084
-25.033549	-11.327124	1.835879	-7.186472	-1.602119	0.402435	-5.616304	-10.473409
118.244445	16.122054	2.904969	-7.590748	-2.022884	0.294548	-5.574606	-10.479971
-75.751321	33.805454	3.192756	-7.717802	-2.439413	0.183908	-5.531939	-10.486790
-122.770480	25.938203	2.183995	-7.511491	-2.910229	0.053400	-5.481694	-10.494946
130.500753	-12.583038	0.222369	-6.964581	-3.369207	-0.080587	-5.430160	-10.503443
54.037375	-14.178318	0.124821	-6.933327	-3.389134	-0.086579	-5.427856	-10.503826
-130.795793	-15.711471	0.026839	-6.901504	-3.409031	-0.092578	-5.425550	-10.504209
91.855828	-32.175531	-1.903562	-6.164359	-3.794425	-0.212109	-5.379590	-10.511901
121.228951	-24.233252	-3.548233	-5.238486	-4.165587	-0.334147	-5.332649	-10.519851
-114.701794	5.869773	-4.678548	-3.979534	-4.571947	-0.477579	-5.277431	-10.529318
-27.864891	27.972163	-4.573816	-2.559828	-4.952817	-0.624178	-5.220906	-10.539128
113.872496	28.324518	-4.533078	-2.493327	-4.969234	-0.630821	-5.218342	-10.539576
-74.988559	28.604643	-4.488920	-2.426623	-4.985593	-0.637471	-5.215775	-10.540024
-117.500539	21.112937	-3.044925	-1.105988	-5.289567	-0.767099	-5.165687	-10.548821
124.265168	-3.164792	-0.835334	0.249988	-5.569232	-0.898982	-5.114612	-10.557877
63.622933	-26.791793	1.970979	1.803590	-5.857858	-1.053403	-5.054637	-10.568613
-135.213206	-24.791768	4.394858	3.294724	-6.107742	-1.210656	-4.993350	-10.579694
94.330689	-23.748793	4.493234	3.362113	-6.118446	-1.218095	-4.990445	-10.580222
134.814619	-22.613807	4.590080	3.429231	-6.129058	-1.225541	-4.987536	-10.580751
-126.769501	6.658874	6.085969	4.620484	-6.308967	-1.365111	-4.932919	-10.590721
-37.179068	27.567267	6.909280	5.676914	-6.454168	-1.506707	-4.877299	-10.600953
105.000571	27.432188	6.874429	6.674762	-6.575187	-1.671921	-4.812114	-10.613040
-54.290285	2.497032	5.778887	7.397540	-6.643726	-1.839669	-4.745591	-10.625476
-99.193632	1.140425	5.703706	7.425116	-6.645626	-1.847741	-4.742381	-10.626078
99.191231	-0.199167	5.626741	7.452056	-6.647396	-1.855812	-4.739170	-10.626681
76.518725	-20.395701	3.940382	7.836628	-6.656779	-2.003972	-4.680083	-10.637815
-112.158170	-30.452786	1.853106	8.025513	-6.621176	-2.153903	-4.619977	-10.649213
86.042438	-27.066719	-0.800218	8.014113	-6.522542	-2.328749	-4.549405	-10.662685
121.976161	-10.953925	-3.461759	7.776975	-6.364697	-2.505378	-4.477470	-10.676510
-121.671509	-10.001546	-3.578089	7.761264	-6.356217	-2.513402	-4.474185	-10.677144
-8.341181	-9.031517	-3.693876	7.745139	-6.347623	-2.521429	-4.470897	-10.677778
112.041992	11.906021	-5.767662	7.360271	-6.162214	-2.675197	-4.407582	-10.690027
-100.398687	31.491467	-7.465895	6.838615	-5.937867	-2.829751	-4.343244	-10.702541
-111.958373	30.544785	-8.750249	6.081185	-5.632236	-3.009463	-4.267392	-10.717376
127.867497	-6.379102	-9.089870	5.180327	-5.281155	-3.189334	-4.190155	-10.732569
50.771114	-8.127707	-9.079317	5.136021	-5.264061	-3.197561	-4.186587	-10.733272
-129.183178	-9.823055	-9.066316	5.091460	-5.246879	-3.205788	-4.183016	-10.733977
95.148269	-30.071374	-8.333691	4.204435	-4.906302	-3.361043	-4.114994	-10.747432
137.959689	-27.197473	-6.654262	3.243793	-4.537144	-3.515698	-4.045931	-10.761155
-134.528384	0.477786	-3.836303	2.069441	-4.079967	-3.692549	-3.965147	-10.777283
-52.502358	26.771073	-0.491032	0.846795	-3.591718	-3.867708	-3.882974	-10.793767
127.235537	27.382718	-0.328373	0.788646	-3.568092	-3.875882	-3.879082	-10.794550
-78.182149	27.910238	-0.165670	0.730490	-3.544421	-3.884046	-3.875189	-10.795333
-119.482219	23.376874	2.836805	-0.360492	-3.091824	-4.035553	-3.801926	-10.810100
115.602388	-0.803055	5.544576	-1.448680	-2.620874	-4.185030	-3.727590	-10.825143
61.838233	-25.299254	7.849304	-2.663040	-2.064787	-4.352527	-3.641539	-10.842626
-119.583903	-26.942614	8.850893	-3.824350	-1.491705	-4.516471	-3.554091	-10.860468
72.935629	-26.160658	8.857777	-3.878048	-1.463967	-4.524205	-3.549878	-10.861329
119.606863	-25.292959	8.860635	-3.931533	-1.436216	-4.531925	-3.545665	-10.862190
-117.638661	-0.831322	8.287467	-4.867676	-0.928327	-4.670229	-3.468729	-10.877952
-32.570884	21.701324	6.780153	-5.728476	-0.413048	-4.805164	-3.390738	-10.893982
107.609904	28.427615	4.322879	-6.616473	0.195645	-4.958242	-3.298211	-10.913067
-62.470719	7.750231	1.639302	-7.350761	0.807485	-5.105796	-3.204232	-10.932521
-103.805695	6.485038	1.519447	-7.379928	0.835201	-5.112337	-3.199942	-10.933411
103.792327	5.213855	1.399943	-7.408741	0.862933	-5.118871	-3.195647	-10.934302
52.945022	-17.540812	-0.750418	-7.883564	1.391544	-5.241155	-3.113078	-10.951455
-112.035143	-30.618907	-2.481482	-8.203423	1.917046	-5.358582	-3.029414	-10.968888
117.762409	-24.985992	-3.732659	-8.356455	2.508251	-5.485885	-2.932872	-10.989064
122.120096	-2.619850	-4.402996	-8.259647	3.088563	-5.606001	-2.834904	-11.009601
-122.178596	-1.279600	-4.425371	-8.248298	3.115956	-5.611556	-2.830184	-11.010592
-3.633620	0.075770	-4.447101	-8.236314	3.143313	-5.617092	-2.825461	-11.011584
121.404578	22.963211	-4.762162	-7.908359	3.633264	-5.714531	-2.739121	-11.029740
-78.361220	31.015212	-5.039102	-7.374203	4.107998	-5.805841	-2.651703	-11.048171
-118.833859	17.246500	-5.441975	-6.498493	4.637173	-5.903972	-2.548612	-11.069967
123.473305	-13.377599	-5.735571	-5.355993	5.136433	-5.992846	-2.444096	-11.092136
69.807717	-14.598895	-5.741859	-5.296974	5.158656	-5.996713	-2.439241	-11.093168
-124.053889	-15.767010	-5.747286	-5.237444	5.180789	-6.000557	-2.434387	-11.094199
97.588701	-28.256961	-5.646688	-4.025436	5.582121	-6.068833	-2.342640	-11.113727
130.084800	-26.100095	-5.059925	-2.669006	5.953695	-6.129398	-2.249867	-11.133535
-122.946745	-10.476067	-3.834768	-0.987382	6.341363	-6.189264	-2.141538	-11.156747
-24.272246	13.443721	-2.160808	0.746908	6.680082	-6.237851	-2.031923	-11.180334
109.923025	14.421838	-2.075626	0.826498	6.694364	-6.239800	-2.026865	-11.181425
-87.596387	15.370069	-1.989819	0.906033	6.708531	-6.241725	-2.021805	-11.182517
-102.627139	24.765027	-0.275090	2.384450	6.953436	-6.273234	-1.926027	-11.203224
104.409665	12.948881	1.504813	3.792887	7.154543	-6.295513	-1.829379	-11.224212
40.002479	-12.878326	3.131485	5.267667	7.327937	-6.309269	-1.716873	-11.248772
-128.825007	-26.717993	3.649319	6.510950	7.433902	-6.309738	-1.603365	-11.273706
93.037932	-26.625444	3.634909	6.562584	7.437154	-6.309427	-1.597992	-11.274891
129.919391	-26.447368	3.616613	6.613530	7.440245	-6.309086	-1.592618	-11.276076
-136.434367	-10.940225	2.704007	7.413944	7.467918	-6.297485	-1.493788	-11.297941
-37.981206	15.513234	1.079056	7.927910	7.438715	-6.275725	-1.394349	-11.320087
123.642445	33.104661	-0.990672	8.124480	7.329555	-6.237684	-1.278024	-11.346195
-67.005222	15.348306	-2.533188	7.849233	7.137112	-6.186068	-1.161059	-11.372684
-108.325199	13.903118	-2.583622	7.824470	7.126329	-6.183377	-1.155673	-11.373910
107.810608	12.426063	-2.631962	7.798622	7.115388	-6.180659	-1.150290	-11.375135
53.562334	-17.378775	-3.112935	7.104165	6.880367	-6.124610	-1.049216	-11.398253
-102.287652	-39.544577	-2.650357	6.005999	6.590996	-6.059005	-0.947809	-11.421653
86.051093	-38.823644	-0.924354	4.292982	6.188513	-5.970434	-0.828839	-11.449389
106.891441	-12.319205	1.290261	2.279558	5.722791	-5.869467	-0.709601	-11.477513
-106.971400	-10.750835	1.379742	2.190513	5.701802	-5.864931	-0.704557	-11.478710
-5.273654	-9.154073	1.468247	2.101264	5.680712	-5.860374	-0.699512	-11.479908
108.794075	23.305818	2.931917	0.269812	5.232117	-5.763453	-0.597232	-11.504336
-103.554942	39.163054	3.343367	-1.531311	4.745680	-5.657959	-0.494900	-11.529050
-121.809947	25.854452	2.038865	-3.463275	4.137922	-5.524919	-0.376009	-11.558127
133.001062	-14.435844	-0.351400	-5.146351	3.490072	-5.380976	-0.257227	-11.587592
32.307873	-15.982945	-0.466103	-5.215376	3.459984	-5.374229	-0.251871	-11.588931
-133.690550	-17.449541	-0.580531	-5.283752	3.429827	-5.367460	-0.246514	-11.590271
122.154896	-30.141066	-2.579700	-6.464228	2.837232	-5.233171	-0.143615	-11.616189
133.331740	-19.309067	-3.790235	-7.359599	2.223192	-5.091208	-0.040946	-11.642400
-129.917712	7.058083	-3.973293	-7.986281	1.500567	-4.919974	0.075956	-11.672698
-25.064478	20.350113	-2.725545	-8.186438	0.760766	-4.739385	0.192379	-11.703380
127.114414	20.329915	-2.634467	-8.186417	0.727979	-4.731247	0.197478	-11.704736
-63.524596	20.249679	-2.540137	-8.185714	0.695148	-4.723086	0.202580	-11.706094
-123.532263	9.357753	-0.182416	-8.041687	0.039075	-4.557339	0.303729	-11.733232
120.889236	-7.593175	2.428345	-7.690081	-0.620609	-4.384990	0.404366	-11.760664
78.220945	-17.353862	4.476227	-7.105914	-1.376885	-4.179087	0.519299	-11.792551
-121.399430	-16.758072	4.477811	-6.414127	-2.124576	-3.965140	0.633370	-11.824827
89.920761	-16.578347	4.434489	-6.382036	-2.157756	-3.955375	0.638457	-11.826281
121.241191	-16.389740	4.388056	-6.349903	-2.190906	-3.945594	0.643543	-11.827737
-117.307865	-9.930588	2.965639	-5.714605	-2.826360	-3.753013	0.741728	-11.856105
-7.322621	4.041723	0.875779	-5.040212	-3.445279	-3.554899	0.839118	-11.884767
102.708896	22.640462	-1.736154	-4.186288	-4.131411	-3.320316	0.950152	-11.918123
-75.325308	29.483307	-3.874120	-3.216339	-4.782977	-3.079054	1.059959	-11.951871
-102.157173	29.069608	-3.947990	-3.169121	-4.811551	-3.067977	1.064901	-11.953408
102.310129	28.569429	-4.019381	-3.121591	-4.840040	-3.056887	1.069839	-11.954946
38.389796	6.341232	-4.885884	-2.143864	-5.369779	-2.841428	1.164155	-11.984647
-113.599212	-22.985285	-4.707519	-1.029694	-5.863270	-2.621448	1.257397	-12.014646
108.618360	-38.241688	-3.021436	0.424068	-6.380862	-2.362816	1.363363	-12.049562
123.207853	-21.259311	0.207822	2.008755	-6.837610	-2.098858	1.467722	-12.084875
-123.342335	-19.563994	0.373326	2.082735	-6.856788	-2.086756	1.472419	-12.086487
10.478497	-17.787917	0.539320	2.156845	-6.875826	-2.074644	1.477113	-12.088100
124.987642	21.312574	3.626613	3.597695	-7.213592	-1.839951	1.566615	-12.119258
-104.853740	40.822327	5.819862	5.040624	-7.494857	-1.601739	1.654748	-12.150719
-124.776894	25.947113	6.263748	6.631359	-7.740611	-1.326432	1.753378	-12.186920
129.052368	-17.615204	4.750875	8.089681	-7.900504	-1.047201	1.850051	-12.223515
41.139245	-19.304806	4.642959	8.151866	-7.905720	-1.034174	1.854481	-12.225220
-129.440000	-20.902006	4.532159	8.213461	-7.910737	-1.021140	1.858907	-12.226926
73.836559	-34.407378	1.970240	9.253922	-7.967126	-0.773842	1.941574	-12.259273
129.281035	-23.966417	-1.214373	10.023387	-7.947597	-0.524304	2.022599	-12.291922
-122.612995	1.955902	-5.003831	10.498012	-7.825063	-0.235460	2.113632	-12.329826
-34.170341	22.069967	-8.175693	10.450576	-7.588937	0.054577	2.202318	-12.368131
114.231823	22.535043	-8.298294	10.433782	-7.574728	0.068447	2.206495	-12.369971
-83.890948	22.938879	-8.417596	10.415593	-7.560250	0.082318	2.210666	-12.371813
-110.339965	20.083952	-10.010006	9.833474	-7.251178	0.333965	2.285374	-12.405380
113.019801	2.828023	-10.578889	8.740233	-6.856888	0.585065	2.358173	-12.439251
29.912225	-14.853231	-10.119305	6.821013	-6.305258	0.873528	2.439787	-12.478741
-130.733661	-15.573208	-8.784765	4.321269	-5.662763	1.159433	2.518673	-12.518636
102.552325	-15.007213	-8.710068	4.197763	-5.631933	1.172218	2.522156	-12.520440
131.134742	-14.385356	-8.634357	4.073509	-5.600968	1.184987	2.525631	-12.522244
-131.334460	3.849244	-6.907349	1.537608	-4.974102	1.429977	2.591587	-12.557229
-20.298062	19.835407	-4.477503	-1.165988	-4.297851	1.671592	2.655344	-12.592520
119.200948	22.399965	-0.441349	-4.304135	-3.470738	1.944235	2.725812	-12.633451
-60.790872	3.500418	5.071421	-7.279152	-2.602395	2.210599	2.793195	-12.674788
-112.656618	2.245060	5.379858	-7.423907	-2.556871	2.224107	2.796575	-12.676924
112.530418	0.986394	5.689564	-7.567659	-2.511273	2.237596	2.799946	-12.679061
62.499352	-19.225256	10.982482	-9.828191	-1.727621	2.463523	2.855880	-12.715513
-118.160435	-33.581782	15.789162	-11.654852	-0.931854	2.683201	2.909319	-12.752275
94.525964	-37.309808	19.706642	-13.032542	-0.021609	2.924970	2.967062	-12.794523
117.125629	-26.332926	21.083235	-13.468229	0.881077	3.156842	3.021390	-12.837176
-116.598173	-25.425981	21.067984	-13.461981	0.924193	3.167748	3.023920	-12.839241
4.608890	-24.482680	21.044370	-13.453093	0.967238	3.178622	3.026440	-12.841306
104.092114	-1.839140	19.043155	-12.846095	1.745094	3.372817	3.071060	-12.879222
-89.349864	24.052779	13.741741	-11.478853	2.501237	3.557871	3.112886	-12.917451
-107.745052	31.546396	3.448927	-9.143705	3.329183	3.757094	3.157132	-12.961472
127.715815	0.374833	-9.598212	-6.155324	4.110014	3.942581	3.197556	-13.005901
42.447026	-1.183912	-10.210905	-6.002681	4.145187	3.950897	3.199351	-13.007988
-129.288568	-2.686723	-10.820223	-5.849022	4.180235	3.959182	3.201136	-13.010075
111.410101	-18.999790	-20.933630	-2.836664	4.806397	4.106920	3.232698	-13.048964
140.110417	-15.110240	-26.826297	0.402054	5.382404	4.242907	3.261244	-13.088162
-141.882891	4.034353	-25.617854	4.256232	5.977488	4.384705	3.290415	-13.133884
-6.285879	6.290190	-15.191900	7.953164	6.486604	4.508954	3.315365	-13.180015
134.796577	5.709693	-14.436285	8.126329	6.509344	4.514619	3.316486	-13.182304
-76.164548	5.063888	-13.659468	8.298333	6.531849	4.520238	3.317597	-13.184594
-106.580960	-7.611459	2.263669	11.105384	6.889156	4.611889	3.335459	-13.225205
67.756071	-0.286262	18.261359	13.337653	7.165854	4.688711	3.349954	-13.266121
-42.856363	15.324643	29.505762	14.881039	7.367937	4.754859	3.361852	-13.311118
-6.680716	1.345630	29.535985	15.294177	7.457301	4.801726	3.369568	-13.356469
90.207250	-23.006885	20.136500	14.559757	7.423983	4.829534	3.373075	-13.404400
-125.350224	-22.338373	5.723819	12.844428	7.268447	4.836039	3.371810	-13.452706
-14.100984	-21.434633	4.986193	12.741564	7.258097	4.835833	3.371628	-13.455035
127.236085	-20.457835	4.248223	12.637026	7.247491	4.835579	3.371435	-13.457364
-78.830682	3.421159	-8.703942	10.485558	7.012805	4.823032	3.366004	-13.499689
-119.531477	20.106285	-19.225778	7.953596	6.702308	4.795826	3.356929	-13.542282
112.774642	8.465662	-25.996229	4.767268	6.259314	4.746971	3.341996	-13.591760
40.895174	-10.456597	-27.400635	1.532062	5.736338	4.680237	3.322392	-13.641578
-116.352382	-11.048518	-27.352996	1.383665	5.710112	4.676693	3.321363	-13.643916
87.051847	-11.595875	-27.296076	1.235704	5.683736	4.673112	3.320324	-13.646254
120.118812	-14.537099	-24.668422	-1.424867	5.168990	4.600082	3.299265	-13.689751
-120.299607	-7.180120	-19.503540	-3.912491	4.610627	4.514872	3.274862	-13.733493
-8.308947	6.832131	-11.572182	-6.519341	3.925524	4.402792	3.242833	-13.783985
119.290276	15.912412	-2.839779	-8.819829	3.203695	4.276253	3.206612	-13.834782
-81.659518	16.017459	-2.425688	-8.921524	3.168413	4.269848	3.204776	-13.837220
-119.568224	16.081870	-2.012863	-9.022477	3.133051	4.263408	3.202928	-13.839662
123.388933	10.298434	5.098160	-10.708372	2.482974	4.141285	3.167809	-13.884059
36.305698	-5.484399	11.138435	-12.099142	1.821640	4.009512	3.129698	-13.928669
-126.012931	-23.388534	16.122737	-13.305596	1.049949	3.845297	3.081837	-13.980677
90.015556	-25.944707	18.165936	-14.033093	0.284223	3.669716	3.030167	-14.032954
118.859272	-25.526992	18.176075	-14.054646	0.248770	3.661246	3.027661	-14.035403
-118.385267	-25.055558	18.178127	-14.075074	0.213334	3.652748	3.025145	-14.037855
-11.647940	-8.792993	16.893629	-14.258107	-0.431198	3.492187	2.977364	-14.083130
99.496396	13.762012	13.548446	-14.114756	-1.055090	3.324445	2.926923	-14.128592
-80.792192	31.968012	7.991822	-13.620094	-1.741106	3.123017	2.865613	-14.181190
-103.284773	23.559283	1.640858	-12.853771	-2.387167	2.913645	2.800988	-14.234019
103.925123	22.142263	1.336789	-12.811309	-2.417302	2.903339	2.797782	-14.236577
11.800417	20.626302	1.034402	-12.768446	-2.447314	2.893024	2.794572	-14.239135
-118.952044	-13.563744	-3.982875	-11.931635	-2.970908	2.704049	2.735330	-14.285406
117.620662	-33.116393	-7.508883	-11.013015	-3.458724	2.510305	2.673738	-14.331838
138.132900	-26.285653	-8.858844	-9.929719	-3.971775	2.283075	2.600342	-14.385253
-135.760650	5.897224	-7.817652	-8.867749	-4.433165	2.051168	2.524071	-14.438864
16.296730	7.517504	-7.723238	-8.816829	-4.453948	2.039946	2.520343	-14.441439
134.994068	9.104626	-7.625610	-8.765884	-4.474593	2.028722	2.516612	-14.444013
-83.790305	29.613739	-5.410832	-7.824375	-4.826726	1.823974	2.447930	-14.490720
-117.996467	28.472976	-2.749641	-6.817320	-5.136250	1.616960	2.377252	-14.537560
120.727221	-0.713305	0.233562	-5.509318	-5.439601	1.374871	2.292916	-14.592018
51.889998	-23.580641	2.359017	-3.984418	-5.680972	1.131355	2.206116	-14.646634
-131.807788	-23.935916	2.421224	-3.910286	-5.690250	1.120479	2.202191	-14.649073
78.876784	-24.216168	2.480081	-3.835579	-5.699399	1.109602	2.198261	-14.651512
136.274223	-18.103368	2.991838	-2.266788	-5.850951	0.898848	2.121246	-14.698801
-132.137422	-1.194205	2.524878	-0.462244	-5.952625	0.688284	2.042563	-14.746197
-27.618018	16.237340	1.314747	1.788713	-6.005835	0.446319	1.949809	-14.801001
110.990544	20.039200	0.051818	4.026963	-5.987985	0.206194	1.855046	-14.855931
-88.787950	19.679159	-0.000127	4.134388	-5.985203	0.194340	1.850293	-14.858660
-110.190168	19.260088	-0.050509	4.241244	-5.982242	0.182501	1.845538	-14.861387
106.125333	5.526119	-0.694960	6.011325	-5.900544	-0.023862	1.761455	-14.909243
29.992837	-10.012942	-0.930422	7.520932	-5.761265	-0.227709	1.676030	-14.957177
-111.658536	-21.163463	-0.814875	8.848485	-5.527817	-0.458291	1.576303	-15.012349
93.382930	-19.099284	-0.440550	9.674218	-5.213299	-0.684331	1.475012	-15.067609
115.961395	-18.625590	-0.419116	9.699311	-5.196665	-0.694715	1.470269	-15.070180
-116.046784	-18.116991	-0.397435	9.723158	-5.179862	-0.705081	1.465525	-15.072748
-3.623490	-3.632006	0.039725	9.934367	-4.832498	-0.896486	1.376383	-15.120748
114.286155	14.143137	0.479648	9.676748	-4.421575	-1.083455	1.286233	-15.168800
-103.597803	27.009235	0.858368	8.774186	-3.873549	-1.293856	1.180645	-15.224521
-119.791965	18.395661	0.969322	7.254197	-3.261091	-1.496916	1.073925	-15.280294
120.197230	17.120907	0.968586	7.161739	-3.228278	-1.507095	1.068436	-15.283149
10.218885	15.760672	0.967337	7.068039	-3.195354	-1.517247	1.062948	-15.286002
-128.344934	-12.493286	0.880245	5.325314	-2.625856	-1.684174	0.970564	-15.333851
103.093452	-31.066077	0.704335	3.330604	-2.029248	-1.844639	0.877516	-15.381725
134.572881	-29.494816	0.420752	0.825802	-1.310657	-2.023080	0.768204	-15.437608
-130.227572	-3.865158	-0.015133	-1.709864	-0.581281	-2.191345	0.658203	-15.493507
-15.581865	-2.424148	-0.038794	-1.824565	-0.547678	-2.198833	0.653125	-15.496080
129.581075	-0.982829	-0.062734	-1.938958	-0.514084	-2.206298	0.648046	-15.498653
-69.606299	23.057625	-0.557178	-4.005923	0.112496	-2.341875	0.552605	-15.546903
-116.493418	32.273613	-1.116762	-5.851096	0.726645	-2.468796	0.456817	-15.595152
115.071638	14.293758	-1.774853	-7.571509	1.411803	-2.604600	0.345327	-15.651134
52.789052	-15.790340	-2.239953	-8.678595	2.053856	-2.727349	0.233596	-15.707093
-118.365071	-16.940314	-2.252576	-8.711430	2.081632	-2.732577	0.228542	-15.709622
93.880618	-18.048064	-2.264296	-8.742651	2.109290	-2.737777	0.223487	-15.712151
120.175742	-29.478864	-2.268354	-9.026899	2.610299	-2.830988	0.127559	-15.760114
-118.136224	-19.575595	-1.756041	-8.742443	3.062730	-2.913534	0.031619	-15.808049
0.432935	9.440413	-0.667432	-7.795240	3.526702	-2.995632	-0.080077	-15.863854
108.760001	25.602707	0.662821	-6.320891	3.922011	-3.061871	-0.191572	-15.919601
-88.665701	25.393367	0.734131	-6.230974	3.940987	-3.064918	-0.197459	-15.922547
-108.831747	25.045356	0.805212	-6.140002	3.959770	-3.067918	-0.203345	-15.925493
113.326311	6.448696	1.872239	-4.537807	4.236813	-3.109932	-0.298523	-15.973165
43.570221	-15.281993	2.601334	-2.753863	4.462488	-3.139250	-0.393385	-16.020782
-130.943612	-23.522678	2.675687	-0.560879	4.660337	-3.156793	-0.503617	-16.076286
69.557871	-5.105038	1.687895	1.630760	4.786962	-3.155759	-0.613203	-16.131697
129.017481	-4.039260	1.623604	1.729049	4.791018	-3.155267	-0.618162	-16.134212
-128.655023	-2.983377	1.558124	1.827124	4.794924	-3.154735	-0.623117	-16.136724
-11.795201	14.325618	0.164489	3.646230	4.841103	-3.137313	-0.716712	-16.184297
106.601833	24.634721	-1.233617	5.345865	4.834342	-3.105857	-0.809671	-16.231788
-83.160627	24.658572	-2.384412	7.088902	4.760187	-3.051837	-0.916797	-16.286854
-95.250499	9.877969	-2.785479	8.504508	4.615786	-2.980028	-1.022872	-16.341793
95.465141	8.804214	-2.784077	8.561055	4.607382	-2.976277	-1.027777	-16.344345
20.648984	7.698598	-2.780836	8.616716	4.598830	-2.972489	-1.032680	-16.346896
-103.933705	-14.502325	-2.390326	9.489950	4.413476	-2.895984	-1.123072	-16.394127
103.494964	-28.640182	-1.395307	10.082938	4.177752	-2.808054	-1.212502	-16.441247
128.845642	-26.924244	0.343942	10.496730	3.841909	-2.692671	-1.315024	-16.495814
-135.906735	-4.553051	2.147199	10.712353	3.441404	-2.564190	-1.416012	-16.550217
-4.226487	-3.213360	2.222165	10.719254	3.421116	-2.557861	-1.420710	-16.552765
136.064481	-1.865950	2.295730	10.725944	3.400700	-2.551506	-1.425405	-16.555313
-112.532499	20.911323	3.313505	10.823145	3.004461	-2.430465	-1.510861	-16.601986
-129.303670	30.032524	3.426124	10.897077	2.570930	-2.301514	-1.594994	-16.648525
126.895722	12.302478	2.184713	10.923377	2.028579	-2.142973	-1.690873	-16.702361
42.002397	-16.698744	0.049425	10.824350	1.453159	-1.976081	-1.784730	-16.755995
-126.763146	-17.844910	-0.063099	10.815233	1.424589	-1.967799	-1.789226	-16.758590
89.898633	-18.938787	-0.175778	10.805660	1.395964	-1.959501	-1.793717	-16.761184
124.194753	-28.534212	-2.108588	10.550740	0.878368	-1.809111	-1.872832	-16.807298
-118.618108	-17.863218	-3.592790	10.107138	0.350074	-1.654300	-1.950256	-16.853247
-27.070543	9.761631	-4.345604	9.305079	-0.266868	-1.470581	-2.037676	-16.906234
107.021484	27.991316	-3.676110	8.149200	-0.880406	-1.283225	-2.122598	-16.958984
-77.872095	28.120479	-3.603805	8.086258	-0.908785	-1.274417	-2.126496	-16.961439
-106.982897	28.163201	-3.527544	8.022500	-0.937136	-1.265603	-2.130389	-16.963893
109.015001	15.771664	-1.528176	6.697636	-1.456039	-1.101508	-2.201475	-17.009277
44.047721	-9.898849	1.023264	5.118991	-1.958453	-0.936495	-2.270510	-17.054471
-112.297173	-31.601823	3.585563	3.014240	-2.508695	-0.746329	-2.347379	-17.106284
93.695684	-23.567837	4.837326	0.609058	-3.019449	-0.557226	-2.421292	-17.157824
107.328387	-22.487499	4.862750	0.490676	-3.041939	-0.548535	-2.424634	-17.160199
-107.075065	-21.352094	4.885587	0.371574	-3.064339	-0.539842	-2.427971	-17.162575
8.146923	6.285286	4.847847	-1.964323	-3.464863	-0.377404	-2.489507	-17.207154
102.059373	32.290906	3.970792	-4.379166	-3.821538	-0.217576	-2.548623	-17.251513
-105.450326	38.992242	2.017485	-7.058079	-4.169241	-0.038170	-2.613461	-17.302211
-94.269000	14.530262	-0.682234	-9.417279	-4.441458	0.135515	-2.674871	-17.352601
115.531682	12.497171	-0.818714	-9.520559	-4.452678	0.143847	-2.677787	-17.355059
25.487454	10.396704	-0.954568	-9.622440	-4.463687	0.152157	-2.680692	-17.357515
-128.504001	-27.657738	-3.146150	-11.186247	-4.624535	0.297423	-2.731063	-17.401192
128.334767	-39.749747	-4.406064	-12.166690	-4.713825	0.436507	-2.778638	-17.444621
143.885366	-21.763646	-4.105085	-12.419306	-4.720235	0.587560	-2.829662	-17.494123
-135.068720	12.539221	-2.502288	-11.743421	-4.618923	0.729214	-2.876774	-17.543280
-0.569359	13.963325	-2.412489	-11.693062	-4.611943	0.735346	-2.878793	-17.545476
133.724814	15.350466	-2.321704	-11.641082	-4.604761	0.741459	-2.880805	-17.547672
-87.586854	33.546995	-0.466813	-10.333681	-4.427377	0.855984	-2.918102	-17.590013
-105.949816	32.635175	1.272124	-8.513309	-4.181372	0.963385	-2.952272	-17.632082
102.463087	9.316164	2.731819	-5.890966	-3.820695	1.078483	-2.987719	-17.680292
36.749219	-13.984747	3.266209	-2.841065	-3.387439	1.184065	-3.018768	-17.728121
-110.155419	-14.827825	3.262430	-2.676211	-3.363530	1.189205	-3.020234	-17.730556
94.744972	-15.623577	3.255310	-2.510718	-3.339473	1.194318	-3.021688	-17.732987
116.935541	-22.422603	2.596010	0.377614	-2.907857	1.277291	-3.044542	-17.774100
-117.488266	-17.402344	0.977490	3.287563	-2.436634	1.353093	-3.063906	-17.814913
-5.416993	1.560216	-1.249340	6.366591	-1.854339	1.431383	-3.081753	-17.861466
111.747432	19.479764	-2.725207	8.803775	-1.238366	1.500164	-3.094755	-17.907605
-103.526292	19.963851	-2.756500	8.895266	-1.209447	1.503093	-3.095233	-17.909713
-112.073354	20.401028	-2.783763	8.984768	-1.180480	1.506001	-3.095701	-17.911820
118.022886	18.262088	-2.610409	10.308291	-0.620566	1.557581	-3.102598	-17.951786
21.681162	-2.323771	-1.512227	10.915039	-0.049934	1.601869	-3.105604	-17.991421
-122.357780	-26.172985	0.137042	10.747141	0.606255	1.643506	-3.104182	-18.036250
83.885411	-25.025079	1.524495	9.678225	1.259474	1.675674	-3.097513	-18.080632
114.886627	-24.205044	1.579617	9.605504	1.290204	1.676964	-3.097066	-18.082724
-114.475169	-23.316009	1.633688	9.530866	1.320887	1.678232	-3.096607	-18.084814
-36.994581	1.532301	2.417407	7.832263	1.879629	1.697808	-3.086010	-18.123111
100.764112	28.186762	2.681451	5.622996	2.422317	1.710241	-3.071315	-18.161058
-103.105299	38.400174	2.066221	2.682026	3.021289	1.715748	-3.049167	-18.204467
-101.003940	17.647948	0.363274	-0.362986	3.580973	1.711798	-3.021410	-18.247400
101.488899	15.822374	0.269506	-0.501822	3.605921	1.711384	-3.019980	-18.249387
13.120265	13.923999	0.175302	-0.640132	3.630762	1.710951	-3.018538	-18.251374
-114.233667	-24.250242	-1.514321	-3.065575	4.070378	1.699256	-2.989602	-18.287987
124.588912	-41.904621	-2.626254	-5.086455	4.466852	1.680702	-2.956495	-18.324242
122.448895	-29.244770	-2.589991	-6.677317	4.864384	1.650865	-2.913052	-18.365823
-125.926033	10.868376	-1.575385	-7.360258	5.186139	1.612400	-2.864374	-18.406920
1.081007	12.692567	-1.515155	-7.371019	5.198824	1.610449	-2.862038	-18.408779
125.376619	14.473340	-1.454121	-7.380115	5.211324	1.608483	-2.859693	-18.410635
-100.939463	37.821925	-0.199332	-7.258175	5.415136	1.567990	-2.813274	-18.445657
-116.072587	36.157405	1.035062	-6.644664	5.556035	1.521559	-2.763267	-18.480316
120.763413	2.862660	2.099086	-5.452587	5.641086	1.460752	-2.701153	-18.519937
58.041861	-28.933487	2.342459	-3.889215	5.643208	1.392678	-2.634632	-18.559071
-130.536738	-29.742970	2.325903	-3.809384	5.641279	1.389319	-2.631409	-18.560893
100.625099	-30.464115	2.306452	-3.729036	5.639167	1.385943	-2.628175	-18.562716
134.601618	-29.406249	1.485424	-2.169557	5.567154	1.320797	-2.566567	-18.596314
-132.010480	-8.796073	0.097834	-0.543354	5.432913	1.251121	-2.501936	-18.629541
-20.645823	18.345908	-1.527650	1.197514	5.202225	1.166091	-2.424158	-18.667244
110.840664	25.464005	-2.382333	2.510782	4.890035	1.076359	-2.342785	-18.704453
-92.930186	24.927511	-2.389406	2.554730	4.874245	1.072265	-2.339082	-18.706099
-109.682687	24.306293	-2.393350	2.597244	4.858295	1.068163	-2.335372	-18.707743
100.386446	2.565064	-1.923663	3.153448	4.513975	0.986429	-2.261485	-18.739707
42.423131	-16.557443	-0.728084	3.254203	4.108916	0.902142	-2.185186	-18.771293
-106.886924	-27.070307	0.942411	2.935622	3.574153	0.802901	-2.094879	-18.807056
95.992864	-23.974900	2.339596	2.292301	2.972047	0.701567	-2.001787	-18.842319
117.092583	-23.398731	2.390780	2.257593	2.943131	0.696909	-1.997481	-18.843915
-117.360787	-22.777671	2.440668	2.222532	2.914093	0.692248	-1.993169	-18.845509
0.079935	-4.202415	3.103770	1.511041	2.337342	0.602787	-1.909843	-18.875754
115.740437	18.309578	3.088585	0.794467	1.721966	0.512748	-1.824717	-18.905618
-114.330201	32.064437	2.060017	0.035756	0.973766	0.409081	-1.724790	-18.939485
-87.984956	18.475258	-0.032844	-0.594017	0.190058	0.305911	-1.622868	-18.972847
116.277098	17.241422	-0.144956	-0.619182	0.152821	0.301128	-1.618075	-18.974389
11.816819	15.963952	-0.257610	-0.643927	0.115527	0.296348	-1.613278	-18.975930
-119.602174	-11.822484	-2.341682	-1.021399	-0.591862	0.207483	-1.522842	-19.004554
112.805828	-33.455702	-3.945771	-1.208505	-1.313750	0.120011	-1.431205	-19.032791
133.516911	-31.201788	-4.576677	-1.139313	-2.151673	0.021971	-1.324789	-19.064703
-140.717401	6.055339	-3.970345	-0.754775	-2.987009	-0.072969	-1.217182	-19.096104
-23.346590	7.843002	-3.915959	-0.731520	-3.024310	-0.077164	-1.212307	-19.097507
140.738956	9.587177	-3.859342	-0.707871	-3.061542	-0.081349	-1.207434	-19.098908
-96.801007	32.294793	-2.330305	-0.188656	-3.769255	-0.160656	-1.112840	-19.125796
-122.587047	30.111563	-0.103285	0.382420	-4.441012	-0.236602	-1.017653	-19.152293
114.004510	-1.272376	2.679044	0.980545	-5.147919	-0.319581	-0.907112	-19.182421
44.542711	-29.481287	4.819391	1.372585	-5.755165	-0.396783	-0.796179	-19.212023
-113.407438	-30.155214	4.885298	1.383032	-5.779549	-0.400070	-0.791241	-19.213327
90.958953	-30.760751	4.948065	1.392788	-5.803698	-0.403344	-0.786302	-19.214629
114.106611	-30.108850	5.577748	1.429596	-6.224571	-0.464167	-0.690584	-19.239665
-112.813021	-11.358313	5.265592	1.149076	-6.553690	-0.519708	-0.594876	-19.264309
-14.398705	16.791626	3.931926	0.499524	-6.816046	-0.576948	-0.484026	-19.292408
109.568237	29.175943	1.752404	-0.377057	-6.944951	-0.625798	-0.373582	-19.319976
-90.447967	28.996136	1.648854	-0.415685	-6.947293	-0.627598	-0.369101	-19.321086
-109.685637	28.750672	1.544303	-0.454469	-6.949405	-0.629382	-0.364622	-19.322195
113.082312	12.362767	-0.822317	-1.304646	-6.938827	-0.663937	-0.269208	-19.345675
32.413132	-10.087019	-3.065890	-2.139411	-6.818976	-0.691861	-0.174397	-19.368752
-128.227637	-26.574591	-4.730668	-2.940120	-6.556114	-0.715216	-0.071019	-19.393654
133.479143	-24.095602	-5.045300	-3.511083	-6.150531	-0.731227	0.031313	-19.418066
-131.258722	-3.406628	-4.212206	-3.766460	-5.574682	-0.740492	0.136566	-19.442955
-20.271775	19.645339	-2.589657	-3.672087	-4.856606	-0.742654	0.240397	-19.467309
119.679388	20.296161	-2.503315	-3.659751	-4.821000	-0.742591	0.245075	-19.468402
-83.426888	20.889271	-2.416150	-3.646727	-4.785150	-0.742516	0.249749	-19.469494
-107.900219	21.203289	-0.628299	-3.264126	-4.051594	-0.738490	0.339008	-19.490264
103.775710	5.109991	1.180755	-2.636370	-3.244576	-0.729832	0.427090	-19.510625
48.103651	-12.238251	2.813715	-1.627802	-2.250403	-0.714684	0.526491	-19.533441
-117.641011	-19.734195	3.427489	-0.323050	-1.204449	-0.694464	0.624264	-19.555716
95.421759	-19.767692	3.421750	-0.255870	-1.155291	-0.693417	0.628739	-19.556731
118.052374	-19.772059	3.412585	-0.188091	-1.106076	-0.692360	0.633210	-19.557745
-118.006560	-14.908052	2.678277	1.180497	-0.171787	-0.670732	0.716724	-19.576628
2.340370	-2.247311	1.220013	2.642527	0.766376	-0.646065	0.798944	-19.595099
110.075213	15.160973	-0.646092	4.232317	1.816691	-0.614813	0.890714	-19.615578
-114.291206	25.543484	-1.959504	5.508175	2.828857	-0.580615	0.980731	-19.635523
-88.536121	15.515874	-2.151704	6.281305	3.769374	-0.544423	1.067941	-19.654712
132.529255	-9.363432	-1.459367	6.504492	4.628068	-0.506358	1.153352	-19.673375
31.127832	-10.732087	-1.412105	6.501366	4.666345	-0.504517	1.157353	-19.674246
-132.739958	-12.105133	-1.363909	6.497010	4.704387	-0.502672	1.161350	-19.675116
102.367275	-34.520043	-0.296161	6.159956	5.404987	-0.465803	1.239230	-19.692010
124.688770	-29.898483	0.760647	5.341613	6.010736	-0.428185	1.315470	-19.708444
-124.514730	-28.452767	0.808934	5.286865	6.039059	-0.426253	1.319314	-19.709270
8.999943	-26.876812	0.856392	5.230885	6.067112	-0.424322	1.323151	-19.710095
123.359803	14.120187	1.539242	3.959907	6.546636	-0.388017	1.394313	-19.725330
-115.289661	41.066364	1.596300	2.339463	6.936939	-0.351786	1.463918	-19.740145
-126.664162	31.867716	0.626791	0.222234	7.276126	-0.310386	1.542547	-19.756773
131.906263	-16.064939	-0.782831	-1.923255	7.492692	-0.270113	1.619002	-19.772832
33.033581	-18.282943	-0.848021	-2.026415	7.500232	-0.268150	1.622746	-19.773616
-132.118904	-20.403850	-0.911953	-2.129087	7.507468	-0.266190	1.626487	-19.774399
92.333193	-40.929910	-1.694271	-3.776524	7.583539	-0.233268	1.689833	-19.787613
122.046506	-35.913545	-1.648348	-5.107226	7.567887	-0.201911	1.751528	-19.800409
-111.185810	-9.364909	-0.857004	-6.092297	7.435868	-0.168077	1.820065	-19.814538
-22.359305	18.819522	0.305844	-6.452444	7.180111	-0.136377	1.886357	-19.828116
96.861852	30.973387	1.484271	-6.226408	6.802775	-0.106928	1.949910	-19.841051
-96.596932	17.024972	2.356575	-5.475689	6.307440	-0.079410	2.011166	-19.853439
-98.391118	15.895346	2.383848	-5.429236	6.281831	-0.078179	2.013949	-19.854000
98.747053	14.736895	2.409678	-5.381803	6.255999	-0.076953	2.016727	-19.854560
6.058646	-10.193785	2.567034	-4.226282	5.689837	-0.053050	2.071680	-19.865600
-123.766640	-23.327541	1.839813	-2.735694	5.046407	-0.030680	2.124555	-19.876160
124.291794	-23.281647	1.770600	-2.647654	5.009866	-0.029519	2.127338	-19.876714
116.989333	-23.142791	1.698214	-2.558926	4.973139	-0.028363	2.130116	-19.877267
-128.831225	-9.946482	0.052697	-0.924651	4.300661	-0.008741	2.177857	-19.886742
-14.282350	9.810822	-1.809241	0.733622	3.582614	0.009644	2.223683	-19.895787
115.065025	21.661690	-3.294343	2.460317	2.702091	0.029596	2.274657	-19.905790
-84.335693	8.989935	-3.241300	3.744861	1.791082	0.048034	2.322948	-19.915204
-105.140814	7.966720	-3.202230	3.795117	1.746215	0.048895	2.325232	-19.915648
104.926303	6.926066	-3.160247	3.844268	1.701289	0.049753	2.327511	-19.916090
54.371776	-11.928741	-2.019446	4.525326	0.907238	0.064309	2.366594	-19.923654
-111.988826	-26.200501	-0.371311	4.862212	0.115571	0.077833	2.403684	-19.930782
111.521026	-28.412944	1.698550	4.832409	-0.790156	0.092319	2.444378	-19.938533
118.208564	-13.483711	3.402208	4.367211	-1.668868	0.105471	2.482394	-19.945690
-117.868360	-12.324609	3.467571	4.333900	-1.710705	0.106076	2.484173	-19.946023
14.741463	-11.125172	3.530918	4.299638	-1.752430	0.106678	2.485944	-19.946354
109.059867	13.984230	4.263821	3.545129	-2.473999	0.116796	2.516187	-19.951962
-106.728873	34.411102	4.048613	2.551854	-3.163324	0.125966	2.544500	-19.957132
-83.766932	29.666632	2.382635	1.202990	-3.919733	0.135479	2.575135	-19.962608
129.491243	2.472928	-0.168463	-0.215361	-4.616172	0.143717	2.603217	-19.967484
24.013799	0.835872	-0.302877	-0.285127	-4.649060	0.144093	2.604546	-19.967710
-130.642893	-0.809518	-0.437232	-0.354698	-4.681777	0.144466	2.605870	-19.967935
110.846197	-26.836631	-2.642852	-1.509030	-5.219430	0.150424	2.627776	-19.971591
140.563236	-36.492839	-4.249716	-2.509918	-5.700300	0.155452	2.647856	-19.974801
-138.488099	-12.962121	-4.848952	-3.358865	-6.178800	0.160122	2.668848	-19.977958
-21.699099	25.801516	-4.279658	-3.773216	-6.565398	0.163567	2.687462	-19.980513
127.444664	27.182082	-4.225581	-3.782447	-6.582053	0.163706	2.688325	-19.980625
-96.938442	28.455052	-4.169289	-3.790643	-6.598449	0.163843	2.689182	-19.980734
-114.582660	32.797862	-2.856837	-3.778740	-6.842615	0.165736	2.703141	-19.982402
109.516243	8.294327	-1.032973	-3.508224	-7.008663	0.166741	2.715385	-19.983620
37.735655	-21.846880	1.297359	-2.922693	-7.106488	0.166807	2.727541	-19.984475
-121.148122	-28.278049	3.270208	-2.111130	-7.105573	0.165712	2.737402	-19.984714
76.840383	-27.608034	3.347445	-2.066573	-7.103073	0.165630	2.737828	-19.984710
121.183470	-26.836247	3.422401	-2.021641	-7.100347	0.165545	2.738248	-19.984704
-116.930208	-4.011887	4.402071	-1.184060	-7.016923	0.163647	2.744718	-19.984364
-12.517480	17.126314	4.889220	-0.277167	-6.868109	0.161019	2.749523	-19.983566
104.055381	26.832253	5.092628	0.804357	-6.618147	0.157139	2.753032	-19.982067
-92.780985	16.053534	5.127581	1.854463	-6.289998	0.152454	2.754352	-19.979950
-104.279570	15.167525	5.125139	1.898784	-6.273887	0.152231	2.754360	-19.979843
104.457065	14.252076	5.122287	1.942911	-6.257636	0.152007	2.754364	-19.979735
14.886390	-7.297126	4.967844	2.767848	-5.907823	0.147292	2.753606	-19.977346
-118.317746	-26.313841	4.577378	3.471918	-5.506705	0.142081	2.751263	-19.974489
126.310063	-30.675389	3.738647	4.082194	-4.986862	0.135541	2.746655	-19.970628
107.422021	-13.059674	2.410202	4.438727	-4.408908	0.128481	2.740048	-19.966148
-128.936154	-11.709441	2.332175	4.449530	-4.378468	0.128115	2.739665	-19.965907
11.534692	-10.324507	2.253254	4.459638	-4.347914	0.127747	2.739277	-19.965665
126.081584	15.555332	0.770302	4.523813	-3.803228	0.121270	2.731856	-19.961260
-103.334194	34.499050	-0.886622	4.375021	-3.222982	0.114512	2.723026	-19.956400
-122.173487	32.908834	-2.845470	3.923081	-2.508981	0.106370	2.711043	-19.950186
128.392922	1.284892	-4.425995	3.160201	-1.759624	0.097984	2.697255	-19.943363
43.765451	-0.543368	-4.487383	3.113043	-1.720858	0.097553	2.696508	-19.943001
-129.088984	-2.347973	-4.546495	3.065066	-1.682035	0.097122	2.695756	-19.942637
107.316732	-27.118493	-5.142035	2.124430	-1.015804	0.089740	2.682310	-19.936217
131.167591	-35.634458	-4.763132	0.951585	-0.342502	0.082282	2.667600	-19.929353
-121.013242	-17.687258	-2.955019	-0.632575	0.435871	0.073597	2.648997	-19.920836
-15.533639	19.432938	-0.300774	-2.298934	1.198152	0.064945	2.628795	-19.911731
107.565139	20.942204	-0.159380	-2.381913	1.235938	0.064511	2.627735	-19.911256
-95.361324	22.357351	-0.018125	-2.464568	1.273624	0.064077	2.626671	-19.910780
-100.224006	32.586434	2.295275	-3.818970	1.907357	0.056676	2.607782	-19.902367
99.787484	22.477318	4.082761	-4.967922	2.508729	0.049406	2.587775	-19.893523
20.846425	-1.577410	5.170899	-5.882270	3.148513	0.041273	2.563437	-19.882826
-119.892774	-24.336707	4.974752	-6.216722	3.721383	0.033449	2.537724	-19.871570
102.860030	-25.186696	4.926843	-6.217126	3.748819	0.033057	2.536369	-19.870977
121.277874	-25.987651	4.875120	-6.215885	3.776059	0.032667	2.535011	-19.870384
-130.158124	-28.557704	3.418236	-5.955713	4.206571	0.026228	2.511543	-19.860134
7.108762	-6.205667	0.978735	-5.276214	4.580241	0.020127	2.487124	-19.849476
116.527529	25.383523	-2.197861	-4.022323	4.941692	0.013524	2.457602	-19.836583
-98.004076	29.441074	-4.535173	-2.339899	5.223395	0.007512	2.426902	-19.823152
-104.038364	28.620426	-4.608685	-2.244034	5.235587	0.007223	2.425307	-19.822453
103.769827	27.693945	-4.676843	-2.147202	5.247574	0.006936	2.423708	-19.821753
24.218428	1.749996	-5.074766	-0.402796	5.417194	0.002370	2.396397	-19.809770
-111.688087	-25.618036	-4.257179	1.478641	5.525882	-0.001655	2.368301	-19.797402
90.558057	-32.560426	-2.126379	3.639226	5.574290	-0.005586	2.334754	-19.782570
117.398775	-14.126076	0.777350	5.544197	5.537688	-0.008677	2.300245	-19.767234
-117.307428	-12.764706	0.917314	5.623547	5.533843	-0.008803	2.298597	-19.766500
11.530810	-11.367725	1.056659	5.701767	5.529806	-0.008927	2.296947	-19.765764
114.900697	16.139785	3.374619	6.912008	5.420618	-0.010925	2.266123	-19.751984
-115.198440	33.215520	4.705240	7.569637	5.245035	-0.012405	2.234639	-19.737833
-112.207356	27.571791	4.379107	7.502668	4.961282	-0.013536	2.197559	-19.721073
124.621319	-3.738501	2.585276	6.654256	4.599543	-0.014109	2.159637	-19.703835
10.017463	-5.273609	2.476213	6.596608	4.580388	-0.014124	2.157793	-19.702995
-124.968802	-6.768401	2.365748	6.537551	4.561080	-0.014137	2.155948	-19.702153
102.097872	-25.384244	0.238649	5.252193	4.188332	-0.014186	2.122342	-19.686798
126.003003	-26.777413	-1.779672	3.621473	3.773877	-0.013896	2.088110	-19.671096
-123.795978	-8.319743	-3.370659	1.451190	3.253854	-0.013185	2.047856	-19.652565
-0.387005	14.317275	-3.861931	-0.873506	2.699618	-0.012120	2.006768	-19.633586
119.740357	15.071198	-3.854045	-0.981645	2.673447	-0.012063	2.004855	-19.632701
-84.415514	15.781448	-3.843272	-1.089822	2.647210	-0.012006	2.002939	-19.631814
-115.549475	20.664518	-3.079754	-3.088963	2.147633	-0.010818	1.966664	-19.615008
113.551283	11.059007	-1.307280	-4.940947	1.639151	-0.009441	1.929768	-19.597878
32.256531	-6.363895	1.186356	-6.717567	1.047634	-0.007651	1.886173	-19.577599
-116.916192	-19.403810	2.981811	-7.858563	0.465534	-0.005705	1.841743	-19.556898
98.949783	-19.717523	3.026214	-7.890722	0.439923	-0.005615	1.839737	-19.555963
116.961480	-20.000585	3.066675	-7.921102	0.414354	-0.005525	1.837731	-19.555028
-115.329204	-18.482369	3.130219	-8.164212	-0.069466	-0.003755	1.798660	-19.536801
3.568799	-3.202089	2.140429	-7.791989	-0.530232	-0.001945	1.758966	-19.518269
103.165623	19.565294	0.330718	-6.711849	-1.029196	0.000152	1.712337	-19.496488
-84.564882	29.011709	-1.453236	-5.076181	-1.490403	0.002205	1.664880	-19.474316
-100.551791	28.726453	-1.520926	-4.991339	-1.510370	0.002296	1.662712	-19.473303
100.633502	28.360153	-1.586965	-4.905673	-1.530257	0.002387	1.660541	-19.472289
24.021145	9.122110	-2.517989	-3.118748	-1.897415	0.004092	1.618396	-19.452599
-112.739160	-18.864696	-2.728881	-1.162316	-2.233471	0.005687	1.575623	-19.432624
119.402860	-37.668006	-1.955038	1.111039	-2.577937	0.007328	1.525999	-19.409462
115.243302	-26.708403	-0.168875	3.263188	-2.878892	0.008727	1.475558	-19.385940
-120.491122	-25.231686	-0.076730	3.354597	-2.891391	0.008783	1.473268	-19.384872
37.779002	-23.663454	0.015601	3.445354	-2.903789	0.008839	1.470978	-19.383805
117.755804	15.108557	1.721393	5.066694	-3.125830	0.009797	1.426277	-19.362985
-120.672757	41.350772	2.799136	6.352701	-3.312476	0.010494	1.380957	-19.341902
-121.101149	33.390779	2.659153	7.299516	-3.482030	0.010930	1.328071	-19.317336
132.405858	-13.739139	1.445370	7.650201	-3.601824	0.010924	1.274368	-19.292438
31.634157	-15.927623	1.367078	7.653089	-3.606489	0.010911	1.271656	-19.291182
-133.383356	-18.014670	1.287597	7.654652	-3.611028	0.010897	1.268940	-19.289924
98.790402	-37.455640	-0.198025	7.482342	-3.669763	0.010448	1.221531	-19.267990
135.889318	-30.650930	-1.655589	6.972630	-3.692524	0.009584	1.173513	-19.245817
-128.622727	-3.473063	-2.974719	6.049790	-3.677771	0.008054	1.117825	-19.220155
-15.209159	21.356750	-3.606257	4.847568	-3.623278	0.005989	1.061362	-19.194192
118.457447	22.159586	-3.613965	4.780808	-3.619532	0.005871	1.058482	-19.192869
-94.759466	22.900645	-3.619020	4.713565	-3.615695	0.005753	1.055599	-19.191546
-109.415401	26.629477	-3.240493	3.482982	-3.535502	0.003516	1.005477	-19.168548
104.246178	17.202283	-1.930667	2.152482	-3.430895	0.000966	0.954789	-19.145332
9.824949	1.617069	0.268891	0.583534	-3.284934	-0.002281	0.896203	-19.118543
-113.064072	-13.549330	2.573883	-0.950226	-3.114590	-0.005829	0.836921	-19.091481
97.440046	-14.176518	2.671846	-1.018740	-3.106196	-0.006000	0.834165	-19.090224
113.936867	-14.791543	2.768533	-1.086976	-3.097758	-0.006171	0.831408	-19.088967
-121.335265	-20.480093	4.271323	-2.315011	-2.930309	-0.009496	0.778921	-19.065041
14.819036	-7.996725	4.954517	-3.384419	-2.750205	-0.012971	0.725945	-19.040918
120.165968	14.631325	4.891908	-4.381278	-2.531386	-0.017102	0.664578	-19.012995
-106.220456	22.927802	4.292233	-5.129449	-2.303477	-0.021339	0.602636	-18.984826
-117.210506	22.602137	4.258392	-5.158044	-2.292869	-0.021535	0.599781	-18.983528
117.213796	22.199308	4.224291	-5.186133	-2.282258	-0.021731	0.596927	-18.982230
19.836109	3.985215	3.524052	-5.628254	-2.080019	-0.025462	0.542700	-18.957574
-122.646254	-19.321638	2.714625	-5.908991	-1.876901	-0.029205	0.488093	-18.932742
112.461058	-29.367674	1.634850	-6.048867	-1.644658	-0.033509	0.424617	-18.903861
116.695628	-16.291189	0.373809	-6.010775	-1.417678	-0.037759	0.360725	-18.874761
-116.360374	-15.119183	0.309961	-6.005091	-1.407351	-0.037953	0.357768	-18.873414
8.011059	-13.899784	0.245577	-5.999082	-1.397044	-0.038147	0.354813	-18.872067
109.904476	13.628105	-1.093119	-5.826773	-1.204679	-0.041768	0.298806	-18.846520
-91.511729	35.161924	-2.708629	-5.553359	-1.017119	-0.045291	0.242555	-18.820819
-114.372307	33.151910	-4.878278	-5.132540	-0.807057	-0.049201	0.177433	-18.790999
125.778388	-3.793632	-6.864275	-4.621032	-0.603903	-0.052911	0.112074	-18.760988
27.000192	-5.620909	-6.938929	-4.596302	-0.594944	-0.053072	0.109133	-18.759636
-126.622392	-7.417584	-7.011911	-4.571422	-0.585993	-0.053233	0.106190	-18.758282
125.004368	-32.981930	-7.996252	-4.073757	-0.417984	-0.056209	0.049952	-18.732375
130.010619	-36.802488	-7.927524	-3.542800	-0.255453	-0.058983	-0.006393	-18.706337
-124.856808	-10.515049	-6.200861	-2.902388	-0.073976	-0.061917	-0.071863	-18.675969
11.790286	25.130296	-3.118096	-2.249346	0.099618	-0.064511	-0.137392	-18.645438
116.477236	26.384075	-2.943844	-2.217437	0.107868	-0.064628	-0.140584	-18.643947
-95.538761	27.554489	-2.767771	-2.185511	0.116104	-0.064745	-0.143779	-18.642454
-110.467582	33.460390	0.555234	-1.622549	0.258593	-0.066647	-0.200310	-18.615983
111.849270	13.861873	3.980209	-1.069050	0.394811	-0.068241	-0.256815	-18.589402
30.210245	-15.312868	7.424493	-0.446228	0.545594	-0.069680	-0.322675	-18.558255
-134.255664	-28.549104	9.467368	0.139242	0.687318	-0.070629	-0.388410	-18.526972
84.197342	-28.431020	9.514655	0.165591	0.693744	-0.070661	-0.391492	-18.525500
134.909503	-28.234241	9.557030	0.191827	0.700150	-0.070692	-0.394574	-18.524028
-135.496798	-14.202710	9.522272	0.648961	0.813068	-0.071042	-0.450576	-18.497195
-6.363693	8.103938	8.140423	1.067424	0.918975	-0.070981	-0.506420	-18.470274
108.262356	23.982391	5.164353	1.511290	1.033705	-0.070355	-0.571486	-18.438686
-84.769597	14.926895	1.174186	1.911351	1.138328	-0.069095	-0.636247	-18.406993
-90.281402	14.158967	0.970048	1.929431	1.143060	-0.069019	-0.639327	-18.405479
89.831372	13.385912	0.765281	1.947424	1.147769	-0.068941	-0.642407	-18.403965
14.979792	-0.104940	-2.928264	2.256701	1.228315	-0.067272	-0.697595	-18.376718
-97.719893	-11.560866	-6.321458	2.541742	1.301034	-0.065088	-0.752483	-18.349406
109.134562	-19.890340	-9.151502	2.833260	1.372202	-0.062046	-0.812861	-18.319097
-114.040471	-20.065720	-10.381535	3.104084	1.433325	-0.058322	-0.872782	-18.288721
9.737334	-3.730902	-9.446189	3.367019	1.486496	-0.053647	-0.935238	-18.256716
112.331128	16.882643	-6.514734	3.589688	1.528024	-0.048171	-0.997075	-18.224648
-112.580926	17.682008	-6.327442	3.599213	1.529763	-0.047880	-1.000103	-18.223067
-105.042377	18.439820	-6.136670	3.608576	1.531472	-0.047587	-1.003127	-18.221488
120.000846	22.066404	-2.295901	3.744044	1.556581	-0.042165	-1.055552	-18.193942
17.691370	3.724574	2.197722	3.817315	1.572758	-0.036126	-1.107431	-18.166362
-122.472153	-23.499486	7.088644	3.804940	1.580441	-0.028333	-1.167138	-18.134187
96.296980	-28.047672	10.123118	3.665000	1.576744	-0.019770	-1.225978	-18.101981
112.716398	-27.416491	10.198438	3.654196	1.576274	-0.019321	-1.228906	-18.100365
-112.212050	-26.696976	10.265269	3.643010	1.575777	-0.018871	-1.231831	-18.098749
-14.593676	-4.525287	10.192580	3.389699	1.563241	-0.010901	-1.281603	-18.071029
98.814668	22.124506	8.165793	3.019322	1.543470	-0.002485	-1.330634	-18.043296
-97.459005	35.644708	3.987196	2.462870	1.511968	0.007817	-1.386808	-18.010947
-98.823337	19.765335	-1.277835	1.806053	1.472151	0.018565	-1.441838	-17.978593
99.271528	18.115249	-1.535992	1.772362	1.470029	0.019094	-1.444468	-17.977029
-1.985858	16.385201	-1.793123	1.738523	1.467889	0.019625	-1.447096	-17.975465
-111.341875	-18.991355	-5.986742	1.118294	1.427157	0.029158	-1.493213	-17.947726
123.770046	-40.079411	-8.802646	0.475195	1.381487	0.038896	-1.538384	-17.919995
122.035878	-33.052191	-9.451808	-0.272778	1.322771	0.050423	-1.589732	-17.887720
-129.682409	7.272890	-7.903516	-0.989100	1.258878	0.062072	-1.639665	-17.855472
17.710993	9.398257	-7.788827	-1.023048	1.255624	0.062646	-1.642077	-17.853890
128.760927	11.482492	-7.671407	-1.056868	1.252360	0.063219	-1.644486	-17.852309
-96.769059	37.686332	-5.300151	-1.625801	1.193655	0.073264	-1.686059	-17.824649
-107.744779	36.715321	-2.704425	-2.143836	1.132307	0.083301	-1.726510	-17.797018
109.633134	0.050877	0.166269	-2.666458	1.058479	0.094890	-1.772010	-17.764994
50.394512	-29.291378	2.479386	-3.088029	0.982595	0.106361	-1.815917	-17.733024
-121.271812	-29.790701	2.571426	-3.105891	0.978815	0.106922	-1.818040	-17.731449
100.202200	-30.170242	2.661016	-3.123464	0.975031	0.107483	-1.820159	-17.729875
126.974766	-21.330400	3.873512	-3.381351	0.908599	0.117208	-1.856512	-17.702406
-124.999660	2.485127	4.629730	-3.539019	0.841812	0.126772	-1.891629	-17.674987
-20.796934	24.184977	5.342098	-3.581519	0.764298	0.137661	-1.930924	-17.643134
104.175119	22.899157	6.185095	-3.455373	0.687672	0.148245	-1.968484	-17.611363
-89.064334	21.972980	6.227394	-3.444263	0.683851	0.148768	-1.970324	-17.609769
-102.821693	20.960162	6.269284	-3.432686	0.680034	0.149290	-1.972159	-17.608177
93.084180	-2.473258	6.874970	-3.159245	0.615168	0.158067	-2.002833	-17.580990
42.816741	-18.253711	7.093452	-2.735153	0.551021	0.166563	-2.032190	-17.553871
-99.500032	-23.672354	6.524838	-2.046894	0.477127	0.176076	-2.064732	-17.522347
80.710568	-18.838620	4.872231	-1.192836	0.404167	0.185138	-2.095445	-17.490928
111.047950	-18.236768	4.767206	-1.147361	0.400579	0.185574	-2.096917	-17.489375
-111.413356	-17.592113	4.660419	-1.101642	0.396994	0.186009	-2.098385	-17.487823
-2.732595	-0.980388	2.578871	-0.274878	0.334923	0.193391	-2.123215	-17.460843
111.291614	18.366366	0.286438	0.581391	0.273509	0.200394	-2.146666	-17.433948
-108.322768	30.389672	-2.236452	1.557576	0.202981	0.208032	-2.172164	-17.402822
-95.891934	17.976340	-4.169800	2.451557	0.133291	0.215114	-2.195786	-17.371817
109.271119	16.537691	-4.241991	2.491897	0.129914	0.215444	-2.196890	-17.370308
14.001826	15.020902	-4.311760	2.531855	0.126541	0.215773	-2.197988	-17.368801
-114.923634	-16.578696	-5.105899	3.170928	0.067219	0.221360	-2.216671	-17.342201
110.988071	-34.893524	-4.908813	3.658971	0.008480	0.226500	-2.233952	-17.315697
130.881144	-27.920615	-3.358331	4.014325	-0.058506	0.231852	-2.252126	-17.285278
-131.695788	5.671355	-0.992883	4.133215	-0.124762	0.236574	-2.268433	-17.254992
-21.838885	7.583269	-0.860859	4.132630	-0.128225	0.236805	-2.269239	-17.253404
131.134508	9.463064	-0.728865	4.131348	-0.131686	0.237033	-2.270039	-17.251816
-78.314959	32.827487	1.336229	4.008215	-0.188327	0.240535	-2.282460	-17.225767
-112.387548	35.343177	2.855864	3.685844	-0.244522	0.243544	-2.293492	-17.199820
106.358697	7.921423	3.460217	3.043528	-0.309337	0.246411	-2.304571	-17.169796
48.780692	-24.601112	2.991793	2.101263	-0.373704	0.248589	-2.313785	-17.139915
-106.895651	-25.719764	2.945608	2.048171	-0.376869	0.248678	-2.314192	-17.138445
98.180268	-26.762636	2.897460	1.994547	-0.380033	0.248766	-2.314594	-17.136974
108.234511	-32.246233	1.766625	0.982880	-0.435258	0.250024	-2.320895	-17.111315
-107.939037	-14.826180	0.244683	-0.124079	-0.490271	0.250754	-2.325821	-17.085763
-2.824406	16.915102	-1.458749	-1.440047	-0.553746	0.250932	-2.329813	-17.056327
105.129373	29.808372	-2.410574	-2.698787	-0.617097	0.250387	-2.331983	-17.027036
-92.372320	29.323457	-2.425876	-2.760115	-0.620352	0.250339	-2.332045	-17.025534
-105.199004	28.700873	-2.437361	-2.820980	-0.623605	0.250289	-2.332103	-17.024034
107.790712	5.001492	-2.141923	-3.765235	-0.678269	0.249164	-2.332359	-16.998873
46.793670	-20.210617	-1.200420	-4.514970	-0.732964	0.247486	-2.331273	-16.973821
-118.783310	-30.043040	0.205467	-5.085498	-0.796630	0.244835	-2.328336	-16.944845
89.347021	-10.355980	1.437293	-5.278952	-0.860498	0.241420	-2.323609	-16.916015
116.730523	-8.947682	1.488030	-5.277696	-0.863727	0.241227	-2.323323	-16.914564
-116.431550	-7.529926	1.537383	-5.275330	-0.866956	0.241033	-2.323033	-16.913114
-10.547994	15.897118	2.126409	-5.058074	-0.921789	0.237420	-2.317403	-16.888499
101.313317	31.798748	2.110977	-4.485314	-0.975783	0.233232	-2.310472	-16.863991
-94.291421	31.652647	1.217069	-3.364388	-1.036339	0.227623	-2.300772	-16.835592
-81.642598	11.788391	-0.241076	-1.848038	-1.093012	0.221219	-2.289329	-16.807338
94.533054	10.335927	-0.317751	-1.765412	-1.095698	0.220880	-2.288715	-16.805939
30.792767	8.846720	-0.394322	-1.682205	-1.098372	0.220539	-2.288097	-16.804540
-103.769490	-17.699412	-1.622343	-0.176734	-1.142399	0.214312	-2.276713	-16.780348
104.838309	-32.597228	-2.402204	1.377033	-1.181406	0.207483	-2.264054	-16.756264
128.042778	-29.294467	-2.396374	3.110026	-1.219119	0.198798	-2.247785	-16.728462
-125.346621	-3.604380	-1.601076	4.654749	-1.247339	0.189277	-2.229823	-16.700804
-1.321796	-1.739815	-1.544381	4.727619	-1.248515	0.188760	-2.228846	-16.699374
124.222335	0.160832	-1.486483	4.799665	-1.249662	0.188240	-2.227864	-16.697944
-112.739442	28.491118	-0.382649	5.867525	-1.264221	0.179191	-2.210782	-16.674099
-96.766397	30.621697	0.832223	6.627601	-1.269408	0.169435	-2.192446	-16.650363
107.145612	8.228336	2.095487	7.026307	-1.262513	0.157302	-2.169814	-16.623194
42.381060	-18.994834	2.926084	6.810297	-1.240963	0.144190	-2.145543	-16.596166
-115.757994	-20.025322	2.949750	6.782821	-1.239585	0.143542	-2.144346	-16.594883
79.468466	-21.012428	2.971709	6.753712	-1.238177	0.142892	-2.143147	-16.593600
123.339823	-29.830111	3.007827	5.946526	-1.207241	0.130650	-2.120582	-16.570224
-125.277459	-17.403604	2.226248	4.687783	-1.167116	0.117736	-2.096795	-16.546954
-26.162904	14.738694	0.672121	2.823543	-1.110942	0.102107	-2.067948	-16.520334
112.389788	31.782275	-1.009565	0.672858	-1.045488	0.085698	-2.037517	-16.493856
-97.864451	31.483312	-1.092256	0.551940	-1.041723	0.084792	-2.035830	-16.492431
-111.688708	31.023226	-1.173560	0.430699	-1.037936	0.083884	-2.034139	-16.491007
107.980683	8.195622	-2.274957	-1.532359	-0.974466	0.069072	-2.006455	-16.468268
43.870203	-21.041881	-2.961267	-3.463491	-0.906325	0.053771	-1.977620	-16.445633
-103.565004	-35.431778	-3.163656	-5.519341	-0.822836	0.035486	-1.942788	-16.419540
68.397981	-13.688525	-2.728269	-7.231367	-0.735931	0.016657	-1.906446	-16.393587
97.015320	-11.991928	-2.693527	-7.308674	-0.731353	0.015665	-1.904517	-16.392243
-96.746221	-10.277999	-2.657984	-7.384735	-0.726770	0.014672	-1.902585	-16.390900
-8.247585	17.966312	-1.990954	-8.465044	-0.649502	-0.002141	-1.869628	-16.368455
95.718038	37.318654	-1.347302	-9.156721	-0.571939	-0.019277	-1.835553	-16.346117
-99.631282	37.363942	-0.840478	-9.447723	-0.483427	-0.039394	-1.794876	-16.320483
-93.835433	15.272392	-0.508747	-9.175189	-0.397161	-0.059830	-1.752744	-16.294990
105.378794	13.839304	-0.495011	-9.150113	-0.393450	-0.060730	-1.750870	-16.293880
2.800099	12.373072	-0.481184	-9.123941	-0.389746	-0.061629	-1.748995	-16.292770
-113.006385	-17.699180	-0.145445	-8.384347	-0.317343	-0.079543	-1.711267	-16.270835
127.491885	-33.488881	0.458271	-7.261479	-0.246872	-0.097611	-1.672472	-16.249004
129.375844	-26.791873	1.649523	-5.554496	-0.167742	-0.118670	-1.626241	-16.223860
-127.862710	1.748567	3.044816	-3.491657	-0.091294	-0.139823	-1.578615	-16.198858
-2.173382	3.216761	3.109770	-3.384176	-0.087660	-0.140849	-1.576273	-16.197650
127.012544	4.658990	3.174095	-3.276069	-0.084032	-0.141875	-1.573928	-16.196443
-80.915136	23.609747	4.159467	-1.251820	-0.020369	-0.160191	-1.531529	-16.174955
-103.781212	24.455901	4.637271	0.914243	0.041222	-0.178491	-1.488113	-16.153571
102.000814	1.860145	4.237757	3.503683	0.109427	-0.199455	-1.436963	-16.129121
55.793257	-18.546748	2.694973	6.076378	0.174814	-0.220289	-1.384498	-16.104809
-112.231481	-19.171297	2.579547	6.210013	0.178243	-0.221402	-1.381646	-16.103509
93.554978	-19.732710	2.460815	6.342946	0.181662	-0.222514	-1.378790	-16.102209
120.059385	-21.215967	0.099047	8.353186	0.235589	-0.240345	-1.332293	-16.081326
-119.575462	-11.623337	-2.944810	10.001663	0.287346	-0.257991	-1.284838	-16.060547
-6.579889	9.049894	-6.323154	11.238199	0.344717	-0.278213	-1.228517	-16.036534
103.125879	23.617438	-8.177541	11.491721	0.399075	-0.298076	-1.170937	-16.012661
-102.889298	23.828149	-8.204944	11.473702	0.401730	-0.299065	-1.168007	-16.011463
-87.318694	23.970419	-8.224732	11.452483	0.404379	-0.300054	-1.165071	-16.010265
102.181563	16.678400	-7.424255	10.611823	0.449226	-0.316931	-1.113943	-15.989655
23.488659	-3.620369	-4.815125	8.998352	0.493581	-0.333450	-1.061891	-15.969150
-111.197283	-26.869843	-0.241641	6.422606	0.546110	-0.351959	-1.000883	-15.945691
95.405112	-30.301160	5.268765	3.341434	0.602620	-0.369886	-0.938681	-15.922370
116.471947	-29.596986	5.554209	3.179453	0.605587	-0.370764	-0.935548	-15.921210
-116.635214	-28.792298	5.839805	3.016936	0.608571	-0.371640	-0.932411	-15.920051
-12.733787	-3.503720	10.569317	0.148542	0.663239	-0.386576	-0.877548	-15.899998
115.000513	24.693477	14.011983	-2.691248	0.724527	-0.400988	-0.821816	-15.880049
-108.800216	32.700537	14.744653	-5.715515	0.805808	-0.416961	-0.756263	-15.857094
-91.300595	10.035921	10.792508	-8.256461	0.900582	-0.432125	-0.689578	-15.834277
104.871397	8.143955	10.490814	-8.367209	0.905677	-0.432855	-0.686241	-15.833149
14.483416	6.192525	10.180962	-8.476333	0.910809	-0.433582	-0.682905	-15.832022
-106.630036	-27.697808	3.660574	-10.114169	1.007064	-0.445923	-0.624224	-15.812407
98.916639	-36.396521	-4.156699	-11.190299	1.117066	-0.457571	-0.564722	-15.792894
114.035763	-13.158450	-13.103370	-11.625516	1.263308	-0.470111	-0.494999	-15.770488
-113.564826	27.683539	-19.468609	-11.072051	1.431513	-0.481614	-0.424212	-15.748218
-0.831569	29.496047	-19.673865	-11.014887	1.440646	-0.482172	-0.420573	-15.747086
113.273099	31.236445	-19.865013	-10.954750	1.449834	-0.482728	-0.416929	-15.745953
-94.585305	48.294290	-20.564550	-9.497273	1.612726	-0.491695	-0.354774	-15.726814
-106.722512	40.910417	-15.827358	-7.288910	1.787685	-0.499798	-0.291854	-15.707778
108.510280	6.843701	-5.537720	-4.093266	2.002380	-0.508047	-0.218066	-15.685866
21.839184	-36.003483	6.713570	-0.593869	2.226784	-0.515020	-0.143286	-15.664089
-120.071582	-37.810974	7.248359	-0.438289	2.236885	-0.515298	-0.139954	-15.663128
106.007266	-39.598714	7.780144	-0.282933	2.246997	-0.515573	-0.136620	-15.662168
131.722414	-66.604348	17.200729	2.675562	2.447810	-0.520447	-0.070685	-15.643339
-102.824849	-64.369254	23.316582	5.270412	2.650806	-0.524258	-0.004037	-15.624614
-98.221076	61.938140	16.828462	9.070169	3.122069	-0.528775	0.154849	-15.581137
97.143999	29.307980	-16.542919	9.864580	3.563303	-0.526625	0.317345	-15.538222
-99.751385	20.951290	-17.135779	9.851462	3.572537	-0.526496	0.320993	-15.537275
-103.986934	12.235645	-17.707615	9.837083	3.581741	-0.526365	0.324643	-15.536328
107.837416	2.885975	-18.285681	9.820593	3.591395	-0.526222	0.328486	-15.535332
54.720489	-6.151803	-18.838350	9.802717	3.601017	-0.526076	0.332330	-15.534337
-115.398936	-14.418657	-19.364211	9.783471	3.610599	-0.525925	0.336174	-15.533342
87.942040	-21.583345	-19.862852	9.762838	3.620154	-0.525771	0.340023	-15.532348
141.918290	-32.957576	-23.329728	9.316124	3.754075	-0.523093	0.395656	-15.518050
-131.425938	9.751073	-18.616165	8.609089	3.880850	-0.519557	0.451659	-15.503815
-25.482458	15.995011	-1.946033	7.296789	4.045422	-0.513136	0.530463	-15.484042
92.496949	-10.727344	17.573231	5.768043	4.194793	-0.504929	0.609936	-15.464392
-116.104914	15.024092	21.171068	2.610884	4.459073	-0.481176	0.781443	-15.422917
-56.254876	-1.242094	-8.782276	0.635110	4.643842	-0.448389	0.955595	-15.382002
123.841136	-6.498587	-9.468145	0.601533	4.647306	-0.447469	0.959886	-15.381008
22.530442	-12.083759	-10.138350	0.568539	4.650717	-0.446542	0.964178	-15.380015
-122.463877	-17.592015	-10.765653	0.537430	4.653941	-0.445648	0.968297	-15.379062
86.473692	-23.044774	-11.376851	0.506844	4.657117	-0.444749	0.972418	-15.378110
121.301829	-28.069234	-11.958858	0.477396	4.660180	-0.443863	0.976453	-15.377177
-120.894152	-32.540811	-12.523493	0.448453	4.663194	-0.442973	0.980487	-15.376246
41.980298	-38.337076	-18.324058	0.078789	4.701700	-0.429472	1.039161	-15.362764
136.836193	8.491464	-18.734804	-0.211426	4.730218	-0.414865	1.098089	-15.349344
-108.895234	45.227157	-12.788031	-0.520430	4.752878	-0.392484	1.181099	-15.330635
-121.051778	33.760963	-3.669560	-0.745228	4.754671	-0.367822	1.264554	-15.312047
107.132831	-10.907896	6.036581	-0.922918	4.733454	-0.339541	1.352322	-15.292729
38.663760	-38.372498	13.110510	-1.075652	4.687983	-0.308832	1.440516	-15.273543
-108.189074	-38.846732	13.358569	-1.083737	4.684874	-0.307133	1.445219	-15.272526
83.668034	-39.209880	13.590710	-1.091853	4.681694	-0.305428	1.449923	-15.271510
115.144185	-33.036372	15.275871	-1.232743	4.620027	-0.276832	1.526574	-15.255032
-116.901744	-15.099191	13.852111	-1.400613	4.539365	-0.246686	1.603500	-15.238653
-10.959069	8.175457	9.893282	-1.624142	4.421864	-0.210047	1.692821	-15.219825
104.241256	22.119895	5.213265	-1.867068	4.277903	-0.171714	1.782452	-15.201130
-92.017782	22.343983	4.991341	-1.879614	4.269926	-0.169738	1.786983	-15.200190
-103.562255	22.511745	4.772559	-1.892175	4.261881	-0.167759	1.791514	-15.199250
99.926575	18.407222	1.534350	-2.107158	4.114049	-0.133458	1.868880	-15.183282
0.203809	6.899991	-0.917383	-2.318197	3.945836	-0.098210	1.946431	-15.167411
-109.365823	-10.106332	-3.053073	-2.547396	3.724799	-0.056334	2.036567	-15.149129
101.229695	-21.007984	-4.742064	-2.747979	3.475353	-0.013590	2.126896	-15.130977
119.378990	-20.876519	-4.817789	-2.756703	3.462611	-0.011513	2.131252	-15.130106
-119.629055	-20.653859	-4.893170	-2.765325	3.449809	-0.009436	2.135605	-15.129236
-1.428322	-4.360651	-6.178370	-2.902594	3.207368	0.028252	2.214167	-15.113594
113.626472	19.504808	-7.240731	-2.999750	2.942730	0.066270	2.292828	-15.098052
-98.207155	30.112205	-8.035137	-3.051375	2.607735	0.110565	2.384105	-15.080158
-104.892702	6.600079	-8.167683	-3.026485	2.242040	0.154890	2.475457	-15.062397
105.010230	4.329311	-8.152698	-3.023154	2.223268	0.157067	2.479950	-15.061527
36.640085	1.961001	-8.135454	-3.019623	2.204422	0.159243	2.484444	-15.060657
-105.390583	-37.302997	-7.436783	-2.926475	1.864007	0.197073	2.562798	-15.045546
90.508580	-31.749475	-5.955772	-2.776233	1.501331	0.234606	2.641162	-15.030532
79.042879	9.865806	-3.737637	-2.546010	1.070762	0.275948	2.728555	-15.013899
-51.285714	44.204945	-1.432919	-2.254879	0.612964	0.316551	2.815908	-14.997386
64.561329	39.665457	0.587458	-1.893596	0.108478	0.357825	2.906771	-14.980324
-93.971150	19.988927	2.123742	-1.482575	-0.420509	0.397868	2.997531	-14.963392
-90.460079	18.926630	2.186225	-1.461433	-0.446862	0.399787	3.001956	-14.962569
96.407517	17.853827	2.247505	-1.440211	-0.473244	0.401700	3.006378	-14.961747
14.226647	-3.343379	3.140673	-1.049754	-0.948397	0.435045	3.084764	-14.947216
-114.741823	-25.981374	3.664463	-0.637462	-1.434938	0.467149	3.163030	-14.932782
106.425365	-45.100368	3.805579	-0.143130	-2.006868	0.502487	3.253224	-14.916235
119.717728	-32.854952	3.460042	0.355032	-2.585127	0.535760	3.343194	-14.899817
-119.887343	-31.022438	3.432642	0.378128	-2.612623	0.537282	3.347454	-14.899042
31.007297	-29.063543	3.404314	0.401140	-2.640123	0.538800	3.351713	-14.898267
123.408268	15.983584	2.731737	0.801631	-3.144679	0.565703	3.429767	-14.884098
-125.482841	40.134809	1.808478	1.139580	-3.646860	0.590719	3.507611	-14.870026
-106.187113	22.518111	0.528265	1.421525	-4.220878	0.617172	3.597574	-14.853831
127.634198	-13.371661	-0.714930	1.552637	-4.779888	0.640669	3.687192	-14.837767
33.016937	-14.786282	-0.766019	1.554469	-4.805055	0.641672	3.691293	-14.837034
-127.593328	-16.150216	-0.816354	1.555909	-4.830176	0.642668	3.695392	-14.836301
81.953096	-31.850828	-1.580439	1.506606	-5.290368	0.660015	3.771815	-14.822657
124.094883	-29.308766	-1.918038	1.298659	-5.731497	0.674873	3.847943	-14.809108
-120.004261	-7.343682	-1.795029	0.839294	-6.217111	0.688847	3.936151	-14.793457
-11.024916	16.373561	-1.243461	0.171887	-6.668455	0.699036	4.023897	-14.777936
112.636595	17.072484	-1.211159	0.137854	-6.687990	0.699404	4.027855	-14.777237
-96.950018	17.719352	-1.178358	0.103548	-6.707445	0.699764	4.031812	-14.776538
-104.338315	20.699627	-0.484592	-0.589055	-7.061473	0.705010	4.106823	-14.763305
99.311048	10.195337	0.250817	-1.318258	-7.383645	0.707138	4.181451	-14.750168
6.070015	-5.006864	0.952448	-2.132277	-7.713852	0.705510	4.267568	-14.735036
-108.695494	-16.044542	1.251107	-2.821867	-7.992733	0.699267	4.353107	-14.720033
94.633863	-16.367105	1.250953	-2.849267	-8.004372	0.698861	4.357068	-14.719339
109.570185	-16.667067	1.249347	-2.876172	-8.015890	0.698445	4.361028	-14.718645
-116.838386	-16.248289	0.959879	-3.269647	-8.207097	0.688785	4.434271	-14.705818
3.127141	-2.107646	0.264568	-3.405838	-8.353574	0.675363	4.507047	-14.693085
116.239825	17.568479	-0.641711	-3.133130	-8.463541	0.654908	4.590778	-14.678450
-91.831716	21.785663	-1.118541	-2.282696	-8.505016	0.629001	4.673850	-14.663941
-111.370054	21.401786	-1.120527	-2.227818	-8.505204	0.627670	4.677674	-14.663273
111.252082	20.959877	-1.120406	-2.171468	-8.505236	0.626326	4.681499	-14.662605
20.040656	4.803645	-0.795623	-0.888080	-8.476612	0.599104	4.752566	-14.650200
-114.207276	-16.721104	-0.067330	0.712812	-8.390628	0.567774	4.823117	-14.637888
109.468777	-31.407252	0.881967	2.731081	-8.215058	0.526235	4.904397	-14.623706
116.101030	-21.890953	1.535226	4.649247	-7.953960	0.479163	4.984951	-14.609651
-115.883697	-20.642042	1.554319	4.732239	-7.939499	0.476812	4.988722	-14.608993
21.976197	-19.314877	1.572214	4.814352	-7.924838	0.474449	4.992492	-14.608335
109.878963	12.629834	1.664921	6.126438	-7.620761	0.429043	5.061191	-14.596347
-96.775753	39.811091	1.227188	6.955843	-7.246966	0.379533	5.129338	-14.584452
-108.657543	41.045167	-0.104561	7.129392	-6.720225	0.316717	5.207978	-14.570721
120.048250	1.399207	-2.136666	6.386878	-6.093376	0.248328	5.285858	-14.557118
26.519966	-0.694791	-2.230584	6.328832	-6.061497	0.244969	5.289508	-14.556480
-121.139041	-2.751468	-2.323108	6.268692	-6.029416	0.241597	5.293157	-14.555842
110.014456	-31.120563	-3.576850	4.803412	-5.410943	0.178001	5.359328	-14.544278
130.470750	-37.745426	-3.366372	2.639991	-4.732736	0.110289	5.424936	-14.532807
-126.035345	-15.072065	-0.646625	-0.591153	-3.882910	0.026824	5.500120	-14.519654
-4.061164	19.116364	3.446249	-4.140308	-2.973362	-0.062164	5.574548	-14.506626
114.785880	20.347317	3.650177	-4.312267	-2.927582	-0.066654	5.578165	-14.505993
-95.396084	21.496508	3.853041	-4.483718	-2.881658	-0.071160	5.581782	-14.505359
-105.431538	27.294646	7.015184	-7.342146	-2.052624	-0.152944	5.645395	-14.494218
105.182822	8.673616	8.670283	-9.635616	-1.194821	-0.238872	5.708449	-14.483168
28.740164	-15.759711	7.816107	-11.234286	-0.169853	-0.344071	5.781108	-14.470428
-129.152125	-22.377776	3.504790	-11.696072	0.874337	-0.454901	5.853012	-14.457813
83.690144	-21.951865	3.208490	-11.691592	0.924084	-0.460285	5.856396	-14.457220
129.872622	-21.450445	2.904105	-11.684827	0.973824	-0.465677	5.859775	-14.456626
-130.728429	-3.143940	-3.685298	-11.173718	1.883489	-0.566201	5.921090	-14.445863
-9.249151	19.367350	-10.807977	-9.973304	2.793246	-0.670922	5.981844	-14.435192
106.501831	31.190028	-16.961250	-7.809286	3.837033	-0.797486	6.051519	-14.422947
-87.300823	14.745735	-18.436877	-4.935701	4.858596	-0.929709	6.120448	-14.410826
-90.774981	13.419252	-18.386424	-4.779912	4.907957	-0.936346	6.123812	-14.410234
90.308888	12.064559	-18.325240	-4.622948	4.957235	-0.942996	6.127174	-14.409643
23.518177	-14.130926	-15.597617	-1.693568	5.810193	-1.062409	6.186124	-14.399270
-91.496038	-38.689243	-10.135419	1.444686	6.628909	-1.186079	6.244520	-14.388989
104.367055	-56.217689	-1.149061	5.141307	7.522921	-1.334434	6.311370	-14.377213
113.613373	-62.274584	9.792024	8.691602	8.348650	-1.488501	6.377478	-14.365560
-114.332892	-62.312728	10.321909	8.847452	8.384747	-1.495716	6.380497	-14.365028
26.062278	-62.327350	10.853022	9.002489	8.420674	-1.502944	6.383515	-14.364496
133.372638	-53.386179	20.673222	11.732067	9.061560	-1.640781	6.439841	-14.354561
-133.226372	-17.896828	28.911470	14.021625	9.634258	-1.782879	6.495619	-14.344718
-229.511374	68.918935	31.013782	16.839876	10.673584	-2.136322	6.625490	-14.321778
140.250857	-37.984936	0.078645	15.104836	11.211146	-2.513800	6.752307	-14.299348
29.687719	-43.163710	-0.781877	15.021405	11.217618	-2.522623	6.755142	-14.298846
-129.149595	-48.057380	-1.641827	14.936337	11.223851	-2.531463	6.757977	-14.298345
90.907667	-52.429110	-2.537254	14.845919	11.230096	-2.540701	6.760934	-14.297821
118.016460	-55.694140	-3.430812	14.753774	11.236081	-2.549957	6.763891	-14.297298
-113.198796	-57.590368	-4.314061	14.660757	11.241758	-2.559151	6.766822	-14.296779
25.953760	-58.259671	-5.193723	14.566149	11.247177	-2.568359	6.769751	-14.296261
94.845159	3.340851	-16.987793	13.065831	11.296705	-2.700610	6.811189	-14.288924
-122.044990	49.216372	-26.415234	11.327133	11.296231	-2.835515	6.852291	-14.281643
-119.815227	43.220649	-33.756048	8.639004	11.215085	-3.028742	6.909282	-14.271543
116.377490	10.898119	-35.390291	5.847408	11.044645	-3.226778	6.965613	-14.261553
36.616270	-14.116994	-33.018383	2.991080	10.774930	-3.439783	7.024095	-14.251176
-109.715054	-27.088732	-28.432662	0.241595	10.418144	-3.657564	7.081856	-14.240919
104.092345	-27.478116	-28.192561	0.113252	10.399057	-3.668062	7.084592	-14.240433
110.357603	-27.845347	-27.952010	-0.014911	10.379775	-3.678578	7.087328	-14.239947
-117.324328	-26.477528	-23.605504	-2.286482	9.999909	-3.870523	7.136542	-14.231202
29.029440	-3.796221	-19.350216	-4.463566	9.563819	-4.065604	7.185219	-14.222548
108.440242	24.766628	-14.697684	-6.852387	8.994464	-4.294849	7.240834	-14.212654
-102.242426	24.127141	-10.487167	-9.091361	8.360870	-4.527776	7.295735	-14.202880
-96.025216	23.128132	-10.290106	-9.199083	8.327630	-4.539506	7.298459	-14.202394
102.359652	22.043756	-10.094326	-9.306398	8.294244	-4.551246	7.301182	-14.201909
23.219980	-4.704809	-6.857552	-11.100298	7.693230	-4.756051	7.348100	-14.193551
-120.628667	-28.810719	-3.755247	-12.763126	7.052654	-4.963214	7.394487	-14.185282
93.994149	-28.973502	-0.105542	-14.497962	6.274308	-5.203445	7.447027	-14.175910
123.800082	-7.006366	3.678623	-16.037084	5.454734	-5.446258	7.498869	-14.166657
-123.332037	-5.520115	3.876940	-16.112472	5.410542	-5.459111	7.501579	-14.166173
9.611517	-4.016088	4.074920	-16.187325	5.366228	-5.471977	7.504289	-14.165689
112.517537	20.153450	7.223431	-17.334461	4.623549	-5.684630	7.548621	-14.157770
-100.358921	34.209078	10.008046	-18.315970	3.858398	-5.898819	7.592429	-14.149940
-101.235113	27.479781	12.571904	-19.235139	2.948993	-6.148594	7.642520	-14.140981
108.665095	-4.160452	14.545309	-19.908640	2.020308	-6.399915	7.691912	-14.132141
16.011289	-5.815272	14.633360	-19.936023	1.972800	-6.412697	7.694399	-14.131696
-109.712581	-7.430482	14.720441	-19.962740	1.925258	-6.425483	7.696883	-14.131251
101.494122	-27.778691	16.081713	-20.314174	1.110243	-6.643930	7.738970	-14.123712
122.801368	-33.366556	17.299943	-20.463413	0.289386	-6.863124	7.780536	-14.116263
-120.213584	-19.074663	18.619874	-20.373087	-0.662515	-7.117371	7.827971	-14.107755
-7.150328	12.785274	19.628694	-19.988295	-1.611771	-7.372094	7.874712	-14.099366
114.109117	14.307137	19.666847	-19.960188	-1.660611	-7.385251	7.877106	-14.098936
-109.123990	15.772870	19.703322	-19.931276	-1.709401	-7.398401	7.879497	-14.098507
-112.545996	30.496035	20.036207	-19.328335	-2.523305	-7.618802	7.919288	-14.091360
113.578041	24.805496	19.736883	-18.517703	-3.328136	-7.839157	7.958564	-14.084300
22.344804	-3.194371	18.401852	-17.345552	-4.244751	-8.093989	8.003395	-14.076237
-112.511456	-28.059385	15.782189	-15.948137	-5.141445	-8.348249	8.047541	-14.068291
98.992956	-28.661114	15.608838	-15.870862	-5.186838	-8.361272	8.049787	-14.067886
112.340172	-29.167301	15.431457	-15.793067	-5.232168	-8.374292	8.052031	-14.067482
-110.406265	-24.057930	11.928704	-14.410892	-5.984273	-8.592758	8.089484	-14.060735
-5.827051	-0.049323	7.797705	-12.899487	-6.716220	-8.810389	8.126428	-14.054075
101.617139	28.427923	2.885384	-10.998751	-7.540112	-9.062546	8.168812	-14.046429
-77.632784	31.422455	-1.410196	-8.972044	-8.329777	-9.313040	8.210509	-14.038901
-97.255905	30.701391	-1.581149	-8.877614	-8.364703	-9.324351	8.212383	-14.038563
97.181389	29.899277	-1.749600	-8.783045	-8.399528	-9.335650	8.214254	-14.038225
20.968528	3.834560	-4.485955	-6.948485	-9.046809	-9.549856	8.249592	-14.031840
-104.428008	-25.295622	-6.281859	-5.058716	-9.663325	-9.762422	8.284422	-14.025542
115.367921	-34.425555	-7.082176	-2.820935	-10.339197	-10.007597	8.324334	-14.018320
85.933934	-10.108637	-6.473261	-0.601049	-10.966431	-10.250021	8.363561	-14.011215
-120.823015	-8.588116	-6.422725	-0.507344	-10.991981	-10.260270	8.365215	-14.010916
32.501839	-7.043622	-6.370559	-0.413635	-11.017455	-10.270520	8.366868	-14.010616
113.383714	23.576858	-5.045604	1.474559	-11.513471	-10.477353	8.400167	-14.004580
-107.047425	35.730948	-3.493999	3.334808	-11.967717	-10.681711	8.432956	-13.998632
-91.754976	17.368189	-1.863558	5.427335	-12.433329	-10.912366	8.469864	-13.991932
130.238891	-14.090146	-0.463520	7.477707	-12.837481	-11.139281	8.506109	-13.985346
31.863381	-15.415512	-0.403124	7.573126	-12.854929	-11.149864	8.507799	-13.985039
-131.294212	-16.703425	-0.343253	7.668382	-12.872221	-11.160432	8.509486	-13.984732
106.627703	-32.772871	0.672969	9.402701	-13.164153	-11.353245	8.540267	-13.979135
132.166684	-31.722346	1.501999	11.100997	-13.404745	-11.542852	8.570554	-13.973622
-120.780219	-7.048905	2.039939	13.036315	-13.617612	-11.760012	8.605305	-13.967292
-17.740086	24.120510	1.867316	14.901054	-13.753500	-11.972269	8.639384	-13.961079
105.681415	24.882896	1.840121	14.980529	-13.757663	-11.981515	8.640872	-13.960807
-105.059724	25.552519	1.811133	15.059743	-13.761671	-11.990757	8.642360	-13.960536
-101.410495	23.184193	0.948708	16.506253	-13.807785	-12.167969	8.670954	-13.955317
90.940651	6.088227	-0.278565	17.689830	-13.792143	-12.341175	8.699058	-13.950184
27.974649	-9.849434	-1.798391	18.587567	-13.692525	-12.538199	8.731259	-13.944298
-109.210953	-17.244124	-2.994103	18.799556	-13.501527	-12.729476	8.762794	-13.938527
95.018742	-17.380465	-3.033183	18.790237	-13.490742	-12.737931	8.764195	-13.938271
110.261799	-17.499870	-3.070687	18.779175	-13.479765	-12.746374	8.765594	-13.938014
-117.892928	-15.200464	-3.450016	18.228712	-13.235285	-12.904787	8.791955	-13.933186
10.256099	-1.941000	-3.094301	17.018780	-12.926017	-13.059036	8.817833	-13.928441
117.680595	17.448057	-1.602192	14.794409	-12.488789	-13.233889	8.847435	-13.923009
-115.092659	23.430315	1.171418	11.766265	-11.976129	-13.403139	8.876381	-13.917691
-100.296730	22.973742	1.327405	11.613279	-11.951281	-13.410659	8.877674	-13.917454
114.917534	22.436414	1.485848	11.459069	-11.926294	-13.418168	8.878966	-13.917216
9.949266	0.651580	4.739601	8.308855	-11.423500	-13.559312	8.903369	-13.912729
-113.495070	-27.368793	7.582872	4.859623	-10.874630	-13.696335	8.927286	-13.908326
114.737944	-40.476616	8.760699	0.657869	-10.189035	-13.849530	8.954312	-13.903346
104.675614	-16.772779	6.417630	-3.598978	-9.454802	-13.997286	8.980692	-13.898479
-118.710005	-14.672058	6.228985	-3.797168	-9.419125	-14.004113	8.981919	-13.898253
9.436262	-12.487054	6.034206	-3.995081	-9.383334	-14.010933	8.983145	-13.898026
117.475223	32.866396	1.585092	-7.504724	-8.715197	-14.133231	9.005262	-13.893942
-100.841532	63.837599	-4.006075	-10.721364	-8.021043	-14.251557	9.026903	-13.889940
-102.910170	67.932895	-10.886603	-13.899837	-7.185272	-14.384445	9.051520	-13.885384
125.870629	36.954085	-16.821944	-16.239495	-6.327003	-14.512013	9.075496	-13.880940
23.975567	34.884965	-17.046774	-16.325482	-6.285912	-14.517924	9.076615	-13.880733
-129.828844	32.776116	-17.264740	-16.409029	-6.244788	-14.523822	9.077734	-13.880525
192.568458	-75.573588	-17.357716	-17.759404	-4.571814	-14.751131	9.121490	-13.872400
102.140166	-8.354640	2.912782	-15.506743	-2.888641	-14.959551	9.162940	-13.864682
-117.436163	2.407009	3.484977	-15.418236	-2.849044	-14.964251	9.163892	-13.864505
24.386742	13.432518	4.055908	-15.328293	-2.809436	-14.968944	9.164844	-13.864327
117.103480	25.037699	4.672183	-15.229303	-2.766540	-14.974017	9.165873	-13.864135
-94.825340	35.635720	5.285155	-15.128801	-2.723690	-14.979075	9.166901	-13.863944
-129.933035	65.385460	14.219475	-13.339094	-2.046350	-15.057767	9.183014	-13.860937
129.493919	-10.039113	20.429237	-11.244971	-1.376664	-15.133393	9.198748	-13.857998
62.068601	-54.560055	22.674470	-8.236496	-0.528488	-15.226406	9.218478	-13.854307
-126.915737	-35.373993	17.496404	-5.039066	0.297575	-15.314384	9.237581	-13.850728
111.658176	-33.542705	17.086944	-4.880100	0.337285	-15.318555	9.238498	-13.850555
128.328090	-31.676658	16.665952	-4.721069	0.376905	-15.322712	9.239414	-13.850384
-139.758837	1.642268	7.651268	-1.887419	1.067661	-15.394424	9.255395	-13.847384
-7.940239	24.968794	-2.886649	0.928675	1.734122	-15.462418	9.270910	-13.844468
109.608345	35.304436	-14.172844	4.049107	2.463438	-15.535782	9.288114	-13.841228
-94.527808	27.783199	-22.203240	6.961668	3.151186	-15.604325	9.304707	-13.838098
-87.404167	26.901061	-22.512346	7.101579	3.184752	-15.607663	9.305530	-13.837943
93.767508	25.972702	-22.812188	7.240610	3.218178	-15.610986	9.306351	-13.837788
35.810790	5.102548	-26.589229	9.501724	3.775432	-15.666412	9.320265	-13.835157
-97.655981	-16.644509	-27.845836	11.465983	4.293382	-15.718227	9.333719	-13.832610
114.729055	-28.762326	-26.446980	13.342656	4.837071	-15.773489	9.348652	-13.829776
114.247331	-17.617978	-22.524790	14.824982	5.318814	-15.824021	9.362976	-13.827051
-114.543253	-16.298557	-22.284696	14.888823	5.341037	-15.826409	9.363671	-13.826919
30.699569	-14.904623	-22.041738	14.951723	5.363081	-15.828783	9.364365	-13.826787
118.331042	13.905568	-17.468333	15.912685	5.722335	-15.868591	9.376301	-13.824511
-120.610488	28.096228	-12.949276	16.614821	6.026714	-15.904858	9.387776	-13.822318
-86.361296	14.538354	-8.792873	17.123719	6.303128	-15.942024	9.400338	-13.819911
127.015526	-10.961661	-5.823639	17.344592	6.498077	-15.974624	9.412300	-13.817612
24.480265	-12.076770	-5.704382	17.348564	6.505604	-15.976137	9.412883	-13.817500
-127.277622	-13.152766	-5.587910	17.351883	6.512909	-15.977638	9.413464	-13.817388
95.083535	-25.806436	-3.982335	17.308518	6.604958	-16.001943	9.423344	-13.815483
108.327930	-28.565675	-3.128857	17.083659	6.630767	-16.022834	9.432771	-13.813659
