-140.153356	3.629750	1.190345	-0.793657	4.116213	1.703656	-1.318462	-21.560790
23.438404	3.633860	1.191565	-0.793722	4.117236	1.703808	-1.318468	-21.560803
106.695631	3.673999	1.188605	-0.794069	4.118088	1.703966	-1.318473	-21.560815
-107.880019	9.504553	0.563548	-0.848032	4.103746	1.708137	-1.318376	-21.561021
-54.924833	18.663449	-0.554147	-0.985475	4.033890	1.714583	-1.317917	-21.561199
115.288674	19.302040	-1.459471	-1.221369	3.894785	1.724066	-1.316990	-21.561362
-121.070596	0.466035	-1.632309	-1.533048	3.692617	1.735789	-1.315618	-21.561491
128.248892	-24.730029	-0.958107	-1.915868	3.416284	1.750141	-1.313704	-21.561589
104.413770	-23.028731	0.454029	-2.294540	3.075955	1.766333	-1.311294	-21.561649
-135.228764	-22.062941	0.527552	-2.310639	3.058835	1.767116	-1.311171	-21.561651
56.601773	-21.015942	0.601286	-2.326568	3.041587	1.767902	-1.311047	-21.561653
138.274358	8.098966	1.946120	-2.587252	2.690753	1.783348	-1.308506	-21.561672
-137.545466	34.355395	2.868689	-2.737328	2.295250	1.799726	-1.305583	-21.561663
-87.552820	36.119727	2.807495	-2.726703	1.786874	1.819476	-1.301742	-21.561618
126.925699	8.850188	1.194821	-2.527929	1.226636	1.839881	-1.297387	-21.561536
-10.486429	7.069241	1.096154	-2.515108	1.200634	1.840799	-1.297181	-21.561532
-126.318037	5.250957	0.995892	-2.501967	1.174549	1.841718	-1.296974	-21.561527
107.893179	-28.554191	-1.159749	-2.184849	0.649706	1.859764	-1.292727	-21.561423
115.946835	-36.441970	-3.253810	-1.765919	0.101602	1.877844	-1.288084	-21.561291
-113.256272	-15.316694	-4.930435	-1.183721	-0.546127	1.898392	-1.282260	-21.561105
14.798930	16.110101	-5.754902	-0.521971	-1.200560	1.918404	-1.275907	-21.560882
111.239846	17.220897	-5.772973	-0.491058	-1.229707	1.919281	-1.275611	-21.560871
-111.088169	18.279970	-5.789491	-0.460053	-1.258836	1.920155	-1.275313	-21.560860
-72.902148	29.701276	-5.810410	0.158196	-1.820515	1.936816	-1.269308	-21.560633
103.099099	28.534822	-5.306417	0.786466	-2.363844	1.952611	-1.262896	-21.560379
-33.333018	18.845734	-4.251282	1.486530	-2.951440	1.969414	-1.255026	-21.560053
-109.575226	-0.336298	-2.902629	2.125359	-3.484827	1.984495	-1.246611	-21.559691
110.023160	-1.474856	-2.837920	2.152328	-3.507554	1.985135	-1.246215	-21.559674
85.140482	-2.632098	-2.773091	2.179083	-3.530134	1.985771	-1.245817	-21.559656
-119.811776	-20.875284	-1.541734	2.643601	-3.930780	1.997058	-1.238019	-21.559309
50.674526	-15.333947	-0.369216	3.002675	-4.266793	2.006587	-1.229803	-21.558935
124.456062	7.012014	1.065408	3.254230	-4.562863	2.015120	-1.219816	-21.558470
-119.497806	20.137421	2.839749	3.307842	-4.760094	2.020740	-1.209268	-21.557970
-91.156836	20.195761	2.932030	3.305232	-4.766688	2.020920	-1.208778	-21.557946
119.146873	20.199106	3.025558	3.302170	-4.773084	2.021093	-1.208288	-21.557923
-10.021420	11.676763	4.985571	3.152335	-4.857614	2.023106	-1.198622	-21.557456
-117.911103	-5.868664	6.889911	2.818845	-4.868793	2.022468	-1.188525	-21.556962
116.305008	-24.362328	8.327257	2.187705	-4.790981	2.018259	-1.176378	-21.556361
98.383922	-28.904414	8.169380	1.291783	-4.616302	2.010219	-1.163657	-21.555725
-111.601243	-28.498497	8.109991	1.246323	-4.606119	2.009763	-1.163068	-21.555695
55.333499	-28.025312	8.045520	1.200489	-4.595732	2.009299	-1.162478	-21.555665
108.655945	-7.838881	5.959118	0.267301	-4.357695	1.998809	-1.150909	-21.555080
-110.612198	22.530313	2.729969	-0.714014	-4.046691	1.985283	-1.138909	-21.554469
-75.792728	38.575952	-1.529368	-1.809839	-3.596395	1.965789	-1.124508	-21.553728
124.896603	18.864150	-5.340157	-2.753442	-3.048921	1.942075	-1.109548	-21.552953
-15.728879	16.987924	-5.482728	-2.790157	-3.022229	1.940917	-1.108868	-21.552917
-125.278851	15.028624	-5.622174	-2.826328	-2.995343	1.939751	-1.108187	-21.552882
126.553698	-26.944188	-7.573408	-3.405505	-2.435873	1.915424	-1.094759	-21.552179
126.141009	-43.925792	-7.610578	-3.705888	-1.804755	1.887810	-1.080929	-21.551450
-120.196435	-23.541850	-4.845226	-3.664094	-0.999257	1.851906	-1.064530	-21.550579
15.404165	22.779918	-0.489723	-3.253275	-0.131809	1.811493	-1.047618	-21.549673
112.304758	24.465800	-0.287879	-3.227312	-0.091950	1.809577	-1.046849	-21.549631
-111.914916	26.059562	-0.086834	-3.200748	-0.052022	1.807651	-1.046079	-21.549590
-89.815228	39.876375	3.417496	-2.574166	0.733615	1.768412	-1.030924	-21.548771
98.234199	29.564183	5.536899	-1.767141	1.526382	1.725636	-1.015395	-21.547926
-11.446680	3.091601	6.166556	-0.668843	2.427030	1.671806	-0.997022	-21.546918
-100.715025	-21.073527	5.081974	0.532154	3.286707	1.613103	-0.978171	-21.545876
97.714818	-21.802685	4.997398	0.586669	3.324004	1.610345	-0.977311	-21.545828
101.386929	-22.485190	4.910023	0.641085	3.361136	1.607578	-0.976451	-21.545780
-108.735601	-25.332749	2.718290	1.654631	4.043452	1.552508	-0.959760	-21.544850
41.814956	-9.522108	-0.186735	2.541621	4.655758	1.493678	-0.942727	-21.543893
114.969500	12.537169	-3.337717	3.280346	5.253636	1.420890	-0.922615	-21.542755
-111.842321	18.061742	-4.853976	3.565961	5.707648	1.342910	-0.902066	-21.541583
-65.301848	17.948221	-4.860134	3.565715	5.724358	1.339257	-0.901126	-21.541529
111.583614	17.813084	-4.860025	3.564224	5.740714	1.335593	-0.900185	-21.541476
-39.588797	11.708147	-3.821994	3.312760	5.986727	1.263192	-0.881963	-21.540427
-112.354414	-0.173417	-1.453439	2.711062	6.107538	1.186751	-0.863427	-21.539354
116.389169	-16.908166	1.704386	1.725100	6.098590	1.093823	-0.841721	-21.538086
93.528892	-22.575859	3.965041	0.581376	5.938783	0.995924	-0.819619	-21.536785
-120.640683	-22.259896	4.023287	0.528467	5.928095	0.991379	-0.818609	-21.536726
44.745850	-21.880269	4.076793	0.475622	5.917122	0.986827	-0.817598	-21.536666
124.023548	-4.526947	4.275498	-0.517290	5.650776	0.897734	-0.798049	-21.535505
-127.993291	20.969624	3.196639	-1.419871	5.281928	0.805555	-0.778216	-21.534320
-102.024370	33.438124	0.944489	-2.267324	4.735564	0.695744	-0.754987	-21.532920
133.563111	14.437526	-1.668662	-2.818998	4.067229	0.582672	-0.731399	-21.531486
-19.659869	12.720429	-1.777368	-2.835126	4.034963	0.577601	-0.730347	-21.531422
-133.320077	10.931919	-1.884663	-2.850476	4.002497	0.572528	-0.729296	-21.531358
128.296134	-27.523713	-3.586324	-2.985073	3.321090	0.471898	-0.708514	-21.530084
119.197573	-42.600986	-4.044191	-2.762471	2.560466	0.369480	-0.687477	-21.528785
-110.573002	-22.832173	-2.547857	-2.043828	1.604723	0.249996	-0.663003	-21.527261
8.547990	21.939420	0.089693	-0.990065	0.585903	0.128995	-0.638211	-21.525705
99.827366	23.647272	0.210243	-0.939068	0.539879	0.123624	-0.637109	-21.525635
-99.395897	25.282992	0.330136	-0.887842	0.493787	0.118251	-0.636006	-21.525566
-78.844644	43.227020	2.377083	0.138505	-0.421433	0.012126	-0.614184	-21.524184
89.152172	39.277527	3.398181	1.099668	-1.333558	-0.094483	-0.592135	-21.522776
-27.591545	16.944744	3.435795	1.951017	-2.354117	-0.217501	-0.566468	-21.521125
-105.813945	-13.156903	2.629689	2.394039	-3.315431	-0.340312	-0.540521	-21.519440
106.471565	-14.485468	2.578337	2.404132	-3.356382	-0.345764	-0.539360	-21.519364
77.236155	-15.799110	2.525813	2.413438	-3.397159	-0.351216	-0.538198	-21.519288
-119.324329	-31.536892	1.292221	2.445106	-4.156299	-0.457300	-0.515423	-21.517796
63.034677	-15.391683	-0.190794	2.218578	-4.839604	-0.562556	-0.492453	-21.516279
120.375065	15.264807	-1.675303	1.689932	-5.522097	-0.682369	-0.465767	-21.514502
-111.742318	21.614580	-2.247823	0.933264	-6.081108	-0.800244	-0.438841	-21.512692
-67.847309	21.219336	-2.240952	0.895121	-6.103002	-0.805457	-0.437633	-21.512611
111.208003	20.775799	-2.230932	0.856651	-6.124623	-0.810664	-0.436425	-21.512529
-8.732593	6.133877	-1.533746	0.064841	-6.487902	-0.910412	-0.412955	-21.510937
-114.140403	-10.504692	-0.300158	-0.747372	-6.741163	-1.008055	-0.389321	-21.509320
121.040660	-17.574525	0.971128	-1.560149	-6.886761	-1.118413	-0.361680	-21.507413
112.693923	-9.034288	1.338760	-2.070155	-6.860995	-1.225088	-0.333837	-21.505473
-125.195125	-8.327963	1.334050	-2.084127	-6.855698	-1.229719	-0.332600	-21.505386
43.911944	-7.596568	1.327801	-2.097322	-6.850044	-1.234338	-0.331364	-21.505300
123.435085	8.866050	0.956295	-2.208213	-6.669148	-1.322692	-0.307205	-21.503600
-117.887533	20.538044	0.313241	-2.063501	-6.360148	-1.407871	-0.282913	-21.501877
-74.652638	19.769472	-0.427848	-1.621720	-5.857920	-1.502540	-0.254576	-21.499848
108.190945	5.682230	-0.956427	-0.964296	-5.221270	-1.592588	-0.226078	-21.497787
-28.027502	4.825750	-0.971973	-0.931920	-5.190611	-1.596427	-0.224825	-21.497696
-108.340344	3.951503	-0.986754	-0.899309	-5.159737	-1.600257	-0.223572	-21.497605
112.319306	-15.022618	-1.095496	-0.225531	-4.511229	-1.673664	-0.198871	-21.495800
104.713115	-29.687738	-0.771544	0.462495	-3.793242	-1.743361	-0.174064	-21.493972
-118.865322	-26.468060	0.162977	1.218067	-2.891371	-1.819378	-0.145175	-21.491822
14.386104	4.685213	1.258610	1.869798	-1.935141	-1.890052	-0.116165	-21.489641
116.382467	6.218172	1.302124	1.895340	-1.891790	-1.893060	-0.114875	-21.489543
-116.214029	7.728824	1.344777	1.920534	-1.848405	-1.896056	-0.113586	-21.489446
-89.157020	30.535994	1.939712	2.337257	-0.994822	-1.952111	-0.088482	-21.487538
109.207647	35.345894	1.841909	2.590252	-0.131264	-2.003920	-0.063303	-21.485607
-24.135399	13.915325	0.596398	2.653787	0.865946	-2.058577	-0.033989	-21.483336
-105.707048	-18.166852	-1.313630	2.492704	1.837715	-2.107160	-0.004591	-21.481034
105.752391	-19.417130	-1.399331	2.481203	1.878801	-2.109119	-0.003320	-21.480934
92.188993	-20.636774	-1.484780	2.469347	1.919800	-2.111065	-0.002049	-21.480834
-107.295583	-34.299428	-3.040531	2.163172	2.716443	-2.147378	0.023302	-21.478826
32.293390	-20.139468	-4.043596	1.736400	3.468086	-2.178920	0.048698	-21.476796
106.177243	11.929099	-4.264492	1.110325	4.275151	-2.209457	0.078297	-21.474404
-105.131155	30.169809	-3.271873	0.371798	4.999145	-2.233176	0.107934	-21.471982
-70.326433	30.239903	-3.196898	0.337101	5.029146	-2.234065	0.109246	-21.471874
105.291656	30.234137	-3.119214	0.302285	5.058951	-2.234939	0.110557	-21.471766
-15.985153	18.165474	-1.155518	-0.397896	5.602762	-2.249182	0.136036	-21.469659
-116.751767	-5.338546	1.279725	-1.125960	6.077199	-2.258117	0.161524	-21.467528
123.709896	-26.469608	3.951807	-1.977816	6.539076	-2.261665	0.191283	-21.465012
81.121359	-23.870805	5.707507	-2.793579	6.896921	-2.257612	0.221028	-21.462465
-125.304422	-23.080653	5.756859	-2.826383	6.909570	-2.257273	0.222274	-21.462358
61.351180	-22.231541	5.804179	-2.859027	6.922019	-2.256921	0.223519	-21.462250
123.635001	3.071360	6.324963	-3.493963	7.134523	-2.246653	0.249056	-21.460035
-124.186670	24.257941	5.954384	-4.046552	7.262958	-2.230496	0.274568	-21.457798
-71.035764	18.511233	4.443256	-4.560245	7.302411	-2.204267	0.304073	-21.455179
134.940071	-4.920787	2.143660	-4.914205	7.219887	-2.169877	0.333525	-21.452529
-3.431655	-5.965393	2.031735	-4.925703	7.213389	-2.168181	0.334819	-21.452412
-135.239035	-6.991752	1.919302	-4.936834	7.206650	-2.166471	0.336111	-21.452295
114.693163	-22.085675	-0.364090	-5.079868	7.022767	-2.129610	0.361623	-21.449968
132.425536	-23.545187	-2.557115	-5.065289	6.740496	-2.087051	0.387079	-21.447619
-124.509498	-5.790392	-4.635910	-4.835157	6.293929	-2.031525	0.416197	-21.444898
11.764290	17.061524	-6.141487	-4.359814	5.718653	-1.969151	0.445223	-21.442147
111.631928	17.771562	-6.193537	-4.333112	5.690557	-1.966265	0.446494	-21.442026
-110.987249	18.437985	-6.244408	-4.305890	5.662206	-1.963363	0.447766	-21.441904
-70.593278	24.269881	-6.996707	-3.660212	5.051913	-1.903125	0.473006	-21.439477
87.269691	22.839161	-7.257718	-2.816273	4.361770	-1.838188	0.498162	-21.437028
-26.638565	19.925848	-7.075179	-1.624697	3.491931	-1.758528	0.526798	-21.434202
-94.898035	3.533865	-6.516086	-0.245220	2.553896	-1.673378	0.555305	-21.431347
95.574850	2.211124	-6.484387	-0.180095	2.510609	-1.669443	0.556578	-21.431219
77.504167	0.834703	-6.452235	-0.114773	2.467255	-1.665500	0.557850	-21.431090
-111.625042	-26.358802	-5.747004	1.200482	1.603981	-1.586503	0.582629	-21.428571
61.987802	-28.175872	-4.955471	2.562166	0.717433	-1.503829	0.607296	-21.426029
133.590954	-4.328695	-4.003420	4.104107	-0.297329	-1.406165	0.635056	-21.423128
-136.948228	24.442328	-2.793515	5.587667	-1.306884	-1.304423	0.662653	-21.420198
-86.762441	32.358865	-1.086537	6.936283	-2.282059	-1.200110	0.689778	-21.417273
130.085036	9.066324	1.254975	8.106238	-3.216074	-1.092449	0.716726	-21.414322
-12.819856	7.151705	1.372054	8.154531	-3.257551	-1.087446	0.717956	-21.414186
-129.325007	5.166049	1.489691	8.202349	-3.298931	-1.082433	0.719185	-21.414050
120.483562	-35.057984	3.919219	9.059323	-4.114704	-0.978586	0.744244	-21.411258
100.178377	-34.253300	6.087810	9.652654	-4.863174	-0.872374	0.769130	-21.408442
-113.484962	-32.981312	6.179230	9.674330	-4.898231	-0.867067	0.770356	-21.408302
34.413851	-31.605712	6.268741	9.695258	-4.933120	-0.861751	0.771582	-21.408162
111.747185	6.154176	7.518545	9.942702	-5.566708	-0.758381	0.795115	-21.405455
-113.996933	36.815912	7.543695	9.874206	-6.123987	-0.653354	0.818478	-21.402726
-88.254642	34.493795	5.696284	9.398388	-6.668946	-0.531019	0.845083	-21.399566
121.854801	3.790180	2.423222	8.523777	-7.113048	-0.407144	0.871446	-21.396378
-14.709836	2.005339	2.248418	8.473476	-7.131426	-0.401297	0.872677	-21.396228
-121.944642	0.213138	2.072497	8.422406	-7.149572	-0.395451	0.873907	-21.396078
121.019784	-28.209978	-1.305822	7.334728	-7.446074	-0.286653	0.896607	-21.393281
94.275456	-33.432518	-4.533540	5.994514	-7.667147	-0.177200	0.919108	-21.390462
-115.944204	-13.779110	-7.439320	4.159999	-7.829141	-0.050220	0.944852	-21.387180
31.499024	16.402861	-9.039117	2.051070	-7.891518	0.076980	0.970309	-21.383869
115.152172	17.494813	-9.075418	1.947018	-7.892005	0.082888	0.971485	-21.383715
-115.169837	18.526552	-9.108029	1.842518	-7.892278	0.088791	0.972658	-21.383561
-71.777533	27.033652	-9.004771	-0.183203	-7.858724	0.198321	0.994334	-21.380684
117.870870	18.511917	-7.508713	-2.334152	-7.752153	0.307594	1.015783	-21.377786
4.107740	-3.626492	-4.426027	-4.878456	-7.538239	0.433497	1.040314	-21.374408
-121.738230	-19.618970	-0.468138	-7.363213	-7.227765	0.558545	1.064524	-21.371002
121.800060	-19.838877	-0.278099	-7.472215	-7.211449	0.564177	1.065611	-21.370847
112.640795	-20.000038	-0.087555	-7.580832	-7.194936	0.569807	1.066698	-21.370692
-121.942834	-13.530847	3.585807	-9.575856	-6.839943	0.677406	1.087428	-21.367710
26.555977	3.324495	6.990267	-11.343853	-6.413072	0.783960	1.107902	-21.364707
110.666069	15.848457	10.011032	-12.993134	-5.833133	0.905113	1.131148	-21.361224
-101.886312	6.382098	11.524309	-14.110993	-5.159151	1.024364	1.154033	-21.357714
-54.431331	5.688661	11.553152	-14.147246	-5.126230	1.029745	1.155066	-21.357554
101.332713	4.995673	11.578424	-14.182153	-5.093095	1.035125	1.156100	-21.357393
11.201421	-6.902666	11.372590	-14.582442	-4.426438	1.136669	1.175629	-21.354323
-102.657832	-15.157726	9.869003	-14.484633	-3.697109	1.236378	1.194872	-21.351234
110.166321	-17.940977	6.562137	-13.787292	-2.789632	1.349048	1.216737	-21.347639
87.709950	-10.704264	1.817677	-12.511850	-1.828239	1.458756	1.238202	-21.344018
-118.637005	-10.090250	1.587475	-12.442478	-1.784477	1.463563	1.239148	-21.343856
33.181189	-9.449119	1.356644	-12.372116	-1.740671	1.468361	1.240092	-21.343695
124.556752	6.925878	-3.151346	-10.800056	-0.874582	1.560539	1.258324	-21.340534
-128.288024	24.010621	-7.156388	-8.868426	0.007831	1.650087	1.276240	-21.337353
-70.402597	29.852432	-10.156772	-6.236876	1.031530	1.749833	1.296496	-21.333661
127.749368	9.806077	-10.619249	-3.225097	2.046398	1.845575	1.316313	-21.329943
-8.245018	8.187712	-10.584722	-3.085204	2.090619	1.849694	1.317175	-21.329779
-127.428108	6.508162	-10.546027	-2.944778	2.134789	1.853804	1.318036	-21.329615
124.465858	-28.734990	-9.006916	-0.091825	2.993044	1.933086	1.334834	-21.326365
112.741314	-41.571511	-6.252040	2.839756	3.820546	2.008949	1.351287	-21.323096
-124.751514	-28.393315	-2.150314	6.150610	4.720567	2.091759	1.369780	-21.319311
-11.197654	1.387383	2.030618	9.217457	5.549453	2.169534	1.387797	-21.315500
113.632754	2.953104	2.203722	9.346358	5.584714	2.172901	1.388594	-21.315328
-112.561249	4.534019	2.374951	9.474462	5.619821	2.176259	1.389390	-21.315156
-111.558275	35.075515	5.165602	11.755028	6.261921	2.239085	1.404606	-21.311824
45.121195	52.551971	6.506283	13.576583	6.826337	2.297711	1.419450	-21.308471
-16.199512	-18.503860	3.354709	15.635762	7.773841	2.415996	1.452245	-21.300661
119.436747	-48.654713	-1.623294	14.784920	8.155395	2.508757	1.482936	-21.292749
77.283938	-42.301179	-1.682892	14.735961	8.157644	2.510481	1.483582	-21.292575
-125.539352	-35.645974	-1.739053	14.685722	8.159648	2.512193	1.484228	-21.292401
45.872494	-28.392948	-1.795465	14.630469	8.161524	2.514015	1.484919	-21.292214
131.829284	-21.255868	-1.848026	14.573752	8.163120	2.515822	1.485609	-21.292027
-162.631636	45.013142	-2.207894	13.437220	8.149815	2.543375	1.496808	-21.288940
-98.506081	28.354327	-1.812582	11.937491	8.065103	2.566714	1.507676	-21.285837
139.356965	-27.056540	-0.738288	9.529898	7.855705	2.590860	1.521309	-21.281779
17.374342	-31.142362	0.196697	6.767250	7.543540	2.608144	1.534362	-21.277695
-126.553341	-30.708606	0.221798	6.638696	7.527397	2.608757	1.534930	-21.277512
126.384319	-30.289569	0.244975	6.509894	7.511082	2.609357	1.535497	-21.277329
96.137694	-24.598355	0.372912	3.977343	7.161550	2.618364	1.546204	-21.273796
-128.248213	-16.587918	0.091074	1.420542	6.750727	2.622555	1.556467	-21.270243
23.693373	2.519513	-0.342431	-1.476584	6.206371	2.621538	1.567801	-21.266103
111.102739	15.575054	-0.425380	-4.200475	5.598459	2.614381	1.578521	-21.261937
-110.606490	15.655582	-0.413113	-4.316774	5.569892	2.613920	1.578987	-21.261750
-65.980644	15.679825	-0.399113	-4.432578	5.541199	2.613446	1.579452	-21.261562
102.874050	9.681078	0.143358	-6.534473	4.969726	2.602018	1.588153	-21.257947
-3.931017	3.001367	0.924809	-8.352243	4.365619	2.586274	1.596388	-21.254314
-109.693640	-4.979675	1.607032	-10.036044	3.633064	2.562763	1.605353	-21.250080
120.366933	-14.436132	1.456533	-11.185807	2.875445	2.533759	1.613696	-21.245821
91.975688	-14.658817	1.421607	-11.224320	2.841253	2.532341	1.614053	-21.245630
-121.228082	-14.848202	1.383893	-11.261755	2.807032	2.530912	1.614410	-21.245440
43.087309	-12.084806	0.180172	-11.775223	2.140078	2.501190	1.621065	-21.241743
129.277698	0.153486	-1.576265	-11.891756	1.469144	2.467616	1.627263	-21.238029
-126.121099	18.824833	-3.628607	-11.539363	0.695205	2.424112	1.633864	-21.233710
-51.856013	25.281845	-4.938804	-10.679858	-0.072791	2.375757	1.639860	-21.229366
119.438719	24.900120	-4.966860	-10.630198	-0.107100	2.373472	1.640116	-21.229170
-27.654179	24.441967	-4.991732	-10.579611	-0.141408	2.371175	1.640370	-21.228974
-116.990183	3.459890	-4.856911	-9.449066	-0.794833	2.325271	1.645017	-21.225202
122.462493	-26.255292	-3.587636	-8.065442	-1.435673	2.275984	1.649217	-21.221411
109.066956	-33.269143	-0.745944	-6.236960	-2.159238	2.214618	1.653538	-21.216986
-142.202182	-6.787499	3.230465	-4.279980	-2.854607	2.148993	1.657263	-21.212536
18.800439	-4.909569	3.413836	-4.191476	-2.884884	2.145968	1.657415	-21.212337
142.059427	-2.985721	3.596618	-4.102895	-2.915112	2.142932	1.657566	-21.212138
-134.455501	31.364422	6.769965	-2.407346	-3.483199	2.082900	1.660249	-21.208290
-95.367496	35.303704	8.548748	-0.781804	-4.021763	2.019955	1.662496	-21.204425
110.567447	10.032639	7.889946	0.939181	-4.606591	1.943129	1.664564	-21.199903
2.763282	-20.813192	4.912666	2.434546	-5.140157	1.862662	1.666047	-21.195357
-105.752009	-21.788645	4.744816	2.494688	-5.162294	1.859051	1.666099	-21.195157
105.695648	-22.708496	4.574539	2.554363	-5.184320	1.855434	1.666149	-21.194957
92.853284	-29.975202	0.868273	3.628840	-5.593188	1.783165	1.666915	-21.191026
-107.883857	-20.314642	-3.103391	4.515309	-5.955444	1.708435	1.667253	-21.187077
38.353139	2.988397	-7.230691	5.295893	-6.311431	1.619018	1.667113	-21.182486
112.057158	21.040785	-9.962378	5.801319	-6.593862	1.526613	1.666404	-21.177871
-112.138329	21.395029	-10.037553	5.817403	-6.604753	1.522384	1.666359	-21.177663
-68.329295	21.696680	-10.107873	5.832892	-6.615475	1.518153	1.666313	-21.177455
114.213664	19.823966	-10.593614	6.016206	-6.790086	1.435623	1.665200	-21.173438
-24.266487	10.637252	-9.779989	5.982269	-6.903663	1.351093	1.663667	-21.169405
-123.650271	-3.898230	-7.920008	5.698653	-6.959511	1.251265	1.661380	-21.164733
127.522800	-15.878330	-5.855726	5.193971	-6.941702	1.149074	1.658540	-21.160039
91.608212	-16.041628	-5.771177	5.166773	-6.939305	1.144423	1.658400	-21.159827
-127.580823	-16.154143	-5.687892	5.139202	-6.936775	1.139765	1.658258	-21.159615
43.004284	-9.785374	-4.310574	4.544180	-6.863426	1.049147	1.655307	-21.155523
119.363478	5.190960	-3.182423	3.847700	-6.747101	0.956983	1.651945	-21.151414
-112.409330	18.747766	-1.839891	2.956524	-6.566936	0.848992	1.647564	-21.146659
-73.465485	16.281174	-0.145845	2.012832	-6.345564	0.739317	1.642644	-21.141882
109.134589	15.781632	-0.061078	1.969813	-6.334763	0.734343	1.642410	-21.141667
-0.845848	15.252166	0.024278	1.926810	-6.323905	0.729369	1.642175	-21.141451
-111.405422	0.292270	1.782095	1.100535	-6.102790	0.632892	1.637431	-21.137288
116.863487	-18.006418	3.701166	0.299601	-5.863183	0.535444	1.632287	-21.133110
106.349040	-27.563661	6.021645	-0.556857	-5.570479	0.421775	1.625845	-21.128262
-124.512332	-13.416994	8.232105	-1.296530	-5.269090	0.307198	1.618875	-21.123394
47.158286	-12.098784	8.316810	-1.325527	-5.255842	0.302169	1.618559	-21.123181
124.226855	-10.721969	8.399978	-1.354212	-5.242595	0.297139	1.618241	-21.122967
-118.617799	19.519875	9.633508	-1.852103	-4.981617	0.197339	1.611745	-21.118737
-55.115397	32.097758	9.739869	-2.196086	-4.726695	0.097163	1.604860	-21.114492
108.017648	19.293504	8.062849	-2.368913	-4.447906	-0.018482	1.596452	-21.109587
0.139342	-12.222165	4.974051	-2.319093	-4.190910	-0.134244	1.587534	-21.104665
-110.250688	-13.582658	4.814224	-2.312209	-4.179860	-0.139443	1.587121	-21.104443
110.471115	-14.908453	4.653245	-2.304960	-4.168857	-0.144639	1.586708	-21.104222
105.434704	-31.936192	1.396612	-2.097661	-3.963793	-0.244777	1.578540	-21.099945
-120.346572	-28.427415	-1.850285	-1.779491	-3.770443	-0.344704	1.569995	-21.095655
32.355860	1.274951	-5.184465	-1.307255	-3.558048	-0.459711	1.559657	-21.090684
118.981450	27.200497	-7.665909	-0.760388	-3.353384	-0.574050	1.548823	-21.085697
-118.739951	27.660635	-7.754503	-0.733486	-3.343875	-0.579408	1.548301	-21.085462
-72.852979	28.023832	-7.840281	-0.706492	-3.334368	-0.584768	1.547778	-21.085227
112.566240	20.356035	-8.926130	-0.201203	-3.160082	-0.683086	1.537951	-21.080891
-15.212534	-2.849150	-9.191510	0.303680	-2.985349	-0.780606	1.527757	-21.076543
-98.022390	-23.973641	-8.706691	0.863501	-2.779343	-0.892082	1.515528	-21.071506
96.083110	-17.304729	-7.601129	1.379820	-2.564805	-1.002109	1.502815	-21.066455
89.698028	-16.394100	-7.538640	1.401686	-2.554906	-1.007011	1.502234	-21.066228
-96.361896	-15.444538	-7.475039	1.423441	-2.544975	-1.011912	1.501650	-21.066001
30.961543	6.222594	-6.042824	1.816644	-2.347466	-1.105906	1.490195	-21.061606
111.301051	21.657186	-4.245545	2.150363	-2.137260	-1.198505	1.478381	-21.057200
-118.050312	17.387274	-1.803226	2.445054	-1.876397	-1.303029	1.464365	-21.052124
-54.279314	6.747487	0.837690	2.627517	-1.590880	-1.405325	1.449884	-21.047036
121.648303	6.369212	0.959809	2.632907	-1.577106	-1.409966	1.449208	-21.046802
-28.322142	6.009488	1.081735	2.638017	-1.563280	-1.414599	1.448531	-21.046568
-126.206523	0.047832	3.340416	2.681300	-1.290087	-1.501397	1.435524	-21.042132
132.146747	-10.608441	5.392487	2.618187	-0.997168	-1.586207	1.422170	-21.037686
100.218878	-23.105612	7.292464	2.406298	-0.639860	-1.681161	1.406378	-21.032560
-133.619424	-15.396125	8.527058	2.037167	-0.265846	-1.773099	1.390135	-21.027423
37.007994	-14.200125	8.567409	2.016700	-0.248687	-1.777166	1.389393	-21.027192
132.877020	-12.922534	8.606554	1.995880	-0.231494	-1.781229	1.388649	-21.026960
-123.262612	16.361739	9.135026	1.525833	0.104474	-1.858385	1.374111	-21.022479
-95.227799	25.747460	9.277425	0.926166	0.445649	-1.932954	1.359235	-21.017990
109.585549	10.660575	9.039509	0.109191	0.837952	-2.014886	1.341814	-21.012848
25.884808	-15.179150	8.493799	-0.804664	1.227820	-2.093058	1.323959	-21.007696
-108.086213	-16.145185	8.464436	-0.846957	1.245077	-2.096455	1.323152	-21.007466
107.959915	-17.073258	8.434723	-0.889377	1.262330	-2.099845	1.322345	-21.007236
107.233422	-28.173644	7.803437	-1.733956	1.596581	-2.164639	1.306347	-21.002723
-105.773770	-28.844739	7.140301	-2.583628	1.921568	-2.226255	1.290024	-20.998205
45.646438	-18.003213	6.388850	-3.524897	2.278697	-2.292850	1.270901	-20.993013
105.171894	4.803912	5.440052	-4.386079	2.614313	-2.354883	1.251357	-20.987814
-105.243485	6.100873	5.388354	-4.422179	2.628819	-2.357562	1.250468	-20.987580
-32.640167	7.415478	5.335712	-4.457995	2.643261	-2.360229	1.249579	-20.987346
107.508575	29.790285	4.088461	-5.094511	2.911674	-2.409958	1.232199	-20.982816
-36.005321	29.606238	2.341554	-5.601616	3.156421	-2.455933	1.214505	-20.978280
-116.411787	2.834012	-0.143202	-5.987075	3.406040	-2.504319	1.193618	-20.973020
124.473653	-29.236404	-2.781132	-6.111181	3.615171	-2.547279	1.172316	-20.967753
103.934037	-29.772489	-2.895249	-6.109945	3.623446	-2.549048	1.171366	-20.967520
-125.210832	-30.181370	-3.008823	-6.108112	3.631633	-2.550804	1.170416	-20.967288
51.511368	-17.565759	-5.072380	-5.946134	3.775322	-2.582965	1.151643	-20.962730
132.897500	12.046494	-6.577954	-5.524600	3.886276	-2.610768	1.132565	-20.958169
-126.265294	31.414692	-7.138138	-4.684952	3.971637	-2.637198	1.110236	-20.952915
-66.025068	22.760722	-6.090348	-3.464722	4.009661	-2.657471	1.087511	-20.947656
114.006412	21.745111	-6.011311	-3.402471	4.010221	-2.658230	1.086486	-20.947421
-23.298100	20.679825	-5.929978	-3.339635	4.010683	-2.658977	1.085460	-20.947186
-107.795520	-6.849539	-3.974566	-2.016075	3.999787	-2.670971	1.065385	-20.942618
110.960806	-33.602083	-1.587822	-0.542803	3.950319	-2.678263	1.045018	-20.938046
103.940679	-34.132309	1.183361	1.252361	3.843971	-2.680949	1.021190	-20.932777
-128.765874	-5.338500	3.491820	3.053248	3.683071	-2.677642	0.996980	-20.927504
32.438546	-3.576408	3.575454	3.131563	3.674650	-2.677359	0.995898	-20.927270
128.757598	-1.791417	3.657083	3.209624	3.666123	-2.677064	0.994816	-20.927037
-123.624538	29.282315	4.798810	4.685779	3.476481	-2.668990	0.973464	-20.922459
-80.561298	34.274922	4.840028	6.013912	3.243112	-2.656590	0.951819	-20.917879
109.880025	16.269499	3.327229	7.271868	2.918422	-2.637044	0.926510	-20.912600
-23.647593	-7.610297	0.839773	8.138720	2.532315	-2.611992	0.900809	-20.907320
-110.369603	-8.621701	0.720643	8.166856	2.513628	-2.610749	0.899653	-20.907085
110.468049	-9.622280	0.601477	8.194031	2.494815	-2.609494	0.898497	-20.906849
101.970847	-25.545703	-1.609845	8.520840	2.103578	-2.582970	0.875835	-20.902264
-113.504075	-29.710708	-3.208330	8.423173	1.666439	-2.552496	0.852886	-20.897678
41.136068	-14.946863	-3.693721	7.700614	1.119243	-2.512665	0.826132	-20.892402
113.576568	9.196077	-2.784869	6.265377	0.541317	-2.467862	0.799010	-20.887127
-113.626553	10.247333	-2.716717	6.185233	0.514886	-2.465733	0.797782	-20.886890
-83.029859	11.281809	-2.646519	6.103849	0.488430	-2.463594	0.796553	-20.886653
115.504135	24.918746	-0.954252	4.319361	-0.025631	-2.420353	0.772661	-20.882070
-29.616192	19.999916	1.090690	2.244450	-0.537133	-2.373560	0.748500	-20.877488
-119.539694	-1.627724	3.098151	-0.292348	-1.107792	-2.315429	0.720369	-20.872216
118.814015	-22.894002	3.797801	-2.764207	-1.642535	-2.252848	0.691893	-20.866947
95.101935	-23.334422	3.783043	-2.870281	-1.665458	-2.249932	0.690605	-20.866710
-118.603723	-23.704271	3.763593	-2.975838	-1.688287	-2.247005	0.689315	-20.866473
56.928465	-18.528524	2.580323	-4.879905	-2.105283	-2.188813	0.664283	-20.861899
111.967231	1.755636	0.375650	-6.466907	-2.469470	-2.127468	0.639001	-20.857327
-108.870031	26.443272	-2.448862	-7.782082	-2.808782	-2.052988	0.609566	-20.852062
-60.825616	29.946614	-4.475122	-8.412406	-3.045419	-1.974573	0.579811	-20.846802
108.803753	29.369821	-4.528716	-8.422339	-3.053320	-1.970980	0.578474	-20.846567
-30.268842	28.723092	-4.578461	-8.430610	-3.060980	-1.967378	0.577136	-20.846332
-113.318815	5.394314	-4.843667	-8.247115	-3.162794	-1.895896	0.551014	-20.841766
122.138053	-24.435275	-3.953464	-7.399912	-3.180021	-1.821671	0.524661	-20.837205
114.797368	-36.120591	-1.658958	-5.766821	-3.104429	-1.733092	0.494050	-20.831960
-138.238837	-14.541731	1.634442	-3.666338	-2.937102	-1.641408	0.463144	-20.826720
57.054448	-12.751425	1.785167	-3.566009	-2.927703	-1.637264	0.461763	-20.826487
137.994604	-10.898987	1.935050	-3.465337	-2.918153	-1.633117	0.460382	-20.826255
-130.733792	26.279432	4.521469	-1.446370	-2.700994	-1.550990	0.433285	-20.821710
-90.253952	37.029835	5.765919	0.559327	-2.430686	-1.466942	0.405974	-20.817169
111.706870	17.172801	4.693714	2.670601	-2.061939	-1.367794	0.374194	-20.811935
-2.210728	-16.691949	1.805864	4.448111	-1.642826	-1.266623	0.342144	-20.806709
-109.598516	-17.912599	1.653491	4.519014	-1.622850	-1.262003	0.340687	-20.806473
101.173643	-19.070873	1.500216	4.589018	-1.602794	-1.257379	0.339231	-20.806236
112.417225	-29.834599	-1.427497	5.737998	-1.206999	-1.168683	0.311383	-20.801740
-115.711504	-23.916711	-3.891543	6.492747	-0.789678	-1.078902	0.283345	-20.797250
38.240762	-4.245051	-5.699977	6.788772	-0.285624	-0.973173	0.250442	-20.792027
115.632434	13.485238	-5.960753	6.360134	0.226478	-0.866507	0.217291	-20.786813
-115.461843	13.942519	-5.929764	6.322750	0.249173	-0.861756	0.215814	-20.786581
-56.543809	14.362093	-5.894886	6.283767	0.271855	-0.857004	0.214337	-20.786350
111.484695	17.273970	-4.444409	5.245762	0.706840	-0.764716	0.185620	-20.781875
-44.295500	15.396874	-1.635338	3.786699	1.126790	-0.672153	0.156730	-20.777408
-113.450530	4.387628	2.316008	1.795758	1.581649	-0.564889	0.123073	-20.772245
120.601567	-14.407363	5.250842	-0.266714	1.988804	-0.457779	0.089193	-20.767093
85.825762	-14.943355	5.327870	-0.357109	2.005793	-0.452959	0.087661	-20.766861
-121.217232	-15.421153	5.398740	-0.447147	2.022666	-0.448138	0.086128	-20.766629
45.693695	-14.117855	5.632281	-2.069796	2.318966	-0.356073	0.056694	-20.762191
126.716553	0.606222	4.181569	-3.443358	2.558163	-0.264543	0.027105	-20.757762
-124.561976	20.914326	1.279759	-4.646971	2.752008	-0.158938	-0.007520	-20.752619
-87.341554	25.695195	-1.892203	-5.343012	2.840638	-0.054587	-0.042345	-20.747488
120.746788	25.270794	-2.023239	-5.360920	2.841906	-0.049948	-0.043909	-20.747259
-34.082046	24.781105	-2.152503	-5.377617	2.842931	-0.045316	-0.045472	-20.747030
-119.766874	4.890172	-4.241905	-5.455067	2.813768	0.043048	-0.075580	-20.742630
122.563076	-23.309048	-5.344446	-5.036007	2.689029	0.130126	-0.105825	-20.738240
106.533080	-35.474516	-4.883004	-3.927418	2.437759	0.229387	-0.141064	-20.733161
-126.299538	-13.061816	-2.224492	-2.329884	2.092184	0.326704	-0.176476	-20.728097
32.816146	-11.075983	-2.067947	-2.248937	2.074493	0.331100	-0.178097	-20.727866
125.670429	-9.012186	-1.909604	-2.167464	2.056651	0.335493	-0.179719	-20.727635
-116.753205	30.920614	1.212667	-0.556888	1.693681	0.417708	-0.210440	-20.723275
-88.892523	39.943769	3.842492	1.087567	1.291229	0.498322	-0.241280	-20.718927
107.979841	16.785557	5.213718	2.843112	0.793442	0.589643	-0.277160	-20.713902
-7.384432	-17.393363	4.944896	4.230570	0.282105	0.678618	-0.313188	-20.708893
-113.745817	-18.728073	4.902020	4.280487	0.259540	0.682492	-0.314782	-20.708672
114.000375	-20.029331	4.856770	4.329372	0.236977	0.686364	-0.316378	-20.708451
90.768404	-37.477185	3.533235	5.071892	-0.197411	0.760962	-0.347581	-20.704144
-117.681341	-36.638455	1.491495	5.419192	-0.611401	0.833665	-0.378885	-20.699849
65.592612	-12.188528	-1.361428	5.345666	-1.051118	0.915297	-0.415211	-20.694897
113.292500	17.986764	-3.899355	4.792367	-1.443488	0.994196	-0.451659	-20.689963
-113.251502	19.081542	-3.990795	4.756701	-1.459986	0.997682	-0.453303	-20.689741
-57.557366	20.134291	-4.079618	4.720108	-1.476392	1.001166	-0.454949	-20.689519
113.595796	29.850357	-5.143934	3.848339	-1.770375	1.066804	-0.486530	-20.685273
-18.872030	16.836268	-4.750800	2.670232	-2.023907	1.130253	-0.518193	-20.681041
-117.151053	-9.449005	-2.966393	1.060716	-2.255293	1.198067	-0.553448	-20.676357
119.451187	-25.946941	-0.449606	-0.735048	-2.430864	1.263004	-0.588792	-20.671690
-119.965058	-13.753125	2.193461	-2.615939	-2.551301	1.327671	-0.625805	-20.666834
25.639250	14.549844	4.235164	-4.291979	-2.603881	1.388993	-0.662903	-20.661998
114.104853	15.481086	4.300051	-4.355624	-2.604561	1.391530	-0.664486	-20.661792
-113.679114	16.357409	4.362752	-4.418495	-2.605111	1.394061	-0.666068	-20.661587
-65.134969	24.494857	5.105165	-5.514012	-2.587833	1.444016	-0.698178	-20.657428
93.297050	23.479280	4.746407	-6.246462	-2.514889	1.491436	-0.730343	-20.653284
-35.463485	21.725861	3.250555	-6.655988	-2.357696	1.543292	-0.767708	-20.648498
-101.418484	6.995078	1.076092	-6.624288	-2.122012	1.591824	-0.805134	-20.643734
102.162426	5.748425	0.971524	-6.612988	-2.109840	1.593907	-0.806801	-20.643522
71.590329	4.446630	0.866655	-6.600859	-2.097534	1.595984	-0.808468	-20.643311
-119.907336	-21.587560	-1.159516	-6.205319	-1.834635	1.634903	-0.840748	-20.639227
63.897901	-24.724046	-2.959685	-5.512287	-1.530295	1.671425	-0.873063	-20.635160
140.431650	-4.063635	-4.411853	-4.357691	-1.136219	1.710833	-0.910594	-20.630463
-136.373913	20.869360	-5.047556	-2.881755	-0.710479	1.747104	-0.948161	-20.625789
-66.243050	21.623105	-5.055238	-2.809913	-0.690983	1.748648	-0.949835	-20.625582
135.702483	22.324015	-5.061078	-2.737622	-0.671450	1.750185	-0.951509	-20.625374
-29.263799	25.270060	-4.793063	-1.258602	-0.286595	1.778834	-0.984036	-20.621351
-123.696584	9.291555	-3.811768	0.314209	0.102994	1.805202	-1.016580	-20.617347
122.922678	-21.299284	-2.142995	2.145439	0.545835	1.832738	-1.054009	-20.612766
94.323980	-26.799325	-0.371949	3.897558	0.971128	1.857351	-1.091449	-20.608209
-123.716427	-26.021456	-0.297211	3.973417	0.989801	1.858399	-1.093148	-20.608003
42.305407	-25.142037	-0.223276	4.048880	1.008410	1.859441	-1.094847	-20.607797
120.897970	3.523700	1.052104	5.404585	1.351143	1.878275	-1.127406	-20.603857
-116.305447	28.684537	2.107178	6.539398	1.661708	1.894968	-1.159965	-20.599937
-83.425937	25.994639	3.118525	7.480158	1.968804	1.911588	-1.197481	-20.595443
115.100380	2.071386	3.895626	7.923316	2.209225	1.925450	-1.234986	-20.590976
-16.072576	0.837884	3.924796	7.929865	2.218362	1.926016	-1.236690	-20.590773
-115.532762	-0.392037	3.953403	7.935149	2.227333	1.926576	-1.238395	-20.590571
120.436838	-21.340413	4.386807	7.777757	2.367376	1.936189	-1.270900	-20.586721
82.875519	-31.689647	4.571659	7.090722	2.451735	1.943797	-1.303386	-20.582891
-120.044461	-21.115434	4.320209	5.683860	2.486378	1.950110	-1.340735	-20.578510
34.734504	11.799304	3.363426	3.782022	2.461484	1.953859	-1.378049	-20.574157
113.605369	13.157159	3.298732	3.685638	2.459027	1.953971	-1.379767	-20.573957
-113.354950	14.455023	3.232052	3.588633	2.456460	1.954077	-1.381485	-20.573757
-70.639084	27.482195	1.570053	1.662829	2.388301	1.955100	-1.413943	-20.569992
110.030272	22.067045	-0.760195	-0.350791	2.286262	1.954267	-1.446360	-20.566247
-8.164422	1.407408	-3.186619	-2.612678	2.133270	1.951055	-1.483636	-20.561963
-115.148321	-14.968198	-3.849823	-4.626827	1.949620	1.945484	-1.520833	-20.557708
109.686978	-15.234504	-3.813628	-4.707788	1.940837	1.945182	-1.522490	-20.557519
115.452102	-15.446765	-3.770686	-4.787858	1.932009	1.944875	-1.524146	-20.557330
-117.990209	-11.547336	-1.830454	-6.150587	1.751807	1.937977	-1.556411	-20.553656
37.671952	-2.157683	1.084615	-7.058816	1.559743	1.929375	-1.588592	-20.550005
114.983124	3.335246	3.502737	-7.396527	1.331292	1.917453	-1.625393	-20.545846
-107.159989	-0.981048	2.940089	-6.884658	1.100546	1.903386	-1.662055	-20.541718
-46.802684	-1.063360	2.834377	-6.844138	1.090291	1.902712	-1.663681	-20.541536
106.398557	-1.114841	2.721763	-6.802292	1.080046	1.902034	-1.665306	-20.541353
-21.048989	1.893549	-0.278370	-5.739041	0.880276	1.887949	-1.697027	-20.537794
-98.289183	3.082350	-2.727610	-4.308445	0.682780	1.872325	-1.728617	-20.534259
104.903549	-6.811066	-3.299930	-2.405797	0.460238	1.852484	-1.764793	-20.530222
80.030368	-12.848083	-1.822608	-0.468855	0.244904	1.830704	-1.800766	-20.526218
-118.793193	-12.743133	-1.720985	-0.383764	0.235444	1.829682	-1.802376	-20.526039
51.899522	-12.594627	-1.617006	-0.298922	0.226004	1.828656	-1.803985	-20.525860
130.430724	-2.483322	0.660979	1.278266	0.047344	1.808055	-1.835041	-20.522411
-136.492503	15.606713	2.739469	2.675527	-0.122562	1.786068	-1.865921	-20.518988
-86.746986	31.035343	3.545824	3.955496	-0.305577	1.759058	-1.901273	-20.515075
130.358760	18.577895	1.736011	4.794709	-0.472757	1.730308	-1.936361	-20.511197
-28.382528	16.940336	1.610274	4.822590	-0.479898	1.728969	-1.937939	-20.511023
-129.692143	15.199412	1.482194	4.849658	-0.487001	1.727627	-1.939516	-20.510849
123.287135	-25.148145	-1.186113	5.221140	-0.616086	1.701157	-1.969737	-20.507512
119.012676	-42.345318	-3.362799	5.341733	-0.729978	1.673455	-1.999734	-20.504202
-112.923720	-22.124516	-4.027997	5.232417	-0.841683	1.640071	-2.033985	-20.500425
5.710472	24.584927	-3.032654	4.923689	-0.934786	1.605151	-2.067910	-20.496684
105.437461	26.295248	-2.959309	4.905752	-0.938605	1.603536	-2.069437	-20.496515
-105.062835	27.909246	-2.884009	4.887497	-0.942392	1.601918	-2.070962	-20.496347
-78.192799	41.957936	-1.144824	4.480250	-1.009274	1.570294	-2.100100	-20.493133
94.294770	34.428238	0.863201	3.980699	-1.066485	1.537591	-2.128967	-20.489947
-27.717209	15.427300	3.000438	3.318659	-1.123099	1.498479	-2.161995	-20.486298
-108.963220	-10.128475	4.366090	2.600503	-1.172324	1.458025	-2.194633	-20.482688
109.534923	-11.408604	4.399821	2.567393	-1.174417	1.456171	-2.196094	-20.482526
56.373142	-12.692276	4.430693	2.534265	-1.176499	1.454316	-2.197554	-20.482364
-120.003153	-30.617028	4.402604	1.889835	-1.215184	1.418175	-2.225432	-20.479275
58.973206	-19.655527	3.113005	1.233224	-1.252688	1.381107	-2.252994	-20.476215
119.836414	9.403742	0.699850	0.485771	-1.296919	1.337318	-2.284329	-20.472727
-114.907885	22.681189	-1.759661	-0.220384	-1.345076	1.292401	-2.315214	-20.469279
-66.746758	22.525067	-1.857405	-0.251239	-1.347428	1.290315	-2.316620	-20.469122
114.807802	22.293336	-1.953165	-0.281932	-1.349794	1.288226	-2.318025	-20.468965
-14.283357	7.949757	-3.390395	-0.826128	-1.397501	1.248449	-2.344309	-20.466020
-125.022653	-11.500331	-4.142884	-1.290572	-1.452437	1.207909	-2.370232	-20.463106
131.638711	-19.112935	-4.182818	-1.700893	-1.527714	1.159976	-2.399835	-20.459764
92.692673	-8.296931	-3.404447	-1.949075	-1.618235	1.111113	-2.428924	-20.456463
-131.834165	-7.481539	-3.353510	-1.956554	-1.622772	1.108865	-2.430237	-20.456314
39.866700	-6.645363	-3.301466	-1.963709	-1.627346	1.106615	-2.431549	-20.456164
126.244458	10.053686	-2.143700	-2.039806	-1.721770	1.063575	-2.456240	-20.453347
-118.524798	19.180692	-0.804352	-2.009134	-1.831238	1.019920	-2.480522	-20.450561
-64.698119	14.996296	0.721607	-1.857309	-1.973994	0.968894	-2.507984	-20.447390
107.637556	2.266384	2.056208	-1.599791	-2.131076	0.917149	-2.534872	-20.444263
1.216786	1.639106	2.110139	-1.585807	-2.138540	0.914764	-2.536089	-20.444121
-107.718599	1.013859	2.163287	-1.571657	-2.146020	0.912379	-2.537304	-20.443979
111.000174	-10.763900	3.012174	-1.271406	-2.291706	0.866718	-2.560195	-20.441294
91.061946	-20.987410	3.480029	-0.921883	-2.441607	0.820590	-2.582628	-20.438642
-120.127104	-22.471128	3.416723	-0.482595	-2.615106	0.767067	-2.607820	-20.435636
33.970142	-6.407182	2.646662	-0.045561	-2.785609	0.713028	-2.632377	-20.432676
120.390894	-5.423546	2.598352	-0.026758	-2.793061	0.710610	-2.633456	-20.432545
-120.275519	-4.428353	2.549023	-0.008036	-2.800497	0.708191	-2.634533	-20.432414
-47.728261	14.619723	1.411028	0.337373	-2.942182	0.660727	-2.655334	-20.429877
110.557253	23.591520	0.052712	0.628277	-3.074796	0.612952	-2.675628	-20.427374
-19.194656	10.802956	-1.523351	0.865323	-3.211446	0.557983	-2.698203	-20.424554
-107.537782	-12.690662	-2.693361	0.968181	-3.327737	0.502705	-2.720086	-20.421781
107.857356	-13.701051	-2.729677	0.969136	-3.332547	0.500141	-2.721081	-20.421654
85.544098	-14.682811	-2.764040	0.969728	-3.337303	0.497577	-2.722075	-20.421526
-116.526368	-22.818695	-2.984400	0.909237	-3.416766	0.449146	-2.740523	-20.419149
18.670881	-3.754788	-2.299249	0.709368	-3.476635	0.400558	-2.758421	-20.416808
119.508067	21.478183	-0.791900	0.346483	-3.520936	0.344309	-2.778391	-20.414149
-110.872570	15.548881	0.887170	-0.097420	-3.538122	0.287953	-2.797597	-20.411539
-66.638174	14.709690	0.958826	-0.118217	-3.538249	0.285423	-2.798440	-20.411423
110.223286	13.845890	1.029907	-0.139059	-3.538321	0.282892	-2.799283	-20.411307
-8.131460	-4.496562	2.227841	-0.539603	-3.528695	0.233974	-2.815248	-20.409086
-108.732967	-18.583008	2.904271	-0.907793	-3.497927	0.185086	-2.830616	-20.406902
112.291280	-19.318334	2.685783	-1.243005	-3.435963	0.128964	-2.847544	-20.404436
56.611243	-6.645214	1.238746	-1.449759	-3.345118	0.073072	-2.863652	-20.402019
-114.716690	-5.889424	1.155807	-1.455424	-3.340448	0.070619	-2.864341	-20.401914
42.936048	-5.122154	1.071867	-1.460777	-3.335722	0.068166	-2.865030	-20.401809
115.867956	10.456200	-0.680327	-1.498449	-3.230911	0.019844	-2.878294	-20.399752
-117.830122	20.161156	-2.212656	-1.391499	-3.105218	-0.028159	-2.890914	-20.397732
-60.099154	16.163470	-3.122915	-1.062417	-2.934949	-0.082924	-2.904623	-20.395457
126.656997	0.442887	-3.121711	-0.496086	-2.737077	-0.137092	-2.917449	-20.393232
0.100139	-0.391688	-3.102518	-0.466429	-2.727817	-0.139439	-2.917988	-20.393137
-127.051457	-1.231849	-3.081793	-0.436415	-2.718511	-0.141783	-2.918525	-20.393041
129.928177	-16.686005	-2.349228	0.227396	-2.521865	-0.188245	-2.928872	-20.391154
100.466609	-22.369199	-1.020304	0.968031	-2.304107	-0.234112	-2.938528	-20.389306
-122.952995	-11.664596	1.067524	1.824565	-2.027459	-0.286037	-2.948762	-20.387231
11.012883	12.790528	2.963402	2.585347	-1.722572	-0.336995	-2.958050	-20.385208
110.946595	13.640092	3.026861	2.614708	-1.708631	-0.339194	-2.958434	-20.385121
-110.399321	14.439678	3.088055	2.643678	-1.694637	-0.341390	-2.958815	-20.385034
-70.712050	20.914155	3.713998	3.126216	-1.404305	-0.384751	-2.966037	-20.383324
93.236242	15.389425	2.973872	3.390871	-1.092370	-0.427237	-2.972520	-20.381654
-9.444300	3.470252	0.900521	3.405153	-0.707119	-0.474896	-2.979044	-20.379786
-98.939255	-9.220198	-1.691000	3.101271	-0.293475	-0.521225	-2.984563	-20.377972
99.435783	-9.763725	-1.812012	3.078984	-0.273316	-0.523374	-2.984798	-20.377888
86.449882	-10.295730	-1.932178	3.055990	-0.253112	-0.525518	-2.985031	-20.377804
-110.604431	-15.591934	-3.897945	2.505616	0.127032	-0.564305	-2.988896	-20.376285
42.902006	-7.820357	-5.087922	1.711336	0.521389	-0.601958	-2.991988	-20.374808
124.321004	7.549541	-5.089425	0.477109	0.992312	-0.644311	-2.994598	-20.373139
-121.179384	15.218072	-3.242951	-1.052673	1.468287	-0.684942	-2.996127	-20.371528
-45.687456	15.287536	-3.117054	-1.123211	1.488970	-0.686668	-2.996168	-20.371459
120.659229	15.333129	-2.987135	-1.193980	1.509663	-0.688391	-2.996208	-20.371390
-16.148871	11.173757	0.190397	-2.604265	1.917208	-0.721779	-2.996563	-20.370053
-112.483372	-2.484070	3.671638	-3.932986	2.317456	-0.753751	-2.996092	-20.368757
116.420453	-22.582220	6.447031	-5.179395	2.765802	-0.788952	-2.994501	-20.367309
99.323831	-17.508551	6.501504	-5.933016	3.190189	-0.822069	-2.991773	-20.365916
-123.985754	-16.498435	6.445677	-5.953867	3.208034	-0.823464	-2.991628	-20.365857
33.211494	-15.419620	6.385594	-5.973730	3.225831	-0.824856	-2.991480	-20.365797
125.591482	13.201629	4.453790	-6.160974	3.563822	-0.851455	-2.988121	-20.364648
-121.189420	36.004427	1.511357	-5.960421	3.874883	-0.876368	-2.983896	-20.363539
-73.309828	39.818137	-2.371577	-5.246262	4.197944	-0.903048	-2.977904	-20.362307
117.434735	21.483614	-5.852276	-4.018741	4.476719	-0.927284	-2.970721	-20.361129
-25.682402	20.204316	-5.984778	-3.950641	4.488297	-0.928329	-2.970365	-20.361076
-118.381156	18.886572	-6.114301	-3.881438	4.499781	-0.929369	-2.970006	-20.361024
146.346487	-47.495042	-7.389270	-0.140693	4.883963	-0.968023	-2.952728	-20.358938
65.902291	-11.476502	0.790236	4.579366	5.059768	-0.996730	-2.930943	-20.357050
-112.410732	-7.270453	1.016396	4.688021	5.061153	-0.997281	-2.930375	-20.357008
29.109273	-2.879499	1.241044	4.796142	5.062406	-0.997826	-2.929804	-20.356966
108.634988	1.741539	1.472965	4.908045	5.063569	-0.998387	-2.929207	-20.356922
-106.714367	6.237209	1.702794	5.019307	5.064586	-0.998942	-2.928607	-20.356879
-97.933615	43.178955	5.001063	6.743324	5.059969	-1.007207	-2.918250	-20.356174
74.773708	33.767720	6.822520	8.137444	5.013449	-1.013713	-2.907135	-20.355502
-38.397242	3.027060	7.118286	9.212740	4.888825	-1.019511	-2.891727	-20.354684
-113.070374	-22.606168	5.587850	9.270325	4.688919	-1.022437	-2.875081	-20.353919
113.951704	-23.300272	5.479853	9.249498	4.678172	-1.022502	-2.874302	-20.353885
87.332873	-23.943290	5.368594	9.226756	4.667279	-1.022561	-2.873520	-20.353852
-124.822145	-26.902623	2.608074	8.433851	4.430043	-1.022571	-2.857981	-20.353235
31.565125	-14.936222	-1.074232	7.029475	4.143700	-1.020453	-2.841523	-20.352657
116.082601	5.170904	-5.071930	4.776420	3.759404	-1.015402	-2.821444	-20.352041
-108.785388	17.710677	-6.991788	1.977949	3.323534	-1.007580	-2.800160	-20.351476
-74.250367	17.925265	-6.998829	1.841286	3.302796	-1.007163	-2.799173	-20.351452
108.471613	18.105299	-6.997618	1.703909	3.281983	-1.006740	-2.798184	-20.351428
9.325146	15.774398	-5.526033	-1.063481	2.864563	-0.997516	-2.778659	-20.350984
-113.285844	4.909378	-2.104478	-3.915534	2.419019	-0.986245	-2.758239	-20.350578
118.275903	-12.327630	2.692297	-6.996562	1.875803	-0.970705	-2.733555	-20.350158
93.441860	-21.432883	6.609367	-9.482443	1.308657	-0.952481	-2.707691	-20.349788
-119.608046	-21.298174	6.736713	-9.575405	1.282326	-0.951586	-2.706483	-20.349773
59.460544	-21.097401	6.858316	-9.666289	1.255962	-0.950685	-2.705272	-20.349757
117.857005	-6.898095	8.070069	-10.964189	0.749910	-0.932541	-2.681828	-20.349482
-116.388577	16.775685	7.226185	-11.386530	0.236623	-0.912421	-2.657511	-20.349245
-51.732820	30.440937	3.974082	-10.878810	-0.357534	-0.886834	-2.628442	-20.349018
120.521182	15.673499	-1.081426	-9.469757	-0.950211	-0.858675	-2.598230	-20.348841
-14.550875	14.142344	-1.327393	-9.387111	-0.977006	-0.857336	-2.596830	-20.348834
-120.945185	12.534569	-1.573245	-9.302972	-1.003786	-0.855991	-2.595429	-20.348827
125.428949	-22.596732	-6.002503	-7.423548	-1.513377	-0.829199	-2.568109	-20.348717
120.888152	-37.060083	-8.970382	-5.114354	-2.013198	-0.800495	-2.539934	-20.348645
-128.456267	-16.904004	-9.355628	-2.079324	-2.570302	-0.765180	-2.506514	-20.348607
-6.708970	28.072295	-7.139853	1.178304	-3.103411	-0.727388	-2.471979	-20.348618
120.518967	29.578159	-6.993010	1.329682	-3.127253	-0.725591	-2.470364	-20.348619
-120.021425	30.962715	-6.843031	1.481009	-3.151031	-0.723788	-2.468747	-20.348621
-84.460556	36.565088	-3.546361	4.305765	-3.588514	-0.688682	-2.437680	-20.348674
99.928649	16.723065	0.151557	6.941805	-3.998977	-0.651734	-2.405778	-20.348763
0.032203	-13.155828	4.068602	9.524445	-4.431579	-0.607092	-2.368151	-20.348910
-95.813360	-30.101439	6.737333	11.400412	-4.817490	-0.560076	-2.329441	-20.349105
96.039093	-30.241188	6.814128	11.465251	-4.833909	-0.557871	-2.327646	-20.349115
83.420479	-30.311307	6.886280	11.528082	-4.850218	-0.555662	-2.325850	-20.349125
-102.125110	-20.172728	7.465638	12.318377	-5.140021	-0.512487	-2.291074	-20.349338
27.860759	3.206624	6.887242	12.284945	-5.385788	-0.467536	-2.255482	-20.349587
109.620167	23.440269	5.302408	11.338639	-5.611086	-0.413864	-2.213699	-20.349915
-110.911581	18.689755	3.212209	9.594892	-5.774368	-0.357907	-2.170858	-20.350291
-62.751685	18.117914	3.112319	9.500098	-5.780254	-0.355323	-2.168896	-20.350309
111.197599	17.538301	3.012238	9.404058	-5.786010	-0.352735	-2.166932	-20.350327
-25.919995	6.166215	1.096959	7.337256	-5.870985	-0.302069	-2.128737	-20.350695
-122.657124	-3.958604	-0.634013	4.934058	-5.906104	-0.249805	-2.089753	-20.351098
127.320826	-11.605478	-2.037119	2.039642	-5.885447	-0.190544	-2.045912	-20.351582
-125.622286	-14.390239	-2.598682	-0.960956	-5.800741	-0.129742	-2.001129	-20.352107
28.281625	-6.349999	-2.092933	-4.033166	-5.641687	-0.064842	-1.953330	-20.352701
109.251122	5.606529	-0.892115	-6.835066	-5.408371	0.001151	-1.904516	-20.353341
-108.967099	6.050040	-0.832093	-6.949301	-5.396310	0.004089	-1.902335	-20.353370
-66.753997	6.477644	-0.771893	-7.062570	-5.384099	0.007028	-1.900152	-20.353399
105.730209	11.242457	0.376863	-9.070116	-5.112697	0.065212	-1.856739	-20.353996
1.744499	8.559879	1.224055	-10.553505	-4.781697	0.123776	-1.812568	-20.354627
-110.163032	-1.014347	1.532049	-11.424375	-4.327136	0.191110	-1.761016	-20.355392
113.319656	-11.306742	0.879031	-11.231306	-3.792749	0.258384	-1.708481	-20.356200
95.728286	-11.558921	0.825141	-11.196712	-3.767094	0.261391	-1.706105	-20.356237
-113.496796	-11.780146	0.769096	-11.159899	-3.741300	0.264398	-1.703726	-20.356275
50.545398	-10.054393	-0.650202	-10.029184	-3.213545	0.322738	-1.657044	-20.357019
114.587986	1.044776	-2.279045	-8.222395	-2.642969	0.380584	-1.609626	-20.357797
-115.317810	18.031214	-3.586897	-5.561796	-1.947060	0.446081	-1.554329	-20.358729
-45.970257	20.489553	-3.377890	-2.548529	-1.219700	0.510367	-1.498076	-20.359705
114.304262	19.983343	-3.317621	-2.408055	-1.186268	0.513242	-1.495509	-20.359750
-22.759732	19.413710	-3.252473	-2.267404	-1.152800	0.516114	-1.492940	-20.359795
-111.813842	-0.081513	-1.210895	0.444964	-0.502786	0.570783	-1.443072	-20.360684
113.769575	-22.066233	1.740371	3.051105	0.151254	0.624084	-1.392491	-20.361604
92.420700	-31.206697	5.142108	5.700835	0.895700	0.683334	-1.333548	-20.362701
-142.806215	-21.381990	7.451225	7.748181	1.620518	0.740221	-1.273677	-20.363841
36.903071	-20.554460	7.517205	7.820898	1.651898	0.742676	-1.271009	-20.363892
144.179914	-19.693675	7.579734	7.891885	1.683191	0.745125	-1.268341	-20.363943
-153.084945	39.395543	6.158735	9.273267	2.961644	0.845997	-1.150806	-20.366252
-64.771366	13.306718	-3.277705	7.389709	4.028729	0.934843	-1.029950	-20.368713
116.288427	8.447464	-3.506163	7.316408	4.050223	0.936718	-1.027146	-20.368771
-21.105741	3.341859	-3.732396	7.242022	4.071580	0.938586	-1.024341	-20.368829
-114.842270	-2.312437	-3.977832	7.159183	4.094851	0.940627	-1.021262	-20.368893
74.451004	-7.723258	-4.220130	7.075084	4.117954	0.942658	-1.018180	-20.368957
106.466318	-38.022848	-7.488804	5.566541	4.466253	0.974102	-0.968277	-20.370000
-103.522934	-22.544185	-9.092289	3.833938	4.767891	1.003061	-0.917847	-20.371068
31.248210	1.608026	-8.867617	1.406205	5.084851	1.036685	-0.851665	-20.372488
108.880811	16.998502	-6.646582	-1.051192	5.312181	1.065590	-0.784606	-20.373950
-109.120204	17.387228	-6.511925	-1.158030	5.320118	1.066762	-0.781600	-20.374016
-62.974512	17.753208	-6.374711	-1.264493	5.327865	1.067925	-0.778592	-20.374082
113.266302	22.119661	-3.305594	-3.221195	5.439301	1.088384	-0.720143	-20.375374
-46.457906	23.540908	0.261697	-4.893698	5.475289	1.104910	-0.661059	-20.376696
-114.491358	10.332730	4.255701	-6.297388	5.417156	1.118916	-0.591704	-20.378267
119.053076	-18.631355	6.475876	-6.919777	5.245589	1.127207	-0.521505	-20.379877
90.810630	-19.365724	6.504260	-6.925982	5.235095	1.127446	-0.518326	-20.379951
-119.562562	-19.992006	6.525104	-6.930149	5.224365	1.127673	-0.515148	-20.380024
45.575136	-14.388922	5.622925	-6.637204	4.971589	1.129814	-0.453576	-20.381454
124.057331	7.223325	3.048146	-5.746946	4.637983	1.127739	-0.391383	-20.382914
-118.494896	23.189538	-0.449491	-4.196703	4.166583	1.120203	-0.319038	-20.384630
-79.883874	18.845882	-3.066249	-2.324262	3.615915	1.107240	-0.245907	-20.386384
111.758657	18.231543	-3.154313	-2.236290	3.589461	1.106529	-0.242592	-20.386464
-16.826143	17.586748	-3.239727	-2.148137	3.562860	1.105807	-0.239273	-20.386544
-111.407890	-0.074081	-4.335900	-0.457936	3.027640	1.089810	-0.175112	-20.388100
116.132348	-22.827842	-4.335803	1.129372	2.454672	1.069861	-0.110400	-20.389685
103.667649	-35.569393	-2.925371	2.716610	1.759363	1.042018	-0.035072	-20.391549
-122.132487	-17.656889	-0.220556	3.928563	1.041720	1.009099	0.040931	-20.393450
43.639719	-15.907270	-0.087998	3.971793	1.009576	1.007521	0.044321	-20.393536
121.609396	-14.077113	0.044468	4.014011	0.977441	1.005935	0.047709	-20.393621
-113.355910	25.547048	2.451310	4.627669	0.347182	0.972898	0.114337	-20.395306
-88.853658	40.434419	3.834752	4.782425	-0.278207	0.936175	0.181423	-20.397020
101.637280	24.256624	3.322854	4.347587	-0.979909	0.889595	0.258915	-20.399019
-2.438095	-10.749351	1.228069	3.400081	-1.655440	0.838352	0.336946	-20.401055
-104.733242	-12.257344	1.112732	3.348182	-1.685223	0.835926	0.340488	-20.401148
107.927154	-13.729969	0.996389	3.295643	-1.714933	0.833490	0.344031	-20.401241
110.712620	-33.743128	-1.307270	2.182969	-2.271607	0.784755	0.412481	-20.403046
-115.234978	-34.618626	-3.256719	0.965672	-2.794129	0.732627	0.481290	-20.404879
66.472258	-10.840438	-4.349803	-0.397287	-3.343698	0.668685	0.560700	-20.407016
113.100092	17.179324	-4.116390	-1.558885	-3.830330	0.600456	0.640524	-20.409188
-112.877568	18.068410	-4.075133	-1.604002	-3.850283	0.597335	0.644069	-20.409285
-52.184032	18.908861	-4.031188	-1.648558	-3.870106	0.594204	0.647618	-20.409383
107.723668	25.641692	-2.615400	-2.401469	-4.229157	0.531058	0.717465	-20.411305
-22.407688	16.002919	-0.262597	-2.915683	-4.526232	0.464808	0.787577	-20.413254
-103.541566	-5.253794	2.620652	-3.200221	-4.782872	0.384936	0.868438	-20.415526
100.331403	-20.728538	4.374849	-3.143110	-4.940705	0.301181	0.949555	-20.417832
107.430517	-20.802253	4.404608	-3.132419	-4.945320	0.297392	0.953144	-20.417934
-107.662781	-20.799589	4.429366	-3.121031	-4.949732	0.293599	0.956731	-20.418037
36.050927	-8.718106	4.031300	-2.764352	-4.996531	0.217486	1.027389	-20.420071
115.107224	11.619611	2.433312	-2.202194	-4.970270	0.138671	1.098147	-20.422130
-113.389660	23.313677	0.034972	-1.391295	-4.855926	0.045117	1.179533	-20.424528
-65.687958	20.322031	-2.060863	-0.503677	-4.658420	-0.051168	1.260935	-20.426959
109.287390	19.865080	-2.141212	-0.462994	-4.647529	-0.055624	1.264653	-20.427070
-39.796451	19.380896	-2.220030	-0.422352	-4.636472	-0.060087	1.268373	-20.427182
-109.919916	4.721699	-3.376972	0.324435	-4.397051	-0.145782	1.339080	-20.429324
116.303255	-17.650967	-3.743257	0.975144	-4.105413	-0.232832	1.409702	-20.431491
105.568423	-32.833455	-2.935385	1.537826	-3.710457	-0.334480	1.490974	-20.434019
-131.374525	-19.222170	-0.835885	1.898461	-3.259515	-0.437041	1.572019	-20.436580
42.724394	-17.659982	-0.724046	1.910244	-3.237918	-0.441693	1.575678	-20.436696
131.289387	-16.013403	-0.611623	1.921647	-3.216221	-0.446345	1.579335	-20.436813
-126.386118	20.569814	1.510025	2.068871	-2.781391	-0.535762	1.649431	-20.439064
-106.688792	37.183758	3.032893	2.086773	-2.315014	-0.625157	1.719259	-20.441339
111.059428	24.325206	3.327825	1.961868	-1.744830	-0.727691	1.799304	-20.443989
8.393362	-10.582725	2.357403	1.705567	-1.146091	-0.829307	1.878879	-20.446670
-106.483854	-12.098380	2.292341	1.691406	-1.118419	-0.833880	1.882471	-20.446792
104.958905	-13.573807	2.225855	1.677051	-1.090704	-0.838449	1.886061	-20.446914
104.362462	-33.129165	0.745419	1.369371	-0.552215	-0.925407	1.954656	-20.449268
-102.636078	-35.070134	-0.883399	1.016648	-0.003187	-1.010968	2.022804	-20.451646
49.189786	-15.637764	-2.508605	0.585338	0.637827	-1.107668	2.100924	-20.454421
101.504941	12.738345	-3.456903	0.164815	1.278824	-1.201601	2.178325	-20.457227
-101.568257	13.927234	-3.477143	0.146859	1.307381	-1.205732	2.181770	-20.457353
-51.026026	15.093546	-3.495181	0.129015	1.335904	-1.209852	2.185211	-20.457479
103.938449	30.204321	-3.357850	-0.197171	1.883847	-1.288257	2.251492	-20.459933
-34.569548	24.339127	-2.227423	-0.492622	2.420741	-1.363884	2.317141	-20.462410
-114.084841	-1.394607	-0.174858	-0.806227	3.020142	-1.447290	2.392053	-20.465295
120.413016	-26.216342	1.949966	-1.102807	3.590839	-1.526105	2.466006	-20.468209
94.558528	-26.547115	2.034308	-1.115843	3.615506	-1.529506	2.469281	-20.468339
-120.848276	-26.772443	2.117208	-1.128871	3.640102	-1.532896	2.472554	-20.468470
64.508199	-14.150577	3.432469	-1.384291	4.106333	-1.597223	2.536263	-20.471042
122.417587	11.790806	4.141202	-1.645906	4.539433	-1.657332	2.599151	-20.473637
-118.565973	26.535578	4.175882	-1.961683	4.985182	-1.720158	2.669615	-20.476613
-59.113823	14.347973	3.407773	-2.302709	5.374255	-1.776696	2.738949	-20.479616
114.501703	13.354961	3.358268	-2.318228	5.390147	-1.779061	2.742010	-20.479751
-26.248566	12.337981	3.307704	-2.333746	5.405900	-1.781410	2.745066	-20.479885
-114.102897	-10.042651	2.130988	-2.637323	5.688526	-1.824804	2.804640	-20.482536
114.824757	-28.101281	0.739684	-2.926608	5.916427	-1.862734	2.863303	-20.485207
121.307858	-28.082696	-0.896748	-3.218955	6.103885	-1.899195	2.929568	-20.488303
-121.601958	1.026475	-2.423654	-3.443248	6.204022	-1.927604	2.994570	-20.491426
36.212227	2.570187	-2.487660	-3.451313	6.206345	-1.928685	2.997462	-20.491567
121.159496	4.097091	-2.551129	-3.459180	6.208472	-1.929748	3.000350	-20.491708
-113.125658	26.428830	-3.668597	-3.570267	6.210489	-1.946935	3.055857	-20.494455
-64.041993	29.225372	-4.511316	-3.590428	6.134327	-1.957518	3.110358	-20.497222
96.672583	19.485490	-5.027533	-3.480288	5.945565	-1.961646	3.171565	-20.500418
-18.576633	7.864612	-4.924418	-3.214807	5.648516	-1.957439	3.231398	-20.503640
-98.636169	7.118138	-4.902752	-3.199501	5.632840	-1.957061	3.234038	-20.503784
98.867897	6.336880	-4.879504	-3.183913	5.616965	-1.956666	3.236675	-20.503929
89.936970	-12.877041	-4.092248	-2.823876	5.269338	-1.945777	3.287484	-20.506755
-109.859565	-27.472078	-2.601565	-2.355922	4.853164	-1.928908	3.337222	-20.509601
51.725157	-21.756807	-0.037865	-1.683401	4.298550	-1.902318	3.393057	-20.512896
116.471555	2.359536	2.854458	-0.865581	3.671990	-1.868241	3.447435	-20.516215
-116.573618	3.689961	2.980171	-0.825485	3.642370	-1.866541	3.449838	-20.516365
-60.248332	5.029117	3.105009	-0.785093	3.612626	-1.864827	3.452239	-20.516514
118.557394	26.481405	5.258757	0.056111	3.013056	-1.828752	3.498173	-20.519421
-38.517487	24.675711	6.606556	1.009102	2.373932	-1.787354	3.542972	-20.522347
-120.088855	-0.813932	6.714194	2.246377	1.596367	-1.733200	3.593203	-20.525743
118.581344	-27.866855	4.832560	3.607927	0.784906	-1.672384	3.641887	-20.529163
87.902793	-28.316143	4.694072	3.671023	0.747582	-1.669481	3.644051	-20.529318
-118.326758	-28.655810	4.550783	3.734127	0.710235	-1.666566	3.646210	-20.529473
31.529258	-17.606945	1.040749	4.941461	-0.014900	-1.608088	3.687048	-20.532461
110.419682	9.937454	-3.104706	6.090535	-0.750769	-1.544925	3.726688	-20.535467
-105.734165	32.587659	-7.131979	7.247758	-1.603913	-1.466483	3.770882	-20.538955
-69.864335	28.046868	-8.926701	8.118664	-2.452591	-1.382232	3.813442	-20.542466
105.059731	27.274729	-8.947334	8.148342	-2.489278	-1.378436	3.815257	-20.542619
-34.609489	26.461519	-8.963183	8.177276	-2.525962	-1.374627	3.817071	-20.542772
-110.381235	4.101872	-8.286308	8.588991	-3.250034	-1.296461	3.852582	-20.545843
119.182785	-20.441798	-5.758614	8.671824	-3.953428	-1.214240	3.886827	-20.548931
90.383416	-31.944893	-0.618679	8.333686	-4.729228	-1.114507	3.924752	-20.552516
-132.028328	-16.599832	6.212062	7.509287	-5.461596	-1.009793	3.960949	-20.556123
63.019274	-15.233390	6.497383	7.463124	-5.491727	-1.005232	3.962450	-20.556276
131.875730	-13.811462	6.779848	7.416041	-5.521772	-1.000663	3.963948	-20.556430
-127.498752	16.098042	11.451626	6.252623	-6.115395	-0.905628	3.993799	-20.559578
-79.126999	21.556534	12.372482	4.710702	-6.670914	-0.807173	4.022317	-20.562743
117.413480	5.519854	6.906538	2.570131	-7.258365	-0.690155	4.053384	-20.566395
5.447272	-11.144378	-2.509104	0.140304	-7.788742	-0.569057	4.082652	-20.570068
-112.658799	-11.420706	-2.955516	0.026154	-7.811152	-0.563529	4.083924	-20.570233
98.400879	-11.632786	-3.400820	-0.088355	-7.833439	-0.557993	4.085191	-20.570399
111.187035	-5.565409	-11.079722	-2.368078	-8.241203	-0.449059	4.109060	-20.573617
-116.787517	7.196340	-14.221020	-4.709246	-8.600251	-0.337351	4.131532	-20.576850
54.909014	-10.352997	1.031231	-9.945124	-9.238457	-0.064746	4.178763	-20.584511
109.986340	14.025315	14.375237	-13.577925	-9.562768	0.220441	4.218004	-20.592255
-107.758495	16.117118	14.416770	-13.627617	-9.566107	0.226785	4.218769	-20.592424
-58.779652	18.137894	14.443907	-13.675823	-9.569282	0.233134	4.219530	-20.592594
102.948556	19.920902	14.456749	-13.725570	-9.572483	0.239905	4.220337	-20.592775
-24.040502	21.057662	14.452760	-13.773659	-9.575497	0.246681	4.221140	-20.592956
-97.966085	21.564956	14.431533	-13.820290	-9.578334	0.253493	4.221941	-20.593138
95.637085	21.557960	14.392903	-13.865238	-9.580982	0.260311	4.222738	-20.593320
87.272216	-0.205084	12.214318	-14.320553	-9.597782	0.358821	4.233693	-20.595937
-86.318135	-29.184666	8.056125	-14.404259	-9.574667	0.458308	4.243719	-20.598564
70.197032	-22.537529	1.352228	-13.852687	-9.478311	0.598539	4.256150	-20.602246
130.050329	14.021614	-4.975354	-12.464328	-9.307667	0.739895	4.266736	-20.605945
-134.848806	41.476160	-9.822195	-10.057019	-9.050119	0.888015	4.275789	-20.609821
-81.947002	44.089091	-11.471224	-6.609542	-8.710841	1.036343	4.282792	-20.613716
126.348598	43.435143	-11.445767	-6.422893	-8.693011	1.043258	4.283068	-20.613898
-34.852443	42.703504	-11.410363	-6.233986	-8.675002	1.050173	4.283340	-20.614080
-121.464648	16.105297	-9.193472	-2.370209	-8.306739	1.178791	4.287575	-20.617480
124.634930	-24.503665	-4.939850	1.908132	-7.876061	1.306794	4.290228	-20.620893
114.571978	-48.336924	0.744432	6.902362	-7.301199	1.453271	4.291305	-20.624848
-132.043685	-25.032810	5.450934	11.444905	-6.642385	1.597947	4.290235	-20.628818
18.103107	-22.622917	5.618319	11.629992	-6.610773	1.604403	4.290136	-20.628997
131.281858	-20.099189	5.781196	11.813153	-6.578969	1.610860	4.290033	-20.629176
-119.150719	31.851090	7.878771	14.874343	-5.932526	1.734294	4.287178	-20.632635
-109.210260	45.378548	7.513180	16.798582	-5.222235	1.855602	4.282674	-20.636105
101.026268	18.151884	3.755646	17.234733	-4.324190	1.992306	4.275421	-20.640117
3.054970	-21.613019	-1.554170	15.806947	-3.342591	2.125215	4.265937	-20.644144
-103.023226	-22.954108	-1.789217	15.700561	-3.296253	2.131143	4.265454	-20.644326
103.177264	-24.216537	-2.021806	15.590681	-3.249766	2.137061	4.264966	-20.644509
85.879849	-34.326735	-5.665502	12.836316	-2.333229	2.248485	4.254740	-20.648013
-107.218282	-23.814521	-6.906847	8.912301	-1.370111	2.356289	4.242802	-20.651527
55.955935	1.765903	-5.189935	3.161256	-0.212255	2.475638	4.226897	-20.655589
111.347953	21.121996	-0.721225	-3.264079	0.984927	2.589204	4.208674	-20.659663
-111.507791	21.478619	-0.466207	-3.558462	1.040283	2.594239	4.207787	-20.659849
-61.801246	21.772633	-0.207641	-3.852000	1.095658	2.599257	4.206896	-20.660035
115.245485	17.061574	5.054094	-9.172918	2.159311	2.692248	4.188991	-20.663583
-14.134691	-0.223300	9.465282	-13.466321	3.234651	2.780103	4.169306	-20.667139
-119.635998	-17.806883	10.589978	-16.323060	4.479635	2.874651	4.144363	-20.671251
117.650680	-15.229564	5.721896	-16.730695	5.719067	2.961387	4.117007	-20.675373
108.245525	-14.557592	5.385793	-16.695541	5.775181	2.965135	4.115706	-20.675561
-117.338493	-13.839787	5.042117	-16.656037	5.831270	2.968865	4.114400	-20.675748
31.880646	5.535077	-2.466095	-15.120859	6.889874	3.036576	4.088555	-20.679325
112.469626	24.521525	-10.081221	-12.270243	7.910257	3.097659	4.060869	-20.682908
-114.203035	25.519969	-15.817992	-7.684427	9.001616	3.159343	4.026689	-20.687041
-46.948820	-4.312535	-15.595447	-2.140286	9.962836	3.211271	3.990024	-20.691182
113.345854	-5.905404	-15.426741	-1.880269	10.002244	3.213364	3.988320	-20.691368
0.752007	-7.486862	-15.244012	-1.619884	10.041301	3.215437	3.986611	-20.691554
-100.339982	-28.232758	-8.853548	3.402784	10.724164	3.251483	3.952442	-20.695166
77.317184	-14.717270	2.266750	8.000801	11.244921	3.279318	3.916389	-20.698783
6.753741	15.762786	14.874134	11.932366	11.597200	3.300021	3.874534	-20.702770
-50.829289	23.051431	21.183008	13.985185	11.681308	3.309812	3.830440	-20.706762
81.452217	-10.270133	15.858915	13.618012	11.455679	3.308017	3.782218	-20.710919
-125.324980	-15.674424	1.754010	11.199652	10.928280	3.294147	3.731652	-20.715080
-44.384134	-14.884938	0.987454	11.052106	10.897372	3.293227	3.729281	-20.715270
128.051991	-14.028135	0.214419	10.901815	10.865874	3.292282	3.726903	-20.715461
-17.504497	6.123130	-13.954230	7.639124	10.162637	3.269651	3.680804	-20.719088
-128.463885	12.781071	-21.912525	3.946251	9.273822	3.238278	3.633002	-20.722718
119.847115	-11.155359	-19.213574	-0.268621	8.044978	3.191544	3.575868	-20.726900
94.173138	-17.636368	-7.310677	-4.086002	6.624897	3.133741	3.516572	-20.731085
-121.688516	-17.011341	-6.659931	-4.245184	6.555956	3.130841	3.513814	-20.731276
32.276802	-16.296899	-6.005983	-4.402660	6.486727	3.127921	3.511052	-20.731467
126.499503	7.101554	6.285456	-7.043760	5.112133	3.068238	3.457780	-20.735095
-128.717412	25.959916	15.441045	-8.857077	3.637249	3.000659	3.402962	-20.738722
-81.731795	19.684873	18.176867	-9.653476	1.834357	2.913036	3.337779	-20.742912
123.473373	-8.067199	14.219907	-9.008595	-0.042470	2.815419	3.270632	-20.747100
-11.662145	-9.534097	13.945995	-8.951562	-0.125750	2.810910	3.267641	-20.747284
-122.972669	-11.006412	13.666111	-8.892391	-0.209065	2.806383	3.264646	-20.747468
117.621593	-34.750074	7.332838	-7.328843	-1.860504	2.712832	3.204538	-20.751109
78.094669	-33.728878	0.861994	-5.199545	-3.486838	2.612146	3.143025	-20.754749
-111.588476	-9.196841	-5.340533	-2.398305	-5.273634	2.488240	3.070853	-20.758918
21.912372	20.128102	-9.586472	0.415815	-6.927595	2.355490	2.996929	-20.763083
113.206570	21.080579	-9.722526	0.536526	-6.998058	2.349312	2.993561	-20.763271
-113.308758	21.976227	-9.853337	0.656356	-7.068093	2.343120	2.990193	-20.763458
-68.260415	28.709623	-11.305075	2.777453	-8.343844	2.219701	2.924209	-20.767087
116.592443	18.808328	-10.656912	4.398597	-9.439246	2.089988	2.856976	-20.770712
0.922588	-3.345233	-8.170001	5.612595	-10.432469	1.933912	2.778469	-20.774860
-119.103134	-17.982485	-5.023246	6.183042	-11.122534	1.770109	2.698420	-20.779002
119.194279	-18.116973	-4.885978	6.194396	-11.146180	1.762545	2.694775	-20.779188
99.290844	-18.191653	-4.749946	6.204554	-11.169182	1.754961	2.691125	-20.779375
-120.808018	-10.523830	-2.379594	6.175840	-11.486686	1.605450	2.619982	-20.782981
21.772519	4.694807	-0.396640	5.763359	-11.575058	1.450481	2.547741	-20.786583
113.550796	13.140571	1.607715	4.896841	-11.416717	1.265491	2.463225	-20.790723
-104.452847	1.665920	3.446490	3.705563	-11.006707	1.073925	2.377349	-20.794856
-46.587704	1.098826	3.521777	3.646447	-10.983012	1.065241	2.373489	-20.795040
103.763815	0.556334	3.596265	3.586890	-10.958875	1.056544	2.369627	-20.795224
3.269191	-5.900984	4.843198	2.356838	-10.405320	0.885215	2.294009	-20.798800
-101.605834	-10.496527	5.548943	1.051980	-9.704228	0.709986	2.217448	-20.802369
109.895414	-19.971821	5.386037	-0.420846	-8.737997	0.503960	2.128146	-20.806470
86.826812	-22.261286	3.896701	-1.784193	-7.628876	0.294143	2.037694	-20.810560
-120.807531	-21.905745	3.794271	-1.841778	-7.576182	0.284646	2.033607	-20.810744
45.498113	-21.497632	3.688696	-1.899005	-7.523260	0.275143	2.029518	-20.810927
127.322039	-5.418369	1.159342	-2.926824	-6.458239	0.090227	1.949995	-20.814469
-129.242645	17.405032	-1.832672	-3.775010	-5.326934	-0.096458	1.869685	-20.818003
-56.333533	32.733204	-4.969703	-4.475334	-3.963477	-0.313097	1.776229	-20.822062
123.915427	18.566435	-6.881142	-4.820118	-2.558753	-0.530707	1.681824	-20.826109
-16.894681	16.965445	-6.928725	-4.826292	-2.495062	-0.540491	1.677563	-20.826290
-123.634375	15.277756	-6.972660	-4.831619	-2.431378	-0.550270	1.673303	-20.826471
121.663630	-23.093048	-7.041794	-4.773087	-1.193726	-0.739581	1.590468	-20.829976
118.925124	-40.082308	-5.373305	-4.430754	0.044397	-0.928542	1.506992	-20.833470
-118.292125	-20.750293	-1.213957	-3.744909	1.454043	-1.144936	1.410178	-20.837477
-7.485111	25.768761	3.909016	-2.817560	2.829672	-1.359481	1.312618	-20.841469
112.037760	27.403385	4.131249	-2.771648	2.890073	-1.369016	1.308240	-20.841647
-111.687470	28.935063	4.351570	-2.725408	2.950367	-1.378546	1.303861	-20.841825
-79.053460	39.872807	8.018789	-1.771697	4.097883	-1.562497	1.218550	-20.845277
98.577449	25.662620	9.936231	-0.745238	5.192451	-1.743965	1.132754	-20.848716
-14.784885	-3.221489	9.961661	0.464858	6.369971	-1.948946	1.033540	-20.852655
-100.529405	-27.405923	7.949509	1.653862	7.443114	-2.149282	0.933780	-20.856577
100.783858	-28.091196	7.815077	1.706500	7.488864	-2.158217	0.929258	-20.856753
73.947359	-28.726734	7.677002	1.759054	7.534393	-2.167147	0.924732	-20.856930
-106.051120	-29.594402	4.370918	2.741188	8.357503	-2.336436	0.837605	-20.860322
38.889735	-8.718613	0.056998	3.657050	9.074585	-2.501139	0.750139	-20.863700
107.059879	18.362828	-5.219755	4.604518	9.754695	-2.684929	0.648797	-20.867581
-106.531208	21.040447	-9.668738	5.403576	10.258775	-2.861212	0.547111	-20.871442
-65.292574	20.500501	-9.834671	5.435512	10.277013	-2.868952	0.542530	-20.871616
106.798563	19.912017	-9.997057	5.467058	10.294843	-2.876671	0.537952	-20.871789
-22.655778	2.774618	-12.483587	5.999322	10.559079	-3.022107	0.449581	-20.875116
-120.411646	-13.966788	-13.841942	6.372948	10.663934	-3.160881	0.361026	-20.878428
125.868282	-17.287976	-14.195659	6.582376	10.573362	-3.313015	0.258289	-20.882243
85.526767	-8.567837	-13.437946	6.538531	10.255361	-3.455822	0.155402	-20.886036
-124.743644	-7.991805	-13.379191	6.530711	10.236031	-3.462011	0.150782	-20.886206
40.517746	-7.402992	-13.318331	6.522397	10.216284	-3.468181	0.146161	-20.886375
120.789252	5.497306	-11.747059	6.269052	9.759684	-3.582810	0.057515	-20.889620
-117.726318	17.554402	-9.419892	5.842802	9.165288	-3.690359	-0.031167	-20.892847
-76.879338	21.164468	-5.797072	5.142564	8.322944	-3.806137	-0.134030	-20.896569
116.648031	9.810736	-1.323126	4.233428	7.338656	-3.912167	-0.236840	-20.900265
4.929158	8.923759	-1.111938	4.188112	7.291712	-3.916677	-0.241434	-20.900430
-116.691252	8.005386	-0.900455	4.142436	7.244566	-3.921165	-0.246024	-20.900595
116.792094	-12.773552	3.179749	3.185746	6.291314	-4.003922	-0.334595	-20.903760
98.076116	-28.924370	6.942080	2.092227	5.266403	-4.079255	-0.423047	-20.906907
-112.089458	-29.098646	10.358095	0.664365	4.008549	-4.157182	-0.525374	-20.910530
30.950628	-4.459880	12.338844	-0.921056	2.697873	-4.224918	-0.627442	-20.914125
106.390486	-3.093750	12.386579	-0.995103	2.638516	-4.227702	-0.631991	-20.914285
-106.108712	-1.726823	12.430491	-1.069409	2.579103	-4.230465	-0.636538	-20.914445
-53.452845	21.960348	12.458874	-2.542938	1.422633	-4.279815	-0.724301	-20.917522
96.487652	31.689193	10.676659	-4.034885	0.260732	-4.321414	-0.811795	-20.920578
-30.118419	15.661209	6.235842	-5.676407	-1.074181	-4.359858	-0.912909	-20.924097
-105.577269	-13.973455	0.602679	-7.092358	-2.372899	-4.387651	-1.013562	-20.927586
106.233119	-15.260512	0.350367	-7.148327	-2.429845	-4.388645	-1.018058	-20.927741
89.552616	-16.521591	0.099158	-7.203596	-2.486708	-4.389618	-1.022556	-20.927897
-121.349475	-28.841013	-4.266541	-8.105758	-3.553377	-4.404098	-1.108830	-20.930877
35.772735	-7.299856	-7.161338	-8.643421	-4.559329	-4.410500	-1.194685	-20.933834
127.843583	25.374461	-8.374517	-8.695900	-5.629596	-4.407715	-1.293623	-20.937233
-114.278823	24.740389	-7.213178	-8.051139	-6.577916	-4.393858	-1.391901	-20.940600
-61.738137	24.030356	-7.105102	-8.006934	-6.617458	-4.392975	-1.396295	-20.940750
113.020890	23.285912	-6.992444	-7.961546	-6.656710	-4.392070	-1.400685	-20.940900
-3.954973	5.177987	-4.116908	-6.867703	-7.360880	-4.370243	-1.484888	-20.943778
-100.062674	-12.646947	-0.601832	-5.411791	-7.966940	-4.339991	-1.568527	-20.946631
101.812446	-20.417595	2.916273	-3.379151	-8.545846	-4.294247	-1.664788	-20.949909
76.009777	-9.735545	4.635264	-1.100337	-8.990325	-4.236936	-1.760212	-20.953152
-107.190696	-8.923792	4.668725	-0.994536	-9.007072	-4.234096	-1.764467	-20.953297
41.094870	-8.090502	4.698760	-0.888440	-9.023557	-4.231230	-1.768723	-20.953441
112.301637	9.322331	4.655998	1.179142	-9.287422	-4.171492	-1.850264	-20.956209
-116.907855	20.960442	3.618379	3.230435	-9.449330	-4.102960	-1.931123	-20.958950
-65.236950	19.551605	1.595943	5.439109	-9.508276	-4.012333	-2.024032	-20.962096
127.033045	4.457707	-0.625306	7.278124	-9.427393	-3.909744	-2.115946	-20.965206
-33.012400	3.551535	-0.715085	7.346819	-9.420611	-3.904973	-2.119958	-20.965342
-127.459248	2.629324	-0.803656	7.414334	-9.413555	-3.900180	-2.123967	-20.965478
130.787270	-15.418324	-2.196331	8.468857	-9.220118	-3.801949	-2.202054	-20.968118
105.223634	-23.854936	-2.607086	8.924714	-8.920582	-3.695597	-2.279363	-20.970730
-124.464422	-13.402828	-1.546230	8.640028	-8.434052	-3.561360	-2.368781	-20.973750
17.290273	14.847587	0.408115	7.613291	-7.803264	-3.417057	-2.457082	-20.976730
112.537503	15.761104	0.491139	7.558913	-7.774888	-3.411007	-2.460635	-20.976850
-112.058090	16.622327	0.573848	7.503661	-7.746305	-3.404943	-2.464185	-20.976970
-92.259598	23.799120	2.131781	6.144652	-7.090879	-3.272202	-2.539332	-20.979505
98.277852	17.433195	2.962892	4.525736	-6.354647	-3.132776	-2.613611	-20.982011
-1.997812	5.059453	2.936910	2.498007	-5.425406	-2.964741	-2.697888	-20.984852
-103.609049	-9.738993	1.989896	0.405132	-4.426148	-2.788907	-2.780962	-20.987653
103.863682	-10.427442	1.929718	0.313707	-4.381130	-2.781044	-2.784569	-20.987775
90.415576	-11.117152	1.868071	0.222368	-4.336017	-2.773166	-2.788174	-20.987896
-109.064962	-21.885755	0.356081	-1.562517	-3.421841	-2.613739	-2.859355	-20.990296
57.491230	-19.163602	-1.564452	-3.240613	-2.483701	-2.449215	-2.929588	-20.992664
114.705036	-0.985789	-3.689687	-4.946921	-1.392961	-2.254355	-3.009090	-20.995345
-114.906025	21.955273	-4.974655	-6.315387	-0.307214	-2.053785	-3.087289	-20.997982
-40.533392	22.643127	-4.999778	-6.366631	-0.259451	-2.044760	-3.090729	-20.998098
114.908942	23.278363	-5.021639	-6.417028	-0.211704	-2.035718	-3.094169	-20.998214
-21.098223	24.678939	-4.669135	-7.233150	0.710607	-1.856797	-3.160953	-21.000468
-118.903583	6.545188	-2.659123	-7.764204	1.602707	-1.674368	-3.226714	-21.002688
126.392038	-26.124128	0.790523	-8.096284	2.576597	-1.461044	-3.300934	-21.005194
105.614448	-31.231213	4.084752	-8.216660	3.484269	-1.244116	-3.373751	-21.007656
-133.256970	-30.321947	4.205646	-8.218546	3.523165	-1.234333	-3.376976	-21.007765
67.573956	-29.299646	4.323308	-8.220199	3.561907	-1.224543	-3.380199	-21.007874
134.205823	4.551835	5.910487	-8.218091	4.283952	-1.032956	-3.442318	-21.009976
-132.305008	35.519380	5.935838	-8.176259	4.943419	-0.839437	-3.503335	-21.012042
-84.107849	32.616297	3.835256	-8.044064	5.624624	-0.614252	-3.572336	-21.014382
124.291183	1.874304	0.463321	-7.754255	6.219271	-0.387527	-3.639818	-21.016674
-20.852659	0.282595	0.306906	-7.736792	6.243384	-0.377543	-3.642747	-21.016773
-123.631772	-1.308772	0.150725	-7.718880	6.267327	-0.367556	-3.645672	-21.016873
95.857779	-28.913375	-2.718807	-7.264035	6.705356	-0.169965	-3.702852	-21.018818
109.336315	-38.008413	-4.582479	-6.584848	7.076281	0.027982	-3.758849	-21.020725
-108.302567	-14.995952	-4.750451	-5.453240	7.418370	0.255302	-3.821681	-21.022870
6.676331	16.910799	-3.448701	-3.860816	7.669472	0.482076	-3.882904	-21.024965
112.241390	18.041058	-3.369456	-3.780362	7.678530	0.492168	-3.885596	-21.025057
-112.337370	19.125189	-3.288995	-3.699272	7.687398	0.502250	-3.888283	-21.025149
-77.247889	31.893798	-1.552962	-1.992392	7.823916	0.699175	-3.940246	-21.026932
108.440409	30.891507	0.182022	-0.130942	7.889169	0.894881	-3.990945	-21.028675
-33.737184	17.283060	1.761123	2.056318	7.875190	1.117139	-4.047454	-21.030625
-108.848122	-3.796897	2.576713	4.150472	7.765168	1.336781	-4.102252	-21.032521
109.144918	-4.797168	2.590016	4.238038	7.758098	1.346380	-4.104624	-21.032604
76.056084	-5.794664	2.601187	4.325104	7.750838	1.355974	-4.106993	-21.032686
-117.044016	-19.838887	2.347509	5.921074	7.567818	1.544791	-4.153245	-21.034293
42.246767	-12.537451	1.212610	7.172413	7.309607	1.730921	-4.198153	-21.035860
121.465089	6.743877	-0.466202	8.000082	6.919826	1.940659	-4.247959	-21.037605
-115.615431	15.380907	-1.582072	7.993478	6.430856	2.146140	-4.295946	-21.039295
-82.465152	15.441257	-1.602620	7.970810	6.407086	2.155124	-4.298026	-21.039368
115.143833	15.477847	-1.620004	7.946121	6.383159	2.164093	-4.300101	-21.039442
-17.249099	11.860296	-1.381220	7.059534	5.878287	2.338878	-4.340241	-21.040864
-112.753525	0.636843	-0.375230	5.504279	5.315423	2.509871	-4.378964	-21.042244
113.914578	-17.211714	1.002394	3.148023	4.607387	2.701499	-4.421721	-21.043778
107.856804	-22.065453	1.786086	0.489152	3.846695	2.887390	-4.462553	-21.045254
-112.326012	-21.589329	1.793579	0.370257	3.812300	2.895412	-4.464301	-21.045318
50.743281	-21.037732	1.798338	0.251382	3.777829	2.903422	-4.466045	-21.045381
109.142241	1.283328	1.407420	-2.071019	3.080788	3.059664	-4.499824	-21.046614
-108.938082	28.082065	0.372232	-4.227473	2.362979	3.210988	-4.532105	-21.047803
-62.265397	33.157294	-1.080585	-6.303421	1.524761	3.378224	-4.567275	-21.049111
123.096189	10.181639	-2.266404	-7.737053	0.683093	3.538277	-4.600425	-21.050360
-11.867207	8.593605	-2.307002	-7.783342	0.644914	3.545384	-4.601885	-21.050416
-123.818813	6.968453	-2.346156	-7.827810	0.606756	3.552475	-4.603341	-21.050471
128.782401	-24.991141	-2.769336	-8.298834	-0.116848	3.684916	-4.630343	-21.051504
121.305364	-41.435404	-2.353684	-8.000962	-0.824771	3.811351	-4.655776	-21.052491
-122.427529	-28.456329	-0.526864	-6.855813	-1.615534	3.949400	-4.683139	-21.053572
22.034122	14.688721	1.766532	-5.097188	-2.373181	4.078741	-4.708366	-21.054591
112.185725	16.533425	1.860142	-5.006986	-2.406683	4.084397	-4.709459	-21.054636
-111.750030	18.315018	1.951848	-4.916074	-2.440105	4.090035	-4.710548	-21.054680
-96.211275	39.151289	3.170181	-3.075517	-3.062313	4.194055	-4.730490	-21.055508
100.194952	35.585848	3.025422	-1.144542	-3.651386	4.290971	-4.748786	-21.056287
-13.267384	6.769005	1.605969	1.049485	-4.286045	4.393787	-4.767859	-21.057129
-103.139023	-21.527888	-0.398512	3.127654	-4.865913	4.486395	-4.784684	-21.057905
103.461105	-22.260697	-0.489269	3.216690	-4.890596	4.490311	-4.785387	-21.057939
101.872695	-22.923119	-0.579471	3.305262	-4.915156	4.494205	-4.786086	-21.057972
-111.179494	-22.820100	-2.104318	4.906218	-5.363790	4.565018	-4.798643	-21.058587
33.290615	-4.473376	-2.923063	6.255961	-5.763007	4.627600	-4.809475	-21.059153
116.724061	15.213884	-2.754891	7.429196	-6.156978	4.689182	-4.819794	-21.059743
-111.096598	13.947553	-1.393729	8.165196	-6.474822	4.739114	-4.827771	-21.060266
-64.034279	13.705009	-1.313094	8.188784	-6.487144	4.741065	-4.828072	-21.060288
110.592901	13.472638	-1.231444	8.211647	-6.499303	4.742992	-4.828368	-21.060309
-35.326709	10.437070	0.384539	8.524254	-6.702620	4.775651	-4.833188	-21.060704
-108.324043	5.111012	1.650688	8.628274	-6.841203	4.798954	-4.836203	-21.061047
112.500900	-9.499489	2.477575	8.575905	-6.922354	4.813872	-4.837413	-21.061378
90.776116	-20.527534	2.585513	8.427530	-6.923413	4.815780	-4.836176	-21.061641
-115.219613	-20.596888	2.573462	8.419588	-6.921671	4.815565	-4.836064	-21.061651
44.466409	-20.614323	2.559994	8.411562	-6.919781	4.815325	-4.835947	-21.061661
