-182.151974	50.678099	10.410998	7.456505	-0.571102	-16.300956	13.486948	-30.689688
102.682110	49.117929	10.652786	7.263919	-0.570453	-16.218566	13.475711	-30.689946
-106.619657	42.771178	10.889038	7.030702	-0.533779	-16.133649	13.461482	-30.689739
-86.913128	21.424198	11.098049	6.765154	-0.460778	-16.049420	13.444743	-30.689041
109.874554	19.706375	11.107453	6.751260	-0.456268	-16.045277	13.443855	-30.688994
0.721311	17.915990	11.116767	6.737288	-0.451672	-16.041133	13.442961	-30.688946
-112.642526	-18.118405	11.264879	6.477818	-0.356537	-15.967582	13.426175	-30.687900
117.917336	-39.850142	11.376301	6.195478	-0.235263	-15.892768	13.407474	-30.686481
103.053287	-30.568253	11.444495	5.848715	-0.065641	-15.804854	13.383784	-30.684408
-124.562919	0.298503	11.425131	5.478932	0.136524	-15.713103	13.357572	-30.681848
2.718699	2.036935	11.421315	5.459730	0.147575	-15.708350	13.356182	-30.681705
124.023532	3.768569	11.417200	5.440481	0.158708	-15.703583	13.354785	-30.681562
-105.055505	28.874147	11.294671	5.100253	0.364120	-15.618874	13.329582	-30.678883
-109.752567	33.502041	11.061943	4.748763	0.593177	-15.529476	13.302429	-30.675830
113.206625	4.257525	10.667882	4.333174	0.886009	-15.419540	13.268680	-30.671843
26.469209	-26.974404	10.289926	3.910853	1.208764	-15.301142	13.232309	-30.667358
-122.767144	-27.798337	10.275307	3.890323	1.225127	-15.295178	13.230482	-30.667128
116.608559	-28.524674	10.261196	3.869801	1.241547	-15.289195	13.228650	-30.666897
125.232572	-27.415398	10.082626	3.500682	1.548163	-15.177638	13.194676	-30.662550
-121.619568	-9.341804	9.990314	3.132862	1.876332	-15.057915	13.158695	-30.657823
-7.589134	12.230740	9.884822	2.716035	2.278873	-14.909411	13.114909	-30.651928
108.714687	20.589990	9.661378	2.309956	2.707457	-14.747934	13.068450	-30.645531
-95.054595	20.437867	9.645092	2.290272	2.729269	-14.739601	13.066086	-30.645202
-108.117002	20.224499	9.628188	2.270629	2.751140	-14.731233	13.063715	-30.644872
104.009423	9.528144	9.203429	1.933580	3.143747	-14.578766	13.021088	-30.638882
46.856381	-5.170508	8.436601	1.613131	3.552596	-14.414819	12.976431	-30.632514
-106.912336	-19.061818	6.926583	1.267895	4.044710	-14.209087	12.922032	-30.624644
107.812393	-21.495616	4.535257	0.958814	4.551671	-13.985657	12.864871	-30.616261
113.265341	-21.083245	4.394844	0.945067	4.576231	-13.974498	12.862065	-30.615847
-113.514195	-20.609102	4.251989	0.931423	4.600814	-13.963295	12.859253	-30.615432
20.710924	-3.932482	1.364619	0.704105	5.047442	-13.753622	12.807437	-30.607737
116.859559	17.582392	-1.730898	0.516450	5.497709	-13.529003	12.753538	-30.599659
-114.968956	30.053764	-4.838921	0.357220	6.017276	-13.249899	12.688666	-30.589846
-65.980411	18.227395	-6.766808	0.269530	6.529792	-12.948623	12.620985	-30.579517
111.866321	17.048287	-6.825735	0.267315	6.554054	-12.933604	12.617670	-30.579009
3.495100	15.816942	-6.881582	0.265292	6.578281	-12.918530	12.614348	-30.578500
-112.441704	-12.399983	-7.356198	0.262249	7.008590	-12.636942	12.553247	-30.569098
122.192689	-40.068100	-6.802037	0.320268	7.421245	-12.336981	12.490016	-30.559308
134.329376	-43.218122	-4.819275	0.442233	7.869976	-11.964900	12.413966	-30.547460
-146.300426	0.486258	-1.556033	0.593067	8.277459	-11.565834	12.335017	-30.535086
-2.300866	2.774008	-1.397777	0.599874	8.294283	-11.547648	12.331478	-30.534530
146.390346	5.037197	-1.239161	0.606673	8.311009	-11.529406	12.327934	-30.533972
-112.276802	39.599768	1.794516	0.734928	8.618549	-11.159642	12.257128	-30.522812
-120.805791	44.395154	4.112565	0.839144	8.881581	-10.767957	12.184132	-30.511256
109.496969	6.726413	5.121581	0.903176	9.122089	-10.287190	12.097069	-30.497414
39.779559	-32.233119	4.554967	0.879868	9.285787	-9.774912	12.007051	-30.483042
-108.667293	-33.230744	4.501440	0.876578	9.291035	-9.751832	12.003057	-30.482403
89.624191	-34.140962	4.445852	0.873092	9.296114	-9.728705	11.999060	-30.481763
108.225555	-36.186249	2.968770	0.763696	9.361759	-9.258272	11.918831	-30.468903
-105.530310	-16.372081	1.002254	0.578283	9.357567	-8.762827	11.836381	-30.455646
-8.371585	12.484716	-1.264462	0.268339	9.260411	-8.156467	11.737920	-30.439767
102.836950	26.565507	-2.750349	-0.146769	9.063410	-7.516922	11.636440	-30.423351
-102.912332	26.514105	-2.786825	-0.168510	9.051957	-7.486684	11.631694	-30.422582
-100.711140	26.387908	-2.820001	-0.190486	9.040296	-7.456378	11.626941	-30.421812
105.564738	13.801088	-2.903412	-0.646384	8.783768	-6.876311	11.536724	-30.407176
13.758176	-6.510696	-2.225698	-1.181689	8.455980	-6.273266	11.444240	-30.392141
-111.483463	-23.064436	-1.017912	-1.861082	7.986803	-5.543522	11.333703	-30.374130
111.789774	-18.424425	0.109638	-2.541006	7.426084	-4.785579	11.220058	-30.355574
107.466961	-17.710047	0.153854	-2.570104	7.399215	-4.751432	11.214959	-30.354740
-111.713803	-16.957017	0.197513	-2.599074	7.372173	-4.717234	11.209854	-30.353906
13.278124	2.634268	0.922517	-3.129437	6.812267	-4.042186	11.109340	-30.337460
108.086516	21.892684	1.365949	-3.571561	6.189364	-3.349422	11.006501	-30.320608
-105.289443	28.463359	1.452280	-3.936452	5.392898	-2.527701	10.884536	-30.300590
-99.542931	13.849621	1.062778	-4.115947	4.519587	-1.687766	10.759424	-30.280025
105.466968	12.685600	1.037435	-4.119392	4.479225	-1.650219	10.753813	-30.279102
26.526281	11.479374	1.011578	-4.122451	4.438693	-1.612617	10.748192	-30.278178
-110.460323	-15.248896	0.443514	-4.104019	3.623442	-0.876501	10.637731	-30.259995
115.532936	-34.059027	-0.132334	-3.934901	2.758423	-0.131498	10.524911	-30.241404
123.483553	-33.937175	-0.636407	-3.546917	1.697788	0.744233	10.390592	-30.219246
-120.581535	-5.095111	-0.965769	-2.954378	0.592161	1.625976	10.253050	-30.196533
13.512723	-3.240003	-0.977936	-2.922438	0.540778	1.666377	10.246685	-30.195481
119.813136	-1.356610	-0.989917	-2.890080	0.489332	1.706783	10.240313	-30.194428
-111.269267	30.656915	-1.187701	-2.208939	-0.486511	2.466247	10.119386	-30.174439
-84.141379	36.497285	-1.359391	-1.403752	-1.474446	3.225504	9.996060	-30.154039
109.066448	15.372074	-1.536063	-0.341934	-2.625563	4.104929	9.849704	-30.129811
26.947081	-16.122237	-1.547231	0.819820	-3.766009	4.978084	9.700081	-30.105026
-117.338525	-17.407301	-1.540718	0.874732	-3.817771	5.017889	9.693147	-30.103877
97.371250	-18.658249	-1.533446	0.929757	-3.869479	5.057674	9.686205	-30.102727
124.474089	-33.386074	-1.233486	1.985923	-4.832614	5.803746	9.554018	-30.080816
-126.978171	-25.212483	-0.593300	3.067224	-5.766647	6.540476	9.419363	-30.058486
-6.590115	6.572808	0.436205	4.336044	-6.803213	7.382214	9.259757	-30.032006
115.602925	28.651667	1.551883	5.595987	-7.773169	8.205296	9.096787	-30.004958
-115.230516	28.773081	1.601275	5.653117	-7.815768	8.242502	9.089241	-30.003705
-96.194275	28.790507	1.650372	5.710215	-7.858223	8.279686	9.081682	-30.002450
108.811239	15.268844	2.465498	6.762563	-8.618735	8.966218	8.939000	-29.978760
24.724289	-7.887840	2.925775	7.775371	-9.309234	9.634364	8.793827	-29.954651
-104.977273	-26.900957	2.711984	8.878114	-10.010361	10.383735	8.622293	-29.926157
73.123588	-22.387783	1.507513	9.863215	-10.590863	11.102879	8.447364	-29.897094
105.597069	-21.560078	1.432441	9.905271	-10.614669	11.135510	8.439155	-29.895730
-105.641757	-20.680594	1.356121	9.946928	-10.638169	11.168050	8.430943	-29.894366
8.485066	1.960132	-0.243269	10.649904	-11.021956	11.762554	8.276227	-29.868657
107.317727	24.046419	-1.946680	11.186408	-11.295517	12.331383	8.118932	-29.842519
-107.421167	29.508502	-3.609802	11.552775	-11.463794	12.955150	7.934167	-29.811814
-81.563072	11.267703	-4.522534	11.599279	-11.465447	13.543286	7.745944	-29.780533
107.509693	10.090937	-4.542238	11.593159	-11.461599	13.568989	7.737366	-29.779108
-12.527602	8.897574	-4.559965	11.586307	-11.457418	13.594602	7.728785	-29.777682
-109.788456	-14.858604	-4.505015	11.312197	-11.313851	14.071735	7.562805	-29.750099
110.866833	-31.986672	-3.649223	10.769148	-11.055157	14.521628	7.394209	-29.722083
124.385735	-30.491587	-1.704441	9.816321	-10.625432	15.005130	7.197031	-29.689321
-131.545052	-1.437252	0.759173	8.517822	-10.066251	15.451914	6.996362	-29.655984
14.365391	0.125203	0.875405	8.449348	-10.037401	15.471726	6.986976	-29.654424
131.688774	1.672791	0.991396	8.380098	-10.008282	15.491472	6.977576	-29.652863
-104.817437	24.950731	3.027332	6.945864	-9.417078	15.847164	6.799783	-29.623331
-120.334986	30.971011	4.508604	5.258378	-8.746524	16.174502	6.619321	-29.593361
115.292259	11.847716	5.122525	3.012835	-7.887278	16.515862	6.408291	-29.558321
36.001279	-14.271113	4.644652	0.485566	-6.946559	16.818979	6.193695	-29.522698
-115.573851	-15.283772	4.598117	0.361574	-6.900644	16.832253	6.183542	-29.521013
97.234509	-16.261596	4.549504	0.237097	-6.854549	16.845450	6.173373	-29.519325
114.670821	-27.434127	3.294184	-2.132960	-5.973481	17.074866	5.983235	-29.487772
-109.450846	-23.943022	1.483271	-4.569746	-5.049498	17.274718	5.790374	-29.455775
14.744639	-3.631114	-0.838584	-7.364307	-3.945066	17.467629	5.565281	-29.418440
95.141231	18.901488	-2.848614	-10.051520	-2.807637	17.620732	5.336615	-29.380515
-95.070068	19.690424	-2.924498	-10.171917	-2.754248	17.626864	5.325916	-29.378741
-68.629543	20.440019	-2.998322	-10.291768	-2.700851	17.632905	5.315216	-29.376966
97.263076	25.788244	-3.931653	-12.426123	-1.699928	17.729518	5.114536	-29.343666
9.634764	12.887425	-3.885999	-14.332285	-0.692932	17.795649	4.911381	-29.309924
-113.072876	-13.384311	-2.910212	-16.206770	0.467341	17.833622	4.673736	-29.270387
107.972481	-29.745544	-1.402776	-17.734128	1.612123	17.829817	4.433166	-29.230255
121.889486	-29.596209	-1.326116	-17.798123	1.665756	17.828589	4.421702	-29.228339
-122.099699	-29.325189	-1.249355	-17.861374	1.719324	17.827267	4.410231	-29.226422
27.430220	-7.625576	0.134157	-18.894796	2.692351	17.785832	4.198083	-29.190897
116.798086	23.657924	1.295658	-19.688268	3.636423	17.711681	3.984090	-29.154916
-109.499008	35.512388	2.038663	-20.317218	4.671570	17.586584	3.737924	-29.113311
-80.233360	12.550448	1.943001	-20.676168	5.659759	17.417719	3.489851	-29.071112
107.808917	10.970346	1.921207	-20.687060	5.705749	17.408551	3.477963	-29.069083
2.540065	9.374441	1.898182	-20.697410	5.751629	17.399282	3.466072	-29.067052
-113.557933	-19.464077	1.310601	-20.793036	6.571777	17.211711	3.247860	-29.029649
93.914663	-38.176467	0.585343	-20.716669	7.354754	16.989793	3.028587	-28.991793
129.995291	-36.339347	-0.150112	-20.427300	8.208123	16.691707	2.775430	-28.947713
-128.207490	-4.598045	-0.733653	-19.939568	9.010660	16.347032	2.521347	-28.903029
5.655308	-2.402525	-0.759457	-19.909700	9.050648	16.327983	2.508225	-28.900709
127.286059	-0.182594	-0.784839	-19.879393	9.090522	16.308797	2.495093	-28.898385
-116.935916	31.518876	-1.143479	-19.313471	9.738982	15.967965	2.274489	-28.859150
-104.623612	33.923793	-1.367701	-18.658536	10.347933	15.591256	2.053576	-28.819460
109.554982	10.732440	-1.430170	-17.824955	11.003328	15.109352	1.797396	-28.772892
10.048636	-15.795990	-1.198439	-16.944499	11.603331	14.578611	1.541286	-28.725709
-115.165902	-16.773485	-1.179102	-16.902000	11.630183	14.552423	1.529236	-28.723473
95.631295	-17.710903	-1.158976	-16.859425	11.656892	14.526144	1.517195	-28.721237
118.295644	-27.596916	-0.646181	-16.054894	12.123922	14.025268	1.296660	-28.680008
-116.092051	-22.794529	0.133614	-15.180943	12.547551	13.487960	1.076558	-28.638319
13.687507	-1.155551	1.304281	-14.024796	12.983595	12.818368	0.821746	-28.589332
108.383925	20.804464	2.660075	-12.649671	13.357413	12.100368	0.568030	-28.539725
-106.388151	21.486348	2.725869	-12.579223	13.373232	12.065828	0.556264	-28.537404
-108.685287	22.119051	2.791824	-12.508141	13.388910	12.031186	0.544501	-28.535081
114.287462	23.100626	4.033316	-11.063273	13.654036	11.369402	0.326549	-28.491681
8.790055	3.946524	5.197563	-9.350911	13.867989	10.673879	0.109788	-28.447815
-118.479024	-22.078283	5.950218	-6.981717	14.047945	9.831123	-0.138711	-28.396599
103.405403	-26.553852	5.451839	-4.149538	14.151893	8.948278	-0.385123	-28.344760
110.860528	-26.022255	5.388327	-4.005873	14.154826	8.905882	-0.396640	-28.342310
-110.454317	-25.419754	5.320950	-3.861416	14.157579	8.863433	-0.408145	-28.339860
18.010618	-4.872532	3.442277	-1.051260	14.175527	8.065476	-0.619657	-28.294367
98.900568	20.888034	0.599654	1.968329	14.128258	7.243149	-0.829214	-28.248403
-98.064935	35.004274	-3.419595	5.596248	13.987242	6.268581	-1.068263	-28.194804
-80.732737	19.970832	-7.713857	9.250528	13.747350	5.270780	-1.304214	-28.140578
103.284734	18.563201	-7.921166	9.427619	13.732963	5.221454	-1.315674	-28.137909
-6.091687	17.101820	-8.127845	9.604544	13.718313	5.172054	-1.327132	-28.135237
-113.772832	-13.755873	-11.576104	12.662261	13.417512	4.294370	-1.527850	-28.087864
127.707294	-40.604997	-14.401045	15.542235	13.033506	3.406578	-1.725873	-28.040022
125.641755	-42.912722	-16.417859	18.550509	12.478048	2.367834	-1.952076	-27.983914
-139.304056	-10.102388	-16.762463	21.104813	11.798360	1.324685	-2.174165	-27.927172
31.365903	-7.635526	-16.743781	21.216040	11.762256	1.274252	-2.184788	-27.924414
137.940965	-5.102092	-16.722439	21.326198	11.725822	1.223788	-2.195407	-27.921652
-121.016686	36.229724	-15.983262	23.106440	11.020104	0.320366	-2.383948	-27.871915
-116.192512	36.491475	-14.892376	24.516895	10.211630	-0.579088	-2.569016	-27.821698
113.192913	3.613800	-13.573505	25.676179	9.150366	-1.605012	-2.777456	-27.763318
26.926754	-24.481277	-11.678540	26.328534	7.948483	-2.616540	-2.980815	-27.704297
-123.952922	-25.132114	-11.564158	26.346251	7.889253	-2.663155	-2.990146	-27.701536
88.185300	-25.702982	-11.446863	26.362831	7.829734	-2.709727	-2.999464	-27.698774
129.498143	-24.059082	-8.673233	26.459128	6.667045	-3.571579	-3.171430	-27.646907
-127.571358	-8.262279	-4.700948	26.134661	5.418684	-4.415258	-3.339165	-27.594556
0.513064	10.114395	1.362141	25.206979	3.893184	-5.361638	-3.527163	-27.533568
106.497055	14.180434	8.947721	23.651429	2.299911	-6.274579	-3.709036	-27.471935
-105.841519	13.797991	9.329620	23.564745	2.225888	-6.315420	-3.717197	-27.469103
-94.090777	13.359867	9.714096	23.476728	2.151827	-6.356152	-3.725339	-27.466271
93.855423	-1.172027	17.276100	21.537684	0.732543	-7.113513	-3.877336	-27.412265
0.044513	-16.016073	24.374029	19.072758	-0.701010	-7.838488	-4.024346	-27.357769
-97.140429	-30.444896	30.110901	15.579512	-2.341970	-8.626040	-4.186614	-27.294658
102.986132	-37.009678	31.164100	11.417926	-3.955809	-9.361879	-4.341835	-27.230900
114.019471	-36.602690	31.059242	11.205833	-4.031250	-9.395406	-4.349017	-27.227861
-114.741873	-36.097046	30.938735	10.992524	-4.106572	-9.428806	-4.356182	-27.224820
16.266625	-12.394542	26.199343	6.892667	-5.464681	-10.018467	-4.484721	-27.168753
124.852728	23.987135	17.573816	2.549746	-6.765796	-10.561742	-4.607541	-27.112193
-116.220154	59.254646	4.481243	-2.572834	-8.179358	-11.128419	-4.742335	-27.046111
-110.586905	80.450263	-10.005827	-7.564015	-9.469731	-11.623639	-4.868965	-26.979371
114.078180	80.920201	-10.681024	-7.788836	-9.526319	-11.644846	-4.874650	-26.976251
-19.275311	81.333019	-11.354852	-8.012819	-9.582584	-11.665886	-4.880317	-26.973130
-138.055793	73.702609	-23.295432	-12.002094	-10.568747	-12.027006	-4.982539	-26.914717
136.525238	28.561937	-32.713031	-15.532462	-11.425598	-12.327187	-5.078247	-26.855805
273.790119	-96.254122	-33.592668	-21.115216	-12.837824	-12.774478	-5.276660	-26.715296
-128.697644	46.243756	2.034332	-21.762278	-13.232706	-12.824829	-5.435849	-26.572015
-4.232229	54.319195	2.889611	-21.726480	-13.228604	-12.821363	-5.438727	-26.569006
114.302342	62.103958	3.740657	-21.688861	-13.223973	-12.817707	-5.441587	-26.565996
-81.683136	69.692423	4.670256	-21.645431	-13.218277	-12.813472	-5.444710	-26.562687
-99.415086	75.673708	5.593395	-21.599819	-13.211947	-12.809010	-5.447810	-26.559376
92.519415	79.890767	6.603213	-21.546988	-13.204234	-12.803826	-5.451205	-26.555723
-23.421454	81.787529	7.602777	-21.491556	-13.195762	-12.798370	-5.454571	-26.552070
-86.301220	-9.796316	19.577742	-20.509474	-13.012506	-12.700151	-5.496854	-26.503321
176.691497	-70.346082	27.797483	-19.090209	-12.704329	-12.555666	-5.534540	-26.454260
142.667760	-47.762640	30.749667	-16.429085	-12.083014	-12.280735	-5.579527	-26.385280
-106.898799	-13.097577	25.541837	-13.067451	-11.261675	-11.925636	-5.615763	-26.315706
60.856226	1.298211	15.046613	-9.196056	-10.260901	-11.494164	-5.643467	-26.245245
-77.081122	25.434685	2.259101	-5.065805	-9.109246	-10.993503	-5.662584	-26.174199
-77.061004	49.946858	-10.257726	-0.752217	-7.779052	-10.405788	-5.673480	-26.099715
130.313937	39.795595	-19.115164	3.316090	-6.341960	-9.756174	-5.675344	-26.024629
24.507534	38.389679	-19.412907	3.492770	-6.273818	-9.724940	-5.675214	-26.021164
-134.847647	36.908053	-19.700742	3.668457	-6.205469	-9.693570	-5.675066	-26.017696
169.416656	-51.030222	-22.051822	9.802848	-3.250968	-8.292277	-5.652337	-25.872204
131.626224	0.175757	-7.223738	13.152402	-0.220231	-6.736427	-5.597868	-25.724699
-125.689996	6.841526	-6.750647	13.201181	-0.143495	-6.695015	-5.596067	-25.720901
18.787479	13.709448	-6.277373	13.248214	-0.066796	-6.653506	-5.594244	-25.717099
124.505411	20.552698	-5.796330	13.294248	0.011147	-6.611204	-5.592368	-25.713230
-95.380722	26.883019	-5.315840	13.338478	0.089044	-6.568804	-5.590471	-25.709357
-115.509033	48.246648	1.797316	13.795388	1.290682	-5.897909	-5.558130	-25.648702
95.618671	10.579528	7.430172	13.825697	2.454640	-5.212957	-5.520750	-25.587745
10.856937	-19.016126	12.070463	13.269834	3.871348	-4.319268	-5.465556	-25.509171
-96.166112	-28.368993	13.706969	12.076100	5.183823	-3.414168	-5.402304	-25.430136
89.617962	-28.692801	13.708065	12.003709	5.243532	-3.370810	-5.399087	-25.426354
98.536849	-29.024979	13.702061	11.929986	5.302924	-3.327469	-5.395853	-25.422573
-120.465567	-33.769585	12.306815	10.357375	6.338710	-2.533135	-5.333503	-25.353191
24.921285	-25.922235	8.601725	8.442301	7.269727	-1.739884	-5.265198	-25.283480
123.272551	-1.544879	2.908597	5.984026	8.191830	-0.839458	-5.179871	-25.203355
-120.971051	25.154063	-2.462387	3.410051	8.945327	0.047322	-5.086985	-25.122835
-92.332312	25.732732	-2.677126	3.287423	8.976763	0.089163	-5.082368	-25.118985
120.830512	26.204157	-2.886468	3.164955	9.007776	0.130959	-5.077734	-25.115134
0.505089	18.666265	-5.762319	0.974067	9.498463	0.887067	-4.989926	-25.044485
-118.017611	-5.883809	-6.962101	-1.038620	9.835228	1.622960	-4.896540	-24.973564
118.507637	-28.825532	-6.515363	-2.999362	10.017660	2.438921	-4.782313	-24.891652
108.254798	-21.260710	-4.442863	-4.507822	9.964225	3.215945	-4.660935	-24.809411
-118.989263	-20.068957	-4.317808	-4.567120	9.955573	3.251560	-4.655031	-24.805521
16.193577	-18.805280	-4.190990	-4.625353	9.946347	3.287097	-4.649108	-24.801628
116.022929	11.432948	-1.692309	-5.491821	9.674436	3.919519	-4.537931	-24.730249
-108.785772	37.483209	0.720843	-5.964090	9.197817	4.516451	-4.421590	-24.658650
-112.075406	37.920207	2.596863	-5.991666	8.376688	5.160432	-4.280719	-24.575594
119.801507	-2.857065	2.845152	-5.452691	7.269507	5.752414	-4.133181	-24.492282
14.918450	-5.078249	2.820477	-5.413232	7.210252	5.779237	-4.125999	-24.488313
-120.633419	-7.265648	2.793035	-5.372582	7.150476	5.805919	-4.118806	-24.484345
125.968522	-36.663244	1.903373	-4.444853	5.972401	6.270219	-3.985154	-24.411953
106.647890	-38.228896	0.620664	-3.255888	4.658349	6.691761	-3.846677	-24.339392
-119.504710	-11.125716	-0.766776	-1.734638	3.031935	7.123517	-3.680722	-24.255334
2.037550	26.390047	-1.685087	-0.256567	1.359706	7.493327	-3.508568	-24.171092
110.839346	27.583178	-1.711557	-0.191120	1.280514	7.509279	-3.500254	-24.167093
-110.564646	28.672980	-1.736219	-0.126264	1.201390	7.525086	-3.491926	-24.163094
-99.312022	31.991144	-1.833848	0.939257	-0.229468	7.789096	-3.336656	-24.089628
111.842574	14.119526	-1.229888	1.720798	-1.587864	8.002382	-3.176868	-24.016046
21.414264	-12.685927	-0.023974	2.263824	-3.000961	8.182078	-2.988525	-23.931691
-124.302889	-25.683243	1.225355	2.464023	-4.216011	8.290533	-2.794508	-23.847222
111.715023	-25.596818	1.277478	2.465838	-4.268883	8.293911	-2.785032	-23.843156
124.577171	-25.430765	1.328477	2.466982	-4.321218	8.297118	-2.775544	-23.839089
-124.010671	-12.071035	2.051979	2.382748	-5.171874	8.325275	-2.602413	-23.765785
5.797178	9.031288	2.397208	2.133980	-5.846571	8.296168	-2.425197	-23.692418
105.682966	23.246396	2.318384	1.697138	-6.405155	8.188983	-2.215321	-23.607504
-93.255756	12.753045	1.750986	1.152437	-6.723324	8.000741	-2.000542	-23.522544
-71.679409	11.833263	1.712843	1.124257	-6.732574	7.989539	-1.990033	-23.518432
92.567457	10.898323	1.673822	1.095953	-6.741255	7.978140	-1.979513	-23.514321
22.467924	-6.532111	0.839320	0.572908	-6.799849	7.739656	-1.788696	-23.440406
-99.577942	-20.770696	-0.189691	0.046479	-6.673198	7.437085	-1.594803	-23.366483
110.203015	-26.318979	-1.504122	-0.518174	-6.301214	7.013020	-1.368492	-23.281484
109.726671	-15.866853	-2.815838	-0.986325	-5.697816	6.516104	-1.139133	-23.196511
-117.457409	-14.819377	-2.873356	-1.004756	-5.664332	6.491279	-1.128355	-23.192543
30.248000	-13.715200	-2.930340	-1.022824	-5.630396	6.466317	-1.117571	-23.188575
121.795360	11.874836	-3.856649	-1.280114	-4.927329	5.981203	-0.917179	-23.115192
-126.834838	31.273312	-4.429567	-1.350469	-4.103265	5.456195	-0.715321	-23.041856
-88.485531	29.978789	-4.485938	-1.147988	-3.036064	4.804648	-0.479446	-22.956735
133.060897	6.945490	-3.883927	-0.699596	-1.895726	4.117888	-0.242622	-22.871708
6.718541	5.487872	-3.840591	-0.674372	-1.841864	4.085367	-0.231631	-22.867769
-132.765286	4.005614	-3.795911	-0.648828	-1.787951	4.052792	-0.220639	-22.863831
106.548717	-23.586476	-2.725637	-0.127913	-0.782836	3.439352	-0.016403	-22.790728
121.816874	-36.314215	-1.212348	0.440155	0.209071	2.814301	0.187736	-22.717719
-119.096028	-14.207708	0.970641	1.079778	1.305203	2.082231	0.424238	-22.633058
-32.778381	23.606255	3.064483	1.608092	2.296786	1.353176	0.659560	-22.548563
116.346376	24.910892	3.145785	1.627686	2.338081	1.320696	0.670082	-22.544776
-98.991135	26.144462	3.225572	1.646870	2.379095	1.288221	0.680607	-22.540987
-110.138675	35.252205	4.371804	1.921879	3.101718	0.670452	0.882187	-22.468219
104.480852	18.638134	4.606267	1.977236	3.678685	0.069509	1.082078	-22.395601
20.239451	-12.232334	3.907005	1.717923	4.135901	-0.596835	1.310950	-22.311718
-106.940957	-30.804651	2.362654	1.172149	4.374459	-1.222290	1.536524	-22.228069
107.185782	-30.946606	2.277075	1.142637	4.380271	-1.249015	1.546469	-22.224355
89.066991	-31.014103	2.190239	1.112764	4.385685	-1.275624	1.556399	-22.220644
-112.118869	-19.784359	0.319066	0.465260	4.415243	-1.774277	1.748400	-22.148402
20.235240	5.634747	-1.557691	-0.266521	4.310951	-2.233634	1.937109	-22.076361
111.211472	28.460859	-3.094083	-1.141727	4.046100	-2.715783	2.150724	-21.993330
-107.570303	22.374796	-3.420791	-1.962537	3.652612	-3.145995	2.358879	-21.910610
-81.280431	21.501736	-3.409493	-1.994991	3.633376	-3.163205	2.367630	-21.907088
107.568359	20.588902	-3.396377	-2.027200	3.613944	-3.180333	2.376377	-21.903564
14.404270	-2.684692	-2.788281	-2.612540	3.185447	-3.506567	2.550710	-21.832473
-117.687848	-23.915280	-1.685120	-3.046374	2.700758	-3.795094	2.720170	-21.761638
121.154231	-29.489980	-0.092494	-3.315813	2.094541	-4.081725	2.909188	-21.680234
107.620143	-13.840978	1.485906	-3.290831	1.462951	-4.319379	3.090705	-21.599207
-117.855749	-12.565953	1.550106	-3.281807	1.433849	-4.329084	3.098817	-21.595513
31.566336	-11.241253	1.613268	-3.272045	1.404724	-4.338696	3.106916	-21.591817
113.810981	16.449793	2.541711	-2.940588	0.853186	-4.501864	3.257199	-21.521945
-112.015873	30.316545	2.734980	-2.302104	0.306894	-4.629423	3.401254	-21.452381
-82.696618	20.193560	1.795375	-1.170150	-0.307735	-4.733337	3.559958	-21.372226
113.606776	-3.852201	0.048466	0.226053	-0.889448	-4.791036	3.709588	-21.292519
28.029506	-4.885162	-0.033092	0.287302	-0.912880	-4.792458	3.715652	-21.289191
-113.805547	-5.908397	-0.114932	0.348647	-0.936228	-4.793800	3.721699	-21.285863
108.407014	-23.259868	-1.784531	1.606809	-1.396079	-4.803932	3.842404	-21.217619
117.981957	-28.465591	-3.157615	2.770608	-1.810949	-4.781275	3.956127	-21.149732
-117.654409	-12.602451	-3.918816	3.843321	-2.224422	-4.714857	4.079558	-21.071317
-9.314336	16.147437	-3.529477	4.496851	-2.550543	-4.606605	4.193727	-20.993422
113.096957	17.176091	-3.483758	4.515815	-2.562752	-4.600859	4.198575	-20.989981
-112.821400	18.153339	-3.435569	4.533944	-2.574760	-4.595033	4.203405	-20.986542
-81.075085	27.044309	-1.991537	4.723515	-2.766608	-4.466066	4.294074	-20.919634
101.875357	19.152433	0.340659	4.611855	-2.871367	-4.310099	4.377966	-20.853140
13.640194	-3.500717	3.507830	4.141986	-2.882416	-4.101011	4.466175	-20.777173
-107.989155	-25.762077	6.360955	3.354228	-2.787697	-3.863499	4.545601	-20.701788
101.121982	-26.486596	6.469008	3.311738	-2.781117	-3.852087	4.549002	-20.698378
109.136960	-27.169129	6.574536	3.268705	-2.774350	-3.840624	4.552384	-20.694969
-120.892219	-28.124522	8.063662	2.345006	-2.610276	-3.611212	4.613796	-20.629853
-2.311408	-2.344509	8.408589	1.261239	-2.387511	-3.364959	4.668692	-20.565209
116.120230	29.162174	7.136062	-0.108942	-2.072056	-3.064420	4.723729	-20.491651
-100.879843	27.342952	3.972569	-1.527049	-1.706397	-2.747589	4.770383	-20.418747
-85.441481	26.470995	3.793788	-1.590779	-1.688919	-2.732936	4.772295	-20.415468
99.873423	25.546316	3.612401	-1.654451	-1.671357	-2.718247	4.774191	-20.412188
9.339505	1.691236	-0.257476	-2.848734	-1.321180	-2.430727	4.807408	-20.349328
-99.849629	-21.831419	-4.473248	-3.941746	-0.954434	-2.135539	4.834424	-20.286993
111.676351	-30.985482	-8.958152	-4.976310	-0.532976	-1.796116	4.857529	-20.217356
110.002272	-20.758438	-12.468928	-5.717259	-0.116055	-1.452521	4.872933	-20.148413
-109.775070	4.955252	-14.533672	-6.077078	0.281614	-1.109250	4.880712	-20.080484
1.604941	31.999185	-14.768382	-5.980522	0.651212	-0.767736	4.881047	-20.013280
110.716103	32.658167	-14.727434	-5.963823	0.667810	-0.751796	4.880881	-20.010144
-110.991399	33.223500	-14.681503	-5.946021	0.684330	-0.735878	4.880700	-20.007011
-82.859927	26.956787	-12.787881	-5.375706	0.998878	-0.421718	4.873735	-19.945000
129.921113	-0.920407	-9.333753	-4.449115	1.285869	-0.114255	4.860445	-19.883649
0.440902	-2.530649	-9.133172	-4.396216	1.299152	-0.099472	4.859637	-19.880674
-130.353943	-4.146039	-8.929854	-4.342633	1.312375	-0.084700	4.858813	-19.877698
130.494850	-30.968642	-4.499482	-3.176443	1.557682	0.199754	4.839688	-19.819750
106.154901	-37.209192	0.519061	-1.835879	1.776633	0.473628	4.814923	-19.762424
-128.321590	-27.729239	6.460809	-0.179880	1.993956	0.771112	4.779779	-19.697656
4.039825	-17.091199	11.967050	1.506819	2.175262	1.048912	4.737439	-19.633727
121.945619	-16.737538	12.206690	1.586178	2.182990	1.061607	4.735243	-19.630701
-91.391138	-16.403718	12.443680	1.665356	2.190633	1.074250	4.733031	-19.627677
-100.548217	-10.746573	16.218251	3.067209	2.315480	1.295754	4.689771	-19.572752
71.087225	2.014921	18.620382	4.335504	2.411773	1.497690	4.641187	-19.518477
-43.483223	41.070854	16.069753	6.516145	2.519917	1.887604	4.505749	-19.392979
-107.931104	-34.203285	0.376476	7.409278	2.438646	2.150172	4.341756	-19.271186
110.972131	-38.454712	-0.058360	7.414957	2.434195	2.154796	4.337621	-19.268407
104.647922	-41.273280	-0.493358	7.419976	2.429619	2.159355	4.333472	-19.265630
-116.956583	-40.962485	-0.963709	7.424659	2.424533	2.164214	4.328969	-19.262629
33.910063	-36.020886	-1.433409	7.428568	2.419304	2.168996	4.324450	-19.259633
121.313854	-29.319147	-1.832864	7.431290	2.414738	2.173010	4.320588	-19.257082
-100.280026	-21.787317	-2.231764	7.433455	2.410063	2.176973	4.316711	-19.254532
-109.475274	41.618332	-8.120978	7.395416	2.324352	2.231734	4.254870	-19.215138
76.617877	29.671897	-12.899335	7.222996	2.215243	2.274098	4.190014	-19.176161
12.471008	-13.340818	-17.330959	6.750676	2.024534	2.313840	4.093277	-19.121766
-84.633447	-43.840397	-18.816267	6.011661	1.795712	2.331195	3.990868	-19.068213
118.094306	-42.513827	-17.209639	4.973094	1.523203	2.326963	3.878809	-19.013502
100.749136	-19.773747	-13.289120	3.708650	1.220748	2.301573	3.761194	-18.959712
-131.565566	-17.976689	-13.064889	3.644104	1.205757	2.299870	3.755483	-18.957185
16.373396	-16.102494	-12.838116	3.579192	1.190713	2.298122	3.749760	-18.954659
129.121484	22.823267	-8.377933	2.332969	0.906260	2.258525	3.642844	-18.908755
-128.171893	44.198802	-3.845956	1.005876	0.607620	2.205238	3.532127	-18.863557
-97.222425	31.490599	0.720685	-0.580343	0.248841	2.127722	3.399349	-18.812085
127.649902	-2.066637	4.451390	-2.160270	-0.118197	2.034754	3.261971	-18.761571
14.818949	-3.702936	4.606588	-2.233046	-0.135485	2.030050	3.255432	-18.759230
-127.109769	-5.321314	4.759996	-2.305619	-0.152766	2.025318	3.248887	-18.756892
100.148639	-29.510625	7.294243	-3.608453	-0.471588	1.932839	3.126541	-18.714165
111.379143	-35.169239	9.296393	-4.816754	-0.788106	1.831147	3.001171	-18.672162
-106.796128	-11.247741	11.016916	-6.051113	-1.146755	1.703247	2.852493	-18.624448
-3.786137	20.901244	12.228979	-7.078416	-1.491581	1.565912	2.700261	-18.577716
106.722979	21.833916	12.274886	-7.120154	-1.506984	1.559406	2.693192	-18.575594
-106.766433	22.680570	12.320054	-7.161396	-1.522345	1.552885	2.686116	-18.573475
-85.039547	24.740057	13.051957	-7.842223	-1.802571	1.427437	2.551866	-18.534025
110.727890	10.722042	13.598014	-8.337799	-2.064124	1.297234	2.415358	-18.495314
-4.311800	-7.937402	13.900246	-8.670384	-2.339295	1.141528	2.254370	-18.451330
-121.378822	-17.411278	13.696120	-8.742325	-2.578708	0.982340	2.090847	-18.408355
121.534022	-17.454665	13.671789	-8.739649	-2.588996	0.974799	2.083104	-18.406360
96.687718	-17.455081	13.646038	-8.736452	-2.599195	0.967254	2.075355	-18.404367
-122.188130	-10.997021	12.948825	-8.588704	-2.770294	0.828535	1.932594	-18.368267
12.923060	3.044493	11.919575	-8.281833	-2.912493	0.689511	1.788349	-18.332924
111.138033	16.841588	10.491804	-7.744367	-3.043511	0.528924	1.619122	-18.292818
-104.740276	15.863752	8.972631	-7.033356	-3.140596	0.370844	1.448395	-18.253746
-93.451891	15.398657	8.900875	-6.997105	-3.144268	0.363712	1.440569	-18.251987
104.447493	14.898584	8.828844	-6.960541	-3.147876	0.356588	1.432740	-18.250230
30.717822	0.927151	7.408161	-6.215014	-3.204281	0.224082	1.284681	-18.217509
-107.715587	-15.083422	5.830356	-5.372536	-3.239928	0.095708	1.135907	-18.185565
110.707407	-25.146301	3.727767	-4.291536	-3.257838	-0.046792	0.962557	-18.149468
109.035782	-18.723201	1.304960	-3.120543	-3.253395	-0.180849	0.788746	-18.114431
-111.028387	-17.831273	1.183371	-3.062441	-3.252669	-0.187048	0.780395	-18.112776
30.989677	-16.879570	1.061580	-3.004222	-3.251899	-0.193219	0.772049	-18.111124
111.153935	6.741748	-1.143588	-1.934847	-3.230766	-0.300096	0.622098	-18.081874
-113.233082	29.730129	-3.275863	-0.830293	-3.196792	-0.399079	0.472188	-18.053418
-67.586704	36.131433	-5.458949	0.480186	-3.142803	-0.503836	0.298104	-18.021325
123.997198	13.749435	-7.065775	1.797357	-3.074826	-0.597264	0.124588	-17.990320
7.147752	12.000161	-7.118862	1.856454	-3.071460	-0.601204	0.116795	-17.988950
-124.602627	10.190259	-7.170003	1.915517	-3.068069	-0.605121	0.109003	-17.987583
123.442333	-26.225351	-7.722311	3.029198	-2.998766	-0.675416	-0.039071	-17.961950
133.029074	-39.958295	-7.295142	4.102598	-2.921041	-0.737625	-0.186344	-17.937127
-128.642831	-16.766596	-5.402770	5.271363	-2.820580	-0.800378	-0.356842	-17.909208
-11.873066	31.739434	-2.534652	6.315435	-2.710347	-0.853193	-0.525732	-17.882404
114.252001	33.249686	-2.394966	6.358582	-2.705206	-0.855332	-0.533236	-17.881233
-113.616725	34.629774	-2.254708	6.401431	-2.700044	-0.857454	-0.540741	-17.880063
-100.082710	38.396455	0.448818	7.157448	-2.597368	-0.894778	-0.684310	-17.857999
100.120744	15.183097	2.885100	7.767938	-2.488550	-0.925797	-0.826302	-17.836768
14.613435	-17.110006	4.975320	8.263776	-2.354867	-0.954559	-0.989270	-17.813125
-107.213029	-33.991851	5.844140	8.493748	-2.214329	-0.976080	-1.149593	-17.790622
86.978651	-34.073998	5.847412	8.497203	-2.207956	-0.976876	-1.156630	-17.789652
107.336218	-34.088872	5.847380	8.500061	-2.201572	-0.977660	-1.163662	-17.788683
-105.952733	-23.824685	5.245220	8.440345	-2.075211	-0.990394	-1.298896	-17.770348
11.303496	-2.771688	3.744780	8.174708	-1.943419	-0.998703	-1.431784	-17.752865
99.571526	20.158903	1.463289	7.662483	-1.790527	-1.003107	-1.576412	-17.734452
-100.888291	29.274113	-0.988644	6.948203	-1.630874	-1.002792	-1.717708	-17.717100
106.365502	13.635726	-3.229898	6.012785	-1.456437	-0.997786	-1.861967	-17.700061
7.582073	-14.563307	-4.708893	4.917206	-1.274832	-0.988360	-2.002117	-17.684201
-112.568258	-15.556938	-4.749774	4.866212	-1.266742	-0.987854	-2.008139	-17.683536
108.909196	-16.503142	-4.788391	4.814975	-1.258638	-0.987339	-2.014154	-17.682872
114.592930	-25.980262	-5.037790	3.761588	-1.096505	-0.975685	-2.130783	-17.670285
-112.463351	-21.036139	-4.238784	2.635220	-0.929272	-0.961261	-2.244120	-17.658576
15.551482	-1.788433	-2.310382	1.258605	-0.727678	-0.941178	-2.372153	-17.646024
105.872739	18.354572	0.152389	-0.129635	-0.519371	-0.917881	-2.495439	-17.634682
-105.937188	18.998356	0.262858	-0.189340	-0.510158	-0.916799	-2.500693	-17.634216
-105.767920	19.610504	0.373290	-0.248986	-0.500926	-0.915710	-2.505942	-17.633752
109.311351	23.448980	2.452544	-1.393904	-0.316890	-0.893203	-2.607264	-17.625101
-2.978995	9.712234	4.120032	-2.459212	-0.128134	-0.868711	-2.704962	-17.617347
-112.682679	-14.451196	5.120101	-3.545694	0.097005	-0.837958	-2.813865	-17.609470
107.551412	-26.235071	4.661832	-4.424479	0.328284	-0.804920	-2.917781	-17.602816
109.541758	-26.099687	4.598217	-4.460117	0.339144	-0.803337	-2.922473	-17.602537
-109.346220	-25.886201	4.530667	-4.495318	0.350017	-0.801750	-2.927155	-17.602262
27.716121	-10.477436	2.677512	-5.073573	0.554929	-0.771377	-3.012411	-17.597606
102.530086	14.703227	0.135455	-5.511916	0.764225	-0.739565	-3.093920	-17.593871
-102.024803	34.106612	-2.817531	-5.858222	1.011340	-0.701180	-3.183392	-17.590708
-61.017058	26.464577	-4.967173	-6.048817	1.264054	-0.661209	-3.267827	-17.588786
105.843910	25.424114	-5.039958	-6.054123	1.275842	-0.659329	-3.271600	-17.588727
-8.840170	24.326362	-5.110231	-6.059135	1.287642	-0.657447	-3.275362	-17.588672
-113.955724	-4.042860	-5.933905	-6.100626	1.512224	-0.621432	-3.344267	-17.588114
126.918324	-34.774350	-5.696901	-6.048938	1.740642	-0.584485	-3.409327	-17.588505
139.302133	-43.974447	-3.895572	-5.887345	2.007748	-0.540827	-3.479633	-17.590141
-142.684399	-3.670761	-0.511221	-5.631392	2.275981	-0.496266	-3.544773	-17.593052
34.545966	-1.213632	-0.347790	-5.618612	2.287403	-0.494348	-3.547436	-17.593205
141.982352	1.265169	-0.183776	-5.605688	2.298821	-0.492429	-3.550089	-17.593360
-128.295610	43.242896	3.095505	-5.313525	2.530239	-0.453097	-3.602059	-17.597023
-107.989177	42.171317	5.684369	-4.972869	2.758359	-0.413351	-3.650103	-17.601658
110.518387	7.647242	7.237267	-4.536159	3.013173	-0.367478	-3.700280	-17.608166
24.358562	-23.664900	7.192660	-4.062740	3.258472	-0.321396	-3.745267	-17.615959
-113.692442	-24.551591	7.153005	-4.040715	3.269240	-0.319321	-3.747169	-17.616340
77.549806	-25.377767	7.110071	-4.018617	3.279991	-0.317244	-3.749061	-17.616724
116.017161	-30.823965	5.645914	-3.582215	3.481952	-0.277224	-3.783473	-17.624637
-114.248980	-21.817064	3.063386	-3.128937	3.672660	-0.237299	-3.813953	-17.633529
15.070940	-3.196513	-0.697196	-2.588685	3.877053	-0.191272	-3.844387	-17.645053
106.026482	14.167272	-4.442884	-2.038393	4.061112	-0.145546	-3.869672	-17.657903
-105.905771	14.751095	-4.596281	-2.013613	4.068838	-0.143506	-3.870685	-17.658509
-77.025202	15.309889	-4.747698	-1.988844	4.076511	-0.141468	-3.871688	-17.659118
104.623999	20.142524	-7.195758	-1.509679	4.215329	-0.102235	-3.889081	-17.671417
-24.728219	11.828274	-8.483865	-1.032887	4.334797	-0.063354	-3.902725	-17.684718
-108.168869	-7.608668	-8.721665	-0.488810	4.446171	-0.019021	-3.913867	-17.701307
113.230019	-22.448066	-8.043363	0.052100	4.526586	0.024686	-3.920158	-17.719242
107.919856	-22.478638	-7.996988	0.076799	4.529503	0.026686	-3.920333	-17.720102
-113.614112	-22.422599	-7.949615	0.101462	4.532347	0.028684	-3.920497	-17.720964
30.802157	-8.521740	-6.889775	0.553939	4.571904	0.065759	-3.921705	-17.737629
115.085965	15.833691	-5.529067	0.982124	4.584349	0.102245	-3.919408	-17.755305
-113.121506	32.374251	-3.632679	1.433083	4.562399	0.143806	-3.912429	-17.777052
-102.833123	21.005052	-1.467065	1.818916	4.498278	0.184984	-3.900889	-17.800159
112.452554	19.822688	-1.362291	1.834895	4.494238	0.186887	-3.900247	-17.801260
-5.630321	18.589354	-1.257276	1.850685	4.490103	0.188788	-3.899595	-17.802364
-115.543008	-10.856306	0.757707	2.112159	4.393863	0.224570	-3.885577	-17.823646
121.821843	-39.111246	2.792587	2.298709	4.261156	0.260451	-3.868242	-17.845948
122.851814	-45.816855	5.052559	2.405216	4.061261	0.301822	-3.844221	-17.872912
-124.523320	-16.182192	7.014423	2.374999	3.812291	0.343034	-3.815965	-17.901206
18.976076	-13.738205	7.093295	2.369646	3.799020	0.345027	-3.814488	-17.902612
123.379906	-11.210761	7.170120	2.363912	3.785643	0.347019	-3.813001	-17.904022
-109.839338	34.034744	8.116419	2.195176	3.530182	0.382313	-3.784924	-17.929624
-100.774283	46.472502	7.981964	1.897777	3.243536	0.417237	-3.753830	-17.956192
98.367225	21.316979	6.160749	1.429048	2.877277	0.456930	-3.714289	-17.988031
29.939391	-20.517731	3.156109	0.875999	2.476682	0.495807	-3.670921	-18.021114
-103.971449	-22.118070	2.998625	0.848578	2.456904	0.497627	-3.668772	-18.022713
105.510967	-23.638453	2.840474	0.821092	2.437059	0.499444	-3.666615	-18.024314
109.822113	-37.500261	-0.056587	0.314497	2.063369	0.532202	-3.625782	-18.054022
-112.120010	-28.269866	-2.639655	-0.178110	1.669639	0.564095	-3.582236	-18.084627
32.267409	2.284698	-4.792877	-0.686243	1.192006	0.599794	-3.528512	-18.121161
107.162923	25.374405	-5.603779	-1.077159	0.694730	0.634011	-3.471342	-18.158854
-107.105699	25.693519	-5.601145	-1.091514	0.671348	0.635553	-3.468619	-18.160622
-79.182486	25.922707	-5.594612	-1.105495	0.647948	0.637090	-3.465891	-18.162392
108.080437	17.408458	-4.831444	-1.301901	0.202221	0.665317	-3.413281	-18.196124
14.591709	-2.465743	-3.241717	-1.378059	-0.252598	0.692171	-3.358222	-18.230695
-116.447177	-20.313601	-1.130238	-1.329497	-0.782923	0.721231	-3.291908	-18.271505
97.652502	-17.426624	0.591372	-1.153575	-1.311358	0.748148	-3.222543	-18.313381
118.251295	-16.778505	0.657766	-1.142681	-1.335600	0.749339	-3.219260	-18.315345
-118.255019	-16.090063	0.722920	-1.131566	-1.359799	0.750525	-3.215972	-18.317310
20.429583	1.636419	1.719706	-0.883482	-1.807277	0.771816	-3.153159	-18.354576
113.605998	18.794204	2.276211	-0.569196	-2.237898	0.791238	-3.088200	-18.392610
-106.268353	23.285754	2.346934	-0.140550	-2.705790	0.811217	-3.010496	-18.437531
-70.624475	11.156033	1.831968	0.331300	-3.130836	0.828369	-2.930116	-18.483436
98.395113	10.310925	1.797415	0.353474	-3.149408	0.829097	-2.926308	-18.485598
-12.132726	9.448839	1.762187	0.375600	-3.167850	0.829817	-2.922496	-18.487761
-96.904006	-8.680728	1.023006	0.770601	-3.486533	0.841954	-2.850933	-18.528182
108.542971	-26.174658	0.256263	1.106988	-3.757099	0.851736	-2.777533	-18.569299
114.258293	-30.572786	-0.403320	1.364622	-4.001378	0.859990	-2.690106	-18.617886
-125.284065	-6.310702	-0.595207	1.413263	-4.160761	0.864747	-2.600391	-18.667370
16.075861	-4.771326	-0.593596	1.409507	-4.165774	0.864874	-2.596337	-18.669598
125.824070	-3.215285	-0.591243	1.405209	-4.170604	0.864995	-2.592278	-18.671828
-126.658518	24.201917	-0.434760	1.223804	-4.229142	0.865862	-2.512830	-18.715357
-99.138566	33.119043	-0.193272	0.887598	-4.224583	0.863851	-2.431830	-18.759518
119.832669	20.921403	-0.005690	0.374180	-4.147700	0.857809	-2.336588	-18.811204
10.411230	-5.873107	0.053397	-0.200723	-4.001833	0.847831	-2.239454	-18.863690
-117.586689	-7.228495	0.053308	-0.227814	-3.993509	0.847274	-2.234894	-18.866149
92.020926	-8.581064	0.052987	-0.254907	-3.985049	0.846707	-2.230327	-18.868611
115.222706	-29.536926	0.010895	-0.751651	-3.804825	0.834674	-2.144658	-18.914724
-109.324624	-31.586685	-0.077466	-1.218813	-3.584880	0.819843	-2.057693	-18.961402
11.388776	-5.194310	-0.190404	-1.692111	-3.287890	0.799284	-1.955559	-19.016074
92.323427	24.994968	-0.242935	-2.062552	-2.952998	0.775160	-1.851831	-19.071458
-92.270525	25.881581	-0.242449	-2.076471	-2.937140	0.773990	-1.847119	-19.073971
-83.519913	26.701037	-0.241647	-2.090138	-2.921224	0.772813	-1.842404	-19.076486
95.739266	29.376996	-0.150919	-2.303726	-2.604089	0.748786	-1.751015	-19.125172
-4.736446	10.529393	0.102341	-2.423475	-2.270063	0.722208	-1.658533	-19.174359
-110.995964	-17.789390	0.497268	-2.455049	-1.870605	0.688586	-1.550954	-19.231487
115.208412	-28.468816	0.851411	-2.384213	-1.459204	0.651758	-1.442051	-19.289238
90.255813	-28.206939	0.863883	-2.378771	-1.440406	0.650019	-1.437100	-19.291862
-115.364108	-27.869788	0.875938	-2.373148	-1.421606	0.648275	-1.432150	-19.294485
41.866259	-10.086818	1.028431	-2.229451	-1.055888	0.613331	-1.335966	-19.345432
114.294439	15.039658	1.028193	-2.025369	-0.687859	0.576074	-1.238880	-19.396814
-114.149270	29.084310	0.843355	-1.731346	-0.267859	0.530692	-1.126770	-19.456109
-75.977568	16.605383	0.466392	-1.377358	0.146786	0.482445	-1.013601	-19.515934
117.411176	15.521560	0.444917	-1.359461	0.165877	0.480131	-1.008309	-19.518731
-6.790793	14.406438	0.423157	-1.341452	0.184934	0.477813	-1.003020	-19.521527
-123.686672	-9.577955	-0.032031	-0.981163	0.537485	0.433272	-0.903499	-19.574122
113.891393	-29.692220	-0.548725	-0.578642	0.879283	0.386685	-0.803277	-19.627086
138.166771	-31.022661	-1.166727	-0.063921	1.256240	0.330505	-0.686895	-19.688603
-135.075604	0.494826	-1.747265	0.502751	1.610404	0.271827	-0.569767	-19.750566
22.537152	2.274433	-1.770831	0.528730	1.625327	0.269202	-0.564621	-19.753290
133.953030	4.055436	-1.794196	0.554803	1.640198	0.266572	-0.559473	-19.756015
-117.360756	31.653135	-2.204617	1.087290	1.922249	0.213776	-0.457678	-19.809951
-95.945052	30.172472	-2.487739	1.648235	2.180631	0.159328	-0.355509	-19.864186
92.213376	6.957187	-2.609296	2.322554	2.446582	0.094289	-0.236756	-19.927391
7.054280	-14.490190	-2.454964	3.005636	2.672235	0.027315	-0.117747	-19.990955
-96.700411	-15.267056	-2.440348	3.036141	2.681394	0.024249	-0.112373	-19.993831
91.537618	-16.025820	-2.425014	3.066590	2.690461	0.021180	-0.106999	-19.996708
105.024881	-27.072303	-1.984737	3.632549	2.845444	-0.038106	-0.004330	-20.051786
-109.383241	-30.059764	-1.230398	4.151907	2.963860	-0.098601	0.098327	-20.107097
26.930426	-16.944798	0.030381	4.663316	3.051552	-0.170170	0.217300	-20.171543
112.465296	7.643525	1.417475	5.039814	3.081438	-0.243017	0.335999	-20.236260
-112.727351	8.849526	1.476724	5.052894	3.081347	-0.246301	0.341303	-20.239162
-76.301777	10.051823	1.535427	5.065613	3.081131	-0.249584	0.346602	-20.242063
119.629930	27.229344	2.522841	5.237387	3.051794	-0.313148	0.448563	-20.298069
-14.225341	21.158221	3.108317	5.251448	2.973778	-0.377128	0.550115	-20.354240
-120.385725	-4.129227	3.178416	5.034745	2.826719	-0.451576	0.667202	-20.419538
111.571020	-25.019886	2.490359	4.554962	2.625908	-0.526061	0.783477	-20.485012
100.401045	-25.366350	2.437854	4.526822	2.615458	-0.529498	0.788826	-20.488040
-110.585669	-25.634161	2.383431	4.498201	2.604917	-0.532932	0.794169	-20.491066
-9.451717	8.009156	-0.889712	2.924054	2.093101	-0.674000	1.012998	-20.616369
96.112704	28.740788	-3.348366	0.755045	1.467436	-0.812165	1.227374	-20.742061
-96.685833	27.869308	-3.362462	0.699183	1.451847	-0.815349	1.232330	-20.745007
-86.055978	26.897832	-3.373854	0.643135	1.436225	-0.818530	1.237284	-20.747952
97.927996	25.747184	-3.383031	0.583347	1.419580	-0.821909	1.242547	-20.751084
-13.687145	24.471477	-3.389211	0.523396	1.402910	-0.825282	1.247804	-20.754214
-110.109707	-6.510736	-3.096794	-0.480228	1.126110	-0.879947	1.333205	-20.805372
121.408252	-32.496262	-2.168477	-1.511771	0.843396	-0.933652	1.417631	-20.856555
101.159994	-32.966586	-0.324998	-2.828427	0.476976	-1.001056	1.524601	-20.922352
-132.351642	-2.527786	1.754386	-4.058764	0.113951	-1.066383	1.629716	-20.988145
35.641307	-0.598932	1.844227	-4.111725	0.097507	-1.069324	1.634489	-20.991161
131.680546	1.358531	1.933021	-4.164318	0.081086	-1.072261	1.639258	-20.994178
-122.306168	33.676570	3.323283	-5.079880	-0.224461	-1.126882	1.728743	-21.051274
-101.807217	34.412717	3.835699	-5.809421	-0.516522	-1.179530	1.816626	-21.108334
116.298802	6.936721	2.972121	-6.387209	-0.830639	-1.237630	1.915988	-21.174148
28.285573	-22.914101	1.052289	-6.692221	-1.112898	-1.292586	2.012962	-21.239872
-120.021219	-23.841866	0.951056	-6.699985	-1.124927	-1.295020	2.017339	-21.242877
109.669714	-24.708341	0.849204	-6.707222	-1.136874	-1.297447	2.021711	-21.245881
121.534035	-29.555762	-1.110507	-6.747421	-1.347094	-1.342152	2.103730	-21.302894
-120.547992	-15.106373	-2.839760	-6.611002	-1.523228	-1.384071	2.183742	-21.359803
5.804100	9.355040	-4.239657	-6.247791	-1.683692	-1.428480	2.272909	-21.424919
109.770416	21.786689	-4.748509	-5.673293	-1.802558	-1.468711	2.359181	-21.489856
-109.322049	21.722867	-4.745967	-5.642512	-1.806995	-1.470425	2.363008	-21.492785
-79.185319	21.594086	-4.741075	-5.611301	-1.811357	-1.472132	2.366831	-21.495716
100.027785	11.474546	-4.247376	-4.933917	-1.880567	-1.503236	2.439365	-21.552176
18.098685	0.184483	-3.208914	-4.130437	-1.922742	-1.530752	2.509496	-21.608467
-101.523374	-10.718192	-1.751953	-3.085221	-1.940413	-1.557724	2.586868	-21.672815
113.008338	-17.646260	-0.464580	-1.943713	-1.927957	-1.579791	2.660816	-21.736895
108.421992	-17.590274	-0.417203	-1.889503	-1.926705	-1.580688	2.664133	-21.739836
-114.025450	-17.483822	-0.371151	-1.835171	-1.925397	-1.581574	2.667442	-21.742776
36.977185	-7.584675	0.296643	-0.790028	-1.890213	-1.596373	2.728563	-21.798232
124.143912	9.367598	0.743654	0.272775	-1.836472	-1.607450	2.786918	-21.853452
-122.868081	23.208786	1.295012	1.482569	-1.754357	-1.615577	2.850392	-21.916513
-62.178123	19.044943	2.151714	2.646426	-1.653110	-1.618804	2.910038	-21.979221
118.701287	18.295413	2.198339	2.698355	-1.648028	-1.618834	2.912693	-21.982102
-9.132728	17.492786	2.245488	2.750104	-1.642913	-1.618854	2.915340	-21.984983
-117.831278	-5.316215	3.221333	3.692653	-1.539767	-1.617271	2.963948	-22.039459
123.466657	-30.833679	4.290544	4.544553	-1.426264	-1.611966	3.009506	-22.093634
124.329278	-35.920532	5.511520	5.375909	-1.286207	-1.601386	3.057833	-22.155202
-133.918044	-8.309382	6.535378	6.019435	-1.137925	-1.586050	3.102098	-22.216338
0.696540	-6.084922	6.573025	6.045593	-1.130468	-1.585174	3.104170	-22.219334
132.972868	-3.793829	6.608989	6.071188	-1.123003	-1.584287	3.106231	-22.222327
-119.251028	34.980110	6.902757	6.428430	-0.989338	-1.566750	3.141019	-22.275043
-102.125804	40.529200	6.303897	6.596521	-0.853669	-1.545720	3.172698	-22.327404
101.747010	12.133909	4.223051	6.573185	-0.696901	-1.517218	3.205411	-22.387370
11.228723	-25.276782	1.175109	6.346742	-0.541719	-1.484304	3.234043	-22.446830
-103.704315	-26.623547	1.017322	6.331310	-0.534341	-1.482618	3.235313	-22.449666
103.816546	-27.894280	0.858980	6.315474	-0.526965	-1.480921	3.236575	-22.452504
95.296187	-37.853121	-1.987929	5.965156	-0.394847	-1.448573	3.257786	-22.503578
-103.099148	-26.064692	-4.503509	5.506843	-0.265420	-1.413108	3.275988	-22.554246
26.471872	5.341177	-6.538098	4.866811	-0.119654	-1.368242	3.293345	-22.612420
102.200592	30.248100	-7.139274	4.138759	0.020757	-1.319442	3.306744	-22.670027
-102.447938	30.741266	-7.124126	4.103859	0.027034	-1.317119	3.307263	-22.672647
-87.294744	31.155319	-7.104855	4.068837	0.033299	-1.314787	3.307774	-22.675267
109.586383	25.246554	-6.032185	3.386525	0.149078	-1.269251	3.315892	-22.724542
15.787250	0.493324	-3.927010	2.674730	0.259482	-1.220975	3.321122	-22.773378
-117.178549	-25.116626	-0.815226	1.834905	0.379367	-1.161996	3.323608	-22.829162
114.776763	-21.857368	2.371273	0.995041	0.490362	-1.099620	3.322346	-22.884353
114.212206	-21.035291	2.504862	0.957972	0.495084	-1.096766	3.322203	-22.886797
-114.623567	-20.164526	2.637303	0.920946	0.499786	-1.093904	3.322054	-22.889240
10.987374	2.162077	4.913761	0.209954	0.587483	-1.036812	3.317670	-22.936660
112.802861	20.038473	6.331447	-0.470048	0.667097	-0.977352	3.310536	-22.983629
-105.621711	16.731853	6.559311	-1.170650	0.744952	-0.908983	3.299491	-23.035017
96.686161	0.525532	5.565118	-1.808683	0.811364	-0.837946	3.285175	-23.085852
17.678444	-11.893515	3.576425	-2.401608	0.867460	-0.761277	3.266843	-23.138188
-98.256095	-16.752441	0.972726	-2.917589	0.909323	-0.681981	3.245069	-23.189917
97.255767	-16.807088	0.847509	-2.938831	0.910850	-0.678371	3.244015	-23.192219
99.115784	-16.846511	0.721732	-2.959925	0.912348	-0.674752	3.242952	-23.194522
-108.940801	-12.905859	-1.735027	-3.336079	0.935230	-0.603637	3.221019	-23.238925
23.278357	1.949304	-3.943115	-3.648013	0.945996	-0.530734	3.196566	-23.282866
117.770865	20.127519	-5.638051	-3.924141	0.942562	-0.444648	3.165326	-23.332900
-113.031412	23.087359	-5.819169	-4.107300	0.921210	-0.356333	3.130843	-23.382320
-65.667910	22.726636	-5.781806	-4.113257	0.919821	-0.352331	3.129224	-23.384517
112.542618	22.321254	-5.740226	-4.119019	0.918395	-0.348325	3.127600	-23.386713
1.220762	7.401064	-4.217509	-4.190682	0.883141	-0.269810	3.094808	-23.429091
-108.678045	-14.254820	-1.756614	-4.180903	0.833094	-0.189946	3.059649	-23.471000
112.159470	-33.559307	1.430068	-4.059956	0.757063	-0.096651	3.016340	-23.518607
106.672908	-25.917900	4.147941	-3.814088	0.663599	-0.002024	2.969998	-23.565591
-118.260457	-24.531087	4.248272	-3.799885	0.659004	0.002288	2.967829	-23.567703
24.831845	-23.041900	4.346153	-3.785410	0.654380	0.006601	2.965655	-23.569814
125.201706	15.291215	5.667275	-3.454376	0.560449	0.089705	2.922782	-23.610037
-131.304644	42.668468	5.646570	-3.022932	0.457848	0.173448	2.877708	-23.649786
-99.012391	39.125802	3.714513	-2.424845	0.331297	0.270624	2.823043	-23.695051
126.463075	4.297870	0.547630	-1.756271	0.198872	0.368143	2.765601	-23.739682
3.650732	2.177466	0.393281	-1.725121	0.192816	0.372541	2.762949	-23.741678
-125.470857	0.023679	0.238623	-1.693892	0.186750	0.376942	2.760290	-23.743674
115.138651	-37.366994	-2.648417	-1.084520	0.068983	0.461868	2.707902	-23.781945
114.750242	-41.948006	-4.859925	-0.480410	-0.048725	0.546644	2.653540	-23.819732
-108.647143	-12.532133	-5.863236	0.172669	-0.181137	0.643506	2.588799	-23.862494
-2.609622	26.069710	-5.293318	0.749880	-0.307815	0.739656	2.521617	-23.904614
108.071383	27.209449	-5.234234	0.774117	-0.313410	0.744022	2.518494	-23.906521
-107.987421	28.249167	-5.172476	0.798161	-0.318987	0.748387	2.515367	-23.908426
-81.080318	31.460417	-3.521155	1.218018	-0.421297	0.831095	2.454862	-23.944469
104.690986	15.302946	-1.152801	1.560257	-0.514795	0.912858	2.392639	-23.980023
3.369321	-6.691157	1.834652	1.848507	-0.608946	1.005591	2.318943	-24.020351
-115.456787	-20.018608	4.315384	2.012690	-0.685750	1.096555	2.243131	-24.060027
115.781313	-20.247669	4.402136	2.016989	-0.688757	1.100612	2.239662	-24.061801
101.645340	-20.437074	4.486110	2.021012	-0.691722	1.104664	2.236190	-24.063574
-120.669596	-16.385808	5.587208	2.043347	-0.740529	1.181851	2.168536	-24.097452
14.088760	-0.371108	5.872895	1.956850	-0.773272	1.257293	2.099414	-24.130832
111.589313	16.720408	5.499811	1.722797	-0.791191	1.341807	2.018037	-24.168670
-102.143509	15.905976	4.654302	1.374003	-0.788274	1.423523	1.934868	-24.205846
-83.318231	15.456534	4.607906	1.356323	-0.787665	1.427107	1.931111	-24.207491
101.646759	14.979562	4.560844	1.338490	-0.787015	1.430686	1.927351	-24.209136
20.859992	2.047012	3.525749	0.966310	-0.766405	1.499063	1.853599	-24.240834
-106.375106	-12.819584	2.304477	0.561939	-0.730886	1.565213	1.778625	-24.272027
112.760052	-23.493838	0.750582	0.088246	-0.672164	1.638602	1.690937	-24.307288
111.305741	-18.572560	-0.856565	-0.359443	-0.594983	1.709146	1.601790	-24.341876
-114.889173	-17.760058	-0.927677	-0.378429	-0.591079	1.712261	1.597737	-24.343420
49.838512	-16.886408	-0.998584	-0.397298	-0.587135	1.715372	1.593678	-24.344964
114.280183	7.388181	-2.290638	-0.730356	-0.504254	1.774175	1.515008	-24.374415
-114.932829	30.726156	-3.360921	-0.989537	-0.408440	1.830910	1.435362	-24.403356
-62.199362	35.394842	-4.162938	-1.165543	-0.282142	1.893963	1.342149	-24.436176
123.785940	11.807836	-4.347747	-1.172661	-0.140672	1.954353	1.247794	-24.468310
7.236697	10.101567	-4.340711	-1.168417	-0.134112	1.956972	1.243581	-24.469720
-124.341586	8.343308	-4.332353	-1.163761	-0.127527	1.959589	1.239363	-24.471130
122.415311	-26.899846	-3.894368	-1.000078	0.003604	2.009335	1.157125	-24.498218
132.600052	-40.125297	-2.879055	-0.724004	0.139143	2.057179	1.074165	-24.524793
-129.137935	-18.902613	-1.014511	-0.314916	0.298134	2.110384	0.977019	-24.555000
-15.267844	26.719514	1.010958	0.130163	0.454481	2.161121	0.879067	-24.584512
116.931110	28.215634	1.091945	0.149471	0.461182	2.163282	0.874770	-24.585786
-116.377764	29.608167	1.171802	0.168724	0.467869	2.165440	0.870471	-24.587059
-103.517132	37.571376	2.426428	0.529395	0.596206	2.207027	0.785458	-24.611870
100.391915	19.687407	2.869390	0.827070	0.715922	2.246857	0.699973	-24.636164
16.502575	-11.800290	2.494096	1.050326	0.839912	2.290828	0.600460	-24.663647
-97.995054	-29.537196	1.428976	1.130869	0.943802	2.332531	0.500485	-24.690430
93.113734	-29.583074	1.369795	1.131057	0.947886	2.334334	0.496027	-24.691605
98.166146	-29.549165	1.309803	1.130952	0.951920	2.336134	0.491568	-24.692779
-100.343549	-16.770053	0.053401	1.070084	1.020028	2.370247	0.404878	-24.715294
4.982983	5.538810	-1.118353	0.894243	1.067379	2.403015	0.317972	-24.737283
104.318396	22.861751	-1.871029	0.539163	1.094159	2.439800	0.216804	-24.762168
-106.044170	16.449138	-1.582062	0.027139	1.088348	2.475592	0.115516	-24.786338
-77.361392	15.767922	-1.548852	0.001732	1.087310	2.477149	0.111051	-24.787386
106.439971	15.068125	-1.514238	-0.023879	1.086202	2.478706	0.106584	-24.788434
-23.799095	-0.470604	-0.629199	-0.545281	1.050852	2.508707	0.019295	-24.808626
-122.146719	-15.016466	0.410672	-1.047877	0.988800	2.537683	-0.067954	-24.828282
129.386992	-22.817342	1.339216	-1.491739	0.883030	2.569341	-0.168379	-24.850268
96.148922	-15.002087	1.577470	-1.682060	0.739288	2.598616	-0.268596	-24.871538
-127.056298	-14.137019	1.571662	-1.683822	0.731780	2.599890	-0.273175	-24.872495
33.612208	-13.221724	1.564525	-1.684959	0.724194	2.601157	-0.277751	-24.873449
119.182391	9.906083	1.204954	-1.594655	0.565166	2.623992	-0.364604	-24.891299
-115.186845	28.807805	0.523941	-1.315203	0.381594	2.644218	-0.451176	-24.908606
-95.551524	22.298639	-0.454303	-0.801821	0.146426	2.663895	-0.550921	-24.927951
124.676020	-4.898584	-1.356380	-0.136614	-0.104058	2.679047	-0.650135	-24.946564
36.501269	-6.225642	-1.388232	-0.106023	-0.114822	2.679578	-0.654309	-24.947333
-124.917437	-7.551808	-1.419365	-0.075285	-0.125587	2.680101	-0.658478	-24.948100
124.294697	-30.594165	-1.866161	0.584449	-0.346920	2.688732	-0.743595	-24.963525
118.616258	-36.236015	-1.810268	1.272193	-0.565833	2.693197	-0.828207	-24.978401
-112.122236	-20.114584	-0.965801	2.018162	-0.808489	2.692700	-0.925604	-24.994958
14.323398	11.781414	0.336921	2.603089	-1.030066	2.685595	-1.022185	-25.010771
104.667858	13.162726	0.397380	2.623642	-1.039296	2.685116	-1.026468	-25.011458
-104.392236	14.517864	0.457711	2.643659	-1.048470	2.684623	-1.030752	-25.012145
-70.184544	33.582924	1.524850	2.908669	-1.212460	2.672243	-1.113065	-25.025095
97.002859	34.624732	2.181165	2.896627	-1.349279	2.654192	-1.194674	-25.037493
-4.986646	10.610506	2.120902	2.483405	-1.473634	2.625638	-1.288569	-25.051203
-104.436248	-19.912696	1.327311	1.716410	-1.561401	2.588420	-1.381389	-25.064162
105.039248	-20.938045	1.281902	1.678042	-1.564298	2.586659	-1.385265	-25.064690
104.801693	-21.922849	1.235657	1.639220	-1.567134	2.584879	-1.389142	-25.065217
-120.275150	-29.017660	0.136901	0.757300	-1.611547	2.544491	-1.468612	-25.075788
21.099606	-5.992936	-1.076758	-0.231985	-1.629516	2.496869	-1.547169	-25.085791
123.502235	25.839942	-2.103426	-1.405037	-1.618700	2.433549	-1.635875	-25.096537
-108.104545	26.386725	-2.212919	-2.520919	-1.575810	2.361073	-1.723263	-25.106534
-85.410579	25.625158	-2.192578	-2.567704	-1.573172	2.357631	-1.727130	-25.106963
106.797599	24.809158	-2.170079	-2.614129	-1.570476	2.354173	-1.730993	-25.107389
7.204618	1.858978	-1.369648	-3.450654	-1.505670	2.282997	-1.806030	-25.115444
-94.601710	-21.740483	-0.156935	-4.128059	-1.418671	2.205314	-1.879962	-25.122925
101.916644	-30.070468	1.229024	-4.670425	-1.292769	2.108415	-1.963388	-25.130801
103.211644	-12.928032	2.109895	-4.918593	-1.140466	2.003540	-2.045227	-25.137917
-103.681269	-11.538771	2.133385	-4.922105	-1.133061	1.998668	-2.048850	-25.138217
39.072606	-10.099945	2.155407	-4.924934	-1.125606	1.993780	-2.052469	-25.138516
114.537965	20.642197	2.272239	-4.837711	-0.970735	1.895454	-2.122372	-25.144041
-122.197374	36.984601	1.743648	-4.474453	-0.799340	1.791529	-2.190970	-25.148984
-91.548378	30.777639	0.417308	-3.780704	-0.584830	1.665428	-2.268176	-25.153947
123.742801	4.068034	-1.182855	-2.886995	-0.355239	1.532831	-2.343527	-25.158136
-21.311248	2.541983	-1.250247	-2.844561	-0.344830	1.526846	-2.346804	-25.158303
-123.619760	0.994119	-1.316948	-2.801940	-0.334400	1.520850	-2.350078	-25.158468
122.435624	-28.715353	-2.415882	-1.935058	-0.124536	1.400238	-2.413936	-25.161422
113.390757	-41.576671	-2.826923	-1.066366	0.091165	1.275638	-2.476287	-25.163787
-116.962289	-26.261737	-2.125945	-0.145407	0.341997	1.128681	-2.545737	-25.165768
6.928436	14.953197	-0.551615	0.690181	0.593505	0.977666	-2.613086	-25.166973
112.350391	16.644238	-0.470674	0.725303	0.604579	0.970907	-2.616013	-25.167008
-96.443529	18.279469	-0.389169	0.760280	0.615646	0.964142	-2.618936	-25.167042
-108.207860	38.359319	1.261048	1.421113	0.832012	0.829531	-2.675668	-25.167397
104.620560	36.313862	2.752123	2.032312	1.043361	0.692766	-2.730705	-25.167159
2.219141	11.007994	3.893000	2.684583	1.277751	0.532842	-2.792036	-25.166145
-104.670451	-19.498423	4.131836	3.288616	1.498417	0.371228	-2.850982	-25.164338
104.885320	-20.588182	4.117606	3.314061	1.507723	0.364111	-2.853512	-25.164241
102.576663	-21.639075	4.101121	3.339419	1.516994	0.356992	-2.856037	-25.164142
-110.062357	-31.609028	3.279363	3.824155	1.692736	0.215994	-2.904930	-25.161873
39.689924	-16.795430	1.517484	4.284873	1.852947	0.074353	-2.951932	-25.159005
109.459274	13.472679	-1.089645	4.799269	2.015637	-0.089679	-3.003751	-25.154950
-105.368244	30.503703	-3.471006	5.309590	2.151403	-0.254173	-3.052923	-25.150094
-79.449433	30.505331	-3.560950	5.333282	2.156962	-0.261769	-3.055127	-25.149850
105.126331	30.419393	-3.648477	5.356983	2.162452	-0.269362	-3.057323	-25.149605
-14.222862	15.726331	-4.846472	5.808749	2.253169	-0.412082	-3.097508	-25.144684
-109.592029	-11.134646	-5.170178	6.282325	2.318784	-0.554861	-3.135608	-25.139158
118.773723	-32.687789	-4.411644	6.865445	2.360393	-0.718490	-3.176654	-25.132077
100.794911	-21.944394	-2.469064	7.442665	2.362937	-0.881865	-3.214836	-25.124197
-126.201251	-20.550174	-2.354580	7.469182	2.362011	-0.889720	-3.216602	-25.123797
50.156579	-19.080488	-2.238802	7.495523	2.360985	-0.897573	-3.218361	-25.123396
125.620465	13.454558	-0.013105	7.933787	2.324663	-1.039379	-3.249041	-25.115796
-121.745931	34.551123	2.119934	8.268098	2.252980	-1.179998	-3.277437	-25.107583
-83.447836	24.812608	3.949662	8.466876	2.123104	-1.340327	-3.307342	-25.097330
118.587781	-4.780529	4.983982	8.396882	1.941926	-1.497651	-3.334069	-25.086256
-2.104175	-6.158907	5.011241	8.386316	1.932749	-1.504566	-3.335182	-25.085745
-118.618324	-7.524030	5.036889	8.375062	1.923482	-1.511473	-3.336290	-25.085231
95.478758	-29.248277	5.208933	8.012727	1.725775	-1.644444	-3.356569	-25.074909
119.693930	-34.737955	4.723876	7.369561	1.498413	-1.774046	-3.374357	-25.063971
-118.877752	-13.131145	3.332990	6.320174	1.205667	-1.918453	-3.391690	-25.050617
3.692942	21.434997	1.399275	5.000397	0.886239	-2.056984	-3.405583	-25.036454
113.465479	22.662243	1.306237	4.935334	0.871272	-2.063098	-3.406128	-25.035794
-113.109275	23.825886	1.213049	4.869853	0.856264	-2.069199	-3.406667	-25.035133
-89.252768	35.537671	-0.547134	3.540270	0.561368	-2.183522	-3.415593	-25.022130
100.357434	35.175499	-2.090144	2.099778	0.256321	-2.292318	-3.421812	-25.008529
-34.219436	29.832107	-3.456929	0.357489	-0.101705	-2.410089	-3.425549	-24.992140
-102.112394	9.216552	-4.278418	-1.414507	-0.460588	-2.519126	-3.425545	-24.974978
101.919664	7.680166	-4.300872	-1.494297	-0.476722	-2.523836	-3.425455	-24.974184
86.282224	6.085208	-4.321974	-1.574014	-0.492843	-2.528527	-3.425357	-24.973389
-94.569121	-27.068177	-4.450579	-3.083563	-0.799309	-2.614789	-3.421951	-24.957806
79.156158	-40.757358	-4.005672	-4.519921	-1.096456	-2.693351	-3.415601	-24.941658
103.022348	42.078553	-0.927918	-7.304042	-1.734491	-2.845207	-3.388693	-24.901411
-122.042641	46.616628	3.010074	-8.728378	-2.238612	-2.945162	-3.344444	-24.858161
-100.575405	37.179938	3.087946	-8.740838	-2.247808	-2.946737	-3.343264	-24.857171
118.488019	27.254564	3.164973	-8.752403	-2.256911	-2.948284	-3.342075	-24.856180
1.864053	16.602393	3.244507	-8.763529	-2.266321	-2.949869	-3.340823	-24.855142
-114.006824	6.154466	3.322987	-8.773669	-2.275628	-2.951423	-3.339562	-24.854103
108.203813	-4.654071	3.409332	-8.783822	-2.285899	-2.953122	-3.338141	-24.852941
108.327391	-14.179219	3.494233	-8.792736	-2.296045	-2.954783	-3.336708	-24.851776
-75.146066	-47.658807	4.412705	-8.792973	-2.414452	-2.972582	-3.317169	-24.836595
38.597083	-17.345545	4.890683	-8.569407	-2.509229	-2.983526	-3.295652	-24.821099
91.177341	35.049876	4.679144	-7.855495	-2.604541	-2.986769	-3.262166	-24.798820
-118.047913	48.627507	3.367803	-6.704089	-2.659938	-2.975180	-3.224930	-24.775934
-82.070358	36.795758	0.916944	-5.138504	-2.679847	-2.946515	-3.181913	-24.751263
121.268640	7.189552	-2.049278	-3.344196	-2.665186	-2.900672	-3.134994	-24.725944
7.300900	5.473020	-2.183553	-3.260336	-2.663781	-2.898209	-3.132794	-24.724790
-120.879273	3.726665	-2.317383	-3.176305	-2.662316	-2.895711	-3.130586	-24.723634
119.993190	-29.259201	-4.711425	-1.548818	-2.622780	-2.841304	-3.086767	-24.701225
118.736240	-42.638680	-6.470139	0.050255	-2.563055	-2.774953	-3.040219	-24.678349
-122.448517	-23.929206	-7.277778	1.782935	-2.471184	-2.683600	-2.982773	-24.651177
24.624577	19.840338	-6.799182	3.312973	-2.358521	-2.577873	-2.921863	-24.623397
112.887228	21.330159	-6.751346	3.375516	-2.353109	-2.572876	-2.919089	-24.622154
-112.425045	22.720288	-6.701401	3.437607	-2.347663	-2.567853	-2.916309	-24.620909
-83.082702	31.773316	-5.337437	4.552566	-2.235588	-2.465145	-2.860987	-24.596489
103.250500	18.469535	-3.332807	5.485483	-2.113164	-2.353175	-2.803278	-24.571636
-0.564205	-4.096470	-0.492231	6.324394	-1.961275	-2.212627	-2.733517	-24.542300
-118.174593	-18.808238	2.560676	6.886917	-1.801937	-2.061402	-2.660778	-24.512405
95.040640	-19.053664	2.697593	6.905499	-1.794630	-2.054345	-2.657429	-24.511043
119.002049	-19.253273	2.834086	6.923470	-1.787321	-2.047273	-2.654076	-24.509682
-124.935007	-15.279144	5.358236	7.150159	-1.646293	-1.908179	-2.588780	-24.483396
21.212716	-1.678165	7.633729	7.146113	-1.504741	-1.762496	-2.521437	-24.456709
116.827971	11.812971	9.804279	6.838447	-1.342509	-1.586594	-2.441104	-24.425352
-102.112853	11.316863	11.264255	6.186033	-1.181610	-1.403639	-2.358262	-24.393480
-69.717296	11.088253	11.307536	6.147805	-1.174324	-1.395158	-2.354433	-24.392017
100.794131	10.853897	11.348449	6.108846	-1.167046	-1.386670	-2.350602	-24.390554
-12.232504	5.224180	11.639733	5.231988	-1.029578	-1.223041	-2.276845	-24.362545
-92.602700	-3.877873	10.851668	4.131175	-0.894191	-1.055504	-2.201386	-24.334166
108.999395	-14.365928	8.269525	2.657812	-0.740552	-0.857070	-2.111822	-24.300793
90.643548	-2.043586	3.802344	1.073350	-0.591471	-0.655136	-2.020190	-24.266943
-127.151194	-0.941209	3.571271	1.001387	-0.584909	-0.646016	-2.016035	-24.265415
31.998933	0.200159	3.338295	0.929371	-0.578354	-0.636885	-2.011874	-24.263884
122.858746	20.779950	-1.342464	-0.446947	-0.454247	-0.459925	-1.930876	-24.234187
-99.610790	16.141077	-5.869819	-1.753106	-0.334940	-0.281734	-1.848508	-24.204150
-24.624636	-12.196444	-9.924203	-3.026991	-0.210070	-0.085186	-1.756486	-24.170752
59.892824	-31.101204	-12.250466	-4.044038	-0.092557	0.111288	-1.663010	-24.136962
-81.972600	-16.562197	-12.261967	-4.736949	0.022017	0.316599	-1.563419	-24.101076
117.495782	-0.275566	-10.294390	-4.973218	0.126482	0.520003	-1.462454	-24.064779
100.040776	0.287047	-10.175309	-4.973617	0.130741	0.528733	-1.458063	-24.063202
-119.430304	0.848174	-10.053839	-4.973255	0.134978	0.537458	-1.453669	-24.061624
9.428472	13.288281	-7.195765	-4.815352	0.215433	0.711075	-1.365135	-24.029840
111.487988	27.708376	-3.815888	-4.406005	0.288560	0.881871	-1.275754	-23.997767
-100.752839	39.747527	0.184986	-3.689805	0.366025	1.074493	-1.171750	-23.960438
-74.028701	23.474082	3.748848	-2.788123	0.438683	1.261623	-1.066839	-23.922744
102.592649	22.093360	3.892938	-2.744542	0.441876	1.269885	-1.062107	-23.921043
-17.297560	20.666333	4.035551	-2.700725	0.445067	1.278139	-1.057371	-23.919339
-111.105243	-10.982600	6.443841	-1.825516	0.506120	1.434618	-0.965749	-23.886356
120.383603	-34.954388	8.083454	-0.928040	0.567440	1.585594	-0.873621	-23.853116
100.759768	-35.452110	8.870395	0.069023	0.640899	1.752433	-0.766615	-23.814385
-127.949078	-8.793743	8.596936	0.952931	0.719664	1.910165	-0.659159	-23.775332
49.584588	-7.070877	8.563054	0.989031	0.723355	1.916996	-0.654341	-23.773576
127.397681	-5.316160	8.527482	1.024784	0.727060	1.923802	-0.649526	-23.771822
-120.141045	25.535965	7.521321	1.652291	0.802362	2.051562	-0.556128	-23.737707
-90.261475	28.315984	5.986330	2.150776	0.885542	2.171102	-0.462569	-23.703367
119.353148	5.775553	3.744156	2.555291	0.993354	2.297797	-0.354715	-23.663545
13.435481	-18.393626	1.349981	2.767317	1.116538	2.411835	-0.246874	-23.623445
-123.460955	-19.043295	1.245595	2.772131	1.122460	2.416635	-0.242043	-23.621641
105.555176	-19.634024	1.141756	2.776534	1.128420	2.421407	-0.237212	-23.619837
124.504644	-20.316709	-0.711737	2.779327	1.251463	2.508387	-0.143640	-23.584762
-124.423068	-6.293320	-2.113637	2.621564	1.388418	2.584436	-0.050252	-23.549494
24.861243	9.776395	-3.040185	2.242949	1.554747	2.657497	0.056680	-23.508756
116.644357	14.890463	-3.140479	1.655794	1.719850	2.714397	0.163147	-23.467784
-116.082317	14.724842	-3.123876	1.624312	1.727133	2.716575	0.167952	-23.465924
-62.388218	14.523641	-3.105412	1.592412	1.734393	2.718718	0.172756	-23.464065
102.767651	8.137917	-2.442629	0.914078	1.868172	2.752951	0.264795	-23.428245
-18.888416	6.426267	-1.386006	0.169838	1.986973	2.773593	0.356310	-23.392263
-101.141548	0.896628	-0.042069	-0.659880	2.097608	2.779719	0.461298	-23.350495
116.800829	-16.346197	1.020327	-1.330785	2.170700	2.765928	0.565367	-23.308532
95.933682	-16.918636	1.054227	-1.354870	2.172933	2.764835	0.569979	-23.306659
-118.141048	-17.440842	1.086673	-1.378366	2.175072	2.763701	0.574588	-23.304786
45.793209	-17.618794	1.374109	-1.701605	2.196811	2.733252	0.663832	-23.268286
131.736902	-2.855143	0.932920	-1.738077	2.177834	2.686589	0.752316	-23.231656
-131.870896	21.079763	-0.075274	-1.485848	2.105954	2.613278	0.853315	-23.189296
-76.254850	27.397259	-1.002407	-1.025868	1.984292	2.520291	0.953263	-23.146786
126.778789	26.867244	-1.031757	-1.002210	1.977749	2.515689	0.957714	-23.144879
-30.330808	26.251791	-1.059636	-0.978387	1.971119	2.511054	0.962159	-23.142974
-121.260767	1.107718	-1.319329	-0.490321	1.823972	2.413365	1.048555	-23.105694
122.077600	-30.862084	-1.063404	-0.000729	1.645219	2.302707	1.134117	-23.068316
112.818617	-38.270160	-0.219364	0.503719	1.407344	2.162387	1.230315	-23.025731
-131.572520	-9.813967	1.026126	0.900226	1.136550	2.007892	1.325359	-22.983041
10.293936	-7.765966	1.082418	0.914522	1.123775	2.000695	1.329570	-22.981135
130.923076	-5.662635	1.138315	0.928499	1.110934	1.993468	1.333781	-22.979228
-119.110766	34.107432	2.056684	1.128802	0.848719	1.847137	1.415678	-22.941874
-100.871337	42.445827	2.327044	1.166651	0.567647	1.692075	1.496614	-22.904458
100.980803	17.115333	1.462561	0.991195	0.226353	1.503257	1.588878	-22.861161
8.112619	-20.470456	-0.166687	0.644627	-0.121512	1.305424	1.679758	-22.817799
-102.343257	-21.797607	-0.245114	0.626663	-0.136871	1.296479	1.683748	-22.815878
102.490055	-23.065314	-0.323613	0.608526	-0.152228	1.287514	1.687739	-22.813956
86.717466	-35.744187	-1.772911	0.231616	-0.448722	1.109261	1.765255	-22.776314
-107.533228	-27.622022	-2.803869	-0.149283	-0.732034	0.926323	1.841644	-22.738643
40.865864	-0.505854	-3.313826	-0.520686	-1.031261	0.711249	1.928093	-22.695271
110.782363	21.882256	-3.002650	-0.755673	-1.290198	0.492596	2.012949	-22.651879
-110.958618	22.326879	-2.966914	-0.762806	-1.300684	0.482717	2.016721	-22.649931
-67.311233	22.704209	-2.929174	-0.769654	-1.311064	0.472833	2.020490	-22.647982
115.812140	18.978084	-1.871712	-0.850686	-1.489245	0.280973	2.092734	-22.610281
-2.208249	2.859628	-0.480866	-0.850052	-1.618982	0.088493	2.163693	-22.572581
-122.583165	-13.236828	0.980974	-0.776246	-1.700750	-0.132435	2.243665	-22.529235
120.053837	-11.528828	1.831802	-0.644606	-1.712827	-0.351562	2.321834	-22.485911
104.130117	-11.071456	1.856254	-0.637658	-1.711853	-0.361267	2.325276	-22.483980
-119.695562	-10.589977	1.879752	-0.630630	-1.710755	-0.370966	2.328715	-22.482049
28.847050	1.417816	2.181814	-0.479146	-1.665527	-0.559026	2.395169	-22.444328
110.811071	11.063873	2.307361	-0.308027	-1.578655	-0.743556	2.460173	-22.406639
-104.344056	9.352521	2.418170	-0.101590	-1.434818	-0.949210	2.532784	-22.363528
-60.350748	-1.295368	2.520098	0.100800	-1.251130	-1.147426	2.603387	-22.320482
100.746768	-1.804946	2.524269	0.109543	-1.242068	-1.156133	2.606511	-22.318550
-3.724697	-2.308350	2.528397	0.118243	-1.232942	-1.164822	2.609630	-22.316618
-104.471056	-11.176461	2.598204	0.276868	-1.044083	-1.329768	2.669363	-22.279141
113.423584	-18.522800	2.642722	0.408677	-0.836569	-1.486926	2.727486	-22.241730
99.872541	-20.478051	2.651924	0.513561	-0.581059	-1.657134	2.792419	-22.198711
-131.792358	-8.965956	2.583461	0.554962	-0.315591	-1.814293	2.855109	-22.155799
22.973337	-8.035773	2.576952	0.555237	-0.303701	-1.820944	2.857839	-22.153897
131.986917	-7.069510	2.570054	0.555379	-0.291815	-1.827562	2.860563	-22.151996
-130.202074	14.267250	2.336925	0.533261	-0.059728	-1.951015	2.912897	-22.114884
-72.642422	26.227981	1.848861	0.469895	0.168437	-2.062523	2.963462	-22.077868
114.243189	18.338355	0.926609	0.357696	0.419539	-2.174780	3.019387	-22.035421
15.777470	-10.540687	-0.114727	0.216319	0.651469	-2.268546	3.072874	-21.993125
-106.665280	-11.803340	-0.158645	0.209507	0.661308	-2.272296	3.075216	-21.991232
106.549246	-13.030269	-0.202097	0.202661	0.671099	-2.276009	3.077554	-21.989337
108.815191	-27.940135	-0.900483	0.065862	0.848975	-2.339729	3.121807	-21.952765
-112.781257	-23.756423	-1.224614	-0.073636	1.002131	-2.387462	3.164210	-21.916323
2.694866	2.735643	-1.178153	-0.226611	1.142413	-2.421466	3.210786	-21.874492
114.783003	24.990647	-0.806227	-0.356386	1.237619	-2.431639	3.254900	-21.832855
-114.655060	25.343026	-0.783986	-0.361373	1.240738	-2.431515	3.256827	-21.830986
-74.981855	25.617190	-0.761385	-0.366269	1.243749	-2.431339	3.258747	-21.829120
111.307742	18.788202	-0.275860	-0.440932	1.280499	-2.417746	3.294864	-21.793145
-5.882779	-0.291774	0.212049	-0.468600	1.273651	-2.384221	3.329141	-21.757332
-107.585575	-20.333519	0.604619	-0.425740	1.207870	-2.320392	3.366474	-21.716199
108.531718	-22.061234	0.619021	-0.290363	1.083465	-2.230738	3.401473	-21.675303
69.024430	-21.566650	0.607725	-0.282145	1.076782	-2.226206	3.402967	-21.673501
-108.759438	-21.021217	0.595315	-0.273736	1.070004	-2.221625	3.404458	-21.671698
37.497588	-3.350279	0.178537	-0.080124	0.920552	-2.122662	3.432786	-21.636475
116.081337	15.954686	-0.393529	0.137706	0.745350	-2.007048	3.459460	-21.601448
-119.746855	22.180531	-0.911345	0.360151	0.523144	-1.855056	3.488184	-21.561370
-53.478963	9.460459	-0.985470	0.496478	0.292113	-1.685301	3.514844	-21.521571
123.517393	8.616653	-0.978024	0.500175	0.281778	-1.677331	3.515990	-21.519797
-10.872843	7.759732	-0.969726	0.503662	0.271452	-1.669331	3.517132	-21.518023
-128.730311	-9.859746	-0.654778	0.531471	0.074060	-1.508532	3.538507	-21.483724
134.526970	-23.543841	-0.098769	0.491103	-0.114479	-1.338301	3.558427	-21.449652
105.503883	-24.631457	0.742103	0.376515	-0.316575	-1.132769	3.579631	-21.410689
-131.517608	-6.836791	1.637968	0.208089	-0.498422	-0.919732	3.599029	-21.372048
26.142191	-5.597353	1.673306	0.199770	-0.505877	-0.910246	3.599841	-21.370359
130.393171	-4.324315	1.708022	0.191388	-0.513284	-0.900752	3.600649	-21.368670
-116.569739	19.966515	2.214909	0.015161	-0.649406	-0.711561	3.615945	-21.335430
-83.792023	24.249998	2.197823	-0.172108	-0.764165	-0.520531	3.629981	-21.302449
101.452915	8.784852	1.323224	-0.383173	-0.866301	-0.300765	3.644613	-21.264878
15.464823	-11.939055	-0.167562	-0.569818	-0.932915	-0.082846	3.657708	-21.227672
-104.942382	-12.691864	-0.242510	-0.577342	-0.935019	-0.073081	3.658264	-21.226001
105.168034	-13.414749	-0.317851	-0.584777	-0.937042	-0.063317	3.658817	-21.224329
101.272455	-21.305426	-1.779337	-0.707136	-0.959640	0.122847	3.668892	-21.192317
-112.753923	-18.201500	-3.083452	-0.781043	-0.949524	0.305186	3.677904	-21.160597
38.689999	-3.522196	-4.111762	-0.786876	-0.895892	0.510344	3.687060	-21.124291
116.000641	13.242727	-4.322858	-0.680743	-0.803010	0.708422	3.694923	-21.088399
-115.989996	13.859629	-4.307881	-0.672945	-0.798007	0.717190	3.695249	-21.086786
-47.094157	14.454845	-4.290534	-0.664878	-0.792940	0.725941	3.695572	-21.085175
115.010431	19.875160	-3.458260	-0.465715	-0.685060	0.889440	3.701270	-21.054630
-6.377636	10.808176	-1.640183	-0.200814	-0.559001	1.046218	3.706107	-21.024406
-112.609640	-10.069120	1.115849	0.150495	-0.395754	1.219415	3.710716	-20.989631
115.213927	-24.207094	3.678297	0.502737	-0.222055	1.381578	3.714288	-20.955314
101.010719	-24.130527	3.771817	0.517465	-0.214318	1.388420	3.714421	-20.953820
-115.528703	-23.969338	3.863236	0.532108	-0.206571	1.395244	3.714554	-20.952326
29.706044	-7.632516	5.195932	0.794343	-0.054752	1.524112	3.716778	-20.923232
119.428957	17.493968	5.581269	0.988984	0.093809	1.643343	3.718337	-20.894492
-117.050267	30.398183	4.688109	1.101500	0.255433	1.768541	3.719366	-20.861656
-74.028428	15.409332	2.336931	1.103362	0.398644	1.878918	3.719630	-20.829316
112.094038	14.187969	2.207038	1.101167	0.404551	1.883532	3.719624	-20.827869
-21.042512	12.929547	2.075790	1.098789	0.410404	1.888114	3.719618	-20.826423
-109.486542	-14.225835	-0.576959	1.020117	0.511884	1.969396	3.719229	-20.798963
111.670432	-33.175448	-3.084235	0.884492	0.593024	2.038159	3.718369	-20.771889
93.697010	-27.073676	-5.158359	0.666261	0.662283	2.101352	3.716839	-20.740990
-121.807327	0.640713	-6.182134	0.392229	0.707473	2.145931	3.714801	-20.710632
24.760685	2.142675	-6.202805	0.378832	0.708973	2.147482	3.714699	-20.709288
121.654560	3.650904	-6.221303	0.365344	0.710431	2.148994	3.714597	-20.707945
-117.338338	27.723138	-6.148860	0.089028	0.730453	2.170755	3.712449	-20.682250
-86.382970	28.921311	-5.247939	-0.210063	0.735909	2.178549	3.709993	-20.656971
115.456732	9.481226	-3.238046	-0.563740	0.725424	2.170560	3.706756	-20.628178
-13.862702	-13.411809	-0.618202	-0.898031	0.698326	2.144995	3.703092	-20.599964
-122.544950	-14.222576	-0.493471	-0.912270	0.696725	2.143437	3.702916	-20.598699
122.862733	-14.999791	-0.368608	-0.926409	0.695092	2.141844	3.702739	-20.597436
96.026242	-22.993377	1.970235	-1.173266	0.658108	2.105172	3.699206	-20.573598
-127.179725	-17.357160	4.030819	-1.365052	0.610458	2.056952	3.695369	-20.550207
19.524520	3.144156	5.814870	-1.494888	0.542731	1.987425	3.690547	-20.523619
109.996889	18.691595	6.692313	-1.498211	0.462770	1.904399	3.685341	-20.497651
-109.565661	18.876685	6.705798	-1.495051	0.459033	1.900500	3.685106	-20.496536
-83.613950	19.006612	6.717052	-1.491594	0.455273	1.896574	3.684870	-20.495422
102.817571	13.526423	6.495436	-1.365915	0.377034	1.814420	3.680072	-20.473660
6.935413	2.145343	5.509090	-1.145143	0.292313	1.723899	3.675009	-20.452368
-107.786712	-11.897143	3.559269	-0.797243	0.188222	1.609208	3.668805	-20.428239
114.073005	-21.046235	0.920406	-0.382486	0.080826	1.485282	3.662265	-20.404759
91.319294	-21.145516	0.785425	-0.362336	0.075853	1.479376	3.661956	-20.403694
-114.459689	-21.204266	0.649303	-0.342104	0.070877	1.473449	3.661646	-20.402630
49.468593	-15.117862	-2.012014	0.045135	-0.021978	1.359480	3.655723	-20.382972
115.707594	1.791089	-4.569872	0.434118	-0.112992	1.240247	3.649564	-20.363805
-115.672018	25.878300	-6.786545	0.858227	-0.213419	1.096784	3.642162	-20.342267
-50.020548	32.151517	-7.521589	1.223745	-0.305918	0.948320	3.634467	-20.321398
115.290836	31.617003	-7.508000	1.238574	-0.309923	0.941407	3.634107	-20.320457
-24.608810	30.993614	-7.489837	1.253210	-0.313905	0.934486	3.633746	-20.319517
-116.961615	5.972050	-6.369046	1.492385	-0.384306	0.802570	3.626836	-20.302060
125.265013	-28.287011	-4.046502	1.658948	-0.444611	0.668507	3.619719	-20.285113
121.852504	-41.721410	-0.379078	1.757116	-0.500630	0.511206	3.611211	-20.266094
-145.884240	-15.248061	3.642276	1.750111	-0.541770	0.353068	3.602442	-20.247770
25.042615	-13.044767	3.815199	1.747284	-0.543290	0.345940	3.602041	-20.246961
145.389530	-10.763376	3.986548	1.744238	-0.544783	0.338814	3.601639	-20.246153
-133.729183	33.953472	6.828467	1.643041	-0.568268	0.202050	3.593818	-20.230900
-110.544716	45.415698	8.291459	1.459935	-0.582440	0.066287	3.585814	-20.216177
107.942101	17.752954	7.618449	1.149942	-0.588384	-0.087973	3.576369	-20.199872
11.693842	-26.552272	4.978464	0.752669	-0.584501	-0.238869	3.566692	-20.184274
-100.417440	-27.966136	4.834988	0.734095	-0.584136	-0.245227	3.566273	-20.183624
100.223602	-29.295264	4.689678	0.715418	-0.583756	-0.251573	3.565854	-20.182975
100.221024	-39.640781	1.429037	0.314078	-0.572866	-0.378558	3.557261	-20.170074
-100.253398	-27.232538	-2.050037	-0.118975	-0.556474	-0.501510	3.548501	-20.157708
34.881463	-1.318525	-5.695681	-0.637688	-0.531765	-0.637417	3.538203	-20.144121
114.282746	20.356096	-8.261655	-1.155342	-0.501890	-0.766312	3.527691	-20.131247
-114.538391	20.935076	-8.336966	-1.177287	-0.500501	-0.771700	3.527233	-20.130708
-69.024511	21.474786	-8.408869	-1.199184	-0.499105	-0.777074	3.526775	-20.130170
118.649989	24.861420	-9.040850	-1.627098	-0.469521	-0.882051	3.517465	-20.119626
-38.896743	17.112102	-7.958385	-2.022722	-0.437536	-0.980647	3.507998	-20.109616
-126.209839	0.136709	-5.036508	-2.434827	-0.398533	-1.085660	3.496908	-20.098754
129.811007	-15.193627	-1.044960	-2.800534	-0.357993	-1.181067	3.485609	-20.088591
88.007281	-15.442859	-0.862129	-2.815119	-0.356239	-1.184920	3.485121	-20.088173
-129.893781	-15.639941	-0.678786	-2.829619	-0.354484	-1.188755	3.484634	-20.087756
41.149051	-10.389432	3.099002	-3.106343	-0.318551	-1.262748	3.474619	-20.079534
122.849427	2.796129	6.741591	-3.347722	-0.282579	-1.328741	3.464443	-20.071833
-116.638350	10.725818	10.337756	-3.581010	-0.241797	-1.394288	3.452566	-20.063633
-78.158896	1.802595	12.940891	-3.767436	-0.202051	-1.448701	3.440474	-20.056110
112.856648	1.107495	13.034191	-3.774739	-0.200290	-1.450889	3.439923	-20.055787
2.543244	0.397117	13.125420	-3.781941	-0.198534	-1.453053	3.439373	-20.055465
-111.646439	-14.360104	14.506328	-3.902330	-0.165261	-1.490312	3.428643	-20.049510
111.151507	-25.104229	15.204893	-3.986890	-0.133380	-1.518901	3.417748	-20.044061
96.829044	-28.491766	15.250303	-4.039894	-0.098664	-1.541130	3.405065	-20.038437
