-93.723642	16.961785	21.423434	-51.885753	6.375625	39.006880	-2.835558	-29.149380
-91.061085	5.886864	21.626852	-51.573167	6.439270	38.928851	-2.823472	-29.149392
104.406607	4.746266	21.627585	-51.544133	6.442190	38.923597	-2.822880	-29.149390
8.037408	3.550469	21.627522	-51.513778	6.445105	38.918196	-2.822285	-29.149387
-112.568010	-22.685014	21.481754	-50.710701	6.498185	38.792060	-2.810788	-29.149283
114.141511	-40.336969	21.062118	-49.442877	6.548611	38.616698	-2.798378	-29.149082
133.161942	-38.780639	20.166297	-47.386652	6.601633	38.352414	-2.782814	-29.148727
-133.455764	-11.867616	18.481092	-44.725180	6.645819	38.024789	-2.766012	-29.148241
-2.825357	-10.274412	18.376578	-44.587274	6.647608	38.008022	-2.765199	-29.148215
132.825903	-8.674046	18.269432	-44.448170	6.649371	37.991122	-2.764383	-29.148189
-97.161629	18.239200	15.768180	-41.671350	6.676774	37.654801	-2.748811	-29.147653
-113.445036	28.212322	12.130735	-38.557156	6.692768	37.274605	-2.732315	-29.147019
111.234812	7.229134	6.389157	-34.625933	6.693985	36.782034	-2.712071	-29.146163
36.438758	-19.236190	-0.460816	-30.447382	6.673071	36.235425	-2.690583	-29.145173
-116.193785	-19.982634	-0.802622	-30.244078	6.671459	36.208090	-2.689528	-29.145123
79.595861	-20.651836	-1.145038	-30.040605	6.669788	36.180656	-2.688471	-29.145072
118.525606	-20.353912	-7.432726	-26.298342	6.628569	35.661321	-2.668743	-29.144097
-116.888143	-2.081877	-13.425723	-22.531918	6.565171	35.105306	-2.648076	-29.143021
-20.060932	21.930167	-18.829509	-18.245519	6.461143	34.419798	-2.623037	-29.141654
104.484396	25.852117	-21.197351	-14.131949	6.320470	33.690284	-2.596739	-29.140152
-104.123502	25.129113	-21.209300	-13.941966	6.312781	33.654437	-2.595453	-29.140077
-100.697167	24.310084	-21.211105	-13.752515	6.304995	33.618473	-2.594164	-29.140001
99.554224	0.426170	-19.623792	-10.433288	6.147090	32.949645	-2.570256	-29.138580
24.206797	-20.700101	-15.474688	-7.362715	5.956101	32.251642	-2.545398	-29.137057
-108.754482	-36.763006	-8.473222	-4.169544	5.691329	31.412025	-2.515522	-29.135172
75.855505	-48.161936	-0.193109	-1.398936	5.375425	30.538483	-2.484374	-29.133151
106.401464	-48.672611	0.224167	-1.275259	5.358615	30.494983	-2.482819	-29.133049
-106.355973	-49.181678	0.641634	-1.152714	5.341674	30.451409	-2.481262	-29.132946
23.226781	-54.810753	7.910356	0.824243	5.019331	29.667616	-2.453170	-29.131076
127.307537	-43.687794	14.328731	2.412987	4.653136	28.862288	-2.424120	-29.129102
-173.861727	58.925498	19.697005	4.435528	3.605260	26.881947	-2.351592	-29.124024
-88.395051	-22.603631	5.289003	3.933342	2.321505	24.813210	-2.273657	-29.118366
109.355380	-32.002339	4.824389	3.898184	2.289432	24.764214	-2.271779	-29.118227
29.636429	-40.502537	4.358440	3.862215	2.257297	24.715213	-2.269900	-29.118088
-105.853094	-46.607979	3.892937	3.825571	2.225206	24.666366	-2.268025	-29.117950
88.904288	-49.299448	3.426376	3.788133	2.193035	24.617484	-2.266147	-29.117811
102.483055	-49.217926	2.934424	3.747882	2.159087	24.565992	-2.264167	-29.117664
-100.893485	-47.478170	2.441947	3.706784	2.125054	24.514463	-2.262184	-29.117517
-5.578960	-8.161673	-4.145147	3.070989	1.653040	23.807950	-2.234807	-29.115479
95.088421	28.894860	-9.869382	2.326582	1.169005	23.095309	-2.206826	-29.113375
-111.647843	34.787960	-15.170901	1.180949	0.473259	22.082143	-2.166363	-29.110299
-89.142473	18.161854	-17.150847	0.037729	-0.229343	21.060867	-2.124699	-29.107094
116.084384	-2.068067	-16.340261	-1.033320	-0.957973	19.990681	-2.080007	-29.103617
30.005800	-15.810810	-13.323897	-1.941414	-1.672081	18.916802	-2.034002	-29.099998
-110.792314	-16.293782	-13.145564	-1.978640	-1.704072	18.867855	-2.031876	-29.099829
80.260614	-16.767448	-12.964317	-2.015473	-1.735987	18.818939	-2.029748	-29.099661
111.229465	-22.167483	-9.006171	-2.647297	-2.334309	17.883629	-1.988545	-29.096385
-113.210840	-14.927499	-4.438461	-3.135895	-2.904980	16.949422	-1.946342	-29.093001
2.270747	8.061505	0.912362	-3.510222	-3.517715	15.878257	-1.896549	-29.088975
106.848929	22.695049	5.616786	-3.671719	-4.072835	14.813443	-1.845426	-29.084804
-101.489483	22.676833	5.810114	-3.673876	-4.097482	14.763264	-1.842974	-29.084603
-106.409574	22.573766	6.000169	-3.675527	-4.121974	14.713105	-1.840519	-29.084402
103.919923	9.847562	8.879751	-3.615027	-4.540616	13.801159	-1.795168	-29.080671
15.380252	-9.735339	10.627015	-3.376032	-4.901216	12.897795	-1.748817	-29.076831
-111.364579	-26.867317	11.222119	-2.870407	-5.241187	11.863398	-1.693823	-29.072244
90.835196	-26.114843	10.298209	-2.154555	-5.492842	10.845515	-1.637481	-29.067511
115.764734	-25.456612	10.217887	-2.116951	-5.502407	10.798290	-1.634809	-29.067285
-115.834631	-24.734095	10.134259	-2.079015	-5.511777	10.751076	-1.632132	-29.067060
-3.823331	-3.089325	8.082885	-1.333173	-5.648138	9.887880	-1.582211	-29.062836
111.064648	21.499567	5.333668	-0.532477	-5.713909	9.040940	-1.531278	-29.058503
-106.561290	32.682087	1.808897	0.396633	-5.699789	8.087740	-1.471353	-29.053376
-89.474712	16.205795	-1.554877	1.264800	-5.586984	7.160815	-1.410076	-29.048102
106.233902	14.634618	-1.702455	1.303321	-5.579121	7.117465	-1.407131	-29.047847
10.594468	12.996920	-1.848459	1.341512	-5.571034	7.074207	-1.404185	-29.047593
-112.118601	-19.891063	-4.205011	1.978239	-5.381763	6.292841	-1.349632	-29.042870
102.023616	-34.595956	-5.751653	2.462558	-5.113191	5.534276	-1.294050	-29.038035
129.110568	-22.696823	-6.267196	2.770819	-4.705734	4.693551	-1.229018	-29.032350
-129.361927	10.129735	-5.629253	2.771423	-4.194465	3.885712	-1.162625	-29.026518
-11.993763	11.682049	-5.576468	2.764157	-4.167626	3.848141	-1.159434	-29.026237
128.864890	13.199130	-5.521971	2.756269	-4.140560	3.810647	-1.156239	-29.025955
-109.056617	32.737663	-4.269877	2.509745	-3.606334	3.136704	-1.097084	-29.020732
-114.275614	32.240794	-2.707334	2.100403	-3.010113	2.489893	-1.036885	-29.015396
113.868845	6.488654	-0.789702	1.488501	-2.268713	1.783548	-0.966652	-29.009144
36.832608	-20.215060	1.013961	0.787536	-1.484575	1.115316	-0.895047	-29.002742
-120.819904	-21.069943	1.092857	0.752959	-1.446401	1.084372	-0.891592	-29.002433
97.496342	-21.868340	1.170926	0.718316	-1.408154	1.053499	-0.888132	-29.002123
125.120462	-26.627195	2.406830	0.087581	-0.705121	0.506698	-0.824504	-28.996410
-122.660131	-14.471713	3.206794	-0.511549	-0.000383	-0.009178	-0.759826	-28.990582
-21.114196	10.833537	3.607912	-1.110741	0.795539	-0.563767	-0.684039	-28.983729
101.983674	23.524323	3.550739	-1.580853	1.554784	-1.074764	-0.606852	-28.976723
-98.267129	23.331406	3.538985	-1.599349	1.588831	-1.097429	-0.603231	-28.976393
-101.202005	23.050353	3.526524	-1.617530	1.622730	-1.119982	-0.599609	-28.976064
97.382792	6.860993	3.164110	-1.902208	2.232411	-1.524214	-0.531223	-28.969833
34.338050	-12.636485	2.567416	-2.081440	2.788266	-1.893416	-0.461775	-28.963486
-106.194935	-24.169942	1.614091	-2.161188	3.351463	-2.272818	-0.380755	-28.956058
79.849024	-16.269054	0.424382	-2.114471	3.828969	-2.603508	-0.298331	-28.948476
109.452973	-15.428054	0.360879	-2.108965	3.850699	-2.618861	-0.294140	-28.948090
-109.425709	-14.553519	0.297252	-2.103170	3.872189	-2.634076	-0.289948	-28.947704
-5.508755	4.024425	-0.803306	-1.958481	4.207409	-2.876784	-0.216926	-28.940964
101.179983	21.970499	-1.819257	-1.734783	4.472831	-3.080553	-0.142831	-28.934107
-97.025423	29.600044	-2.715831	-1.391841	4.688574	-3.265022	-0.056770	-28.926121
-88.691933	15.352894	-3.174275	-0.967349	4.809306	-3.397914	0.030698	-28.917979
98.149204	13.995211	-3.184121	-0.944879	4.812733	-3.403067	0.034984	-28.917580
19.607140	12.576341	-3.192788	-0.922238	4.815936	-3.408103	0.039277	-28.917180
-104.871193	-16.408459	-3.139574	-0.492862	4.834600	-3.478096	0.116948	-28.909928
103.725713	-33.495300	-2.665915	-0.035489	4.779251	-3.509621	0.195648	-28.902559
124.879100	-27.714499	-1.606286	0.498896	4.623277	-3.499457	0.287678	-28.893903
-128.328180	3.252606	-0.225905	1.008111	4.369747	-3.441945	0.380796	-28.885088
2.909758	4.889887	-0.157430	1.031041	4.355351	-3.438105	0.385231	-28.884667
128.061088	6.510408	-0.088868	1.053850	4.340731	-3.434163	0.389670	-28.884244
-98.667064	29.975821	1.136438	1.442935	4.035739	-3.345228	0.471208	-28.876459
-113.397442	34.054970	2.178478	1.763657	3.660542	-3.226006	0.553277	-28.868554
110.299873	9.298652	2.962526	2.018026	3.147610	-3.055510	0.647683	-28.859360
46.192663	-20.953108	3.325614	2.115679	2.552678	-2.852097	0.742438	-28.850008
-113.079068	-22.041161	3.333771	2.115649	2.521455	-2.841273	0.747119	-28.849543
92.482158	-23.066160	3.341072	2.115121	2.490051	-2.830371	0.751802	-28.849077
113.591057	-30.621809	3.333209	2.019392	1.908796	-2.625744	0.834893	-28.840747
-109.671146	-19.335366	3.089263	1.757040	1.289569	-2.401337	0.917969	-28.832295
-2.339731	7.149666	2.585056	1.285196	0.547468	-2.122459	1.013160	-28.822442
99.424401	26.084859	1.922599	0.681876	-0.210614	-1.824344	1.107977	-28.812427
-99.439772	26.366004	1.889088	0.651261	-0.246235	-1.809960	1.112410	-28.811953
-89.513908	26.573779	1.855403	0.620460	-0.281873	-1.795532	1.116843	-28.811479
102.586763	18.875225	1.206307	0.026550	-0.938503	-1.522594	1.198727	-28.802633
13.728150	-2.946479	0.513416	-0.587708	-1.580203	-1.240552	1.280046	-28.793664
-110.102990	-25.120698	-0.328995	-1.272810	-2.283050	-0.908630	1.372548	-28.783216
94.478861	-23.844769	-1.194842	-1.885897	-2.932454	-0.571475	1.463959	-28.772605
109.686083	-23.058519	-1.235818	-1.912895	-2.962290	-0.555046	1.468364	-28.772087
-109.622512	-22.203932	-1.276612	-1.939609	-2.991975	-0.538603	1.472768	-28.771567
-12.191597	0.653410	-1.947761	-2.360225	-3.492161	-0.244160	1.551066	-28.762199
105.920380	23.499532	-2.423273	-2.647990	-3.925169	0.048866	1.628263	-28.752708
-102.114262	28.798553	-2.569146	-2.769611	-4.325930	0.382219	1.715828	-28.741599
-90.166331	11.498714	-2.165060	-2.631163	-4.605877	0.707131	1.801570	-28.730325
103.560905	10.156869	-2.132946	-2.618165	-4.616294	0.722662	1.805691	-28.729773
6.987638	8.777804	-2.099832	-2.604624	-4.626413	0.738166	1.809807	-28.729220
-115.207169	-17.512503	-1.366400	-2.277717	-4.757210	1.008966	1.882216	-28.719315
113.211685	-34.966573	-0.439610	-1.804495	-4.797495	1.269331	1.952981	-28.709286
142.058033	-35.820512	0.706518	-1.104715	-4.736606	1.556771	2.032784	-28.697506
-132.142119	-9.517509	1.670768	-0.278381	-4.567239	1.827993	2.110021	-28.685558
11.962323	-7.364046	1.707468	-0.235954	-4.556452	1.840658	2.113680	-28.684977
130.140160	-5.133324	1.742978	-0.193351	-4.545437	1.853276	2.117330	-28.684396
-111.252052	33.725734	2.141539	0.595953	-4.310580	2.071609	2.181335	-28.673969
-109.015092	37.320694	1.962966	1.421588	-4.006281	2.276877	2.243166	-28.663417
107.718304	7.466073	0.934150	2.367123	-3.571347	2.498549	2.312180	-28.650987
38.729765	-25.312529	-0.522238	3.189166	-3.056408	2.701174	2.377898	-28.638387
-119.039742	-26.357599	-0.592958	3.223594	-3.029642	2.710465	2.380985	-28.637774
87.168526	-27.323624	-0.663196	3.257429	-3.002708	2.719710	2.384064	-28.637161
124.271895	-31.996015	-1.758833	3.745300	-2.495272	2.876657	2.437559	-28.626162
-122.790538	-17.138867	-2.345456	3.963744	-1.939415	3.018408	2.488331	-28.615037
-13.502425	9.496881	-2.252495	3.826643	-1.241536	3.163059	2.543608	-28.601985
109.904690	24.066613	-1.348637	3.318145	-0.497315	3.285934	2.594875	-28.588762
-90.374650	24.050598	-1.285145	3.285483	-0.460461	3.291307	2.597247	-28.588118
-109.381125	23.951236	-1.219831	3.252120	-0.423517	3.296630	2.599611	-28.587474
106.796977	11.998110	0.173109	2.546337	0.249730	3.383233	2.640398	-28.575830
21.346448	-5.948551	1.676581	1.674468	0.932361	3.452305	2.677877	-28.564055
-114.005757	-21.228561	2.962328	0.537811	1.710164	3.509267	2.716588	-28.550405
79.495498	-20.928046	3.293235	-0.673980	2.465586	3.541858	2.750605	-28.536583
118.101595	-20.371427	3.285362	-0.733236	2.501175	3.542802	2.752125	-28.535911
-118.124496	-19.758375	3.275495	-0.792506	2.536667	3.543688	2.753634	-28.535239
-10.850937	-1.681193	2.785316	-1.852769	3.157020	3.549515	2.778848	-28.523059
109.867294	18.778233	1.805896	-2.864177	3.732701	3.535806	2.800236	-28.510749
-104.244133	27.013469	0.259249	-3.907447	4.326852	3.494874	2.820123	-28.496346
-85.680040	12.243238	-1.485470	-4.740671	4.825866	3.426147	2.834813	-28.481768
104.701037	11.166856	-1.566578	-4.773349	4.846652	3.422218	2.835376	-28.481078
15.656437	10.070132	-1.647305	-4.805384	4.867185	3.418226	2.835928	-28.480389
-112.589896	-11.869111	-3.013453	-5.269255	5.196402	3.333582	2.844050	-28.467671
99.888993	-30.511223	-3.997180	-5.464500	5.427441	3.226855	2.848407	-28.454822
135.928494	-32.506992	-4.340563	-5.293758	5.561676	3.074581	2.848798	-28.439730
-134.205022	-2.311003	-3.605812	-4.672041	5.558690	2.892708	2.844232	-28.424459
1.721464	-0.333640	-3.549330	-4.632858	5.555357	2.883489	2.843897	-28.423739
132.957525	1.664630	-3.491216	-4.592829	5.551745	2.874205	2.843552	-28.423018
-116.222700	31.285728	-2.201826	-3.725516	5.437461	2.693755	2.835319	-28.409725
-109.866693	26.911519	-0.674982	-2.647325	5.236413	2.495035	2.823519	-28.396302
98.979392	-1.713821	1.123275	-1.212557	4.902576	2.243624	2.805401	-28.380556
32.337401	-21.817013	2.667564	0.326248	4.470459	1.972567	2.782609	-28.364645
-107.325944	-22.274834	2.729470	0.400135	4.447706	1.959276	2.781414	-28.363886
92.364126	-22.681227	2.790150	0.474074	4.424741	1.945938	2.780207	-28.363127
114.953912	-22.841451	3.672657	1.805920	3.974540	1.697435	2.756508	-28.349277
-115.492111	-14.187342	4.173225	3.074445	3.465973	1.438225	2.729445	-28.335312
-13.255593	3.073450	4.386700	4.386308	2.810590	1.126017	2.693859	-28.318952
104.454445	17.304271	4.343529	5.432801	2.095398	0.804338	2.653873	-28.302445
-104.368728	17.666282	4.337758	5.472719	2.061480	0.789461	2.651942	-28.301687
-101.087717	17.992492	4.331765	5.511853	2.027484	0.774580	2.650004	-28.300930
110.700239	4.378574	3.790783	6.448068	0.534739	0.144633	2.561202	-28.269080
28.749151	-21.280691	2.213183	6.021795	-1.042018	-0.490556	2.457244	-28.236757
-112.772204	-20.956898	2.154096	5.996086	-1.080636	-0.505953	2.454524	-28.235963
88.623062	-20.554228	2.093868	5.969710	-1.119239	-0.521342	2.451795	-28.235169
112.547377	-20.027356	2.027200	5.940310	-1.161152	-0.538048	2.448822	-28.234307
-112.426354	-19.408498	1.959283	5.910135	-1.203044	-0.554743	2.445838	-28.233444
1.935751	-1.752082	0.795624	5.353529	-1.842081	-0.809541	2.398748	-28.220156
108.273912	19.391426	-0.471340	4.635674	-2.468216	-1.060596	2.349278	-28.206799
-103.873809	29.697914	-1.964879	3.506560	-3.243473	-1.376341	2.282131	-28.189502
-86.520839	14.089099	-2.980776	2.186948	-3.969211	-1.681166	2.211168	-28.172100
101.976071	12.670796	-3.011993	2.122687	-4.000989	-1.694815	2.207830	-28.171301
3.666768	11.192174	-3.041749	2.058078	-4.032650	-1.708444	2.204481	-28.170501
-107.839311	-20.422996	-3.301325	0.784243	-4.603323	-1.960464	2.139683	-28.155336
109.155800	-38.554858	-2.905424	-0.564761	-5.113550	-2.200380	2.072131	-28.140101
131.279312	-32.041133	-1.617937	-2.141269	-5.613256	-2.459653	1.990914	-28.122458
-133.954368	1.681379	0.140146	-3.626535	-6.003254	-2.697926	1.906172	-28.104729
1.192010	3.574561	0.226924	-3.693171	-6.018898	-2.708757	1.902030	-28.103878
133.472181	5.461058	0.313440	-3.759252	-6.034242	-2.719527	1.897882	-28.103028
-104.671611	34.631099	1.777102	-4.851239	-6.260603	-2.905258	1.821218	-28.087564
-114.098075	42.422818	2.789665	-5.674193	-6.380928	-3.071251	1.742001	-28.072044
109.876980	15.544693	3.052694	-6.176570	-6.378173	-3.229493	1.651700	-28.054859
-111.731472	-21.855993	2.479667	-6.243100	-6.221413	-3.360172	1.558416	-28.037614
112.916476	-38.800261	1.216083	-5.901309	-5.892268	-3.467494	1.457811	-28.019534
107.566535	-22.529697	-0.438173	-5.192649	-5.411197	-3.545804	1.354092	-28.001399
-112.147333	-20.847236	-0.517680	-5.151585	-5.385466	-3.548757	1.349192	-28.000555
24.214651	-19.083636	-0.597040	-5.109842	-5.359453	-3.551649	1.344285	-27.999709
112.203142	18.191602	-1.994098	-4.210119	-4.823708	-3.594690	1.251291	-27.983882
-113.443328	33.920834	-3.007718	-3.111661	-4.204177	-3.617161	1.156047	-27.968020
-90.909381	14.650894	-3.376166	-1.680967	-3.409108	-3.618420	1.044197	-27.949807
119.800879	-16.539162	-2.939242	-0.163880	-2.543137	-3.594431	0.929541	-27.931560
33.928713	-17.701324	-2.901175	-0.092194	-2.501054	-3.592700	0.924086	-27.930702
-120.215406	-18.808783	-2.861670	-0.020600	-2.458891	-3.590916	0.918630	-27.929844
93.758538	-29.857515	-1.882593	1.284504	-1.660840	-3.548344	0.816486	-27.913945
126.012946	-25.389637	-0.524522	2.503163	-0.840169	-3.488190	0.712455	-27.898027
-123.298414	-6.152538	1.206604	3.713879	0.116587	-3.397931	0.590332	-27.879650
-20.128032	17.265547	2.730372	4.617385	1.064077	-3.286403	0.466185	-27.861259
115.094153	18.099213	2.789590	4.650255	1.107613	-3.280712	0.460360	-27.860402
-86.768123	18.890085	2.847447	4.682225	1.151081	-3.274977	0.454532	-27.859546
-108.178215	24.526429	3.625215	5.100078	1.945033	-3.160456	0.345409	-27.843602
106.497380	12.244691	3.728736	5.143075	2.701031	-3.031666	0.235181	-27.827655
36.205060	-9.437374	3.116702	4.714145	3.509845	-2.866397	0.106920	-27.809264
-115.552081	-21.267335	1.831808	3.869416	4.240673	-2.684313	-0.022278	-27.790879
88.474942	-21.281290	1.759379	3.823435	4.271700	-2.675713	-0.028130	-27.790049
115.804939	-21.239208	1.685725	3.776837	4.302571	-2.667074	-0.033987	-27.789218
-115.428495	-11.507677	0.111995	2.782754	4.860463	-2.494998	-0.146780	-27.773260
-15.522210	7.188368	-1.491289	1.656456	5.347326	-2.311951	-0.259857	-27.757315
101.724148	22.656655	-2.858864	0.299262	5.813342	-2.088391	-0.390278	-27.738960
-88.775902	16.696171	-3.281737	-1.003875	6.169793	-1.852427	-0.520547	-27.720632
-96.373324	15.950382	-3.279670	-1.059317	6.183136	-1.841528	-0.526406	-27.719807
96.399938	15.171088	-3.275998	-1.114352	6.196231	-1.830613	-0.532259	-27.718983
23.032893	-4.028335	-2.916585	-2.100450	6.401657	-1.614862	-0.645428	-27.703034
-112.137410	-22.997749	-2.105398	-2.913028	6.511658	-1.391407	-0.758059	-27.687113
98.051489	-31.474377	-0.798740	-3.595039	6.513488	-1.127186	-0.886070	-27.668928
123.350715	-19.473026	0.671461	-3.974703	6.375086	-0.855009	-1.012846	-27.650789
-123.025433	-18.366897	0.735209	-3.984090	6.365386	-0.842536	-1.018543	-27.649970
22.368525	-17.208862	0.798373	-3.992774	6.355383	-0.830050	-1.024236	-27.649152
112.044686	11.039963	1.841098	-4.018071	6.102151	-0.586824	-1.133342	-27.633393
-104.147964	35.686196	2.336896	-3.757790	5.733164	-0.339637	-1.241091	-27.617677
-105.976993	33.405086	1.976774	-3.103042	5.176135	-0.051710	-1.363199	-27.599642
120.619510	-9.871543	0.930709	-2.141490	4.499212	0.238131	-1.482974	-27.581675
26.537209	-11.738895	0.875515	-2.093158	4.466427	0.251146	-1.488286	-27.580870
-121.834884	-13.529862	0.819978	-2.044480	4.433452	0.264162	-1.493593	-27.580066
98.119121	-32.791062	-0.258663	-1.052122	3.761028	0.515735	-1.595182	-27.564542
126.454526	-28.260403	-1.158456	-0.025074	3.033681	0.766119	-1.694593	-27.549074
-117.465048	-5.405057	-1.792107	1.086137	2.145864	1.052269	-1.806444	-27.531289
-12.332586	17.509117	-1.853459	2.000252	1.229820	1.333476	-1.914852	-27.513591
107.790001	18.245385	-1.841211	2.036043	1.187895	1.346114	-1.919694	-27.512789
-86.319989	18.942137	-1.827601	2.071327	1.145935	1.358746	-1.924532	-27.511986
-104.235209	23.595733	-1.307946	2.642816	0.348699	1.596412	-2.015151	-27.496734
106.975721	11.639281	-0.341809	3.026144	-0.434200	1.827731	-2.102763	-27.481557
17.722712	-9.335103	0.972841	3.242804	-1.300044	2.084555	-2.199623	-27.464186
-122.755870	-21.256053	2.035804	3.236435	-2.116655	2.329654	-2.291971	-27.446922
90.798169	-21.307561	2.069747	3.231299	-2.152013	2.340341	-2.296002	-27.446151
123.111263	-21.306962	2.102180	3.225762	-2.187282	2.351009	-2.300026	-27.445379
-122.542193	-12.251577	2.440725	3.045357	-2.847217	2.551856	-2.375961	-27.430486
-12.503795	7.765519	2.300398	2.743967	-3.461796	2.741234	-2.448074	-27.415683
102.748296	25.863182	1.687186	2.277166	-4.108469	2.943391	-2.526060	-27.398767
-85.384888	20.158755	0.746675	1.713423	-4.685908	3.127067	-2.598462	-27.381978
-94.093812	19.267154	0.699228	1.686371	-4.710125	3.134851	-2.601576	-27.381228
93.999954	18.321930	0.651408	1.659175	-4.734209	3.142598	-2.604681	-27.380477
26.480397	-6.484361	-0.323148	1.111723	-5.170471	3.284349	-2.662443	-27.365987
-105.258856	-30.258708	-1.322521	0.539818	-5.546991	3.409484	-2.715558	-27.351600
108.764840	-36.341619	-2.371525	-0.117373	-5.900689	3.530906	-2.770452	-27.335250
115.821185	-17.902435	-3.221462	-0.745442	-6.166789	3.627229	-2.818719	-27.319045
-115.765203	-16.503824	-3.256640	-0.773083	-6.176837	3.631025	-2.820775	-27.318303
14.863739	-15.059366	-3.291590	-0.800608	-6.186695	3.634767	-2.822817	-27.317562
113.133043	16.197884	-3.921577	-1.292589	-6.335753	3.694662	-2.858701	-27.303571
-112.913750	40.011258	-4.544444	-1.713654	-6.410925	3.732861	-2.889130	-27.289699
-121.406711	37.403750	-5.294779	-2.082331	-6.402098	3.748702	-2.917171	-27.273879
134.235181	-2.938109	-5.896545	-2.294006	-6.289001	3.734249	-2.937561	-27.258226
25.861775	-4.887611	-5.916558	-2.299346	-6.281341	3.732881	-2.938313	-27.257513
-135.099824	-6.788472	-5.935712	-2.304274	-6.273470	3.731454	-2.939049	-27.256801
99.998874	-32.065378	-6.102974	-2.319618	-6.083114	3.692886	-2.950095	-27.243302
132.668325	-35.021899	-5.758651	-2.191001	-5.819563	3.633488	-2.955574	-27.229937
-121.287708	-12.654364	-4.551657	-1.896004	-5.435899	3.541366	-2.955190	-27.214811
-25.566853	17.188724	-2.605264	-1.480950	-4.973670	3.425046	-2.947906	-27.199866
108.535667	18.290819	-2.496780	-1.458671	-4.949655	3.418879	-2.947386	-27.199153
-87.135167	19.335509	-2.387098	-1.436209	-4.925480	3.412660	-2.946850	-27.198441
-101.623807	27.033640	-0.225394	-1.004011	-4.462527	3.291547	-2.934547	-27.185636
102.798375	13.607351	2.148582	-0.539596	-3.954310	3.154632	-2.917353	-27.172972
30.161802	-9.810656	4.764110	0.006607	-3.314860	2.977054	-2.891404	-27.158433
-123.365772	-21.800054	6.712171	0.521120	-2.632271	2.781272	-2.859247	-27.144090
89.634498	-21.764946	6.775122	0.542737	-2.600904	2.772122	-2.857668	-27.143453
124.019832	-21.670124	6.835644	0.564191	-2.569492	2.762945	-2.856078	-27.142818
-126.108312	-10.799596	7.560842	0.942002	-1.955831	2.580908	-2.823322	-27.130711
-14.602598	8.084653	7.551260	1.239903	-1.324321	2.387924	-2.786320	-27.118752
108.986734	22.333714	6.776707	1.467495	-0.572484	2.150156	-2.737922	-27.104978
-80.854554	14.015640	5.348795	1.575954	0.185683	1.900613	-2.684136	-27.091413
-98.078086	13.216115	5.272478	1.578309	0.219850	1.889115	-2.681588	-27.090806
97.868428	12.392006	5.195301	1.580459	0.254009	1.877597	-2.679030	-27.090200
42.906827	-27.537698	1.445796	1.504101	1.674416	1.375901	-2.561981	-27.065062
-119.344070	-21.333204	-2.324251	1.177042	3.015253	0.849906	-2.427812	-27.040705
77.753886	-20.063250	-2.398414	1.167966	3.043024	0.838310	-2.424722	-27.040185
118.861709	-18.742368	-2.472109	1.158823	3.070730	0.826708	-2.421625	-27.039666
-118.509113	-17.057428	-2.562393	1.147449	3.104829	0.812383	-2.417792	-27.039026
15.671069	-15.327578	-2.651934	1.135978	3.138826	0.798049	-2.413949	-27.038386
110.172614	12.847366	-3.905339	0.951625	3.640531	0.580069	-2.354395	-27.028768
-106.085596	34.087804	-4.925761	0.752172	4.114889	0.360947	-2.292389	-27.019284
-104.836128	31.216860	-5.807647	0.482832	4.682398	0.076737	-2.208604	-27.007202
122.402136	-6.229934	-6.086599	0.214498	5.190053	-0.206429	-2.121081	-26.995349
37.659715	-8.018700	-6.083106	0.202535	5.211604	-0.219243	-2.117019	-26.994816
-123.238659	-9.767360	-6.078119	0.190593	5.233035	-0.232060	-2.112947	-26.994283
114.533546	-33.120942	-5.683632	-0.031011	5.615090	-0.474675	-2.034090	-26.984232
127.281943	-34.534062	-4.666759	-0.241148	5.947951	-0.714058	-1.952746	-26.974357
-117.848228	-7.522902	-2.736895	-0.466858	6.269160	-0.983981	-1.856288	-26.963219
-22.875605	28.137050	-0.423704	-0.673299	6.523380	-1.246532	-1.756935	-26.952319
102.953384	29.070190	-0.323082	-0.681781	6.532872	-1.257725	-1.752564	-26.951852
-102.388863	29.909598	-0.222804	-0.690222	6.542236	-1.268902	-1.748188	-26.951385
-101.417742	29.582572	1.648856	-0.850809	6.703038	-1.489507	-1.659292	-26.942109
92.131158	9.872130	3.044461	-0.993432	6.811695	-1.702318	-1.568514	-26.933019
29.017025	-14.267935	3.849823	-1.133270	6.871911	-1.936589	-1.462005	-26.922800
-109.411223	-25.337781	3.617255	-1.244598	6.862992	-2.159287	-1.353397	-26.912830
82.102895	-25.320467	3.579340	-1.248856	6.860973	-2.169018	-1.348471	-26.912388
110.446836	-25.249954	3.538962	-1.253043	6.858816	-2.178718	-1.343544	-26.911946
-118.221365	-14.197272	2.360273	-1.319950	6.789834	-2.361611	-1.247529	-26.903512
-12.959129	9.105961	0.759138	-1.357615	6.669157	-2.535404	-1.150241	-26.895269
108.879956	27.496774	-0.972860	-1.360058	6.466392	-2.724097	-1.036789	-26.886017
-77.965378	15.793279	-2.007777	-1.313676	6.195951	-2.900284	-0.922042	-26.877026
-96.558015	14.680867	-2.036604	-1.310286	6.181860	-2.908111	-0.916717	-26.876618
96.230090	13.535345	-2.063832	-1.306781	6.167619	-2.915916	-0.911387	-26.876209
32.140737	-10.835841	-2.283619	-1.219461	5.874219	-3.057524	-0.810803	-26.868639
-101.487902	-31.538367	-1.981949	-1.089406	5.533488	-3.189358	-0.709560	-26.861270
110.359924	-36.776673	-1.061171	-0.879474	5.087496	-3.328280	-0.592858	-26.853073
115.031310	-18.179499	0.301383	-0.594382	4.585906	-3.453944	-0.475671	-26.845145
-115.018800	-16.766136	0.364110	-0.579796	4.562366	-3.459226	-0.470446	-26.844798
18.339716	-15.302795	0.426582	-0.565032	4.538709	-3.464485	-0.465218	-26.844452
111.318901	17.160498	1.510420	-0.238839	4.053217	-3.562566	-0.362165	-26.837743
-107.119168	37.731742	2.010969	0.158820	3.533041	-3.650075	-0.259076	-26.831245
-100.221142	31.036467	1.504750	0.695316	2.903165	-3.736638	-0.141835	-26.824107
112.942067	-3.682284	0.215387	1.274294	2.239426	-3.809014	-0.024990	-26.817249
33.227417	-5.275200	0.144627	1.301587	2.207485	-3.812068	-0.019501	-26.816933
-113.677438	-6.816113	0.073455	1.328815	2.175512	-3.815089	-0.014018	-26.816617
104.582425	-25.502065	-1.259604	1.818039	1.573179	-3.865315	0.087506	-26.810880
127.056468	-26.410696	-2.363193	2.248937	0.958139	-3.904317	0.188366	-26.805361
-127.500217	-9.422748	-2.937038	2.620095	0.243227	-3.935024	0.303159	-26.799294
-16.006786	13.055014	-2.563358	2.806001	-0.473041	-3.950424	0.416611	-26.793521
119.514681	13.827226	-2.520699	2.809496	-0.506144	-3.950763	0.421832	-26.793260
-92.102422	14.553713	-2.475724	2.812517	-0.539211	-3.951068	0.427047	-26.793001
-108.539688	19.233627	-1.184664	2.783657	-1.156828	-3.950611	0.524337	-26.788246
100.482762	7.508793	0.861264	2.599795	-1.765883	-3.938363	0.620420	-26.783717
32.154824	-13.799290	3.346703	2.210904	-2.451156	-3.909629	0.729381	-26.778790
-117.454672	-24.910411	4.890350	1.648118	-3.114991	-3.865150	0.836637	-26.774168
79.978480	-24.855176	4.919298	1.619230	-3.144013	-3.862798	0.841380	-26.773969
119.738453	-24.736797	4.944166	1.590032	-3.172982	-3.860414	0.846120	-26.773771
-164.589940	31.437621	2.793192	0.092593	-4.364084	-3.727564	1.047091	-26.765800
-49.206186	46.133770	-3.173164	-1.651155	-5.415353	-3.535580	1.241070	-26.758990
100.023675	42.042765	-3.329275	-1.692436	-5.438052	-3.530356	1.245539	-26.758844
-91.530924	37.656977	-3.485230	-1.733642	-5.460637	-3.525101	1.250000	-26.758699
-94.543588	32.756402	-3.652354	-1.777793	-5.484758	-3.519428	1.254783	-26.758544
91.795573	27.831993	-3.819020	-1.821851	-5.508748	-3.513720	1.259557	-26.758390
78.261024	-30.301761	-6.306154	-2.511251	-5.875198	-3.417611	1.335028	-26.756034
-65.738405	-51.420569	-8.052036	-3.161856	-6.209845	-3.311845	1.409273	-26.753870
107.838721	-33.841056	-8.512749	-3.916019	-6.593717	-3.159630	1.504041	-26.751342
115.845999	3.802818	-7.176158	-4.532109	-6.913944	-2.990913	1.596620	-26.749144
-116.384633	5.347630	-7.082887	-4.556121	-6.926546	-2.983072	1.600661	-26.749054
6.973200	6.860794	-6.987108	-4.579852	-6.939004	-2.975203	1.604696	-26.748966
117.208681	31.114550	-4.657096	-4.991755	-7.154455	-2.815051	1.682595	-26.747362
-99.230606	45.155448	-1.650623	-5.310743	-7.314457	-2.642579	1.758776	-26.746008
-113.721236	35.189091	2.293948	-5.574937	-7.425807	-2.426694	1.845184	-26.744750
122.244951	-6.854580	6.185805	-5.735401	-7.450680	-2.195191	1.929156	-26.743836
43.201402	-8.641888	6.344331	-5.740183	-7.449704	-2.184830	1.932738	-26.743805
-122.897339	-10.378294	6.501738	-5.744796	-7.448551	-2.174436	1.936317	-26.743773
91.882409	-32.815317	9.305592	-5.801726	-7.388731	-1.962382	2.006522	-26.743290
123.137143	-32.403263	11.319273	-5.795425	-7.257610	-1.740912	2.074825	-26.743065
-116.073511	-8.536397	12.735530	-5.711860	-7.019638	-1.475242	2.151161	-26.743132
-24.419907	18.117088	13.384584	-5.544157	-6.695484	-1.200042	2.224854	-26.743549
106.394108	18.892159	13.398888	-5.534758	-6.679308	-1.187695	2.228046	-26.743576
-76.169283	19.611833	13.412127	-5.525187	-6.662980	-1.175332	2.231233	-26.743603
-98.742286	22.570667	13.483537	-5.303884	-6.315361	-0.931472	2.292299	-26.744273
96.354549	7.888242	13.263399	-5.014170	-5.915398	-0.682839	2.351323	-26.745206
39.073908	-12.701706	12.626971	-4.584280	-5.389376	-0.388076	2.417556	-26.746632
-109.720149	-21.661721	11.528820	-4.049077	-4.807138	-0.089827	2.480891	-26.748423
86.081154	-21.561776	11.463348	-4.020540	-4.777830	-0.075409	2.483866	-26.748519
110.447221	-21.402936	11.396627	-3.991724	-4.748393	-0.060978	2.486836	-26.748615
-114.188523	-10.158811	9.999944	-3.434988	-4.207458	0.196123	2.538490	-26.750472
-12.095665	10.004955	8.178242	-2.794459	-3.636896	0.453457	2.587929	-26.752601
100.179931	24.444318	5.476655	-1.955807	-2.940250	0.752758	2.642783	-26.755433
-82.829162	11.915096	2.164127	-1.040434	-2.218254	1.049381	2.694509	-26.758640
-88.660097	10.874254	2.003985	-0.997932	-2.185402	1.062598	2.696755	-26.758793
88.401629	9.807635	1.842920	-0.955294	-2.152493	1.075816	2.698996	-26.758946
34.410004	-12.651453	-1.384222	-0.116881	-1.513767	1.328186	2.740850	-26.762051
-96.022585	-30.362763	-4.748970	0.746149	-0.867897	1.576214	2.780284	-26.765440
91.479562	-32.146490	-8.594478	1.752660	-0.121364	1.855361	2.822681	-26.769702
112.941561	-12.265748	-12.128850	2.750671	0.619791	2.125775	2.861751	-26.774348
-113.037292	-10.866111	-12.274764	2.795480	0.653226	2.137834	2.863447	-26.774568
8.363737	-9.426166	-12.419000	2.840224	0.686634	2.149872	2.865136	-26.774789
112.286088	20.734811	-14.787330	3.680281	1.318849	2.375681	2.896071	-26.779172
-105.942790	40.035635	-16.182240	4.482928	1.935179	2.592528	2.924402	-26.783849
-116.891028	30.325852	-16.240386	5.348851	2.616405	2.829082	2.953666	-26.789584
125.693957	-14.745939	-14.611642	6.137715	3.261891	3.050871	2.979386	-26.795712
38.073220	-16.835471	-14.494364	6.172364	3.291153	3.060884	2.980504	-26.796009
-126.208195	-18.860740	-14.373444	6.206778	3.320318	3.070861	2.981614	-26.796307
107.659665	-43.693472	-11.456658	6.801378	3.845194	3.250004	3.000850	-26.802021
123.316695	-45.705978	-7.345578	7.293185	4.330823	3.415479	3.017287	-26.808040
-121.444051	-29.501931	-1.635733	7.702220	4.829123	3.585863	3.032541	-26.815265
-9.480238	-20.449608	4.356617	7.922136	5.261905	3.735609	3.044057	-26.822890
114.688578	-20.334060	4.625882	7.927246	5.280228	3.742017	3.044499	-26.823253
-70.122160	-20.242331	4.893711	7.931883	5.298392	3.748377	3.044932	-26.823617
-91.118851	-15.938577	9.560271	7.926834	5.610694	3.859231	3.051578	-26.830641
58.292333	7.870499	13.076681	7.731333	5.862698	3.951996	3.055282	-26.837974
-38.691353	32.016440	14.893155	7.266269	6.069055	4.032105	3.055902	-26.846421
15.585821	15.240326	13.984109	6.518697	6.203797	4.087525	3.052830	-26.855239
93.137655	-15.739623	10.494434	5.480033	6.273281	4.117497	3.045644	-26.864820
-129.158400	-18.653421	5.033373	4.236066	6.275664	4.117578	3.034399	-26.874793
-14.393091	-17.932830	4.741725	4.174174	6.274224	4.116833	3.033779	-26.875267
130.830304	-17.149524	4.447377	4.111974	6.272649	4.116021	3.033150	-26.875741
-69.976930	2.717536	-1.306617	2.897743	6.218601	4.088598	3.019812	-26.884783
-114.381520	14.863291	-6.607121	1.617603	6.118876	4.038729	3.003581	-26.894116
104.398029	0.529049	-10.726215	0.120439	5.950123	3.955339	2.981534	-26.905167
52.682120	-15.572479	-12.393443	-1.350546	5.725233	3.845515	2.955949	-26.916591
-110.539019	-15.967618	-12.409438	-1.416922	5.713514	3.839826	2.954683	-26.917128
92.522224	-16.319894	-12.419956	-1.483150	5.701671	3.834080	2.953409	-26.917666
119.596949	-15.556840	-11.603540	-2.691432	5.456641	3.715865	2.928006	-26.927973
-122.395356	-3.153443	-9.031467	-3.798147	5.171903	3.579942	2.900115	-26.938556
-31.260948	17.989365	-4.714727	-4.905308	4.798416	3.403740	2.865200	-26.951022
108.595670	24.538240	0.039269	-5.799915	4.376662	3.207349	2.827279	-26.963839
-80.048661	24.072029	0.246520	-5.834535	4.356565	3.198055	2.825503	-26.964425
-107.885396	23.525192	0.452314	-5.868612	4.336388	3.188730	2.823722	-26.965011
103.431566	2.892184	4.119656	-6.419665	3.928675	3.001514	2.788209	-26.976460
36.991709	-18.607077	7.030298	-6.748387	3.487578	2.801475	2.750634	-26.988168
-108.949419	-29.769971	9.113581	-6.815983	2.940910	2.557018	2.705000	-27.001944
73.477716	-18.787834	9.590883	-6.517998	2.354901	2.298700	2.656905	-27.016050
111.022310	-17.761190	9.576082	-6.494925	2.326668	2.286323	2.654601	-27.016717
-110.931270	-16.693313	9.558211	-6.471038	2.298364	2.273920	2.652292	-27.017385
-25.570373	7.824521	8.712142	-5.886933	1.759800	2.038378	2.608397	-27.029941
99.137964	29.980404	7.058444	-5.071569	1.203804	1.794791	2.562851	-27.042740
-94.201134	34.752614	4.470635	-3.909925	0.551165	1.505721	2.508475	-27.057773
-84.900496	11.710547	1.511716	-2.582988	-0.102834	1.209057	2.452172	-27.073118
98.616370	9.986634	1.371209	-2.518341	-0.133158	1.195062	2.449501	-27.073841
32.775035	8.214266	1.230706	-2.453468	-0.163476	1.181046	2.446824	-27.074565
-109.606475	-24.687048	-1.313185	-1.223411	-0.720755	0.918326	2.396376	-27.088153
96.468966	-35.979026	-3.547789	0.017635	-1.260165	0.652334	2.344687	-27.101966
126.618088	-22.603212	-5.469312	1.394901	-1.848254	0.343412	2.283755	-27.118147
-122.308872	5.443263	-6.669025	2.643497	-2.388806	0.033239	2.221443	-27.134616
-0.107643	6.896989	-6.710384	2.700723	-2.414156	0.017849	2.218319	-27.135440
121.506131	8.338487	-6.750084	2.757469	-2.439373	0.002451	2.215189	-27.136266
-83.273602	28.857841	-7.178573	3.661613	-2.856157	-0.267607	2.159747	-27.150880
-109.535438	31.845508	-7.127316	4.368443	-3.217718	-0.536156	2.103467	-27.165707
111.146711	6.672582	-6.561817	4.926252	-3.553077	-0.839948	2.038213	-27.182913
48.091751	-22.760360	-5.533909	5.218879	-3.795483	-1.138719	1.972125	-27.200386
-114.725738	-23.578521	-5.477637	5.225896	-3.804107	-1.152108	1.969114	-27.201184
74.950725	-24.323253	-5.420582	5.232373	-3.812519	-1.165484	1.966101	-27.201983
113.831508	-25.479139	-4.182983	5.254240	-3.933496	-1.419407	1.908000	-27.217414
-111.111209	-8.271246	-2.716378	5.089704	-3.980404	-1.667104	1.849477	-27.233040
-3.715682	13.766105	-0.843722	4.684485	-3.949502	-1.944505	1.781363	-27.251355
107.380408	20.674637	1.084674	4.069189	-3.835801	-2.210534	1.712950	-27.269920
-92.920735	20.349848	1.175770	4.034918	-3.828453	-2.222927	1.709679	-27.270813
-107.175435	19.956846	1.266585	4.000242	-3.820941	-2.235281	1.706409	-27.271705
105.812895	5.613983	2.829805	3.302950	-3.657550	-2.453194	1.647299	-27.287924
38.761814	-9.581961	4.110942	2.480695	-3.445464	-2.660550	1.588177	-27.304319
-114.155162	-20.865128	4.981251	1.388818	-3.145398	-2.887030	1.519635	-27.323573
85.808583	-20.352961	4.916486	0.187608	-2.795635	-3.097080	1.451337	-27.343056
120.696523	-19.854325	4.887836	0.130439	-2.778324	-3.106419	1.448174	-27.343966
-120.799966	-19.302740	4.856863	0.073219	-2.760925	-3.115720	1.445012	-27.344877
-2.578981	-1.938225	3.913597	-0.986749	-2.422995	-3.281429	1.386496	-27.361865
111.441093	18.141718	2.458618	-2.002965	-2.060181	-3.433637	1.328372	-27.379014
-90.896442	27.255600	0.497163	-3.047030	-1.616496	-3.592103	1.261761	-27.399045
-101.709423	13.938940	-1.361134	-3.864203	-1.154746	-3.730928	1.195935	-27.419282
102.024981	12.675556	-1.439266	-3.895621	-1.132658	-3.736976	1.192852	-27.420242
23.733211	11.358158	-1.516208	-3.926324	-1.110549	-3.742979	1.189771	-27.421202
-113.358941	-15.600809	-2.666020	-4.351722	-0.701541	-3.845045	1.133544	-27.438922
96.810670	-29.882020	-3.131893	-4.473426	-0.291124	-3.931099	1.078115	-27.456790
134.840767	-24.738851	-2.618713	-4.186596	0.179241	-4.010178	1.014891	-27.477714
-131.185373	-1.051454	-1.348553	-3.505796	0.634226	-4.066053	0.953017	-27.498825
-4.821787	0.162499	-1.282911	-3.467948	0.653924	-4.067982	0.950304	-27.499766
130.162392	1.371597	-1.216857	-3.429519	0.673572	-4.069863	0.947593	-27.500708
-80.992282	20.786132	0.077020	-2.584077	1.042724	-4.096796	0.895780	-27.518990
-104.338959	24.176219	1.175295	-1.585297	1.387386	-4.105366	0.845147	-27.537404
103.433300	2.300246	1.845371	-0.315964	1.748419	-4.091469	0.787942	-27.558896
51.117947	-17.850038	1.768476	0.983800	2.059717	-4.050931	0.732190	-27.580553
-114.925167	-18.327173	1.745866	1.044012	2.072966	-4.048353	0.729604	-27.581574
80.999024	-18.747374	1.721505	1.104110	2.086093	-4.045711	0.727020	-27.582596
122.872668	-18.229262	1.017074	2.169670	2.303379	-3.985908	0.679912	-27.601492
-122.280431	-8.159600	0.055419	3.106274	2.470097	-3.904475	0.633703	-27.620502
-18.928204	7.925582	-0.938428	3.930391	2.592248	-3.782262	0.581255	-27.642651
107.990068	15.223273	-1.309189	4.365279	2.629664	-3.629043	0.529867	-27.664945
-89.486025	15.094361	-1.303658	4.374490	2.629213	-3.621446	0.527591	-27.665946
-107.757248	14.915648	-1.295996	4.382793	2.628574	-3.613791	0.525320	-27.666946
108.930353	3.891122	-0.797926	4.375798	2.579872	-3.453168	0.481768	-27.686342
37.060994	-12.236865	0.119585	4.083862	2.465671	-3.268895	0.438901	-27.705838
-115.798882	-22.225412	1.228433	3.458111	2.260670	-3.028775	0.390283	-27.728429
71.802470	-11.775977	1.938686	2.600091	1.987151	-2.761975	0.342445	-27.751143
111.947583	-10.842383	1.958926	2.554893	1.972520	-2.748589	0.340172	-27.752233
-111.582853	-9.879532	1.977802	2.509438	1.957766	-2.735158	0.337903	-27.753323
-29.871284	10.637649	2.074910	1.646988	1.669220	-2.483150	0.297072	-27.773114
94.718948	29.526945	1.675243	0.740821	1.345044	-2.216079	0.256720	-27.792990
-92.304490	36.267949	0.544897	-0.318516	0.934712	-1.891181	0.210573	-27.816086
-98.007704	16.571369	-1.224344	-1.344923	0.496870	-1.552458	0.164933	-27.839286
98.623200	14.912130	-1.310064	-1.389332	0.476809	-1.537034	0.162901	-27.840326
28.321104	13.186843	-1.395828	-1.433577	0.456716	-1.521589	0.160871	-27.841367
-114.101183	-23.150755	-2.976377	-2.252638	0.062348	-1.218694	0.121689	-27.861566
100.621219	-38.901326	-4.084756	-2.978070	-0.336758	-0.910422	0.082784	-27.881836
129.500248	-26.949271	-4.337869	-3.657862	-0.793120	-0.551587	0.038255	-27.905262
-122.802904	5.066544	-3.624376	-4.138663	-1.235614	-0.191954	-0.006039	-27.928771
-13.274174	6.569406	-3.571842	-4.156233	-1.255560	-0.175363	-0.008083	-27.929860
121.770956	8.045047	-3.517784	-4.173400	-1.275439	-0.158788	-0.010125	-27.930948
-76.193389	28.457393	-2.245345	-4.426140	-1.636253	0.149934	-0.048290	-27.951347
-103.567486	29.011129	-0.573032	-4.560732	-1.970902	0.454289	-0.086385	-27.971799
105.486494	2.751618	1.633862	-4.592267	-2.315202	0.796961	-0.130285	-27.995443
45.178811	-21.207591	3.753972	-4.516787	-2.605124	1.127545	-0.174226	-28.019148
-114.517465	-21.733236	3.842807	-4.511121	-2.617075	1.142494	-0.176261	-28.020247
78.760845	-22.186027	3.930483	-4.505282	-2.628891	1.157410	-0.178297	-28.021345
118.627289	-19.492361	5.371986	-4.365222	-2.826071	1.433028	-0.216867	-28.042149
-116.951751	-4.589068	6.436467	-4.179451	-2.970778	1.695211	-0.255575	-28.062992
-19.040912	12.039967	7.259098	-3.929102	-3.069565	1.976921	-0.300032	-28.086849
108.077942	16.845596	7.737610	-3.653834	-3.099618	2.238622	-0.344800	-28.110745
-82.124893	16.605722	7.752757	-3.640719	-3.099407	2.250267	-0.346885	-28.111854
-107.843385	16.317871	7.767329	-3.627577	-3.099057	2.261875	-0.348972	-28.112964
107.063250	4.647039	7.913834	-3.380699	-3.067484	2.470574	-0.388104	-28.133700
52.065260	-10.304426	7.753942	-3.133659	-2.990348	2.664080	-0.427577	-28.154460
-109.324203	-20.390051	7.034730	-2.834229	-2.847336	2.869876	-0.473909	-28.178594
78.880137	-13.475358	5.637034	-2.511101	-2.651173	3.055446	-0.520833	-28.202747
109.152930	-12.703000	5.557328	-2.495385	-2.640852	3.063570	-0.523027	-28.203869
-109.061511	-11.891403	5.476452	-2.479599	-2.630427	3.071651	-0.525222	-28.204990
-6.158432	7.646717	3.789574	-2.173311	-2.418953	3.213554	-0.566152	-28.225770
101.427757	25.962230	1.825916	-1.837025	-2.174643	3.340716	-0.607623	-28.246555
-90.844150	30.324461	-0.645316	-1.401589	-1.853483	3.470018	-0.656521	-28.270695
-98.618301	12.397930	-3.115856	-0.909660	-1.496311	3.579728	-0.706284	-28.294833
98.910627	11.081987	-3.219000	-0.886710	-1.479929	3.584083	-0.708482	-28.295889
16.555719	9.725035	-3.321477	-0.863636	-1.463487	3.588402	-0.710682	-28.296945
-108.680804	-19.132189	-5.157186	-0.383302	-1.128471	3.665784	-0.754325	-28.317711
102.305384	-35.194765	-6.493776	0.151270	-0.773214	3.728880	-0.798718	-28.338466
132.073019	-27.894266	-7.218486	0.851735	-0.336953	3.784604	-0.851557	-28.362663
-134.683166	4.625051	-7.198087	1.643624	0.118503	3.821268	-0.905651	-28.386837
-6.752889	6.118662	-7.184332	1.678929	0.138050	3.822398	-0.907960	-28.387855
134.240150	7.593292	-7.169686	1.714354	0.157608	3.823493	-0.910270	-28.388872
-93.325001	30.854342	-6.696173	2.461732	0.561653	3.838575	-0.957944	-28.409612
-113.433214	33.921255	-5.966770	3.231102	0.973405	3.839900	-1.006734	-28.430325
109.823151	7.992929	-4.932743	4.103560	1.457531	3.824308	-1.064870	-28.454346
47.233931	-20.522890	-3.791286	4.898347	1.943764	3.790266	-1.124474	-28.478323
-117.317998	-21.471600	-3.735827	4.933196	1.966841	3.788189	-1.127340	-28.479461
80.814843	-22.364315	-3.680363	4.967711	1.989899	3.786070	-1.130207	-28.480598
123.291159	-29.000861	-2.681607	5.530600	2.404971	3.740585	-1.182490	-28.501126
-121.582361	-18.205180	-1.716329	5.953405	2.815190	3.681399	-1.235623	-28.521613
-27.181438	9.383061	-0.641205	6.220611	3.282492	3.595248	-1.298359	-28.545389
104.213438	25.603239	0.390358	6.191690	3.734874	3.490406	-1.361944	-28.569101
-98.132275	25.524286	0.439803	6.181687	3.756520	3.484800	-1.365071	-28.570258
-103.979793	25.337848	0.489110	6.170842	3.778105	3.479154	-1.368198	-28.571414
106.568417	9.067093	1.312631	5.835077	4.148509	3.372556	-1.423410	-28.591716
38.876903	-14.367943	1.965076	5.201890	4.497786	3.252055	-1.479017	-28.611961
-118.383863	-26.867173	2.324611	4.057123	4.869858	3.094091	-1.544149	-28.635469
66.774882	-9.591013	2.082941	2.502324	5.195180	2.917113	-1.609515	-28.658891
114.024359	-8.385452	2.058293	2.420338	5.209269	2.908254	-1.612615	-28.659999
-113.627799	-7.174042	2.032633	2.337714	5.223229	2.899353	-1.615716	-28.661106
-31.962628	14.153866	1.418123	0.742490	5.453342	2.730188	-1.672058	-28.681191
97.888871	29.785034	0.620242	-0.969810	5.634231	2.547208	-1.728342	-28.701204
-87.766190	32.995283	-0.350729	-2.993868	5.773918	2.317219	-1.793696	-28.724423
-104.403119	13.847438	-1.136864	-4.915812	5.826449	2.070344	-1.858670	-28.747535
105.042978	12.289859	-1.164492	-5.001709	5.826576	2.058294	-1.861727	-28.748624
24.209152	10.674954	-1.191024	-5.087105	5.826481	2.046203	-1.864785	-28.749713
-119.395773	-20.335173	-1.440044	-6.523849	5.784540	1.821060	-1.920094	-28.769459
83.254715	-33.710306	-1.116673	-7.677759	5.661105	1.586382	-1.974889	-28.789117
133.878717	-23.360595	0.046606	-8.516161	5.406043	1.304366	-2.037599	-28.811781
-127.743153	4.672770	1.554786	-8.684757	5.019293	1.013569	-2.099320	-28.834319
-4.653989	6.007749	1.623571	-8.674498	4.997718	0.999749	-2.102188	-28.835373
126.715680	7.319189	1.691735	-8.662533	4.975814	0.985906	-2.105056	-28.836427
-82.804796	25.028411	2.753612	-8.128386	4.516679	0.727987	-2.157526	-28.855842
-107.016977	25.098976	3.170756	-6.973010	3.961259	0.466653	-2.209017	-28.875154
107.387710	1.793310	2.450304	-4.862637	3.219386	0.162937	-2.267035	-28.897287
55.206372	-18.597202	0.459587	-2.091012	2.390131	-0.141306	-2.323457	-28.919274
-115.561501	-19.047700	0.336614	-1.947740	2.348852	-0.155767	-2.326100	-28.920317
69.406445	-19.433168	0.211360	-1.803814	2.307454	-0.170215	-2.328738	-28.921359
119.491452	-17.315767	-2.372132	0.903445	1.531257	-0.432304	-2.376048	-28.940268
-117.272098	-5.361727	-5.099395	3.623271	0.722380	-0.691611	-2.421923	-28.959059
-22.283167	9.877183	-7.609601	6.497045	-0.236264	-0.986639	-2.473130	-28.980671
105.600321	16.700494	-8.531393	8.786221	-1.196708	-1.273879	-2.522112	-29.002113
-72.342455	16.646011	-8.522514	8.875927	-1.241076	-1.287021	-2.524335	-29.003107
-105.319587	16.550912	-8.508569	8.964071	-1.285397	-1.300142	-2.526553	-29.004100
104.772753	8.546476	-7.389936	10.314744	-2.094839	-1.538914	-2.566665	-29.022427
30.688457	-6.207998	-4.831867	11.134149	-2.873625	-1.768739	-2.604890	-29.040620
-110.266898	-21.110105	-0.455564	11.430116	-3.722018	-2.021214	-2.646555	-29.061459
67.576737	-21.203522	4.927932	11.045642	-4.505839	-2.257750	-2.685407	-29.082110
112.866613	-20.597701	5.190859	11.011126	-4.540962	-2.268445	-2.687162	-29.083077
-112.856756	-19.925573	5.453648	10.975173	-4.575900	-2.279094	-2.688910	-29.084042
-13.070581	0.963839	10.181730	10.050837	-5.191015	-2.468336	-2.719993	-29.101801
104.509365	23.605281	14.199707	8.641774	-5.744582	-2.642377	-2.748719	-29.119409
-96.886052	29.703679	17.055463	6.435426	-6.299069	-2.822326	-2.778776	-29.139517
-101.599766	8.748012	17.190030	3.667396	-6.755745	-2.978067	-2.805405	-29.159415
102.119449	7.038982	17.125786	3.524561	-6.774880	-2.984834	-2.806583	-29.160356
6.230964	5.273641	17.055273	3.380973	-6.793762	-2.991537	-2.807753	-29.161296
-116.763574	-27.724742	14.674236	0.640837	-7.094847	-3.103079	-2.827646	-29.178361
110.834345	-38.750840	10.265184	-2.227304	-7.309653	-3.193230	-2.844725	-29.195261
135.951577	-21.834577	2.989762	-5.505498	-7.442941	-3.268821	-2.860795	-29.214547
-129.499593	13.431638	-5.343757	-8.537953	-7.444920	-3.312288	-2.872822	-29.233603
6.002534	15.112074	-5.726422	-8.667638	-7.441688	-3.313505	-2.873274	-29.234472
128.234489	16.775980	-6.107900	-8.796314	-7.438157	-3.314654	-2.873718	-29.235341
-68.020895	43.641597	-12.911461	-11.014418	-7.312923	-3.323820	-2.880423	-29.251702
-98.674060	58.325693	-18.215622	-12.715869	-7.071048	-3.310010	-2.883838	-29.267881
98.419813	55.999244	-21.428850	-13.841449	-6.639409	-3.267651	-2.883644	-29.286195
35.858549	32.128676	-21.537064	-13.888017	-6.036094	-3.198756	-2.879117	-29.304260
-128.338782	30.200549	-21.467023	-13.860548	-6.003250	-3.194840	-2.878794	-29.305115
74.829138	28.185369	-21.390238	-13.830322	-5.970073	-3.190871	-2.878462	-29.305969
209.167346	-71.384779	-12.312518	-10.632085	-4.376889	-2.987328	-2.857207	-29.339834
-135.072411	6.693277	6.248201	-4.758334	-2.406695	-2.706923	-2.820917	-29.372766
-15.812149	13.612309	6.703708	-4.595310	-2.355139	-2.699175	-2.819841	-29.373564
124.943660	20.581508	7.154787	-4.431871	-2.303506	-2.691394	-2.818756	-29.374360
-84.406569	27.474074	7.609510	-4.264956	-2.250826	-2.683432	-2.817643	-29.375171
-114.616251	33.907795	8.059349	-4.097557	-2.198038	-2.675431	-2.816521	-29.375980
60.655496	60.488130	14.397949	-1.347448	-1.332206	-2.540821	-2.797135	-29.388991
20.815267	13.666285	18.286948	1.405380	-0.451443	-2.396873	-2.775428	-29.401848
-107.263628	-47.198828	19.228647	4.645440	0.641898	-2.206841	-2.745365	-29.417568
134.653751	-42.160366	15.963601	7.512707	1.715073	-2.005445	-2.711863	-29.433054
-128.027210	-6.703575	9.583259	10.015545	2.792896	-1.783810	-2.673108	-29.449045
-29.109126	17.811144	2.164534	11.940588	3.794793	-1.553385	-2.630728	-29.464778
108.185999	18.473502	1.821693	12.016413	3.839873	-1.542291	-2.628633	-29.465516
-82.026915	19.087876	1.481035	12.090854	3.884746	-1.531175	-2.626529	-29.466255
-100.164040	21.140818	-4.157045	13.185694	4.654794	-1.327049	-2.586979	-29.479552
103.417904	7.199159	-8.477481	13.770172	5.329056	-1.119163	-2.544864	-29.492659
55.193623	-11.709419	-11.667218	13.760472	5.967792	-0.875139	-2.492919	-29.507612
-121.495871	-17.265480	-12.830157	12.951452	6.434656	-0.629566	-2.437677	-29.522310
85.014981	-16.943602	-12.833614	12.892490	6.452354	-0.618052	-2.435009	-29.522992
121.643022	-16.562576	-12.832486	12.831608	6.469676	-0.606547	-2.432336	-29.523674
-118.026561	-2.539672	-12.041875	11.350535	6.725918	-0.393998	-2.381593	-29.536187
-24.721739	13.734041	-10.028685	9.231203	6.865078	-0.183032	-2.328487	-29.548510
99.964221	23.274062	-6.769254	6.186549	6.889668	0.057405	-2.264181	-29.562526
-68.576042	13.605777	-3.166370	2.774948	6.778678	0.292380	-2.196861	-29.576288
-97.703066	12.684613	-3.008440	2.621556	6.770884	0.302529	-2.193846	-29.576885
97.846002	11.721367	-2.850784	2.468025	6.762850	0.312665	-2.190824	-29.577481
41.346298	-12.102482	0.161210	-0.563862	6.555936	0.510651	-2.129878	-29.589185
-111.123206	-31.287589	2.786540	-3.460802	6.262361	0.703306	-2.066786	-29.600697
95.652211	-28.716956	5.031966	-6.415431	5.825740	0.917844	-1.991546	-29.613716
112.740676	-5.761168	6.223076	-8.733989	5.293447	1.123763	-1.913605	-29.626482
-112.542342	-4.438568	6.249033	-8.820423	5.267250	1.132869	-1.910014	-29.627054
-12.916088	-3.101750	6.272440	-8.905100	5.240879	1.141954	-1.906417	-29.627626
108.373504	22.045908	6.238203	-10.191656	4.704538	1.311805	-1.836630	-29.638452
-85.190819	36.740211	5.332640	-10.878005	4.111621	1.473952	-1.764935	-29.649090
-114.351161	28.748839	3.355608	-10.983128	3.361648	1.651694	-1.679428	-29.661195
124.971806	-6.679815	0.873700	-10.415839	2.556177	1.817451	-1.591506	-29.673044
41.386946	-8.322513	0.758091	-10.375259	2.518433	1.824699	-1.587446	-29.673578
-125.774502	-9.924432	0.642770	-10.333482	2.480634	1.831916	-1.583384	-29.674110
88.896577	-31.047774	-1.424762	-9.324227	1.753845	1.963153	-1.505742	-29.684075
128.560399	-32.489102	-3.028505	-7.932191	1.011211	2.084297	-1.426425	-29.693851
-121.308643	-9.159108	-3.928076	-5.901422	0.137571	2.212587	-1.331488	-29.705060
-31.328851	20.977936	-3.739903	-3.595015	-0.722136	2.325405	-1.234405	-29.716012
109.788140	22.031038	-3.702645	-3.473450	-0.765077	2.330706	-1.229419	-29.716562
-76.688174	22.999511	-3.662809	-3.351675	-0.807904	2.335962	-1.224430	-29.717110
-102.541512	25.951581	-2.621700	-1.292576	-1.508502	2.417459	-1.140256	-29.726180
104.362023	6.761355	-0.971748	0.746362	-2.172044	2.486579	-1.054654	-29.735064
43.579763	-17.465702	1.220660	2.979376	-2.885090	2.550977	-0.952828	-29.745216
-126.521298	-23.063865	3.025247	4.907693	-3.512661	2.596866	-0.849195	-29.755115
75.491354	-22.583477	3.086970	4.986112	-3.538996	2.598507	-0.844416	-29.755562
126.881699	-22.031151	3.146431	5.063568	-3.565112	2.600108	-0.839634	-29.756007
-124.702288	-3.538173	3.869473	6.318672	-4.011580	2.622497	-0.749364	-29.764266
-19.481286	15.674064	3.932520	7.150560	-4.368489	2.630080	-0.657884	-29.772339
105.528290	25.405450	3.250722	7.568140	-4.656485	2.619448	-0.549424	-29.781546
-71.361893	14.211062	1.841167	7.441911	-4.792382	2.587028	-0.439525	-29.790500
-99.167989	13.271178	1.762762	7.424222	-4.795104	2.584973	-0.434370	-29.790912
99.125607	12.302662	1.683492	7.405544	-4.797517	2.582867	-0.429209	-29.791323
37.642934	-8.092732	0.125545	6.898112	-4.788012	2.535277	-0.333636	-29.798800
-109.098994	-25.608760	-1.442124	6.122981	-4.682641	2.471230	-0.237340	-29.806091
96.068414	-30.417044	-2.939788	4.967133	-4.453384	2.377449	-0.124768	-29.814325
118.098553	-16.100979	-3.800706	3.627979	-4.124830	2.264554	-0.011660	-29.822308
-117.957064	-15.020987	-3.824225	3.566080	-4.108277	2.259153	-0.006653	-29.822655
2.226171	-13.903064	-3.846631	3.503975	-4.091552	2.253714	-0.001642	-29.823001
112.556230	11.409101	-4.075432	2.272557	-3.735413	2.141177	0.096130	-29.829660
-92.525084	30.665545	-3.970438	1.042749	-3.329085	2.017014	0.193990	-29.836132
-112.155011	27.177675	-3.547889	-0.306416	-2.810253	1.860417	0.307092	-29.843384
122.858667	-7.757197	-2.926308	-1.519690	-2.254393	1.691565	0.419904	-29.850385
39.912918	-9.305863	-2.895562	-1.570361	-2.228772	1.683708	0.424970	-29.850695
-123.750054	-10.800009	-2.864680	-1.620632	-2.203128	1.675836	0.430030	-29.851003
99.227014	-27.967082	-2.254557	-2.510646	-1.705671	1.521077	0.526814	-29.856818
129.894594	-23.990171	-1.642851	-3.252118	-1.204090	1.359768	0.623072	-29.862448
-126.907913	1.203889	-0.949249	-3.917873	-0.629946	1.165661	0.734044	-29.868755
-38.164322	24.163442	-0.273525	-4.374111	-0.080219	0.966021	0.843897	-29.874812
120.235691	24.660280	-0.243417	-4.389812	-0.056236	0.956911	0.848823	-29.875079
-88.344735	25.088519	-0.213341	-4.405095	-0.032335	0.947793	0.853748	-29.875346
-113.570933	21.245320	0.351851	-4.617787	0.408338	0.771805	0.947575	-29.880363
111.814212	2.009984	0.873871	-4.681517	0.811124	0.594257	1.040254	-29.885194
55.345116	-17.117878	1.382640	-4.580705	1.225896	0.388181	1.145975	-29.890556
-122.860258	-24.096804	1.741348	-4.310035	1.584733	0.183338	1.249745	-29.895668
81.224582	-24.050725	1.753151	-4.294196	1.599545	0.174194	1.254357	-29.895892
122.995634	-23.972390	1.764558	-4.278054	1.614244	0.165055	1.258965	-29.896115
-120.245758	-17.180799	1.915595	-3.912326	1.874509	-0.008783	1.346465	-29.900299
-18.813101	-3.175405	1.969332	-3.448236	2.093736	-0.179134	1.432204	-29.904298
105.606944	15.159597	1.970618	-2.814804	2.293862	-0.367631	1.527625	-29.908631
-95.536778	27.146858	1.973365	-2.087590	2.441225	-0.548427	1.620370	-29.912723
-113.617995	18.414282	2.014384	-1.294335	2.535336	-0.717923	1.709216	-29.916532
124.104618	-14.156561	2.010060	-0.444728	2.578590	-0.876714	1.795044	-29.920106
46.998525	-15.593153	2.006887	-0.404295	2.579374	-0.883791	1.798943	-29.920266
-124.586517	-16.975409	2.003364	-0.363808	2.580050	-0.890838	1.802833	-29.920425
87.139274	-31.351806	1.839797	0.467657	2.571100	-1.027660	1.879845	-29.923532
115.752985	-18.313970	1.455526	1.313232	2.520205	-1.154181	1.953868	-29.926433
-115.462233	-16.889099	1.430040	1.355865	2.516553	-1.160295	1.957522	-29.926574
-1.238361	-15.395716	1.403981	1.398469	2.512800	-1.166384	1.961168	-29.926715
112.082067	16.988384	0.807938	2.191532	2.422931	-1.276493	2.028496	-29.929271
-101.292384	33.808488	0.032257	2.936765	2.298002	-1.377365	2.092804	-29.931641
-115.248357	22.297240	-0.975602	3.664104	2.112971	-1.481959	2.162799	-29.934135
123.033494	-14.121889	-1.766495	4.145156	1.885663	-1.574517	2.228408	-29.936384
54.744037	-15.581471	-1.790672	4.159219	1.874384	-1.578432	2.231276	-29.936480
-123.713063	-16.976554	-1.813534	4.172524	1.863023	-1.582322	2.234136	-29.936576
73.698300	-31.350136	-1.956577	4.275847	1.630079	-1.652259	2.287167	-29.938315
127.784135	-26.340700	-1.471565	4.085832	1.373252	-1.713190	2.336548	-29.939868
-120.689414	-5.494038	-0.370089	3.549926	1.057111	-1.772012	2.388463	-29.941419
-31.995700	16.691322	0.957297	2.736536	0.725854	-1.819176	2.435190	-29.942726
108.340753	17.451734	1.021844	2.690518	0.709323	-1.821197	2.437350	-29.942784
-62.550204	18.161109	1.085953	2.644022	0.692787	-1.823188	2.439496	-29.942842
-98.701511	21.928091	2.108082	1.744190	0.398473	-1.853860	2.475340	-29.943761
96.020595	10.711555	2.769487	0.727411	0.105530	-1.875877	2.506987	-29.944495
45.153865	-6.397410	2.898931	-0.527035	-0.222014	-1.890632	2.538054	-29.945111
-112.442087	-17.406735	2.149406	-1.782319	-0.531662	-1.894298	2.563359	-29.945483
69.916306	-17.612719	2.092084	-1.836810	-0.544921	-1.894207	2.564353	-29.945494
113.300749	-17.787583	2.032569	-1.891105	-0.558127	-1.894096	2.565336	-29.945504
-118.754684	-13.951878	0.509537	-2.901435	-0.804523	-1.887666	2.582277	-29.945611
-23.296588	3.252622	-1.346701	-3.771301	-1.024442	-1.873362	2.594947	-29.945533
107.871338	21.608667	-3.225013	-4.516250	-1.236866	-1.847622	2.604357	-29.945215
-73.304307	17.481252	-4.232038	-4.900164	-1.398245	-1.812355	2.608426	-29.944653
-99.853457	16.657803	-4.254300	-4.907329	-1.404070	-1.810581	2.608485	-29.944623
99.718189	15.780147	-4.274708	-4.913591	-1.409773	-1.808791	2.608533	-29.944592
49.665468	-8.474020	-4.294467	-4.855894	-1.498618	-1.769908	2.607445	-29.943884
-106.600309	-31.172982	-3.545297	-4.475691	-1.544375	-1.724474	2.602519	-29.942993
95.260228	-33.760097	-1.732183	-3.714097	-1.548358	-1.664879	2.592290	-29.941747
114.921728	-11.266320	0.710578	-2.691643	-1.505876	-1.597821	2.577314	-29.940265
-114.996352	-9.634997	0.833186	-2.637256	-1.502745	-1.594406	2.576474	-29.940188
-0.525155	-7.963312	0.955536	-2.582520	-1.499521	-1.590976	2.575623	-29.940110
115.586138	22.984459	3.043282	-1.538162	-1.425613	-1.526295	2.558424	-29.938608
-103.069158	37.800442	4.567611	-0.431755	-1.324622	-1.456829	2.537847	-29.936933
-118.052534	25.342436	5.170441	0.831950	-1.180642	-1.372030	2.510306	-29.934807
122.175529	-12.349420	4.671338	2.015668	-1.011529	-1.282085	2.478639	-29.932460
36.437769	-13.992911	4.625325	2.067688	-1.003179	-1.277804	2.477075	-29.932347
-122.475395	-15.581431	4.577455	2.119430	-0.994787	-1.273514	2.475503	-29.932232
98.020043	-33.978451	3.357149	3.037303	-0.829867	-1.191073	2.444356	-29.929994
122.637596	-29.915576	1.651387	3.837369	-0.654045	-1.105607	2.410307	-29.927594
-119.895110	-1.626963	-0.547974	4.589310	-0.442732	-1.003925	2.367626	-29.924633
-35.918499	25.915915	-2.546216	5.133144	-0.227310	-0.899349	2.321388	-29.921464
114.613212	26.583649	-2.626571	5.152953	-0.217262	-0.894415	2.319149	-29.921311
-77.765831	27.167442	-2.705413	5.172247	-0.207218	-0.889476	2.316902	-29.921158
-109.897895	23.608014	-3.896159	5.434152	-0.021282	-0.796534	2.273677	-29.918222
110.514708	0.452362	-4.580837	5.497734	0.159546	-0.702291	2.227996	-29.915135
65.199295	-22.058559	-4.789936	5.301290	0.357250	-0.592860	2.172585	-29.911403
-123.514713	-22.635550	-4.449298	4.801305	0.542986	-0.482834	2.114224	-29.907478
67.799347	-21.876557	-4.421387	4.770442	0.551552	-0.477570	2.111363	-29.907286
123.562749	-21.041363	-4.392534	4.738993	0.560088	-0.472306	2.108496	-29.907093
-120.018067	1.051239	-3.715690	4.071732	0.710269	-0.376535	2.055189	-29.903508
-40.560624	18.729575	-2.798640	3.252288	0.850047	-0.281203	1.999882	-29.899782
107.581652	23.395759	-1.535834	2.173150	0.997129	-0.172617	1.933934	-29.895327
-66.303928	9.607120	-0.162816	1.005398	1.128673	-0.065727	1.865630	-29.890694
-105.121955	8.676766	-0.100271	0.951061	1.134280	-0.060907	1.862464	-29.890479
105.124756	7.729314	-0.037823	0.896634	1.139858	-0.056089	1.859292	-29.890263
52.568428	-11.395498	1.102260	-0.142592	1.239407	0.034694	1.798015	-29.886084
-109.530526	-25.884264	2.067116	-1.159523	1.325821	0.123308	1.735197	-29.881776
75.988642	-26.861732	2.805379	-2.249293	1.408102	0.221964	1.661230	-29.876670
113.419695	-10.252497	3.001682	-3.197432	1.471265	0.316647	1.585515	-29.871400
-113.381555	-8.997969	2.996341	-3.239803	1.473884	0.321230	1.581715	-29.871134
-12.902427	-7.706734	2.989563	-3.281717	1.476455	0.325806	1.577909	-29.870868
111.642335	15.777671	2.645066	-3.936049	1.513257	0.403844	1.510801	-29.866153
-76.101213	27.509070	1.891210	-4.443195	1.534265	0.478011	1.442609	-29.861322
-112.173272	17.743976	0.610760	-4.847149	1.538047	0.558502	1.362468	-29.855587
119.236144	-11.753677	-0.733149	-5.055644	1.518778	0.632787	1.281168	-29.849702
54.906964	-12.943108	-0.790654	-5.060676	1.517273	0.636143	1.277299	-29.849420
-119.948214	-14.069498	-0.847250	-5.065274	1.515712	0.639484	1.273428	-29.849138
76.348889	-23.758187	-1.663951	-5.073004	1.477396	0.697983	1.202451	-29.843936
126.789257	-17.017989	-1.944449	-4.937187	1.420063	0.751897	1.130834	-29.838627
-123.462309	2.131442	-1.676221	-4.611046	1.331169	0.808735	1.047187	-29.832349
-34.199227	16.987644	-0.929215	-4.143546	1.220184	0.859671	0.962938	-29.825936
114.488281	17.235917	-0.884923	-4.118853	1.214450	0.861926	0.958959	-29.825631
-66.118119	17.426754	-0.839968	-4.093973	1.208675	0.864167	0.954981	-29.825326
-106.094321	11.871856	0.064250	-3.604468	1.094452	0.903261	0.881383	-29.819638
103.713632	-3.841673	0.917880	-3.079031	0.966720	0.938112	0.807524	-29.813854
52.623539	-14.863933	1.473052	-2.471770	0.805166	0.973033	0.722476	-29.807096
-116.941621	-13.136697	1.291944	-1.895829	0.629750	1.002649	0.637293	-29.800218
69.355050	-12.728488	1.267432	-1.869323	0.621119	1.003925	0.633251	-29.799889
117.398506	-12.292489	1.241744	-1.842881	0.612463	1.005190	0.629208	-29.799559
-118.136708	-0.776943	0.603776	-1.368799	0.449002	1.026387	0.554928	-29.793459
-30.009074	12.792918	-0.196544	-0.917616	0.278169	1.043797	0.480703	-29.787273
105.787166	21.577790	-1.030137	-0.427099	0.073965	1.059311	0.395312	-29.780041
-63.043259	13.812062	-1.497064	0.030622	-0.136007	1.070121	0.310186	-29.772703
-100.286777	13.002097	-1.507976	0.050510	-0.145597	1.070501	0.306348	-29.772369
100.187723	12.151429	-1.517997	0.070328	-0.155193	1.070872	0.302510	-29.772034
53.530903	-8.910205	-1.537663	0.436977	-0.339692	1.076217	0.229317	-29.765608
-103.972268	-28.337213	-1.229434	0.785593	-0.525373	1.078331	0.156439	-29.759107
93.055877	-31.995826	-0.458784	1.172890	-0.739771	1.076923	0.072603	-29.751500
112.885492	-11.271418	0.670437	1.549758	-0.951747	1.071591	-0.010695	-29.743802
-113.042338	-9.676616	0.725325	1.567300	-0.961597	1.071248	-0.014589	-29.743439
1.700188	-8.032013	0.779910	1.584825	-0.971431	1.070897	-0.018479	-29.743076
114.612748	22.904553	1.668893	1.907307	-1.150502	1.063007	-0.089912	-29.736348
-88.630974	33.205753	2.095092	2.232138	-1.324640	1.052507	-0.160863	-29.729558
-111.492822	14.841120	1.698960	2.610157	-1.518837	1.037226	-0.242601	-29.721599
115.555466	-20.042031	0.586507	2.956200	-1.702373	1.018837	-0.323592	-29.713562
52.863523	-21.196504	0.523413	2.970897	-1.710651	1.017906	-0.327357	-29.713185
-116.194147	-22.257460	0.459671	2.985421	-1.718895	1.016969	-0.331117	-29.712808
84.007677	-27.098924	-0.791177	3.218772	-1.865587	0.998594	-0.400129	-29.705825
126.592945	-14.181725	-2.012703	3.368717	-2.001182	0.978236	-0.468505	-29.698791
-123.937089	5.760082	-3.035321	3.403027	-2.142381	0.952305	-0.547026	-29.690565
-27.061739	19.906537	-3.221243	3.248208	-2.264290	0.924111	-0.624591	-29.682277
115.157440	20.225732	-3.202497	3.235858	-2.269465	0.922758	-0.628149	-29.681892
-71.338480	20.505562	-3.181025	3.223036	-2.274598	0.921401	-0.631703	-29.681508
-108.545711	18.221345	-2.326498	2.899933	-2.363767	0.895220	-0.697858	-29.674292
107.083117	3.401908	-0.858696	2.440536	-2.440498	0.867668	-0.763223	-29.667034
60.189923	-15.007356	1.131796	1.779962	-2.515201	0.834277	-0.837794	-29.658592
-114.962304	-20.109259	2.904695	1.026695	-2.576489	0.799460	-0.911206	-29.650101
89.002494	-19.808573	2.968525	0.992432	-2.578886	0.797911	-0.914385	-29.649729
115.197657	-19.456768	3.030910	0.958064	-2.581264	0.796358	-0.917564	-29.649357
-115.940499	-5.387427	3.944334	0.268165	-2.623910	0.765225	-0.979901	-29.641984
-23.719263	11.732412	4.201852	-0.423193	-2.659067	0.733349	-1.041295	-29.634581
111.828696	23.700973	3.594581	-1.195016	-2.691887	0.695694	-1.111162	-29.625974
-64.805379	17.829196	2.014276	-1.885409	-2.717892	0.657454	-1.179659	-29.617334
-105.439045	17.056186	1.926674	-1.913568	-2.718927	0.655727	-1.182699	-29.616945
105.057061	16.236148	1.837978	-1.941461	-2.719953	0.653999	-1.185739	-29.616557
62.663812	-5.378632	0.000627	-2.415044	-2.737915	0.620675	-1.243595	-29.609074
-89.328935	-25.597540	-1.848679	-2.744757	-2.753321	0.587236	-1.300349	-29.601573
88.432491	-26.737521	-3.483750	-2.897541	-2.768723	0.550294	-1.361783	-29.593259
-96.818087	-1.029227	-4.322624	-2.780171	-2.783458	0.513574	-1.421781	-29.584929
-41.440638	27.870235	-4.324057	-2.339712	-2.797557	0.475637	-1.482907	-29.576207
113.452423	27.765944	-3.418825	-1.636125	-2.809258	0.438367	-1.542360	-29.567474
-58.280288	26.590445	-3.356009	-1.599665	-2.809712	0.436706	-1.545001	-29.567080
-113.099103	25.303458	-3.291378	-1.562891	-2.810158	0.435048	-1.547636	-29.566686
105.770970	-9.065092	-1.777639	-0.801351	-2.817214	0.403531	-1.597635	-29.559110
80.784023	-29.614066	-0.072519	0.021247	-2.820880	0.372837	-1.646297	-29.551531
-103.413660	-28.569983	1.619540	0.969782	-2.819963	0.338502	-1.700941	-29.542754
60.932049	-9.017668	2.795531	1.823127	-2.812456	0.305677	-1.753688	-29.533980
108.619295	-7.828748	2.834797	1.858422	-2.811936	0.304211	-1.756060	-29.533577
-108.674581	-6.621361	2.872669	1.893307	-2.811399	0.302749	-1.758429	-29.533175
-44.520638	17.194999	3.307011	2.457936	-2.798232	0.276121	-1.801886	-29.525670
98.017342	34.968035	3.159830	2.820833	-2.778575	0.250816	-1.843879	-29.518172
-74.680719	34.866721	2.212690	2.950364	-2.746284	0.222939	-1.891104	-29.509413
-96.078528	10.007827	0.783590	2.784345	-2.702795	0.196928	-1.936219	-29.500672
96.700955	8.315129	0.715279	2.770519	-2.700558	0.195801	-1.938200	-29.500279
47.655006	6.581541	0.646964	2.756175	-2.698295	0.194677	-1.940176	-29.499886
-114.207522	-25.365953	-0.603482	2.386526	-2.650162	0.173885	-1.977117	-29.492380
86.397754	-33.021078	-1.546895	1.852166	-2.592360	0.154392	-2.012414	-29.484893
135.716260	-15.452224	-1.967438	1.059275	-2.512561	0.133358	-2.051184	-29.476251
-128.358070	11.465367	-1.716967	0.120568	-2.418044	0.113873	-2.087649	-29.467642
-22.640319	12.516885	-1.692281	0.075736	-2.413413	0.113028	-2.089241	-29.467254
127.151458	13.534520	-1.666561	0.030748	-2.408750	0.112186	-2.090828	-29.466867
-71.928500	25.353537	-1.001551	-0.844994	-2.313430	0.096651	-2.120200	-29.459474
-103.335008	20.516317	-0.117266	-1.700833	-2.205787	0.082115	-2.147781	-29.452110
102.365965	-2.786046	0.859721	-2.554018	-2.064447	0.066390	-2.177527	-29.443596
60.186263	-17.774912	1.381390	-3.119366	-1.904703	0.051816	-2.204752	-29.435129
-111.510473	-17.929991	1.387339	-3.135507	-1.897183	0.051195	-2.205899	-29.434755
85.106214	-18.032454	1.391537	-3.150798	-1.889626	0.050577	-2.207041	-29.434382
118.436590	-11.991493	1.160127	-3.285410	-1.735052	0.038942	-2.228227	-29.427134
-119.519732	1.343683	0.497774	-3.140570	-1.565812	0.028008	-2.247463	-29.419928
-13.183795	15.022715	-0.491884	-2.678691	-1.352798	0.016127	-2.267289	-29.411626
111.084341	15.762264	-1.356644	-1.968094	-1.124068	0.005023	-2.284423	-29.403387
-60.935840	15.311757	-1.385963	-1.932046	-1.113563	0.004546	-2.285122	-29.403022
-110.839861	14.814041	-1.414245	-1.895686	-1.103033	0.004070	-2.285816	-29.402657
110.755025	-0.111080	-1.751500	-1.142294	-0.894447	-0.004876	-2.298178	-29.395622
49.412159	-12.985448	-1.672996	-0.331016	-0.677690	-0.013357	-2.308507	-29.388639
-119.294013	-17.258409	-1.043046	0.630633	-0.417248	-0.022702	-2.317950	-29.380583
51.428183	-8.407873	0.110018	1.554072	-0.150226	-0.031546	-2.324609	-29.372602
119.568145	-7.843905	0.169032	1.593500	-0.138176	-0.031931	-2.324842	-29.372247
-119.387354	-7.275230	0.228356	1.632700	-0.126125	-0.032314	-2.325069	-29.371893
-20.838242	3.976757	1.388429	2.339992	0.106921	-0.039527	-2.328349	-29.365104
105.648301	13.389006	2.412016	2.932596	0.341351	-0.046449	-2.329573	-29.358374
-67.121979	17.159256	3.095935	3.427362	0.613991	-0.054175	-2.328425	-29.350611
-105.883657	7.085525	2.947855	3.667536	0.884018	-0.061558	-2.324542	-29.342927
106.319873	6.239443	2.923325	3.672107	0.895508	-0.061867	-2.324315	-29.342599
46.413069	5.360498	2.897428	3.676217	0.906981	-0.062175	-2.324083	-29.342271
-117.620104	-12.657660	2.095707	3.666909	1.136330	-0.068272	-2.318352	-29.335689
70.247846	-14.659549	0.823269	3.501954	1.360580	-0.074125	-2.310641	-29.329164
123.593364	-2.264830	-1.047991	3.158557	1.610483	-0.080549	-2.299386	-29.321744
-116.444929	10.231869	-2.956048	2.692379	1.851528	-0.086657	-2.285616	-29.314400
-35.572913	10.590353	-3.034066	2.669577	1.861992	-0.086920	-2.284949	-29.314077
115.811196	10.925721	-3.111253	2.646606	1.872443	-0.087183	-2.284276	-29.313753
-62.100433	12.894207	-4.389159	2.169930	2.073997	-0.092224	-2.270085	-29.307425
-111.305758	6.576794	-5.060224	1.664808	2.267986	-0.097027	-2.254065	-29.301155
115.432664	-7.028265	-5.065973	1.087212	2.480816	-0.102244	-2.233474	-29.294030
52.854557	-13.945874	-4.309166	0.545751	2.682631	-0.107145	-2.210579	-29.286981
-120.531831	-13.889467	-4.257862	0.522460	2.691411	-0.107357	-2.209499	-29.286666
63.036438	-13.793342	-4.205104	0.499251	2.700168	-0.107569	-2.208415	-29.286352
122.039044	-5.730074	-2.929276	0.064063	2.865700	-0.111555	-2.186454	-29.280276
-120.930490	7.503923	-1.313286	-0.341946	3.022021	-0.115295	-2.162829	-29.274257
-34.853912	16.701583	0.703121	-0.774178	3.189535	-0.119279	-2.133724	-29.267422
113.997005	11.665847	2.625300	-1.173172	3.343864	-0.122933	-2.102538	-29.260662
-56.422340	10.995086	2.706266	-1.190408	3.350497	-0.123089	-2.101085	-29.260359
-113.587050	10.284572	2.786556	-1.207571	3.357098	-0.123245	-2.099629	-29.260057
110.119851	-7.023171	4.192686	-1.527448	3.479069	-0.126123	-2.070703	-29.254243
68.783694	-19.118310	5.239996	-1.826286	3.590229	-0.128742	-2.040289	-29.248486
-110.675387	-20.929054	5.843816	-2.146750	3.704366	-0.131433	-2.003471	-29.241925
47.106629	-9.766308	5.678469	-2.443106	3.803090	-0.133770	-1.964795	-29.235438
111.512156	-9.036738	5.654130	-2.455656	3.807109	-0.133866	-1.963034	-29.235151
-111.441037	-8.291094	5.628423	-2.468160	3.811099	-0.133961	-1.961269	-29.234865
-30.261123	7.867469	4.872036	-2.701329	3.882633	-0.135671	-1.926084	-29.229297
102.419813	21.166967	3.693422	-2.913541	3.941700	-0.137107	-1.889585	-29.223786
-62.001420	23.631924	1.930244	-3.132269	3.993781	-0.138414	-1.845991	-29.217509
-98.477325	9.108329	-0.099992	-3.324015	4.028273	-0.139345	-1.800771	-29.211306
98.720657	8.037231	-0.191774	-3.331931	4.029391	-0.139378	-1.798720	-29.211031
52.050042	6.933255	-0.283416	-3.339795	4.030472	-0.139410	-1.796667	-29.210757
-106.480326	-15.125411	-1.998212	-3.482751	4.044293	-0.139881	-1.755994	-29.205434
72.605173	-22.658495	-3.413272	-3.605985	4.044003	-0.140063	-1.714181	-29.200166
120.478367	-11.138024	-4.443884	-3.723792	4.025710	-0.139908	-1.664683	-29.194170
-121.434415	11.434360	-4.876605	-3.816265	3.987642	-0.139355	-1.613779	-29.188247
-26.368079	12.239397	-4.883745	-3.819814	3.985469	-0.139321	-1.611472	-29.187984
121.159857	13.000294	-4.889920	-3.823314	3.983256	-0.139286	-1.609161	-29.187721
-57.687010	19.034433	-4.833606	-3.880372	3.932099	-0.138447	-1.563749	-29.182640
-109.801243	11.151323	-4.507902	-3.913094	3.865200	-0.137323	-1.517361	-29.177614
107.653268	-6.691835	-3.979964	-3.917740	3.768218	-0.135700	-1.462762	-29.171891
66.937724	-16.091190	-3.508391	-3.885164	3.649716	-0.133759	-1.406974	-29.166241
-112.136683	-16.188182	-3.492587	-3.882857	3.644026	-0.133667	-1.404501	-29.165994
61.927809	-16.257298	-3.477364	-3.880476	3.638299	-0.133575	-1.402027	-29.165749
116.093853	-12.818192	-3.275702	-3.817582	3.516200	-0.131636	-1.352528	-29.160901
-114.674105	-2.724975	-3.177740	-3.724250	3.378072	-0.129506	-1.302216	-29.156106
-28.922593	13.303654	-3.027810	-3.579290	3.200932	-0.126856	-1.243557	-29.150674
101.707187	18.553096	-2.652943	-3.393537	3.005143	-0.124018	-1.183936	-29.145313
-56.815273	18.236479	-2.628099	-3.384360	2.996062	-0.123889	-1.181274	-29.145077
-101.586485	17.860695	-2.602431	-3.375097	2.986940	-0.123759	-1.178608	-29.144842
104.170032	2.149172	-1.955035	-3.176804	2.801165	-0.121151	-1.125909	-29.140238
63.788070	-16.094272	-1.106267	-2.947149	2.603331	-0.118449	-1.072562	-29.135688
-115.630031	-23.163318	-0.011875	-2.642489	2.360946	-0.115240	-1.010166	-29.130497
55.329034	-6.119565	1.031510	-2.295403	2.105135	-0.111969	-0.947017	-29.125377
114.100739	-5.100980	1.071852	-2.279370	2.093748	-0.111826	-0.944259	-29.125156
-113.876947	-4.078107	1.111623	-2.263246	2.082331	-0.111683	-0.941498	-29.124936
-28.724400	15.042685	1.745608	-1.924555	1.849949	-0.108822	-0.886138	-29.120559
100.241598	25.577135	1.953672	-1.553535	1.609572	-0.105965	-0.830295	-29.116236
-61.362869	19.316031	1.541070	-1.090374	1.325762	-0.102727	-0.765824	-29.111352
-98.926367	-0.937612	0.677715	-0.593444	1.034063	-0.099554	-0.700822	-29.106536
99.447304	-2.052407	0.632957	-0.570027	1.020540	-0.099411	-0.697834	-29.106317
57.515709	-3.172767	0.587972	-0.546543	1.006995	-0.099268	-0.694842	-29.106098
-113.959703	-20.792937	-0.264223	-0.089688	0.746094	-0.096583	-0.637579	-29.101949
74.699309	-21.143835	-0.948486	0.379607	0.481259	-0.093999	-0.579996	-29.097852
130.488674	-9.392993	-1.303520	0.925859	0.173664	-0.091185	-0.513564	-29.093215
-122.617839	1.694226	-1.218686	1.469071	-0.136479	-0.088565	-0.446817	-29.088646
-23.375950	2.235302	-1.205130	1.494110	-0.151056	-0.088447	-0.443682	-29.088434
121.573906	2.784224	-1.190780	1.519076	-0.165626	-0.088330	-0.440548	-29.088221
-54.087368	12.645948	-0.788295	1.968321	-0.435955	-0.086259	-0.382358	-29.084315
-107.173463	14.630662	-0.157558	2.380815	-0.706135	-0.084384	-0.324013	-29.080460
108.692006	-0.020021	0.709249	2.788892	-1.015528	-0.082497	-0.256759	-29.076089
65.466330	-14.984109	1.254273	3.102440	-1.322098	-0.080932	-0.189406	-29.071785
-114.036401	-15.244938	1.262206	3.113966	-1.335843	-0.080870	-0.186365	-29.071593
66.395381	-15.450373	1.268279	3.125238	-1.349570	-0.080808	-0.183326	-29.071400
117.042698	-9.843971	1.055105	3.292786	-1.612200	-0.079764	-0.124771	-29.067721
-118.591879	7.341597	0.384905	3.359814	-1.870838	-0.079013	-0.066226	-29.064093
-41.868379	22.271638	-0.631963	3.300036	-2.164037	-0.078536	0.001448	-29.059958
117.106912	15.432856	-1.541322	3.079044	-2.449073	-0.078513	0.069002	-29.055890
-50.266475	14.357590	-1.574038	3.064956	-2.461782	-0.078524	0.072063	-29.055707
-116.680813	13.210180	-1.605759	3.050496	-2.474478	-0.078535	0.075126	-29.055524
112.301029	-14.066426	-1.970126	2.703646	-2.712153	-0.078947	0.133404	-29.052065
77.281349	-29.505755	-1.722865	2.220868	-2.940978	-0.079748	0.191506	-29.048657
-114.137840	-25.788753	-0.559734	1.527993	-3.192001	-0.081182	0.258164	-29.044793
48.963370	-4.351202	1.110277	0.746632	-3.427831	-0.083197	0.324485	-29.040995
115.652661	-3.218264	1.188338	0.710295	-3.438089	-0.083302	0.327470	-29.040825
-115.533711	-2.085030	1.266254	0.673890	-3.448319	-0.083409	0.330456	-29.040655
-28.584382	17.882493	2.648018	-0.023981	-3.637270	-0.085698	0.387489	-29.037428
100.433963	28.758715	3.563943	-0.694846	-3.812148	-0.088474	0.444192	-29.034249
-57.426603	22.404164	3.676690	-1.388883	-3.995240	-0.092324	0.509301	-29.030636
-96.045768	0.541863	2.840992	-1.967031	-4.156051	-0.096898	0.573866	-29.027088
96.642220	-0.697684	2.783083	-1.990442	-4.162842	-0.097125	0.576805	-29.026927
57.406473	-1.945874	2.723593	-2.013579	-4.169583	-0.097353	0.579743	-29.026766
-113.792786	-21.325452	1.313206	-2.400252	-4.288042	-0.102018	0.635438	-29.023735
71.923402	-19.384794	-0.519990	-2.678973	-4.386851	-0.107290	0.690647	-29.020753
132.672261	-3.314717	-2.814912	-2.855339	-4.474427	-0.114124	0.753342	-29.017393
-122.906328	8.061486	-4.775482	-2.866835	-4.532700	-0.121837	0.815309	-29.014098
-34.180316	8.441084	-4.845717	-2.863311	-4.534588	-0.122203	0.818056	-29.013952
121.688382	8.814363	-4.914047	-2.859434	-4.536414	-0.122570	0.820802	-29.013807
-54.252660	13.840931	-5.788604	-2.711937	-4.559751	-0.130070	0.873845	-29.011007
-104.247152	10.570169	-5.632234	-2.426756	-4.560517	-0.138250	0.926272	-29.008255
107.404689	-4.905113	-4.295139	-1.954205	-4.534296	-0.148513	0.986090	-29.005133
66.130372	-13.889807	-1.997941	-1.369759	-4.480171	-0.159584	1.045010	-29.002075
-117.030222	-13.869836	-1.876702	-1.341521	-4.477098	-0.160101	1.047639	-29.001939
68.605368	-13.803741	-1.754086	-1.313130	-4.473970	-0.160619	1.050269	-29.001803
122.249846	-5.805588	0.785948	-0.744395	-4.403207	-0.170906	1.100618	-28.999204
-121.583472	7.089532	3.378231	-0.155119	-4.313187	-0.181720	1.150230	-28.996652
-40.353975	16.592096	5.879266	0.506758	-4.187833	-0.194675	1.205964	-28.993796
109.722371	11.632162	7.403076	1.116167	-4.039596	-0.208222	1.260667	-28.991002
-52.374725	10.887269	7.448162	1.143015	-4.032028	-0.208877	1.263232	-28.990872
-109.223317	10.092421	7.490776	1.169647	-4.024411	-0.209534	1.265794	-28.990741
106.793784	-8.475246	7.829773	1.618449	-3.874583	-0.221920	1.312855	-28.988345
74.910727	-19.572954	7.295608	1.967963	-3.708933	-0.234687	1.359067	-28.985996
-113.992394	-16.937751	5.621794	2.247139	-3.499852	-0.249802	1.411149	-28.983353
54.587563	-0.707276	3.131213	2.408098	-3.272139	-0.265331	1.462046	-28.980773
115.648640	0.087897	3.011908	2.412599	-3.261951	-0.266007	1.464207	-28.980663
-115.536752	0.879772	2.891775	2.416914	-3.251724	-0.266684	1.466367	-28.980554
-35.266023	15.098599	0.382376	2.465290	-3.040646	-0.280361	1.509081	-28.978389
102.612816	23.496053	-2.158600	2.448130	-2.817609	-0.294277	1.550873	-28.976271
-54.130129	21.372958	-4.834141	2.358922	-2.544531	-0.310728	1.598305	-28.973865
-98.238542	4.194239	-6.905517	2.210440	-2.258673	-0.327419	1.644435	-28.971521
98.573776	3.003323	-6.981947	2.202374	-2.245127	-0.328199	1.646544	-28.971413
47.683870	1.781743	-7.056389	2.194216	-2.231559	-0.328979	1.648651	-28.971306
-108.211983	-20.253861	-8.037414	2.028735	-1.976637	-0.343488	1.687103	-28.969347
70.662563	-25.959165	-8.135490	1.843772	-1.715253	-0.358114	1.724558	-28.967433
123.730980	-11.468247	-6.995954	1.620364	-1.403964	-0.375287	1.766963	-28.965259
-123.914908	14.112524	-4.772164	1.393019	-1.087750	-0.392544	1.807963	-28.963145
-35.051198	15.119734	-4.651316	1.382605	-1.073291	-0.393330	1.809793	-28.963051
123.621180	16.088500	-4.529112	1.372190	-1.058835	-0.394116	1.811619	-28.962956
-59.027649	26.289396	-1.999408	1.174641	-0.785256	-0.408951	1.845521	-28.961198
-114.624178	19.660054	0.771980	0.975490	-0.511024	-0.423794	1.878361	-28.959485
112.778161	-6.268849	3.838954	0.742094	-0.192289	-0.441076	1.915280	-28.957544
71.805341	-26.725752	6.166041	0.508202	0.123485	-0.458304	1.950717	-28.955664
-113.951491	-27.025274	6.240398	0.498158	0.136952	-0.459042	1.952206	-28.955585
73.379594	-27.257940	6.312252	0.488114	0.150409	-0.459780	1.953692	-28.955506
116.023857	-19.081232	7.229272	0.288103	0.416550	-0.474460	1.982745	-28.953948
-119.684585	5.916439	7.232086	0.089017	0.677567	-0.489052	2.010685	-28.952434
-39.824774	29.679160	6.210043	-0.141877	0.974625	-0.505981	2.041939	-28.950719
123.027880	23.895313	4.288963	-0.369575	1.260798	-0.522731	2.071639	-28.949063
-63.767234	22.539830	4.184805	-0.380031	1.273763	-0.523502	2.072978	-28.948988
-122.403768	21.080926	4.079684	-0.390477	1.286699	-0.524273	2.074313	-28.948913
114.631241	-13.136704	2.026247	-0.581367	1.520064	-0.538411	2.098339	-28.947550
81.997250	-31.621228	-0.037487	-0.768284	1.742506	-0.552376	2.121209	-28.946231
-111.291980	-25.731569	-2.128731	-0.979908	1.985953	-0.568393	2.146367	-28.944750
45.913498	0.021402	-3.806788	-1.184055	2.210793	-0.584129	2.169943	-28.943327
114.233044	1.299204	-3.872967	-1.193143	2.220543	-0.584838	2.170977	-28.943264
-114.236022	2.566333	-3.938292	-1.202219	2.230256	-0.585546	2.172009	-28.943201
-41.013992	22.784467	-5.001972	-1.370282	2.405536	-0.598817	2.190894	-28.942028
104.400396	30.923875	-5.731946	-1.531172	2.564075	-0.611850	2.208599	-28.940899
-57.540944	19.663600	-6.171263	-1.709113	2.726369	-0.626758	2.227785	-28.939634
-98.315071	-4.060580	-6.274753	-1.872762	2.862115	-0.641308	2.245357	-28.938427
98.744419	-5.208845	-6.273831	-1.879660	2.867625	-0.641961	2.246118	-28.938373
57.998226	-6.349600	-6.272532	-1.886499	2.873075	-0.642613	2.246875	-28.938320
-112.505279	-23.913097	-6.196841	-2.001161	2.964312	-0.654727	2.260491	-28.937340
62.517963	-29.213677	-6.091139	-2.078812	3.033433	-0.666565	2.272937	-28.936401
139.464208	-27.255509	-6.032627	-2.105382	3.083135	-0.679392	2.285400	-28.935409
-15.374835	-26.258289	-6.031497	-2.070216	3.104476	-0.691881	2.296447	-28.934468
