-169.462006	25.974505	-39.948073	-81.493823	58.453494	6.640004	71.628869	0.248991	-22.236344
-75.741998	27.564929	-39.985995	-81.502595	58.452200	6.640767	71.628390	0.248998	-22.236347
83.423283	29.413733	-40.144275	-81.511768	58.450898	6.641529	71.627910	0.249006	-22.236350
-98.266065	37.391455	-43.724569	-81.574660	58.442985	6.646066	71.625055	0.249051	-22.236366
-110.782753	-1.993480	-51.577655	-81.651860	58.434791	6.650601	71.622193	0.249096	-22.236382
114.826279	-18.982378	-53.378414	-81.668438	58.433175	6.651478	71.621639	0.249105	-22.236385
60.802855	-32.997962	-55.212240	-81.685556	58.431548	6.652354	71.621085	0.249113	-22.236388
-121.236007	-37.453509	-56.714661	-81.699910	58.430214	6.653069	71.620634	0.249120	-22.236391
71.295862	-32.901297	-58.230854	-81.714821	58.428855	6.653793	71.620176	0.249128	-22.236394
124.321235	-20.101058	-60.009946	-81.732956	58.427237	6.654651	71.619633	0.249136	-22.236397
-124.351032	-5.996913	-61.783315	-81.751819	58.425591	6.655518	71.619084	0.249145	-22.236400
-30.281136	8.267963	-64.648138	-81.784291	58.422836	6.656956	71.618173	0.249159	-22.236405
118.913435	13.476432	-67.384493	-81.818225	58.420053	6.658395	71.617261	0.249173	-22.236410
-56.945082	14.652775	-69.435382	-81.846001	58.417839	6.659529	71.616542	0.249185	-22.236414
-112.380266	14.792690	-71.434543	-81.874934	58.415589	6.660672	71.615817	0.249196	-22.236418
-18.869906	66.074621	20.893371	-109.325605	57.373783	6.930403	71.433012	0.251908	-22.237447
79.433694	-97.497841	75.157634	-155.664969	55.293467	7.198454	71.227925	0.254672	-22.238588
-91.491822	-106.588893	70.774154	-157.834329	55.164532	7.211511	71.217325	0.254808	-22.238646
104.529515	-114.522040	66.019762	-159.968102	55.033026	7.224564	71.206672	0.254945	-22.238705
215.125595	-0.922794	-54.862282	-193.279561	51.773024	7.490526	70.976987	0.257764	-22.239968
-175.798397	192.783359	-85.812284	-197.951241	47.399974	7.754594	70.724580	0.260635	-22.241343
-117.147204	140.622526	-29.418979	-156.913963	40.912116	8.059207	70.402130	0.264041	-22.243083
109.726364	-83.071885	54.795288	-80.500268	33.094375	8.360789	70.048455	0.267520	-22.244977
-66.334690	-93.236509	58.228948	-76.737681	32.731239	8.373704	70.032519	0.267671	-22.245062
-110.951161	-103.295568	61.614611	-72.950349	32.366072	8.386612	70.016525	0.267823	-22.245147
130.608595	-267.183837	113.411045	5.464991	24.656529	8.643605	69.684125	0.270886	-22.246914
80.037518	-336.373581	123.008043	79.581737	16.284217	8.897690	69.328424	0.274004	-22.248794
-126.804244	-341.637976	98.872389	145.111024	5.955486	9.187663	68.887674	0.277683	-22.251115
59.373617	-322.304526	56.797724	184.381149	-4.843502	9.472577	68.415930	0.281436	-22.253588
117.238114	-320.661189	54.639460	185.589423	-5.348671	9.485570	68.393453	0.281611	-22.253706
-116.943555	-318.920253	52.468605	186.748384	-5.854676	9.498559	68.370895	0.281786	-22.253824
-21.536400	-269.920401	10.201026	199.657479	-15.395048	9.739436	67.936415	0.285093	-22.256096
110.035139	-200.235372	-34.069440	197.518589	-24.973734	9.975509	67.479120	0.288457	-22.258484
-68.381045	-112.361131	-86.266705	179.236486	-36.113793	10.244643	66.916021	0.292462	-22.261420
-104.562748	-37.016675	-136.666441	147.695741	-47.098321	10.505708	66.322312	0.296546	-22.264516
104.718811	-34.534948	-138.617411	146.211563	-47.533758	10.515987	66.297891	0.296711	-22.264643
39.513933	-32.097489	-140.561901	144.712680	-47.968774	10.526252	66.273421	0.296877	-22.264771
-111.728463	19.386470	-180.251632	109.703088	-57.136940	10.741691	65.739891	0.300437	-22.267553
88.671735	92.673254	-214.430708	70.576132	-66.047661	10.949952	65.184527	0.304056	-22.270452
128.416260	190.361333	-239.175253	23.302676	-75.972522	11.181630	64.513669	0.308327	-22.273960
-128.867724	276.134956	-243.706116	-22.358790	-85.366015	11.401866	63.814324	0.312680	-22.277625
-24.062215	280.039734	-243.323064	-24.669556	-85.849005	11.413244	63.776327	0.312914	-22.277824
128.496098	283.860191	-242.873073	-26.966097	-86.330470	11.424592	63.738229	0.313148	-22.278024
-81.949428	328.889886	-225.594126	-61.784386	-93.814262	11.602126	63.114646	0.316947	-22.281302
-118.319450	328.831714	-186.358825	-92.708484	-100.765694	11.769794	62.470925	0.320807	-22.284696
115.227751	261.392310	-110.299023	-123.863750	-108.095393	11.951419	61.697722	0.325371	-22.288789
62.170994	169.997038	-11.088939	-149.949343	-114.523497	12.117694	60.898387	0.330018	-22.293039
-116.440298	166.034959	-6.132398	-151.058235	-114.803327	12.125154	60.859974	0.330240	-22.293243
78.245049	162.147041	-1.168306	-152.156018	-115.080914	12.132576	60.821504	0.330462	-22.293449
118.964734	102.242256	89.893037	-170.396469	-119.779009	12.262508	60.103023	0.334582	-22.297289
-120.321400	57.291629	174.865650	-184.932710	-123.648614	12.379112	59.365709	0.338766	-22.301250
-41.543128	11.270592	254.754705	-197.144484	-126.989759	12.495670	58.495413	0.343656	-22.305952
118.009718	-34.197580	306.835851	-204.631112	-129.052696	12.592345	57.601561	0.348633	-22.310814
-66.668813	-36.624545	308.675516	-204.877548	-129.119056	12.596540	57.557274	0.348878	-22.311056
-117.834393	-39.077967	310.454268	-205.113064	-129.182154	12.600686	57.512906	0.349124	-22.311298
116.902059	-79.333907	332.279435	-207.462824	-129.739734	12.665760	56.715129	0.353530	-22.315670
66.888091	-95.403723	337.528495	-206.353935	-129.205753	12.713992	55.900696	0.358003	-22.320163
-120.504057	-89.688372	326.605532	-200.842303	-127.291081	12.748331	54.942481	0.363239	-22.325491
74.476554	-69.099419	301.084344	-191.245012	-124.074929	12.760167	53.963751	0.368564	-22.330980
122.116529	-67.569008	299.574018	-190.693049	-123.890252	12.760175	53.916479	0.368821	-22.331246
-122.069182	-65.973632	298.042091	-190.133361	-123.702948	12.760132	53.869192	0.369078	-22.331513
-16.888917	-29.278360	267.045128	-178.686423	-119.854553	12.750674	53.006558	0.373756	-22.336396
113.332525	5.951790	231.887397	-164.958345	-115.172984	12.724889	52.129941	0.378501	-22.341401
-69.921883	20.820438	189.869738	-146.667925	-108.793829	12.674914	51.098643	0.384077	-22.347343
-105.630875	9.266262	149.652837	-126.303662	-101.473426	12.603623	50.050282	0.389745	-22.353448
105.760004	8.203155	147.761516	-125.269620	-101.095060	12.599618	49.998880	0.390023	-22.353749
34.848166	7.113590	145.876301	-124.231982	-100.714702	12.595563	49.947440	0.390301	-22.354050
-111.207441	-9.821916	113.329756	-105.209125	-93.615936	12.515030	49.024690	0.395293	-22.359484
80.121016	-7.471647	82.900657	-85.406998	-85.949186	12.418938	48.090498	0.400354	-22.365040
123.692794	5.745338	50.618164	-61.948127	-76.439539	12.288446	46.994937	0.406302	-22.371627
-123.221309	11.989024	20.614091	-38.384381	-66.344560	12.137638	45.885712	0.412343	-22.378378
-28.902997	12.293426	19.174899	-37.230121	-65.835568	12.129717	45.830922	0.412642	-22.378713
122.842975	12.612526	17.737556	-36.076297	-65.325407	12.121748	45.776101	0.412941	-22.379049
-69.480943	17.938528	-7.365638	-15.932254	-56.196651	11.974128	44.809465	0.418227	-22.385008
-114.065816	13.051311	-32.713403	3.927329	-46.771954	11.811882	43.834059	0.423583	-22.391089
114.789841	-11.926547	-62.332709	26.376431	-35.571250	11.606038	42.694662	0.429871	-22.398280
65.212886	-23.566397	-91.959193	48.052861	-24.149421	11.381149	41.545214	0.436253	-22.405634
-121.444110	-23.446787	-93.293551	49.011416	-23.629906	11.370549	41.493082	0.436544	-22.405970
79.470961	-23.264919	-94.627441	49.968135	-23.110141	11.359910	41.440932	0.436834	-22.406306
127.136005	-11.447487	-120.049923	67.926146	-13.117959	11.148798	40.438571	0.442438	-22.412811
-128.203567	5.744059	-145.100287	85.139983	-3.098447	10.923885	39.430063	0.448114	-22.419439
-31.557318	22.904719	-173.325468	104.010631	8.429591	10.647159	38.258234	0.454758	-22.427245
118.306143	18.391268	-200.511509	121.697456	19.819331	10.352570	37.079860	0.461498	-22.435215
-62.191667	17.205397	-201.828933	122.542825	20.379487	10.337485	37.021206	0.461835	-22.435615
-117.882827	15.916612	-203.143857	123.385526	20.939401	10.322348	36.962503	0.462172	-22.436016
116.154460	-12.205798	-225.553463	137.585346	30.618436	10.050846	35.934456	0.468110	-22.443081
72.806155	-22.186058	-246.753736	150.740077	40.053648	9.766335	34.902864	0.474120	-22.450269
-120.488319	-12.036895	-269.390496	164.484559	50.519589	9.423438	33.713323	0.481119	-22.458685
57.415229	4.104145	-289.908357	176.657571	60.489220	9.063895	32.520746	0.488215	-22.467263
120.586985	4.714702	-290.810093	177.185887	60.941070	9.046704	32.464999	0.488549	-22.467667
-120.434688	5.300015	-291.706584	177.710544	61.391625	9.029478	32.409248	0.488883	-22.468072
-24.734331	13.197152	-307.458329	186.831069	69.556745	8.701226	31.367240	0.495159	-22.475700
107.881752	18.980974	-321.226016	194.641248	77.204539	8.360770	30.324314	0.501509	-22.483451
-65.108673	24.664242	-334.421395	201.964395	85.282489	7.954262	29.124153	0.508907	-22.492521
-102.995369	11.267382	-344.614937	207.463603	92.500009	7.532151	27.924441	0.516404	-22.501756
103.255661	9.857230	-344.999613	207.666012	92.800968	7.512928	27.870852	0.516742	-22.502173
48.803686	8.373966	-345.378230	207.864678	93.100012	7.493674	27.817266	0.517079	-22.502589
-111.480969	-22.106261	-351.558985	210.988033	98.544477	7.111553	26.771377	0.523712	-22.510797
77.810892	-24.741344	-355.432972	212.649722	103.192578	6.717995	25.727198	0.530421	-22.519129
123.237468	-7.424550	-357.051657	212.708777	107.443807	6.256926	24.542936	0.538141	-22.528755
-119.822278	5.339224	-355.768139	210.696049	110.586528	5.781626	23.362565	0.545961	-22.538542
-20.880622	5.943642	-355.636791	210.546479	110.708422	5.758795	23.306841	0.546333	-22.539009
119.215913	6.563158	-355.499215	210.391942	110.827867	5.735948	23.251163	0.546706	-22.539476
-66.019084	18.537502	-351.830819	206.599579	112.616381	5.308130	22.224212	0.553628	-22.548174
-107.542568	21.856124	-346.074149	200.955051	113.635851	4.869910	21.201575	0.560626	-22.556995
106.329258	5.827312	-337.044311	192.222794	113.909250	4.360632	20.047641	0.568657	-22.567151
56.101010	-12.334850	-324.983649	180.943980	113.297143	3.838947	18.900930	0.576786	-22.577465
-114.891464	-19.309953	-309.577983	167.198183	111.869163	3.310594	17.771678	0.584947	-22.587852
58.667923	-9.424886	-290.358139	150.894111	109.676669	2.772743	16.651199	0.593205	-22.598396
116.920919	-8.650009	-289.327137	150.040785	109.552111	2.746504	16.597222	0.593607	-22.598910
-116.856114	-7.858411	-288.286645	149.181545	109.425892	2.720245	16.543267	0.594009	-22.599425
-19.600508	8.646447	-266.376892	131.495679	106.680079	2.211212	15.508908	0.601800	-22.609403
109.889458	18.289255	-240.821655	111.688066	103.363760	1.696473	14.483660	0.609676	-22.619517
-67.118932	18.345536	-239.518580	110.698323	103.193190	1.671961	14.435318	0.610052	-22.619999
-109.802697	18.351865	-238.207102	109.704042	103.021439	1.647439	14.386998	0.610427	-22.620482
111.533861	9.042389	-210.091273	88.727116	99.307811	1.150298	13.416090	0.618051	-22.630299
47.659427	-8.948766	-179.534490	66.309736	95.152020	0.650107	12.454780	0.625753	-22.640240
-118.687296	-19.375727	-142.746611	39.337488	89.888661	0.073891	11.364642	0.634686	-22.651797
67.346750	-5.238942	-105.412084	11.600831	84.149246	-0.503448	10.288846	0.643722	-22.663518
117.839366	-4.352585	-103.650900	10.281576	83.867237	-0.530728	10.238385	0.644152	-22.664076
-117.681984	-3.477709	-101.890631	8.962029	83.584298	-0.558008	10.187959	0.644581	-22.664634
-27.576115	10.174848	-69.741234	-15.312653	78.214784	-1.059974	9.265563	0.652537	-22.674978
108.961724	19.135454	-38.460686	-39.266483	72.569066	-1.560484	8.355402	0.660571	-22.685446
-82.887426	21.875440	-4.176146	-65.955777	65.766012	-2.134380	7.322052	0.669931	-22.697667
-108.870067	7.727687	27.559130	-91.035719	58.702236	-2.703450	6.306645	0.679396	-22.710053
109.125480	6.459875	28.987951	-92.165473	58.364509	-2.730073	6.259339	0.679844	-22.710639
46.652770	5.138913	30.411186	-93.290264	58.026337	-2.756682	6.212075	0.680292	-22.711226
-115.656472	-19.353097	55.661967	-113.056041	51.725710	-3.243998	5.349184	0.688586	-22.722102
88.683978	-22.261113	79.227900	-130.809239	45.313785	-3.725371	4.501161	0.696958	-22.733099
124.098781	-7.338803	104.394837	-148.412358	37.862397	-4.269443	3.546568	0.706668	-22.745878
-121.685416	8.404728	127.244471	-162.875117	30.368902	-4.802850	2.613196	0.716483	-22.758818
-21.759775	9.138392	128.279155	-163.490413	30.008274	-4.828219	2.568839	0.716958	-22.759444
121.248348	9.871884	129.307610	-164.098263	29.647685	-4.853559	2.524534	0.717433	-22.760071
-60.203552	20.998521	146.818633	-173.808854	23.123816	-5.307877	1.730247	0.726089	-22.771505
-113.368805	20.141338	161.956318	-180.963958	16.652264	-5.751771	0.953484	0.734825	-22.783062
113.681054	-1.270696	175.885280	-185.889801	9.341975	-6.246768	0.084886	0.744944	-22.796468
69.543491	-19.379897	185.493604	-187.141038	2.205683	-6.725191	-0.758991	0.755168	-22.810035
-118.518950	-19.783962	185.843948	-187.103207	1.857622	-6.748437	-0.800144	0.755677	-22.810712
64.236724	-20.125518	186.181718	-187.055706	1.510133	-6.771639	-0.841233	0.756187	-22.811389
123.223118	-16.938779	190.085619	-184.608477	-4.504271	-7.172159	-1.553410	0.765191	-22.823356
-125.016723	-0.602238	190.326451	-179.052103	-10.328202	-7.557799	-2.245468	0.774275	-22.835446
-41.126155	21.891471	186.735509	-169.011182	-16.771299	-7.980781	-3.014238	0.784801	-22.849473
118.515749	22.467955	180.012792	-155.536943	-22.947751	-8.381274	-3.754796	0.795433	-22.863662
-70.610928	21.431402	179.626942	-154.809041	-23.239063	-8.400016	-3.789824	0.795950	-22.864351
-118.050279	20.282604	179.236494	-154.074957	-23.529546	-8.418690	-3.824761	0.796465	-22.865040
114.363325	-8.969946	171.391334	-139.726874	-28.672035	-8.746611	-4.444940	0.805843	-22.877571
70.189452	-24.921912	162.263578	-123.639963	-33.597046	-9.055080	-5.042245	0.815301	-22.890224
-111.337390	-22.369803	150.582327	-103.629771	-38.965646	-9.383349	-5.697858	0.826240	-22.904874
64.479980	-6.742822	137.812772	-82.555207	-44.030815	-9.683181	-6.321714	0.837285	-22.919684
109.398535	-5.813742	137.196055	-81.560985	-44.258499	-9.696388	-6.349898	0.837801	-22.920376
-109.225633	-4.870047	136.576946	-80.565205	-44.485656	-9.709539	-6.378029	0.838317	-22.921068
-26.879488	14.145810	124.610472	-61.793080	-48.619976	-9.943994	-6.892502	0.848040	-22.934120
99.096060	29.072786	112.020585	-43.097508	-52.509849	-10.154559	-7.381514	0.857844	-22.947293
-74.597743	30.174782	96.773004	-22.075497	-56.681772	-10.366283	-7.912763	0.869245	-22.962627
-98.616941	7.388115	80.722517	-1.865544	-60.511237	-10.543364	-8.408492	0.880754	-22.978122
98.966627	5.635354	79.960395	-0.942526	-60.681801	-10.550772	-8.430792	0.881295	-22.978851
42.050790	3.831006	79.198326	-0.022179	-60.851484	-10.558096	-8.452999	0.881836	-22.979579
-108.327802	-27.451460	65.130623	16.595036	-63.846587	-10.678950	-8.848802	0.891871	-22.993102
94.619196	-28.980003	51.404500	32.431576	-66.572269	-10.771689	-9.216765	0.901988	-23.006746
121.893658	-10.757162	36.423833	49.713651	-69.385357	-10.842660	-9.607513	0.913811	-23.022704
-119.159970	2.016293	22.572565	65.723096	-71.818916	-10.872976	-9.959171	0.925743	-23.038822
-20.807173	2.782723	21.894080	66.507021	-71.933547	-10.873407	-9.976170	0.926359	-23.039655
118.557431	3.585844	21.219438	67.286423	-72.047083	-10.873726	-9.993053	0.926975	-23.040487
-69.479501	18.924896	10.455124	79.701654	-73.793748	-10.862204	-10.259952	0.937330	-23.054487
-108.611292	22.981376	0.745158	90.831073	-75.246021	-10.817708	-10.497291	0.947766	-23.068606
109.500575	-0.554878	-9.200725	102.015643	-76.557285	-10.721820	-10.736761	0.960012	-23.085184
61.979752	-19.571851	-17.958060	111.245236	-77.452091	-10.575243	-10.937619	0.972369	-23.101922
-115.682508	-19.833111	-18.355351	111.639427	-77.484344	-10.566889	-10.946290	0.972963	-23.102728
75.541802	-20.015891	-18.751018	112.029326	-77.515617	-10.558410	-10.954874	0.973558	-23.103535
120.127864	-13.567983	-25.575107	118.327508	-77.909708	-10.384208	-11.094651	0.984302	-23.118098
-119.985641	0.768344	-31.744373	123.337275	-77.980134	-10.167866	-11.207244	0.995127	-23.132781
-33.771238	17.915662	-37.860636	127.642172	-77.646030	-9.866295	-11.304459	1.007745	-23.149903
111.207966	18.767193	-42.667545	130.465512	-76.850789	-9.512645	-11.367359	1.020473	-23.167185
-67.878578	18.010485	-42.873469	130.570553	-76.797676	-9.493315	-11.369662	1.021124	-23.168069
-111.041303	17.161508	-43.075493	130.671861	-76.743324	-9.473860	-11.371880	1.021775	-23.168953
112.114189	-4.546301	-45.918032	131.808921	-75.629215	-9.124828	-11.396548	1.032873	-23.184030
52.625044	-19.707267	-47.680637	131.802163	-74.146558	-8.742017	-11.397172	1.044052	-23.199224
-121.009306	-21.231657	-48.464970	130.316339	-71.952676	-8.258877	-11.368713	1.057106	-23.216986
75.256979	-9.293107	-48.071392	127.262321	-69.237079	-7.736847	-11.309944	1.070249	-23.234907
121.865221	-8.660921	-48.027868	127.081222	-69.096336	-7.711377	-11.306449	1.070870	-23.235755
-121.733603	-8.037966	-47.982305	126.896844	-68.954434	-7.685828	-11.302890	1.071490	-23.236602
-14.545762	2.677721	-46.817772	122.952306	-66.152249	-7.203915	-11.226283	1.082901	-23.252211
110.309581	14.008638	-45.144229	118.004334	-62.992334	-6.698113	-11.128658	1.094358	-23.267937
-82.674018	26.572525	-42.795021	111.121963	-58.903402	-6.081943	-10.989392	1.107747	-23.286400
-106.843031	17.182549	-40.266735	103.239293	-54.421760	-5.439950	-10.823638	1.121173	-23.305023
107.165740	15.730545	-40.142050	102.841587	-54.199020	-5.408742	-10.815088	1.121814	-23.305915
32.494026	14.179417	-40.016924	102.442055	-53.975506	-5.377483	-10.806481	1.122455	-23.306808
-116.511241	-18.460828	-37.677892	94.960440	-49.826871	-4.806800	-10.641856	1.134001	-23.322936
94.180469	-29.603455	-35.130453	86.996928	-45.460511	-4.222188	-10.459276	1.145555	-23.339181
134.124153	-14.749542	-31.851512	77.263738	-40.153540	-3.528154	-10.225405	1.158982	-23.358212
-133.521726	12.790317	-28.281201	67.142867	-34.644863	-2.821910	-9.969303	1.172392	-23.377400
-23.481207	14.049897	-28.106041	66.656358	-34.380196	-2.788268	-9.956659	1.173025	-23.378312
133.019821	15.283265	-27.930343	66.169207	-34.115193	-2.754608	-9.943969	1.173659	-23.379223
-66.676868	30.393790	-24.645111	57.206192	-29.241939	-2.139369	-9.704999	1.185168	-23.395870
-117.791681	24.878749	-21.208352	48.093037	-24.290907	-1.520180	-9.451135	1.196645	-23.412634
111.882410	-6.177068	-17.259990	37.932239	-18.770463	-0.834449	-9.154285	1.209272	-23.431283
-110.936341	-28.653689	-13.174677	27.757552	-13.236226	-0.149681	-8.841048	1.221837	-23.450072
79.138663	-24.607750	-8.805334	17.133144	-7.443777	0.566601	-8.494720	1.234978	-23.469999
115.364485	-2.927298	-4.647812	6.696483	-1.732346	1.274969	-8.132339	1.248022	-23.490081
-115.388810	-1.730500	-4.459856	6.203328	-1.461793	1.308623	-8.114607	1.248644	-23.491047
-21.699149	-0.531955	-4.273077	5.710542	-1.191373	1.342271	-8.096828	1.249266	-23.492013
114.531051	18.251663	-1.183998	-3.002406	3.602648	1.941045	-7.772157	1.260381	-23.509412
-77.367705	24.092728	1.257075	-11.421251	8.265344	2.528881	-7.437188	1.271403	-23.526925
-112.724239	11.147373	3.045839	-20.750322	13.497288	3.197885	-7.034290	1.284135	-23.547502
115.647436	-15.031260	3.710609	-29.403826	18.457975	3.845422	-6.619386	1.296716	-23.568235
55.689347	-15.887483	3.715565	-29.768312	18.670057	3.873474	-6.600799	1.297268	-23.569155
-116.103971	-16.685482	3.718532	-30.131452	18.881652	3.901496	-6.582179	1.297820	-23.570075
74.783272	-21.689295	3.394776	-36.867703	22.867787	4.436627	-6.215688	1.308498	-23.588047
127.596787	-12.727929	2.445250	-42.927025	26.581089	4.950731	-5.841893	1.319042	-23.606132
-130.557704	4.771935	0.963780	-49.015567	30.503374	5.517553	-5.400228	1.331091	-23.627246
-33.362772	21.511957	-0.408779	-53.995834	33.966672	6.049549	-4.950744	1.342934	-23.648513
125.269492	21.990206	-0.459699	-54.193783	34.112115	6.072802	-4.930183	1.343467	-23.649481
-65.039858	22.429778	-0.509260	-54.389351	34.256602	6.095992	-4.909594	1.343999	-23.650450
-113.421305	24.022694	-1.112331	-57.642557	36.813027	6.524033	-4.513069	1.354093	-23.669063
99.660127	15.034598	-0.922133	-59.968336	38.953425	6.920551	-4.112253	1.364011	-23.687789
89.509465	-30.451544	0.720581	-62.199341	42.237385	7.711715	-3.162170	1.386462	-23.732022
-115.015541	-11.615207	0.644713	-60.986642	43.127554	8.288235	-2.201576	1.407772	-23.776866
58.672149	-7.878810	0.617212	-60.929362	43.121842	8.298884	-2.179114	1.408255	-23.777919
118.420985	-3.655958	0.588697	-60.871023	43.114987	8.309407	-2.156638	1.408737	-23.778973
-120.232485	1.688639	0.556588	-60.806474	43.106249	8.320693	-2.132207	1.409260	-23.780120
-23.123766	7.564364	0.523347	-60.740800	43.096180	8.331814	-2.107790	1.409783	-23.781266
123.073952	11.997393	0.497444	-60.690360	43.087680	8.340123	-2.089319	1.410177	-23.782133
-57.518566	16.144850	0.470916	-60.639318	43.078429	8.348335	-2.070863	1.410571	-23.783000
-127.773546	37.941024	-0.095778	-59.646432	42.794055	8.478227	-1.746044	1.417422	-23.798293
118.863847	-8.121957	-0.780875	-58.510749	42.287976	8.580819	-1.421550	1.424123	-23.813654
94.169188	-40.274752	-1.392664	-56.786471	41.238700	8.679495	-0.971672	1.433179	-23.835120
-102.329201	-32.779330	-1.027228	-54.983770	39.816379	8.728978	-0.524047	1.441922	-23.856714
82.179226	-17.140383	0.148540	-53.009184	37.960270	8.730349	-0.058319	1.450735	-23.879486
111.129734	-0.107795	1.619739	-50.917503	35.766545	8.682416	0.402877	1.459175	-23.902398
-111.324204	0.637428	1.679621	-50.827497	35.668507	8.679387	0.421952	1.459518	-23.903355
-5.750942	1.390294	1.739113	-50.737168	35.569880	8.676276	0.441031	1.459861	-23.904312
114.003578	18.951062	2.814521	-48.792921	33.401790	8.593218	0.836311	1.466841	-23.924313
-86.980600	36.571637	3.344432	-46.720426	31.036584	8.476360	1.226853	1.473519	-23.944418
-117.493881	32.522922	2.968117	-44.174776	28.111744	8.302057	1.669305	1.480809	-23.967659
121.577576	-9.133699	1.654533	-41.466634	25.010073	8.086982	2.104087	1.487671	-23.991032
56.516104	-10.884875	1.577364	-41.341793	24.867744	8.076428	2.123369	1.487968	-23.992082
-121.954396	-12.559422	1.498732	-41.216572	24.725057	8.065789	2.142648	1.488264	-23.993132
80.734026	-29.691373	-0.279090	-38.728680	21.908399	7.844051	2.513595	1.493839	-24.013590
123.747399	-24.196190	-2.395950	-36.140595	19.024668	7.594383	2.877789	1.499067	-24.034147
-116.731271	-1.782992	-4.812798	-33.057414	15.668064	7.274818	3.287247	1.504631	-24.057880
-33.800630	22.853295	-6.678291	-29.870899	12.307188	6.922069	3.686640	1.509708	-24.081739
106.268596	23.472206	-6.741312	-29.722902	12.154067	6.905170	3.704660	1.509928	-24.082834
-76.357005	24.015097	-6.801993	-29.574625	12.000934	6.888194	3.722670	1.510148	-24.083929
-101.625109	19.080050	-7.544706	-26.728827	9.118403	6.554038	4.060006	1.514110	-24.104763
105.354638	-7.640236	-7.727520	-23.826685	6.298010	6.197842	4.388742	1.517682	-24.125689
58.042866	-22.807535	-7.648692	-20.432463	3.160931	5.762962	4.755343	1.521293	-24.149857
-127.200371	-16.496514	-7.569764	-17.006420	0.157875	5.302943	5.109100	1.524359	-24.174142
80.332178	-15.812967	-7.564973	-16.847651	0.022653	5.281108	5.125127	1.524487	-24.175268
127.714267	-15.107074	-7.559899	-16.688858	-0.112238	5.259223	5.141125	1.524614	-24.176393
-127.798297	0.499550	-7.376599	-13.694250	-2.593102	4.837277	5.437488	1.526786	-24.197684
-29.656856	17.048289	-6.902288	-10.730879	-4.941030	4.399378	5.722886	1.528520	-24.219062
110.692832	26.856931	-5.760657	-7.412820	-7.458474	3.878004	6.036789	1.529958	-24.243748
-73.765015	16.172590	-3.777311	-4.247052	-9.760860	3.339587	6.334665	1.530787	-24.268546
-102.688216	15.160997	-3.668918	-4.109930	-9.858501	3.315136	6.347603	1.530810	-24.269658
102.519585	14.104621	-3.558908	-3.973237	-9.955667	3.290656	6.360508	1.530831	-24.270770
59.539268	-10.722924	-1.126482	-1.423368	-11.737580	2.812043	6.603145	1.530995	-24.292303
-106.296610	-30.129637	1.848861	0.925924	-13.328034	2.323863	6.832603	1.530680	-24.313915
89.044242	-27.142292	5.770543	3.349737	-14.915534	1.747300	7.081624	1.529699	-24.339086
117.030143	-5.681809	9.450279	5.391941	-16.205771	1.161923	7.311370	1.528043	-24.364357
-117.162121	-4.539289	9.595629	5.473781	-16.256423	1.135449	7.321228	1.527952	-24.365495
-10.635345	-3.393175	9.738509	5.554669	-16.306395	1.108979	7.331038	1.527861	-24.366632
118.623706	17.459523	11.909188	6.924576	-17.136873	0.599061	7.511222	1.525826	-24.388480
-86.263063	29.519726	12.606690	7.921970	-17.713379	0.085749	7.675926	1.523265	-24.410398
-121.633921	21.414171	11.096589	8.576920	-18.044682	-0.511143	7.846639	1.519630	-24.435869
124.461218	-10.393685	7.605327	8.726329	-17.999789	-1.108463	7.995056	1.515259	-24.461429
56.462990	-11.712154	7.405817	8.721796	-17.988273	-1.136431	8.001452	1.515036	-24.462630
-124.692391	-12.965112	7.203572	8.716270	-17.975901	-1.164412	8.007801	1.514811	-24.463831
74.477559	-24.350643	3.089661	8.448104	-17.598669	-1.680571	8.115956	1.510349	-24.486082
125.177808	-18.530716	-1.384261	7.909947	-16.957732	-2.192043	8.206124	1.505310	-24.508397
-121.600767	-0.467627	-6.269392	7.044706	-15.932181	-2.768300	8.286730	1.498803	-24.534074
-27.988236	17.142759	-10.106014	6.009485	-14.635551	-3.327641	8.342153	1.491506	-24.559828
116.841952	17.631316	-10.247152	5.958177	-14.568449	-3.353482	8.344129	1.491143	-24.561044
-68.113001	18.071080	-10.383971	5.906756	-14.500885	-3.379255	8.346047	1.490778	-24.562258
-114.964889	16.680549	-12.185645	4.939260	-13.161244	-3.847226	8.371047	1.483680	-24.584820
116.833453	-0.130769	-12.776617	3.990745	-11.675959	-4.293463	8.375618	1.475964	-24.607437
67.811619	-15.214439	-12.295892	2.992999	-9.824997	-4.774527	8.354918	1.466331	-24.633503
-125.312246	-14.134201	-10.847104	2.110910	-7.867786	-5.215728	8.305654	1.455891	-24.659637
71.857013	-13.592382	-10.761777	2.074142	-7.778371	-5.234480	8.302763	1.455404	-24.660810
125.369990	-13.008423	-10.674829	2.037641	-7.688911	-5.253126	8.299815	1.454916	-24.661983
-123.289879	2.759542	-8.682288	1.381797	-5.950497	-5.593679	8.231343	1.445197	-24.684606
-38.428389	16.793782	-6.127479	0.817896	-4.207019	-5.895838	8.140348	1.434891	-24.707276
110.320412	19.162122	-2.526776	0.279455	-2.214866	-6.193870	8.005476	1.422175	-24.733696
-72.329229	1.842289	1.554219	-0.132925	-0.306044	-6.428764	7.838549	1.408682	-24.760174
-106.173695	0.866083	1.739793	-0.148543	-0.222834	-6.437754	7.830269	1.408057	-24.761367
106.154301	-0.106926	1.924857	-0.163899	-0.139946	-6.446597	7.821927	1.407430	-24.762560
52.355764	-16.564454	5.303430	-0.410103	1.391305	-6.588140	7.649161	1.395132	-24.785422
-113.135725	-25.994204	8.038875	-0.567616	2.796591	-6.674062	7.451365	1.382272	-24.808324
69.048406	-24.610383	9.896368	-0.645531	4.233881	-6.698976	7.190096	1.366674	-24.834911
119.373400	-13.499097	10.228137	-0.621986	5.431390	-6.638068	6.893696	1.350342	-24.861546
-119.310932	-12.869891	10.207401	-0.618871	5.477989	-6.633338	6.879865	1.349608	-24.862717
-18.003994	-12.226928	10.183683	-0.615596	5.524063	-6.628430	6.865966	1.348872	-24.863888
116.814685	5.197657	9.115313	-0.522489	6.317344	-6.495964	6.579735	1.334178	-24.886854
-87.394174	30.954113	6.891388	-0.383994	6.888570	-6.292517	6.267535	1.318953	-24.909852
-118.646009	33.910210	2.905258	-0.184840	7.247790	-5.964190	5.873758	1.300614	-24.936597
123.946195	-14.106954	-2.044231	0.034417	7.251346	-5.534729	5.449153	1.281579	-24.963380
47.255297	-16.281711	-2.286194	0.045360	7.241786	-5.510894	5.427467	1.280623	-24.964702
-124.357383	-18.319850	-2.526249	0.056292	7.231289	-5.486809	5.405714	1.279664	-24.966024
96.787830	-32.622348	-6.157436	0.235111	6.904098	-5.030036	5.017231	1.262739	-24.989018
123.393192	-20.699665	-8.159815	0.356002	6.324675	-4.507877	4.610769	1.245317	-25.012033
-116.998800	2.399920	-8.337326	0.342208	5.380551	-3.828098	4.116219	1.224350	-25.038939
-33.547092	19.161476	-6.432837	0.096901	4.216213	-3.087462	3.603574	1.202724	-25.065871
109.922656	19.717006	-6.304013	0.081340	4.159636	-3.052842	3.580064	1.201732	-25.067087
-76.782524	20.256336	-6.171815	0.065476	4.102766	-3.018132	3.556525	1.200740	-25.068303
-107.101764	25.426381	-3.064507	-0.280238	2.972580	-2.341483	3.103021	1.181580	-25.091475
108.567783	16.544648	0.833997	-0.658768	1.784589	-1.641874	2.641155	1.161947	-25.114662
39.867571	-4.942011	5.083765	-1.044118	0.388208	-0.810157	2.095060	1.138469	-25.141713
-118.703276	-22.645992	7.353187	-1.258818	-0.950401	0.024126	1.544147	1.114369	-25.168778
70.102520	-23.057869	7.379843	-1.262473	-1.005829	0.060007	1.520281	1.113313	-25.169948
118.970105	-23.427403	7.399396	-1.265588	-1.060968	0.095837	1.496429	1.112257	-25.171117
-119.458889	-19.972291	6.460548	-1.223007	-2.098322	0.802051	1.021553	1.091000	-25.194400
-27.115051	4.053029	3.700672	-1.009078	-2.994542	1.488035	0.548145	1.069296	-25.217689
109.808248	27.180386	-0.407561	-0.584443	-3.822321	2.244812	0.004297	1.043596	-25.244685
-61.348684	14.355132	-4.080615	0.007406	-4.405020	2.946057	-0.531119	1.017316	-25.271684
-104.389757	13.120235	-4.218453	0.037667	-4.425300	2.975889	-0.554820	1.016127	-25.272892
104.280870	11.850457	-4.353509	0.068271	-4.445097	3.005598	-0.578513	1.014936	-25.274101
61.534494	-14.610343	-6.285226	0.717597	-4.729588	3.546388	-1.027974	0.991865	-25.297292
-108.283663	-32.904052	-6.591389	1.472901	-4.835753	4.027320	-1.466238	0.968382	-25.320482
91.160682	-27.614654	-4.518534	2.401816	-4.744104	4.507439	-1.959727	0.940519	-25.347489
117.437580	-2.768378	-0.889083	3.244587	-4.436261	4.900998	-2.431731	0.912114	-25.374488
-117.510408	-1.415600	-0.709054	3.278648	-4.417259	4.916961	-2.452784	0.910800	-25.375725
-5.762014	-0.055396	-0.528919	3.312196	-4.397841	4.932743	-2.473784	0.909485	-25.376962
117.510116	23.906045	2.717581	3.830826	-3.954118	5.197389	-2.860889	0.884390	-25.400359
-95.690108	34.711956	5.014135	4.061018	-3.373098	5.397847	-3.227148	0.858902	-25.423747
-118.213333	19.565277	5.638095	3.842106	-2.551914	5.549738	-3.619582	0.829173	-25.450579
121.637298	-20.198813	4.543998	3.017929	-1.589307	5.619651	-3.980166	0.798947	-25.477394
55.812244	-21.644408	4.458704	2.964715	-1.540305	5.620982	-3.996633	0.797485	-25.478679
-122.019944	-22.977116	4.370855	2.910385	-1.491083	5.622131	-4.013024	0.796022	-25.479965
86.031340	-29.473442	2.412871	1.758241	-0.570557	5.611941	-4.295863	0.769414	-25.503167
126.343300	-14.998488	0.026124	0.353931	0.389559	5.545044	-4.554091	0.742448	-25.526351
-124.148879	7.057633	-2.560374	-1.445056	1.509032	5.400743	-4.822340	0.710849	-25.553120
-38.149840	21.882854	-4.115345	-3.277519	2.594755	5.188713	-5.058762	0.678791	-25.579860
119.279147	22.164547	-4.149532	-3.365523	2.646393	5.176630	-5.069563	0.677204	-25.581173
-69.226371	22.390388	-4.179003	-3.453250	2.697865	5.164386	-5.080296	0.675616	-25.582486
-116.439565	17.117182	-3.987641	-4.933334	3.564441	4.924714	-5.256750	0.647516	-25.605565
117.103916	-1.390870	-2.793105	-6.268834	4.337830	4.640741	-5.410264	0.619086	-25.628619
54.012582	-17.026645	-0.836068	-7.557930	5.077166	4.260423	-5.559756	0.585781	-25.655268
-123.299037	-18.472252	0.966489	-8.478766	5.605271	3.828551	-5.679548	0.552054	-25.681879
76.307184	-18.123818	1.036367	-8.512557	5.624831	3.806227	-5.684641	0.550399	-25.683176
123.290080	-17.738145	1.103926	-8.545209	5.643763	3.783803	-5.689661	0.548743	-25.684472
-120.854827	-6.258471	1.937950	-8.926590	5.871563	3.366912	-5.767405	0.519162	-25.707485
-26.884972	9.370683	2.137743	-8.910990	5.880261	2.917868	-5.823679	0.489278	-25.730467
109.400426	20.880959	1.761308	-8.467322	5.631001	2.367233	-5.862358	0.454487	-25.756900
-66.155603	13.745658	0.968936	-7.659108	5.134284	1.788642	-5.873567	0.419313	-25.783285
-106.398801	12.875687	0.926890	-7.613224	5.105352	1.760852	-5.873426	0.417648	-25.784525
106.401899	11.958464	0.884738	-7.566711	5.075968	1.733037	-5.873227	0.415984	-25.785765
58.780413	-9.456294	0.124536	-6.590194	4.448298	1.209345	-5.858758	0.384898	-25.808787
-112.349464	-25.272664	-0.425374	-5.427224	3.680798	0.676514	-5.824125	0.353544	-25.831766
81.191006	-19.151974	-0.580965	-3.917993	2.659739	0.062876	-5.760284	0.317372	-25.857993
116.234485	-0.959993	-0.368000	-2.264052	1.517143	-0.547550	-5.671133	0.280896	-25.884160
-116.153681	-0.159667	-0.352958	-2.181766	1.460098	-0.576481	-5.666252	0.279147	-25.885408
-16.899491	0.622301	-0.337685	-2.099130	1.402818	-0.605405	-5.661312	0.277397	-25.886657
113.757487	13.888513	-0.057847	-0.550194	0.334989	-1.123785	-5.562104	0.245576	-25.909257
-85.208584	28.172758	0.103237	1.098749	-0.773867	-1.627862	-5.444764	0.213573	-25.931809
-115.556318	25.444548	-0.003182	3.140803	-2.080026	-2.187367	-5.286533	0.176277	-25.957890
121.140057	-9.988215	-0.219888	5.330498	-3.373919	-2.712380	-5.105011	0.138799	-25.983901
56.391617	-11.562236	-0.227632	5.438138	-3.434518	-2.736344	-5.095810	0.137013	-25.985136
-121.651930	-13.056451	-0.234875	5.546017	-3.494965	-2.760195	-5.086564	0.135228	-25.986370
88.953332	-26.475656	-0.240903	7.560406	-4.569957	-3.175963	-4.909544	0.102711	-26.008783
124.876525	-20.355490	0.062229	9.669507	-5.582818	-3.553971	-4.715982	0.070108	-26.031139
-120.249442	-0.378620	0.643713	12.185294	-6.645307	-3.936839	-4.472188	0.032353	-26.056901
-36.361648	21.114998	1.302088	14.643499	-7.557631	-4.254066	-4.207370	-0.005457	-26.082584
113.279354	21.805588	1.333590	14.756925	-7.597154	-4.267546	-4.194097	-0.007278	-26.083818
-57.879680	22.442749	1.365000	14.869783	-7.636267	-4.280862	-4.180767	-0.009101	-26.085054
-110.229151	22.985339	1.896408	16.760342	-8.259980	-4.489580	-3.933415	-0.041850	-26.107212
112.472776	3.662715	2.267821	18.294562	-8.718139	-4.636438	-3.671821	-0.074591	-26.129306
60.298609	-17.162324	2.099079	19.419232	-9.011200	-4.720930	-3.352675	-0.112495	-26.154827
-124.396239	-22.734195	0.842610	19.540060	-9.017540	-4.706909	-3.018582	-0.150325	-26.180257
83.559327	-22.477177	0.748737	19.516052	-9.010415	-4.703882	-3.002507	-0.152105	-26.181453
124.522501	-22.171597	0.651533	19.489158	-9.002613	-4.700650	-2.986404	-0.153885	-26.182649
-122.136927	-9.822887	-1.586419	18.477822	-8.743252	-4.605801	-2.686139	-0.186507	-26.204557
-23.012505	9.452474	-4.206129	16.469933	-8.277317	-4.447463	-2.377870	-0.219025	-26.226393
105.459547	23.560649	-6.784994	12.896041	-7.511114	-4.193861	-2.014815	-0.256310	-26.251442
-66.592909	14.324918	-7.891757	7.940592	-6.528412	-3.872214	-1.645124	-0.293394	-26.276390
-99.465413	13.393094	-7.890977	7.673924	-6.477559	-3.855615	-1.627671	-0.295127	-26.277556
99.387552	12.427277	-7.884732	7.403997	-6.426269	-3.838876	-1.610197	-0.296860	-26.278723
49.691928	-7.694962	-6.747552	1.941816	-5.409817	-3.507423	-1.285945	-0.328776	-26.300240
-106.106275	-21.935312	-3.567267	-4.114253	-4.276071	-3.137608	-0.959838	-0.360493	-26.321676
85.035070	-18.728886	2.295291	-11.074094	-2.867045	-2.676728	-0.587840	-0.396355	-26.345994
116.861607	-6.747978	8.816950	-17.280467	-1.361130	-2.181614	-0.217249	-0.431900	-26.370202
-118.048380	1.289208	13.822045	-21.812332	0.187503	-1.668766	0.144256	-0.466555	-26.393927
-20.105159	11.242005	15.444780	-24.001554	1.773190	-1.138676	0.500474	-0.500843	-26.417541
117.565802	11.754312	15.406286	-24.038497	1.851325	-1.112401	0.517757	-0.502513	-26.418695
-74.343284	12.262270	15.355379	-24.068476	1.929427	-1.086121	0.535011	-0.504181	-26.419848
-118.411059	15.447317	11.861761	-23.369598	3.420229	-0.580362	0.861483	-0.535907	-26.441859
121.427202	-2.834020	3.748956	-20.514111	4.878566	-0.073578	1.179850	-0.567258	-26.463769
42.578207	-3.967963	3.227438	-20.309559	4.954373	-0.046768	1.196496	-0.568911	-26.464929
-121.867052	-5.072916	2.699382	-20.099933	5.030025	-0.019957	1.213124	-0.570565	-26.466090
91.493738	-16.658397	-7.332875	-15.572133	6.344557	0.456384	1.506014	-0.599983	-26.486832
130.225112	-7.189460	-16.538443	-9.806717	7.560337	0.921516	1.788572	-0.629014	-26.507477
-130.083782	22.420623	-21.367792	-2.007251	8.804527	1.439583	2.101549	-0.662174	-26.531300
-40.360378	11.709357	-15.260439	6.392281	9.822728	1.926283	2.396620	-0.694749	-26.554989
117.190646	9.833705	-14.720538	6.763886	9.861884	1.947015	2.409265	-0.696181	-26.556037
-67.910728	7.836099	-14.159099	7.134617	9.900492	1.967667	2.421870	-0.697611	-26.557085
-93.272641	-31.612904	-0.207507	14.056405	10.537861	2.353543	2.659587	-0.725268	-26.577472
69.186722	-13.141949	14.830363	19.902755	10.932577	2.703094	2.880731	-0.752439	-26.597754
-58.654699	37.786201	24.671940	24.241204	11.047918	3.038151	3.102688	-0.781671	-26.619888
-13.951481	14.113261	21.585973	25.757929	10.787561	3.316589	3.301163	-0.810264	-26.641893
99.384756	-37.318731	8.849704	24.691025	10.077016	3.548343	3.482154	-0.839547	-26.664839
-124.911508	-32.227287	-6.668584	21.494842	8.966814	3.722964	3.633121	-0.868061	-26.687635
-19.522335	-30.322853	-7.428410	21.287774	8.901490	3.730356	3.639901	-0.869478	-26.688781
126.332824	-28.315503	-8.181801	21.076845	8.835336	3.737617	3.646599	-0.870893	-26.689927
-81.166910	9.688004	-19.558554	16.941848	7.583014	3.842295	3.748238	-0.894791	-26.709469
-118.545420	27.068633	-26.256805	12.071926	6.134456	3.912346	3.824378	-0.918065	-26.728894
108.995976	-1.857410	-26.104742	6.004072	4.270921	3.954410	3.879264	-0.944206	-26.751237
67.801837	-19.783572	-20.426046	-0.045721	2.273357	3.957582	3.898609	-0.969453	-26.773418
-109.015187	-20.044626	-20.090095	-0.325857	2.176892	3.956801	3.898669	-0.970623	-26.774462
68.963324	-20.262754	-19.751276	-0.605320	2.080290	3.955937	3.898653	-0.971791	-26.775505
113.691091	-19.818918	-13.191873	-5.585593	0.292283	3.925556	3.885244	-0.992856	-26.794575
-115.303407	-15.640657	-6.368559	-10.185437	-1.494529	3.868214	3.847821	-1.013240	-26.813521
-19.347006	4.955099	1.092162	-14.814086	-3.500383	3.769422	3.776297	-1.035962	-26.835274
107.441313	19.752829	7.230149	-18.451344	-5.374844	3.637085	3.676387	-1.057768	-26.856855
-72.781192	19.741500	7.466869	-18.591080	-5.457106	3.630184	3.671119	-1.058753	-26.857848
-107.266859	19.641685	7.698743	-18.728033	-5.538879	3.623219	3.665799	-1.059736	-26.858840
107.903456	5.046537	11.275396	-20.808941	-6.981554	3.480260	3.556032	-1.077780	-26.877346
58.230280	-16.901051	13.752529	-22.018505	-8.224241	3.314186	3.427964	-1.095138	-26.895720
-113.082921	-25.316851	15.939373	-22.432854	-9.353442	3.094330	3.258648	-1.114366	-26.916811
64.581722	-1.826977	17.993650	-21.928513	-10.095828	2.846033	3.068556	-1.132673	-26.937721
110.953584	-0.533271	18.083293	-21.884872	-10.120449	2.833889	3.059299	-1.133497	-26.938683
-110.727672	0.735916	18.172058	-21.839539	-10.144198	2.821696	3.050009	-1.134319	-26.939645
-22.849500	19.650106	19.629156	-20.677338	-10.435565	2.582394	2.868559	-1.149368	-26.957604
99.021977	29.606443	20.491032	-18.948707	-10.450567	2.323701	2.674443	-1.163724	-26.975424
-76.613855	29.185896	20.435879	-16.307555	-10.157106	2.003227	2.437114	-1.179383	-26.995751
-99.286853	9.529943	19.199700	-13.035595	-9.566524	1.659976	2.186742	-1.194121	-27.015885
99.623109	8.127636	19.121133	-12.882043	-9.534971	1.644708	2.175689	-1.194735	-27.016748
40.552770	6.683139	19.040616	-12.727647	-9.502962	1.629414	2.164624	-1.195348	-27.017611
-109.285666	-22.393904	17.015277	-9.437681	-8.760421	1.313607	1.937349	-1.207332	-27.034927
96.308148	-29.040641	14.325368	-5.914308	-7.851243	0.986143	1.703156	-1.218619	-27.052094
125.755221	-14.691581	10.600135	-1.751123	-6.628966	0.597973	1.425882	-1.230782	-27.071725
-124.925580	5.841968	6.499942	2.295336	-5.260599	0.203899	1.143133	-1.242014	-27.091153
-6.985940	6.840988	6.308955	2.473536	-5.195311	0.185853	1.130127	-1.242504	-27.092034
124.476790	7.841037	6.118001	2.650875	-5.129851	0.167818	1.117124	-1.242993	-27.092915
-81.478666	23.971613	2.514014	5.848545	-3.851174	-0.174176	0.869134	-1.251894	-27.109559
-112.929560	24.598653	-0.908554	8.622215	-2.522644	-0.513038	0.619970	-1.260095	-27.126046
112.485980	-0.244904	-4.377135	11.117726	-0.968042	-0.894387	0.333761	-1.268656	-27.144804
59.162088	-19.537706	-7.166577	12.773280	0.577305	-1.262079	0.049694	-1.276289	-27.163350
-118.539015	-20.020313	-7.275557	12.827757	0.647362	-1.278546	0.036739	-1.276617	-27.164196
81.780534	-20.464359	-7.382734	12.880282	0.717311	-1.294973	0.023792	-1.276943	-27.165041
123.507659	-22.736264	-9.050234	13.495797	2.016136	-1.597792	-0.219407	-1.282747	-27.180967
-123.052008	-14.113929	-9.935727	13.354030	3.248686	-1.882748	-0.458051	-1.287849	-27.196728
-26.418392	12.881992	-9.718653	12.177373	4.560322	-2.185776	-0.726785	-1.292872	-27.214755
109.260428	24.266710	-7.940609	9.931033	5.717827	-2.455267	-0.985697	-1.296952	-27.232557
-80.929305	23.672035	-7.820203	9.805048	5.767399	-2.466904	-0.997471	-1.297119	-27.233380
-108.828393	22.947508	-7.696627	9.677456	5.816564	-2.478456	-1.009220	-1.297284	-27.234202
107.602181	-3.980251	-4.951847	7.072229	6.649425	-2.676483	-1.221849	-1.299965	-27.249339
58.475646	-25.694632	-1.749887	4.174201	7.321095	-2.842094	-1.424259	-1.301944	-27.264304
-114.613265	-28.309093	1.747561	0.769924	7.870957	-2.989182	-1.644472	-1.303358	-27.281439
63.622204	-8.558074	4.240377	-2.321686	8.144774	-3.083530	-1.847226	-1.303825	-27.298338
115.897917	-7.524469	4.325675	-2.452786	8.150329	-3.086605	-1.856264	-1.303824	-27.299124
-115.798215	-6.510095	4.407908	-2.582285	8.155206	-3.089554	-1.865253	-1.303820	-27.299908
-28.395603	9.531362	5.354392	-4.650773	8.121420	-3.122094	-2.022769	-1.303385	-27.314259
105.795969	22.602911	5.168911	-6.014836	7.842692	-3.114525	-2.164522	-1.302245	-27.328431
-95.828787	33.111210	3.642968	-6.733677	7.191788	-3.059642	-2.308966	-1.300027	-27.344708
-103.817334	18.879906	1.060334	-6.608182	6.173999	-2.960051	-2.431438	-1.296849	-27.360739
104.130043	17.289910	0.936291	-6.584899	6.120599	-2.954705	-2.436342	-1.296687	-27.361440
28.169233	15.614200	0.812267	-6.560220	6.066521	-2.949286	-2.441201	-1.296523	-27.362140
-113.375365	-21.078817	-1.478361	-5.824607	4.883933	-2.828941	-2.527680	-1.292958	-27.375672
103.091531	-32.693343	-3.048163	-4.696552	3.498678	-2.682309	-2.599080	-1.288684	-27.389019
128.638844	-16.295199	-3.316555	-3.067303	1.713882	-2.481933	-2.664002	-1.282802	-27.404348
-126.191452	11.723916	-2.282386	-1.309904	-0.150454	-2.254220	-2.709984	-1.275951	-27.419424
-22.285142	12.941538	-2.214030	-1.229529	-0.236268	-2.243135	-2.711661	-1.275611	-27.420113
125.569385	14.131094	-2.144407	-1.149443	-0.321910	-2.232010	-2.713299	-1.275270	-27.420801
-91.579184	28.486269	-0.695649	0.264653	-1.872686	-2.017591	-2.736821	-1.268569	-27.433460
-112.139475	21.384576	0.787457	1.447783	-3.298148	-1.789648	-2.747714	-1.261155	-27.445932
112.614754	-11.921600	2.120643	2.358458	-4.707723	-1.509821	-2.745140	-1.251582	-27.460276
61.810634	-24.087307	2.520294	2.586464	-5.739916	-1.219871	-2.726856	-1.241034	-27.474365
-121.236660	-23.861474	2.506123	2.578946	-5.777807	-1.206075	-2.725624	-1.240514	-27.475021
76.942032	-23.567444	2.488645	2.569791	-5.814702	-1.192268	-2.724360	-1.239993	-27.475676
128.345575	-11.066661	1.695643	2.151206	-6.316375	-0.938800	-2.695631	-1.230111	-27.487531
-128.893551	3.655085	0.378313	1.382344	-6.504718	-0.684596	-2.656526	-1.219539	-27.499198
-33.525215	22.841265	-1.091447	0.289411	-6.351138	-0.391675	-2.598470	-1.206351	-27.512574
112.318220	22.707950	-1.853763	-0.734775	-5.824064	-0.105078	-2.527797	-1.192264	-27.525696
-72.345975	21.762895	-1.872026	-0.775815	-5.791006	-0.091947	-2.524221	-1.191588	-27.526299
-111.624339	20.716787	-1.889001	-0.816064	-5.757193	-0.078825	-2.520616	-1.190910	-27.526903
107.786998	-7.361357	-2.000381	-1.373927	-5.010500	0.159947	-2.449622	-1.178051	-27.537940
65.516560	-25.080735	-1.785823	-1.498058	-4.065979	0.391429	-2.370508	-1.164559	-27.548791
-110.587307	-24.700122	-1.076681	-1.176531	-2.791215	0.650657	-2.268662	-1.148043	-27.561211
58.140066	-8.307629	-0.098161	-0.530606	-1.407022	0.896562	-2.157285	-1.130704	-27.573377
111.205613	-7.440218	-0.052209	-0.496495	-1.342552	0.907429	-2.151991	-1.129894	-27.573926
-111.101455	-6.576694	-0.006378	-0.462123	-1.278023	0.918265	-2.146680	-1.129083	-27.574475
-28.494816	9.061598	0.796383	0.211732	-0.059959	1.116419	-2.043246	-1.113469	-27.584716
101.333833	22.321682	1.346041	0.851929	1.126697	1.302076	-1.933940	-1.097278	-27.594771
-79.846938	29.913979	1.403274	1.393520	2.399273	1.500357	-1.800387	-1.077778	-27.606208
-98.731687	13.798694	0.694085	1.581661	3.485409	1.678405	-1.660431	-1.057537	-27.617396
99.010122	12.192776	0.649793	1.581907	3.529263	1.686016	-1.653905	-1.056596	-27.617900
42.637449	10.509659	0.604928	1.581469	3.572569	1.693582	-1.647368	-1.055654	-27.618404
-107.149307	-22.896122	-0.277799	1.447927	4.288493	1.827352	-1.522073	-1.037613	-27.627808
98.614352	-28.998521	-0.986221	1.088297	4.822463	1.943520	-1.393211	-1.019054	-27.637027
120.990256	-10.459165	-1.217830	0.409062	5.231447	2.054905	-1.239606	-0.996846	-27.647513
-120.550980	10.792273	-0.794726	-0.505776	5.434238	2.139109	-1.082688	-0.973977	-27.657751
-15.403229	11.675211	-0.762205	-0.551102	5.439054	2.142261	-1.075490	-0.972922	-27.658210
120.272243	12.547617	-0.728695	-0.596602	5.443509	2.145351	-1.068293	-0.971867	-27.658669
-78.562312	25.145646	0.052808	-1.456288	5.464514	2.192567	-0.930892	-0.951599	-27.667272
-113.664042	22.891106	0.919054	-2.157113	5.378883	2.218246	-0.792207	-0.930871	-27.675691
113.118637	-2.261099	1.522565	-2.470586	5.173066	2.221952	-0.630872	-0.906338	-27.685201
51.535818	-21.689493	1.202165	-2.020490	4.878242	2.199667	-0.469286	-0.881227	-27.694466
-115.455732	-21.994714	1.162296	-1.982963	4.862510	2.198020	-0.461720	-0.880036	-27.694894
73.042027	-22.228299	1.120228	-1.944200	4.846616	2.196321	-0.454156	-0.878845	-27.695321
116.963674	-16.204906	0.027305	-1.041676	4.524639	2.155666	-0.314421	-0.856580	-27.703136
-115.930934	0.819593	-1.327612	0.080759	4.154753	2.098326	-0.175294	-0.833911	-27.710766
-28.912997	21.109463	-2.578286	1.400036	3.677117	2.012656	-0.015439	-0.807219	-27.719360
108.879584	24.473396	-2.801770	2.492557	3.156686	1.907640	0.143264	-0.780025	-27.727710
-86.656622	23.936620	-2.778851	2.532749	3.133231	1.902650	0.150148	-0.778830	-27.728068
-108.716046	23.332545	-2.752953	2.572240	3.109734	1.897630	0.157024	-0.777634	-27.728425
108.633551	2.557478	-1.712354	3.214023	2.632050	1.791011	0.293229	-0.753697	-27.735430
52.581810	-18.271352	-0.006837	3.571523	2.139134	1.671967	0.428576	-0.729414	-27.742253
-113.377984	-29.633382	2.148002	3.606858	1.560939	1.520259	0.583765	-0.700926	-27.749916
72.939678	-19.940645	3.848217	3.211663	0.984355	1.355298	0.737059	-0.672014	-27.757338
113.180994	-18.898874	3.910581	3.181835	0.957096	1.347166	0.744283	-0.670630	-27.757684
-113.028654	-17.803737	3.970988	3.151009	0.929868	1.339015	0.751497	-0.669247	-27.758030
-16.767308	8.154941	4.691790	2.416440	0.438035	1.186845	0.881448	-0.643963	-27.764215
101.556739	31.550691	4.527628	1.380052	-0.047476	1.027808	1.009040	-0.618395	-27.770221
-97.139172	34.268356	2.891052	-0.050766	-0.599209	0.836987	1.153134	-0.588468	-27.776948
-97.778349	9.051272	-0.188936	-1.539736	-1.137568	0.640918	1.292710	-0.558198	-27.783437
98.126699	7.063322	-0.366349	-1.613467	-1.164576	0.630833	1.299683	-0.556647	-27.783761
23.012873	5.026447	-0.544387	-1.686761	-1.191525	0.620745	1.306638	-0.555097	-27.784084
-108.028430	-26.995201	-3.505715	-2.844375	-1.641654	0.448831	1.422362	-0.528698	-27.789469
109.002928	-31.414195	-5.776322	-3.754084	-2.078000	0.276101	1.533664	-0.502072	-27.794676
129.429855	-13.027962	-6.735251	-4.329835	-2.564420	0.076607	1.656554	-0.470935	-27.800493
-131.533700	7.930102	-6.116322	-4.259763	-3.025003	-0.120024	1.772133	-0.439534	-27.806072
-9.287589	8.892784	-6.052552	-4.241469	-3.046053	-0.129276	1.777440	-0.438033	-27.806332
131.271131	9.849187	-5.985884	-4.221955	-3.066997	-0.138510	1.782724	-0.436533	-27.806591
-75.454839	23.732969	-4.285865	-3.669496	-3.431350	-0.304315	1.875635	-0.409128	-27.811211
-119.537365	23.176075	-1.776434	-2.804860	-3.762464	-0.464870	1.962000	-0.381554	-27.815654
115.078803	0.341262	1.706460	-1.534903	-4.101338	-0.642091	2.053042	-0.349491	-27.820569
59.493991	-16.506356	4.843081	-0.107976	-4.390496	-0.808326	2.133969	-0.317241	-27.825249
-115.706665	-16.805879	4.963158	-0.039409	-4.402812	-0.815830	2.137511	-0.315722	-27.825463
72.141568	-17.051572	5.079810	0.029138	-4.415004	-0.823301	2.141026	-0.314203	-27.825676
117.915844	-13.590778	6.665605	1.279518	-4.618592	-0.955538	2.201437	-0.286140	-27.829518
-118.234864	-0.539706	7.406566	2.442930	-4.780782	-1.076434	2.253202	-0.257966	-27.833184
-27.099737	15.934091	7.645331	3.561775	-4.914364	-1.200354	2.301683	-0.225246	-27.837206
111.502325	14.457647	7.639449	4.303051	-4.987203	-1.305110	2.337217	-0.192416	-27.840995
-70.736392	13.574280	7.636293	4.326396	-4.989095	-1.309554	2.338565	-0.190861	-27.841168
-111.195050	12.609399	7.632942	4.348561	-4.990844	-1.313948	2.339881	-0.189306	-27.841341
109.877726	-9.742818	7.530886	4.547391	-4.997067	-1.385760	2.358418	-0.160922	-27.844400
54.664942	-17.824764	7.314184	4.369523	-4.952926	-1.442050	2.366261	-0.132484	-27.847286
-116.461300	-18.489252	6.802056	3.766703	-4.839607	-1.487957	2.361353	-0.099483	-27.850413
73.729912	-23.749076	5.863335	2.836945	-4.661708	-1.513089	2.340724	-0.066456	-27.853309
118.344918	-23.630625	5.808422	2.788920	-4.652188	-1.513733	2.339410	-0.064965	-27.853434
-118.225756	-23.445809	5.752333	2.740450	-4.642542	-1.514335	2.338062	-0.063473	-27.853559
-12.866934	-8.700323	4.454055	1.735496	-4.432801	-1.517659	2.305546	-0.034821	-27.855865
102.695783	14.347294	2.765979	0.637310	-4.177779	-1.505320	2.260139	-0.006194	-27.857997
-76.493145	28.335905	0.405987	-0.648910	-3.831624	-1.471994	2.191720	0.026571	-27.860228
-92.657520	11.092842	-2.228902	-1.866441	-3.430153	-1.418446	2.105426	0.059253	-27.862230
92.932725	9.239795	-2.348493	-1.919817	-3.410128	-1.415465	2.100965	0.060774	-27.862318
41.887390	7.300125	-2.467110	-1.972777	-3.390001	-1.412443	2.096466	0.062294	-27.862405
-102.855030	-29.078289	-4.420689	-2.879355	-2.993006	-1.348204	2.005200	0.090646	-27.863944
86.606867	-29.274367	-5.527505	-3.581966	-2.557427	-1.269633	1.900351	0.118896	-27.865311
122.130629	-5.115494	-5.319537	-4.064880	-2.008134	-1.162095	1.762799	0.151368	-27.866676
-121.339943	9.776629	-3.896382	-4.176214	-1.410186	-1.037926	1.608301	0.183657	-27.867812
-22.172871	10.422378	-3.810855	-4.173025	-1.381616	-1.031859	1.600825	0.185132	-27.867859
120.895622	11.086012	-3.724009	-4.169154	-1.352965	-1.025765	1.593320	0.186607	-27.867905
-70.671733	24.023314	-1.891915	-3.972978	-0.795575	-0.905077	1.445487	0.214354	-27.868686
-110.885471	25.017691	0.074031	-3.561563	-0.214192	-0.774654	1.286652	0.241925	-27.869297
111.544252	0.372257	2.075604	-2.854148	0.473109	-0.614066	1.091084	0.273519	-27.869791
59.756829	-19.625940	3.329081	-1.937620	1.161824	-0.445276	0.884315	0.304828	-27.870058
-117.524145	-20.051857	3.360131	-1.892360	1.192431	-0.437569	0.874826	0.306223	-27.870065
75.188294	-20.428255	3.388667	-1.846800	1.222986	-0.429856	0.865325	0.307616	-27.870071
121.354301	-20.888968	3.436138	-0.902434	1.807580	-0.278346	0.677555	0.334520	-27.870102
-119.950710	-14.511981	2.577839	0.127684	2.369058	-0.124500	0.484153	0.361169	-27.869964
-22.230600	3.961854	0.938458	1.315406	2.972095	0.053050	0.256461	0.391469	-27.869596
106.982523	18.968629	-0.767213	2.375338	3.514093	0.228839	0.024873	0.421382	-27.869004
-81.408749	19.232055	-0.839493	2.420640	3.538368	0.237214	0.013657	0.422812	-27.868970
-106.618074	19.432386	-0.910299	2.465288	3.562462	0.245578	0.002436	0.424241	-27.868935
105.842407	13.015555	-1.920516	3.142473	3.963048	0.394005	-0.200011	0.449791	-27.868223
30.241819	-4.906788	-2.431792	3.531208	4.293813	0.537297	-0.402598	0.475013	-27.867344
-111.839473	-21.536458	-2.413505	3.535878	4.575467	0.694209	-0.635167	0.503717	-27.866121
77.528196	-17.588933	-1.822196	3.037219	4.739345	0.839315	-0.864273	0.531931	-27.864676
114.204368	-16.932579	-1.783015	3.002564	4.744284	0.845918	-0.875117	0.533269	-27.864601
-114.236541	-16.242905	-1.743050	2.967057	4.748964	0.852487	-0.885949	0.534606	-27.864526
-19.754085	0.171739	-0.916197	2.197766	4.790119	0.965210	-1.079527	0.558587	-27.863076
111.631580	17.551865	-0.007109	1.262168	4.752497	1.064949	-1.267532	0.582163	-27.861461
-91.046408	27.971927	0.905958	0.141282	4.619990	1.161007	-1.473390	0.608524	-27.859418
-108.287103	22.399519	1.477882	-0.881429	4.398358	1.237205	-1.668439	0.634310	-27.857159
110.831439	-0.390755	1.686833	-1.710330	4.100087	1.291960	-1.847880	0.659057	-27.854732
61.626753	-27.790789	1.620133	-2.351987	3.728137	1.326240	-2.013830	0.683201	-27.852099
-118.087675	-28.848747	1.611414	-2.377837	3.708631	1.327358	-2.021398	0.684339	-27.851968
85.598696	-29.862915	1.602260	-2.403226	3.688983	1.328428	-2.028927	0.685474	-27.851836
127.195403	-33.648996	1.344215	-2.811494	3.271078	1.339835	-2.170432	0.707578	-27.849150
-132.195481	2.651502	0.969523	-3.038200	2.798869	1.333013	-2.298332	0.729104	-27.846281
-5.875058	4.803032	0.947800	-3.044629	2.773911	1.332209	-2.304377	0.730166	-27.846133
132.211577	6.916632	0.925781	-3.050583	2.748831	1.331362	-2.310388	0.731225	-27.845984
-89.686770	34.369130	0.448991	-3.072091	2.250261	1.307313	-2.418256	0.751060	-27.843073
-120.740658	29.145326	-0.119044	-2.915401	1.712530	1.268806	-2.514490	0.770334	-27.839999
116.451017	-13.552692	-0.714214	-2.507201	1.055419	1.208072	-2.611093	0.791746	-27.836269
69.375687	-32.070531	-1.020754	-1.845370	0.366432	1.131107	-2.693425	0.812372	-27.832324
-119.075610	-31.865355	-1.023774	-1.805496	0.330957	1.126812	-2.697219	0.813393	-27.832119
82.145815	-31.547487	-1.025404	-1.765037	0.295431	1.122479	-2.700978	0.814413	-27.831913
122.730015	-15.004228	-0.867064	-0.986627	-0.324350	1.041842	-2.760519	0.831707	-27.828270
-122.360671	4.321020	-0.468952	-0.110274	-0.945313	0.951069	-2.810008	0.848362	-27.824463
-34.083467	21.823059	0.068868	0.916109	-1.639500	0.836123	-2.854765	0.866602	-27.819909
111.904280	23.812806	0.458806	1.861168	-2.297162	0.710743	-2.887427	0.883956	-27.815143
-73.095378	23.298269	0.469419	1.901913	-2.326982	0.704588	-2.888680	0.884754	-27.814912
-111.664256	22.718850	0.479168	1.942216	-2.356674	0.698413	-2.889907	0.885549	-27.814681
112.095135	5.107612	0.523037	2.590846	-2.877697	0.581382	-2.907995	0.899828	-27.810346
42.035287	-10.456526	0.376420	3.011895	-3.341683	0.458690	-2.917788	0.913413	-27.805849
-119.763086	-16.688032	0.092592	3.142344	-3.778737	0.316863	-2.919410	0.927702	-27.800663
119.943081	-11.096020	-0.256733	2.918996	-4.124095	0.170629	-2.911799	0.941140	-27.795280
-114.167298	-3.759124	-0.532325	2.361204	-4.384792	0.018750	-2.895142	0.953946	-27.789601
-24.289547	6.977271	-0.553265	1.506165	-4.560845	-0.134849	-2.870062	0.965890	-27.783719
97.037686	11.377637	-0.163623	0.412843	-4.658688	-0.287812	-2.837350	0.976916	-27.777671
-62.115933	0.688269	0.598005	-0.802449	-4.686308	-0.439648	-2.797440	0.987106	-27.771424
-97.970447	-0.052936	0.634473	-0.860294	-4.685987	-0.446800	-2.795377	0.987569	-27.771123
98.355068	-0.800912	0.670382	-0.918011	-4.685524	-0.453946	-2.793300	0.988030	-27.770821
48.908252	-12.940609	1.154454	-2.003860	-4.648513	-0.593167	-2.749465	0.996727	-27.764790
-122.536698	-12.611072	0.955807	-2.918692	-4.562139	-0.728875	-2.700343	1.004713	-27.758584
63.306403	-12.048438	0.926574	-2.960665	-4.556308	-0.735922	-2.697612	1.005114	-27.758252
123.199903	-11.435384	0.895677	-3.001935	-4.550355	-0.742957	-2.694868	1.005514	-27.757919
-122.882108	2.976558	0.100585	-3.615311	-4.422479	-0.867879	-2.643007	1.012407	-27.751817
-25.170510	14.607633	-0.964727	-3.935927	-4.259310	-0.987980	-2.587187	1.018664	-27.745558
104.170856	23.990152	-2.188276	-3.866438	-4.032142	-1.119447	-2.518542	1.025088	-27.738158
-69.169175	25.824325	-3.029043	-3.248758	-3.762711	-1.242774	-2.445760	1.030687	-27.730551
-96.353187	25.209811	-3.052920	-3.203923	-3.748665	-1.248485	-2.442164	1.030936	-27.730179
96.164092	24.497560	-3.075002	-3.157640	-3.734517	-1.254174	-2.438561	1.031183	-27.729808
45.884620	-0.046672	-3.160217	-2.100651	-3.462169	-1.352982	-2.372304	1.035307	-27.723030
-97.782486	-27.214701	-2.617124	-0.726807	-3.156190	-1.444379	-2.303749	1.038826	-27.716097
100.126571	-32.901265	-1.114945	1.061761	-2.756051	-1.540827	-2.221383	1.042171	-27.707822
106.657264	-10.453057	1.208649	2.809730	-2.307779	-1.625593	-2.136874	1.044712	-27.699337
-106.842060	-8.764298	1.327651	2.888906	-2.284835	-1.629382	-2.132742	1.044815	-27.698920
-4.795734	-7.032402	1.446219	2.967314	-2.261789	-1.633138	-2.128608	1.044915	-27.698504
109.827013	23.403168	3.343821	4.202569	-1.835463	-1.694407	-2.055165	1.046391	-27.691070
-97.112241	34.442561	4.388561	5.045690	-1.372092	-1.745611	-1.981205	1.047293	-27.683483
-115.792512	18.406988	3.927071	5.358921	-0.785006	-1.791648	-1.895072	1.047628	-27.674460
119.287499	-16.065071	2.193339	4.925457	-0.147433	-1.822186	-1.809476	1.047204	-27.665231
46.144343	-17.267162	2.101869	4.891848	-0.119136	-1.823135	-1.805831	1.047169	-27.664831
-119.567146	-18.409165	2.009508	4.857129	-0.090785	-1.824053	-1.802190	1.047133	-27.664431
85.812120	-29.825908	0.036748	3.938759	0.492301	-1.836081	-1.729502	1.046114	-27.656321
121.728310	-25.534087	-1.882045	2.667049	1.094097	-1.835684	-1.657707	1.044548	-27.648060
-117.682992	-9.834191	-3.617885	0.866912	1.806447	-1.819222	-1.574965	1.042036	-27.638220
-22.250406	12.947180	-4.345748	-1.122174	2.512914	-1.785261	-1.493357	1.038795	-27.628176
110.365628	13.827059	-4.346990	-1.215091	2.544808	-1.783285	-1.489651	1.038630	-27.627712
-69.342608	14.671656	-4.345057	-1.308059	2.576654	-1.781271	-1.485947	1.038463	-27.627247
-105.579575	21.813674	-3.673381	-3.027915	3.160601	-1.736770	-1.417128	1.035069	-27.618486
105.544455	10.655123	-1.804316	-4.611456	3.716181	-1.679094	-1.349041	1.031159	-27.609576
36.198040	-7.305397	0.975641	-6.060256	4.314072	-1.594977	-1.270522	1.025955	-27.599002
-116.989811	-20.276158	3.102068	-6.818152	4.842209	-1.492450	-1.192882	1.020069	-27.588230
76.220601	-20.646050	3.162698	-6.832074	4.864909	-1.487203	-1.189273	1.019777	-27.587721
117.415557	-20.987412	3.218745	-6.843851	4.887406	-1.481918	-1.185669	1.019484	-27.587213
-118.921503	-18.885796	3.471050	-6.665935	5.267517	-1.376947	-1.119404	1.013812	-27.577746
-10.156741	3.296936	2.516690	-5.749792	5.575148	-1.257882	-1.053699	1.007647	-27.568135
108.831352	25.632186	0.629593	-3.978286	5.830308	-1.102374	-0.978349	0.999913	-27.556840
-85.749381	13.885119	-1.284060	-1.729991	5.966015	-0.927504	-0.903620	0.991539	-27.545355
-102.522442	12.657335	-1.364499	-1.615995	5.969291	-0.918691	-0.900077	0.991125	-27.544803
102.379350	11.394566	-1.443434	-1.501674	5.972266	-0.909840	-0.896537	0.990709	-27.544252
39.995792	-13.503857	-2.548592	0.602911	5.972846	-0.741713	-0.832604	0.982936	-27.534183
-106.211265	-31.771528	-2.782319	2.647618	5.867429	-0.559181	-0.769038	0.974703	-27.523977
83.982865	-30.689376	-1.716117	4.740055	5.604044	-0.331293	-0.695563	0.964569	-27.511942
115.781987	-13.090155	0.155906	6.353911	5.181334	-0.089921	-0.622465	0.953837	-27.499725
-115.890915	-12.062113	0.250266	6.415818	5.157142	-0.078175	-0.619000	0.953312	-27.499140
4.635816	-11.022830	0.344407	6.476247	5.132570	-0.066407	-0.615536	0.952786	-27.498555
117.151508	10.270161	1.902942	7.293243	4.621354	0.149957	-0.552971	0.943044	-27.487895
-90.944509	33.171826	2.812164	7.511766	3.981553	0.371410	-0.490587	0.932877	-27.477104
-124.134399	33.109172	2.510468	6.926123	3.080208	0.633389	-0.417974	0.920487	-27.464349
129.190851	-10.654745	0.944232	5.597199	2.042708	0.896017	-0.345487	0.907541	-27.451422
43.358295	-12.469581	0.856151	5.523982	1.993685	0.907729	-0.342245	0.906949	-27.450840
-129.450629	-14.191150	0.767104	5.449701	1.944433	0.919443	-0.339002	0.906355	-27.450256
78.023625	-29.119494	-1.005881	3.859640	0.968042	1.142187	-0.276919	0.894784	-27.439027
125.014964	-19.561882	-2.580247	2.047967	-0.056315	1.360590	-0.214829	0.882820	-27.427675
-116.571753	3.104976	-3.756305	-0.148827	-1.277873	1.606379	-0.142536	0.868421	-27.414316
-32.122798	18.548837	-3.837893	-2.227012	-2.497096	1.840056	-0.070115	0.853515	-27.400797
107.722024	18.950337	-3.807597	-2.318966	-2.554344	1.850799	-0.066671	0.852794	-27.400151
-69.667227	19.318428	-3.773851	-2.410134	-2.611500	1.861506	-0.063226	0.852073	-27.399505
-103.632424	19.628085	-2.544142	-3.921243	-3.630110	2.049574	-0.000517	0.838763	-27.387693
104.300110	8.585955	-0.275012	-5.124653	-4.594166	2.223713	0.062381	0.825095	-27.375766
47.155857	-6.727288	2.682044	-6.069398	-5.607936	2.404447	0.135214	0.808895	-27.361873
-114.108167	-17.476681	4.725924	-6.470008	-6.482579	2.560495	0.208425	0.792240	-27.347834
77.543190	-17.785306	4.778771	-6.474351	-6.520955	2.567399	0.211997	0.791419	-27.347147
114.429058	-18.066883	4.826139	-6.477225	-6.558913	2.574235	0.215570	0.790596	-27.346460
-114.941555	-15.573223	4.792629	-6.279236	-7.164450	2.684404	0.279382	0.775774	-27.334171
-13.435868	4.388477	3.389964	-5.623440	-7.638317	2.771162	0.343586	0.760628	-27.321778
102.511911	22.634392	0.732107	-4.426056	-8.028831	2.839328	0.418373	0.742741	-27.307336
-59.916440	9.096510	-2.265129	-2.933870	-8.260370	2.869814	0.494058	0.724447	-27.292761
-94.136518	7.958099	-2.402765	-2.858760	-8.267579	2.870267	0.497681	0.723568	-27.292065
93.896398	6.805007	-2.539419	-2.783373	-8.274457	2.870626	0.501309	0.722687	-27.291368
47.402507	-13.967517	-4.744863	-1.392935	-8.342438	2.860813	0.567887	0.706479	-27.278622
-95.988355	-29.223119	-6.066862	-0.054257	-8.307875	2.820399	0.635420	0.689982	-27.265779
95.218016	-31.719744	-5.864479	1.292908	-8.153463	2.737677	0.714673	0.670591	-27.250840
110.487993	-13.420669	-3.525229	2.384652	-7.891291	2.618965	0.795346	0.650839	-27.235781
-110.739721	-12.000608	-3.379850	2.428366	-7.876901	2.612686	0.799090	0.649922	-27.235085
9.297230	-10.528852	-3.232140	2.471493	-7.862317	2.606338	0.802837	0.649004	-27.234390
113.989624	19.706235	-0.162369	3.174325	-7.551873	2.473373	0.874328	0.631503	-27.221180
-97.485435	34.255465	2.846256	3.652284	-7.183050	2.317314	0.946918	0.613745	-27.207883
-115.696407	21.722748	5.334701	3.905699	-6.700588	2.111897	1.031689	0.593037	-27.192502
117.793803	-14.176561	6.588770	3.820024	-6.167748	1.881244	1.117933	0.572015	-27.177014
45.064019	-15.558592	6.615256	3.807889	-6.143083	1.870505	1.121781	0.571079	-27.176326
-118.079272	-16.879925	6.639244	3.795036	-6.118340	1.859731	1.125630	0.570142	-27.175639
86.264519	-31.334554	6.588825	3.407593	-5.613645	1.640084	1.201654	0.551665	-27.162131
123.008442	-28.641379	5.548973	2.806755	-5.070722	1.405609	1.278806	0.532969	-27.148546
-120.544252	-10.841863	3.478807	1.933289	-4.395323	1.118988	1.369249	0.511134	-27.132778
-33.226700	17.166161	0.986657	0.962452	-3.665990	0.817851	1.461219	0.489032	-27.116915
113.807589	18.189896	0.869942	0.916823	-3.630908	0.803611	1.465512	0.488003	-27.116178
-83.291123	19.155664	0.753598	0.871240	-3.595731	0.789356	1.469806	0.486974	-27.115442
-109.055577	24.239938	-1.309945	0.030419	-2.912424	0.517251	1.551093	0.467541	-27.101577
109.128181	4.582784	-2.965772	-0.735660	-2.186010	0.238343	1.633550	0.447925	-27.087645
50.323027	-17.525041	-4.340314	-1.440842	-1.293023	-0.089474	1.730144	0.425078	-27.071493
-119.211516	-21.557465	-5.198803	-1.857838	-0.340049	-0.421084	1.828324	0.402009	-27.055258
81.531674	-21.119570	-5.226638	-1.868312	-0.295159	-0.436254	1.832840	0.400951	-27.054515
119.454773	-20.623924	-5.253543	-1.877967	-0.250116	-0.451436	1.837363	0.399893	-27.053772
-119.093674	-4.398012	-5.576797	-1.899919	0.623896	-0.738231	1.923431	0.379816	-27.039703
-28.845966	13.791383	-5.500475	-1.621269	1.540439	-1.023747	2.010699	0.359593	-27.025577
106.824180	23.180592	-4.722441	-1.016030	2.652131	-1.351723	2.113689	0.335904	-27.009084
-73.039066	11.465145	-3.094540	-0.239046	3.797933	-1.672651	2.218320	0.312041	-26.992522
-99.889351	10.627025	-3.008939	-0.203131	3.848731	-1.686530	2.222949	0.310990	-26.991794
99.701638	9.775316	-2.922579	-0.167183	3.899524	-1.700380	2.227579	0.309940	-26.991066
57.535274	-27.973166	0.957759	1.280965	6.111359	-2.279079	2.431469	0.264087	-26.959371
-114.341673	-27.792488	3.162335	1.881911	8.260189	-2.801518	2.641452	0.217737	-26.927460
80.826140	-26.869533	3.183613	1.878279	8.308801	-2.812921	2.646443	0.216647	-26.926711
115.074230	-25.869943	3.203408	1.873661	8.357309	-2.824283	2.651438	0.215555	-26.925961
-115.462599	-24.691861	3.222892	1.867634	8.408958	-2.836361	2.656773	0.214391	-26.925160
4.284337	-23.380949	3.240672	1.860465	8.460476	-2.848392	2.662112	0.213226	-26.924360
121.415308	8.140611	3.278689	1.582277	9.272682	-3.037156	2.749550	0.194232	-26.911314
-94.928477	32.941704	2.781889	1.018522	10.006428	-3.211735	2.838023	0.175176	-26.898238
-128.714428	30.468892	1.318459	0.014646	10.768768	-3.412177	2.952657	0.150733	-26.881478
130.627362	-11.074272	-0.477490	-1.138225	11.281220	-3.584496	3.068996	0.126213	-26.864676
45.221378	-12.913302	-0.556660	-1.192900	11.298221	-3.591830	3.074486	0.125063	-26.863888
-130.741094	-14.672053	-0.634763	-1.247494	11.314555	-3.599097	3.079980	0.123913	-26.863100
89.449804	-33.012911	-1.793984	-2.227285	11.490333	-3.721961	3.183050	0.102457	-26.848402
128.160789	-30.224866	-2.161592	-3.055088	11.399438	-3.820899	3.287437	0.080961	-26.833678
-119.769563	-10.092432	-1.735841	-3.679058	10.901598	-3.907410	3.412952	0.055448	-26.816197
-35.463921	17.953198	-0.731230	-3.768395	9.945569	-3.961358	3.540929	0.029901	-26.798684
99.613093	28.238593	0.410640	-3.361782	8.711294	-3.982675	3.659235	0.006756	-26.782804
-70.801543	9.267777	1.505311	-2.509144	7.181452	-3.977611	3.779419	-0.016394	-26.766903
-99.332789	7.855919	1.551670	-2.455726	7.098990	-3.976662	3.785418	-0.017543	-26.766114
99.657601	6.428642	1.596859	-2.401323	7.016026	-3.975647	3.791416	-0.018692	-26.765324
42.005799	-18.880852	2.177545	-1.130148	5.283954	-3.942054	3.909710	-0.041268	-26.749796
-123.227307	-24.673221	1.907530	0.496582	3.404210	-3.882087	4.028091	-0.063830	-26.734254
73.789820	-24.062507	1.863919	0.588690	3.304744	-3.878279	4.034165	-0.064990	-26.733455
123.992399	-23.358473	1.817185	0.681536	3.205067	-3.874400	4.040237	-0.066149	-26.732655
-125.392953	-1.595178	0.489045	2.500078	1.323313	-3.788951	4.152848	-0.087739	-26.717754
-30.284655	17.190164	-1.304313	4.321422	-0.556800	-3.678116	4.263986	-0.109298	-26.702845
110.079563	24.114342	-3.178051	6.113094	-2.633006	-3.518455	4.389109	-0.134059	-26.685681
-75.152289	12.194294	-4.108303	7.260720	-4.550693	-3.323629	4.510214	-0.158755	-26.668512
-102.947417	11.199687	-4.122834	7.293495	-4.636681	-3.313519	4.515830	-0.159922	-26.667700
102.780763	10.170094	-4.134586	7.324108	-4.722253	-3.303321	4.521437	-0.161090	-26.666886
46.358800	-11.170216	-3.896055	7.520620	-6.196769	-3.103166	4.621479	-0.182349	-26.652060
-104.517645	-26.812473	-2.922584	7.104450	-7.501163	-2.875574	4.716917	-0.203542	-26.637235
75.219112	-23.720183	-1.078718	5.945524	-8.783830	-2.576734	4.820844	-0.228013	-26.620058
109.870621	-5.538756	1.256317	4.147233	-9.801794	-2.239477	4.916531	-0.252373	-26.602889
-109.905010	-4.530057	1.373656	4.047996	-9.843012	-2.222578	4.920830	-0.253521	-26.602078
-13.259852	-3.516568	1.491382	3.947545	-9.883593	-2.205592	4.925107	-0.254669	-26.601267
109.966125	15.163723	3.666015	1.916229	-10.509134	-1.880659	4.999227	-0.275528	-26.586499
-84.720883	30.117626	5.764429	-0.456766	-10.910401	-1.526026	5.065646	-0.296288	-26.571741
-113.768601	26.096690	7.930571	-3.527392	-11.078086	-1.074331	5.132476	-0.320378	-26.554536
118.292023	-7.732434	9.855945	-6.574179	-10.899605	-0.584666	5.186738	-0.344308	-26.537351
42.445775	-9.191768	9.937799	-6.702339	-10.883205	-0.562195	5.188836	-0.345366	-26.536589
-118.665020	-10.597883	10.019436	-6.829603	-10.866061	-0.539668	5.190908	-0.346424	-26.535827
90.833331	-26.850693	11.567015	-9.060619	-10.384797	-0.094591	5.225503	-0.366800	-26.521109
121.057790	-25.326503	12.961882	-10.669339	-9.605030	0.364088	5.249247	-0.387041	-26.506411
-116.875263	-7.513509	13.538228	-11.382040	-8.306697	0.905280	5.262269	-0.410384	-26.489356
-24.999416	13.746708	11.963927	-10.512678	-6.617331	1.444980	5.258555	-0.433508	-26.472336
110.015156	14.393055	11.830307	-10.436296	-6.531362	1.469688	5.257961	-0.434570	-26.471551
-79.239709	14.986876	11.691155	-10.357019	-6.444832	1.494353	5.257329	-0.435630	-26.470767
-106.025813	16.185010	8.019149	-8.375415	-4.729011	1.948808	5.238368	-0.455340	-26.456129
106.754891	2.550871	2.388635	-5.603553	-2.873028	2.386648	5.205330	-0.474837	-26.441521
37.868887	-9.199621	-5.414296	-1.793244	-0.638236	2.864704	5.148412	-0.497159	-26.424617
-116.733066	-13.267302	-12.940946	2.184533	1.578678	3.300524	5.070446	-0.519128	-26.407760
68.833279	-13.316632	-13.248193	2.361066	1.677089	3.319132	5.066389	-0.520116	-26.406996
116.877313	-13.355419	-13.551163	2.536880	1.775223	3.337630	5.062287	-0.521104	-26.406232
-114.886163	-8.652380	-18.240571	5.698782	3.576339	3.667340	4.975344	-0.539740	-26.391716
-21.878402	11.546562	-19.953799	8.371581	5.202398	3.949969	4.871044	-0.558061	-26.377239
98.594328	24.752936	-16.529599	10.685560	6.772182	4.209301	4.727672	-0.578849	-26.360534
-77.261028	-1.884441	-6.605734	12.075189	7.900715	4.385642	4.558937	-0.599150	-26.343889
-97.261252	-3.553247	-6.073283	12.113639	7.938194	4.391282	4.550979	-0.600025	-26.343164
97.562405	-5.227493	-5.536174	12.150157	7.974588	4.396739	4.542976	-0.600897	-26.342440
40.425581	-35.839708	5.509416	12.472263	8.462576	4.466451	4.374597	-0.617914	-26.328169
-123.855915	-56.158148	15.329260	11.977752	8.488663	4.459477	4.186285	-0.634519	-26.313948
84.917930	-58.778713	21.998239	10.141887	8.008051	4.351555	3.943176	-0.653283	-26.297474
120.846717	-40.314241	23.001785	6.771622	7.080940	4.144241	3.676088	-0.671426	-26.281072
-119.677548	-39.032215	22.913944	6.584629	7.029569	4.132555	3.663332	-0.672241	-26.280324
-5.876795	-37.697106	22.814446	6.395125	6.977495	4.120686	3.650530	-0.673054	-26.279576
54.681532	75.420022	7.914913	-2.620047	4.318216	3.476881	3.080456	-0.705609	-26.248597
-89.926247	55.322023	-19.182237	-9.735017	1.185511	2.589974	2.446975	-0.735530	-26.217918
-99.978320	43.048456	-19.619104	-9.833750	1.109054	2.565849	2.430803	-0.736227	-26.217172
103.384303	29.997906	-20.032791	-9.927665	1.032710	2.541607	2.414591	-0.736923	-26.216424
37.875279	16.528886	-20.429954	-10.018403	0.954956	2.516760	2.398013	-0.737632	-26.215662
-110.500027	3.676880	-20.801020	-10.103916	0.877344	2.491794	2.381394	-0.738339	-26.214899
157.539155	-59.526951	-22.337449	-10.671857	-0.345254	2.073493	2.107853	-0.749556	-26.202554
140.833252	-10.979736	-14.302786	-9.567665	-1.472416	1.633535	1.827552	-0.760280	-26.190263
-155.382574	34.129339	3.207523	-6.256627	-2.758558	1.040978	1.456936	-0.773381	-26.174463
-22.888367	1.345145	17.683806	-1.839194	-3.812685	0.431204	1.078822	-0.785598	-26.158757
122.718480	-0.272892	18.134187	-1.616455	-3.857014	0.401440	1.060369	-0.786167	-26.157999
-74.187766	-1.742713	18.553610	-1.393837	-3.900685	0.371662	1.041903	-0.786733	-26.157242
-104.918637	-7.820200	19.684928	2.414349	-4.562861	-0.160011	0.711043	-0.796456	-26.143781
103.160453	2.651109	8.281981	5.502337	-4.984824	-0.688873	0.377748	-0.805472	-26.130395
28.731557	-1.609956	-7.674200	7.698004	-5.133909	-1.292712	-0.012033	-0.815060	-26.114885
-121.097320	-7.755435	-16.494932	7.923728	-4.876202	-1.872495	-0.401091	-0.823625	-26.099479
84.750914	-7.621618	-16.578344	7.887131	-4.858091	-1.894017	-0.415911	-0.823931	-26.098893
121.435908	-7.447496	-16.639289	7.847013	-4.839390	-1.915470	-0.430715	-0.824236	-26.098307
-121.144615	4.330190	-13.053852	6.110966	-4.271974	-2.384559	-0.763385	-0.830696	-26.085125
-39.624111	20.710708	-3.666396	3.265461	-3.479658	-2.820464	-1.092376	-0.836347	-26.072023
108.843524	28.842855	7.268982	-0.466122	-2.390214	-3.273569	-1.464913	-0.841826	-26.057032
-92.710838	12.840853	12.053330	-3.651618	-1.225375	-3.665652	-1.828611	-0.846172	-26.042147
-101.156104	7.374579	12.211298	-4.107450	-1.004879	-3.732651	-1.896692	-0.846869	-26.039324
100.297181	1.352646	12.158401	-4.500906	-0.786797	-3.797047	-1.964360	-0.847523	-26.036506
55.722487	-22.500416	10.363371	-5.456725	0.010581	-4.018281	-2.219205	-0.849629	-26.025757
-98.206028	-39.475748	6.901035	-5.628260	0.716132	-4.196986	-2.466975	-0.851097	-26.015065
100.844324	-37.094058	1.555501	-4.882661	1.456243	-4.361223	-2.780287	-0.852037	-26.001108
-105.052009	-7.217149	-3.263930	-3.369178	1.986086	-4.438116	-3.078099	-0.851828	-25.987251
-26.744425	27.726930	-6.582562	-1.372716	2.329361	-4.416486	-3.370871	-0.850352	-25.972869
110.348498	33.406640	-7.048322	0.627750	2.472058	-4.281341	-3.642901	-0.847558	-25.958595
-85.195313	32.409963	-6.982870	0.713245	2.474046	-4.272207	-3.654926	-0.847397	-25.957939
-110.321402	31.288439	-6.909238	0.797851	2.475641	-4.262809	-3.666904	-0.847233	-25.957284
109.182795	-0.719555	-4.316996	2.207005	2.436369	-4.038162	-3.882868	-0.843621	-25.945029
57.988273	-22.202580	-0.496506	3.232498	2.280150	-3.724528	-4.082281	-0.838977	-25.932854
-107.499841	-29.113828	3.397380	3.851379	1.988655	-3.263825	-4.292097	-0.832297	-25.918882
72.440810	-23.628990	4.980195	3.766397	1.619105	-2.716822	-4.479694	-0.824179	-25.905016
106.459314	-22.939367	4.999560	3.743629	1.600411	-2.689397	-4.487943	-0.823763	-25.904368
-106.340581	-22.199074	5.014719	3.719142	1.581605	-2.661810	-4.496148	-0.823343	-25.903721
-15.673490	-1.559519	4.605263	2.995609	1.219404	-2.128344	-4.639023	-0.814992	-25.891787
98.412430	21.481962	3.142887	1.879919	0.842341	-1.559480	-4.765092	-0.805513	-25.879934
-91.779394	32.589008	0.631458	0.334810	0.412212	-0.875149	-4.889785	-0.793129	-25.866337
-98.430894	14.494001	-2.128349	-1.223292	0.014835	-0.180753	-4.991935	-0.779180	-25.852848
98.770443	12.777473	-2.245299	-1.290542	-0.002150	-0.148993	-4.996076	-0.778502	-25.852232
21.504771	10.986991	-2.360597	-1.357218	-0.019007	-0.117253	-5.000169	-0.777822	-25.851616
-108.586608	-25.399920	-4.115406	-2.491956	-0.314877	0.487088	-5.069670	-0.764067	-25.839818
109.144258	-35.321615	-4.488165	-3.216788	-0.544322	1.070965	-5.121558	-0.749047	-25.828103
125.773159	-19.845727	-2.766013	-3.382089	-0.703599	1.682312	-5.158531	-0.730830	-25.815170
-124.837233	5.590026	0.306237	-2.963452	-0.758268	2.240429	-5.173615	-0.710994	-25.802340
-6.049254	6.865083	0.461309	-2.932142	-0.758435	2.264970	-5.173783	-0.710030	-25.801744
124.346868	8.139540	0.616436	-2.899895	-0.758403	2.289372	-5.173903	-0.709063	-25.801149
-92.983079	28.499700	3.392580	-2.132675	-0.722995	2.724480	-5.167173	-0.690103	-25.789933
-111.387269	30.565622	5.276431	-1.133756	-0.631344	3.108015	-5.143295	-0.669899	-25.778795
110.083390	2.960000	5.503290	0.183549	-0.473842	3.484976	-5.094101	-0.644964	-25.765992
48.439640	-19.202997	3.826825	1.527894	-0.282607	3.786532	-5.021682	-0.618409	-25.753295
-115.449521	-19.723096	3.718270	1.584402	-0.273913	3.797830	-5.018021	-0.617224	-25.752748
68.643230	-20.201976	3.607037	1.640669	-0.265199	3.808980	-5.014317	-0.616035	-25.752201
119.986869	-23.202118	0.872794	2.697766	-0.089416	4.000757	-4.930908	-0.591609	-25.741288
-119.533442	-17.019391	-2.485509	3.553447	0.078831	4.130990	-4.829881	-0.566006	-25.730455
-12.311542	5.531543	-5.820496	4.156227	0.243182	4.201691	-4.692738	-0.535323	-25.718170
108.623487	20.188370	-7.018006	4.215338	0.355794	4.186992	-4.532386	-0.503150	-25.705988
-86.526628	20.123116	-6.993391	4.202073	0.359409	4.184194	-4.524185	-0.501584	-25.705412
-108.415487	19.962370	-6.960357	4.187261	0.362848	4.181208	-4.515931	-0.500015	-25.704836
109.474741	5.090265	-5.071441	3.660736	0.396584	4.093176	-4.354586	-0.470507	-25.694258
34.989073	-13.669978	-1.551039	2.735527	0.380932	3.944765	-4.176251	-0.439898	-25.683760
-119.007254	-24.462376	2.979787	1.343259	0.314755	3.705997	-3.952735	-0.403563	-25.671852
80.409121	-17.195497	6.588171	-0.233319	0.208364	3.401587	-3.709868	-0.365835	-25.660046
118.984054	-16.566800	6.721387	-0.308835	0.202570	3.385839	-3.698024	-0.364030	-25.659495
-118.784648	-15.924413	6.850957	-0.384342	0.196715	3.369967	-3.686141	-0.362222	-25.658943
-11.815496	-1.318860	8.533070	-1.766279	0.077608	3.052865	-3.457972	-0.327991	-25.648712
104.228956	16.868584	8.605705	-3.028731	-0.055311	2.699436	-3.217868	-0.292732	-25.638559
-95.839656	34.564207	6.352247	-4.240252	-0.214609	2.258592	-2.930263	-0.251166	-25.627042
-101.696994	21.882950	1.638251	-5.128344	-0.370852	1.787605	-2.630688	-0.208307	-25.615628
102.134749	19.900850	1.371410	-5.162048	-0.378200	1.764019	-2.615801	-0.206183	-25.615074
26.417877	17.783309	1.102969	-5.194790	-0.385511	1.740384	-2.600891	-0.204057	-25.614520
-113.968174	-25.262023	-3.670809	-5.606593	-0.508236	1.312971	-2.331922	-0.165724	-25.604706
111.081434	-36.659508	-7.498782	-5.660635	-0.611983	0.876561	-2.056805	-0.126456	-25.594969
133.454324	-16.187582	-9.414753	-5.204163	-0.701769	0.365946	-1.730930	-0.079651	-25.583748
-131.159678	12.648432	-8.847961	-4.145309	-0.761142	-0.139126	-1.400453	-0.031630	-25.572630
-10.334790	13.881996	-8.770584	-4.084153	-0.763218	-0.161975	-1.385235	-0.029402	-25.572123
130.491517	15.094920	-8.689029	-4.022023	-0.765241	-0.184792	-1.370013	-0.027171	-25.571616
-86.632412	31.294295	-6.441916	-2.699798	-0.794094	-0.604990	-1.084158	0.015075	-25.562167
-114.356058	27.347876	-3.049280	-1.152461	-0.808004	-1.007447	-0.797775	0.058177	-25.552795
111.506014	-3.686154	1.644712	0.787051	-0.808901	-1.446835	-0.465090	0.109457	-25.541971
40.704987	-22.354551	5.894689	2.706507	-0.793835	-1.849764	-0.135400	0.161849	-25.531250
-115.561170	-22.633780	6.056096	2.791115	-0.792738	-1.867307	-0.120397	0.164276	-25.530761
87.275901	-22.861877	6.213530	2.875296	-0.791604	-1.884767	-0.105405	0.166705	-25.530273
119.172537	-21.072244	8.455690	4.355088	-0.763014	-2.197253	0.173943	0.212738	-25.521140
-118.255967	-14.698563	9.505087	5.566868	-0.719153	-2.480267	0.448506	0.259555	-25.512083
-27.189719	3.337316	9.527545	6.505871	-0.645740	-2.771739	0.759639	0.314815	-25.501674
107.095715	16.908306	8.517454	6.883650	-0.543525	-3.024617	1.061437	0.371080	-25.491369
-72.383832	17.044034	8.450089	6.888053	-0.538150	-3.035144	1.074821	0.373644	-25.490906
-106.871878	17.119563	8.380938	6.891416	-0.532705	-3.045594	1.088183	0.376210	-25.490443
107.298062	8.879826	6.743230	6.766807	-0.416103	-3.230212	1.338256	0.425466	-25.481668
34.024984	-7.658964	4.570232	6.319307	-0.276844	-3.388003	1.579357	0.475428	-25.472969
-113.600105	-19.603011	1.505843	5.460324	-0.090382	-3.539233	1.848007	0.534533	-25.462925
68.923889	-11.177943	-1.899161	4.317868	0.116771	-3.656761	2.102304	0.594550	-25.452983
112.713320	-10.491495	-2.056428	4.259741	0.126728	-3.661395	2.113667	0.597338	-25.452527
-112.540638	-9.795048	-2.213374	4.201160	0.136723	-3.665965	2.125004	0.600130	-25.452071
-13.327343	4.397223	-4.983933	3.045721	0.327741	-3.738910	2.329947	0.652405	-25.443629
102.163229	18.842271	-7.220175	1.801774	0.526001	-3.789926	2.523405	0.705312	-25.435262
-97.736345	29.227086	-8.661894	0.312759	0.761204	-3.823773	2.733965	0.767661	-25.425619
-100.076375	15.078158	-8.431738	-1.155272	0.995918	-3.832748	2.928901	0.830817	-25.416077
100.312124	13.465827	-8.379694	-1.223696	1.006888	-3.832605	2.937716	0.833817	-25.415629
16.673756	11.764006	-8.324068	-1.292084	1.017851	-3.832413	2.946503	0.836820	-25.415181
-106.922853	-22.936667	-6.721985	-2.516587	1.214219	-3.820750	3.100444	0.891775	-25.407071
88.262662	-35.687577	-4.109187	-3.681895	1.402225	-3.794854	3.243171	0.947285	-25.399036
119.962777	-23.786389	-0.153619	-4.920107	1.605414	-3.749337	3.395055	1.012426	-25.389799
-121.085063	-0.965379	3.868568	-5.988537	1.787069	-3.689955	3.532263	1.078265	-25.380662
-23.502757	0.038614	4.040091	-6.033517	1.794941	-3.686888	3.538321	1.081359	-25.380237
120.898032	1.019767	4.209170	-6.077987	1.802748	-3.683800	3.544344	1.084453	-25.379813
-112.902136	37.835196	7.774880	-7.421582	2.063438	-3.541302	3.763319	1.211729	-25.362718
-83.673163	-3.679374	2.557114	-7.756489	2.191901	-3.379657	3.931766	1.341254	-25.345985
121.279090	-10.264518	2.359897	-7.754206	2.193289	-3.375599	3.935295	1.344473	-25.345577
42.230516	-16.840796	2.161303	-7.751513	2.194591	-3.371541	3.938793	1.347694	-25.345170
-122.583781	-23.096403	1.957968	-7.748359	2.195828	-3.367414	3.942323	1.350973	-25.344755
82.809300	-28.560583	1.753621	-7.744798	2.196977	-3.363290	3.945820	1.354251	-25.344341
133.998887	-34.200917	-1.605003	-7.636241	2.203825	-3.296738	3.998366	1.407686	-25.337645
-134.870298	7.337682	-4.630446	-7.455027	2.190013	-3.231896	4.042947	1.461446	-25.331009
-23.822658	31.107725	-7.172494	-7.167827	2.144956	-3.152307	4.088873	1.531252	-25.322538
102.228322	28.681583	-7.441102	-6.891440	2.072187	-3.078126	4.121981	1.601555	-25.314167
-83.029504	28.389380	-7.404441	-6.881060	2.068411	-3.075009	4.123140	1.604641	-25.313803
-101.332731	28.088407	-7.364191	-6.870882	2.064588	-3.071903	4.124276	1.607728	-25.313440
99.594261	16.377497	-5.922633	-6.704202	1.978855	-3.012324	4.141882	1.669261	-25.306251
34.975574	-7.979829	-3.623122	-6.583511	1.875345	-2.956590	4.150159	1.731129	-25.299137
-115.111259	-26.409348	-0.621165	-6.460648	1.736290	-2.896856	4.148384	1.802370	-25.291082
89.997909	-12.741542	2.128280	-6.308244	1.577118	-2.841102	4.134824	1.873999	-25.283126
117.254580	-11.759902	2.247252	-6.299528	1.569155	-2.838568	4.133899	1.877382	-25.282754
-117.094333	-10.785328	2.365283	-6.290629	1.561148	-2.836041	4.132947	1.880769	-25.282381
-18.003838	5.528222	4.344382	-6.089236	1.406937	-2.790957	4.110913	1.943199	-25.275570
103.938028	18.828692	5.922657	-5.794899	1.240468	-2.748435	4.080435	2.005872	-25.268831
-101.766995	26.036641	7.178646	-5.297032	1.034136	-2.702223	4.034914	2.078688	-25.261123
-97.622999	8.055039	7.769090	-4.584233	0.815047	-2.659028	3.978751	2.151757	-25.253514
108.476348	6.558612	7.781219	-4.544142	0.804340	-2.657044	3.975820	2.155239	-25.253154
24.045609	5.017816	7.791972	-4.503429	0.793601	-2.655066	3.972864	2.158723	-25.252795
-117.688797	-21.815323	7.769981	-3.668590	0.594750	-2.620231	3.915223	2.222042	-25.246307
93.565190	-26.737840	7.421307	-2.682093	0.389248	-2.587336	3.850179	2.285494	-25.239893
128.134258	-16.185269	6.711302	-1.404012	0.144124	-2.551429	3.765747	2.359259	-25.232541
-123.852145	-4.975543	5.568383	-0.044869	-0.106254	-2.517768	3.672075	2.433129	-25.225287
0.861216	-4.134732	5.502149	0.019153	-0.117964	-2.516258	3.667512	2.436557	-25.224953
123.132612	-3.244199	5.434615	0.083216	-0.129680	-2.514753	3.662930	2.439986	-25.224619
-91.249356	17.316180	3.918720	1.276169	-0.348832	-2.487498	3.574194	2.503850	-25.218440
-109.149222	25.815759	1.839144	2.443858	-0.569014	-2.461642	3.479142	2.567737	-25.212335
109.055143	0.816656	-1.244898	3.707710	-0.822007	-2.433492	3.362307	2.641255	-25.205398
55.216199	-23.360702	-4.506997	4.831516	-1.072715	-2.407022	3.238015	2.714732	-25.198559
-116.124380	-23.890836	-4.645824	4.877623	-1.083849	-2.405877	3.232287	2.718018	-25.198255
80.595749	-24.356565	-4.783523	4.923329	-1.094975	-2.404735	3.226547	2.721304	-25.197951
122.086829	-23.488154	-7.137584	5.725886	-1.309489	-2.383176	3.112173	2.785212	-25.192082
-122.502701	-11.213472	-8.565007	6.337554	-1.519376	-2.362873	2.992986	2.849032	-25.186285
-20.907539	12.156982	-8.739205	6.763225	-1.753048	-2.341097	2.850649	2.922187	-25.179718
109.862502	22.792333	-7.094632	6.878917	-1.976560	-2.320957	2.703020	2.995157	-25.173247
-92.931286	22.503846	-6.969616	6.876838	-1.986666	-2.320058	2.696020	2.998552	-25.172948
-109.423904	22.127644	-6.840327	6.874105	-1.996734	-2.319163	2.689014	3.001945	-25.172649
108.137203	5.944615	-3.769822	6.704021	-2.178530	-2.303094	2.556357	3.065226	-25.167105
45.568557	-7.805135	0.037437	6.313093	-2.346566	-2.288245	2.420530	3.128312	-25.161633
-117.689963	-18.825035	4.370521	5.598629	-2.519530	-2.272632	2.260584	3.200723	-25.155418
68.782092	-25.733746	7.560817	4.612407	-2.666367	-2.258592	2.097469	3.272803	-25.149299
120.597917	-25.530256	7.663040	4.559858	-2.672521	-2.257974	2.089777	3.276163	-25.149015
-120.506590	-25.250105	7.760320	4.506742	-2.678608	-2.257358	2.082079	3.279523	-25.148732
-19.598771	-8.450733	8.710420	3.418378	-2.778971	-2.246533	1.938185	3.341743	-25.143507
105.839501	16.100499	8.171206	2.151475	-2.853446	-2.236812	1.792687	3.403656	-25.138354
-88.049536	29.801771	5.903054	0.557466	-2.903576	-2.226915	1.623481	3.474581	-25.132506
-95.799031	12.180133	2.233441	-1.065202	-2.911483	-2.218306	1.453055	3.545026	-25.126753
96.048081	10.401805	2.047916	-1.137808	-2.910770	-2.217942	1.445274	3.548221	-25.126494
18.702093	8.544232	1.861647	-1.210214	-2.909960	-2.217581	1.437492	3.551415	-25.126234
-105.400244	-27.703386	-1.691484	-2.538629	-2.875394	-2.211164	1.288666	3.612185	-25.121319
95.987574	-32.320899	-4.724374	-3.710514	-2.802457	-2.205759	1.139567	3.672538	-25.116475
123.895606	-14.976693	-6.844056	-4.759519	-2.667728	-2.200983	0.968628	3.741188	-25.111010
-123.245128	-1.049110	-7.676754	-5.379780	-2.474488	-2.197459	0.798047	3.809219	-25.105639
4.477036	-0.214643	-7.690334	-5.395935	-2.464197	-2.197321	0.790268	3.812311	-25.105396
122.819412	0.661707	-7.702076	-5.410946	-2.453768	-2.197185	0.782485	3.815405	-25.105153
-71.302014	20.840791	-7.601136	-5.481752	-2.229916	-2.194861	0.634560	3.874057	-25.100560
-112.277582	29.813326	-6.965700	-5.179063	-1.959100	-2.192833	0.487362	3.932184	-25.096038
111.579067	7.145695	-5.704096	-4.447165	-1.596060	-2.190455	0.318325	3.998700	-25.090899
43.608534	-18.852197	-4.043747	-3.404455	-1.191183	-2.187597	0.150802	4.064442	-25.085854
-115.690925	-19.591728	-3.961328	-3.351120	-1.171902	-2.187448	0.143196	4.067424	-25.085626
84.698718	-20.272835	-3.878466	-3.297364	-1.152560	-2.187297	0.135594	4.070405	-25.085398
118.278006	-24.310575	-2.248640	-2.213144	-0.776581	-2.184010	-0.007539	4.126492	-25.081123
-116.572633	-16.885589	-0.574331	-1.047852	-0.387259	-2.179722	-0.149077	4.181947	-25.076918
-18.569060	3.577780	1.303239	0.309337	0.067885	-2.173167	-0.310028	4.245071	-25.072157
105.250703	19.063346	3.011244	1.583190	0.518098	-2.164460	-0.468268	4.307281	-25.067490
-82.059949	19.289459	3.086421	1.640091	0.539230	-2.163984	-0.475738	4.310223	-25.067270
-104.986607	19.449047	3.160886	1.696523	0.560309	-2.163502	-0.483197	4.313161	-25.067050
105.047172	12.576361	4.357997	2.635409	0.935580	-2.153628	-0.617774	4.366277	-25.063085
26.891471	-3.523932	5.088834	3.360430	1.289219	-2.141464	-0.749871	4.418648	-25.059190
-112.625995	-18.526243	5.037858	3.844138	1.659395	-2.124211	-0.898704	4.478010	-25.054790
84.862898	-17.164687	3.829892	3.889443	1.978272	-2.103023	-1.043742	4.536314	-25.050484
114.563558	-16.621570	3.741457	3.880678	1.993244	-2.101803	-1.051186	4.539320	-25.050262
-114.516803	-16.035587	3.651100	3.870911	2.008036	-2.100572	-1.058613	4.542321	-25.050041
-10.711115	-1.672577	1.933146	3.571758	2.228679	-2.078302	-1.180310	4.591721	-25.046403
107.162474	14.369023	0.050527	3.050068	2.402707	-2.052366	-1.298796	4.640274	-25.042834
-102.824374	23.013661	-1.840768	2.250004	2.545259	-2.017880	-1.429830	4.694587	-25.038847
-101.714068	14.768717	-3.031625	1.305591	2.629272	-1.977665	-1.556301	4.747729	-25.034951
105.485521	-7.731166	-3.397567	0.309358	2.655884	-1.931933	-1.676243	4.798899	-25.031200
47.668679	-26.678569	-2.927377	-0.670547	2.627931	-1.879694	-1.791410	4.848865	-25.027536
-113.797097	-27.251420	-2.885948	-0.713006	2.625384	-1.877159	-1.796536	4.851110	-25.027371
87.323963	-27.792336	-2.842773	-0.755194	2.622727	-1.874610	-1.801652	4.853353	-25.027207
122.912353	-28.471558	-1.571809	-1.552672	2.543402	-1.818847	-1.905319	4.899216	-25.023839
-127.051184	-4.126258	0.243315	-2.148724	2.419068	-1.757787	-2.004574	4.943946	-25.020549
-9.669613	-2.380160	0.345935	-2.173696	2.411076	-1.754334	-2.009831	4.946339	-25.020373
126.975736	-0.630204	0.448122	-2.197808	2.402964	-1.750870	-2.015071	4.948727	-25.020197
-92.136581	24.980245	2.043543	-2.468550	2.242207	-1.688541	-2.104028	4.989667	-25.017176
-114.489446	28.665001	2.877127	-2.412266	2.045022	-1.622435	-2.189065	5.029549	-25.014224
108.891764	-2.526812	2.363154	-1.889297	1.772648	-1.541149	-2.283256	5.074666	-25.010868
47.083491	-25.680834	0.784197	-1.011693	1.465161	-1.455897	-2.372186	5.118275	-25.007605
-110.093914	-26.065743	0.699390	-0.966232	1.450306	-1.451870	-2.376171	5.120254	-25.007456
97.550821	-26.378109	0.614269	-0.920556	1.435414	-1.447838	-2.380142	5.122229	-25.007308
113.937027	-21.581706	-0.968446	-0.053667	1.150667	-1.371408	-2.452186	5.158455	-25.004576
-115.821438	-4.896345	-2.302866	0.735727	0.858360	-1.292941	-2.520372	5.193506	-25.001912
-20.367658	17.372758	-3.080828	1.351036	0.520455	-1.199857	-2.594694	5.232677	-24.998906
111.097130	21.847456	-2.577278	1.478496	0.195931	-1.105196	-2.663886	5.270194	-24.995991
-74.537906	21.222926	-2.518300	1.473431	0.181299	-1.100747	-2.666993	5.271905	-24.995857
-110.851694	20.511711	-2.456109	1.467500	0.166712	-1.096292	-2.670090	5.273613	-24.995723
109.762876	0.042258	-0.861274	1.223023	-0.093040	-1.013747	-2.725303	5.304499	-24.993288
48.059214	-13.130788	1.141331	0.794282	-0.335076	-0.930946	-2.776742	5.334094	-24.990921
-114.019028	-20.172433	3.126619	0.205539	-0.594332	-0.835309	-2.831600	5.366710	-24.988267
75.710497	-24.748870	3.817695	-0.338773	-0.832509	-0.740492	-2.881466	5.397527	-24.985702
115.579092	-24.601042	3.802693	-0.361223	-0.843124	-0.736101	-2.883670	5.398919	-24.985585
-115.551430	-24.398011	3.782945	-0.383335	-0.853696	-0.731714	-2.885863	5.400308	-24.985468
-8.729076	-11.451186	2.702813	-0.713350	-1.040549	-0.651744	-2.924248	5.425103	-24.983350
110.310867	12.236108	0.709671	-0.842648	-1.213956	-0.573275	-2.959017	5.448523	-24.981299
-107.435159	33.465631	-1.903505	-0.629951	-1.400637	-0.483950	-2.995116	5.474131	-24.978985
-93.644408	8.949999	-3.905439	0.098334	-1.570233	-0.397841	-3.026338	5.497789	-24.976762
103.651597	6.509650	-3.971865	0.146651	-1.577668	-0.393944	-3.027665	5.498835	-24.976661
21.242231	3.966133	-4.035564	0.196394	-1.585071	-0.390054	-3.028983	5.499879	-24.976561
-96.066284	-41.288066	-4.643021	1.386438	-1.715696	-0.319526	-3.051531	5.518437	-24.974732
85.089983	-34.777769	-4.052414	3.107406	-1.833836	-0.252269	-3.070537	5.535502	-24.972969
75.104493	14.834282	-2.400026	5.554850	-1.950995	-0.181559	-3.087597	5.552761	-24.971081
-68.649517	51.746208	-0.343303	8.407278	-2.052718	-0.115971	-3.100332	5.568126	-24.969275
76.364492	33.205098	1.621930	11.633882	-2.142159	-0.053818	-3.109049	5.582085	-24.967485
-90.896221	1.656772	3.242449	14.954056	-2.215064	0.001590	-3.113228	5.593992	-24.965784
-93.795192	0.267651	3.308237	15.107440	-2.218046	0.003987	-3.113313	5.594494	-24.965708
94.541554	-1.112472	3.373104	15.260530	-2.220991	0.006366	-3.113388	5.594992	-24.965631
22.856700	-26.138045	4.413923	18.057790	-2.269449	0.047765	-3.113053	5.603475	-24.964240
-112.761688	-47.739375	5.107282	20.668639	-2.305702	0.083269	-3.109455	5.610448	-24.962914
90.082106	-62.810367	5.423935	23.321616	-2.332702	0.116751	-3.101245	5.616681	-24.961455
119.342524	-54.465208	5.206371	25.395173	-2.343760	0.141535	-3.088799	5.620915	-24.960085
-119.430674	-53.309787	5.186833	25.472404	-2.343892	0.142444	-3.088141	5.621059	-24.960026
7.940133	-52.085234	5.166638	25.548140	-2.343994	0.143336	-3.087474	5.621199	-24.959967
121.014715	-24.875605	4.678351	26.696649	-2.340117	0.156976	-3.073161	5.623106	-24.958868
-75.694351	-14.490895	4.055980	27.265953	-2.325587	0.164300	-3.055865	5.623573	-24.957836
