-70.566418	2.992719	-12.894948	-0.882861	14.612662	-2.281629	-0.435671	-29.875598
127.473089	-0.335387	-12.653494	-0.833563	14.562160	-2.287207	-0.428844	-29.874991
35.424455	-0.703514	-12.625279	-0.830588	14.556968	-2.287399	-0.428402	-29.874966
-127.095443	-1.091409	-12.595491	-0.827549	14.551519	-2.287586	-0.427949	-29.874941
82.655946	-9.969176	-11.741633	-0.760091	14.403480	-2.290008	-0.417444	-29.874518
116.867138	-14.866830	-10.282431	-0.676056	14.169571	-2.290320	-0.403078	-29.874176
-111.982461	-6.032722	-7.837908	-0.564860	13.793266	-2.287789	-0.381602	-29.873881
-15.538507	10.477823	-4.970852	-0.448363	13.310802	-2.281871	-0.355182	-29.873697
107.724501	11.083854	-4.837178	-0.443074	13.286276	-2.281515	-0.353856	-29.873691
-72.840319	11.658680	-4.703661	-0.437797	13.261542	-2.281150	-0.352520	-29.873685
-104.531898	15.919960	-2.271183	-0.342056	12.756620	-2.272778	-0.325432	-29.873625
104.524813	7.496121	-0.202112	-0.259315	12.183878	-2.261454	-0.294884	-29.873649
29.941950	-8.471663	1.444343	-0.190824	11.444960	-2.244439	-0.255391	-29.873783
-118.627007	-19.610855	1.983147	-0.164039	10.634259	-2.222947	-0.211579	-29.874031
77.045194	-19.809939	1.976286	-0.163971	10.597081	-2.221893	-0.209552	-29.874045
119.380552	-19.975150	1.966608	-0.164001	10.559789	-2.220829	-0.207517	-29.874059
-124.276580	-14.763313	1.286937	-0.182022	9.806437	-2.198036	-0.165958	-29.874375
-9.751599	6.527262	0.030310	-0.225013	9.018452	-2.171476	-0.121407	-29.874778
109.686125	28.430474	-1.453031	-0.289766	8.080691	-2.136027	-0.066602	-29.875349
-91.984645	21.648957	-2.349467	-0.353428	7.122215	-2.095072	-0.008145	-29.876036
-98.505243	20.461221	-2.374898	-0.356215	7.074674	-2.092906	-0.005172	-29.876073
98.260437	19.196583	-2.398557	-0.358953	7.027117	-2.090725	-0.002191	-29.876111
29.285376	-10.612099	-2.523092	-0.396775	6.188520	-2.049980	0.051687	-29.876812
-105.123755	-37.816232	-2.089290	-0.406539	5.354118	-2.004665	0.108081	-29.877602
101.689594	-41.361596	-0.887605	-0.366879	4.409669	-1.946560	0.176027	-29.878622
112.772895	-15.771099	0.924645	-0.256624	3.496703	-1.881869	0.247007	-29.879762
-112.736462	-13.881186	1.017168	-0.249116	3.453017	-1.878524	0.250560	-29.879821
5.535265	-11.940847	1.109297	-0.241391	3.409415	-1.875161	0.254123	-29.879880
110.662735	23.523310	2.546987	-0.067718	2.658919	-1.812974	0.318187	-29.880974
-99.859819	42.092664	3.220296	0.184510	1.951564	-1.745428	0.384290	-29.882159
-112.686499	30.189416	2.540626	0.578492	1.192906	-1.659842	0.463636	-29.883652
122.380549	-11.230845	0.791775	1.027240	0.514576	-1.566467	0.545433	-29.885269
42.525682	-12.790734	0.706647	1.046199	0.488116	-1.562387	0.548906	-29.885339
-123.197798	-14.289947	0.621043	1.065130	0.461817	-1.558292	0.552383	-29.885410
97.351980	-31.911243	-1.160360	1.441543	-0.044056	-1.470449	0.625126	-29.886917
130.112117	-28.983233	-2.676846	1.759101	-0.472523	-1.376365	0.699458	-29.888519
-123.744882	-10.320021	-3.774320	1.992874	-0.857481	-1.260828	0.786314	-29.890466
-17.116797	10.064472	-3.916397	2.031611	-1.120110	-1.136596	0.874952	-29.892538
111.675568	10.743865	-3.895246	2.028088	-1.129291	-1.130583	0.879129	-29.892638
-79.749412	11.383016	-3.871432	2.024078	-1.138190	-1.124553	0.883307	-29.892738
-101.690735	15.807461	-2.901740	1.860804	-1.256006	-1.008212	0.962085	-29.894658
98.351841	7.874403	-0.979605	1.538075	-1.289231	-0.885379	1.041982	-29.896673
25.947746	-4.402082	1.625452	0.984631	-1.237237	-0.736814	1.135191	-29.899112
-115.433611	-14.078852	3.558712	0.253761	-1.104623	-0.581826	1.229572	-29.901678
78.004001	-14.393215	3.611797	0.216858	-1.096999	-0.574696	1.233859	-29.901797
116.448754	-14.692207	3.661111	0.179606	-1.089241	-0.567552	1.238152	-29.901916
-123.108882	-14.245384	3.920617	-0.594327	-0.917347	-0.428574	1.320941	-29.904258
-18.689735	2.924610	3.155075	-1.453948	-0.709277	-0.286760	1.404376	-29.906697
108.490779	24.727589	1.484299	-2.455123	-0.437887	-0.120440	1.501497	-29.909639
-74.929267	22.688624	-0.497780	-3.337523	-0.149450	0.047114	1.599175	-29.912712
-96.811176	21.810382	-0.586006	-3.372400	-0.136305	0.054680	1.603592	-29.912854
96.557964	20.858963	-0.673745	-3.406753	-0.123162	0.062245	1.608010	-29.912996
44.271592	-6.647661	-2.196863	-3.947575	0.126617	0.207095	1.692871	-29.915773
-102.222656	-34.577208	-3.186098	-4.205126	0.364440	0.350861	1.777909	-29.918650
103.272025	-41.437954	-3.211275	-4.055723	0.610751	0.513773	1.875827	-29.922083
111.141682	-17.999836	-1.761536	-3.410520	0.823337	0.672721	1.973675	-29.925651
-111.187664	-16.152844	-1.667134	-3.368700	0.832566	0.680161	1.978326	-29.925824
9.894188	-14.246786	-1.571372	-3.325985	0.841708	0.687585	1.982973	-29.925997
110.834802	23.116487	0.288168	-2.398038	0.993729	0.820711	2.067642	-29.929211
-109.068734	43.304000	1.880218	-1.235150	1.116616	0.948863	2.152024	-29.932527
-114.413623	31.483072	2.681602	0.311154	1.220130	1.089559	2.249007	-29.936485
123.936615	-11.655619	2.398236	1.967764	1.279968	1.221069	2.345299	-29.940580
36.335695	-13.507041	2.362363	2.045553	1.281651	1.226960	2.349774	-29.940774
-124.817496	-15.285750	2.324641	2.123317	1.283235	1.232833	2.354250	-29.940969
96.156829	-34.730808	1.326431	3.531582	1.293921	1.337697	2.437170	-29.944651
130.310246	-32.389082	-0.062877	4.779002	1.267797	1.433625	2.519322	-29.948437
-122.082234	-11.539050	-1.635007	5.850612	1.189786	1.532010	2.612769	-29.952924
-22.850535	14.191054	-2.556590	6.353966	1.057444	1.616820	2.704901	-29.957552
108.853597	15.098111	-2.572261	6.360239	1.050205	1.620286	2.708986	-29.957762
-80.616849	15.966234	-2.585276	6.364987	1.042851	1.623724	2.713068	-29.957972
-99.741138	23.390475	-2.268065	6.167632	0.878903	1.684797	2.791622	-29.962108
97.327884	10.958464	-0.884666	5.482374	0.680036	1.735111	2.868949	-29.966350
31.505733	-13.135454	1.289249	4.200806	0.417195	1.779679	2.956771	-29.971394
-111.594851	-24.650099	3.007253	2.531207	0.131589	1.809330	3.042636	-29.976581
79.166680	-24.485113	3.055964	2.449110	0.118386	1.810311	3.046458	-29.976818
112.482283	-24.245472	3.101497	2.366528	0.105165	1.811261	3.050275	-29.977055
-119.274959	-8.038642	3.393917	0.706683	-0.150742	1.823478	3.122705	-29.981672
-23.498694	17.754535	2.702905	-1.025541	-0.404865	1.824131	3.193434	-29.986397
112.063581	32.252015	0.940188	-2.978438	-0.683228	1.810421	3.272290	-29.991949
-74.894483	11.196904	-1.477902	-4.762234	-0.935700	1.780987	3.348635	-29.997645
-100.873991	9.621132	-1.598085	-4.841953	-0.947059	1.779156	3.352269	-29.997925
100.548810	8.027513	-1.717656	-4.920881	-0.958319	1.777288	3.355894	-29.998205
50.919560	-20.106825	-3.653774	-6.195807	-1.143545	1.737242	3.420019	-30.003296
-103.817902	-37.317479	-4.754850	-7.133926	-1.290395	1.684794	3.482089	-30.008497
93.258355	-30.686908	-4.440478	-7.700067	-1.401232	1.608632	3.551042	-30.014631
113.593542	-3.730013	-2.823926	-7.710944	-1.437356	1.515241	3.617216	-30.020913
-113.644405	-2.191065	-2.725784	-7.699131	-1.437003	1.510429	3.620252	-30.021211
-1.134685	-0.640153	-2.626017	-7.686288	-1.436459	1.505576	3.623285	-30.021510
111.911514	24.950689	-0.571278	-7.275118	-1.393204	1.408939	3.678242	-30.027092
-97.934343	32.342966	1.637759	-6.571181	-1.291784	1.299673	3.731166	-30.032787
-100.295315	19.996741	3.918716	-5.484107	-1.115549	1.161878	3.788885	-30.039398
101.758745	-2.954888	5.639450	-4.167919	-0.885430	1.011774	3.844040	-30.046156
31.147151	-17.501406	6.499732	-2.722573	-0.616797	0.853846	3.895962	-30.052967
-122.953131	-20.415903	6.239150	-1.202997	-0.317820	0.688282	3.945452	-30.059923
83.318328	-20.280905	6.194215	-1.130662	-0.303203	0.680347	3.947719	-30.060253
123.697477	-20.122588	6.146217	-1.058333	-0.288554	0.672406	3.949979	-30.060584
-125.688421	-11.391766	4.626094	0.390009	0.011547	0.511365	3.994095	-30.067267
-17.189988	6.315427	2.361410	1.811520	0.318763	0.347446	4.036119	-30.074080
117.041586	7.124243	2.239628	1.879668	0.333843	0.339370	4.038125	-30.074417
-81.880496	7.907295	2.117259	1.947630	0.348917	0.331292	4.040126	-30.074754
-106.871427	15.681650	-0.296002	3.222339	0.638966	0.174231	4.078010	-30.081371
103.953438	6.252953	-2.545767	4.382033	0.918549	0.017886	4.114045	-30.088105
27.574836	-10.440446	-4.704711	5.514398	1.215948	-0.158407	4.153096	-30.095969
-115.349587	-17.755163	-6.238213	6.375094	1.477463	-0.329405	4.189780	-30.103989
70.395386	-17.625902	-6.291482	6.407595	1.488609	-0.337228	4.191437	-30.104368
115.588211	-17.445999	-6.342972	6.439356	1.499649	-0.345034	4.193089	-30.104746
-113.940620	-6.816426	-6.966180	6.887656	1.684687	-0.487191	4.222962	-30.111876
-23.374111	10.458282	-6.924162	7.046211	1.824841	-0.621862	4.251088	-30.119125
98.137651	24.570380	-6.061977	6.896989	1.922095	-0.765837	4.281367	-30.127631
-83.904318	18.925511	-4.408947	6.439315	1.948251	-0.895994	4.309386	-30.136297
-94.065727	18.141572	-4.323133	6.413207	1.947834	-0.901309	4.310550	-30.136676
94.122975	17.311601	-4.236349	6.386609	1.947291	-0.906596	4.311709	-30.137055
32.191233	-5.565807	-2.326069	5.753705	1.910692	-1.007032	4.334123	-30.144743
-106.966020	-27.785889	-0.235845	4.952867	1.827914	-1.096477	4.354874	-30.152555
98.019539	-33.595594	2.111336	3.870877	1.682247	-1.185182	4.376550	-30.161619
115.181748	-15.256554	4.111465	2.650860	1.487789	-1.259717	4.396123	-30.170845
-115.089774	-13.813035	4.190141	2.591063	1.477588	-1.262861	4.396989	-30.171281
7.279136	-12.320478	4.267144	2.531063	1.467294	-1.265975	4.397850	-30.171717
111.632476	18.293617	5.342489	1.379080	1.258393	-1.318519	4.413124	-30.179945
-109.807873	34.801789	5.523898	0.200330	1.021213	-1.360301	4.426833	-30.188297
-91.619574	22.746219	4.411828	-1.134447	0.717120	-1.395295	4.440800	-30.198108
117.479321	-4.736172	2.339939	-2.370695	0.386949	-1.416286	4.452972	-30.208087
32.251118	-5.974177	2.230599	-2.424663	0.371046	-1.416927	4.453499	-30.208556
-117.983824	-7.189542	2.120541	-2.478290	0.355090	-1.417539	4.454024	-30.209025
90.952692	-24.133750	0.068928	-3.384422	0.056438	-1.423527	4.463066	-30.217679
123.471546	-28.027502	-1.786545	-4.117893	-0.252296	-1.419755	4.471159	-30.226456
-120.029008	-12.723836	-3.271831	-4.698130	-0.621712	-1.403130	4.479621	-30.236906
-7.257483	13.140621	-3.843041	-4.909092	-0.993367	-1.373623	4.487232	-30.247538
110.403613	14.096918	-3.845568	-4.908745	-1.010371	-1.371965	4.487565	-30.248030
-84.725385	15.005019	-3.845935	-4.907465	-1.027355	-1.370282	4.487897	-30.248522
-102.569469	21.751443	-3.425140	-4.719741	-1.342197	-1.333937	4.493915	-30.257813
102.303288	8.844732	-2.192698	-4.258055	-1.646404	-1.288517	4.499669	-30.267249
34.718317	-11.590191	-0.278316	-3.449586	-1.977521	-1.224651	4.506190	-30.278386
-121.085421	-20.776668	1.396175	-2.427460	-2.275852	-1.149019	4.512739	-30.289730
94.486834	-20.673139	1.455371	-2.375774	-2.288849	-1.145195	4.513050	-30.290266
121.632416	-20.512428	1.512354	-2.323778	-2.301761	-1.141343	4.513361	-30.290803
-121.892796	-9.246319	2.185765	-1.326515	-2.521536	-1.065885	4.519219	-30.300783
-10.056431	10.293084	2.238614	-0.291364	-2.702665	-0.982016	4.525397	-30.310929
100.802245	25.817591	1.698979	0.892270	-2.856800	-0.873715	4.533186	-30.322984
-81.043165	17.464648	0.746005	1.964206	-2.939659	-0.754542	4.541799	-30.335277
-90.582096	16.591342	0.701339	2.005864	-2.941440	-0.749256	4.542186	-30.335804
90.441249	15.681536	0.656563	2.047151	-2.943073	-0.743952	4.542575	-30.336332
28.884455	-7.221312	-0.222979	2.786164	-2.942950	-0.633254	4.550849	-30.347077
-101.662838	-28.209856	-0.893680	3.298659	-2.874891	-0.516342	4.560026	-30.358007
91.513400	-33.947182	-1.138972	3.562584	-2.700897	-0.374015	4.572001	-30.370952
117.754117	-17.060096	-0.659090	3.445435	-2.418079	-0.226354	4.585579	-30.384159
-117.792652	-15.762578	-0.625635	3.431561	-2.402760	-0.219549	4.586237	-30.384765
21.683770	-14.421278	-0.591582	3.416984	-2.387234	-0.212737	4.586898	-30.385372
115.525378	14.251923	0.099562	3.014246	-2.055517	-0.082241	4.600185	-30.396984
-102.178181	33.802323	0.633622	2.397681	-1.660960	0.049836	4.614950	-30.408790
-113.297845	29.400450	0.720977	1.476394	-1.142100	0.203578	4.634088	-30.422722
120.062003	-5.218279	0.361435	0.435446	-0.577738	0.356387	4.655581	-30.436912
38.173430	-6.825840	0.338162	0.386270	-0.550952	0.363388	4.656633	-30.437573
-120.713773	-8.386560	0.314479	0.337041	-0.524100	0.370388	4.657691	-30.438235
102.717783	-27.380292	-0.168528	-0.573269	-0.016440	0.499813	4.678465	-30.450691
126.715466	-26.307070	-0.623189	-1.422452	0.494046	0.626170	4.701275	-30.463337
-124.745024	-3.270056	-0.932807	-2.244633	1.071679	0.767504	4.730450	-30.478243
-19.862032	19.634854	-0.793913	-2.811242	1.614383	0.901664	4.762733	-30.493403
116.764793	20.125813	-0.772905	-2.830071	1.637429	0.907436	4.764243	-30.494082
-93.484062	20.547503	-0.750418	-2.848356	1.660372	0.913190	4.765760	-30.494763
-106.744191	16.668654	-0.069284	-3.095756	2.083775	1.021199	4.796528	-30.508067
101.802464	-1.176917	0.857616	-3.140030	2.461166	1.121483	4.829897	-30.521558
44.690676	-16.209281	1.812415	-2.945310	2.835301	1.226239	4.871804	-30.537358
-116.434763	-19.796938	2.171651	-2.497229	3.141440	1.317684	4.917538	-30.553405
73.929235	-19.675002	2.165528	-2.469858	3.154242	1.321665	4.919806	-30.554173
117.305214	-19.526098	2.156988	-2.441947	3.166886	1.325611	4.922084	-30.554941
-122.012574	-11.185737	1.616497	-1.840807	3.370895	1.391913	4.965570	-30.569151
-17.454521	7.532213	0.516502	-1.104824	3.520272	1.445682	5.012255	-30.583547
108.717008	25.470167	-1.105713	-0.168228	3.622714	1.490575	5.069969	-30.600302
-94.042854	20.098999	-2.735413	0.778798	3.649438	1.515949	5.132237	-30.617300
-100.620948	19.161349	-2.803680	0.820944	3.648816	1.516620	5.135200	-30.618085
100.501758	18.161650	-2.871076	0.862911	3.648030	1.517247	5.138172	-30.618870
27.519057	-7.996517	-3.932569	1.613379	3.601613	1.520935	5.196362	-30.633857
-107.524357	-32.086271	-4.405393	2.242162	3.493397	1.509522	5.257903	-30.649026
101.544991	-34.603749	-3.920590	2.783868	3.288614	1.478702	5.332702	-30.666707
109.634631	-12.171476	-2.197377	3.134008	2.993759	1.430140	5.411506	-30.684627
-109.497335	-10.707418	-2.098109	3.145357	2.978391	1.427573	5.415122	-30.685434
15.170993	-9.212986	-1.997493	3.156335	2.962845	1.424974	5.418742	-30.686241
106.189139	20.842714	0.154736	3.297369	2.624325	1.368108	5.490548	-30.702021
-97.325281	37.757702	2.384873	3.298661	2.221273	1.299694	5.564994	-30.717978
-108.977903	28.232302	4.545013	3.119124	1.693732	1.208126	5.653359	-30.736487
116.995069	-10.416959	5.991100	2.734601	1.113173	1.103705	5.744703	-30.755227
36.390856	-12.143762	6.034928	2.712552	1.086408	1.098784	5.748829	-30.756066
-117.616169	-13.827203	6.076806	2.690090	1.059593	1.093842	5.752958	-30.756904
96.983127	-36.716068	6.474036	2.162991	0.519283	0.991919	5.835424	-30.773529
119.621991	-37.667619	5.919751	1.492960	-0.035004	0.882001	5.919781	-30.790329
-113.056052	-13.389363	4.113888	0.650843	-0.642784	0.753700	6.013936	-30.808891
102.976367	20.556884	1.496621	-0.241169	-1.237463	0.617936	6.109904	-30.827661
-94.846314	37.188239	-1.476313	-1.156600	-1.829468	0.468892	6.212136	-30.847544
-89.548918	19.641851	-4.068964	-1.977120	-2.372157	0.314105	6.315840	-30.867653
97.122943	17.917849	-4.173577	-2.012003	-2.396109	0.306722	6.320737	-30.868601
8.849135	16.119972	-4.276417	-2.046524	-2.419926	0.299325	6.325640	-30.869551
-107.164490	-20.173630	-5.796248	-2.605376	-2.830887	0.161001	6.416709	-30.887201
111.068890	-36.297753	-6.418927	-2.979685	-3.178332	0.020192	6.508501	-30.905018
126.445294	-23.585211	-5.836853	-3.141346	-3.484985	-0.144266	6.615065	-30.925781
-126.510493	10.957102	-4.210035	-3.057192	-3.677146	-0.309680	6.722089	-30.946765
-18.137268	12.477260	-4.119642	-3.048445	-3.683101	-0.317163	6.726935	-30.947720
126.054984	13.960034	-4.028155	-3.039306	-3.688821	-0.324645	6.731782	-30.948674
-107.198930	33.355751	-2.110718	-2.791389	-3.754876	-0.468763	6.825378	-30.967188
-112.450820	31.386807	-0.107073	-2.425771	-3.741950	-0.611734	6.918928	-30.985869
111.809783	3.365298	2.002715	-1.897406	-3.640342	-0.772926	7.025681	-31.007446
44.623373	-24.286306	3.613199	-1.289939	-3.456982	-0.930794	7.131879	-31.029240
-117.338931	-25.055927	3.668952	-1.261308	-3.446959	-0.937830	7.136653	-31.030229
94.989262	-25.765606	3.723043	-1.232581	-3.436787	-0.944863	7.141429	-31.031218
120.478758	-28.235779	4.392843	-0.668894	-3.214075	-1.078881	7.233159	-31.050386
-118.894753	-12.965172	4.286056	-0.104821	-2.945857	-1.209644	7.324068	-31.069714
-17.962552	13.142838	3.438211	0.510689	-2.592150	-1.355021	7.426953	-31.092047
106.282039	26.668577	2.166731	1.069400	-2.199262	-1.495279	7.528271	-31.114589
-94.440345	26.595780	2.104611	1.093065	-2.180570	-1.501552	7.532854	-31.115623
-105.758175	26.447335	2.042400	1.116544	-2.161819	-1.507814	7.537434	-31.116658
102.486547	12.776213	0.857702	1.525606	-1.793513	-1.625265	7.624247	-31.136525
33.642686	-8.651806	-0.237656	1.843725	-1.411738	-1.738134	7.709472	-31.156550
-107.176427	-27.822054	-1.234550	2.068537	-0.966128	-1.861706	7.805157	-31.179738
86.268889	-27.862452	-1.800110	2.111427	-0.523373	-1.978384	7.898255	-31.203133
112.189210	-27.215666	-1.814096	2.108477	-0.503232	-1.983584	7.902476	-31.204215
-112.319778	-26.504061	-1.826976	2.105068	-0.483121	-1.988768	7.906691	-31.205298
-0.526485	-4.277777	-1.873734	1.951968	-0.108006	-2.084012	7.985395	-31.225903
109.306819	20.597319	-1.594835	1.631317	0.254502	-2.173314	8.061729	-31.246662
-105.408891	30.845711	-1.008610	1.100265	0.651988	-2.267959	8.146072	-31.270641
-104.220523	15.833454	-0.303817	0.471521	1.025457	-2.353948	8.226811	-31.294823
104.463476	14.531339	-0.271502	0.442246	1.041632	-2.357611	8.230361	-31.295917
19.032608	13.178623	-0.239207	0.412932	1.057758	-2.361259	8.233904	-31.297013
-113.277403	-15.794567	0.359754	-0.145599	1.356339	-2.427949	8.300708	-31.318233
98.349183	-31.875400	0.857086	-0.652449	1.628491	-2.487401	8.364389	-31.339604
131.095293	-26.724226	1.202812	-1.099393	1.904306	-2.546495	8.433610	-31.364391
-130.357117	-0.446616	1.227851	-1.335873	2.134679	-2.595191	8.498248	-31.389375
-17.666788	0.918431	1.221039	-1.341520	2.144028	-2.597161	8.501089	-31.390521
129.738197	2.275442	1.213532	-1.346734	2.153276	-2.599110	8.503921	-31.391668
-99.394095	23.667286	0.943243	-1.366243	2.307594	-2.631685	8.555609	-31.413452
-110.091176	29.970199	0.435710	-1.248601	2.422439	-2.655973	8.603647	-31.435383
105.451140	12.342473	-0.383219	-0.975567	2.512639	-2.673537	8.654466	-31.460816
45.843758	-13.246589	-1.206695	-0.595020	2.568963	-2.679853	8.700546	-31.486441
-110.511284	-14.255609	-1.239814	-0.575608	2.570936	-2.679871	8.702554	-31.487625
74.660017	-15.234142	-1.272283	-0.556060	2.572863	-2.679865	8.704552	-31.488809
117.238357	-26.321701	-1.726820	-0.165036	2.602402	-2.675166	8.740587	-31.511352
-118.977847	-18.848363	-1.780868	0.243626	2.624025	-2.661665	8.773069	-31.534039
-18.746687	7.698063	-1.365912	0.687662	2.649384	-2.635140	8.805974	-31.560261
102.373868	23.396101	-0.516694	1.049127	2.686834	-2.596643	8.834184	-31.586669
-91.194893	23.261884	-0.468639	1.062765	2.689038	-2.594588	8.835365	-31.587884
-101.441387	23.030110	-0.419880	1.076101	2.691294	-2.592507	8.836536	-31.589100
95.266630	6.707318	0.580589	1.264242	2.745347	-2.548231	8.856847	-31.612198
32.840550	-12.285896	1.529142	1.303750	2.826320	-2.494629	8.873608	-31.635431
-103.804757	-24.221913	2.180009	1.120132	2.958521	-2.421270	8.888485	-31.662316
77.012053	-19.452931	2.060787	0.680670	3.121924	-2.335203	8.898640	-31.689364
109.794311	-18.809796	2.038872	0.655729	3.129871	-2.330976	8.898991	-31.690600
-109.857290	-18.129654	2.015743	0.630440	3.137850	-2.326722	8.899331	-31.691837
-7.674712	0.074983	1.378336	0.093944	3.294622	-2.240294	8.903942	-31.715515
101.746815	20.181891	0.501780	-0.496340	3.452980	-2.143947	8.904960	-31.739305
-97.452712	31.260705	-0.553524	-1.153048	3.624881	-2.020291	8.901660	-31.766886
-89.276038	17.023776	-1.393060	-1.681255	3.770854	-1.883054	8.893556	-31.794601
99.705657	15.614305	-1.423057	-1.700605	3.776669	-1.876445	8.893070	-31.795873
13.495336	14.138910	-1.452188	-1.719450	3.782396	-1.869807	8.892573	-31.797145
-107.075943	-17.927617	-1.818549	-1.967179	3.872257	-1.739086	8.881315	-31.821196
107.565654	-36.032081	-1.754536	-1.971690	3.922136	-1.597943	8.866456	-31.845337
123.404084	-29.070210	-1.062066	-1.659521	3.925734	-1.421360	8.844746	-31.873388
-122.900791	3.710030	-0.034924	-1.068730	3.868386	-1.230532	8.818189	-31.901544
1.253437	5.372765	0.013180	-1.036138	3.864236	-1.221412	8.816850	-31.902842
122.314737	7.016796	0.061019	-1.003131	3.859952	-1.212262	8.815501	-31.904140
-96.127583	31.278102	0.855360	-0.315910	3.754172	-1.034992	8.788242	-31.928565
-106.031541	34.757742	1.257173	0.463814	3.599545	-0.847975	8.757345	-31.953057
106.849412	7.611698	0.998992	1.405945	3.359218	-0.621258	8.717192	-31.981376
38.710329	-22.112470	0.223920	2.292974	3.051104	-0.384061	8.672179	-32.009772
-115.331519	-23.039031	0.179796	2.332701	3.034379	-0.372292	8.669867	-32.011153
86.353011	-23.892017	0.135409	2.372015	3.017490	-0.360503	8.667544	-32.012535
118.937732	-27.880140	-0.651525	2.989442	2.688477	-0.146779	8.624154	-32.037221
-115.250011	-15.252324	-1.264406	3.396179	2.306477	0.072623	8.577094	-32.061953
-16.256345	8.389888	-1.482863	3.504252	1.799291	0.331899	8.518145	-32.090577
98.760581	21.863269	-0.916842	3.141297	1.227915	0.595973	8.454273	-32.119249
-98.597340	21.874099	-0.870268	3.114206	1.200748	0.608012	8.451266	-32.120547
-91.003072	21.818515	-0.821826	3.086257	1.173480	0.620058	8.448249	-32.121846
99.153247	11.300543	0.368534	2.404719	0.633787	0.851694	8.388556	-32.146715
26.169271	-6.454740	1.708570	1.511005	0.066974	1.084727	8.325155	-32.171608
-112.247763	-22.161552	2.774308	0.339499	-0.608464	1.354277	8.247323	-32.200376
95.245078	-21.041676	2.691984	-0.862967	-1.291913	1.622888	8.164529	-32.229162
115.512597	-20.490378	2.656081	-0.917526	-1.323221	1.635168	8.160610	-32.230484
-115.464932	-19.892892	2.617331	-0.971979	-1.354513	1.647442	8.156681	-32.231805
8.263785	-2.135897	1.416938	-1.974515	-1.942038	1.878668	8.080304	-32.256827
105.616561	18.604958	-0.420620	-2.892713	-2.513331	2.106985	8.000159	-32.281853
-100.900925	30.142471	-2.841143	-3.784797	-3.135613	2.363915	7.903621	-32.310545
-91.940661	17.313270	-5.043202	-4.441549	-3.708600	2.614229	7.802116	-32.339227
103.096301	15.928232	-5.132426	-4.466173	-3.734779	2.626130	7.797085	-32.340612
16.479781	14.474386	-5.219404	-4.490070	-3.760790	2.638005	7.792046	-32.341996
-111.953365	-15.951385	-6.319105	-4.790077	-4.201111	2.848264	7.699378	-32.366904
106.433470	-33.899021	-6.205225	-4.824630	-4.582100	3.051336	7.602941	-32.391792
134.646130	-28.952636	-4.172362	-4.555784	-4.937117	3.274783	7.487336	-32.420392
-136.473315	0.557032	-0.698130	-4.013899	-5.203256	3.485958	7.366722	-32.448953
-0.505060	2.127301	-0.512076	-3.982487	-5.213736	3.495643	7.360878	-32.450307
135.956809	3.680820	-0.324796	-3.950609	-5.224027	3.505296	7.355022	-32.451660
-96.949969	26.176028	3.222282	-3.290353	-5.379836	3.676905	7.245488	-32.476490
-116.608049	29.560582	6.587572	-2.516255	-5.475058	3.837371	7.132140	-32.501279
113.078331	4.729664	9.616956	-1.532528	-5.514264	4.008570	6.996214	-32.529907
55.740196	-21.287934	11.395752	-0.515216	-5.482961	4.164023	6.855157	-32.558466
-117.754696	-22.025615	11.446663	-0.465317	-5.479707	4.171284	6.848069	-32.559873
91.044139	-22.685935	11.493865	-0.415531	-5.476300	4.178504	6.840974	-32.561278
121.161816	-22.846467	11.756529	0.427760	-5.393335	4.297881	6.715854	-32.585633
-120.562521	-6.715283	11.136400	1.209196	-5.268117	4.406262	6.586986	-32.609928
-13.797976	16.197022	9.767392	2.028090	-5.073099	4.519656	6.431171	-32.638320
108.085086	20.951619	8.285838	2.741034	-4.832307	4.618743	6.270208	-32.666615
-84.136479	20.279488	8.219275	2.774129	-4.819103	4.623357	6.261974	-32.668036
-107.273282	19.505255	8.153906	2.806960	-4.805801	4.627937	6.253727	-32.669456
101.725428	-2.356404	7.169698	3.323443	-4.566180	4.700284	6.111953	-32.693493
47.034838	-21.033971	6.218828	3.764971	-4.302668	4.762839	5.966434	-32.717449
-104.997447	-26.843853	4.755107	4.187940	-3.969240	4.823994	5.791277	-32.745393
70.265243	-12.182208	2.565163	4.510790	-3.615300	4.872487	5.611024	-32.773209
108.582666	-11.020858	2.436979	4.524246	-3.597298	4.874573	5.601937	-32.774588
-108.640326	-9.827078	2.307068	4.537458	-3.579263	4.876629	5.592836	-32.775966
-13.459269	13.448525	-0.175362	4.726349	-3.265555	4.907234	5.434833	-32.799548
104.971746	33.609224	-3.088620	4.844642	-2.946307	4.929213	5.273178	-32.823027
-102.130435	39.228216	-6.950759	4.894648	-2.570788	4.944317	5.079209	-32.850391
-87.218246	18.380669	-11.053274	4.850296	-2.199611	4.948302	4.880307	-32.877600
102.431132	16.467123	-11.257765	4.845465	-2.180712	4.948213	4.869928	-32.878998
15.106827	14.474223	-11.460692	4.840386	-2.161839	4.948096	4.859536	-32.880394
-107.858171	-21.912613	-14.494518	4.718524	-1.851574	4.941998	4.684662	-32.903583
118.644402	-41.912583	-16.482400	4.523716	-1.548289	4.928211	4.506287	-32.926647
126.814049	-33.583816	-16.940217	4.199495	-1.202798	4.902618	4.294078	-32.953373
-129.698682	3.253290	-15.662099	3.768990	-0.865206	4.866971	4.077499	-32.979917
-4.807481	5.027033	-15.569300	3.746778	-0.849821	4.865089	4.067414	-32.981136
129.329718	6.767474	-15.473831	3.724357	-0.834440	4.863184	4.057313	-32.982355
-87.753987	30.576113	-13.259157	3.269448	-0.548376	4.823575	3.866097	-33.005170
-111.438521	32.687758	-10.460323	2.757829	-0.266995	4.776728	3.671937	-33.027836
107.206126	7.642353	-6.909864	2.114180	0.051549	4.714075	3.445178	-33.053715
37.670001	-17.946682	-3.355626	1.428126	0.365476	4.642221	3.214935	-33.079382
-109.987381	-18.694603	-3.196239	1.395525	0.379957	4.638663	3.204161	-33.080569
92.952030	-19.385352	-3.037732	1.362894	0.394420	4.635088	3.193388	-33.081755
110.506223	-23.031696	-0.266818	0.746848	0.662873	4.564858	2.991166	-33.103782
-106.341354	-13.349050	2.072244	0.124626	0.929163	4.487964	2.786655	-33.125640
-9.207700	6.031377	4.449223	-0.589920	1.236095	4.390557	2.546755	-33.150776
97.576438	19.721883	6.802726	-1.279888	1.541791	4.284476	2.304189	-33.175671
-97.709177	19.967070	6.927200	-1.313713	1.557191	4.278899	2.291890	-33.176920
-97.145638	20.153377	7.052559	-1.347428	1.572590	4.273301	2.279584	-33.178169
103.369779	14.445594	9.256963	-1.901888	1.834515	4.174784	2.069360	-33.199303
12.510599	-4.707986	11.308983	-2.412828	2.096834	4.070107	1.857488	-33.220250
-114.940806	-25.953671	12.945993	-2.938310	2.403666	3.940530	1.608784	-33.244408
89.361940	-24.785854	13.261471	-3.375619	2.712681	3.802890	1.358274	-33.268296
115.401780	-23.976329	13.242558	-3.393577	2.726946	3.796375	1.346724	-33.269387
-115.335569	-23.093648	13.220770	-3.411349	2.741218	3.789843	1.335171	-33.270477
-1.562718	2.933092	12.279013	-3.708454	3.011601	3.663612	1.116789	-33.290920
109.065383	30.377465	10.352684	-3.923076	3.284947	3.531559	0.897372	-33.311150
-102.896251	38.574270	6.959428	-4.048120	3.604221	3.372375	0.643548	-33.334180
-85.452138	16.311801	2.534138	-4.020077	3.929168	3.205758	0.388763	-33.356913
99.866955	14.550284	2.321582	-4.014778	3.944131	3.197991	0.377133	-33.357941
3.883203	12.731070	2.109047	-4.009115	3.959099	3.190214	0.365509	-33.358969
-104.271038	-24.251663	-1.828670	-3.827945	4.247672	3.038999	0.143531	-33.378444
116.473104	-41.899222	-5.052894	-3.497593	4.542768	2.882411	-0.078838	-33.397684
123.250030	-30.144012	-7.178322	-2.913809	4.890945	2.695902	-0.334752	-33.419502
-126.000135	7.227309	-7.714562	-2.094777	5.249607	2.502567	-0.590792	-33.440995
-4.188952	8.994608	-7.705571	-2.051018	5.266541	2.493421	-0.602687	-33.441986
125.673256	10.725923	-7.693781	-2.006768	5.283499	2.484261	-0.614582	-33.442976
-91.300176	34.202105	-6.976411	-1.095122	5.606985	2.309419	-0.838102	-33.461449
-111.009378	35.610805	-5.406916	-0.072997	5.939837	2.129606	-1.061383	-33.479662
110.176359	9.256768	-2.827242	1.153440	6.332539	1.918125	-1.316111	-33.500157
39.949764	-19.561821	-0.042392	2.355908	6.739201	1.700430	-1.570125	-33.520300
-118.128085	-20.603149	0.091210	2.414767	6.760267	1.689199	-1.583017	-33.521315
78.454842	-21.581356	0.223258	2.473285	6.781359	1.677958	-1.595899	-33.522328
124.385242	-28.547920	2.152643	3.411969	7.146805	1.484035	-1.815006	-33.539447
-124.110957	-17.881964	3.248211	4.200187	7.524056	1.285684	-2.033251	-33.556291
-13.382136	8.036377	3.514725	4.848499	7.976669	1.050476	-2.284837	-33.575456
104.988946	24.566918	2.876678	5.141133	8.446844	0.809613	-2.534855	-33.594238
-92.984305	24.645716	2.822337	5.146118	8.471261	0.797205	-2.547533	-33.595184
-103.923630	24.628710	2.765950	5.150146	8.495740	0.784776	-2.560215	-33.596129
97.334996	14.002578	1.560238	5.073438	8.916835	0.572164	-2.774228	-33.611977
28.402061	-2.702535	0.075447	4.727563	9.346478	0.355573	-2.986753	-33.627530
-103.478085	-18.966066	-1.600715	4.014049	9.837448	0.103065	-3.227853	-33.644952
96.944049	-25.465808	-2.846368	2.976000	10.314541	-0.154380	-3.466615	-33.661973
120.134611	-16.794458	-3.282887	1.653848	10.756567	-0.412166	-3.698882	-33.678311
-116.860030	8.353349	-2.762564	0.061598	11.158427	-0.674432	-3.928478	-33.694248
-0.957723	9.772121	-2.712129	-0.020301	11.176486	-0.687136	-3.939432	-33.695003
115.783578	11.187799	-2.659316	-0.102609	11.194420	-0.699850	-3.950380	-33.695757
-101.944507	29.485704	-1.149621	-1.768568	11.517595	-0.950157	-4.162842	-33.710297
-85.770694	14.557278	1.184539	-3.458844	11.781722	-1.204152	-4.372594	-33.724471
94.838781	13.186902	1.318734	-3.543564	11.793439	-1.217236	-4.383244	-33.725186
22.597121	11.789544	1.453867	-3.627995	11.804972	-1.230330	-4.393885	-33.725900
-100.484685	-15.552046	4.058872	-5.128738	11.984518	-1.476385	-4.591094	-33.739044
98.509996	-34.291496	6.507046	-6.410001	12.089653	-1.725434	-4.785525	-33.751846
126.623938	-32.864924	8.571743	-7.467660	12.105734	-2.015515	-5.005885	-33.766163
-129.943195	-2.650085	9.342681	-7.920458	11.994720	-2.308094	-5.222146	-33.780009
1.288769	-0.881225	9.339573	-7.924503	11.986209	-2.321745	-5.232100	-33.780642
129.289228	0.890367	9.332676	-7.926958	11.977391	-2.335399	-5.242045	-33.781273
-97.312219	29.877305	8.483674	-7.696066	11.757124	-2.590237	-5.425587	-33.792847
-104.930898	39.037990	6.169085	-6.989541	11.432037	-2.845475	-5.605732	-33.804058
107.786785	16.630261	1.656763	-5.676879	10.929933	-3.140020	-5.809461	-33.816552
34.290549	-2.774417	-4.176952	-3.945224	10.301875	-3.433194	-6.008234	-33.828547
-119.811523	-3.271891	-4.473362	-3.854434	10.269047	-3.447090	-6.017563	-33.829105
74.423163	-3.726188	-4.770994	-3.762921	10.235940	-3.460990	-6.026886	-33.829662
111.854031	-11.099886	-10.267876	-1.994763	9.589057	-3.713064	-6.194622	-33.839611
-83.789632	-29.473623	-15.539318	-0.087937	8.864030	-3.962609	-6.358306	-33.849173
56.720016	-35.822427	-20.442532	2.080789	7.983252	-4.233899	-6.533829	-33.859257
-43.584376	-2.618589	-23.728720	4.219053	7.026210	-4.500433	-6.704069	-33.868860
-87.276940	30.836014	-24.827328	6.310654	5.954571	-4.773078	-6.876212	-33.878378
124.856531	17.805109	-23.024320	8.155182	4.821512	-5.038523	-7.042135	-33.887354
33.890319	16.467762	-22.876197	8.228824	4.770993	-5.049893	-7.049210	-33.887732
-127.186827	15.105606	-22.722282	8.301830	4.720416	-5.061239	-7.056267	-33.888109
104.181118	-11.696026	-18.384038	9.634389	3.689070	-5.284980	-7.194959	-33.895433
132.309306	-23.044244	-11.591427	10.700396	2.625129	-5.501770	-7.328614	-33.902335
-120.924010	-2.463846	-0.987702	11.553020	1.375587	-5.740121	-7.474986	-33.909700
-22.182329	21.543422	11.414894	11.972226	0.096758	-5.967521	-7.614371	-33.916500
106.241686	21.968051	12.005047	11.980354	0.037210	-5.977723	-7.620625	-33.916800
-105.718234	22.296702	12.595645	11.987461	-0.022385	-5.987901	-7.626864	-33.917098
-106.367779	13.493203	23.562856	11.921466	-1.161237	-6.176233	-7.742413	-33.922537
101.454811	-10.369854	32.877371	11.449099	-2.306424	-6.354666	-7.852278	-33.927532
29.399846	-34.186716	39.669248	10.360729	-3.614621	-6.546259	-7.971098	-33.932707
-118.209225	-41.436208	40.320181	8.654019	-4.902739	-6.722950	-8.082036	-33.937285
91.425291	-41.175685	40.155580	8.554230	-4.965521	-6.731267	-8.087303	-33.937496
118.866659	-40.848596	39.970731	8.453036	-5.028215	-6.739544	-8.092550	-33.937705
-123.070329	-25.621673	33.725196	6.476899	-6.108234	-6.877855	-8.181071	-33.941117
-7.753397	1.985297	22.885203	4.179765	-7.151098	-7.003597	-8.263402	-33.944073
117.239438	36.780938	6.699226	1.250236	-8.300719	-7.132786	-8.350918	-33.946924
-95.373855	64.586226	-10.968536	-1.812742	-9.372055	-7.243201	-8.429705	-33.949148
-97.280653	65.889371	-11.830271	-1.963829	-9.422398	-7.248124	-8.433347	-33.949241
96.714605	67.198856	-12.689735	-2.114927	-9.472544	-7.253001	-8.436969	-33.949333
-9.138556	85.442924	-27.029374	-4.738879	-10.315457	-7.330836	-8.497116	-33.950691
-133.226558	72.874690	-38.755803	-7.227842	-11.077512	-7.393154	-8.550416	-33.951569
256.477792	-95.196687	-45.903792	-11.988044	-12.504065	-7.475100	-8.648606	-33.951709
116.456738	41.295169	-16.077963	-14.364970	-13.289485	-7.456912	-8.706107	-33.949061
-130.697752	53.785006	-15.227795	-14.390938	-13.298364	-7.455339	-8.706899	-33.948973
-5.634042	65.530205	-14.375794	-14.415949	-13.306885	-7.453714	-8.707674	-33.948883
114.975534	76.102258	-13.398619	-14.443417	-13.316200	-7.451791	-8.708537	-33.948779
-87.995420	81.978384	-12.420250	-14.469648	-13.325040	-7.449799	-8.709377	-33.948674
-98.938657	83.925821	-11.533389	-14.492353	-13.332638	-7.447936	-8.710117	-33.948576
91.748142	83.862100	-10.645959	-14.514072	-13.339849	-7.446015	-8.710837	-33.948478
50.303547	28.089203	2.320754	-14.723752	-13.399828	-7.410644	-8.719231	-33.946837
-36.841411	-50.261362	13.965334	-14.735187	-13.368265	-7.362420	-8.723285	-33.944878
151.075536	-60.368063	26.341554	-14.449686	-13.169494	-7.273158	-8.721765	-33.941580
128.301660	-6.116363	33.975441	-13.845158	-12.801511	-7.159713	-8.711957	-33.937651
-133.720279	28.867920	38.075386	-12.908669	-12.250097	-7.016062	-8.692987	-33.932864
-26.818627	32.690432	39.648978	-11.701861	-11.544742	-6.848110	-8.665311	-33.927392
112.134796	32.527070	39.687667	-11.635514	-11.505933	-6.839143	-8.663711	-33.927102
-87.829743	32.358569	39.723780	-11.568603	-11.466786	-6.830119	-8.662090	-33.926811
-99.574549	27.467268	39.952837	-10.330795	-10.740154	-6.665593	-8.630838	-33.921517
97.446488	15.677646	39.474767	-8.950198	-9.923529	-6.484814	-8.593461	-33.915726
32.702446	-3.994822	38.093039	-7.185395	-8.874711	-6.255199	-8.542478	-33.908373
-106.625036	-17.829666	35.898022	-5.274467	-7.734214	-6.005729	-8.483583	-33.900356
78.669837	-18.157686	35.742900	-5.156316	-7.663534	-5.990223	-8.479818	-33.899857
107.472389	-18.409164	35.585098	-5.037692	-7.592552	-5.974642	-8.476025	-33.899354
-112.183138	-13.267500	33.070760	-3.315927	-6.560086	-5.746850	-8.419334	-33.891983
-15.421812	4.964323	30.034737	-1.529844	-5.484573	-5.506420	-8.357247	-33.884142
100.966238	21.331339	25.769929	0.637522	-4.169698	-5.206537	-8.276971	-33.874262
-85.026617	11.097692	20.837976	2.809809	-2.824378	-4.891053	-8.189502	-33.863732
-88.727658	10.074507	20.581020	2.916049	-2.757493	-4.875102	-8.185003	-33.863195
88.430843	9.024482	20.323180	3.022081	-2.690617	-4.859126	-8.180490	-33.862658
28.176639	-10.957294	15.704591	4.836049	-1.524075	-4.575764	-8.099294	-33.853056
-98.283236	-27.356827	10.948436	6.566200	-0.358376	-4.282552	-8.013086	-33.842983
97.484681	-31.142004	5.459124	8.424467	0.984559	-3.929619	-7.906537	-33.830662
118.304654	-15.253796	0.262625	10.056450	2.296399	-3.565433	-7.793556	-33.817708
-118.353570	-13.915250	0.013715	10.131159	2.361004	-3.546914	-7.787730	-33.817043
13.541635	-12.526098	-0.233787	10.205097	2.425451	-3.528381	-7.781893	-33.816376
114.765954	14.943553	-4.259058	11.352369	3.509838	-3.206801	-7.679392	-33.804702
-94.915694	35.730643	-7.789940	12.245458	4.548085	-2.878549	-7.572430	-33.792567
-107.417209	34.231638	-11.090590	12.914367	5.686017	-2.488625	-7.442339	-33.777853
113.741483	0.290132	-13.176965	13.125436	6.731311	-2.091753	-7.306556	-33.762522
28.973972	-1.597576	-13.243022	13.122859	6.781228	-2.071596	-7.299569	-33.761734
-114.592386	-3.450275	-13.304984	13.118965	6.830867	-2.051424	-7.292567	-33.760943
87.904199	-27.534775	-13.690976	12.849496	7.631045	-1.706499	-7.171467	-33.747278
125.009686	-33.765740	-12.687849	12.201021	8.346816	-1.358126	-7.046483	-33.733169
-123.141291	-14.877143	-9.750240	11.028729	9.075798	-0.947217	-6.895525	-33.716105
-17.538190	16.600243	-5.645148	9.503154	9.688276	-0.533685	-6.739612	-33.698440
113.257802	17.855605	-5.427100	9.419773	9.715729	-0.513071	-6.731732	-33.697545
-79.723932	19.043693	-5.208577	9.335767	9.742901	-0.492454	-6.723841	-33.696650
-102.746192	27.682072	-1.471087	7.796071	10.168450	-0.135538	-6.585556	-33.680931
98.495254	14.241295	1.819196	6.133183	10.511469	0.221668	-6.443893	-33.664775
27.431053	-9.531420	4.529799	4.135430	10.807596	0.634245	-6.275987	-33.645545
-114.000104	-23.945473	5.503089	2.155244	10.998388	1.045134	-6.103916	-33.625736
75.693404	-24.121605	5.494789	2.056582	11.005382	1.066136	-6.094985	-33.624705
115.009000	-24.227752	5.480221	1.958320	11.012106	1.087131	-6.086043	-33.623672
-120.709589	-15.856425	4.409328	0.358980	11.085338	1.440632	-5.933384	-33.605993
-16.145582	6.724333	2.328274	-1.122235	11.083494	1.791213	-5.777883	-33.587886
109.921608	28.525892	-0.283883	-2.679209	10.990332	2.191135	-5.595135	-33.566469
-99.786797	23.382320	-2.149310	-4.067965	10.801848	2.585542	-5.408973	-33.544491
-92.261255	22.319450	-2.220237	-4.135856	10.789410	2.606005	-5.399147	-33.543326
99.153266	21.188336	-2.288524	-4.203308	10.776710	2.626463	-5.389306	-33.542159
28.802324	-3.653626	-3.023689	-5.246070	10.530829	2.961328	-5.225777	-33.522695
-103.766791	-29.204859	-3.008646	-6.153779	10.217206	3.291183	-5.059984	-33.502819
112.985293	-41.322011	-2.032891	-7.025170	9.771432	3.666238	-4.865400	-33.479300
117.863733	-23.750407	-0.168668	-7.699497	9.238996	4.033422	-4.668144	-33.455236
-117.939535	-21.872494	-0.063071	-7.728644	9.209468	4.051983	-4.657984	-33.453991
14.046664	-19.897848	0.042504	-7.757251	9.179737	4.070511	-4.647824	-33.452744
116.062314	19.391617	1.709259	-8.161998	8.642993	4.380841	-4.474789	-33.431422
-112.235896	44.194531	2.703711	-8.414851	8.044639	4.684243	-4.300038	-33.409699
-112.870417	34.966716	2.447090	-8.511619	7.275707	5.026716	-4.095423	-33.384010
121.647888	-11.971741	1.111566	-8.375893	6.428608	5.358409	-3.888866	-33.357790
27.622335	-14.198071	1.026719	-8.362194	6.383094	5.375124	-3.878218	-33.356431
-122.635452	-16.320123	0.940949	-8.347814	6.337385	5.391808	-3.867566	-33.355070
107.188675	-35.969335	-0.545399	-8.003637	5.544225	5.666540	-3.688542	-33.332074
129.733350	-30.319762	-1.868022	-7.457580	4.704307	5.932175	-3.508367	-33.308691
-123.795284	-3.429855	-2.906830	-6.559713	3.683704	6.228292	-3.298061	-33.281084
-18.136625	22.374853	-3.141140	-5.372634	2.629367	6.510713	-3.086566	-33.252965
111.252844	23.137895	-3.125727	-5.303775	2.574332	6.524908	-3.075618	-33.251500
-85.036402	23.815791	-3.107307	-5.234247	2.519288	6.539055	-3.064674	-33.250034
-100.215430	23.343693	-2.347440	-3.979097	1.594689	6.769812	-2.881301	-33.225319
96.827280	6.769291	-0.838893	-2.593375	0.669762	6.989240	-2.697320	-33.200228
35.295861	-11.092764	1.209013	-0.905930	-0.389763	7.229046	-2.483188	-33.170639
-116.468873	-18.851571	2.719891	0.770922	-1.417975	7.452120	-2.268608	-33.140554
85.362619	-18.892867	2.767373	0.856659	-1.470700	7.463340	-2.257348	-33.138963
117.575156	-18.893077	2.810928	0.942077	-1.523290	7.474511	-2.246088	-33.137370
-122.370903	-12.100630	3.020479	2.287486	-2.366022	7.651094	-2.060964	-33.111007
-9.499676	7.043588	2.474296	3.480767	-3.160604	7.814104	-1.875798	-33.084281
103.344052	25.641091	1.258485	4.611035	-4.007237	7.985455	-1.661220	-33.052846
-91.367733	18.376771	-0.206270	5.432497	-4.757536	8.137113	-1.446946	-33.020932
-91.184770	17.289260	-0.275363	5.463271	-4.790465	8.143808	-1.436786	-33.019406
90.850499	16.138667	-0.344052	5.493256	-4.823116	8.150453	-1.426635	-33.017879
29.531682	-11.462700	-1.486855	5.901799	-5.372723	8.263723	-1.241234	-32.989777
-97.985542	-36.126879	-2.240344	6.031906	-5.825532	8.361028	-1.056348	-32.961321
105.920288	-38.650315	-2.291443	5.815737	-6.222142	8.453035	-0.843214	-32.927956
103.425598	-14.955490	-1.277014	5.213314	-6.487996	8.522331	-0.631127	-32.894125
-103.310762	-13.143354	-1.204185	5.172714	-6.498399	8.525304	-0.620150	-32.892356
18.416308	-11.282525	-1.130073	5.131256	-6.508482	8.528217	-0.609171	-32.890585
101.300302	21.276927	0.178436	4.336882	-6.629006	8.567410	-0.428355	-32.861157
-105.004126	41.712265	1.317512	3.373853	-6.666884	8.589775	-0.248599	-32.831394
-102.257513	31.879385	1.945754	2.112805	-6.615163	8.594779	-0.041217	-32.796391
126.489475	-11.734140	1.856465	0.762364	-6.470268	8.578012	0.164389	-32.760942
35.834073	-13.877096	1.835552	0.691803	-6.460520	8.576583	0.174878	-32.759113
-127.068662	-15.936475	1.813205	0.621165	-6.450557	8.575099	0.185362	-32.757282
102.984689	-36.839259	1.242635	-0.572434	-6.251662	8.542026	0.361079	-32.726295
121.965608	-33.735919	0.389601	-1.749635	-5.998507	8.494064	0.535278	-32.694981
-111.898262	-7.877654	-0.736183	-3.047721	-5.645467	8.420484	0.735441	-32.658233
-14.423350	19.185500	-1.744770	-4.218993	-5.238698	8.328487	0.933355	-32.621054
101.963964	20.151313	-1.788062	-4.274362	-5.216679	8.323311	0.943398	-32.619144
-91.550873	21.054760	-1.830293	-4.329245	-5.194547	8.318090	0.953435	-32.617233
-97.572604	26.268948	-2.347603	-5.174080	-4.806162	8.223353	1.121634	-32.584868
99.123463	13.527552	-2.434109	-5.843369	-4.393118	8.116204	1.288071	-32.552191
24.430985	-9.098380	-2.128879	-6.362656	-3.889293	7.976178	1.480017	-32.513674
-115.197863	-22.241629	-1.589336	-6.588443	-3.373826	7.820743	1.669533	-32.474739
92.471932	-22.322209	-1.562401	-6.591803	-3.350291	7.813316	1.678100	-32.472957
115.781930	-22.345915	-1.535388	-6.594570	-3.326742	7.805854	1.686667	-32.471174
-118.310569	-13.376720	-0.999665	-6.536180	-2.880893	7.658660	1.848234	-32.437171
0.973987	6.693557	-0.355277	-6.274603	-2.438286	7.501130	2.007965	-32.402863
105.883559	24.785105	0.640416	-5.738100	-1.937273	7.308270	2.189006	-32.363118
-98.028036	20.127766	1.968207	-4.964775	-1.446943	7.103239	2.367613	-32.322977
-95.865020	19.254853	2.042354	-4.918386	-1.421799	7.092257	2.376835	-32.320878
97.711376	18.331066	2.116676	-4.871403	-1.396694	7.081245	2.386051	-32.318779
19.417590	-1.734970	3.337173	-4.004622	-0.985075	6.893601	2.538416	-32.283691
-107.258673	-22.559513	4.381035	-2.984782	-0.586536	6.697992	2.688933	-32.248314
109.132187	-33.683633	5.090235	-1.622637	-0.143119	6.461532	2.861376	-32.206877
118.464203	-20.883926	4.974646	-0.088719	0.276177	6.215805	3.031296	-32.165057
-118.282015	-19.603390	4.947164	-0.016259	0.294402	6.204555	3.038874	-32.163168
17.224047	-18.258756	4.917689	0.056424	0.312558	6.193296	3.046442	-32.161280
111.278672	14.129782	3.936964	1.509298	0.652739	5.971946	3.192014	-32.124558
-107.781463	37.786179	2.132157	3.015420	0.969500	5.744748	3.335654	-32.087553
-98.553214	29.317405	-0.853681	4.733289	1.300506	5.478065	3.497753	-32.044832
123.637476	-14.615110	-4.079578	6.359773	1.594315	5.205197	3.657274	-32.001749
35.128189	-16.404522	-4.215058	6.429070	1.606546	5.192846	3.664357	-31.999811
-124.429046	-18.115301	-4.349102	6.497999	1.618696	5.180484	3.671434	-31.997873
104.534770	-35.770388	-6.555721	7.755662	1.838495	4.937771	3.808184	-31.959995
127.902925	-29.499054	-7.692717	8.819952	2.024895	4.691518	3.942954	-31.921847
-117.998042	-3.834964	-7.622044	9.777860	2.195415	4.403798	4.095908	-31.877521
-30.948242	23.794834	-6.174263	10.431464	2.314968	4.112854	4.246194	-31.832845
106.461310	24.611405	-6.076219	10.453997	2.319189	4.099390	4.253050	-31.830779
-100.134878	25.360964	-5.975430	10.475866	2.323297	4.085912	4.259906	-31.828711
-102.929141	27.563555	-3.599903	10.758639	2.378383	3.832125	4.387531	-31.789758
105.904591	12.842371	-0.440468	10.791470	2.390976	3.577272	4.513133	-31.750548
35.901341	-11.150262	3.511171	10.501305	2.356260	3.283234	4.655190	-31.705104
-120.838781	-24.417966	6.945609	9.837999	2.274394	2.988834	4.794535	-31.659329
82.324678	-24.450264	7.074725	9.798683	2.269656	2.975474	4.800792	-31.657244
121.352453	-24.419932	7.200910	9.758548	2.264833	2.962114	4.807044	-31.655159
-123.122528	-13.216696	9.076840	8.827679	2.156752	2.705942	4.925844	-31.615041
-16.744783	9.969435	10.001501	7.584712	2.021647	2.449981	5.042566	-31.574679
103.223871	27.436888	10.014166	5.789722	1.837808	2.156091	5.174246	-31.527953
-88.002297	14.214581	9.027447	3.672040	1.629149	1.863086	5.303145	-31.480910
-89.369701	13.012954	8.962132	3.569203	1.619137	1.849751	5.308957	-31.478757
89.054343	11.776403	8.895282	3.465958	1.609092	1.836427	5.314759	-31.476605
34.503578	-14.861280	7.347653	1.413522	1.410468	1.582382	5.424497	-31.435365
-96.136960	-35.738269	5.401431	-0.749064	1.201738	1.329504	5.532097	-31.393892
103.789659	-36.276530	2.904195	-3.278722	0.955685	1.042105	5.652481	-31.346196
109.294681	-13.708200	0.321932	-5.782746	0.707253	0.756838	5.770040	-31.298204
-109.347280	-12.136909	0.196320	-5.901744	0.695267	0.743089	5.775658	-31.295874
4.075751	-10.527595	0.070603	-6.020534	0.683281	0.729336	5.781274	-31.293541
108.580128	20.077101	-2.193158	-8.099959	0.469636	0.482672	5.881275	-31.251408
-109.373671	39.420572	-4.438961	-10.024192	0.262847	0.238125	5.979097	-31.209058
-102.658353	32.458899	-6.917754	-11.979264	0.037032	-0.042085	6.089618	-31.159757
120.572459	-5.100944	-8.901133	-13.552652	-0.168508	-0.318846	6.197188	-31.110172
33.504369	-6.920439	-8.975108	-13.615910	-0.177608	-0.331818	6.202192	-31.107824
-121.109997	-8.694723	-9.046910	-13.678060	-0.186643	-0.344774	6.207186	-31.105478
105.336137	-31.654447	-9.928564	-14.611579	-0.340083	-0.579111	6.296950	-31.062650
122.780634	-34.703048	-9.809786	-15.132788	-0.469998	-0.810424	6.384513	-31.019618
-112.211980	-11.810628	-8.176589	-15.184599	-0.586477	-1.075296	6.483542	-30.969331
-28.543941	22.505707	-5.246922	-14.677074	-0.661858	-1.335453	6.579560	-30.918778
95.820205	23.608433	-5.082545	-14.639720	-0.664460	-1.347739	6.584064	-30.916360
-95.188946	24.613297	-4.916302	-14.601207	-0.666975	-1.360013	6.588561	-30.913942
-92.498031	27.830085	-1.652424	-13.712834	-0.698000	-1.579479	6.668531	-30.870199
88.881714	13.653466	1.865208	-12.478085	-0.703737	-1.795015	6.746245	-30.826263
20.847539	-6.466572	5.573233	-10.643274	-0.682135	-2.040912	6.833862	-30.774877
-110.710083	-21.430975	7.996656	-8.425091	-0.634289	-2.281187	6.918389	-30.723239
85.126062	-21.894373	8.064108	-8.311387	-0.631448	-2.292415	6.922313	-30.720789
111.595433	-22.329458	8.126546	-8.196933	-0.628560	-2.303630	6.926230	-30.718339
-115.500232	-23.355570	8.375613	-6.008292	-0.568660	-2.503704	6.995711	-30.674020
1.451920	-8.401945	7.043450	-3.609836	-0.495910	-2.699302	7.062916	-30.629522
103.128718	14.489941	4.193911	-0.747777	-0.402946	-2.912024	7.135176	-30.579682
-98.525550	24.934813	0.572875	2.226320	-0.301023	-3.118972	7.204573	-30.529626
102.429831	9.332324	-3.222965	5.306448	-0.188637	-3.329431	7.274136	-30.476998
31.066880	-16.380180	-6.117466	8.189271	-0.074497	-3.533562	7.340525	-30.424145
-111.795359	-17.401329	-6.218697	8.320911	-0.069028	-3.543231	7.343642	-30.421595
87.092607	-18.379265	-6.315740	8.451880	-0.063561	-3.552892	7.346752	-30.419042
116.967267	-27.318727	-7.223219	10.657921	0.032910	-3.723599	7.401262	-30.373193
-115.344583	-17.514677	-6.363346	12.555366	0.124657	-3.889591	7.453376	-30.327181
-14.082610	10.567106	-3.713727	14.339270	0.221758	-4.076439	7.510875	-30.273550
98.894493	27.161954	-0.209047	15.649120	0.304740	-4.256933	7.565109	-30.219710
-98.693386	27.077492	-0.050017	15.695563	0.308008	-4.264742	7.567424	-30.217332
-82.207914	26.902941	0.108836	15.741066	0.311241	-4.272544	7.569734	-30.214953
98.919587	11.386949	3.037092	16.428282	0.366347	-4.421365	7.613253	-30.168745
27.322957	-10.213885	5.350819	16.734528	0.405347	-4.565675	7.654361	-30.122389
-116.916267	-26.721263	6.635758	16.588490	0.427974	-4.728792	7.699340	-30.068025
91.001517	-23.243651	5.913232	15.891641	0.426193	-4.886142	7.740994	-30.013466
121.452415	-22.569951	5.834610	15.845486	0.425530	-4.893533	7.742904	-30.010850
-121.357611	-21.852822	5.752525	15.798203	0.424815	-4.900916	7.744807	-30.008232
0.012012	-3.624905	3.798040	14.777810	0.403731	-5.030906	7.777552	-29.961337
106.106769	17.147185	1.237904	13.463878	0.367976	-5.157172	7.807832	-29.914304
-98.541482	30.135229	-1.903247	11.630637	0.309655	-5.300248	7.840065	-29.859198
-87.023942	17.369973	-4.558853	9.558860	0.235768	-5.438898	7.868902	-29.803915
99.567032	15.900072	-4.667122	9.453302	0.231809	-5.445548	7.870221	-29.801216
22.945449	14.351810	-4.773051	9.347394	0.227819	-5.452189	7.871531	-29.798517
-108.106954	-17.018012	-6.198394	7.443531	0.153041	-5.567105	7.893194	-29.751098
110.757359	-33.636381	-6.621817	5.489817	0.070186	-5.679178	7.912349	-29.703556
131.227717	-24.023795	-5.663050	3.208717	-0.034970	-5.806796	7.931544	-29.647832
-132.929701	10.673359	-3.586745	0.977747	-0.146889	-5.931020	7.947278	-29.591947
-4.898413	12.367602	-3.468776	0.871979	-0.152428	-5.936941	7.947950	-29.589243
132.269076	14.019767	-3.349704	0.766435	-0.157977	-5.942854	7.948615	-29.586538
-100.329038	34.066877	-1.130222	-1.063650	-0.257773	-6.046531	7.959040	-29.538525
-108.415686	32.736934	1.074720	-2.800400	-0.359232	-6.148097	7.966899	-29.490399
103.885517	5.176992	3.407348	-4.681370	-0.477904	-6.264275	7.972816	-29.434052
36.781784	-20.964685	5.284840	-6.370096	-0.594566	-6.378070	7.975199	-29.377560
-111.807758	-21.842526	5.362616	-6.448349	-0.600268	-6.383665	7.975225	-29.374750
96.068347	-22.667754	5.438748	-6.526044	-0.605959	-6.389256	7.975242	-29.371940
118.293129	-29.091918	6.473533	-7.778947	-0.702009	-6.484792	7.974159	-29.323464
-116.134628	-21.537935	6.960328	-8.876674	-0.793282	-6.578963	7.970462	-29.274887
-12.100654	3.233452	6.985313	-9.973955	-0.891726	-6.687242	7.962836	-29.218135
95.456200	24.289242	6.653053	-10.888970	-0.979415	-6.794153	7.951623	-29.161256
-95.240811	24.770357	6.631237	-10.930175	-0.983480	-6.799473	7.950967	-29.158406
-93.538358	25.172402	6.609153	-10.970926	-0.987510	-6.804787	7.950303	-29.155557
96.332217	21.021779	6.183917	-11.605373	-1.051366	-6.895770	7.937465	-29.106523
14.920937	2.104725	5.648038	-12.117759	-1.103941	-6.986127	7.921947	-29.057400
-109.058318	-20.589339	4.841446	-12.564745	-1.148814	-7.090222	7.900608	-29.000395
95.876757	-24.569822	3.781743	-12.861317	-1.174323	-7.193955	7.875641	-28.943282
111.236900	-24.058687	3.722787	-12.872028	-1.175030	-7.198995	7.874334	-28.940502
-111.154359	-23.473937	3.663117	-12.882402	-1.175686	-7.204034	7.873019	-28.937722
6.543156	-4.097346	2.499418	-13.011481	-1.178505	-7.293730	7.848149	-28.888176
102.549676	18.788790	1.209048	-13.038381	-1.163718	-7.383293	7.820533	-28.838553
-100.627526	26.807682	-0.310737	-12.948445	-1.123813	-7.486036	7.785312	-28.781316
-77.509344	7.670681	-1.734321	-12.733755	-1.059946	-7.588058	7.746416	-28.723986
105.585523	6.299510	-1.802451	-12.719476	-1.056058	-7.593257	7.744325	-28.721048
7.330116	4.917521	-1.870011	-12.704882	-1.052112	-7.598453	7.742225	-28.718109
-112.558086	-17.101555	-2.912592	-12.410443	-0.976723	-7.685904	7.705213	-28.668359
93.812274	-28.829656	-3.716376	-12.027948	-0.885881	-7.772289	7.665416	-28.618545
117.914196	-27.431595	-4.299792	-11.485604	-0.764593	-7.869435	7.616470	-28.561494
-113.086507	-11.706640	-4.659314	-10.837484	-0.626484	-7.964431	7.563847	-28.504364
-10.309906	11.891933	-4.959750	-10.115117	-0.476343	-8.055174	7.508612	-28.448226
103.349279	27.270352	-5.368409	-9.326144	-0.313468	-8.143068	7.449805	-28.392022
-97.230261	27.491727	-5.395345	-9.284034	-0.304763	-8.147513	7.446678	-28.389124
-103.498316	27.637638	-5.423012	-9.241800	-0.296029	-8.151949	7.443542	-28.386227
107.887015	17.749562	-6.008979	-8.456411	-0.132688	-8.230918	7.384940	-28.333591
27.072365	-7.336641	-6.559888	-7.646149	0.038743	-8.306715	7.323185	-28.280906
-112.581199	-8.688627	-6.583519	-7.601209	0.048369	-8.310782	7.319700	-28.278009
91.560383	-10.005354	-6.606128	-7.556270	0.058010	-8.314835	7.316207	-28.275114
113.900508	-24.775565	-6.789859	-6.774543	0.228316	-8.383474	7.254051	-28.224836
-112.229755	-18.515670	-6.442373	-5.996299	0.403339	-8.448640	7.189007	-28.174521
-2.208908	7.145660	-5.268166	-5.100397	0.609989	-8.519303	7.110188	-28.116303
102.076666	24.226099	-3.186114	-4.204363	0.819456	-8.584546	7.027471	-28.058040
-101.834770	24.262688	-3.053417	-4.158354	0.830233	-8.587736	7.023126	-28.055052
-92.137237	24.191098	-2.918120	-4.112332	0.841012	-8.590911	7.018771	-28.052065
99.292624	11.218930	-0.352294	-3.333284	1.022991	-8.642107	6.943733	-28.001642
20.892814	-10.065581	2.338593	-2.547585	1.204309	-8.688632	6.865756	-27.951194
-107.448900	-29.465706	4.824789	-1.626671	1.411624	-8.736265	6.771879	-27.892812
93.562193	-29.204890	5.942394	-0.688518	1.614550	-8.776866	6.674040	-27.834406
113.311426	-28.440330	5.960478	-0.641957	1.624362	-8.778670	6.669136	-27.831539
-113.432084	-27.594282	5.975275	-0.595373	1.634153	-8.780455	6.664226	-27.828674
4.063067	-2.875295	5.725962	0.230407	1.803554	-8.808849	6.576332	-27.778295
108.383028	25.957965	4.603398	1.060306	1.966953	-8.831404	6.485467	-27.727905
-103.823966	40.421126	2.385351	2.008079	2.147393	-8.849897	6.376321	-27.669441
-98.190568	22.765429	-0.487169	2.916089	2.316252	-8.859750	6.263145	-27.610969
105.805181	20.884606	-0.637946	2.961230	2.324585	-8.860015	6.257218	-27.607963
9.502525	18.913039	-0.788172	3.006224	2.332886	-8.860256	6.251277	-27.604956
-114.185497	-19.021445	-3.096013	3.734364	2.467018	-8.860659	6.149645	-27.554323
125.970348	-42.441709	-4.551910	4.395985	2.589685	-8.853961	6.044966	-27.503694
130.502970	-38.432715	-4.614161	5.055209	2.715539	-8.837020	5.920210	-27.445208
-126.375557	-1.825272	-3.330660	5.568773	2.822582	-8.809805	5.791341	-27.386734
8.397839	0.324078	-3.246298	5.588889	2.827195	-8.808240	5.785078	-27.383940
125.336315	2.475334	-3.160299	5.608571	2.831763	-8.806649	5.778802	-27.381144
-113.960465	33.386812	-1.412676	5.880849	2.905849	-8.773655	5.663832	-27.330654
-112.395901	33.327141	0.429559	5.973368	2.963166	-8.732415	5.545782	-27.280180
106.230355	8.142186	2.201012	5.814091	3.006702	-8.674206	5.405374	-27.221812
36.443469	-17.509533	3.227648	5.323082	3.022546	-8.604605	5.260870	-27.163477
-113.189914	-18.420482	3.253573	5.288704	3.022559	-8.600798	5.253485	-27.160540
89.694280	-19.277345	3.276707	5.253362	3.022495	-8.596963	5.246089	-27.157603
118.859211	-25.199924	3.183268	4.505329	3.008969	-8.526733	5.117760	-27.107295
-119.191886	-14.474757	2.112410	3.522156	2.970719	-8.447890	4.986429	-27.057018
-10.866592	10.695274	0.247783	2.172887	2.893022	-8.345529	4.830439	-26.998766
107.455773	24.727523	-1.399693	0.700659	2.776803	-8.231264	4.670545	-26.940562
-107.225921	24.612280	-1.460401	0.624875	2.769851	-8.225166	4.662357	-26.937620
-97.294140	24.394450	-1.518209	0.549063	2.762792	-8.219038	4.654159	-26.934678
105.318225	9.135841	-2.087820	-0.736577	2.625470	-8.109583	4.512649	-26.884445
22.330217	-14.094252	-1.975068	-1.955235	2.455244	-7.991057	4.368402	-26.834257
-108.235421	-31.985747	-1.203726	-3.181662	2.213623	-7.841801	4.197420	-26.775983
78.418489	-24.537186	-0.039060	-4.087131	1.922220	-7.680090	4.023009	-26.717780
107.808335	-23.539777	0.016061	-4.119318	1.907636	-7.672385	4.014941	-26.715117
-107.716375	-22.487079	0.070932	-4.150626	1.892940	-7.664652	4.006867	-26.712453
-36.760401	40.807581	1.470475	-4.567989	1.183017	-7.320943	3.666416	-26.602203
99.151878	29.351023	-0.021517	-3.153568	0.282590	-6.931414	3.315348	-26.492256
-99.305062	26.535842	-0.079474	-3.098946	0.257346	-6.920704	3.306118	-26.489411
-87.857081	23.608589	-0.137421	-3.043719	0.232045	-6.909969	3.296888	-26.486568
99.662796	20.890728	-0.190190	-2.992853	0.208926	-6.900160	3.288471	-26.483977
9.658005	18.166473	-0.242834	-2.941524	0.185765	-6.890332	3.280055	-26.481388
-107.158556	-23.720937	-1.081978	-1.994815	-0.220713	-6.717074	3.134357	-26.436852
115.774360	-43.111939	-1.614091	-0.976352	-0.637338	-6.536107	2.987181	-26.392371
129.343368	-35.248277	-1.579355	0.369068	-1.181375	-6.290123	2.794430	-26.334831
-128.472704	-2.680098	-0.889921	1.665567	-1.716922	-6.031049	2.599491	-26.277396
2.839229	-0.877496	-0.844827	1.725440	-1.742287	-6.018222	2.590037	-26.274629
127.574790	0.918684	-0.798904	1.784961	-1.767581	-6.005372	2.580584	-26.271863
-94.841289	28.213318	0.131552	2.784877	-2.208297	-5.770719	2.410996	-26.222521
-103.754425	35.193626	1.151662	3.629321	-2.621811	-5.526256	2.240033	-26.173266
102.692347	8.311877	2.221673	4.346301	-3.056273	-5.229584	2.039646	-26.116106
33.010056	-22.656671	2.914122	4.699892	-3.427122	-4.919476	1.837699	-26.059070
-112.453701	-23.575029	2.932765	4.706128	-3.442585	-4.904721	1.828269	-26.056420
87.519072	-24.420808	2.949994	4.711391	-3.457880	-4.889937	1.818837	-26.053770
118.436958	-28.016457	2.969568	4.636125	-3.710649	-4.610922	1.643671	-26.004761
-117.198848	-13.457448	2.341912	4.254433	-3.906577	-4.321805	1.467578	-25.955850
-16.361609	12.556570	1.036639	3.489498	-4.064391	-3.973263	1.262018	-25.899166
102.727817	25.403949	-0.504756	2.456721	-4.148914	-3.611120	1.055517	-25.842624
-102.475678	25.245637	-0.579963	2.400166	-4.151222	-3.592867	1.045287	-25.839833
-98.630323	24.993919	-0.654714	2.343201	-4.153354	-3.574592	1.035062	-25.837044
100.643131	10.079360	-1.881090	1.295133	-4.162726	-3.252674	0.857537	-25.788752
26.888080	-11.379807	-2.960735	0.167602	-4.120325	-2.921438	0.679555	-25.740572
-109.018534	-28.064772	-4.004181	-1.179118	-4.005987	-2.524526	0.471594	-25.684540
88.057442	-22.203311	-4.779967	-2.482854	-3.822246	-2.117411	0.263330	-25.628671
114.100497	-21.252030	-4.809821	-2.543132	-3.811659	-2.097579	0.253299	-25.625986
-114.234506	-20.237051	-4.838965	-2.603151	-3.800904	-2.077713	0.243262	-25.623299
0.610230	4.819828	-5.230719	-3.612813	-3.582512	-1.720448	0.064359	-25.575489
113.219189	29.253053	-5.361142	-4.473813	-3.313677	-1.357608	-0.114535	-25.527805
-110.952096	34.653045	-5.134999	-5.231707	-2.936438	-0.928123	-0.323226	-25.472303
-77.770233	12.336728	-4.411569	-5.698648	-2.491976	-0.493558	-0.531607	-25.416982
111.946014	10.923319	-4.363952	-5.713424	-2.469629	-0.473161	-0.541329	-25.414403
11.936315	9.496204	-4.314990	-5.727592	-2.447130	-0.452742	-0.551056	-25.411822
-117.219638	-16.694424	-3.165563	-5.879716	-2.008719	-0.075382	-0.730017	-25.364363
100.999038	-35.099917	-1.503050	-5.829820	-1.528480	0.303744	-0.908499	-25.317048
129.710331	-35.361486	1.049903	-5.525158	-0.931226	0.743395	-1.114237	-25.262495
-126.037039	-6.021515	3.854024	-4.960262	-0.302058	1.182918	-1.319039	-25.208141
-3.174266	-4.030361	3.983542	-4.926430	-0.271054	1.204147	-1.328917	-25.205518
125.045246	-2.010011	4.111891	-4.891980	-0.239989	1.225386	-1.338798	-25.202893
-114.291987	29.163130	6.098031	-4.173768	0.322205	1.605309	-1.515463	-25.155928
-113.693851	29.880447	7.129527	-3.266972	0.888544	1.983147	-1.691183	-25.109120
110.147806	5.147302	6.643958	-2.000691	1.533408	2.413832	-1.891904	-25.055503
34.422155	-19.687759	4.542477	-0.532731	2.158821	2.839265	-2.091076	-25.002102
-116.650249	-20.466640	4.405385	-0.457393	2.188517	2.859803	-2.100722	-24.999510
92.088687	-21.186020	4.265390	-0.381766	2.218134	2.880326	-2.110365	-24.996918
119.142642	-24.344493	1.336607	0.998085	2.731205	3.243428	-2.281585	-24.950799
-115.715008	-11.439021	-2.120213	2.378135	3.209938	3.600604	-2.451402	-24.904849
-12.907954	13.153820	-5.742636	3.858903	3.708743	4.004621	-2.645650	-24.851995
98.431455	27.251846	-7.672928	5.090881	4.136744	4.398242	-2.837729	-24.799374
-94.070140	27.258285	-7.699984	5.141987	4.155468	4.417044	-2.846986	-24.796828
-97.766249	27.183453	-7.719819	5.192190	4.173993	4.435818	-2.856238	-24.794283
94.137699	14.250070	-6.989139	5.935705	4.469238	4.765933	-3.020355	-24.748966
23.399893	-11.552600	-4.678534	6.391899	4.691771	5.086295	-3.182611	-24.703831
-101.622948	-39.577728	-0.939309	6.562769	4.847166	5.443890	-3.368013	-24.651805
86.251297	-43.463858	2.931987	6.349202	4.882738	5.785866	-3.550601	-24.600035
112.961117	-42.564386	3.098996	6.329690	4.881460	5.801404	-3.559042	-24.597628
-113.443805	-41.543801	3.264037	6.309313	4.879925	5.816905	-3.567476	-24.595222
-68.671535	50.944209	7.175235	4.709125	4.612010	6.417254	-3.906154	-24.497443
94.028005	27.067329	3.541357	1.713163	3.999504	6.950709	-4.232890	-24.400643
-92.746136	22.247036	3.390431	1.628609	3.980745	6.962991	-4.240782	-24.398270
-90.542699	17.301168	3.238024	1.543726	3.961816	6.975239	-4.248672	-24.395896
90.264268	12.428508	3.085839	1.459412	3.942914	6.987326	-4.256478	-24.393545
8.949668	7.706471	2.932513	1.374862	3.923857	6.999373	-4.264276	-24.391195
-83.749658	-45.020569	0.306825	-0.054442	3.584552	7.194104	-4.393104	-24.352109
115.049773	-52.416235	-2.107777	-1.468521	3.208156	7.377261	-4.519677	-24.313191
122.710837	-27.068027	-4.290849	-3.149034	2.675586	7.596638	-4.679775	-24.263155
-124.360744	4.593332	-5.328313	-4.511347	2.101744	7.796287	-4.835807	-24.213412
-4.811161	6.499832	-5.350658	-4.567697	2.072417	7.805671	-4.843437	-24.210953
123.185312	8.452680	-5.370287	-4.622838	2.043017	7.815007	-4.851057	-24.208495
-109.807080	39.584803	-5.274179	-5.375949	1.522196	7.969365	-4.981776	-24.165889
-104.650707	40.519178	-4.316315	-5.721155	0.987678	8.108750	-5.109237	-24.123509
104.476875	12.025284	-2.173447	-5.651084	0.360967	8.251031	-5.252375	-24.074806
41.910768	-21.201522	0.361196	-5.140031	-0.271504	8.372904	-5.390855	-24.026412
-111.872026	-22.403446	0.478863	-5.105000	-0.302397	8.378316	-5.397480	-24.024063
92.471814	-23.538786	0.595130	-5.069108	-0.333274	8.383676	-5.404090	-24.021715
116.833115	-31.793898	2.320184	-4.296072	-0.879466	8.470455	-5.519199	-23.980275
-117.764413	-17.245210	3.137376	-3.293176	-1.420988	8.541755	-5.630616	-23.939072
-17.899385	13.554185	2.994477	-1.898859	-2.037482	8.604995	-5.755353	-23.891475
107.717886	28.101675	1.928441	-0.351028	-2.631921	8.646907	-5.874793	-23.844207
-107.351655	27.776882	1.857203	-0.272924	-2.660757	8.648431	-5.880592	-23.841865
-106.040793	27.329054	1.784599	-0.194885	-2.689517	8.649901	-5.886377	-23.839524
101.570063	7.488854	0.397778	1.120199	-3.173389	8.666871	-5.984209	-23.799195
29.790105	-14.353445	-0.946819	2.289745	-3.628698	8.667816	-6.077933	-23.759118
-102.849885	-26.150986	-1.893721	3.309284	-4.115670	8.648634	-6.181824	-23.712781
96.549823	-16.388853	-1.730889	3.826340	-4.549339	8.607562	-6.280078	-23.666795
106.781421	-15.510482	-1.699183	3.838684	-4.568566	8.605065	-6.284607	-23.664618
-106.930185	-14.605019	-1.665693	3.849993	-4.587678	8.602516	-6.289126	-23.662441
-0.540267	4.198700	-0.812004	3.884471	-4.913302	8.547490	-6.369102	-23.622981
108.673856	19.596544	0.283025	3.632248	-5.197773	8.476041	-6.444890	-23.583791
-106.844123	21.935938	1.379378	3.089790	-5.464424	8.378459	-6.523469	-23.540990
105.370542	10.315581	1.994769	2.347809	-5.683934	8.260987	-6.597068	-23.498522
17.653319	-7.065228	1.942626	1.459194	-5.865270	8.116181	-6.669054	-23.454278
-112.782532	-20.052563	1.086768	0.533229	-5.997775	7.949428	-6.735640	-23.410411
91.625199	-20.408107	1.023424	0.488493	-6.002990	7.940779	-6.738735	-23.408293
113.491569	-20.727466	0.957991	0.443830	-6.008094	7.932078	-6.741816	-23.406175
-118.692027	-18.024578	-0.469833	-0.330158	-6.080573	7.768642	-6.794546	-23.368648
-3.929890	2.202102	-2.040627	-1.036148	-6.119051	7.588846	-6.843327	-23.331408
107.381967	25.243702	-3.353133	-1.713041	-6.122513	7.360271	-6.894908	-23.288663
-96.469308	21.008148	-3.542792	-2.176777	-6.083542	7.109866	-6.941290	-23.246313
-92.643716	19.942725	-3.523959	-2.193122	-6.080531	7.096841	-6.943464	-23.244216
95.794743	18.802929	-3.502744	-2.208779	-6.077420	7.083762	-6.945624	-23.242120
32.294565	-7.956543	-2.788280	-2.376571	-6.008232	6.849543	-6.980952	-23.206057
-97.543575	-32.914696	-1.512257	-2.373439	-5.910814	6.600047	-7.012512	-23.170291
109.323250	-36.806223	0.497553	-2.199903	-5.762930	6.290637	-7.044598	-23.128967
107.900900	-12.091246	2.762367	-1.896299	-5.578850	5.962170	-7.071668	-23.088044
-108.201900	-10.207680	2.868397	-1.879054	-5.568911	5.945602	-7.072867	-23.086049
20.192815	-8.271188	2.973263	-1.861636	-5.558888	5.928992	-7.074054	-23.084055
113.561166	26.302224	4.526763	-1.534323	-5.368939	5.630144	-7.092978	-23.049159
-116.191843	40.910981	5.182989	-1.191379	-5.153306	5.318809	-7.108261	-23.014562
-110.424107	26.999972	4.398934	-0.813492	-4.873694	4.945558	-7.121402	-22.975069
117.333327	-10.199436	2.380592	-0.458339	-4.561480	4.557808	-7.129814	-22.935971
26.485574	-11.993256	2.256842	-0.440863	-4.544789	4.537775	-7.130115	-22.933999
-117.553384	-13.730912	2.131625	-0.423436	-4.528017	4.517707	-7.130405	-22.932027
100.036653	-33.869347	-0.160880	-0.131781	-4.227929	4.168545	-7.133507	-22.898390
122.178177	-35.216700	-2.444583	0.148194	-3.904394	3.810092	-7.133116	-22.865051
-119.179566	-14.530549	-4.585615	0.461105	-3.501040	3.384264	-7.128345	-22.826802
-9.659141	16.031186	-5.832261	0.765378	-3.067983	2.948331	-7.118993	-22.788951
109.886875	17.132932	-5.861656	0.778708	-3.048142	2.928821	-7.118474	-22.787284
-85.870456	18.187197	-5.888614	0.792019	-3.028258	2.909307	-7.117946	-22.785619
-101.952140	27.611349	-5.891752	1.050437	-2.629578	2.525669	-7.105901	-22.753324
100.216932	14.370162	-4.868396	1.307841	-2.210317	2.136499	-7.090530	-22.721322
26.724827	-11.258283	-2.850003	1.598532	-1.699607	1.679758	-7.068604	-22.684603
-115.048739	-24.732221	-0.600707	1.871428	-1.163231	1.218164	-7.042318	-22.648278
83.922021	-24.675907	-0.504241	1.883244	-1.138263	1.197094	-7.041021	-22.646636
115.752044	-24.546630	-0.408792	1.894993	-1.113261	1.176030	-7.039715	-22.644997
-119.782723	-10.967633	1.229132	2.106077	-0.628202	0.774239	-7.013207	-22.613966
-12.270159	12.464181	2.543866	2.289173	-0.125525	0.370830	-6.983528	-22.583228
107.770481	28.767414	3.690195	2.457769	0.478094	-0.097477	-6.945218	-22.547976
-95.627202	15.273062	4.458077	2.569941	1.103387	-0.565377	-6.902758	-22.513116
-89.581875	14.092573	4.484776	2.573613	1.132952	-0.587085	-6.900685	-22.511506
94.811177	12.883668	4.510684	2.577141	1.162561	-0.608790	-6.898603	-22.509896
40.009738	-11.660785	4.847376	2.615031	1.716421	-1.008172	-6.858636	-22.480367
-94.457695	-32.591942	4.919519	2.597461	2.284239	-1.405278	-6.815703	-22.451124
106.401767	-39.179681	4.674939	2.501081	2.961460	-1.865561	-6.761789	-22.417295
108.344578	-19.231151	4.068817	2.317639	3.645157	-2.320197	-6.703923	-22.383853
-108.556025	-17.596222	4.031608	2.307144	3.676267	-2.340726	-6.701197	-22.382341
16.039210	-15.898490	3.993520	2.296465	3.707348	-2.361228	-6.698464	-22.380830
111.065795	20.740016	3.091456	2.058172	4.292802	-2.746346	-6.645235	-22.352388
-112.653666	43.278483	1.807210	1.749862	4.867903	-3.125269	-6.589162	-22.324233
-101.455728	35.341409	-0.124267	1.301285	5.512995	-3.555068	-6.520737	-22.291994
119.617168	4.621785	-2.093099	0.748876	6.127845	-3.974008	-6.448606	-22.260138
14.349719	2.995133	-2.175375	0.720915	6.155222	-3.992956	-6.445206	-22.258685
-119.997435	1.365871	-2.256519	0.692720	6.182519	-4.011879	-6.441800	-22.257233
93.556380	-26.544433	-3.502165	0.118526	6.679762	-4.362459	-6.376357	-22.230092
123.543474	-38.381110	-3.976323	-0.543090	7.144110	-4.702967	-6.308239	-22.203234
-117.756768	-16.859577	-3.273694	-1.416938	7.635414	-5.084020	-6.225952	-22.172447
-21.056794	24.579195	-1.581313	-2.368877	8.069435	-5.448977	-6.140171	-22.142040
105.142905	25.897732	-1.485646	-2.415030	8.088412	-5.465805	-6.136032	-22.140613
-104.583381	27.089018	-1.389050	-2.461221	8.107232	-5.482582	-6.131887	-22.139187
-100.656880	29.440965	0.479583	-3.309175	8.424083	-5.781303	-6.055021	-22.113349
94.936434	10.250629	2.312652	-4.148904	8.688332	-6.066103	-5.975652	-22.087792
22.697050	-13.452335	3.875768	-5.079934	8.924300	-6.379790	-5.879882	-22.058312
-111.083110	-23.356189	4.197235	-5.915063	9.075512	-6.672045	-5.780804	-22.029213
90.909191	-23.272656	4.172338	-5.949488	9.080184	-6.684589	-5.776300	-22.027922
111.901278	-23.136723	4.143769	-5.983615	9.084671	-6.697080	-5.771793	-22.026632
-117.336053	-12.033737	2.982697	-6.585117	9.134727	-6.928886	-5.683764	-22.001947
0.759236	7.896424	1.041599	-7.073330	9.113241	-7.144204	-5.593370	-21.977541
109.051332	24.537512	-1.440755	-7.481524	8.994835	-7.372607	-5.486060	-21.949697
-98.850286	19.569569	-3.471856	-7.707099	8.771931	-7.579536	-5.375702	-21.922224
-90.038398	18.877004	-3.551037	-7.713032	8.758750	-7.588816	-5.370397	-21.920931
98.195668	18.155829	-3.628523	-7.718524	8.745333	-7.598049	-5.365085	-21.919639
23.404205	1.520145	-4.723503	-7.740333	8.458777	-7.758566	-5.266755	-21.896154
-101.600541	-17.508330	-5.126498	-7.609874	8.096385	-7.903407	-5.166222	-21.872948
110.447461	-33.313084	-4.571041	-7.269294	7.588859	-8.051488	-5.047387	-21.846481
110.597498	-25.777077	-2.873512	-6.742034	6.992793	-8.179199	-4.925750	-21.820384
-115.225747	-24.448056	-2.773719	-6.713099	6.962801	-8.184690	-4.919981	-21.819170
30.801279	-23.015379	-2.672596	-6.683784	6.932611	-8.190140	-4.914203	-21.817956
114.254312	12.470750	-0.670415	-6.082413	6.345992	-8.282623	-4.806779	-21.795749
-113.298595	36.998186	1.297123	-5.374111	5.704670	-8.360324	-4.697404	-21.773816
-90.172770	29.704219	3.084455	-4.441037	4.902056	-8.431973	-4.568583	-21.748794
120.858684	0.952870	4.350723	-3.407393	4.042087	-8.484350	-4.437350	-21.724137
26.417004	-0.530749	4.400256	-3.355732	3.999588	-8.486380	-4.431003	-21.722965
-121.411423	-2.002661	4.448864	-3.303895	3.956978	-8.488366	-4.424652	-21.721793
104.853087	-24.518331	5.182587	-2.339524	3.168737	-8.516777	-4.308962	-21.700764
128.293446	-32.862619	5.692250	-1.333244	2.349984	-8.531097	-4.191646	-21.680006
-124.637063	-16.579803	6.076667	-0.138715	1.373996	-8.530310	-4.054294	-21.656380
-24.776686	15.366069	6.243907	1.069483	0.373195	-8.511194	-3.915021	-21.633116
112.751524	16.641919	6.246176	1.127732	0.324446	-8.509813	-3.908257	-21.632004
-86.186597	17.853503	6.247894	1.185964	0.275660	-8.508391	-3.901488	-21.630891
-102.293549	26.629959	6.177554	2.238075	-0.612734	-8.475422	-3.778256	-21.610907
101.261567	10.085046	5.873470	3.290576	-1.507300	-8.428900	-3.653703	-21.591198
32.072721	-14.775806	5.078221	4.494985	-2.526525	-8.359641	-3.510309	-21.569084
-121.158340	-23.998346	3.605141	5.701772	-3.538177	-8.273312	-3.365360	-21.547323
88.290644	-23.703415	3.512358	5.760597	-3.587187	-8.268669	-3.358251	-21.546270
121.616640	-23.328107	3.417543	5.819413	-3.636158	-8.263986	-3.351139	-21.545218
-120.436207	-7.362862	1.462546	6.866676	-4.502468	-8.173734	-3.223642	-21.526592
-19.517476	13.250125	-0.714366	7.906766	-5.350554	-8.070960	-3.095111	-21.508233
102.533466	27.079730	-2.979979	9.095286	-6.301248	-7.936753	-2.945280	-21.487338
-89.486484	18.248677	-4.483194	10.262941	-7.211798	-7.786318	-2.794225	-21.466797
-96.004601	17.248287	-4.532623	10.317491	-7.253683	-7.778814	-2.787060	-21.465836
95.948621	16.198647	-4.580094	10.371980	-7.295458	-7.771274	-2.779891	-21.464875
35.517942	-8.236150	-5.104167	11.362516	-8.041324	-7.626672	-2.647954	-21.447386
-104.513267	-30.362090	-4.966918	12.335252	-8.744481	-7.470292	-2.515236	-21.430163
109.152900	-34.982088	-3.941521	13.397329	-9.495883	-7.275352	-2.361128	-21.410610
104.360494	-15.021229	-2.045547	14.339373	-10.174490	-7.065231	-2.206147	-21.391409
-109.875574	-13.460782	-1.944390	14.379214	-10.204065	-7.055119	-2.198937	-21.390526
19.904280	-11.845940	-1.842578	14.418668	-10.233465	-7.044975	-2.191726	-21.389645
110.132440	20.687572	0.089928	15.075023	-10.747446	-6.850369	-2.057220	-21.373377
-112.134979	36.678765	1.805112	15.558570	-11.195093	-6.644865	-1.922206	-21.357370
-99.657226	23.922200	3.106831	15.856667	-11.625842	-6.393678	-1.765401	-21.339173
119.976609	-4.230043	3.751805	15.822741	-11.957948	-6.128438	-1.608086	-21.321325
28.060824	-5.557580	3.769692	15.811773	-11.971294	-6.115338	-1.600511	-21.320475
-120.243691	-6.862499	3.786544	15.799901	-11.984392	-6.102207	-1.592936	-21.319627
96.092051	-25.110089	3.932622	15.431148	-12.177845	-5.860678	-1.456513	-21.304501
119.743610	-29.633878	3.847637	14.768644	-12.291481	-5.609289	-1.319833	-21.289634
-114.167741	-13.161769	3.564007	13.635016	-12.323381	-5.306440	-1.161331	-21.272743
-11.507063	14.847647	3.095842	12.118970	-12.248224	-4.991746	-1.002668	-21.256198
106.409935	15.849233	3.068097	12.037015	-12.241903	-4.976316	-0.995029	-21.255410
-100.763590	16.780558	3.039818	11.954223	-12.235330	-4.960851	-0.987385	-21.254623
-101.205098	22.194702	2.438610	10.340104	-12.074918	-4.678915	-0.850094	-21.240620
99.566438	12.000776	1.623746	8.506740	-11.834168	-4.389431	-0.712820	-21.226876
28.164599	-7.136370	0.266137	6.161557	-11.456565	-4.046926	-0.554585	-21.211343
-108.605851	-20.493475	-1.734800	3.616046	-10.971719	-3.696024	-0.396533	-21.196151
99.359562	-20.746173	-1.851963	3.488125	-10.945428	-3.678778	-0.388861	-21.195421
109.331912	-20.949126	-1.971152	3.359852	-10.918884	-3.661514	-0.381189	-21.194693
-114.830081	-15.532127	-4.335416	1.009326	-10.400515	-3.349458	-0.243912	-21.181779
7.872243	4.749928	-6.653356	-1.419926	-9.800654	-3.032373	-0.106910	-21.169122
108.265740	26.759530	-8.345794	-4.260719	-9.012335	-2.663350	0.049774	-21.154924
-99.027348	26.213925	-8.172344	-7.110573	-8.116557	-2.289403	0.205918	-21.141062
-96.418316	25.524501	-8.110782	-7.251407	-8.069203	-2.270694	0.213667	-21.140381
98.441708	24.779615	-8.044286	-7.391995	-8.021611	-2.251987	0.221410	-21.139702
18.228558	5.492936	-6.100607	-9.797760	-7.148018	-1.923965	0.356302	-21.127978
-102.210128	-17.247667	-2.737859	-12.032462	-6.193261	-1.593543	0.490656	-21.116505
108.961461	-33.137435	2.779739	-14.244075	-4.992123	-1.210528	0.644749	-21.103596
106.158595	-25.214619	9.539408	-15.895589	-3.683202	-0.825983	0.797957	-21.091019
-112.746068	-23.886472	9.871851	-15.959403	-3.615850	-0.806984	0.805492	-21.090407
19.621407	-22.459181	10.202012	-16.021393	-3.548240	-0.787984	0.813025	-21.089796
114.038659	9.766701	15.336987	-16.791645	-2.313181	-0.452528	0.945569	-21.079142
-116.400568	28.252225	18.056143	-16.864280	-1.002997	-0.117238	1.077306	-21.068740
-96.594470	16.528511	16.647308	-15.967763	0.575521	0.266353	1.227329	-21.057117
123.784854	-9.530036	10.710884	-14.084044	2.205953	0.648060	1.376117	-21.045824
21.452054	-10.667525	10.320558	-13.970121	2.286223	0.666610	1.383339	-21.045282
-123.875806	-11.767215	9.921626	-13.854334	2.366536	0.685153	1.390559	-21.044740
93.278418	-23.656296	1.446885	-11.496128	3.806333	1.015619	1.519153	-21.035185
121.202104	-17.940027	-8.888022	-8.692453	5.237422	1.343345	1.646680	-21.025879
-119.607737	9.192515	-20.558634	-5.092978	6.849067	1.717121	1.792344	-21.015454
-10.269405	34.766290	-28.712000	-1.311229	8.387857	2.085568	1.936415	-21.005358
115.121207	35.363621	-28.942297	-1.139800	8.455054	2.102055	1.942877	-21.004911
-92.730184	35.888961	-29.158332	-0.968348	8.522078	2.118540	1.949341	-21.004463
-107.539041	33.311772	-30.341442	2.275217	9.759709	2.431761	2.072481	-20.996020
103.818513	13.951215	-25.821888	5.362397	10.894764	2.739667	2.194290	-20.987823
16.394290	-12.555630	-15.133355	8.581829	12.048153	3.087229	2.332966	-20.978677
-112.610556	-45.539567	-0.892388	11.276749	13.004499	3.426063	2.469704	-20.969856
70.887889	-47.467022	-0.138319	11.393503	13.046134	3.442590	2.476419	-20.969428
112.234785	-49.419701	0.618690	11.508609	13.087228	3.459102	2.483134	-20.969000
-98.497358	-74.743148	13.961245	13.223181	13.710576	3.744196	2.599843	-20.961643
-12.644666	-53.281490	26.221038	14.294272	14.137830	4.021422	2.714965	-20.954528
-10.657834	77.322853	36.412894	13.623426	14.258193	4.641343	2.980106	-20.938688
-94.175390	-18.313287	6.477727	8.051215	13.023698	5.208054	3.235257	-20.924189
-90.725289	-26.683429	5.597681	7.891377	12.982268	5.219821	3.240706	-20.923888
105.680445	-35.206824	4.716271	7.730466	12.940247	5.231562	3.246150	-20.923587
15.172407	-43.848488	3.776229	7.557876	12.894826	5.244044	3.251944	-20.923267
-117.539580	-51.333186	2.835864	7.384150	12.848740	5.256498	3.257733	-20.922948
81.688828	-57.098611	1.896409	7.209444	12.802020	5.268916	3.263512	-20.922630
127.489452	-61.186359	0.958493	7.033801	12.754670	5.281297	3.269282	-20.922313
-141.576591	-15.335758	-12.161856	4.392451	11.994384	5.457839	3.352369	-20.917789
-41.232479	34.265350	-23.034745	1.668971	11.102190	5.628478	3.434190	-20.913416
87.233489	42.059402	-31.607931	-2.008379	9.655973	5.855921	3.545727	-20.907590
-86.013326	28.648613	-32.215779	-5.245607	7.985885	6.072293	3.654677	-20.902055
-79.736854	13.218399	-26.351610	-7.855816	6.013980	6.287481	3.766045	-20.896562
117.270794	-2.897143	-16.215569	-9.609388	3.836289	6.490943	3.874390	-20.891386
36.504693	-3.639064	-15.702525	-9.667670	3.734922	6.499728	3.879140	-20.891163
-118.106523	-4.381325	-15.185894	-9.724276	3.633190	6.508491	3.883884	-20.890941
81.342827	-18.193529	-4.757781	-10.491426	1.592235	6.673840	3.974581	-20.886756
118.293120	-29.642707	5.429340	-10.635583	-0.571892	6.830801	4.062897	-20.882806
-115.189258	-35.703674	15.042108	-10.035255	-3.210793	7.002207	4.162079	-20.878525
1.641551	-22.606767	20.838929	-8.634990	-5.959562	7.162787	4.257897	-20.874558
120.685732	-21.272898	21.010561	-8.547937	-6.093930	7.170248	4.262423	-20.874375
-81.069608	-19.864797	21.172071	-8.459106	-6.228452	7.177683	4.266940	-20.874192
-150.324235	48.175838	19.321762	-3.814627	-11.612644	7.452136	4.438922	-20.867564
119.632758	-14.402526	4.365154	1.836365	-16.929390	7.689886	4.597751	-20.862057
29.378399	-18.566920	3.983943	1.962383	-17.048097	7.694919	4.601233	-20.861944
-115.062433	-22.759697	3.604344	2.087959	-17.166687	7.699937	4.604711	-20.861831
83.696857	-27.245617	3.190728	2.224957	-17.296431	7.705416	4.608514	-20.861709
109.979156	-31.471830	2.779964	2.361257	-17.425925	7.710873	4.612309	-20.861586
-81.695357	-53.091423	-3.226598	4.449852	-19.489882	7.796409	4.672700	-20.859702
23.528308	-21.800833	-7.300615	6.209802	-21.467068	7.876210	4.730738	-20.858004
100.853446	31.389610	-9.480630	7.763773	-23.826561	7.969297	4.800865	-20.856117
-117.069703	45.615078	-8.520277	8.353680	-25.999787	8.053548	4.867052	-20.854527
-86.473448	24.186080	-5.061594	7.956472	-27.954099	8.128306	4.928475	-20.853248
117.522985	-10.122201	-0.631688	6.735449	-29.718587	8.194858	4.985883	-20.852256
25.549895	-11.672689	-0.426888	6.660144	-29.797707	8.197817	4.988508	-20.852216
-117.429288	-13.196398	-0.224164	6.583472	-29.876356	8.200757	4.991122	-20.852177
107.952970	-34.127313	3.088293	4.821708	-31.335178	8.254828	5.040521	-20.851537
118.727110	-24.401411	4.498625	2.667868	-32.635285	8.302148	5.086289	-20.851145
-118.588570	-22.691541	4.521643	2.546570	-32.699097	8.304444	5.088586	-20.851132
31.368757	-20.856167	4.540150	2.424635	-32.762442	8.306722	5.090872	-20.851119
110.645694	19.184601	4.178629	0.083748	-33.848768	8.345317	5.130975	-20.851001
-93.589510	28.969145	2.825050	-2.378304	-34.793869	8.378003	5.167598	-20.851111
-44.333015	0.568931	0.804668	-5.083523	-35.670858	8.407230	5.203691	-20.851492
68.868743	-27.852967	-1.045426	-7.648989	-36.383998	8.429720	5.235445	-20.852147
-84.640159	-18.988446	-2.150528	-10.010252	-36.955689	8.446185	5.263803	-20.853116
81.475144	11.977808	-2.508088	-11.890082	-37.356872	8.455782	5.287284	-20.854380
113.716368	13.338246	-2.511126	-11.965388	-37.371916	8.456074	5.288288	-20.854448
-114.893109	14.651022	-2.513097	-12.039175	-37.386575	8.456350	5.289280	-20.854517
1.906100	30.619675	-2.396349	-13.096397	-37.586541	8.458734	5.305323	-20.855886
128.898876	33.700998	-2.080816	-13.569711	-37.661587	8.456163	5.317541	-20.857478
