-0.027113	-1.261994	-2.183907	-5.095064	2.460760	6.267737	1.269782	0.789476	-3.416446
0.658381	-2.063268	-2.186739	-5.096222	2.460891	6.267695	1.269785	0.789477	-3.416445
6.408569	-4.457299	-2.190872	-5.097387	2.461021	6.267651	1.269788	0.789478	-3.416443
-6.409803	-7.310664	-2.195804	-5.098462	2.461140	6.267611	1.269791	0.789478	-3.416442
4.298821	-10.113490	-2.201921	-5.099558	2.461261	6.267571	1.269793	0.789479	-3.416441
6.849340	-3.485775	-3.430914	-5.153172	2.466232	6.265453	1.269904	0.789507	-3.416392
-7.725174	10.375589	-6.123864	-5.219592	2.470767	6.262627	1.270015	0.789532	-3.416344
45.849150	-18.672822	-48.110548	-6.623541	2.490312	6.197199	1.271114	0.789658	-3.415900
56.965349	-31.647482	-24.640665	-9.282309	2.456359	6.066358	1.272225	0.789558	-3.415514
56.969437	-29.800761	-21.681449	-9.414597	2.453354	6.058965	1.272275	0.789548	-3.415498
36.569979	-27.541853	-18.597198	-9.546658	2.450216	6.051454	1.272326	0.789537	-3.415482
-85.693689	46.482941	40.799559	-11.836418	2.363106	5.886206	1.273296	0.789250	-3.415202
-75.841444	42.424313	45.886631	-13.032456	2.218162	5.680522	1.274283	0.788793	-3.414964
24.315510	-32.148985	0.904740	-12.012267	1.971196	5.395957	1.275451	0.788046	-3.414743
112.410252	-80.256123	-41.100028	-8.268232	1.649520	5.067474	1.276649	0.787064	-3.414579
135.249730	-80.415483	-41.962818	-8.032721	1.633218	5.051458	1.276705	0.787013	-3.414573
114.804792	-80.038756	-42.687552	-7.791673	1.616789	5.035363	1.276760	0.786962	-3.414567
10.092157	10.611684	-35.122384	-2.440614	1.285233	4.717638	1.277826	0.785904	-3.414477
-78.381394	85.304183	-5.272264	3.501868	0.918532	4.375355	1.278920	0.784666	-3.414430
-116.123091	80.592155	25.450175	9.284946	0.464984	3.955881	1.280216	0.783022	-3.414429
-97.543330	31.819743	34.279467	11.937590	-0.009096	3.514281	1.281552	0.781142	-3.414485
-82.297670	28.545767	34.188309	11.950406	-0.032446	3.492326	1.281618	0.781045	-3.414489
-71.359532	25.203681	34.056929	11.951089	-0.055808	3.470333	1.281684	0.780947	-3.414493
-14.695151	-33.264665	25.742371	10.195142	-0.469698	3.073693	1.282875	0.779112	-3.414592
29.062037	-58.401126	8.663268	5.987793	-0.868620	2.668641	1.284098	0.777104	-3.414734
34.079932	-17.085847	-14.727804	-0.257314	-1.289846	2.191520	1.285560	0.774548	-3.414952
-7.074488	33.610099	-23.692603	-5.990540	-1.637629	1.713521	1.287067	0.771758	-3.415227
-16.883825	34.174088	-23.407524	-6.209422	-1.651470	1.691478	1.287138	0.771623	-3.415241
-0.069607	34.478807	-23.044089	-6.422627	-1.665081	1.669461	1.287208	0.771488	-3.415255
8.234093	9.623597	-5.702516	-9.345514	-1.874994	1.261194	1.288548	0.768874	-3.415543
-1.371837	-17.237886	14.220421	-10.116892	-1.988566	0.860520	1.289921	0.766087	-3.415873
-6.729846	-7.362924	16.065807	-8.010487	-1.984420	0.408233	1.291565	0.762625	-3.416311
9.519121	4.185668	3.153080	-2.846632	-1.851907	-0.023795	1.293255	0.758930	-3.416807
-8.352373	4.198422	2.589815	-2.606213	-1.844315	-0.040571	1.293324	0.758777	-3.416828
-9.684717	4.179215	2.033749	-2.364988	-1.836567	-0.057297	1.293392	0.758625	-3.416849
10.431531	1.340198	-7.226778	2.692581	-1.634856	-0.405846	1.294877	0.755273	-3.417321
2.371053	-0.143103	-9.746183	6.450715	-1.374898	-0.735617	1.296398	0.751753	-3.417835
-8.202920	0.120334	-9.016302	8.018656	-1.018455	-1.094543	1.298218	0.747436	-3.418487
6.697778	-0.960068	-7.205833	7.049764	-0.627873	-1.423372	1.300088	0.742893	-3.419196
6.766114	-0.881955	-7.028558	6.961650	-0.610081	-1.437264	1.300173	0.742685	-3.419229
-3.130093	-0.781400	-6.839240	6.870338	-0.592272	-1.451090	1.300257	0.742477	-3.419262
-6.392278	1.922183	-2.040647	4.577130	-0.246768	-1.705748	1.301918	0.738355	-3.419924
6.972417	-1.003184	1.562934	1.679905	0.088032	-1.933321	1.303618	0.734066	-3.420627
-8.936299	-3.173051	2.985057	-1.652077	0.440709	-2.159888	1.305632	0.728900	-3.421493
-9.934059	2.987861	1.992855	-4.131519	0.732924	-2.344218	1.307699	0.723514	-3.422415
9.989734	3.195066	1.927553	-4.215053	0.744194	-2.351428	1.307792	0.723268	-3.422457
-1.658203	3.376396	1.862647	-4.295970	0.755284	-2.358543	1.307886	0.723022	-3.422500
-10.771756	3.362919	0.709528	-5.319674	0.932379	-2.477548	1.309715	0.718182	-3.423345
9.633870	1.435582	-0.313006	-5.196258	1.032539	-2.560369	1.311582	0.713182	-3.424231
10.560750	-0.959665	-1.154826	-3.577406	1.059366	-2.609045	1.313799	0.707170	-3.425314
-9.783009	-2.188347	-0.827721	-1.065489	1.006553	-2.606969	1.316061	0.700946	-3.426453
5.714947	-2.062918	-0.776050	-0.940136	1.002418	-2.605659	1.316169	0.700646	-3.426508
9.698212	-1.914612	-0.721276	-0.815022	0.998155	-2.604242	1.316276	0.700347	-3.426563
-8.915534	1.787452	0.503014	1.322400	0.900099	-2.560253	1.318237	0.694803	-3.427593
-6.698085	0.679708	1.221249	2.781244	0.772735	-2.483577	1.320182	0.689106	-3.428664
7.782911	-1.290047	0.532489	3.091997	0.606963	-2.357828	1.322379	0.682344	-3.429952
1.937572	1.223512	-1.648795	2.275238	0.438230	-2.195947	1.324488	0.675382	-3.431295
-7.868142	1.222252	-1.720784	2.220765	0.430645	-2.187811	1.324581	0.675061	-3.431357
1.853782	1.195820	-1.786881	2.165177	0.423065	-2.179604	1.324674	0.674740	-3.431420
8.470428	-1.275242	-1.886393	0.970505	0.281107	-2.011102	1.326392	0.668535	-3.432632
-9.384255	-0.600456	-0.051826	-0.248136	0.147211	-1.822630	1.327992	0.662184	-3.433885
-3.695240	1.512871	2.277776	-1.375893	0.008166	-1.584990	1.329662	0.654668	-3.435384
11.155073	1.352258	2.594060	-1.910928	-0.107831	-1.331560	1.331106	0.646964	-3.436937
-11.165156	1.203532	2.563168	-1.917298	-0.112559	-1.319476	1.331167	0.646600	-3.437011
-5.111186	1.045195	2.529232	-1.921897	-0.117224	-1.307371	1.331228	0.646237	-3.437084
10.960115	-1.666054	1.507487	-1.720874	-0.192368	-1.078591	1.332248	0.639387	-3.438480
0.093533	-0.232897	0.222811	-1.107920	-0.245215	-0.846142	1.333045	0.632399	-3.439918
-9.119227	1.568425	-1.215530	-0.142675	-0.278594	-0.578227	1.333655	0.624177	-3.441624
6.791395	-1.282201	-2.439574	0.817162	-0.282929	-0.314995	1.333902	0.615778	-3.443385
8.065595	-1.357727	-2.492302	0.856116	-0.282455	-0.303132	1.333904	0.615389	-3.443467
-8.029608	-1.416471	-2.544926	0.894412	-0.281924	-0.291287	1.333905	0.615001	-3.443549
7.552465	-0.461758	-3.361601	1.457876	-0.261684	-0.070560	1.333762	0.607572	-3.445122
7.542580	1.139786	-3.211560	1.628724	-0.224215	0.143246	1.333293	0.600015	-3.446736
-7.705318	-0.195527	-1.272799	1.385609	-0.163636	0.381464	1.332311	0.591113	-3.448653
-7.746905	-0.963153	1.519302	0.790014	-0.090679	0.609219	1.330822	0.582043	-3.450625
7.759089	-0.895751	1.643816	0.756870	-0.087226	0.619243	1.330743	0.581630	-3.450715
-4.269252	-0.818000	1.767116	0.723282	-0.083767	0.629245	1.330662	0.581216	-3.450805
-8.001950	0.986780	3.568587	0.008836	-0.017148	0.816661	1.328891	0.573216	-3.452561
1.599601	-0.182606	3.594638	-0.780286	0.045936	0.995272	1.326687	0.565095	-3.454356
8.510276	-1.251982	2.228103	-1.665859	0.106675	1.189741	1.323577	0.555585	-3.456477
-8.814717	1.459666	0.846381	-2.391504	0.145979	1.371347	1.319821	0.545920	-3.458652
-0.532237	1.495403	0.804503	-2.418518	0.147112	1.379319	1.319633	0.545475	-3.458752
8.844300	1.510872	0.765395	-2.444911	0.148182	1.387269	1.319445	0.545030	-3.458853
-9.135537	-0.604897	0.380602	-2.806554	0.155104	1.532582	1.315591	0.536533	-3.460781
-5.740188	-1.990417	-0.134557	-2.843426	0.133270	1.667383	1.311201	0.527925	-3.462750
9.722320	-0.130920	-1.838234	-2.367124	0.071432	1.809179	1.305416	0.517821	-3.465080
-9.913814	2.501770	-3.472597	-1.219832	-0.016671	1.934189	1.298842	0.507573	-3.467463
-9.942694	2.503160	-3.516353	-1.148586	-0.021112	1.939543	1.298518	0.507095	-3.467575
7.273731	2.486987	-3.555956	-1.075714	-0.025570	1.944853	1.298193	0.506618	-3.467686
10.028516	0.022473	-3.517160	0.520532	-0.110683	2.036993	1.291777	0.497632	-3.469794
-10.004424	-2.784309	-1.910344	2.267723	-0.192592	2.115593	1.284718	0.488543	-3.471942
-9.962416	2.923608	3.638272	4.532155	-0.317089	2.245947	1.265836	0.467183	-3.477052
8.642327	-0.221260	-2.125573	1.611155	-0.280971	2.306299	1.243106	0.445312	-3.482373
-8.615661	-1.008092	-2.276718	1.494384	-0.278147	2.306891	1.242524	0.444793	-3.482501
-1.234753	-1.784238	-2.422711	1.376254	-0.275240	2.307444	1.241940	0.444274	-3.482628
8.562612	-2.475022	-2.559331	1.260168	-0.272336	2.307947	1.241371	0.443769	-3.482752
1.258037	-3.062086	-2.690544	1.142746	-0.269350	2.308414	1.240799	0.443264	-3.482876
-8.107556	-1.351408	-3.929783	-1.140474	-0.202186	2.310818	1.230093	0.434093	-3.485137
-0.064700	3.286433	-2.600757	-3.480705	-0.111447	2.301870	1.218684	0.424843	-3.487434
7.988548	3.336045	-2.458384	-3.591167	-0.106254	2.301116	1.218086	0.424372	-3.487551
-7.997354	3.360866	-2.308437	-3.700327	-0.101003	2.300332	1.217487	0.423900	-3.487669
-1.245009	-0.181103	1.738431	-5.525540	0.020081	2.277544	1.204613	0.414045	-3.490135
9.469651	-3.926201	4.418080	-6.040596	0.162224	2.242449	1.190970	0.404105	-3.492640
-11.252866	0.530795	1.929377	-4.496692	0.345103	2.187162	1.174362	0.392585	-3.495567
-12.139094	4.800110	-2.888386	-1.468245	0.530074	2.116096	1.156766	0.380959	-3.498545
12.189487	4.792209	-3.067703	-1.318139	0.537943	2.112596	1.155966	0.380443	-3.498678
-5.468809	4.757705	-3.240596	-1.167460	0.545771	2.109066	1.155164	0.379927	-3.498810
-13.050164	0.144205	-5.167506	1.786191	0.688515	2.033486	1.139004	0.369730	-3.501445
13.572053	-5.538068	-3.754957	4.332138	0.799767	1.946399	1.122118	0.359458	-3.504119
-13.787373	5.929608	5.918130	6.631377	0.851880	1.698478	1.079572	0.334995	-3.510565
-10.699544	0.113854	-1.310911	2.220233	0.520321	1.396768	1.033183	0.310148	-3.517226
-0.889755	-1.005483	-1.571727	2.069593	0.508670	1.389032	1.032031	0.309551	-3.517388
12.641965	-2.139352	-1.829238	1.918371	0.496895	1.381280	1.030878	0.308955	-3.517549
-1.649215	-3.137153	-2.060267	1.780350	0.486074	1.374211	1.029828	0.308412	-3.517696
-12.566455	-4.041118	-2.287917	1.641925	0.475149	1.367123	1.028776	0.307869	-3.517843
12.522717	-4.881610	-2.541212	1.484745	0.462652	1.359075	1.027582	0.307254	-3.518010
1.725194	-5.503722	-2.789302	1.327154	0.450019	1.350999	1.026386	0.306639	-3.518177
-11.812325	-0.823562	-5.489376	-0.795063	0.266828	1.238868	1.009864	0.298233	-3.520462
5.687858	4.809296	-6.525409	-2.684015	0.068476	1.123196	0.992934	0.289789	-3.522771
9.991664	3.190608	-4.661013	-4.577586	-0.223810	0.953870	0.968175	0.277723	-3.526095
-9.036261	-3.475998	-0.837626	-5.545095	-0.507517	0.780330	0.942611	0.265584	-3.529467
2.973938	-2.271358	2.773187	-5.735565	-0.764058	0.600868	0.915735	0.253136	-3.532954
8.189652	1.918830	5.320225	-5.293397	-0.967542	0.420663	0.888050	0.240619	-3.536491
-4.206061	2.010283	5.403163	-5.261266	-0.975336	0.412595	0.886791	0.240056	-3.536651
-8.204113	2.083301	5.483182	-5.228166	-0.983022	0.404525	0.885528	0.239493	-3.536811
8.591258	0.635778	6.396169	-4.410497	-1.110526	0.247461	0.860531	0.228454	-3.539958
-1.019781	-1.279310	5.858874	-3.317380	-1.195095	0.092589	0.834931	0.217365	-3.543143
-10.045279	-1.025688	3.287019	-1.760869	-1.239919	-0.081454	0.804713	0.204535	-3.546860
8.758792	0.873364	-0.221366	-0.081542	-1.228970	-0.249245	0.773725	0.191646	-3.550627
10.494780	0.897989	-0.372665	-0.007710	-1.227181	-0.256560	0.772327	0.191070	-3.550796
-10.499077	0.912390	-0.522394	0.065912	-1.225281	-0.263867	0.770926	0.190494	-3.550965
5.663332	0.166731	-3.048390	1.419437	-1.165824	-0.403504	0.743281	0.179226	-3.554288
9.839208	-1.016314	-4.658507	2.504627	-1.063644	-0.537178	0.715076	0.167917	-3.557650
-7.046291	-0.820984	-5.188779	3.234807	-0.893009	-0.682877	0.681966	0.154868	-3.561562
-8.812080	0.441942	-4.581929	3.329621	-0.665016	-0.819432	0.648139	0.141771	-3.565525
8.806979	0.495947	-4.536860	3.320299	-0.653506	-0.825300	0.646615	0.141186	-3.565702
-4.093433	0.551651	-4.490680	3.309924	-0.641883	-0.831150	0.645090	0.140602	-3.565880
-8.927740	1.532604	-3.450885	2.921230	-0.396991	-0.940751	0.615267	0.129255	-3.569346
9.263162	0.814111	-2.302867	2.247096	-0.124402	-1.043219	0.584930	0.117877	-3.572848
3.905080	-1.759779	-0.719291	1.245974	0.207399	-1.152959	0.549119	0.104646	-3.576957
-9.501439	-1.757449	1.265578	0.165061	0.534631	-1.252772	0.512647	0.091380	-3.581116
4.173577	-1.603519	1.359781	0.116804	0.548995	-1.257059	0.510978	0.090777	-3.581306
9.459874	-1.438321	1.453939	0.068702	0.563312	-1.261328	0.509307	0.090175	-3.581496
-7.808164	1.677274	3.049413	-0.793039	0.822683	-1.338801	0.477153	0.078659	-3.585141
-7.885362	1.757799	3.617107	-1.469469	1.045722	-1.408579	0.444523	0.067120	-3.588823
6.972651	-0.948068	2.232978	-1.892134	1.238995	-1.479423	0.406269	0.053772	-3.593122
0.119008	-1.641773	-0.306972	-1.963523	1.342152	-1.539839	0.367409	0.040401	-3.597470
-6.734681	-1.611391	-0.425908	-1.959629	1.344354	-1.542352	0.365624	0.039791	-3.597669
6.750185	-1.575787	-0.543916	-1.955176	1.346324	-1.544843	0.363839	0.039181	-3.597868
6.411197	0.249592	-2.469687	-1.777158	1.342059	-1.588498	0.329549	0.027546	-3.601690
-8.741803	1.630009	-3.199160	-1.473732	1.265957	-1.624748	0.294822	0.015896	-3.605549
5.161010	-0.505042	-1.972324	-1.051478	1.104242	-1.657103	0.254376	0.002491	-3.610031
11.780275	-1.837784	-0.003456	-0.580903	0.879356	-1.679275	0.213380	-0.010927	-3.614562
-11.824893	-1.767005	0.067108	-0.559172	0.868173	-1.680020	0.211547	-0.011523	-3.614765
-4.089499	-1.678704	0.134923	-0.537383	0.856900	-1.680744	0.209713	-0.012119	-3.614967
12.386527	1.517646	1.029855	-0.104093	0.621822	-1.690720	0.173816	-0.023721	-3.618926
-5.169500	2.182507	1.513404	0.338918	0.364312	-1.692761	0.137529	-0.035327	-3.622921
-11.997299	0.325863	2.034419	0.848612	0.052555	-1.685023	0.095048	-0.048768	-3.627592
11.361325	-1.222174	2.586581	1.337621	-0.257627	-1.666250	0.052098	-0.062209	-3.632313
3.979079	-1.291421	2.612139	1.359019	-0.271385	-1.665134	0.050139	-0.062818	-3.632528
-11.300441	-1.362055	2.637714	1.380322	-0.285094	-1.663995	0.048181	-0.063428	-3.632743
0.356449	-2.615127	3.133774	1.771413	-0.538550	-1.637610	0.010403	-0.075129	-3.636897
10.199073	-1.766736	3.469254	2.120758	-0.765539	-1.602562	-0.027666	-0.086826	-3.641087
-9.677452	2.493820	2.579738	2.455543	-0.979338	-1.551366	-0.071773	-0.100271	-3.645953
-6.730430	1.081700	-0.350563	2.681137	-1.126251	-1.488337	-0.116181	-0.113705	-3.650867
9.266942	0.904379	-0.495274	2.687780	-1.130850	-1.485330	-0.118115	-0.114288	-3.651081
-2.735923	0.722584	-0.639532	2.694134	-1.135294	-1.482298	-0.120051	-0.114871	-3.651296
-9.039285	-1.965203	-3.035282	2.756092	-1.190289	-1.416958	-0.158799	-0.126516	-3.655603
8.938066	0.243771	-3.669441	2.683759	-1.182318	-1.342592	-0.197676	-0.138148	-3.659947
8.646150	1.308944	-2.856294	2.422317	-1.103847	-1.246629	-0.242533	-0.151519	-3.664993
-9.018010	-0.863714	-1.653714	1.963956	-0.962759	-1.140711	-0.287433	-0.164866	-3.670087
1.205142	-0.947440	-1.605142	1.938799	-0.955187	-1.135766	-0.289439	-0.165461	-3.670315
9.027133	-1.022294	-1.557530	1.913237	-0.947515	-1.130803	-0.291445	-0.166057	-3.670544
-8.148027	-0.647835	-0.667819	1.336305	-0.780345	-1.031171	-0.330359	-0.177607	-3.675004
-9.027646	0.921465	0.803904	0.603356	-0.583841	-0.925783	-0.369207	-0.189136	-3.679500
8.599150	-0.046676	3.301115	-0.439323	-0.331277	-0.798202	-0.413833	-0.202390	-3.684725
-0.476604	-1.430390	3.415685	-1.683201	-0.062247	-0.665170	-0.458245	-0.215609	-3.689998
-7.627710	-1.319744	3.319804	-1.743117	-0.049885	-0.659044	-0.460247	-0.216206	-3.690238
6.150044	-1.184885	3.214479	-1.803239	-0.037515	-0.652910	-0.462249	-0.216803	-3.690478
6.375757	1.867207	0.158571	-2.925898	0.199942	-0.533625	-0.500551	-0.228245	-3.695098
-5.019900	-2.145999	-2.591220	-3.736482	0.432046	-0.411962	-0.538594	-0.239656	-3.699754
2.758959	-2.830793	-3.008730	-3.800964	0.681041	-0.269786	-0.582061	-0.252767	-3.705165
3.013520	0.996229	0.262745	-2.588220	0.889704	-0.126652	-0.625054	-0.265831	-3.710624
-0.777832	1.283202	0.441285	-2.505838	0.898049	-0.119944	-0.627055	-0.266442	-3.710880
-3.011372	1.568773	0.617520	-2.421623	0.906250	-0.113233	-0.629056	-0.267053	-3.711138
3.492092	3.567141	2.697539	-0.629142	1.027132	0.010318	-0.665746	-0.278303	-3.715899
-0.078640	-1.066637	1.184178	1.308157	1.078088	0.132862	-0.701981	-0.289514	-3.720696
-6.630868	-3.685091	-1.903530	3.006312	1.028697	0.269628	-0.742513	-0.302191	-3.726184
8.770196	3.497179	-2.414117	3.426474	0.840964	0.401992	-0.782340	-0.314811	-3.731718
2.720166	2.646209	-0.090155	2.163302	0.509541	0.526753	-0.821021	-0.327249	-3.737243
-12.187280	-2.507688	2.359707	0.150643	0.086931	0.643287	-0.858884	-0.339626	-3.742811
1.433685	-2.651694	2.400678	0.055463	0.065248	0.648714	-0.860704	-0.340226	-3.743084
12.289577	-2.772597	2.429802	-0.038400	0.043521	0.654116	-0.862522	-0.340827	-3.743356
-12.857647	-1.300262	1.209513	-1.480781	-0.352301	0.748425	-0.895417	-0.351787	-3.748355
12.798807	2.169990	-1.403287	-2.300847	-0.711314	0.833171	-0.927566	-0.362694	-3.753389
1.379693	-0.345656	-2.649911	-2.282589	-1.016154	0.917350	-0.963705	-0.375220	-3.759246
-10.617640	-1.860645	-1.116957	-1.198559	-1.145222	0.984862	-0.998723	-0.387669	-3.765150
10.536413	-1.682177	-0.973897	-1.131031	-1.146756	0.987611	-1.000353	-0.388257	-3.765431
6.767395	-1.480218	-0.825147	-1.062760	-1.147881	0.990319	-1.001981	-0.388845	-3.765712
-8.818348	1.907085	2.038989	0.205953	-1.097668	1.032527	-1.031278	-0.399564	-3.770870
7.203924	-2.044625	2.770710	1.121715	-0.918112	1.061673	-1.059666	-0.410221	-3.776062
5.903329	0.177161	0.215635	1.229972	-0.558225	1.080660	-1.091376	-0.422475	-3.782115
-5.392115	2.548704	-2.476129	0.665529	-0.062638	1.085584	-1.121843	-0.434639	-3.788214
-3.406112	2.425261	-2.534583	0.635702	-0.039623	1.085509	-1.123124	-0.435159	-3.788478
5.414875	2.281565	-2.586210	0.605850	-0.016542	1.085411	-1.124404	-0.435680	-3.788741
2.048197	-2.031074	-2.292363	0.034442	0.448268	1.078883	-1.149674	-0.446133	-3.794064
-7.407000	-3.016773	-0.162512	-0.392282	0.863099	1.064478	-1.173966	-0.456515	-3.799422
8.944955	3.216083	1.974290	-0.599408	1.191366	1.039649	-1.200706	-0.468386	-3.805638
4.824880	-2.729673	1.911748	-0.443149	1.305620	1.007724	-1.226065	-0.480155	-3.811899
-10.133541	-3.062760	1.871572	-0.426664	1.305875	1.006062	-1.227234	-0.480711	-3.812198
3.250530	-3.373745	1.829874	-0.409403	1.305688	1.004389	-1.228399	-0.481267	-3.812496
10.873163	-1.489606	-0.275591	0.571867	0.975591	0.928962	-1.272542	-0.503422	-3.824582
-10.725515	3.491513	-0.731645	0.747702	0.199350	0.843770	-1.311168	-0.525176	-3.836835
-4.978644	3.138117	-0.693303	0.725508	0.178812	0.841754	-1.311995	-0.525675	-3.837120
10.727338	2.757731	-0.652328	0.701795	0.158213	0.839735	-1.312819	-0.526174	-3.837407
-1.264176	2.309646	-0.603620	0.673498	0.135075	0.837473	-1.313740	-0.526733	-3.837727
-10.732487	1.850757	-0.552319	0.643467	0.111891	0.835210	-1.314656	-0.527292	-3.838048
10.902629	-3.427662	0.316167	0.005308	-0.255419	0.799648	-1.328584	-0.536071	-3.843125
8.651552	-1.144426	0.579313	-0.711440	-0.610081	0.764748	-1.341507	-0.544777	-3.848229
-11.924436	3.209002	0.010296	-1.284622	-1.003065	0.722750	-1.356303	-0.555625	-3.854689
9.216471	-0.479776	-0.709503	-1.380481	-1.294423	0.684042	-1.369432	-0.566352	-3.861194
13.163200	-2.801268	-0.443878	-1.021973	-1.447853	0.650567	-1.380616	-0.576723	-3.867597
-13.395955	2.213864	1.161442	-0.383910	-1.480677	0.622594	-1.390126	-0.586973	-3.874042
-6.718896	2.384929	1.221972	-0.350033	-1.479571	0.621418	-1.390537	-0.587459	-3.874350
13.395070	2.527506	1.277493	-0.316013	-1.478239	0.620257	-1.390944	-0.587944	-3.874658
-7.596811	0.455297	1.356802	0.381441	-1.407659	0.600133	-1.398217	-0.597534	-3.880809
-12.566646	-2.116844	-0.060790	1.095265	-1.263467	0.585024	-1.403913	-0.607011	-3.886997
12.529845	-2.025642	-0.158748	1.130432	-1.254573	0.584383	-1.404156	-0.607483	-3.887308
11.150422	-1.905503	-0.258365	1.165498	-1.245529	0.583751	-1.404395	-0.607955	-3.887619
-11.692261	2.028857	-1.898272	1.798410	-1.047961	0.573508	-1.408177	-0.616898	-3.893574
-0.434778	0.313900	-1.771767	2.329387	-0.811625	0.566146	-1.410452	-0.625732	-3.899563
9.924199	-2.247324	-0.362738	2.778897	-0.511291	0.560244	-1.411170	-0.635686	-3.906445
-8.486941	2.309987	0.853691	3.034863	-0.197450	0.555883	-1.409839	-0.645493	-3.913370
-9.302105	2.463484	0.898634	3.040911	-0.184401	0.555717	-1.409738	-0.645897	-3.913659
9.287012	2.600851	0.943463	3.046575	-0.171364	0.555552	-1.409634	-0.646302	-3.913948
-1.532872	2.566193	1.824559	3.073565	0.096202	0.552076	-1.406622	-0.654702	-3.920014
-9.314363	0.155470	2.487657	2.911696	0.346535	0.548017	-1.401995	-0.662986	-3.926113
9.750105	-1.878437	3.020721	2.454164	0.609121	0.541586	-1.394605	-0.672403	-3.933198
8.869464	-4.413607	3.410203	1.674821	0.840691	0.532139	-1.384980	-0.681655	-3.940327
-10.356000	-4.437398	3.425771	1.631493	0.850518	0.531615	-1.384485	-0.682075	-3.940655
-1.233037	-4.445298	3.441144	1.587517	0.860276	0.531081	-1.383985	-0.682494	-3.940983
10.889003	-1.743611	3.652379	0.638847	1.031179	0.519144	-1.373619	-0.690361	-3.947202
-11.289433	3.951380	3.543779	-0.487592	1.175023	0.503176	-1.361512	-0.698095	-3.953454
-4.204472	5.298754	2.545688	-1.804227	1.304804	0.478821	-1.345407	-0.706815	-3.960684
11.214694	3.495957	0.245169	-2.887936	1.394096	0.446915	-1.326923	-0.715348	-3.967956
-1.826124	3.413386	0.122567	-2.927672	1.397179	0.445252	-1.326018	-0.715734	-3.968291
-11.161814	3.335009	-0.000376	-2.966304	1.400169	0.443571	-1.325108	-0.716120	-3.968625
6.585134	2.665074	-2.230236	-3.460576	1.439364	0.408097	-1.306912	-0.723352	-3.974976
9.454005	1.045772	-3.644411	-3.385056	1.445078	0.365209	-1.286866	-0.730432	-3.981360
-8.267949	-4.536631	-2.940274	-2.484210	1.412333	0.306052	-1.261369	-0.738417	-3.988774
-3.749154	3.269652	0.781647	-1.049785	1.339331	0.237950	-1.233324	-0.746187	-3.996232
7.322346	3.573178	0.951748	-0.979396	1.335090	0.234677	-1.231990	-0.746534	-3.996571
-7.294088	3.838972	1.117016	-0.908935	1.330772	0.231391	-1.230652	-0.746881	-3.996911
-4.203227	2.479934	3.127730	0.404848	1.233058	0.165950	-1.204010	-0.753428	-4.003422
7.033796	-2.489735	2.658171	1.488406	1.107407	0.096445	-1.175387	-0.759803	-4.009965
0.889902	-1.668770	-0.147426	2.317284	0.930022	0.013151	-1.140040	-0.766908	-4.017520
-7.836396	1.228488	-2.466444	2.600263	0.718799	-0.072139	-1.102004	-0.773775	-4.025117
7.857464	1.219631	-2.458661	2.598381	0.708333	-0.076067	-1.100196	-0.774084	-4.025467
2.615761	1.189222	-2.435772	2.595128	0.697800	-0.079995	-1.098382	-0.774392	-4.025816
-8.250420	-0.958116	-0.260300	2.326147	0.486777	-0.154361	-1.062859	-0.780147	-4.032463
0.923651	-0.093817	1.937485	1.853700	0.259881	-0.227572	-1.025241	-0.785712	-4.039142
8.958977	1.079902	2.011688	1.388208	-0.011462	-0.309034	-0.979220	-0.791890	-4.046885
-7.931697	-1.308971	-0.691527	1.183471	-0.281846	-0.385574	-0.930335	-0.797803	-4.054671
-9.369453	-1.299506	-0.800558	1.178506	-0.293725	-0.388853	-0.928082	-0.798061	-4.055020
9.388282	-1.265698	-0.904264	1.173725	-0.305586	-0.392120	-0.925821	-0.798319	-4.055370
-9.781193	1.479495	-1.976063	1.088275	-0.528785	-0.452538	-0.880836	-0.803207	-4.062161
-6.155886	0.566569	-1.689927	0.946061	-0.733854	-0.506582	-0.833635	-0.807887	-4.068985
10.786430	-1.448347	-0.273321	0.731016	-0.937116	-0.559281	-0.776622	-0.813002	-4.076866
7.192850	1.044122	1.576130	0.492772	-1.094526	-0.600177	-0.716633	-0.817829	-4.084789
-11.392933	1.143254	1.648762	0.481777	-1.100415	-0.601728	-0.713831	-0.818042	-4.085151
-1.961128	1.231226	1.719174	0.470787	-1.106183	-0.603250	-0.711022	-0.818254	-4.085513
11.875144	1.012776	2.613383	0.265269	-1.191758	-0.626590	-0.656205	-0.822193	-4.092449
-12.184557	-0.853006	2.753281	0.079667	-1.225010	-0.638265	-0.599279	-0.825905	-4.099415
-9.702745	0.264937	2.461937	-0.092672	-1.187435	-0.636567	-0.531309	-0.829889	-4.107473
11.584489	0.815865	1.845433	-0.218101	-1.058026	-0.618334	-0.460940	-0.833559	-4.115572
0.818779	0.718405	1.810397	-0.222594	-1.049865	-0.617117	-0.457677	-0.833719	-4.115943
-11.492489	0.611160	1.774560	-0.226968	-1.041513	-0.615868	-0.454412	-0.833878	-4.116313
10.339346	-0.982661	0.584787	-0.284313	-0.847400	-0.585934	-0.391424	-0.836778	-4.123380
8.766759	0.938333	-1.912431	-0.277743	-0.596189	-0.544732	-0.326996	-0.839432	-4.130478
-7.395457	1.297626	-3.805441	-0.160263	-0.257002	-0.484089	-0.251190	-0.842180	-4.138696
1.890721	-1.257877	-3.377731	0.071564	0.111017	-0.410238	-0.173934	-0.844588	-4.146955
6.392175	-1.234682	-3.268031	0.082047	0.127188	-0.406761	-0.170564	-0.844685	-4.147313
-2.063909	-1.188128	-3.149180	0.092435	0.143362	-0.403262	-0.167193	-0.844781	-4.147671
-6.262357	1.124524	0.508824	0.256762	0.466084	-0.328192	-0.098982	-0.846567	-4.154886
6.749732	-1.082185	3.980928	0.248984	0.772794	-0.244533	-0.030043	-0.848088	-4.162132
-5.188251	-0.133969	3.310986	-0.062716	1.078677	-0.138298	0.050080	-0.849506	-4.170520
-8.327389	1.531363	-1.026084	-0.505958	1.281619	-0.022426	0.130702	-0.850559	-4.178948
8.340203	1.458433	-1.220727	-0.524503	1.287351	-0.017080	0.134284	-0.850597	-4.179323
3.603945	1.363008	-1.411154	-0.542767	1.292766	-0.011718	0.137866	-0.850634	-4.179697
-8.249833	-1.878714	-3.606840	-0.810498	1.328265	0.096398	0.207958	-0.851217	-4.187038
5.463440	-0.164246	-1.720766	-0.835117	1.216385	0.209784	0.278062	-0.851517	-4.194409
7.122642	2.331885	2.013858	-0.624919	0.929790	0.342454	0.358706	-0.851504	-4.202947
-6.909963	-1.943520	2.845386	-0.293757	0.521182	0.471227	0.438900	-0.851103	-4.211526
-3.816549	-2.124773	2.801881	-0.279392	0.502203	0.476427	0.442235	-0.851077	-4.211885
6.926800	-2.290583	2.752487	-0.265069	0.483115	0.481605	0.445567	-0.851051	-4.212244
-2.076355	-1.792682	0.560884	0.035040	0.063023	0.584794	0.514789	-0.850350	-4.219751
-8.345408	1.816122	-2.329563	0.366643	-0.376045	0.675837	0.583307	-0.849345	-4.227289
9.505245	1.184876	-2.121906	0.861048	-0.859069	0.759763	0.660550	-0.847816	-4.235942
7.417256	-1.185047	0.246104	1.565767	-1.275038	0.816337	0.736407	-0.845878	-4.244635
-10.441974	-1.170803	0.356000	1.600422	-1.291768	0.818183	0.739862	-0.845779	-4.245036
7.225555	-1.137242	0.463685	1.635046	-1.308247	0.819956	0.743313	-0.845679	-4.245437
10.775928	1.013481	1.748599	2.249638	-1.567578	0.839279	0.808254	-0.843607	-4.253082
-10.602507	0.749758	0.959911	2.627014	-1.701680	0.828428	0.871747	-0.841212	-4.260755
-6.850646	-0.883303	-0.990820	2.413384	-1.668403	0.775823	0.942310	-0.838070	-4.269572
9.106127	-1.143599	-1.660537	1.182845	-1.433738	0.684450	1.010261	-0.834492	-4.278426
-1.092278	-1.087073	-1.622111	1.101146	-1.419019	0.679680	1.013156	-0.834326	-4.278813
-9.032991	-1.019095	-1.576859	1.017033	-1.403929	0.674847	1.016047	-0.834159	-4.279200
3.197799	1.602809	1.838297	-2.922837	-0.378762	0.408449	1.137169	-0.825982	-4.296295
7.181303	-2.288698	-1.963915	-1.681418	1.136153	0.065448	1.244667	-0.816135	-4.313526
-7.180339	-1.054625	-2.009134	-1.582029	1.171434	0.056540	1.247081	-0.815876	-4.313945
7.179888	0.168526	-2.045041	-1.480111	1.206383	0.047619	1.249484	-0.815615	-4.314364
5.168028	1.348737	-2.071757	-1.369382	1.243065	0.038143	1.252020	-0.815338	-4.314808
-6.758872	2.375926	-2.085518	-1.255982	1.279361	0.028647	1.254545	-0.815060	-4.315253
-7.209239	-3.296532	2.221157	2.461829	2.170169	-0.330695	1.340028	-0.803964	-4.331745
6.472980	3.950073	-0.281731	0.177479	1.751486	-0.679892	1.408557	-0.791282	-4.348355
-3.560026	0.326370	-0.502299	0.084928	1.725837	-0.687973	1.410007	-0.790951	-4.348764
-6.407538	-2.581210	-0.725667	-0.007162	1.699557	-0.696021	1.411446	-0.790618	-4.349173
6.371397	-3.971062	-0.967508	-0.107336	1.670051	-0.704799	1.413008	-0.790253	-4.349621
3.917572	-3.780087	-1.200714	-0.206629	1.639787	-0.713542	1.414558	-0.789887	-4.350069
-5.902141	3.998116	-2.217726	-1.492633	1.068827	-0.845999	1.437227	-0.783916	-4.357192
0.942146	-3.899271	2.188354	-1.755547	0.353019	-0.964508	1.456212	-0.777648	-4.364335
6.628110	3.622318	0.873954	-0.426569	-0.674586	-1.089510	1.474750	-0.769250	-4.373437
-2.708399	-3.167912	-2.108727	1.153206	-1.616698	-1.179391	1.486728	-0.760360	-4.382572
-9.602872	2.565602	0.941134	1.368156	-2.242295	-1.226796	1.491786	-0.751088	-4.391630
11.011972	0.152953	2.061867	0.478694	-2.484134	-1.226278	1.489838	-0.741325	-4.400718
-2.259864	-0.124900	2.026057	0.422167	-2.486378	-1.224935	1.489568	-0.740845	-4.401155
-11.111076	-0.389011	1.983533	0.365097	-2.487801	-1.223467	1.489281	-0.740363	-4.401592
11.592235	-1.261881	0.098478	-0.728494	-2.356381	-1.170379	1.480507	-0.730733	-4.410139
8.001862	0.831278	-2.016028	-1.325941	-1.939532	-1.074851	1.465845	-0.720688	-4.418712
-11.152968	0.833647	-2.039850	-1.330800	-1.911662	-1.069068	1.464962	-0.720175	-4.419142
6.435384	0.817368	-2.051094	-1.332684	-1.883176	-1.063197	1.464065	-0.719662	-4.419571
10.050988	-0.643889	-0.629160	-0.879996	-1.235560	-0.934730	1.444289	-0.709663	-4.427774
-8.745462	0.713894	1.492763	0.118179	-0.454339	-0.778645	1.419612	-0.699302	-4.435998
-6.109987	0.807261	2.063235	1.208961	0.485644	-0.572420	1.385583	-0.686993	-4.445449
6.885309	0.134885	0.140111	1.611289	1.340000	-0.344315	1.345714	-0.674228	-4.454926
-0.185846	0.096376	0.023233	1.612533	1.375468	-0.333260	1.343716	-0.673621	-4.455369
-6.891161	0.052999	-0.093706	1.612385	1.410432	-0.322174	1.341705	-0.673013	-4.455812
7.430249	-1.335333	-1.904286	1.370832	1.963444	-0.111104	1.302091	-0.661511	-4.464078
4.138683	-0.969014	-2.092423	0.720965	2.319226	0.105103	1.258534	-0.649680	-4.472363
-10.191076	0.997713	-0.589908	-0.404493	2.496923	0.355361	1.203416	-0.635571	-4.481985
2.851320	2.052724	1.316488	-1.465785	2.445766	0.598202	1.143611	-0.621038	-4.491630
11.580471	2.021708	1.397684	-1.509565	2.437115	0.610728	1.140320	-0.620257	-4.492141
-11.630446	1.979374	1.475363	-1.551522	2.427890	0.623215	1.137018	-0.619475	-4.492652
-11.562732	0.567648	2.179316	-1.907729	2.201501	0.819272	1.081999	-0.606678	-4.500923
12.138144	-1.404099	1.725345	-1.532209	1.842015	1.003406	1.024018	-0.593588	-4.509211
-1.664510	-2.468553	0.025979	-0.472449	1.299192	1.201121	0.952875	-0.577947	-4.518902
-11.191838	-0.270494	-2.092594	0.748752	0.680878	1.377934	0.878301	-0.561925	-4.528613
11.166330	-0.084090	-2.163562	0.798525	0.652488	1.385296	0.874899	-0.561202	-4.529047
5.750763	0.108000	-2.230632	0.847512	0.624074	1.392611	0.871491	-0.560478	-4.529480
-10.678776	2.725633	-2.446779	1.591537	0.074347	1.525172	0.804068	-0.546257	-4.537918
-0.412967	-0.896310	-0.225767	1.813982	-0.445919	1.638329	0.734543	-0.531766	-4.546369
9.891470	-3.112427	2.636613	1.416712	-0.975489	1.742306	0.652306	-0.514784	-4.556098
-9.582512	3.323226	2.470407	0.463140	-1.414815	1.816027	0.567873	-0.497464	-4.565844
-3.628298	3.399796	2.372441	0.412998	-1.432387	1.818616	0.563992	-0.496670	-4.566286
9.557898	3.432894	2.266650	0.362631	-1.449741	1.821138	0.560107	-0.495875	-4.566729
-0.110985	-1.153772	-0.645107	-0.579339	-1.737533	1.856016	0.485231	-0.480578	-4.575187
-9.116667	-4.016308	-2.911125	-1.264993	-1.936447	1.864636	0.409071	-0.465042	-4.583655
8.791803	4.328930	-1.724572	-1.445324	-2.043438	1.839732	0.319533	-0.446767	-4.593472
1.718127	-0.115541	1.325387	-1.121904	-2.010038	1.775354	0.228836	-0.428192	-4.603302
-8.338870	-0.503577	1.458174	-1.098852	-2.005278	1.771397	0.224609	-0.427324	-4.603758
6.733698	-0.886560	1.587767	-1.075276	-2.000249	1.767354	0.220381	-0.426455	-4.604214
7.869314	-4.784454	3.029015	-0.569864	-1.859979	1.676347	0.141187	-0.410131	-4.612727
-7.422885	-0.066106	1.908216	-0.032353	-1.641973	1.557108	0.061604	-0.393598	-4.621249
-4.218058	5.000835	-0.772534	0.524409	-1.315918	1.388867	-0.030265	-0.374305	-4.631073
6.938990	4.776628	-2.512263	0.921610	-0.934085	1.192606	-0.122048	-0.354754	-4.640907
-5.575709	4.631958	-2.556339	0.934275	-0.915855	1.183125	-0.126204	-0.353861	-4.641353
-6.950996	4.475293	-2.597366	0.946403	-0.897565	1.173597	-0.130359	-0.352967	-4.641799
7.252362	-0.174609	-2.800163	1.072661	-0.538530	0.982601	-0.209838	-0.335738	-4.650361
5.089910	-4.887224	-1.928538	1.003425	-0.175270	0.778269	-0.288769	-0.318330	-4.658929
-8.776453	-4.556051	0.069527	0.735620	0.228652	0.530617	-0.378838	-0.298040	-4.668815
-3.537336	3.853992	1.862652	0.334545	0.600237	0.275214	-0.467571	-0.277531	-4.678707
9.906717	4.141788	1.912339	0.315214	0.615378	0.264046	-0.471383	-0.276636	-4.679137
-8.815690	4.406559	1.958658	0.295770	0.630427	0.252875	-0.475192	-0.275742	-4.679566
-10.893952	4.187695	2.274458	-0.106515	0.910824	0.028753	-0.550797	-0.257741	-4.688163
11.702966	-3.741344	1.931705	-0.495480	1.144598	-0.194114	-0.624906	-0.239591	-4.696763
0.845499	-2.655255	1.430902	-0.870291	1.343321	-0.444933	-0.707866	-0.218579	-4.706638
-12.324148	2.609512	0.561592	-1.111251	1.454059	-0.686559	-0.788252	-0.197391	-4.716514
12.308458	2.704987	0.504900	-1.118096	1.456794	-0.697331	-0.791862	-0.196417	-4.716966
0.110603	2.772105	0.446344	-1.124531	1.459316	-0.708075	-0.795466	-0.195444	-4.717418
-11.708230	0.497445	-0.850419	-1.161060	1.464886	-0.907128	-0.862855	-0.176849	-4.726017
10.836131	-2.093602	-1.725420	-1.009249	1.386448	-1.095038	-0.927813	-0.158135	-4.734616
8.405729	-0.050909	-1.191396	-0.584871	1.196378	-1.296445	-0.999099	-0.136516	-4.744485
-9.158442	1.874627	0.464475	0.042432	0.910700	-1.482230	-1.066573	-0.114762	-4.754353
-1.581705	1.743438	0.552117	0.074372	0.895779	-1.490354	-1.069565	-0.113763	-4.754804
9.127469	1.591371	0.639690	0.106491	0.880733	-1.498439	-1.072546	-0.112765	-4.755256
1.790088	-2.095684	1.714647	0.741938	0.573115	-1.645750	-1.127537	-0.093732	-4.763835
-9.315599	-1.753374	0.423727	1.337990	0.239727	-1.780710	-1.179167	-0.074611	-4.772411
9.119049	3.104176	-1.884754	1.631191	-0.149588	-1.921237	-1.234471	-0.052370	-4.782338
9.460027	-3.561608	-0.818292	1.190982	-0.513193	-2.044510	-1.284653	-0.030030	-4.792259
-9.439578	-3.748844	-0.703134	1.156299	-0.528695	-2.049673	-1.286796	-0.029018	-4.792708
7.275505	-3.889652	-0.584501	1.120582	-0.544113	-2.054803	-1.288930	-0.028004	-4.793156
8.820285	0.133829	1.764872	0.295514	-0.816708	-2.145284	-1.327272	-0.008731	-4.801676
-8.236924	5.023018	2.291038	-0.660212	-1.043753	-2.222486	-1.361354	0.010599	-4.810190
7.998639	-5.421903	-0.709219	-1.619050	-1.229184	-2.292299	-1.393921	0.032096	-4.819626
3.267523	-2.152344	-2.546371	-2.100806	-1.330519	-2.345171	-1.420706	0.053646	-4.829053
-8.877394	5.601807	-2.001781	-1.793132	-1.336820	-2.381905	-1.442163	0.076153	-4.838870
9.614349	-0.233794	0.652399	-0.889029	-1.255419	-2.399884	-1.456704	0.098696	-4.848675
3.025503	-0.654822	0.785858	-0.839401	-1.249905	-2.400276	-1.457198	0.099726	-4.849123
-9.676387	-1.065470	0.917854	-0.789356	-1.244253	-2.400632	-1.457676	0.100756	-4.849570
8.786858	-5.266881	2.759803	0.202888	-1.111660	-2.400670	-1.463908	0.120381	-4.858085
10.508812	-3.002901	2.438550	1.130827	-0.939754	-2.388424	-1.464734	0.140014	-4.866591
-10.720211	2.972541	0.287024	1.981077	-0.707850	-2.359914	-1.459192	0.162679	-4.876400
-8.067223	4.724253	-1.962874	2.499932	-0.457577	-2.316998	-1.446969	0.185323	-4.886194
10.802960	4.686314	-2.035395	2.514259	-0.445969	-2.314703	-1.446253	0.186359	-4.886643
-2.155605	4.639928	-2.103888	2.527689	-0.434363	-2.312381	-1.445525	0.187396	-4.887091
-10.820316	1.915300	-2.689718	2.601082	-0.217599	-2.263367	-1.429278	0.206965	-4.895558
10.807074	-3.290959	-2.128189	2.316418	-0.011666	-2.205080	-1.408458	0.226489	-4.904012
7.333872	-4.435955	-0.640128	1.632782	0.211245	-2.127076	-1.378960	0.248974	-4.913765
-10.409186	-1.989840	0.877014	0.709093	0.417373	-2.038637	-1.343909	0.271364	-4.923499
3.207540	-1.875346	0.938656	0.663452	0.426391	-2.034354	-1.342176	0.272387	-4.923945
10.368128	-1.766136	0.999360	0.617631	0.435372	-2.030051	-1.340432	0.273409	-4.924390
-9.866524	-0.302246	1.924891	-0.259013	0.597022	-1.945660	-1.305636	0.292582	-4.932753
-4.253219	1.925997	2.296587	-1.100294	0.744555	-1.855048	-1.267156	0.311656	-4.941101
8.385409	3.360794	1.767000	-1.926432	0.897581	-1.742574	-1.217954	0.333726	-4.950802
0.677376	1.066836	0.204648	-2.526616	1.029291	-1.623621	-1.164314	0.355626	-4.960482
-7.601949	0.933087	0.127312	-2.546590	1.034458	-1.618378	-1.161913	0.356564	-4.960897
7.573927	0.800391	0.049887	-2.566064	1.039587	-1.613121	-1.159502	0.357502	-4.961313
6.526223	-1.157777	-1.357891	-2.841282	1.133229	-1.506059	-1.109747	0.376173	-4.969618
-6.828931	-1.519564	-1.976065	-2.877984	1.209998	-1.395714	-1.057137	0.394691	-4.977906
4.197803	-0.107170	-1.094876	-2.594499	1.280903	-1.264143	-0.992616	0.416018	-4.987521
6.941157	0.505088	0.647918	-1.977590	1.336054	-1.130087	-0.924792	0.437101	-4.997111
-3.429956	0.458661	0.726400	-1.942582	1.338224	-1.124037	-0.921679	0.438040	-4.997540
-6.972105	0.405096	0.804007	-1.906938	1.340373	-1.117979	-0.918558	0.438980	-4.997969
7.371202	-0.556211	1.842546	-1.112693	1.377520	-1.001936	-0.857862	0.456805	-5.006158
-3.564521	1.226361	1.418011	-0.132481	1.409104	-0.885568	-0.795167	0.474425	-5.014326
-8.651762	1.806872	-0.339045	1.089762	1.442394	-0.750461	-0.719857	0.494678	-5.023817
7.587681	-2.712233	-1.781402	2.165402	1.475877	-0.616859	-0.642390	0.514616	-5.033278
9.431136	-2.780040	-1.816241	2.207793	1.477513	-0.610684	-0.638730	0.515538	-5.033719
-9.464149	-2.816221	-1.847154	2.249287	1.479157	-0.604518	-0.635069	0.516458	-5.034159
6.939239	0.458956	-1.767236	2.852541	1.511855	-0.491675	-0.566696	0.533340	-5.042283
10.447064	3.931464	-0.744664	3.119529	1.550743	-0.381463	-0.497153	0.549960	-5.050384
-10.613926	-4.007304	2.042815	2.217092	1.663559	-0.135045	-0.329061	0.588171	-5.069457
-9.438196	3.305653	-0.383507	-0.625004	1.745526	0.084062	-0.158006	0.624687	-5.088389
9.100860	2.754065	-0.478619	-0.695070	1.746383	0.088562	-0.154183	0.625480	-5.088809
-9.045596	2.147537	-0.574164	-0.764953	1.747184	0.093045	-0.150360	0.626272	-5.089229
-6.799997	1.501746	-0.674609	-0.838061	1.747963	0.097729	-0.146347	0.627101	-5.089669
8.927991	0.896744	-0.774937	-0.910899	1.748677	0.102394	-0.142334	0.627930	-5.090109
1.703652	0.381026	-0.872310	-0.981588	1.749311	0.106921	-0.138424	0.628737	-5.090539
-8.814714	-0.072856	-0.969003	-1.051955	1.749881	0.111430	-0.134513	0.629542	-5.090968
8.104529	-3.007457	-2.134422	-2.031396	1.750213	0.175855	-0.076824	0.641316	-5.097289
8.094518	-2.178417	-2.382433	-2.828295	1.732858	0.236560	-0.019221	0.652870	-5.103592
-5.355257	2.782768	0.559238	-3.538344	1.542596	0.397175	0.149589	0.685681	-5.122116
-9.023428	-0.269535	2.785632	-1.671941	1.102311	0.535462	0.314368	0.716375	-5.140480
9.087333	-0.621061	2.772360	-1.578725	1.086113	0.539244	0.319118	0.717242	-5.141016
-0.448305	-0.967165	2.752800	-1.483408	1.069757	0.543013	0.323862	0.718108	-5.141553
-9.885836	-3.408617	1.781783	-0.001461	0.828755	0.593749	0.388850	0.729868	-5.148953
5.363170	-0.217869	-0.382142	1.582978	0.564492	0.642176	0.452583	0.741242	-5.156326
9.431483	-0.038326	-0.517009	1.667642	0.549135	0.644827	0.456111	0.741868	-5.156738
-9.346948	0.130302	-0.651507	1.751381	0.533737	0.647470	0.459633	0.742491	-5.157149
-2.361415	3.851764	-2.840972	3.114132	0.225487	0.697782	0.527220	0.754374	-5.165140
2.341698	4.632220	-2.988106	3.723634	-0.093585	0.746294	0.592888	0.765771	-5.173097
-5.419677	-5.827071	2.958718	2.206597	-0.794762	0.851221	0.732457	0.789555	-5.190859
-6.026815	6.810300	-0.570759	-1.916941	-1.336298	0.954668	0.858815	0.810654	-5.208433
6.574199	6.887669	-0.715751	-2.000041	-1.345228	0.956998	0.861463	0.811092	-5.208823
-5.195698	6.919482	-0.860072	-2.081576	-1.353985	0.959328	0.864102	0.811529	-5.209212
-7.727188	6.339300	-1.011238	-2.165917	-1.363045	0.961790	0.866878	0.811989	-5.209623
8.315694	4.534106	-1.160598	-2.248465	-1.371920	0.964256	0.869647	0.812447	-5.210033
4.148599	1.516646	-1.310282	-2.330712	-1.380779	0.966775	0.872464	0.812913	-5.210453
-9.471841	-1.866675	-1.456504	-2.410905	-1.389440	0.969297	0.875274	0.813378	-5.210872
15.515249	-7.155982	-2.684935	-3.263631	-1.488251	1.005034	0.913739	0.819728	-5.216748
9.415944	5.914227	-1.542333	-3.499994	-1.539938	1.041527	0.950293	0.825745	-5.222602
-18.365847	7.058304	1.644215	-2.909592	-1.523294	1.097126	1.000558	0.834009	-5.231199
4.943572	-6.651974	2.241813	-1.592343	-1.410103	1.153709	1.046161	0.841517	-5.239746
15.460810	-6.549969	2.193493	-1.523416	-1.403108	1.156237	1.048086	0.841835	-5.240127
0.129066	-6.324632	2.139682	-1.453990	-1.395968	1.158763	1.050000	0.842151	-5.240508
-12.462803	6.080102	0.581147	-0.074029	-1.231514	1.206982	1.084887	0.847933	-5.247817
10.234532	-0.995419	-0.551024	1.190457	-1.024638	1.253739	1.115890	0.853130	-5.255089
7.651296	-4.732183	-1.199666	2.299657	-0.749048	1.304769	1.146679	0.858397	-5.263457
-8.354168	0.632509	-1.516619	2.841718	-0.453682	1.351050	1.171715	0.862845	-5.271774
3.528075	0.931778	-1.515422	2.849708	-0.440116	1.353016	1.172711	0.863028	-5.272151
8.358101	1.221967	-1.512239	2.856107	-0.426552	1.354968	1.173694	0.863208	-5.272527
-8.639659	3.454222	-1.020524	2.704771	-0.170146	1.389546	1.190029	0.866321	-5.279692
-3.792240	0.042067	0.189087	2.172332	0.075233	1.418346	1.201603	0.868789	-5.286817
9.708162	-2.716338	1.115494	1.347593	0.335718	1.443087	1.208784	0.870819	-5.294973
-9.852892	2.102763	0.395079	0.537308	0.564035	1.457376	1.209096	0.871964	-5.303075
-10.004534	2.329660	0.345327	0.502596	0.573355	1.457747	1.208945	0.871995	-5.303436
-0.811083	2.546021	0.295800	0.468015	0.582593	1.458094	1.208779	0.872023	-5.303797
9.508994	-1.483375	-0.951065	-0.886673	0.889003	1.447764	1.188656	0.871605	-5.319131
-8.261018	-2.591826	0.422621	-1.891053	0.978666	1.379977	1.144718	0.868049	-5.334259
7.623651	-1.155558	0.476712	-1.907449	0.977523	1.377502	1.143341	0.867921	-5.334633
8.198491	0.272020	0.530356	-1.923278	0.976201	1.374990	1.141952	0.867792	-5.335006
-8.168700	1.529685	0.581157	-1.938062	0.974748	1.372521	1.140595	0.867665	-5.335368
-4.579094	2.578734	0.630130	-1.952307	0.973124	1.370017	1.139225	0.867536	-5.335730
7.706786	0.344055	1.037322	-2.102865	0.918785	1.322481	1.114307	0.865101	-5.341808
0.192650	-2.330953	0.492390	-2.056573	0.810227	1.265441	1.086069	0.862175	-5.347852
-7.293925	2.089976	-1.149540	-1.659558	0.592992	1.179071	1.045057	0.857693	-5.355587
7.472924	-1.466051	-1.228313	-0.867713	0.316389	1.079595	0.999160	0.852425	-5.363262
5.200774	-1.645639	-1.193597	-0.823319	0.303046	1.074814	0.996976	0.852168	-5.363608
-7.504368	-1.807042	-1.156541	-0.778255	0.289655	1.070010	0.994783	0.851910	-5.363953
4.559129	-1.549028	-0.134481	0.175642	0.027310	0.973212	0.950850	0.846644	-5.370571
8.412139	0.980438	0.954550	1.142295	-0.228527	0.868744	0.903751	0.840807	-5.377143
-8.946432	1.154529	1.363591	1.979223	-0.484913	0.740533	0.846029	0.833409	-5.384636
-2.670005	0.230994	0.429448	2.265021	-0.668780	0.605011	0.784787	0.825286	-5.392067
9.309794	0.176976	0.368474	2.264252	-0.674912	0.598696	0.781923	0.824900	-5.392403
-3.720018	0.121668	0.306909	2.262330	-0.680831	0.592370	0.779052	0.824512	-5.392740
-9.405627	-0.823796	-0.808693	2.017380	-0.754235	0.469683	0.723128	0.816839	-5.399127
9.321486	-0.645020	-1.322435	1.419527	-0.757474	0.343707	0.665074	0.808644	-5.405467
6.072934	0.591115	-0.883178	0.400398	-0.683766	0.196242	0.595866	0.798573	-5.412709
-8.868620	0.676770	0.254190	-0.749258	-0.539509	0.049858	0.524489	0.787838	-5.419886
2.801215	0.613650	0.310073	-0.800519	-0.531416	0.043236	0.521168	0.787330	-5.420213
8.851907	0.544838	0.365453	-0.851381	-0.523208	0.036630	0.517846	0.786821	-5.420541
-8.740008	-0.738976	1.108774	-1.721679	-0.346195	-0.086295	0.453989	0.776883	-5.426739
1.594436	-0.015784	0.824748	-2.336089	-0.135409	-0.202207	0.389008	0.766465	-5.432886
8.577757	1.006835	-0.106074	-2.645847	0.137075	-0.323158	0.313245	0.753913	-5.439887
-1.720833	-0.394215	-0.772794	-2.454505	0.425240	-0.426981	0.236655	0.740755	-5.446820
-8.355572	-0.469835	-0.790936	-2.432238	0.438290	-0.431251	0.233139	0.740139	-5.447135
8.341462	-0.542689	-0.807873	-2.408739	0.451292	-0.435472	0.229624	0.739523	-5.447450
8.019968	-1.516972	-0.859218	-1.739041	0.686306	-0.506609	0.162695	0.727573	-5.453409
-7.637821	-1.563612	-0.348331	-0.725831	0.882088	-0.558604	0.095667	0.715190	-5.459315
-1.510998	-0.053720	0.502801	0.585176	1.027823	-0.591174	0.018662	0.700409	-5.466050
7.224809	1.793730	0.967198	1.697152	1.053728	-0.590881	-0.057820	0.685084	-5.472714
-7.230105	1.853861	0.967716	1.735904	1.051560	-0.590071	-0.061184	0.684394	-5.473007
-6.956077	1.908891	0.966041	1.773486	1.049091	-0.589193	-0.064543	0.683703	-5.473299
7.499587	1.927317	0.519877	2.274965	0.935793	-0.558991	-0.130147	0.669934	-5.479019
-3.796591	0.299813	-0.465505	2.339997	0.690606	-0.507084	-0.194877	0.655778	-5.484683
-8.493879	-1.640833	-1.433568	1.898743	0.256193	-0.426208	-0.267951	0.639032	-5.491129
5.194947	-1.777334	-1.285322	0.932421	-0.273330	-0.329073	-0.339179	0.621805	-5.497501
8.910384	-1.747802	-1.241053	0.878160	-0.298758	-0.324300	-0.342420	0.620997	-5.497794
-8.921615	-1.715521	-1.193257	0.823248	-0.324222	-0.319504	-0.345657	0.620187	-5.498087
9.016607	-0.314391	0.157345	-0.259450	-0.795375	-0.226703	-0.405413	0.604798	-5.503559
7.193167	1.475681	1.672055	-1.216737	-1.216014	-0.131802	-0.462909	0.589067	-5.508974
-8.915161	1.110095	2.485881	-1.739787	-1.566646	-0.026047	-0.525660	0.570587	-5.515124
2.788159	-1.313888	1.953260	-1.378260	-1.711197	0.069635	-0.584297	0.551684	-5.521198
8.996533	-1.279161	1.900231	-1.344020	-1.712618	0.073698	-0.586896	0.550801	-5.521477
-2.531895	-1.219267	1.845033	-1.308575	-1.713579	0.077725	-0.589485	0.549917	-5.521756
-9.293646	1.479527	0.455841	-0.471005	-1.646832	0.146742	-0.636336	0.533087	-5.526978
9.795691	-0.115962	-1.336004	0.487848	-1.423796	0.202419	-0.679191	0.515962	-5.532140
7.009118	-2.547184	-3.161456	1.365450	-0.979834	0.249986	-0.723479	0.495783	-5.538041
-11.598100	0.414180	-3.724626	1.658447	-0.347055	0.279226	-0.761737	0.475237	-5.543862
4.781123	0.736134	-3.700280	1.657704	-0.315251	0.280083	-0.763267	0.474331	-5.544114
11.691705	1.067918	-3.670834	1.655891	-0.283108	0.280905	-0.764784	0.473424	-5.544367
-12.642495	4.755743	-1.842006	1.393949	0.407564	0.289826	-0.792159	0.455410	-5.549311
0.075804	-3.029060	2.094908	0.686294	1.151446	0.284862	-0.814602	0.437148	-5.554194
14.123003	-7.468406	4.032055	-0.681000	1.934178	0.261956	-0.834523	0.415701	-5.559771
-3.700898	7.961221	-0.746146	-2.327299	2.457437	0.221206	-0.848387	0.393949	-5.565265
-13.888267	8.522879	-1.002746	-2.389125	2.472528	0.218868	-0.848897	0.392923	-5.565520
-0.389366	8.965402	-1.251905	-2.448177	2.486627	0.216494	-0.849396	0.391895	-5.565776
13.035811	-1.622192	-4.053679	-2.821376	2.545988	0.166252	-0.856478	0.372881	-5.570440
5.912403	-10.413189	-2.228491	-1.446387	2.184322	0.104880	-0.859844	0.353664	-5.575040
-9.140932	10.395866	4.064828	1.332690	1.345541	0.025497	-0.859557	0.331181	-5.580285
4.347498	3.466936	0.059125	3.829012	0.229900	-0.055698	-0.855299	0.308456	-5.585444
-4.063434	-3.009467	-0.279907	3.918159	0.172989	-0.059481	-0.855006	0.307368	-5.585687
3.776275	-9.577482	-0.617720	4.003559	0.115919	-0.063248	-0.854706	0.306281	-5.585931
6.162024	7.008245	-4.482105	2.841107	-2.053800	-0.193658	-0.837006	0.262300	-5.595511
6.210178	-5.028344	5.152932	-5.092019	-2.933977	-0.248880	-0.810776	0.217634	-5.604770
-7.171393	1.745286	4.617668	-5.136429	-2.926415	-0.248852	-0.810088	0.216577	-5.604984
8.141700	4.991838	4.031908	-5.167469	-2.917258	-0.248755	-0.809397	0.215521	-5.605197
4.841414	2.996909	3.350853	-5.186416	-2.905436	-0.248571	-0.808642	0.214370	-5.605429
-10.154511	-1.885666	2.635289	-5.190177	-2.891662	-0.248306	-0.807883	0.213217	-5.605661
19.443594	-4.901103	-5.582867	-3.429583	-2.437254	-0.233844	-0.795394	0.194830	-5.609328
-3.878564	4.962343	4.257990	0.687950	-1.643095	-0.202351	-0.782202	0.176362	-5.612940
-17.116794	-4.888580	6.326199	5.184372	-0.367070	-0.142268	-0.764404	0.152577	-5.617490
-10.641023	-1.908871	-2.455710	4.710367	0.923049	-0.066420	-0.745794	0.128692	-5.621950
9.868694	-1.193502	-2.915053	4.591209	0.977316	-0.062766	-0.744946	0.127620	-5.622148
-9.604268	-0.470722	-3.364905	4.466207	1.031134	-0.059094	-0.744095	0.126549	-5.622345
-7.458773	1.707082	-6.734186	1.310565	1.969919	0.014897	-0.727334	0.105670	-5.626148
5.455502	3.454834	1.412129	-1.885935	2.634982	0.090618	-0.710246	0.084743	-5.629880
1.253883	-0.432641	6.569866	-4.115309	2.933584	0.174121	-0.690311	0.060578	-5.634094
-9.151552	-2.134974	4.043459	-3.857693	2.644171	0.247835	-0.670309	0.036384	-5.638213
6.376937	-1.899525	3.799567	-3.797319	2.619066	0.250877	-0.669410	0.035295	-5.638397
9.327515	-1.646455	3.547532	-3.733634	2.593044	0.253896	-0.668511	0.034205	-5.638580
-10.567924	1.692850	-1.696604	-2.032177	1.941991	0.306913	-0.651301	0.013240	-5.642063
-1.015534	0.107018	-4.787032	0.011364	1.090479	0.349669	-0.634328	-0.007719	-5.645474
11.164270	-1.423111	-5.042836	1.787211	0.024315	0.384927	-0.615231	-0.031848	-5.649315
-4.336595	1.581979	-2.969353	2.293948	-0.960110	0.403731	-0.596815	-0.055933	-5.653058
-10.969095	1.559847	-2.849307	2.288129	-1.001922	0.404184	-0.595971	-0.057062	-5.653231
6.608649	1.503832	-2.729057	2.279988	-1.043224	0.404596	-0.595129	-0.058189	-5.653404
10.913943	-1.875677	-0.550075	1.772351	-1.717008	0.404831	-0.579878	-0.079032	-5.656565
-11.129086	-0.636303	1.268013	0.806924	-2.206940	0.390150	-0.565135	-0.099814	-5.659651
-5.257792	2.601804	2.579974	-0.396722	-2.520648	0.353007	-0.548554	-0.123710	-5.663119
12.307088	1.703935	2.723057	-1.080804	-2.538510	0.292359	-0.532217	-0.147489	-5.666487
-12.334145	1.481090	2.707561	-1.096787	-2.531944	0.289057	-0.531487	-0.148553	-5.666636
-7.639726	1.243020	2.690660	-1.111580	-2.524721	0.285702	-0.530756	-0.149617	-5.666784
12.798337	-3.247555	2.190231	-1.175120	-2.267134	0.211751	-0.516610	-0.170104	-5.669613
2.975214	-1.016560	1.600096	-0.876499	-1.825618	0.123062	-0.502308	-0.190478	-5.672365
-12.977422	3.522142	0.743977	-0.276910	-1.159908	0.007422	-0.485389	-0.213862	-5.675449
12.507207	1.490564	-0.401890	0.373705	-0.408865	-0.116476	-0.467827	-0.237057	-5.678429
1.529852	1.334740	-0.452851	0.399882	-0.374892	-0.122071	-0.467029	-0.238083	-5.678559
-12.443728	1.183185	-0.503393	0.425664	-0.340903	-0.127674	-0.466228	-0.239108	-5.678689
6.052974	-0.668198	-1.323042	0.819122	0.310485	-0.237021	-0.450219	-0.259042	-5.681181
10.752375	-1.633174	-1.563011	0.915407	0.900653	-0.343574	-0.433384	-0.278807	-5.683594
-8.549410	-2.884491	-0.731459	0.587137	1.441983	-0.457477	-0.412805	-0.301313	-5.686270
-9.157976	-1.412324	1.013160	-0.013794	1.810116	-0.556327	-0.390701	-0.323560	-5.688841
9.143470	-1.215911	1.086500	-0.043477	1.822621	-0.560369	-0.389655	-0.324566	-5.688955
1.944235	-1.007358	1.157546	-0.073155	1.834745	-0.564364	-0.388606	-0.325571	-5.689069
-9.108996	2.074439	1.794231	-0.609524	1.994219	-0.631261	-0.367894	-0.344603	-5.691202
9.401854	-1.671648	0.601047	-0.993311	2.016866	-0.678586	-0.345697	-0.363413	-5.693254
7.165407	-1.347481	-1.490507	-1.129380	1.874330	-0.708495	-0.317994	-0.384862	-5.695524
-10.195997	0.908059	-2.289475	-0.827707	1.558958	-0.713828	-0.287871	-0.405974	-5.697685
1.735942	0.909288	-2.263177	-0.802302	1.541090	-0.713531	-0.286458	-0.406913	-5.697779
10.206002	0.894333	-2.230245	-0.775850	1.522926	-0.713190	-0.285039	-0.407852	-5.697873
-10.119497	-0.798296	-0.727620	-0.109211	1.122695	-0.698136	-0.256614	-0.425838	-5.699649
-8.370794	0.299995	1.086254	0.678941	0.658976	-0.667856	-0.226375	-0.443541	-5.701341
9.278840	1.173059	2.552870	1.382333	0.127894	-0.618363	-0.191191	-0.462697	-5.703108
-8.812486	-1.663023	2.750638	1.586386	-0.371207	-0.553569	-0.154294	-0.481474	-5.704772
8.548845	1.187446	0.780924	1.047139	-0.822406	-0.471350	-0.114201	-0.500663	-5.706401
2.369089	3.019551	-1.734041	0.018791	-1.185800	-0.376152	-0.072812	-0.519397	-5.707916
-8.652036	2.826199	-1.828072	-0.033322	-1.200114	-0.371520	-0.070894	-0.520243	-5.707983
1.661619	2.596979	-1.918685	-0.085538	-1.214208	-0.366868	-0.068974	-0.521087	-5.708049
9.055913	-3.643660	-2.709676	-1.052314	-1.440423	-0.274367	-0.032154	-0.536926	-5.709263
-6.298696	-1.852152	-1.283063	-1.819456	-1.582136	-0.174890	0.005210	-0.552391	-5.710391
-10.129438	4.517333	1.232573	-2.305196	-1.629941	-0.053288	0.048708	-0.569738	-5.711583
10.294192	1.826454	2.337769	-2.229207	-1.547984	0.073322	0.092379	-0.586548	-5.712658
-2.989624	1.420109	2.348560	-2.207845	-1.540810	0.079702	0.094550	-0.587370	-5.712708
-10.277493	1.003314	2.355569	-2.184646	-1.533361	0.086091	0.096722	-0.588191	-5.712759
9.887871	-4.677146	1.974180	-1.513345	-1.363533	0.197885	0.134459	-0.602260	-5.713586
2.591272	-4.804874	1.040259	-0.465221	-1.129309	0.309472	0.171892	-0.615896	-5.714324
-8.618398	-2.988278	-0.058691	0.928549	-0.800708	0.435736	0.214475	-0.631079	-5.715066
4.275948	-2.244450	-0.923136	2.241579	-0.434287	0.556685	0.256104	-0.645644	-5.715689
8.439480	-2.023861	-0.953543	2.293197	-0.417836	0.561800	0.257894	-0.646265	-5.715713
-1.906945	-1.774236	-0.983243	2.344147	-0.401376	0.566895	0.259680	-0.646885	-5.715737
-8.902103	3.992938	-1.426243	3.206573	-0.072339	0.664852	0.294734	-0.658970	-5.716171
9.809542	0.265310	-1.552094	3.714184	0.247290	0.754815	0.328633	-0.670559	-5.716514
2.168337	-3.162169	-1.186583	3.794519	0.581826	0.846224	0.365994	-0.683272	-5.716796
-11.664552	-1.167193	-0.282844	3.341116	0.860267	0.921988	0.401274	-0.695286	-5.716955
11.670589	-0.955183	-0.236572	3.309409	0.871012	0.924884	0.402756	-0.695792	-5.716959
6.401561	-0.740870	-0.190038	3.276702	0.881644	0.927746	0.404233	-0.696297	-5.716963
-11.314689	2.294630	0.735177	2.413821	1.070616	0.977268	0.432763	-0.706091	-5.716991
2.259894	0.366377	1.388937	1.167479	1.215388	1.011012	0.459291	-0.715329	-5.716927
9.023541	-1.668890	1.028307	-0.595008	1.327722	1.027993	0.486966	-0.725206	-5.716737
-7.951429	1.378386	-0.769046	-2.405934	1.383873	1.019290	0.511473	-0.734313	-5.716424
-2.916949	1.417512	-0.850829	-2.491928	1.385230	1.018126	0.512617	-0.734750	-5.716405
7.879868	1.434163	-0.928534	-2.577157	1.386449	1.016889	0.513752	-0.735186	-5.716385
-4.357609	-0.019101	-1.595777	-3.874261	1.384932	0.984418	0.531985	-0.742387	-5.716001
-7.775616	-1.210220	-0.974261	-4.704384	1.338516	0.932292	0.547621	-0.748975	-5.715522
8.380958	1.099778	0.869782	-4.960654	1.224216	0.849882	0.562509	-0.755827	-5.714847
-2.410810	0.820337	1.833167	-4.508487	1.043544	0.746794	0.573939	-0.761816	-5.714044
-9.191293	0.734873	1.856106	-4.472439	1.033862	0.741632	0.574379	-0.762069	-5.714004
0.906421	0.645564	1.878008	-4.435125	1.024068	0.736434	0.574812	-0.762321	-5.713964
9.820681	-0.812353	2.173865	-3.504091	0.819759	0.631636	0.581651	-0.766720	-5.713154
-10.193855	-0.069868	2.408953	-2.190363	0.586118	0.515859	0.585922	-0.770442	-5.712247
-7.390264	0.442752	2.415149	-0.288436	0.293782	0.371446	0.587677	-0.773877	-5.711080
9.706548	-0.153927	1.661599	1.896195	-0.008493	0.218146	0.586075	-0.776398	-5.709782
-8.937661	-0.192985	1.595376	1.996965	-0.022103	0.211075	0.585924	-0.776490	-5.709721
-9.630620	-0.227964	1.525480	2.097590	-0.035692	0.203998	0.585767	-0.776580	-5.709659
8.686399	0.126009	-0.486771	3.910835	-0.293507	0.065506	0.581431	-0.777972	-5.708414
2.114934	0.265860	-2.715345	5.061547	-0.535831	-0.075188	0.574638	-0.778698	-5.707068
-5.724537	0.276513	0.110247	3.569434	-0.991210	-0.403674	0.549156	-0.777857	-5.703509
-2.258162	-0.393098	2.669264	-1.365802	-1.197915	-0.707180	0.510743	-0.773557	-5.699407
7.959505	-1.123687	2.640582	-1.481587	-1.198852	-0.713313	0.509767	-0.773426	-5.699312
-8.076978	-1.443084	2.604061	-1.596954	-1.199620	-0.719421	0.508785	-0.773294	-5.699216
-1.320198	-1.074218	2.552407	-1.721620	-1.200261	-0.726027	0.507711	-0.773148	-5.699112
8.339460	-0.244680	2.487022	-1.845388	-1.200699	-0.732600	0.506631	-0.773001	-5.699008
-0.785504	0.722597	2.403268	-1.973394	-1.200940	-0.739421	0.505498	-0.772845	-5.698899
-8.613716	1.605217	2.302668	-2.100128	-1.200957	-0.746210	0.504357	-0.772687	-5.698790
10.268498	-0.122957	-0.230439	-3.597732	-1.178195	-0.835129	0.488098	-0.770347	-5.697271
5.363164	-2.883575	-2.449249	-4.337364	-1.109618	-0.917197	0.470467	-0.767644	-5.695693
-12.939235	4.526482	2.082331	-1.176132	-0.661468	-1.113273	0.411094	-0.757695	-5.690732
1.719155	-1.358007	-1.615746	3.332878	-0.019416	-1.235094	0.340561	-0.744834	-5.685276
12.021925	-2.224722	-1.658119	3.382395	-0.005209	-1.236824	0.338922	-0.744526	-5.685153
-11.987772	-3.131301	-1.692112	3.428608	0.008976	-1.238516	0.337278	-0.744217	-5.685030
-3.364661	-4.126955	-1.719153	3.475181	0.024429	-1.240317	0.335479	-0.743878	-5.684895
11.912296	-5.081435	-1.735164	3.517601	0.039840	-1.242069	0.333675	-0.743538	-5.684761
-10.515122	4.390825	1.632548	3.066634	0.588682	-1.272409	0.259817	-0.729304	-5.679369
-9.415143	3.646001	-0.112836	1.796306	0.988302	-1.225521	0.177851	-0.712929	-5.673589
9.949663	1.651185	-0.224304	1.762695	0.996153	-1.223189	0.175602	-0.712471	-5.673432
2.694164	-0.290359	-0.336744	1.728933	1.003853	-1.220799	0.173348	-0.712012	-5.673274
-9.958005	-1.761779	-0.432975	1.700102	1.010282	-1.218722	0.171428	-0.711620	-5.673140
6.092403	-2.973424	-0.529596	1.671170	1.016595	-1.216604	0.169507	-0.711227	-5.673006
10.126715	2.452489	-1.864207	1.084290	1.115480	-1.167833	0.132106	-0.703508	-5.670399
-10.222705	1.109791	-0.784912	0.423645	1.169142	-1.103177	0.093704	-0.695427	-5.667722
0.801264	-1.668797	1.822480	-0.441891	1.164990	-0.997798	0.043865	-0.684689	-5.664234
9.741372	0.544561	2.342579	-1.227927	1.072255	-0.865952	-0.007069	-0.673403	-5.660637
-4.327661	1.504602	0.677620	-1.825550	0.887081	-0.711603	-0.058362	-0.661690	-5.656965
-9.228381	-0.362530	-1.793346	-2.016716	0.605345	-0.538211	-0.110174	-0.649471	-5.653188
9.231000	-0.530812	-1.890172	-2.011455	0.589945	-0.529823	-0.112575	-0.648895	-5.653011
4.466364	-0.697212	-1.983427	-2.004757	0.574345	-0.521410	-0.114975	-0.648318	-5.652834
-9.485256	-1.841935	-2.714785	-1.523598	0.219466	-0.344727	-0.163819	-0.636369	-5.649186
-0.205368	1.921960	-0.724768	-0.396309	-0.176682	-0.159949	-0.212624	-0.624006	-5.645449
9.928090	2.007911	-0.587896	-0.327977	-0.197432	-0.150259	-0.215140	-0.623356	-5.645253
-9.949079	2.065265	-0.451127	-0.259227	-0.218165	-0.140558	-0.217655	-0.622705	-5.645057
-4.950752	0.071224	1.755460	0.973020	-0.586164	0.037559	-0.263365	-0.610651	-5.641445
10.417489	-2.352524	2.609529	1.829413	-0.909090	0.215596	-0.308627	-0.598253	-5.637753
-8.267009	0.773025	0.976189	1.895290	-1.186431	0.418558	-0.360565	-0.583385	-5.633352
-9.945351	2.434802	-1.401376	1.170744	-1.341521	0.611689	-0.411332	-0.568086	-5.628847
9.921480	2.301036	-1.469429	1.130039	-1.345213	0.619293	-0.413374	-0.567453	-5.628661
-0.951053	2.146244	-1.533548	1.088664	-1.348701	0.626877	-0.415415	-0.566819	-5.628474
-9.266285	-2.376426	-1.946796	0.114419	-1.374158	0.780818	-0.457886	-0.553272	-5.624500
3.067453	-0.922692	-0.794053	-0.887332	-1.308357	0.921689	-0.499052	-0.539431	-5.620450
7.750202	2.129051	0.809479	-1.798460	-1.120171	1.067701	-0.544963	-0.523003	-5.615653
-7.287563	-1.624417	1.023470	-2.178502	-0.817085	1.193892	-0.588548	-0.506213	-5.610754
-2.334513	-1.791142	1.006848	-2.181323	-0.801125	1.199025	-0.590426	-0.505459	-5.610534
7.269528	-1.941557	0.988955	-2.182944	-0.784965	1.204118	-0.592300	-0.504704	-5.610314
-0.952710	-1.580406	0.481536	-2.013638	-0.438813	1.294287	-0.627419	-0.489989	-5.606022
-7.541034	1.221150	-0.082582	-1.586433	-0.046285	1.368461	-0.660387	-0.475035	-5.601658
7.830141	1.465561	-0.296283	-1.005166	0.433148	1.433819	-0.695783	-0.457348	-5.596490
8.087798	-1.223269	0.130570	-0.455098	0.896748	1.475738	-0.727706	-0.439371	-5.591227
-8.087511	-1.269254	0.144508	-0.425092	0.916699	1.477066	-0.729066	-0.438549	-5.590986
7.794905	-1.298354	0.156519	-0.394224	0.936527	1.478345	-0.730418	-0.437727	-5.590745
7.908457	0.088035	0.083353	0.332795	1.285139	1.493017	-0.754651	-0.421981	-5.586122
-7.514096	1.070943	-0.127373	1.189058	1.560516	1.489026	-0.776036	-0.406045	-5.581430
-5.833206	-0.250727	0.013061	2.079109	1.752073	1.460615	-0.797253	-0.387393	-5.575917
6.428019	-0.837575	0.305667	2.471043	1.766763	1.406749	-0.814755	-0.368524	-5.570314
-6.201753	-0.780486	0.320148	2.470027	1.762515	1.403740	-0.815461	-0.367664	-5.570058
-6.390422	-0.715672	0.334631	2.467053	1.757818	1.400686	-0.816159	-0.366804	-5.569802
6.140004	0.730785	0.439050	2.016965	1.587811	1.333754	-0.828073	-0.350292	-5.564871
2.404820	0.293641	-0.113215	0.887691	1.287880	1.251930	-0.837288	-0.333647	-5.559873
-6.357699	-0.571067	-0.715663	-0.655422	0.825869	1.142236	-0.844591	-0.314382	-5.554052
4.973539	0.487338	-0.232577	-1.756483	0.286185	1.018735	-0.848443	-0.294978	-5.548146
6.990198	0.521679	-0.185198	-1.789734	0.260430	1.012800	-0.848538	-0.294086	-5.547873
-7.026948	0.549719	-0.135989	-1.821314	0.234604	1.006839	-0.848625	-0.293193	-5.547601
-3.380895	-0.027244	0.880212	-2.086380	-0.259270	0.889885	-0.848949	-0.276206	-5.542388
8.712803	-0.672221	1.081752	-1.669104	-0.739612	0.767124	-0.846755	-0.259136	-5.537113
-9.493621	0.672549	-0.401821	-0.415322	-1.245687	0.620914	-0.841148	-0.239347	-5.530948
-9.892068	1.006594	-1.261280	0.915393	-1.659125	0.472864	-0.832309	-0.219473	-5.524701
9.891127	0.937007	-1.254423	0.962455	-1.674943	0.466163	-0.831833	-0.218571	-5.524416
1.319179	0.855960	-1.242907	1.007764	-1.690474	0.459465	-0.831350	-0.217668	-5.524131
-9.573425	-1.189659	-0.357429	1.543368	-1.927228	0.332033	-0.820852	-0.200341	-5.518633
0.591183	-0.078354	0.958230	1.475556	-2.035902	0.207889	-0.808010	-0.182972	-5.513076
8.136685	1.446307	1.384549	0.788160	-2.016081	0.071242	-0.790378	-0.162931	-5.506604
-7.658729	-1.243465	-0.285052	-0.188548	-1.865612	-0.058084	-0.769762	-0.142860	-5.500055
2.513344	-1.365932	-0.365490	-0.230441	-1.856311	-0.063650	-0.768780	-0.141969	-5.499763
7.644347	-1.476877	-0.443521	-0.271850	-1.846796	-0.069206	-0.767792	-0.141079	-5.499470
0.625196	-1.054466	-1.391651	-0.906533	-1.623602	-0.174630	-0.747420	-0.123734	-5.493749
-8.165809	1.203719	-1.280059	-1.055871	-1.341133	-0.275028	-0.724919	-0.106386	-5.487972
8.750316	1.303723	-0.163236	-0.717042	-0.968692	-0.385714	-0.696142	-0.086228	-5.481188
4.426115	-1.276665	1.197763	-0.076640	-0.567189	-0.490265	-0.664612	-0.066094	-5.474332
-9.198214	-1.259022	1.232308	-0.044747	-0.548537	-0.494867	-0.663118	-0.065182	-5.474019
4.204650	-1.217798	1.262974	-0.012826	-0.529870	-0.499453	-0.661619	-0.064271	-5.473706
9.303044	1.318103	1.336220	0.570352	-0.171684	-0.584431	-0.632096	-0.046960	-5.467737
-9.144271	0.619043	1.050545	1.001023	0.186296	-0.665379	-0.600625	-0.029686	-5.461716
5.032486	-1.541832	0.569415	1.176183	0.586887	-0.754147	-0.561912	-0.009795	-5.454698
8.382086	-1.068260	-0.088865	1.006976	0.958110	-0.838194	-0.520724	0.010020	-5.447613
-5.846255	-0.928489	-0.122614	0.991897	0.974216	-0.841973	-0.518760	0.010935	-5.447283
-8.354367	-0.779711	-0.156595	0.976230	0.990221	-0.845745	-0.516790	0.011850	-5.446954
8.180260	1.781502	-0.819598	0.583952	1.268043	-0.914777	-0.478909	0.028963	-5.440747
2.981704	0.846930	-1.426087	0.034669	1.499071	-0.980775	-0.439261	0.045999	-5.434492
-8.081689	-1.852263	-1.572845	-0.738849	1.698994	-1.053663	-0.391229	0.065602	-5.427194
0.770820	-1.848144	-0.651285	-1.546731	1.816505	-1.123198	-0.340910	0.085077	-5.419832
7.961844	-1.776403	-0.584370	-1.579835	1.819738	-1.126307	-0.338552	0.085965	-5.419494
-7.952511	-1.699170	-0.515621	-1.612323	1.822775	-1.129411	-0.336190	0.086853	-5.419155
1.108460	0.414781	0.933718	-2.059937	1.842044	-1.186843	-0.290739	0.103543	-5.412744
7.496249	1.699310	1.999459	-2.018734	1.784382	-1.242196	-0.243612	0.120116	-5.406287
-3.259298	-0.132992	1.783951	-1.159103	1.618351	-1.302713	-0.187169	0.139084	-5.398781
-7.827572	-1.622020	0.161982	0.285560	1.361251	-1.358542	-0.128532	0.157873	-5.391215
7.859513	-1.592046	0.063024	0.357122	1.347745	-1.360948	-0.125817	0.158722	-5.390870
5.223763	-1.548084	-0.037671	0.428853	1.334087	-1.363343	-0.123096	0.159571	-5.390525
-10.083546	1.755036	-2.831021	2.900778	0.654290	-1.451715	-0.004452	0.194960	-5.375868
4.033595	-2.074522	2.164963	2.517527	-0.121831	-1.509886	0.121630	0.229534	-5.361010
12.006071	-1.487175	2.287552	2.467351	-0.140807	-1.510879	0.124867	0.230386	-5.360637
-12.024481	-0.844006	2.405401	2.415324	-0.159719	-1.511848	0.128109	0.231237	-5.360263
-4.669792	-0.221602	2.511832	2.364591	-0.177488	-1.512739	0.131169	0.232039	-5.359911
12.053974	0.372916	2.613358	2.312265	-0.195182	-1.513607	0.134231	0.232840	-5.359559
-7.197854	2.241480	3.289824	1.178042	-0.486853	-1.525018	0.187398	0.246515	-5.353495
-11.707046	-2.216425	1.467336	-0.288884	-0.746171	-1.529372	0.241581	0.260033	-5.347401
10.956479	-2.397607	-2.093305	-2.172951	-1.011770	-1.523478	0.312921	0.277267	-5.339477
3.760098	2.259667	-3.362482	-3.348360	-1.172145	-1.503235	0.385401	0.294215	-5.331504
-10.063613	2.313087	-3.331957	-3.372834	-1.176474	-1.501949	0.388722	0.294980	-5.331140
4.852935	2.336629	-3.292681	-3.394322	-1.180520	-1.500630	0.392043	0.295743	-5.330776
9.357696	-0.434198	-1.263190	-3.299176	-1.206474	-1.469035	0.455736	0.310203	-5.323805
-4.462390	-2.055285	1.428616	-2.466867	-1.146882	-1.425175	0.519785	0.324426	-5.316798
-8.457497	-0.284386	2.967230	-1.020047	-0.994293	-1.360035	0.593724	0.340508	-5.308682
8.367763	1.741124	2.647662	0.518067	-0.776428	-1.280157	0.667493	0.356250	-5.300521
-1.568727	1.713771	2.592838	0.584440	-0.765564	-1.276254	0.670784	0.356947	-5.300155
-8.374591	1.670983	2.534685	0.650445	-0.754624	-1.272323	0.674074	0.357642	-5.299789
8.549279	-0.631241	0.952457	1.823476	-0.531412	-1.191107	0.737379	0.370936	-5.292697
2.623401	-1.649295	-0.803777	2.695563	-0.296969	-1.100255	0.800058	0.383957	-5.285572
-9.245004	-1.767084	-1.928388	3.123606	-0.032710	-0.983527	0.871732	0.398716	-5.277264
5.215145	-1.759337	-1.745947	2.738672	0.201304	-0.855595	0.941914	0.413081	-5.268914
9.557795	-1.691821	-1.710396	2.700608	0.211232	-0.849397	0.945131	0.413738	-5.268526
-9.567123	-1.613597	-1.672852	2.660830	0.221070	-0.843176	0.948345	0.414394	-5.268137
-4.569959	1.088561	-0.726593	1.670876	0.386408	-0.723898	1.007198	0.426412	-5.260907
9.690074	2.408006	0.299811	0.410668	0.515984	-0.597688	1.064439	0.438115	-5.253649
-4.396120	-1.624179	0.928720	-0.988303	0.615225	-0.443861	1.128345	0.451249	-5.245220
-9.914479	-3.041018	0.659075	-1.963872	0.653359	-0.282517	1.189455	0.463939	-5.236754
9.929367	-2.842122	0.624431	-1.997774	0.653529	-0.274680	1.192283	0.464530	-5.236351
7.599858	-2.609391	0.588100	-2.030523	0.653545	-0.266833	1.195102	0.465120	-5.235948
-10.291851	3.327714	-0.169733	-2.428530	0.626247	-0.122022	1.245059	0.475665	-5.228612
3.365071	2.187312	-0.586872	-2.452734	0.545744	0.025409	1.292432	0.485858	-5.221250
10.497968	-3.788480	-0.450714	-2.040126	0.392437	0.196514	1.343941	0.497248	-5.212666
-9.515196	-3.718727	0.261668	-1.277194	0.196510	0.363427	1.391319	0.508138	-5.204050
-3.301653	-3.431427	0.300165	-1.235175	0.186668	0.371108	1.393440	0.508637	-5.203644
9.362804	-3.132705	0.338508	-1.192725	0.176789	0.378769	1.395552	0.509136	-5.203238
-8.818024	4.274561	0.839593	0.699295	-0.221186	0.667562	1.472153	0.528322	-5.186763
-8.828796	-3.597729	-1.190783	2.073059	-0.499030	0.896319	1.530060	0.545547	-5.170186
9.073847	-4.270540	-1.201654	2.084849	-0.502794	0.900854	1.531206	0.545937	-5.169785
7.706949	-4.466132	-1.208172	2.095245	-0.506385	0.905337	1.532338	0.546326	-5.169384
-9.584885	-4.059000	-1.210231	2.104548	-0.509916	0.909922	1.533498	0.546727	-5.168969
9.837345	-3.149782	-1.207601	2.112376	-0.513254	0.914448	1.534643	0.547127	-5.168555
1.798967	4.519674	-0.599483	2.044369	-0.540980	0.980316	1.551499	0.553493	-5.161753
-12.940902	1.197206	0.645370	1.652299	-0.520950	1.030088	1.564638	0.559507	-5.154936
-2.795574	-4.547845	1.748897	0.782314	-0.436257	1.071514	1.575797	0.566707	-5.146159
9.897163	-2.513375	1.012415	-0.337853	-0.300014	1.089672	1.580213	0.573302	-5.137360
-8.550987	-2.148857	0.948110	-0.388731	-0.293071	1.089972	1.580247	0.573579	-5.136972
-9.772733	-1.775791	0.882205	-0.439515	-0.286060	1.090231	1.580267	0.573854	-5.136583
9.004594	3.440510	-0.546434	-1.380620	-0.136212	1.087299	1.577811	0.579033	-5.128927
0.409623	4.255564	-1.684017	-2.069902	0.028990	1.070006	1.569832	0.583744	-5.121256
-9.078736	2.260558	-2.348689	-2.285768	0.224194	1.033918	1.553921	0.588581	-5.112427
5.600927	-0.390354	-2.280690	-1.702094	0.410938	0.982014	1.530998	0.592813	-5.103581
9.286095	-0.558140	-2.254107	-1.660444	0.418913	0.979344	1.529810	0.592988	-5.103184
-9.286341	-0.731615	-2.225093	-1.617733	0.426846	0.976645	1.528609	0.593163	-5.102787
0.032877	-3.383275	-1.103873	-0.621992	0.571566	0.918660	1.502550	0.596320	-5.095058
8.808010	-2.348450	0.955901	0.519998	0.692862	0.851016	1.471493	0.599034	-5.087316
-8.558126	2.548790	2.492584	1.654083	0.790442	0.766802	1.431753	0.601512	-5.078791
8.602656	-2.044877	1.584898	2.398726	0.840890	0.673897	1.386353	0.603470	-5.070253
6.941399	-1.978585	-0.668358	2.692296	0.832748	0.569433	1.333221	0.604967	-5.061343
-9.560449	0.880549	-2.250511	2.476098	0.755570	0.458984	1.274380	0.605921	-5.052421
2.298135	0.929911	-2.274139	2.452791	0.750343	0.453661	1.271468	0.605952	-5.052000
9.620055	0.963419	-2.291601	2.428273	0.744984	0.448329	1.268545	0.605983	-5.051579
-10.153418	-0.137878	-1.674820	1.772322	0.623892	0.348553	1.212435	0.606334	-5.043808
-3.421001	-0.352271	-0.098550	0.810928	0.466460	0.247030	1.152334	0.606290	-5.036030
10.715646	0.222764	1.437832	-0.437989	0.250967	0.129506	1.078338	0.605756	-5.027061
-4.255111	-0.284145	1.860108	-1.590694	0.011232	0.013195	0.999469	0.604716	-5.018085
-10.396309	-0.264130	1.825099	-1.637621	-0.000166	0.007905	0.995728	0.604656	-5.017672
6.078207	-0.235583	1.784102	-1.683861	-0.011587	0.002623	0.991977	0.604596	-5.017259
9.681791	0.502500	0.244716	-2.427217	-0.230312	-0.095799	0.919207	0.603248	-5.009445
-8.732479	-0.796878	-1.432117	-2.913902	-0.448312	-0.190499	0.843084	0.601534	-5.001629
6.584903	0.118392	-1.568926	-3.145383	-0.686929	-0.293101	0.751677	0.599121	-4.992645
6.801614	1.681933	-0.547043	-3.036367	-0.901399	-0.387265	0.656266	0.596243	-4.983659
-6.780554	1.695007	-0.496375	-3.024285	-0.910372	-0.391290	0.651864	0.596103	-4.983253
1.908381	1.696868	-0.446358	-3.011637	-0.919277	-0.395294	0.647454	0.595961	-4.982847
6.661405	0.409769	0.363169	-2.666497	-1.077468	-0.467937	0.561157	0.593056	-4.975037
0.399627	-0.772848	0.877115	-2.156327	-1.211197	-0.531411	0.472168	0.589815	-4.967227
-7.649995	-1.348642	1.151823	-1.418824	-1.335779	-0.591532	0.366553	0.585679	-4.958236
8.409282	-2.236037	1.302789	-0.581810	-1.429876	-0.635954	0.257797	0.581118	-4.949248
8.104652	-2.324140	1.307702	-0.543208	-1.433376	-0.637538	0.252881	0.580905	-4.948848
-8.473237	-2.415011	1.312446	-0.504541	-1.436818	-0.639087	0.247960	0.580692	-4.948448
8.453818	-3.588621	1.368048	0.254140	-1.492360	-0.662024	0.150959	0.576366	-4.940650
9.566434	-1.661730	1.315419	0.995869	-1.526476	-0.670339	0.051926	0.571737	-4.932858
-10.185864	3.941036	0.918632	1.776156	-1.539804	-0.660542	-0.064287	0.566048	-4.923902
-3.887782	2.266015	0.018323	2.431646	-1.524472	-0.630253	-0.182661	0.559977	-4.914956
10.897807	2.104686	-0.029293	2.457612	-1.523059	-0.628432	-0.188057	0.559694	-4.914552
-5.793849	1.946081	-0.077134	2.483228	-1.521581	-0.626573	-0.193458	0.559410	-4.914148
-11.534969	-0.550490	-0.976466	2.902111	-1.480173	-0.583946	-0.297919	0.553803	-4.906381
12.042493	-2.229776	-1.610420	3.161182	-1.412636	-0.529430	-0.403320	0.547925	-4.898622
5.646269	-3.771455	-1.593038	3.235019	-1.300172	-0.454152	-0.525194	0.540840	-4.889715
-11.949426	-3.341099	-0.555749	3.089930	-1.149242	-0.367688	-0.647286	0.533416	-4.880821
2.241321	-3.229620	-0.492329	3.079121	-1.141531	-0.363529	-0.652835	0.533071	-4.880417
11.877895	-3.112318	-0.428051	3.067994	-1.133746	-0.359349	-0.658387	0.532724	-4.880013
-10.880901	-0.661709	0.855444	2.805147	-0.972618	-0.276345	-0.764241	0.525977	-4.872294
-7.931815	1.740763	1.886908	2.480119	-0.790839	-0.188461	-0.869421	0.518989	-4.864588
7.919784	2.981874	2.080946	2.091337	-0.560895	-0.083127	-0.989405	0.510633	-4.855710
-6.668147	0.678583	0.773527	1.744727	-0.315661	0.023894	-1.107162	0.501976	-4.846851
-4.804135	0.456941	0.690583	1.730197	-0.304338	0.028722	-1.112412	0.501579	-4.846452
2.095715	0.226956	0.606463	1.715754	-0.292999	0.033548	-1.117656	0.501181	-4.846052
6.092812	-2.628746	-1.083398	1.453408	-0.072987	0.125382	-1.216975	0.493431	-4.838402
-6.166465	1.949733	-2.351773	1.212576	0.148874	0.214676	-1.313560	0.485473	-4.830768
6.830503	2.444206	-2.051939	0.941828	0.401580	0.312341	-1.420980	0.476040	-4.821982
4.004337	-2.315698	0.591716	0.628750	0.644548	0.401796	-1.523407	0.466349	-4.813219
-7.901580	-2.377120	0.717218	0.612708	0.655162	0.405592	-1.527893	0.465906	-4.812825
-5.113468	-2.409354	0.839999	0.596467	0.665735	0.409364	-1.532365	0.465463	-4.812431
8.906680	0.238531	2.544368	0.235573	0.861905	0.477365	-1.616121	0.456843	-4.804858
-5.884934	2.415640	2.544591	-0.232314	1.041134	0.535635	-1.695301	0.448044	-4.797305
-10.560168	1.775682	0.212087	-0.868631	1.220788	0.588749	-1.780409	0.437714	-4.788644
11.015544	-2.148290	-2.301473	-1.507224	1.365945	0.624906	-1.858826	0.427168	-4.780012
9.213616	-2.283760	-2.373954	-1.535358	1.371822	0.626154	-1.862348	0.426667	-4.779606
-11.038823	-2.405590	-2.439926	-1.563239	1.377610	0.627359	-1.865857	0.426164	-4.779200
8.752121	-2.407251	-2.550544	-2.014011	1.467152	0.641681	-1.927773	0.416810	-4.771721
10.936362	0.029997	-1.134574	-2.300682	1.521061	0.639990	-1.984246	0.407307	-4.764264
-10.561647	2.196685	1.008076	-2.393438	1.533713	0.616400	-2.042461	0.396202	-4.755715
-6.587445	0.032960	2.273003	-2.211548	1.489201	0.568979	-2.093461	0.384921	-4.747199
10.046023	-0.117186	2.297974	-2.195631	1.485662	0.566123	-2.095738	0.384372	-4.746789
1.907904	-0.265599	2.319192	-2.179050	1.482000	0.563218	-2.097999	0.383824	-4.746380
-9.546595	-1.875354	2.004624	-1.777489	1.395755	0.502732	-2.135872	0.373869	-4.739007
9.063262	-0.230577	0.459889	-1.227327	1.273986	0.428213	-2.168307	0.363798	-4.731662
8.777076	1.499879	-1.401289	-0.496872	1.095034	0.327564	-2.198944	0.352058	-4.723233
-8.039011	-0.496216	-1.768397	0.247942	0.880735	0.214001	-2.222381	0.340183	-4.714841
5.070327	-0.599825	-1.745924	0.281793	0.870055	0.208478	-2.223292	0.339630	-4.714453
7.997992	-0.697270	-1.720287	0.315516	0.859320	0.202937	-2.224188	0.339076	-4.714066
-7.660915	-1.174570	-0.801154	0.908185	0.648175	0.095946	-2.238088	0.328691	-4.706839
-7.092909	0.291258	0.411419	1.365029	0.419845	-0.016225	-2.246614	0.318220	-4.699643
7.373772	1.068860	1.269052	1.599667	0.140762	-0.149599	-2.249782	0.306033	-4.691371
-5.702357	-1.030999	0.878611	1.429281	-0.144120	-0.284193	-2.245803	0.293750	-4.683142
-7.595370	-1.090388	0.834233	1.411840	-0.157977	-0.290799	-2.245423	0.293143	-4.682738
7.614044	-1.136170	0.788262	1.393685	-0.171800	-0.297399	-2.245025	0.292535	-4.682334
4.524141	-0.049775	-0.155763	0.975824	-0.407327	-0.412682	-2.235163	0.281786	-4.675222
-8.579559	1.422886	-0.845391	0.442512	-0.617635	-0.524359	-2.219916	0.270976	-4.668143
5.391279	-0.413330	-0.575072	-0.179309	-0.810321	-0.645570	-2.195770	0.258491	-4.660056
9.420707	-1.900519	0.201737	-0.660754	-0.930970	-0.756358	-2.164532	0.245937	-4.652015
-9.424585	-1.853696	0.236334	-0.678709	-0.934723	-0.761547	-2.162792	0.245310	-4.651616
-5.430673	-1.787612	0.269786	-0.695997	-0.938246	-0.766704	-2.161033	0.244683	-4.651217
9.318677	0.939835	0.638507	-0.872978	-0.959581	-0.850933	-2.127492	0.233707	-4.644267
-1.652584	2.330863	0.525051	-0.775207	-0.900681	-0.922849	-2.088595	0.222686	-4.637352
-8.399673	-2.637040	-0.734316	0.102048	-0.522376	-1.035129	-1.975870	0.196581	-4.621220
9.376300	-2.756530	0.094328	0.354639	0.014205	-1.053170	-1.834120	0.170297	-4.605303
6.251425	-2.206691	0.142285	0.351070	0.027256	-1.052281	-1.830370	0.169661	-4.604922
-9.492008	-1.724562	0.191064	0.347164	0.040266	-1.051326	-1.826604	0.169026	-4.604541
9.565209	-1.351161	0.251566	0.341944	0.056114	-1.050067	-1.821979	0.168249	-4.604076
5.742230	-1.195452	0.312749	0.336245	0.071899	-1.048708	-1.817330	0.167472	-4.603611
-9.683895	-1.135018	0.350360	0.332532	0.081516	-1.047826	-1.814475	0.166996	-4.603326
0.239285	-1.052307	0.388023	0.328650	0.091104	-1.046907	-1.811612	0.166521	-4.603042
10.448778	2.692308	1.006454	0.230395	0.261797	-1.022774	-1.756900	0.157671	-4.597767
-10.865873	2.685931	1.154893	0.098525	0.411303	-0.984751	-1.699476	0.148810	-4.592517
-4.073209	-0.618188	0.180638	-0.095180	0.565973	-0.906698	-1.614773	0.136383	-4.585210
10.570171	-2.251774	-1.112791	-0.222554	0.631933	-0.797802	-1.525429	0.123941	-4.577956
2.694292	0.649599	-1.502621	-0.193985	0.581794	-0.650233	-1.427716	0.110953	-4.570447
-9.628731	1.841409	-0.636577	0.029709	0.415366	-0.471852	-1.325824	0.097959	-4.562998
0.104034	1.716140	-0.566130	0.042059	0.405896	-0.463256	-1.321171	0.097377	-4.562666
9.611226	1.574621	-0.493176	0.054448	0.396302	-0.454620	-1.316515	0.096795	-4.562334
-9.626270	-1.685082	1.018396	0.277918	0.191556	-0.278737	-1.224711	0.085511	-4.555919
3.985800	-1.046865	1.686483	0.376325	-0.023420	-0.090651	-1.130414	0.074232	-4.549550
10.387004	1.500831	1.400126	0.221643	-0.245613	0.134704	-1.018996	0.061238	-4.542268
-3.446313	1.197685	0.395824	-0.120366	-0.416834	0.361926	-0.905096	0.048261	-4.535049
-10.887671	1.162642	0.341150	-0.137955	-0.423112	0.372238	-0.899839	0.047668	-4.534721
10.031973	1.130288	0.286103	-0.155610	-0.429245	0.382546	-0.894575	0.047075	-4.534392
11.172647	0.667793	-0.748029	-0.480589	-0.514455	0.574624	-0.794194	0.035862	-4.528202
-11.236289	-0.353249	-1.515769	-0.719836	-0.532228	0.758118	-0.692609	0.024670	-4.522062
6.712554	-1.468007	-1.575294	-0.767550	-0.455890	0.955725	-0.573730	0.011725	-4.515008
10.584338	-1.084317	-0.451818	-0.506099	-0.284159	1.133368	-0.454068	-0.001182	-4.508022
-10.558459	-0.989840	-0.386333	-0.488631	-0.274774	1.140803	-0.448693	-0.001760	-4.507711
-2.868498	-0.886769	-0.320507	-0.470797	-0.265283	1.148184	-0.443322	-0.002337	-4.507400
9.957605	1.500041	0.869560	-0.071841	-0.065143	1.280894	-0.339504	-0.013466	-4.501418
-7.437768	1.501905	1.369720	0.361011	0.147807	1.393168	-0.235759	-0.024559	-4.495489
-8.616477	-0.364289	0.573430	0.771876	0.372436	1.493950	-0.116799	-0.037279	-4.488730
8.068179	-1.472310	-0.691182	0.959120	0.534284	1.560710	0.001227	-0.049942	-4.482044
7.803723	-1.415085	-0.736717	0.960327	0.539376	1.562842	0.006476	-0.050506	-4.481747
-8.030494	-1.346962	-0.780381	0.960835	0.544254	1.564898	0.011723	-0.051071	-4.481450
3.818845	0.827203	-1.184726	0.812503	0.596233	1.589314	0.112846	-0.061994	-4.475717
7.650242	1.432423	-0.554445	0.348990	0.571465	1.583518	0.212614	-0.072865	-4.470042
-7.633330	-1.435903	0.962264	-0.326805	0.464006	1.541661	0.325776	-0.085343	-4.463561
-5.740585	1.208991	1.131821	-0.823116	0.292768	1.466268	0.436527	-0.097740	-4.457158
7.698317	1.348765	1.099371	-0.837585	0.283949	1.462173	0.441432	-0.098294	-4.456873
-1.470129	1.479462	1.063807	-0.851284	0.275046	1.458019	0.446331	-0.098847	-4.456589
-8.020590	-1.644716	-1.181278	-0.792460	-0.157068	1.230948	0.651160	-0.122332	-4.444558
8.690417	-1.257613	0.294900	0.080714	-0.575875	0.926921	0.846862	-0.145460	-4.432825
2.914910	-0.453692	0.350127	0.101830	-0.583769	0.919088	0.851351	-0.145999	-4.432552
-8.733327	0.359601	0.404687	0.122695	-0.591521	0.911233	0.855832	-0.146537	-4.432281
3.927996	1.156740	0.460097	0.143915	-0.599357	0.903119	0.860440	-0.147091	-4.432001
8.778679	1.866877	0.514647	0.164861	-0.607046	0.894973	0.865046	-0.147646	-4.431721
-9.186460	1.171926	1.224644	0.453324	-0.709481	0.755929	0.940870	-0.156831	-4.427095
1.489027	-1.998081	1.382321	0.569075	-0.754447	0.611527	1.015186	-0.165949	-4.422519
10.032765	-1.050085	0.633014	0.394028	-0.720689	0.419261	1.109224	-0.177659	-4.416664
-10.226028	1.949343	-0.636873	0.005125	-0.601267	0.223402	1.200698	-0.189246	-4.410895
-9.997014	2.031761	-0.691270	-0.014541	-0.594064	0.214282	1.204869	-0.189779	-4.410631
10.227451	2.103278	-0.744343	-0.034176	-0.586737	0.205165	1.209031	-0.190312	-4.410366
5.590164	1.643136	-1.470654	-0.373164	-0.427761	0.033128	1.286331	-0.200281	-4.405424
-9.837645	-0.739339	-1.632792	-0.558362	-0.239543	-0.139009	1.361664	-0.210148	-4.400548
9.475757	-2.132244	-0.977443	-0.460200	-0.006367	-0.335302	1.445715	-0.221347	-4.395034
7.594843	1.648355	0.616863	-0.123040	0.229240	-0.528519	1.527139	-0.232401	-4.389610
-9.173952	1.805165	0.690551	-0.105161	0.239353	-0.536865	1.530636	-0.232880	-4.389375
-6.184270	1.950887	0.763399	-0.087134	0.249433	-0.545196	1.534126	-0.233359	-4.389141
9.024986	2.065057	1.845655	0.288018	0.443571	-0.709597	1.602846	-0.242876	-4.384488
-8.966389	-1.994556	1.703111	0.624894	0.616678	-0.869103	1.669540	-0.252273	-4.379905
-5.553261	-1.844921	0.248161	0.857985	0.776481	-1.044957	1.743696	-0.262927	-4.374724
8.762931	1.008357	-1.489386	0.859030	0.881927	-1.211109	1.815140	-0.273413	-4.369639
-1.188035	1.097417	-1.553171	0.852476	0.885359	-1.218411	1.818327	-0.273886	-4.369410
-8.739517	1.178827	-1.614532	0.845299	0.888668	-1.225685	1.821505	-0.274359	-4.369181
1.098237	1.503419	-2.259352	0.580334	0.929925	-1.359048	1.880759	-0.283257	-4.364877
8.114535	0.256399	-1.828334	0.072311	0.933787	-1.483047	1.937968	-0.292022	-4.360646
-7.858980	-1.036936	-0.251311	-0.645183	0.899008	-1.614952	2.001755	-0.302019	-4.355830
-4.490410	0.219824	1.836167	-1.242841	0.831274	-1.734436	2.062755	-0.311827	-4.351114
7.951034	0.287688	1.918525	-1.262241	0.827670	-1.739444	2.065389	-0.312257	-4.350908
-7.966249	0.352195	1.998786	-1.280840	0.824023	-1.744425	2.068016	-0.312686	-4.350702
-5.670843	0.635579	2.948337	-1.452329	0.745202	-1.837015	2.118158	-0.320973	-4.346724
9.077517	0.003938	2.229203	-1.196271	0.655352	-1.921138	2.166201	-0.329111	-4.342822
7.130326	-0.651081	-0.374864	-0.504096	0.541180	-2.008485	2.219241	-0.338351	-4.338396
-10.071127	0.432598	-3.295815	0.377234	0.419506	-2.085448	2.269432	-0.347381	-4.334075
7.242016	0.526231	-3.380949	0.415197	0.414216	-2.088500	2.271504	-0.347760	-4.333893
10.070105	0.618530	-3.460472	0.453037	0.408918	-2.091534	2.273570	-0.348139	-4.333712
-9.851538	1.311382	-3.845916	1.168303	0.300235	-2.149361	2.314410	-0.355749	-4.330071
-0.462963	0.544847	-2.227941	1.704840	0.190960	-2.200206	2.353097	-0.363194	-4.326511
9.611312	-1.321556	0.872193	2.022914	0.066737	-2.250757	2.395145	-0.371594	-4.322493
-10.716147	-3.225342	3.677788	1.948042	-0.052418	-2.292954	2.434282	-0.379762	-4.318583
-8.584287	-3.277894	3.772318	1.933957	-0.057776	-2.294708	2.436017	-0.380134	-4.318406
10.889241	-3.313680	3.862531	1.918871	-0.063125	-2.296446	2.437747	-0.380504	-4.318228
3.541279	-0.118417	4.639504	1.444912	-0.160897	-2.325972	2.468961	-0.387350	-4.314948
-15.564684	4.603856	3.304096	0.620718	-0.254167	-2.350039	2.497983	-0.394014	-4.311751
19.195715	-5.737647	-4.916587	-1.627348	-0.456411	-2.387467	2.558147	-0.409063	-4.304510
17.250581	0.105605	-1.996329	-2.554177	-0.630702	-2.401549	2.606659	-0.423026	-4.297747
-12.761781	1.504034	-1.859088	-2.558236	-0.633612	-2.401622	2.607440	-0.423270	-4.297628
-0.577030	2.949702	-1.720666	-2.561930	-0.636511	-2.401689	2.608217	-0.423514	-4.297509
12.142380	4.756854	-1.518963	-2.566631	-0.640679	-2.401775	2.609332	-0.423866	-4.297338
-3.928719	5.791732	-1.315406	-2.570597	-0.644824	-2.401849	2.610439	-0.424217	-4.297167
-11.440026	6.072621	-1.140313	-2.573415	-0.648346	-2.401902	2.611378	-0.424515	-4.297022
11.115913	5.964537	-0.964176	-2.575720	-0.651852	-2.401946	2.612312	-0.424814	-4.296877
-6.904036	3.804087	1.642932	-2.556036	-0.702064	-2.401594	2.625519	-0.429170	-4.294751
-6.566974	-5.733435	3.718061	-2.456987	-0.748728	-2.399444	2.637540	-0.433398	-4.292680
2.084928	-0.521227	4.523965	-2.245620	-0.807837	-2.393732	2.652357	-0.439067	-4.289888
3.312845	4.798624	3.520198	-2.011112	-0.860310	-2.385198	2.665000	-0.444478	-4.287205
-4.748627	-4.211026	1.574908	-1.755612	-0.908627	-2.373556	2.676035	-0.449890	-4.284498
-1.361101	0.186805	-0.587849	-1.492772	-0.950202	-2.359514	2.684824	-0.455006	-4.281914
6.554889	0.489353	-0.679298	-1.481056	-0.951884	-2.358846	2.685161	-0.455224	-4.281803
-2.388770	0.776348	-0.769989	-1.469336	-0.953552	-2.358174	2.685494	-0.455442	-4.281692
-8.108424	3.063640	-2.344469	-1.236873	-0.983933	-2.344186	2.691225	-0.459599	-4.279565
8.684343	-0.039122	-3.217108	-1.001191	-1.009989	-2.328758	2.695468	-0.463527	-4.277531
10.479174	-2.040951	-2.452866	-0.716112	-1.035323	-2.309165	2.698645	-0.467791	-4.275288
-11.026660	1.450449	0.381462	-0.376157	-1.055939	-2.287924	2.700077	-0.471734	-4.273173
5.446894	1.488288	0.490267	-0.361376	-1.056640	-2.287084	2.700099	-0.471879	-4.273095
11.050646	1.507517	0.596744	-0.346449	-1.057333	-2.286243	2.700119	-0.472022	-4.273017
-11.210527	-0.714051	2.190099	0.039835	-1.071385	-2.266760	2.699963	-0.475150	-4.271303
-4.779952	-0.846881	1.862030	0.526133	-1.082481	-2.246570	2.698718	-0.478041	-4.269685
11.236710	0.658449	0.098338	1.153080	-1.091948	-2.222653	2.696043	-0.481091	-4.267936
-11.285487	-0.559889	-0.723786	1.767402	-1.098192	-2.198454	2.692183	-0.483827	-4.266318
-8.484885	-0.619669	-0.742245	1.796888	-1.098431	-2.197217	2.691957	-0.483959	-4.266239
11.298271	-0.668625	-0.759740	1.826130	-1.098664	-2.195980	2.691728	-0.484089	-4.266160
2.363399	0.082479	-0.932515	2.271164	-1.101549	-2.175208	2.687486	-0.486167	-4.264887
-11.630580	1.102862	-0.876225	2.608593	-1.102679	-2.154685	2.682580	-0.488016	-4.263713
2.591473	-0.644616	-0.590929	2.876973	-1.102199	-2.131712	2.676264	-0.489854	-4.262490
11.470372	-1.965877	-0.199645	3.049361	-1.100256	-2.109564	2.669338	-0.491396	-4.261400
-11.449891	-1.929013	-0.181441	3.055520	-1.100138	-2.108566	2.669005	-0.491460	-4.261353
-3.746915	-1.877795	-0.163430	3.061540	-1.100018	-2.107571	2.668672	-0.491524	-4.261306
10.857026	0.703070	0.017308	3.154511	-1.097402	-2.089144	2.662178	-0.492610	-4.260471
-8.689067	2.791413	-0.553634	3.218113	-1.094341	-2.071753	2.655426	-0.493471	-4.259739
-9.041735	1.582198	-2.518125	3.260236	-1.090824	-2.054032	2.647816	-0.494160	-4.259054
8.031839	-3.455684	-5.246333	3.275788	-1.087538	-2.038019	2.640134	-0.494581	-4.258496
-7.109696	-2.805133	-7.989264	3.266494	-1.084775	-2.023340	2.632150	-0.494738	-4.258047
6.422893	4.039169	-10.029716	3.233855	-1.082961	-2.011066	2.624370	-0.494607	-4.257736
3.790804	4.353801	-10.104021	3.231843	-1.082896	-2.010566	2.624021	-0.494594	-4.257725
-6.374257	4.660229	-10.176740	3.229786	-1.082833	-2.010073	2.623673	-0.494581	-4.257715
-2.810001	8.794899	-11.249768	3.182753	-1.081823	-2.001796	2.617234	-0.494216	-4.257567
10.013467	10.061162	-11.756167	3.121408	-1.081032	-1.995618	2.611136	-0.493641	-4.257522
