8.401791	2.655563	-0.132134	-3.943878	2.743888	0.356981	2.426134	-18.013477
-14.048437	2.940571	-0.255948	-3.809084	2.750097	0.370219	2.420949	-18.013706
0.756042	2.968635	-0.260720	-3.797132	2.749847	0.370944	2.420684	-18.013719
14.002889	2.997951	-0.265385	-3.784664	2.749550	0.371680	2.420418	-18.013731
-5.767470	3.479982	-0.321655	-3.464229	2.735265	0.387105	2.415087	-18.013988
-12.812599	2.864958	-0.290546	-2.996984	2.704146	0.405804	2.409003	-18.014295
12.335971	-0.091866	-0.141269	-2.319255	2.646117	0.431519	2.400936	-18.014719
4.416608	-2.577847	0.115463	-1.563271	2.564303	0.461100	2.391823	-18.015213
-11.987794	-2.614326	0.129249	-1.528622	2.560072	0.462512	2.391390	-18.015236
6.543979	-2.641509	0.143219	-1.493956	2.555791	0.463930	2.390954	-18.015260
11.698221	-1.715213	0.418146	-0.836114	2.464504	0.492384	2.382220	-18.015744
-11.637216	0.445573	0.597505	-0.216932	2.355103	0.523217	2.372701	-18.016280
1.492971	1.431348	0.471668	0.398345	2.204776	0.561783	2.360642	-18.016968
11.885709	0.675821	-0.126781	0.842703	2.029157	0.602967	2.347504	-18.017726
-6.568640	0.605109	-0.159643	0.858004	2.020611	0.604886	2.346885	-18.017762
-11.855589	0.532054	-0.192617	0.872860	2.012013	0.606810	2.346263	-18.017798
11.429698	-0.665495	-0.780243	1.065330	1.836532	0.644634	2.333881	-18.018519
2.609361	-0.258734	-1.045998	1.058052	1.641717	0.683961	2.320670	-18.019294
-11.978313	0.365334	-0.596851	0.786035	1.396429	0.730690	2.304474	-18.020249
12.917214	-0.452888	0.560780	0.320534	1.130959	0.778802	2.287167	-18.021274
6.329313	-0.464902	0.612341	0.297465	1.118846	0.780948	2.286379	-18.021321
-12.949422	-0.470818	0.663060	0.274266	1.106700	0.783097	2.285588	-18.021368
2.813799	0.310737	1.440024	-0.192895	0.861504	0.825729	2.269600	-18.022319
11.038870	1.059128	1.633797	-0.632555	0.605620	0.868933	2.252764	-18.023323
-5.353541	-0.358784	0.989828	-1.048666	0.299106	0.919316	2.232235	-18.024551
-8.487633	-2.534922	-0.191092	-1.330929	-0.015984	0.969869	2.210554	-18.025850
8.538797	-2.607385	-0.248427	-1.339986	-0.030342	0.972147	2.209549	-18.025910
4.018194	-2.675006	-0.305722	-1.348704	-0.044711	0.974425	2.208542	-18.025970
-10.828162	-2.963915	-1.332906	-1.446180	-0.322865	1.018132	2.188706	-18.027161
13.749014	-1.607412	-2.045751	-1.396025	-0.602805	1.061497	2.167987	-18.028405
11.401572	0.345351	-2.457341	-1.129931	-0.923122	1.110678	2.143058	-18.029904
-15.847456	3.239498	-2.480017	-0.634466	-1.236191	1.158812	2.116942	-18.031475
1.179211	3.422592	-2.470889	-0.606075	-1.250930	1.161094	2.115657	-18.031552
15.687531	3.609473	-2.460777	-0.577349	-1.265635	1.163372	2.114370	-18.031630
-8.404640	6.797546	-2.101445	-0.014875	-1.524102	1.203895	2.090653	-18.033056
-11.724475	6.991473	-1.380337	0.584201	-1.766048	1.243164	2.066029	-18.034537
12.676288	1.638624	-0.130216	1.229398	-2.017313	1.286496	2.036585	-18.036308
-1.890605	-2.459670	1.248548	1.728282	-2.232457	1.327579	2.005924	-18.038151
-15.222720	-2.601127	1.309104	1.746184	-2.241452	1.329428	2.004469	-18.038239
12.852284	-2.740392	1.368993	1.763523	-2.250345	1.331271	2.003012	-18.038326
14.354336	-5.623734	2.325717	1.973476	-2.398776	1.364820	1.975150	-18.040000
-9.056224	-9.308845	2.779855	1.916964	-2.509165	1.396186	1.946344	-18.041730
6.693070	-4.852430	1.375007	0.708347	-2.616787	1.460088	1.874917	-18.046013
9.156928	7.788775	-1.568154	-1.110934	-2.514600	1.508392	1.798278	-18.050605
-9.005448	7.976504	-1.630296	-1.148978	-2.509986	1.509281	1.796516	-18.050711
-11.344099	7.897386	-1.691759	-1.186682	-2.505274	1.510163	1.794753	-18.050817
12.500301	7.250325	-1.755947	-1.226252	-2.500175	1.511087	1.792883	-18.050929
-0.297557	5.904711	-1.818968	-1.265440	-2.494964	1.512002	1.791011	-18.051041
-14.611868	4.157722	-1.879879	-1.303791	-2.489700	1.512899	1.789157	-18.051152
12.192337	2.339171	-1.939128	-1.341712	-2.484331	1.513785	1.787301	-18.051263
19.925047	-6.840276	-2.466372	-1.833922	-2.394817	1.525581	1.760268	-18.052885
-16.440954	0.920882	-2.072786	-2.198542	-2.282728	1.535535	1.732680	-18.054541
-5.100367	4.301970	-0.421963	-2.457915	-2.088786	1.546330	1.693236	-18.056914
9.791173	0.186883	1.457553	-2.388772	-1.853028	1.553460	1.652771	-18.059355
-12.344927	-1.756980	2.084344	-1.915888	-1.568842	1.556939	1.609427	-18.061981
-9.118919	1.001603	0.454341	-1.031890	-1.254591	1.556291	1.565072	-18.064681
15.122483	1.089846	0.359082	-0.984529	-1.239642	1.556162	1.563020	-18.064807
-0.236957	1.164815	0.264433	-0.936722	-1.224639	1.556024	1.560965	-18.064932
-14.700551	0.508788	-1.251916	0.015475	-0.933175	1.551733	1.521666	-18.067341
7.388862	-2.040571	-1.868936	0.946739	-0.631844	1.544239	1.481697	-18.069806
11.314117	-2.308632	-1.080361	1.834882	-0.278263	1.531510	1.434667	-18.072730
-12.413373	3.120429	0.516141	2.456919	0.072248	1.514361	1.386858	-18.075731
-6.023302	3.322684	0.590964	2.478814	0.088411	1.513450	1.384605	-18.075873
12.593414	3.506905	0.664899	2.500049	0.104558	1.512529	1.382350	-18.076015
-10.319896	4.057950	1.709563	2.765596	0.396042	1.493798	1.340539	-18.078667
-14.704209	1.641674	1.824748	2.779019	0.672593	1.471687	1.298241	-18.081376
13.311632	-1.966108	1.071674	2.487402	0.968199	1.441797	1.248696	-18.084585
0.728764	-5.663556	-0.121129	1.949305	1.235497	1.407243	1.198610	-18.087871
-11.286868	-5.777385	-0.177384	1.920645	1.246963	1.405560	1.196321	-18.088022
9.600499	-5.882896	-0.233463	1.891678	1.258376	1.403867	1.194030	-18.088174
12.000370	-5.736181	-1.232194	1.295649	1.464805	1.369603	1.150056	-18.091100
-16.100569	-1.227651	-2.000662	0.665097	1.648632	1.331709	1.105763	-18.094084
-3.471002	5.495845	-2.042865	-0.698515	1.988312	1.228221	1.000756	-18.101322
15.087648	-3.462997	0.855274	-1.794428	2.193386	1.103979	0.894748	-18.108884
-5.980117	-3.861499	0.923245	-1.815639	2.196447	1.100890	0.892313	-18.109061
-13.260285	-4.164112	0.990134	-1.836660	2.199434	1.097790	0.889878	-18.109238
12.297003	-4.275682	1.061115	-1.859159	2.202577	1.094428	0.887247	-18.109430
3.968759	-4.129574	1.130645	-1.881432	2.205634	1.091052	0.884615	-18.109622
-10.714140	-3.846015	1.191323	-1.901098	2.208285	1.088032	0.882268	-18.109793
8.514905	-3.484937	1.250631	-1.920570	2.210865	1.085004	0.879922	-18.109964
9.870558	3.784022	1.930197	-2.193890	2.241523	1.037624	0.844175	-18.112592
-15.326608	1.154575	2.056486	-2.424004	2.255755	0.987896	0.808401	-18.115257
2.734176	-2.952578	1.419577	-2.680387	2.247449	0.914698	0.758445	-18.119041
18.552372	-2.457756	0.146046	-2.826424	2.205218	0.837496	0.708532	-18.122896
-7.292858	0.911623	-1.228203	-2.809598	2.123780	0.753212	0.656586	-18.126994
-11.401703	2.096173	-1.872574	-2.567355	2.003485	0.665581	0.604808	-18.131171
11.320500	1.986423	-1.871098	-2.547228	1.996037	0.660852	0.602069	-18.131395
5.096305	1.856435	-1.865439	-2.526313	1.988480	0.656112	0.599329	-18.131619
-11.336535	-1.258298	-1.284964	-2.084954	1.851342	0.577910	0.554827	-18.135296
10.396079	-1.833678	-0.135309	-1.483879	1.690264	0.497963	0.510540	-18.139033
12.580159	0.151600	1.199861	-0.641331	1.477604	0.403079	0.459276	-18.143460
-12.359605	1.587820	1.660519	0.287745	1.243825	0.306795	0.408419	-18.147968
-5.176616	1.573978	1.643751	0.336062	1.231474	0.301866	0.405842	-18.148200
12.314711	1.548507	1.622498	0.384398	1.219084	0.296936	0.403267	-18.148432
-6.401872	-0.022280	0.752356	1.181169	1.005901	0.213795	0.360173	-18.152360
-11.148203	-1.400738	-0.538348	1.885727	0.786020	0.130377	0.317466	-18.156347
10.046648	0.090817	-1.616244	2.468618	0.526711	0.033354	0.268289	-18.161064
-3.052728	1.499814	-1.582598	2.684510	0.269328	-0.063089	0.219751	-18.165861
-9.862071	1.468665	-1.545564	2.685138	0.257502	-0.067547	0.217513	-18.166086
9.907146	1.424690	-1.505227	2.684946	0.245699	-0.071999	0.215278	-18.166311
6.624218	-0.770936	-0.323395	2.541040	0.027870	-0.154822	0.173727	-18.170552
-13.477306	-2.117377	1.010278	2.169301	-0.182963	-0.236442	0.132751	-18.174855
-0.204019	1.177447	1.735589	1.528456	-0.415590	-0.328755	0.086202	-18.179899
13.889991	3.263581	1.426501	0.736837	-0.634236	-0.418501	0.040531	-18.185027
-11.206796	3.191664	1.392245	0.702334	-0.642883	-0.422126	0.038674	-18.185239
-13.785623	3.102716	1.356366	0.667728	-0.651503	-0.425746	0.036819	-18.185451
12.413051	-1.050541	0.332660	-0.074747	-0.826426	-0.500781	-0.001919	-18.189966
7.061868	-4.327848	-0.806626	-0.802217	-0.987184	-0.573127	-0.039905	-18.194542
-9.714638	-3.377222	-1.658521	-1.544329	-1.152190	-0.652436	-0.082538	-18.199873
8.839359	2.644469	-1.955009	-2.103380	-1.293930	-0.727248	-0.124068	-18.205286
7.061310	2.902504	-1.958225	-2.124090	-1.300100	-0.730713	-0.126031	-18.205548
-8.826482	3.146895	-1.960621	-2.144168	-1.306210	-0.734167	-0.127990	-18.205810
6.476254	5.450762	-1.880128	-2.397503	-1.406250	-0.794638	-0.163006	-18.210584
11.233285	5.563819	-1.617422	-2.449456	-1.485098	-0.850958	-0.197097	-18.215420
-3.977438	5.613901	-1.163740	-2.296463	-1.548059	-0.910425	-0.235283	-18.221085
-15.605989	5.226081	-0.602521	-1.962612	-1.580828	-0.963388	-0.272120	-18.226834
15.635013	5.176755	-0.572821	-1.943197	-1.581669	-0.965717	-0.273824	-18.227107
1.043852	5.122705	-0.542812	-1.923502	-1.582447	-0.968028	-0.275522	-18.227380
-15.482213	2.894564	0.050259	-1.514898	-1.586344	-1.007698	-0.306209	-18.232439
10.163043	-1.761091	0.659826	-1.039245	-1.571862	-1.041766	-0.335791	-18.237562
16.031684	-4.851713	1.269406	-0.443562	-1.534515	-1.074167	-0.368664	-18.243582
-17.242397	-0.931926	1.667786	0.154346	-1.477692	-1.099010	-0.399933	-18.249688
-0.753096	-0.703615	1.679770	0.179139	-1.474881	-1.099901	-0.401228	-18.249950
17.294907	-0.477801	1.691369	0.203864	-1.472038	-1.100780	-0.402521	-18.250212
-11.425152	3.057901	1.844388	0.683292	-1.407796	-1.115796	-0.428203	-18.255590
-16.075389	3.787455	1.846840	1.095236	-1.332647	-1.125462	-0.452583	-18.261033
15.063549	1.115403	1.682934	1.455096	-1.235860	-1.130270	-0.478698	-18.267307
8.474441	-1.286971	1.370277	1.706191	-1.129341	-1.128832	-0.503013	-18.273665
-14.155605	-1.389457	1.346085	1.718865	-1.122282	-1.128537	-0.504499	-18.274073
14.071471	-1.485653	1.321441	1.731160	-1.115199	-1.128219	-0.505977	-18.274481
11.148901	-2.350882	0.949191	1.862093	-1.017289	-1.121667	-0.525132	-18.280004
-10.650843	-2.659452	0.516588	1.934530	-0.915644	-1.111041	-0.542900	-18.285590
5.368978	-2.475491	-0.025119	1.956387	-0.793946	-1.093707	-0.561910	-18.292206
9.675230	-0.754488	-0.515477	1.923235	-0.671417	-1.071382	-0.578999	-18.298906
-4.686514	-0.617604	-0.535249	1.920594	-0.665775	-1.070237	-0.579741	-18.299218
-9.838186	-0.475937	-0.554682	1.917867	-0.660140	-1.069082	-0.580479	-18.299529
12.086471	2.144902	-0.850014	1.850816	-0.553473	-1.045258	-0.593741	-18.305483
1.813301	2.450872	-0.960000	1.760437	-0.448154	-1.018029	-0.605553	-18.311504
-15.087620	1.122675	-0.814235	1.638456	-0.330308	-0.983065	-0.617278	-18.318450
13.838559	-0.144098	-0.472005	1.504464	-0.215524	-0.944197	-0.627171	-18.325483
13.545646	-0.227700	-0.454548	1.498463	-0.210580	-0.942411	-0.627563	-18.325793
-13.670271	-0.315706	-0.436961	1.492453	-0.205640	-0.940616	-0.627951	-18.326103
1.567307	-2.387436	-0.080537	1.373550	-0.109321	-0.903654	-0.634940	-18.332286
11.096087	-2.901054	0.232824	1.259236	-0.016339	-0.864159	-0.640590	-18.338533
-10.100031	0.590747	0.443578	1.140911	0.086365	-0.815599	-0.645475	-18.345835
-13.495043	3.114629	0.433849	1.046217	0.183300	-0.764179	-0.648625	-18.353225
13.578887	3.091136	0.427998	1.042938	0.187168	-0.761999	-0.648718	-18.353532
1.891817	3.053758	0.421703	1.039711	0.191025	-0.759814	-0.648809	-18.353839
-15.223464	0.337192	0.211421	0.977904	0.269645	-0.712785	-0.650038	-18.360348
11.273952	-2.362384	-0.055129	0.907490	0.342854	-0.664008	-0.649996	-18.366923
15.419021	-3.193375	-0.256107	0.777627	0.419449	-0.606215	-0.648409	-18.374537
-14.313440	-1.064323	-0.207728	0.564250	0.487445	-0.546646	-0.645207	-18.382239
1.083040	-0.904161	-0.199686	0.551552	0.490606	-0.543624	-0.645005	-18.382627
14.202450	-0.741019	-0.191227	0.538680	0.493745	-0.540596	-0.644798	-18.383015
-11.161412	2.073487	0.003874	0.292257	0.544459	-0.487300	-0.640574	-18.389808
-13.140906	3.171113	0.225291	0.019347	0.587302	-0.433070	-0.635167	-18.396666
13.353654	0.530493	0.403136	-0.297736	0.625814	-0.370288	-0.627578	-18.404566
-0.239665	-3.044557	0.427274	-0.597831	0.652428	-0.306805	-0.618508	-18.412544
-13.293834	-3.142571	0.423596	-0.610204	0.653316	-0.303988	-0.618073	-18.412898
13.256479	-3.231676	0.419464	-0.622468	0.654178	-0.301171	-0.617636	-18.413253
12.917153	-3.396274	0.234683	-0.841356	0.665988	-0.245313	-0.608409	-18.420292
-10.057087	-1.369750	-0.138434	-1.003277	0.667395	-0.189331	-0.598098	-18.427385
9.611038	1.838675	-0.598986	-1.096746	0.655477	-0.125308	-0.584985	-18.435572
10.124104	3.867516	-0.819309	-1.067829	0.628617	-0.061636	-0.570510	-18.443823
-10.255799	3.895661	-0.818938	-1.063151	0.627030	-0.058715	-0.569811	-18.444204
-6.214618	3.915361	-0.817411	-1.058171	0.625415	-0.055796	-0.569109	-18.444586
13.563140	2.405265	-0.588166	-0.911190	0.589436	-0.000707	-0.555260	-18.451852
2.934259	-2.197946	-0.080925	-0.684142	0.544419	0.053690	-0.540419	-18.459162
-14.390664	-4.139609	0.658169	-0.357918	0.482875	0.115716	-0.521966	-18.467703
2.827507	2.185375	1.295629	-0.007263	0.413715	0.176212	-0.502237	-18.476296
9.973893	2.424936	1.314638	0.007783	0.410586	0.178792	-0.501354	-18.476669
-9.788009	2.646565	1.332629	0.022798	0.407445	0.181371	-0.500469	-18.477043
-2.046550	3.752726	1.418930	0.306961	0.343379	0.231828	-0.482388	-18.484485
6.230844	1.752755	0.890423	0.547688	0.277321	0.280578	-0.463409	-18.491962
-6.902275	-0.041035	-0.179439	0.755587	0.200782	0.334324	-0.440412	-18.500629
-10.464249	-1.141467	-1.253033	0.875156	0.126381	0.384918	-0.416278	-18.509335
10.557390	-1.185064	-1.290169	0.878006	0.123375	0.386944	-0.415252	-18.509697
1.779219	-1.229089	-1.326417	0.880680	0.120375	0.388965	-0.414223	-18.510060
-11.941330	-1.872793	-1.810220	0.894302	0.059897	0.429635	-0.392328	-18.517637
10.231926	-1.171822	-1.634940	0.825945	0.003980	0.467246	-0.369627	-18.525236
12.123697	0.409219	-0.753223	0.660731	-0.054536	0.506655	-0.342301	-18.534081
-12.813660	0.800854	0.565526	0.428227	-0.105624	0.541087	-0.313952	-18.542950
-3.595503	0.747816	0.626229	0.417321	-0.107611	0.542426	-0.312733	-18.543325
12.929555	0.688069	0.687096	0.406337	-0.109584	0.543757	-0.311512	-18.543700
-14.324721	-0.789125	1.762480	0.172224	-0.146372	0.568583	-0.286454	-18.551289
-11.655753	-0.188928	2.082241	-0.073967	-0.177089	0.589358	-0.260696	-18.558890
15.493663	1.317366	1.459127	-0.354660	-0.204873	0.608233	-0.229793	-18.567770
2.895069	0.462642	0.065085	-0.603624	-0.223566	0.621069	-0.197998	-18.576660
-14.884574	0.367721	-0.003025	-0.613302	-0.224164	0.621485	-0.196600	-18.577046
14.851479	0.268789	-0.071247	-0.622869	-0.224744	0.621889	-0.195200	-18.577432
14.542839	-1.940256	-1.357023	-0.787026	-0.232498	0.627412	-0.167009	-18.585109
-13.156178	-2.669378	-2.168309	-0.889821	-0.232835	0.628028	-0.138202	-18.592788
1.563891	0.350561	-2.077613	-0.917397	-0.223750	0.622437	-0.104086	-18.601685
10.592233	3.275394	-1.198217	-0.857272	-0.205121	0.610231	-0.069217	-18.610578
-10.572341	3.313956	-1.142105	-0.852207	-0.203952	0.609447	-0.067435	-18.611027
-9.103095	3.336748	-1.085316	-0.846958	-0.202762	0.608646	-0.065651	-18.611477
10.828674	1.858758	-0.057624	-0.731713	-0.179552	0.592657	-0.034920	-18.619150
6.199409	-1.172199	0.952321	-0.575313	-0.151628	0.572536	-0.003727	-18.626815
-12.462216	-3.371599	1.823917	-0.367450	-0.116644	0.545971	0.031202	-18.635270
12.219409	-2.536926	2.251864	-0.136634	-0.078783	0.515380	0.066529	-18.643710
-11.308488	-1.076960	2.252963	0.115061	-0.037533	0.479478	0.103992	-18.652561
4.038198	-0.057008	1.886303	0.360379	0.003477	0.440360	0.141675	-18.661387
11.176186	-0.005619	1.868521	0.368421	0.004841	0.438986	0.142954	-18.661686
-10.888955	0.048102	1.850426	0.376440	0.006203	0.437609	0.144234	-18.661984
-12.141593	1.756934	1.296920	0.570792	0.039762	0.401763	0.176719	-18.669546
13.242023	2.490363	0.600621	0.742368	0.070647	0.364441	0.209207	-18.677085
6.265795	0.146006	-0.307047	0.902495	0.101646	0.319841	0.246793	-18.685795
-13.747454	-2.377084	-1.221905	1.009259	0.125839	0.274398	0.284174	-18.694466
13.731632	-2.417184	-1.258095	1.012328	0.126664	0.272519	0.285705	-18.694822
10.685394	-2.449595	-1.294108	1.015285	0.127475	0.270640	0.287235	-18.695177
-13.188608	-1.614257	-1.984795	1.050087	0.140983	0.231171	0.319176	-18.702614
2.337694	0.962046	-2.463426	1.027376	0.147388	0.191766	0.350804	-18.710016
11.389684	3.046803	-2.579948	0.916542	0.146323	0.146288	0.387113	-18.718583
-6.792174	1.473676	-2.097410	0.708660	0.137052	0.101409	0.422787	-18.727097
-10.995750	1.350249	-2.067619	0.698727	0.136531	0.099649	0.424183	-18.727432
11.012366	1.223796	-2.037160	0.688689	0.136000	0.097892	0.425576	-18.727768
1.847062	-1.878288	-1.224628	0.444754	0.121701	0.059775	0.455768	-18.735079
-13.052765	-4.298349	-0.229266	0.168258	0.102758	0.022379	0.485322	-18.742346
13.167272	-4.658035	0.975821	-0.165207	0.075947	-0.019784	0.518588	-18.750685
11.674191	-3.183570	2.078906	-0.483587	0.044839	-0.060636	0.550793	-18.758958
-11.945061	-3.048054	2.121014	-0.496473	0.043419	-0.062362	0.552154	-18.759313
0.690350	-2.904621	2.162531	-0.509270	0.041993	-0.064085	0.553513	-18.759667
11.311805	1.151439	2.841612	-0.742724	0.012346	-0.097940	0.580210	-18.766727
-10.971331	5.529867	3.136639	-0.919663	-0.019009	-0.130552	0.605958	-18.773733
-13.889549	6.182491	2.818057	-1.034730	-0.056724	-0.166723	0.634587	-18.781800
15.682753	-0.781294	1.707006	-1.056944	-0.094839	-0.200864	0.661726	-18.789787
-1.294302	-1.101271	1.652064	-1.056091	-0.096292	-0.202128	0.662734	-18.790091
-15.760422	-1.418383	1.596410	-1.055117	-0.097745	-0.203390	0.663739	-18.790395
14.854227	-6.590535	0.201127	-1.002578	-0.130137	-0.230913	0.685755	-18.797211
15.476363	-5.786719	-1.288331	-0.895869	-0.161591	-0.256655	0.706498	-18.803961
-15.123487	0.298122	-2.757218	-0.715081	-0.195963	-0.283847	0.728643	-18.811624
-4.753080	6.151419	-3.612913	-0.481412	-0.227847	-0.308352	0.748909	-18.819194
14.618977	6.295295	-3.631285	-0.469774	-0.229217	-0.309392	0.749777	-18.819534
-10.155902	6.423253	-3.647630	-0.458057	-0.230580	-0.310425	0.750641	-18.819873
-13.657753	5.951669	-3.588147	-0.219996	-0.255333	-0.329057	0.766389	-18.826326
12.864664	1.269379	-2.911936	0.032736	-0.277256	-0.345417	0.780575	-18.832705
8.365215	-4.034500	-1.509252	0.325916	-0.298827	-0.361588	0.795159	-18.840106
-13.066077	-4.672488	0.335074	0.588962	-0.315180	-0.374276	0.807373	-18.847397
12.822192	-4.553155	0.408919	0.597819	-0.315678	-0.374679	0.807780	-18.847666
13.087959	-4.422294	0.482976	0.606595	-0.316168	-0.375078	0.808185	-18.847936
-13.204072	0.172895	2.151775	0.782745	-0.325040	-0.382842	0.816510	-18.854079
-2.902270	3.328209	3.427678	0.898280	-0.328952	-0.387950	0.822956	-18.860136
12.666485	2.954020	3.877186	0.933948	-0.326566	-0.390605	0.828026	-18.867019
-8.371224	-0.746734	3.082383	0.849564	-0.316214	-0.389899	0.830547	-18.873782
-12.244012	-0.873352	3.018804	0.843010	-0.315544	-0.389786	0.830603	-18.874094
12.236618	-0.987710	2.953138	0.836250	-0.314858	-0.389667	0.830653	-18.874406
3.144424	-1.202463	1.396026	0.676761	-0.299246	-0.386192	0.830596	-18.880153
-12.908174	0.228103	-0.546506	0.467680	-0.278568	-0.380403	0.828677	-18.885808
13.700630	0.542969	-2.449547	0.192071	-0.249018	-0.370955	0.824172	-18.892224
12.165638	-0.491752	-3.462425	-0.088949	-0.214122	-0.358685	0.817251	-18.898515
-13.978742	-0.519271	-3.488077	-0.102436	-0.212268	-0.358007	0.816846	-18.898823
4.507925	-0.540741	-3.511470	-0.115844	-0.210403	-0.357322	0.816435	-18.899131
13.576867	-0.118487	-3.602415	-0.334889	-0.176062	-0.344292	0.808310	-18.904469
-11.795162	1.001744	-3.263985	-0.513603	-0.138829	-0.329353	0.798426	-18.909712
-13.095688	0.886893	-2.579349	-0.666527	-0.092900	-0.309867	0.784872	-18.915644
13.827985	-1.713175	-1.602324	-0.763851	-0.044535	-0.288155	0.769095	-18.921446
3.684226	-1.789058	-1.554365	-0.766860	-0.042379	-0.287159	0.768357	-18.921697
-13.889172	-1.855681	-1.506095	-0.769764	-0.040221	-0.286159	0.767615	-18.921947
13.441305	-1.600278	-0.496145	-0.806380	0.003180	-0.265534	0.752047	-18.926862
13.397812	-0.123887	0.537212	-0.803592	0.047261	-0.243519	0.734937	-18.931680
-11.254655	0.727392	1.617721	-0.753091	0.098576	-0.216556	0.713356	-18.937114
-6.629718	1.731618	2.420435	-0.653881	0.150032	-0.188098	0.689882	-18.942416
8.708901	1.796617	2.447284	-0.648323	0.152337	-0.186790	0.688786	-18.942651
-8.625494	1.863678	2.473225	-0.642672	0.154641	-0.185479	0.687687	-18.942885
-8.166785	3.206058	2.775384	-0.515728	0.198909	-0.159733	0.665805	-18.947349
7.833688	3.544941	2.629670	-0.356532	0.242743	-0.133148	0.642633	-18.951713
5.277353	1.355627	1.846169	-0.141639	0.292858	-0.101340	0.614137	-18.956661
-11.108784	-2.052509	0.661989	0.086198	0.341692	-0.068755	0.584057	-18.961471
11.210496	-2.189188	0.608040	0.095830	0.343729	-0.067358	0.582747	-18.961672
10.309785	-2.323075	0.554011	0.105447	0.345764	-0.065961	0.581435	-18.961873
-13.288298	-3.610672	-0.517745	0.294444	0.386353	-0.037401	0.554233	-18.965893
-1.909988	-0.776142	-1.410993	0.462538	0.425455	-0.008543	0.525981	-18.969810
14.183621	3.326303	-2.049356	0.613189	0.468514	0.025047	0.492065	-18.974211
-11.552758	2.953961	-2.149090	0.697509	0.508896	0.058683	0.456900	-18.978473
-13.236663	2.832370	-2.142112	0.699431	0.510625	0.060178	0.455307	-18.978659
13.209873	2.703705	-2.134277	0.701185	0.512347	0.061673	0.453713	-18.978845
-2.860218	-0.465433	-1.833283	0.704207	0.544671	0.090662	0.422243	-18.982411
-13.343410	-2.545611	-1.330856	0.654617	0.574843	0.119407	0.389962	-18.985870
13.224103	-0.865167	-0.649931	0.544791	0.607213	0.152037	0.351865	-18.989721
6.656276	1.711200	0.003837	0.392427	0.637412	0.183992	0.312850	-18.993430
-12.698092	1.776707	0.031963	0.384358	0.638802	0.185494	0.310971	-18.993604
2.782782	1.833391	0.059685	0.376232	0.640188	0.186993	0.309090	-18.993776
12.517384	1.616157	0.499661	0.218467	0.664881	0.214048	0.274360	-18.996879
-12.774867	0.165739	0.830850	0.050121	0.688490	0.240312	0.239058	-18.999872
-6.166255	-1.059555	1.136597	-0.144486	0.714679	0.269434	0.197736	-19.003187
13.512815	-1.001321	1.438736	-0.325664	0.740140	0.297147	0.155814	-19.006354
-0.776052	-0.961572	1.453424	-0.333073	0.741246	0.298327	0.153963	-19.006490
-13.512657	-0.918509	1.468285	-0.340427	0.742351	0.299504	0.152111	-19.006625
13.372931	0.256538	1.778091	-0.472086	0.764027	0.322022	0.115464	-19.009231
11.882640	0.966014	2.057366	-0.572345	0.785716	0.343214	0.078493	-19.011726
-13.206613	0.252454	2.191731	-0.636683	0.811114	0.365888	0.035441	-19.014470
-3.541356	-1.532896	1.850628	-0.636568	0.837207	0.386436	-0.007887	-19.017066
12.916559	-1.562877	1.816892	-0.635042	0.838495	0.387376	-0.009993	-19.017188
-12.880650	-1.581956	1.781343	-0.633389	0.839784	0.388309	-0.012099	-19.017310
-11.065173	-0.390094	0.879009	-0.583475	0.863253	0.404113	-0.049984	-19.019434
10.563045	1.940736	-0.301879	-0.501216	0.887180	0.418012	-0.087952	-19.021445
5.859319	3.035179	-1.597697	-0.378596	0.914827	0.431403	-0.131420	-19.023604
-9.910513	0.540173	-2.494745	-0.238022	0.942441	0.441917	-0.174838	-19.025613
9.967378	0.310992	-2.522800	-0.231270	0.943717	0.442332	-0.176853	-19.025702
9.867008	0.072669	-2.549474	-0.224513	0.944992	0.442740	-0.178866	-19.025791
-11.466690	-4.099734	-2.772334	-0.097146	0.968815	0.449159	-0.216728	-19.027411
5.518777	-2.976080	-2.442245	0.025551	0.992104	0.453068	-0.254426	-19.028914
12.067002	2.023857	-1.657581	0.156603	1.017780	0.454292	-0.297244	-19.030488
-8.169253	5.061004	-0.831573	0.275613	1.042125	0.451869	-0.339700	-19.031908
-11.343976	5.086892	-0.798464	0.280896	1.043236	0.451661	-0.341695	-19.031971
11.345447	5.099733	-0.766221	0.286147	1.044344	0.451445	-0.343689	-19.032034
2.210495	3.425316	-0.316580	0.377339	1.064149	0.445854	-0.380469	-19.033136
-13.895859	-0.381787	-0.080784	0.455782	1.082417	0.437186	-0.416864	-19.034118
15.432687	-4.507810	0.053319	0.527789	1.101069	0.423404	-0.457910	-19.035093
10.172024	-5.010328	0.184059	0.578788	1.116909	0.405423	-0.498322	-19.035910
-15.144399	-4.836719	0.195225	0.581174	1.117776	0.404186	-0.500772	-19.035955
0.439484	-4.634398	0.206950	0.583472	1.118629	0.402934	-0.503220	-19.035999
13.449570	0.093958	0.440456	0.606004	1.129218	0.383835	-0.537113	-19.036555
-11.926484	4.527451	0.842927	0.609454	1.137256	0.361793	-0.570440	-19.036994
-10.856889	4.249121	1.573527	0.586543	1.143183	0.332067	-0.609105	-19.037363
11.919484	0.820214	2.456316	0.532173	1.144340	0.298670	-0.646843	-19.037566
-0.404686	0.662587	2.498639	0.528778	1.144258	0.297002	-0.648607	-19.037572
-12.014881	0.509289	2.540811	0.525310	1.144163	0.295327	-0.650368	-19.037577
11.150172	-1.567290	3.257153	0.449184	1.140007	0.263787	-0.681834	-19.037606
13.665339	-2.649651	3.795462	0.346785	1.130763	0.230055	-0.712515	-19.037512
-13.485987	-2.780742	4.038189	0.193743	1.112810	0.188609	-0.746955	-19.037251
0.127447	-0.631109	3.765547	0.005605	1.086032	0.144884	-0.780212	-19.036824
12.598215	-0.496993	3.740655	-0.003427	1.084600	0.142866	-0.781681	-19.036801
-9.518018	-0.361360	3.714695	-0.012483	1.083149	0.140845	-0.783147	-19.036778
-12.161057	1.956000	3.000966	-0.190392	1.051034	0.101110	-0.810945	-19.036258
12.513319	2.119259	1.900718	-0.363647	1.010643	0.060172	-0.837740	-19.035613
4.269326	-0.050802	0.296627	-0.537530	0.952948	0.011838	-0.867296	-19.034712
-14.993480	-2.064840	-1.372675	-0.661684	0.882245	-0.037434	-0.895390	-19.033642
15.044597	-2.101628	-1.443827	-0.665719	0.878747	-0.039663	-0.896616	-19.033590
14.796919	-2.131587	-1.514406	-0.669606	0.875220	-0.041893	-0.897839	-19.033537
-15.655368	-1.413616	-2.714048	-0.712416	0.801282	-0.085203	-0.920872	-19.032457
6.111010	1.117112	-3.434177	-0.683459	0.716108	-0.128698	-0.942695	-19.031247
13.376521	2.908391	-3.470355	-0.543955	0.603996	-0.178861	-0.966333	-19.029689
-7.882130	0.715121	-2.574684	-0.291140	0.478102	-0.228611	-0.988223	-19.027958
-11.148353	0.568410	-2.517090	-0.277633	0.472097	-0.230855	-0.989175	-19.027875
11.075355	0.421710	-2.458395	-0.263993	0.466070	-0.233098	-0.990123	-19.027792
4.371611	-2.135528	-1.196905	0.012939	0.347792	-0.275308	-1.007390	-19.026145
-10.444733	-3.950117	0.128819	0.298954	0.223509	-0.316697	-1.023254	-19.024369
11.233617	-4.582380	1.377876	0.593206	0.074648	-0.363328	-1.039819	-19.022146
11.512553	-2.952840	2.110710	0.792883	-0.076436	-0.408195	-1.054364	-19.019747
-11.515474	-2.799140	2.130242	0.798804	-0.083331	-0.410194	-1.054979	-19.019634
8.533530	-2.637253	2.148512	0.804405	-0.090223	-0.412189	-1.055588	-19.019520
11.491397	1.384157	2.246339	0.844165	-0.220330	-0.449183	-1.066335	-19.017284
-12.187912	5.044867	1.824967	0.749194	-0.347567	-0.484334	-1.075459	-19.014913
-13.929522	4.753495	0.696072	0.505366	-0.488583	-0.522362	-1.083922	-19.012007
16.023738	-1.747061	-0.590558	0.170569	-0.620385	-0.557262	-1.090084	-19.008920
0.669355	-1.997712	-0.640177	0.154632	-0.625921	-0.558719	-1.090301	-19.008780
-16.137029	-2.233509	-0.688740	0.138630	-0.631434	-0.560168	-1.090513	-19.008640
11.529733	-4.016618	-1.346202	-0.183289	-0.735030	-0.587347	-1.093752	-19.005802
15.063517	-2.183390	-1.264310	-0.490567	-0.827497	-0.611651	-1.095154	-19.002828
-12.996525	1.145532	-0.558895	-0.768916	-0.917713	-0.635763	-1.094430	-18.999238
-4.038183	1.979591	0.280947	-0.906517	-0.987891	-0.655410	-1.091133	-18.995472
11.169462	1.943284	0.313538	-0.908430	-0.990558	-0.656191	-1.090921	-18.995297
-8.562064	1.900887	0.345278	-0.909920	-0.993180	-0.656963	-1.090703	-18.995121
-10.455140	0.387015	0.744409	-0.848731	-1.034346	-0.669723	-1.085488	-18.991701
10.788071	-0.856685	0.630310	-0.604665	-1.060049	-0.678599	-1.078232	-18.988153
3.451848	-0.171840	-0.096988	-0.164392	-1.073031	-0.683670	-1.067287	-18.983896
-13.840108	0.434393	-0.649718	0.298196	-1.070887	-0.682791	-1.053618	-18.979475
12.142811	0.406245	-0.654136	0.316284	-1.070493	-0.682614	-1.052963	-18.979279
13.955299	0.371853	-0.656369	0.334109	-1.070076	-0.682424	-1.052302	-18.979083
-14.524275	-0.625228	-0.352516	0.627725	-1.057275	-0.676239	-1.038170	-18.975121
3.924060	0.188040	0.269475	0.798598	-1.036870	-0.665524	-1.022134	-18.971042
11.833017	2.115181	0.861159	0.827754	-1.005647	-0.647788	-1.001327	-18.966187
-5.309287	2.228366	0.841037	0.674206	-0.967959	-0.624645	-0.978159	-18.961182
-10.120406	2.158524	0.821425	0.663652	-0.966102	-0.623467	-0.977047	-18.960950
10.090358	2.081135	0.800152	0.652850	-0.964234	-0.622279	-0.975932	-18.960718
-1.178732	-0.326841	0.152133	0.408534	-0.926673	-0.597814	-0.953906	-18.956262
-11.446932	-2.893362	-0.705415	0.120723	-0.885300	-0.569831	-0.930255	-18.951698
12.327004	-3.795953	-1.471567	-0.207553	-0.832899	-0.533189	-0.900800	-18.946260
11.557174	-2.443285	-1.576972	-0.460212	-0.776413	-0.492466	-0.869328	-18.940683
-12.176164	-2.294027	-1.566977	-0.468965	-0.773683	-0.490469	-0.867809	-18.940419
2.974610	-2.135374	-1.555870	-0.477399	-0.770946	-0.488465	-0.866287	-18.940155
11.761057	1.603124	-1.177528	-0.579017	-0.719254	-0.450295	-0.837622	-18.935255
-11.912767	4.186415	-0.548856	-0.592809	-0.664318	-0.409644	-0.807612	-18.930257
-11.772174	3.039165	0.346186	-0.522673	-0.595862	-0.359462	-0.771034	-18.924314
14.050604	-0.305234	1.257848	-0.386837	-0.522913	-0.306579	-0.732806	-18.918244
-0.933740	-0.455401	1.297638	-0.379447	-0.519446	-0.304079	-0.731004	-18.917961
-14.125847	-0.602382	1.337075	-0.371986	-0.515972	-0.301576	-0.729199	-18.917678
7.342841	-2.686128	1.993426	-0.221946	-0.449545	-0.253936	-0.694882	-18.912339
13.881406	-3.401140	2.435263	-0.064159	-0.380449	-0.204815	-0.659480	-18.906911
-12.336522	-2.048628	2.646325	0.105011	-0.297164	-0.146160	-0.617045	-18.900493
0.485014	1.790263	2.656957	0.231768	-0.211122	-0.086171	-0.573318	-18.893960
11.091715	1.942925	2.655347	0.236007	-0.207205	-0.083454	-0.571328	-18.893665
-11.085875	2.088632	2.653676	0.240102	-0.203284	-0.080736	-0.569335	-18.893369
-9.764928	3.324359	2.625441	0.291806	-0.127449	-0.028414	-0.530771	-18.887667
13.420517	1.624629	2.620396	0.297493	-0.050246	0.024370	-0.491395	-18.881886
7.145417	-2.790424	2.491848	0.258573	0.040691	0.086157	-0.444567	-18.875052
-14.633495	-4.354823	2.004636	0.186937	0.130414	0.147899	-0.396813	-18.868118
11.860913	-4.252296	1.970485	0.183174	0.134384	0.150673	-0.394642	-18.867803
14.522553	-4.131465	1.935157	0.179374	0.138345	0.153447	-0.392469	-18.867488
-12.925387	0.145786	1.074421	0.101782	0.211782	0.205997	-0.350827	-18.861461
-1.125237	3.953486	-0.019800	0.019814	0.280406	0.258000	-0.308642	-18.855364
10.318747	5.587775	-1.348516	-0.070249	0.352126	0.317722	-0.258780	-18.848160
-10.262739	3.592751	-2.453092	-0.141542	0.412161	0.376021	-0.208357	-18.840867
-3.942232	3.410866	-2.493295	-0.144132	0.414578	0.378643	-0.206043	-18.840532
10.283490	3.221276	-2.532375	-0.146654	0.416964	0.381261	-0.203728	-18.840197
2.146870	-1.182877	-3.020910	-0.179730	0.455822	0.429708	-0.160070	-18.833868
-11.035894	-4.986860	-2.910314	-0.182233	0.482519	0.476589	-0.116138	-18.827478
11.934066	-5.295472	-1.906310	-0.153491	0.498255	0.526402	-0.067240	-18.820334
-13.043949	-1.522104	-0.129676	-0.099404	0.500622	0.573706	-0.018161	-18.813122
-1.745062	2.666614	1.804243	-0.024021	0.490059	0.620443	0.033587	-18.805463
13.048162	2.925168	2.863215	0.061020	0.467499	0.663770	0.085346	-18.797734
-10.882521	2.781902	2.874969	0.064916	0.466226	0.665632	0.087669	-18.797386
-12.894471	2.624429	2.883082	0.068811	0.464932	0.667487	0.089993	-18.797037
11.130689	-1.070343	2.408970	0.141993	0.436149	0.701597	0.134516	-18.790320
2.663948	-1.242447	1.003045	0.206923	0.400450	0.732802	0.178911	-18.783557
-11.434755	0.601081	-1.080473	0.261554	0.351639	0.765078	0.230083	-18.775669
13.894722	-0.002543	-2.401804	0.282545	0.296150	0.792941	0.280904	-18.767725
9.902467	-0.045843	-2.436361	0.282504	0.293542	0.794077	0.283161	-18.767369
-14.080885	-0.086021	-2.468855	0.282372	0.290923	0.795204	0.285418	-18.767014
1.991705	-0.230427	-2.714940	0.260059	0.238536	0.815114	0.328870	-18.760114
14.739614	0.232638	-2.351731	0.197863	0.183820	0.831336	0.371920	-18.753177
-6.773660	0.655898	-1.502934	0.087083	0.119304	0.845307	0.421311	-18.745082
-12.151671	0.654571	-0.538637	-0.047469	0.055883	0.853790	0.469985	-18.736943
12.120807	0.637851	-0.493564	-0.053906	0.053038	0.854043	0.472198	-18.736569
1.688577	0.619532	-0.448445	-0.060347	0.050203	0.854284	0.474408	-18.736195
-12.058081	-0.017325	0.413111	-0.180377	-0.001260	0.856513	0.515457	-18.729177
12.579786	-1.119673	1.285069	-0.291293	-0.048654	0.854306	0.555843	-18.722132
13.388140	-2.333218	2.153461	-0.393267	-0.096741	0.845917	0.601900	-18.713911
-13.888121	-2.198954	2.663002	-0.448687	-0.135140	0.830971	0.646943	-18.705659
3.009588	-2.113748	2.675264	-0.449841	-0.136673	0.830099	0.649041	-18.705269
13.915203	-2.019265	2.686347	-0.450849	-0.138180	0.829212	0.651137	-18.704879
-6.239065	0.785120	2.673564	-0.444638	-0.160954	0.810308	0.689004	-18.697747
-13.913317	3.466713	2.227473	-0.397683	-0.174805	0.786290	0.726062	-18.690598
13.546616	3.034767	1.184155	-0.303176	-0.180405	0.752034	0.767975	-18.682291
0.262958	-1.023024	-0.162304	-0.177760	-0.175762	0.710886	0.808746	-18.673967
-12.877036	-1.228961	-0.227208	-0.171350	-0.175312	0.708794	0.810624	-18.673578
7.369668	-1.431862	-0.292066	-0.164899	-0.174843	0.706686	0.812501	-18.673188
12.212752	-4.071497	-1.435521	-0.040063	-0.162789	0.665054	0.846789	-18.665962
-11.793962	-3.361582	-2.335124	0.089266	-0.145194	0.618871	0.880180	-18.658727
3.019578	0.422338	-2.898665	0.233125	-0.119614	0.560682	0.917540	-18.650381
12.002382	3.624252	-2.895269	0.360474	-0.090130	0.497961	0.953672	-18.642030
-12.019226	3.689649	-2.880413	0.365998	-0.088661	0.494877	0.955360	-18.641633
-7.308627	3.743957	-2.864186	0.371472	-0.087187	0.491784	0.957047	-18.641235
12.284089	3.048638	-2.351036	0.461096	-0.059813	0.434120	0.987245	-18.633997
2.762765	0.288150	-1.510880	0.529267	-0.032233	0.374247	1.016492	-18.626760
-11.619554	-2.634376	-0.290450	0.576748	-0.001529	0.302618	1.049258	-18.618357
6.150629	-2.569466	1.020509	0.584744	0.025942	0.229549	1.080700	-18.609963
10.682614	-2.493199	1.080751	0.584071	0.027094	0.226176	1.082110	-18.609578
-10.640975	-2.411337	1.140894	0.583302	0.028235	0.222801	1.083518	-18.609193
9.950773	-0.325697	2.203925	0.549961	0.047706	0.158968	1.109550	-18.601935
9.414382	1.237779	2.940723	0.477625	0.063123	0.095220	1.134562	-18.594688
-10.267128	1.092370	3.059373	0.343457	0.075525	0.023541	1.161713	-18.586474
-8.439308	-0.178347	2.238576	0.157923	0.082375	-0.046778	1.187510	-18.578280
12.634966	-0.235202	2.176200	0.147896	0.082567	-0.050174	1.188737	-18.577879
1.514832	-0.288799	2.111984	0.137811	0.082746	-0.053564	1.189960	-18.577479
-15.560318	-0.467571	0.674988	-0.049824	0.083734	-0.113386	1.211271	-18.570337
17.386089	0.500152	-1.062699	-0.238632	0.080661	-0.171611	1.231518	-18.563215
15.060672	-0.406990	-2.499017	-0.433465	0.072353	-0.236483	1.253489	-18.555045
-14.045322	-0.885478	-2.882331	-0.577378	0.059238	-0.298875	1.274015	-18.546908
3.359910	-0.823279	-2.869684	-0.582376	0.058514	-0.301719	1.274936	-18.546530
13.691403	-0.751219	-2.854250	-0.587205	0.057781	-0.304558	1.275854	-18.546152
-10.414721	1.060632	-2.237088	-0.647349	0.042275	-0.356664	1.292468	-18.539075
-6.947524	0.500862	-1.501273	-0.654176	0.023564	-0.406590	1.307949	-18.532029
9.414853	-1.250358	-0.788272	-0.604787	-0.001346	-0.460966	1.324281	-18.523993
-1.894850	-1.123431	-0.301451	-0.504381	-0.028679	-0.512116	1.339087	-18.516003
-12.354067	-1.100233	-0.280382	-0.498796	-0.029953	-0.514352	1.339721	-18.515643
12.492370	-1.078365	-0.259063	-0.493132	-0.031229	-0.516581	1.340351	-18.515282
6.355219	-0.871222	0.209717	-0.369413	-0.056105	-0.558085	1.351868	-18.508366
-16.070471	-0.514400	0.755988	-0.222463	-0.081040	-0.596855	1.362196	-18.501489
1.921692	0.723423	1.373415	-0.033194	-0.108856	-0.637985	1.372611	-18.493615
13.755939	1.788695	1.843052	0.167357	-0.134564	-0.675121	1.381411	-18.485799
-6.032727	1.808362	1.858290	0.176381	-0.135641	-0.676679	1.381765	-18.485453
-13.491105	1.825022	1.872943	0.185406	-0.136711	-0.678228	1.382115	-18.485107
10.661926	1.808544	2.010698	0.360160	-0.156107	-0.706740	1.388302	-18.478379
0.345018	1.547831	1.799182	0.527736	-0.172185	-0.731956	1.393241	-18.471700
-8.045620	-0.167494	1.226516	0.701198	-0.185566	-0.756696	1.397362	-18.464089
9.793368	-2.907254	0.483748	0.842503	-0.192351	-0.776760	1.399800	-18.456551
7.919205	-2.918179	0.449072	0.847957	-0.192481	-0.777560	1.399870	-18.456210
-10.009670	-2.911074	0.414456	0.853318	-0.192595	-0.778350	1.399937	-18.455870
7.106487	-0.205463	-0.217344	0.936305	-0.191421	-0.791579	1.400539	-18.449406
13.349571	3.479209	-0.735590	0.977152	-0.183274	-0.801331	1.399849	-18.443000
-13.436151	3.469809	-1.108542	0.961671	-0.164170	-0.808426	1.397420	-18.435660
-7.049153	0.633385	-1.244789	0.868857	-0.135003	-0.811219	1.393228	-18.428402
12.828716	0.507693	-1.245588	0.862500	-0.133422	-0.811248	1.392990	-18.428067
0.149867	0.386309	-1.245902	0.855956	-0.131822	-0.811268	1.392748	-18.427732
-13.025527	-1.357979	-1.165898	0.700777	-0.098775	-0.810077	1.387565	-18.421529
14.043692	-2.876099	-0.935270	0.487526	-0.060132	-0.806015	1.381078	-18.415388
11.025153	-4.224918	-0.511621	0.186101	-0.009665	-0.797947	1.371968	-18.408367
-15.664141	-3.766281	0.024686	-0.152321	0.045675	-0.786516	1.361167	-18.401430
0.987803	-3.675576	0.049663	-0.168174	0.048277	-0.785922	1.360638	-18.401118
15.598476	-3.578040	0.074599	-0.184064	0.050888	-0.785322	1.360105	-18.400805
-9.110550	-0.848906	0.519525	-0.488896	0.101766	-0.772712	1.349318	-18.394886
-12.305967	2.143866	0.840496	-0.787969	0.154241	-0.757983	1.337329	-18.389030
10.652401	3.759501	0.927752	-1.107629	0.215867	-0.738491	1.321969	-18.382321
-3.865509	2.744173	0.621672	-1.377729	0.277027	-0.716656	1.305075	-18.375696
-10.418627	2.624944	0.599884	-1.388841	0.279825	-0.715592	1.304256	-18.375391
9.603665	2.498940	0.577581	-1.399824	0.282619	-0.714524	1.303434	-18.375086
11.160077	-0.607193	0.091749	-1.580201	0.333911	-0.693776	1.287481	-18.369424
-11.912224	-3.267552	-0.434402	-1.709836	0.382793	-0.671667	1.270440	-18.363825
2.788037	-2.739642	-0.927002	-1.789717	0.434980	-0.644710	1.249475	-18.357446
12.470332	0.421624	-1.145511	-1.787819	0.481543	-0.616445	1.227141	-18.351150
-12.474810	0.589961	-1.146474	-1.785675	0.483520	-0.615131	1.226093	-18.350866
-9.416390	0.758044	-1.146538	-1.783351	0.485482	-0.613817	1.225042	-18.350581
12.582205	3.219193	-0.957059	-1.704611	0.520367	-0.588446	1.204550	-18.345210
-0.915152	2.676741	-0.385467	-1.560461	0.550496	-0.562488	1.183095	-18.339900
-12.869585	-0.697606	0.534025	-1.312356	0.579196	-0.531935	1.157094	-18.333831
12.956301	-3.761094	1.340755	-0.977543	0.601003	-0.501095	1.129881	-18.327846
12.340171	-3.790948	1.369040	-0.959515	0.601862	-0.499629	1.128560	-18.327564
-12.944421	-3.804668	1.396072	-0.941304	0.602703	-0.498164	1.127238	-18.327283
-1.118138	-1.809297	1.670228	-0.575891	0.615171	-0.471527	1.102710	-18.322189
11.941903	1.938214	1.537468	-0.149943	0.622091	-0.445069	1.077341	-18.317158
-10.184417	4.519608	0.902267	0.396794	0.622893	-0.414755	1.046855	-18.311392
-11.304193	3.975825	-0.150817	0.962752	0.615459	-0.384960	1.015313	-18.305709
11.365116	3.839673	-0.215369	0.993878	0.614796	-0.383324	1.013535	-18.305396
-2.336300	3.692838	-0.280175	1.024952	0.614105	-0.381689	1.011754	-18.305084
-12.937842	0.694832	-1.252462	1.487028	0.600084	-0.356873	0.984107	-18.300336
14.356952	-2.289381	-2.027970	1.907256	0.579355	-0.332426	0.955760	-18.295648
9.554668	-4.934821	-2.377885	2.318689	0.546069	-0.304244	0.921690	-18.290231
-14.525591	-4.689667	-1.904456	2.628191	0.502546	-0.276547	0.886734	-18.284896
1.813225	-4.561563	-1.865208	2.639822	0.500269	-0.275274	0.885092	-18.284651
14.429456	-4.421816	-1.824711	2.651189	0.497971	-0.274002	0.883449	-18.284406
-11.419450	-0.586360	-0.868261	2.815298	0.450356	-0.250285	0.852220	-18.279829
-11.169503	2.890140	0.310043	2.877477	0.394138	-0.226920	0.820379	-18.275314
6.444837	4.316070	2.712867	2.555619	0.229479	-0.173397	0.743361	-18.264958
-2.748116	-3.902586	2.711704	1.516373	0.030077	-0.121667	0.663455	-18.254943
-10.842322	-3.993574	2.675143	1.485708	0.025266	-0.120513	0.661612	-18.254720
7.138813	-4.068313	2.636834	1.454757	0.020441	-0.119360	0.659766	-18.254497
11.439683	-4.100783	2.595129	1.422272	0.015410	-0.118161	0.657843	-18.254265
-11.740424	-4.056045	2.551519	1.389491	0.010365	-0.116962	0.655918	-18.254033
8.438075	-3.926612	2.506887	1.357025	0.005399	-0.115784	0.654026	-18.253805
12.276440	-3.731060	2.460515	1.324283	0.000420	-0.114607	0.652131	-18.253577
-13.658646	1.463758	1.640181	0.825142	-0.072675	-0.097666	0.624543	-18.250300
-12.414230	4.181875	0.687563	0.291197	-0.147246	-0.080911	0.596686	-18.247062
10.930336	3.648802	-0.537590	-0.474513	-0.252095	-0.057967	0.557618	-18.242633
-1.412224	2.414440	-1.528887	-1.226922	-0.357207	-0.035363	0.518093	-18.238279
-11.966826	-0.437452	-2.231710	-1.953723	-0.466559	-0.011911	0.476006	-18.233772
14.074243	-5.026332	-2.492090	-2.559565	-0.572802	0.011188	0.433490	-18.229348
14.212137	-5.137937	-2.491959	-2.581078	-0.577075	0.012129	0.431734	-18.229168
-14.266858	-5.236626	-2.490915	-2.602292	-0.581340	0.013070	0.429978	-18.228988
6.849596	-4.546441	-2.279394	-2.977052	-0.669200	0.032802	0.392766	-18.225223
13.093975	-0.407445	-1.803193	-3.207823	-0.752159	0.052285	0.355291	-18.221520
-8.061203	4.923943	-1.095048	-3.306015	-0.839887	0.074359	0.311977	-18.217344
-10.092637	6.167434	-0.393168	-3.243568	-0.918230	0.096129	0.268393	-18.213249
10.103204	6.046687	-0.364754	-3.237267	-0.921525	0.097100	0.266428	-18.213067
-0.918840	5.908236	-0.336705	-3.230673	-0.924804	0.098072	0.264461	-18.212885
-11.310224	1.119692	0.137095	-3.049995	-0.984076	0.116626	0.226594	-18.209417
13.673516	-3.870163	0.520315	-2.774049	-1.036460	0.134971	0.188585	-18.206010
15.648710	-5.998435	0.916858	-2.347100	-1.089092	0.156069	0.144197	-18.202121
-16.692737	-2.025693	1.299178	-1.822482	-1.133127	0.176906	0.099691	-18.198312
-0.114068	-1.764893	1.313351	-1.799258	-1.134746	0.177751	0.097874	-18.198159
16.699879	-1.499951	1.327327	-1.775917	-1.136351	0.178594	0.096059	-18.198006
-13.959344	3.675955	1.563381	-1.253508	-1.167130	0.196327	0.057653	-18.194796
-15.023237	4.862955	1.630529	-0.683007	-1.192098	0.213883	0.019220	-18.191647
13.991828	2.320806	1.424632	0.020013	-1.214063	0.233983	-0.025240	-18.188080
2.409294	-0.798218	0.962717	0.738560	-1.228980	0.253868	-0.069662	-18.184593
-13.636727	-0.913845	0.936532	0.771530	-1.229505	0.254782	-0.071714	-18.184434
7.293813	-1.025504	0.909968	0.804467	-1.230017	0.255697	-0.073767	-18.184275
13.570971	-2.419027	0.360236	1.402619	-1.237001	0.272659	-0.111985	-18.181341
-13.285658	-2.642755	-0.252765	1.950093	-1.239316	0.289479	-0.150115	-18.178467
-0.466639	-1.522277	-0.935237	2.474547	-1.236468	0.308809	-0.194199	-18.175208
11.903387	0.332648	-1.375858	2.825223	-1.227964	0.327872	-0.238089	-18.172029
-11.877732	0.417745	-1.386103	2.835951	-1.227455	0.328718	-0.240051	-18.171889
-11.483869	0.502042	-1.395353	2.846204	-1.226935	0.329562	-0.242011	-18.171749
11.506637	1.667735	-1.359663	2.955523	-1.214750	0.345727	-0.279863	-18.169064
1.713209	1.237407	-0.900082	2.909347	-1.198613	0.361465	-0.317509	-18.166439
-11.258302	-0.653992	-0.061253	2.691053	-1.175188	0.378906	-0.360483	-18.163498
10.031382	-2.219564	0.799475	2.326048	-1.146556	0.395582	-0.403108	-18.160636
11.091277	-2.217823	0.834488	2.306120	-1.145105	0.396335	-0.405071	-18.160505
-11.075562	-2.205756	0.868845	2.285949	-1.143643	0.397085	-0.407034	-18.160375
2.020139	-0.456426	1.395331	1.865035	-1.114082	0.410861	-0.443796	-18.157955
10.030586	2.344727	1.706817	1.380697	-1.080616	0.423961	-0.480234	-18.155595
-9.589114	3.884522	1.817817	0.781116	-1.037437	0.438102	-0.521606	-18.152961
-6.792600	2.751193	1.698943	0.171136	-0.989168	0.451233	-0.562477	-18.150407
10.338331	2.651811	1.689009	0.142421	-0.986753	0.451830	-0.564403	-18.150288
1.382558	2.549845	1.678771	0.113746	-0.984326	0.452424	-0.566327	-18.150169
-12.587325	0.126449	1.450307	-0.402372	-0.937775	0.462889	-0.601417	-18.148016
13.073603	-3.155623	1.191741	-0.888572	-0.887411	0.472493	-0.636069	-18.145924
17.741688	-5.079093	0.946552	-1.388985	-0.824977	0.482394	-0.675236	-18.143598
-16.686263	-1.670117	0.747592	-1.805503	-0.757579	0.491050	-0.713760	-18.141350
3.381484	-1.363614	0.733233	-1.822272	-0.754356	0.491418	-0.715518	-18.141248
16.378869	-1.047064	0.718008	-1.838799	-0.751125	0.491783	-0.717273	-18.141147
-12.746301	4.059210	0.192369	-2.105949	-0.687755	0.498180	-0.750347	-18.139253
-8.341032	1.936300	-0.887436	-2.273197	-0.620635	0.503542	-0.782880	-18.137418
11.543238	-2.372657	-2.344299	-2.321410	-0.539281	0.508365	-0.819459	-18.135390
0.915371	-0.178615	-3.308958	-2.193132	-0.453685	0.511723	-0.855269	-18.133441
-14.662765	-0.032787	-3.328045	-2.182645	-0.449669	0.511841	-0.856889	-18.133354
14.760570	0.106785	-3.344310	-2.171728	-0.445641	0.511956	-0.858509	-18.133267
6.251996	1.235340	-2.999606	-1.889219	-0.367486	0.513520	-0.888951	-18.131641
-13.893975	0.051762	-1.274011	-1.486967	-0.286197	0.513894	-0.918764	-18.130074
3.635678	-1.682989	1.445873	-0.918194	-0.188526	0.512800	-0.952346	-18.128341
10.912685	-0.359967	3.635056	-0.286490	-0.086651	0.510029	-0.985047	-18.126687
-10.928832	-0.166122	3.707247	-0.256114	-0.081759	0.509857	-0.986562	-18.126611
-7.885920	0.039481	3.775979	-0.225700	-0.076854	0.509681	-0.988076	-18.126536
11.799564	3.388155	4.297876	0.331083	0.015096	0.505761	-1.015593	-18.125174
-2.488465	0.446183	3.221807	0.860627	0.110222	0.500548	-1.042449	-18.123870
-10.478689	-5.675252	0.676188	1.403810	0.224032	0.492909	-1.072649	-18.122439
8.833363	-5.765844	-2.184858	1.837120	0.342109	0.483525	-1.101991	-18.121086
5.969300	-5.555502	-2.303880	1.853556	0.347569	0.483058	-1.103302	-18.121027
-8.762724	-5.326635	-2.421167	1.869684	0.353038	0.482587	-1.104612	-18.120967
-1.181152	1.057944	-4.257985	2.113778	0.459310	0.472881	-1.129323	-18.119863
9.900876	6.163823	-5.068076	2.218510	0.568822	0.461844	-1.153407	-18.118817
-9.953168	3.949542	-4.439171	2.146532	0.698232	0.447494	-1.180344	-18.117688
-9.739896	-2.177364	-2.550422	1.893506	0.828668	0.431360	-1.206476	-18.116637
9.681012	-2.425330	-2.444186	1.878285	0.834575	0.430584	-1.207646	-18.116591
0.010819	-2.664679	-2.336624	1.862767	0.840478	0.429804	-1.208813	-18.116545
-8.049574	-5.061472	-0.102609	1.514059	0.952064	0.414194	-1.230806	-18.115701
6.190169	-2.696025	2.203524	1.082145	1.060151	0.397222	-1.252212	-18.114915
2.879173	1.819653	4.345578	0.537126	1.173160	0.376895	-1.275169	-18.114116
-4.825428	3.598551	5.530931	-0.048724	1.277124	0.354890	-1.297432	-18.113389
7.411824	0.159028	5.321921	-0.668595	1.373160	0.330150	-1.319915	-18.112706
-11.052802	-2.930620	3.860580	-1.262200	1.453785	0.303565	-1.341668	-18.112101
-7.762796	-2.988245	3.765824	-1.289339	1.457209	0.302245	-1.342691	-18.112074
11.316670	-3.036149	3.669125	-1.316331	1.460591	0.300922	-1.343713	-18.112047
7.606197	-2.724025	1.652927	-1.777090	1.514394	0.276104	-1.362011	-18.111589
-12.284554	-1.552261	-0.537731	-2.164195	1.552270	0.249872	-1.379776	-18.111190
11.383505	-0.884886	-2.739127	-2.487204	1.573668	0.218001	-1.399540	-18.110804
10.855348	0.263733	-4.340637	-2.645434	1.568614	0.184340	-1.418625	-18.110495
-10.587381	0.346497	-4.396765	-2.648145	1.567699	0.182759	-1.419483	-18.110483
1.115199	0.432403	-4.451236	-2.650429	1.566722	0.181175	-1.420339	-18.110470
10.262707	2.455750	-5.174722	-2.609111	1.536319	0.150547	-1.436314	-18.110271
-10.436325	4.372480	-5.298658	-2.392300	1.483463	0.118912	-1.451795	-18.110129
-9.975227	4.845161	-4.655215	-1.912394	1.396054	0.081247	-1.469111	-18.110038
12.555439	3.134471	-3.120832	-1.240263	1.283038	0.042708	-1.485790	-18.110024
0.119900	3.016240	-3.037666	-1.208327	1.277679	0.041046	-1.486489	-18.110025
-12.672631	2.894613	-2.953298	-1.176196	1.272282	0.039384	-1.487186	-18.110026
13.911134	-0.157295	-1.039523	-0.485857	1.154078	0.005440	-1.501088	-18.110083
7.605488	-3.628596	1.006140	0.246156	1.020527	-0.028787	-1.514531	-18.110197
-15.545477	-6.697009	3.040663	1.079308	0.850434	-0.068233	-1.529415	-18.110401
0.585182	-7.114220	4.280407	1.838320	0.664975	-0.107584	-1.543718	-18.110681
13.500748	-7.039899	4.314703	1.870179	0.656157	-0.109380	-1.544359	-18.110696
-8.775931	-6.955940	4.346960	1.901730	0.647311	-0.111175	-1.544999	-18.110711
-9.415502	-3.498456	4.566545	2.434163	0.474519	-0.145112	-1.556938	-18.111023
6.226128	2.682613	4.011770	2.814328	0.293959	-0.178606	-1.568457	-18.111393
-9.357599	6.874997	-0.075722	3.043189	-0.150913	-0.254562	-1.593897	-18.112489
-1.213424	-5.298822	-3.933645	2.262934	-0.603049	-0.325023	-1.617174	-18.113904
10.500849	-4.772121	-3.926309	2.233413	-0.612799	-0.326503	-1.617666	-18.113939
10.265431	-4.149448	-3.912707	2.203324	-0.622535	-0.327980	-1.618156	-18.113974
-10.166902	-3.319621	-3.890718	2.169695	-0.633192	-0.329596	-1.618693	-18.114012
6.107241	-2.342442	-3.861463	2.135402	-0.643831	-0.331209	-1.619229	-18.114051
9.847871	-1.284470	-3.824300	2.099763	-0.654658	-0.332849	-1.619775	-18.114091
-4.805449	-0.269386	-3.779911	2.063476	-0.665459	-0.334484	-1.620319	-18.114131
-9.795144	4.216501	-2.558409	1.517904	-0.808200	-0.356076	-1.627549	-18.114691
10.411720	0.717729	-0.529801	0.896631	-0.943882	-0.376700	-1.634555	-18.115286
1.991652	-2.329452	2.253056	-0.021099	-1.117919	-0.403729	-1.643973	-18.116176
-13.278022	-1.345284	3.479221	-0.897582	-1.269235	-0.428493	-1.652973	-18.117136
15.548080	0.768405	3.275692	-1.672110	-1.398013	-0.451827	-1.661990	-18.118218
14.186768	0.262652	2.267012	-2.264648	-1.489949	-0.472170	-1.670573	-18.119377
-15.119402	0.213050	2.209660	-2.287439	-1.493216	-0.473036	-1.670960	-18.119432
0.451979	0.164814	2.151678	-2.309820	-1.496392	-0.473895	-1.671347	-18.119488
13.079182	-0.270165	1.013843	-2.648479	-1.537969	-0.488662	-1.678423	-18.120562
-11.815125	0.303393	-0.072171	-2.827619	-1.542862	-0.500801	-1.685190	-18.121693
0.662365	0.415912	-1.202382	-2.822369	-1.499655	-0.511322	-1.692585	-18.123061
11.856631	-0.108685	-2.149943	-2.569529	-1.406419	-0.518192	-1.699603	-18.124505
1.733679	-0.145947	-2.187272	-2.549761	-1.400504	-0.518442	-1.699947	-18.124579
-11.861670	-0.183633	-2.223244	-2.529280	-1.394475	-0.518683	-1.700290	-18.124654
8.925578	-0.731261	-2.568030	-2.069630	-1.274453	-0.521392	-1.706039	-18.125971
11.326926	-0.619593	-2.275048	-1.426585	-1.126314	-0.521416	-1.711519	-18.127344
-10.984251	0.850447	-1.304764	-0.542071	-0.924847	-0.518117	-1.717537	-18.129009
-1.744404	1.376589	-0.003346	0.371417	-0.698147	-0.511294	-1.723182	-18.130749
10.514595	1.329133	0.059363	0.412714	-0.687052	-0.510890	-1.723436	-18.130833
-7.256402	1.273180	0.121896	0.453763	-0.675925	-0.510479	-1.723690	-18.130916
-10.148478	-0.700816	1.195441	1.158611	-0.463360	-0.501488	-1.728238	-18.132489
10.474296	-2.167549	1.853747	1.701499	-0.241853	-0.489922	-1.732504	-18.134119
-6.775591	3.415491	0.714688	2.102759	0.290502	-0.452604	-1.741467	-18.138187
-14.063317	-2.433270	-1.127813	1.464259	0.789394	-0.401441	-1.748928	-18.142569
13.974892	-2.919917	-1.142104	1.442010	0.799053	-0.400222	-1.749069	-18.142664
7.176723	-3.397444	-1.154726	1.419430	0.808676	-0.398996	-1.749209	-18.142760
-13.767328	-3.851062	-1.166187	1.395246	0.818790	-0.397696	-1.749356	-18.142861
4.092518	-4.215197	-1.175681	1.370716	0.828855	-0.396388	-1.749503	-18.142962
13.492598	-4.496756	-1.183728	1.343610	0.839762	-0.394957	-1.749662	-18.143072
-4.638613	-4.655022	-1.189320	1.316119	0.850602	-0.393518	-1.749820	-18.143183
-10.391754	0.496817	-1.047884	0.897260	0.994177	-0.372778	-1.751922	-18.144732
8.364386	4.900184	-0.665064	0.423961	1.123739	-0.350544	-1.753864	-18.146316
-3.942529	2.789783	-0.112019	-0.254849	1.276784	-0.317005	-1.756312	-18.148587
-10.636866	-2.462918	0.320388	-0.854436	1.391411	-0.280608	-1.758455	-18.150927
12.846259	-3.958040	0.573415	-1.302893	1.463113	-0.239598	-1.760371	-18.153442
8.422322	-0.964346	0.596229	-1.506605	1.478590	-0.195550	-1.761966	-18.156032
-13.666493	-0.770376	0.592141	-1.509769	1.477759	-0.193274	-1.762037	-18.156163
-1.527269	-0.576984	0.587630	-1.512255	1.476769	-0.190991	-1.762108	-18.156294
13.001771	2.082577	0.458284	-1.453354	1.435030	-0.150217	-1.763206	-18.158603
-11.791787	2.092272	0.286234	-1.225685	1.350701	-0.107516	-1.764071	-18.160967
-11.216758	0.071992	0.094015	-0.809126	1.207236	-0.056061	-1.764784	-18.163773
10.198259	-1.033485	-0.125780	-0.299668	1.022876	-0.002881	-1.765195	-18.166654
-0.485639	-1.006609	-0.137646	-0.274943	1.013442	-0.000371	-1.765207	-18.166790
-10.220431	-0.971233	-0.149668	-0.250189	1.003940	0.002141	-1.765218	-18.166926
10.764980	0.326385	-0.363424	0.203651	0.815919	0.049261	-1.765310	-18.169484
1.910071	0.624412	-0.427929	0.608301	0.610035	0.096992	-1.765183	-18.172097
-11.578470	-0.179539	-0.170984	0.963024	0.355043	0.152994	-1.764763	-18.175212
-1.952785	-0.734125	0.230450	1.154216	0.092315	0.208949	-1.764056	-18.178403
11.088832	-0.743175	0.248365	1.158738	0.079482	0.211663	-1.764015	-18.178560
-11.055539	-0.750370	0.265912	1.162788	0.066645	0.214378	-1.763972	-18.178718
-10.083879	-0.577889	0.506105	1.152875	-0.156236	0.261540	-1.763126	-18.181498
10.404858	0.133380	0.588017	0.987181	-0.373692	0.308000	-1.762080	-18.184333
0.587215	1.249979	0.367782	0.644108	-0.614746	0.360843	-1.760613	-18.187703
-13.103837	0.820873	-0.226903	0.212770	-0.836509	0.411874	-1.758886	-18.191147
12.058022	0.726603	-0.255502	0.193232	-0.845609	0.414043	-1.758805	-18.191299
13.291547	0.625173	-0.283980	0.173667	-0.854666	0.416209	-1.758724	-18.191450
-14.957331	-1.495756	-0.755471	-0.211151	-1.024975	0.458646	-1.756991	-18.194516
6.503956	-0.619698	-0.868881	-0.546958	-1.171105	0.499023	-1.755067	-18.197638
13.775141	1.634300	-0.577803	-0.818599	-1.303401	0.542379	-1.752634	-18.201284
-11.395403	1.235202	0.054242	-0.963303	-1.391972	0.582169	-1.749960	-18.205003
-11.222964	1.152753	0.089107	-0.967215	-1.394993	0.583968	-1.749827	-18.205182
11.212251	1.066834	0.124188	-0.970868	-1.397900	0.585760	-1.749693	-18.205361
-1.480652	-0.721838	0.747643	-0.993404	-1.430009	0.616779	-1.747156	-18.208663
-10.487350	-2.033925	1.160175	-0.936789	-1.420912	0.644470	-1.744446	-18.212019
11.422689	-1.660361	1.130327	-0.775587	-1.363657	0.672096	-1.741130	-18.215935
5.509759	0.510679	0.658713	-0.515488	-1.262715	0.695354	-1.737596	-18.219923
-12.321776	0.638893	0.628844	-0.501221	-1.256938	0.696352	-1.737422	-18.220114
2.517686	0.768160	0.598483	-0.486820	-1.251077	0.697340	-1.737248	-18.220306
12.552364	2.897830	-0.019507	-0.203625	-1.129142	0.713802	-1.733961	-18.223863
-12.419484	3.389878	-0.647673	0.092443	-0.983678	0.726979	-1.730515	-18.227474
-3.701669	1.906875	-1.217362	0.407266	-0.794037	0.738068	-1.726381	-18.231674
12.873616	-0.204064	-1.542227	0.653463	-0.586078	0.744937	-1.722051	-18.235943
2.892969	-0.287640	-1.550405	0.662679	-0.575969	0.745157	-1.721843	-18.236146
-12.954515	-0.369009	-1.557904	0.671660	-0.565828	0.745368	-1.721634	-18.236348
12.741340	-1.713770	-1.569620	0.793041	-0.375563	0.747603	-1.717716	-18.240104
14.152592	-3.475474	-1.331980	0.831924	-0.181350	0.746736	-1.713650	-18.243911
-13.054774	-5.761469	-0.737641	0.787988	0.043618	0.741865	-1.708738	-18.248394
2.911821	-3.316230	0.147725	0.667196	0.263269	0.732873	-1.703612	-18.252945
10.890386	-3.081309	0.189701	0.660389	0.272774	0.732382	-1.703381	-18.253148
-7.709133	-2.836467	0.231727	0.653466	0.282269	0.731883	-1.703150	-18.253350
-8.731134	2.888139	1.019037	0.497570	0.464125	0.720508	-1.698526	-18.257341
6.508402	6.724194	1.598016	0.310991	0.636782	0.706102	-1.693733	-18.261381
-4.972809	3.355213	1.799575	0.074054	0.821465	0.685716	-1.687979	-18.266108
-3.710118	-4.216833	1.502537	-0.163380	0.986559	0.661346	-1.681985	-18.270899
6.191904	-4.516152	1.478499	-0.173638	0.993419	0.660164	-1.681712	-18.271114
5.192671	-4.803919	1.453582	-0.183848	1.000231	0.658974	-1.681437	-18.271330
-8.788300	-6.844294	0.806853	-0.368963	1.121991	0.634451	-1.676045	-18.275521
4.855920	-0.725972	-0.089492	-0.521187	1.223380	0.607004	-1.670464	-18.279758
11.216159	6.341000	-1.128674	-0.637677	1.312448	0.571351	-1.663713	-18.284754
-8.324603	2.742474	-1.792466	-0.666573	1.366343	0.531786	-1.656693	-18.289810
-9.925118	2.444523	-1.809688	-0.665478	1.367834	0.529967	-1.656379	-18.290032
9.897080	2.144794	-1.825828	-0.664170	1.369251	0.528141	-1.656065	-18.290255
6.670637	-3.092551	-1.907421	-0.593487	1.382354	0.490808	-1.649797	-18.294647
-11.718569	-4.865373	-1.477328	-0.437500	1.369338	0.450733	-1.643318	-18.299083
12.909951	-0.769606	-0.326695	-0.182198	1.325054	0.401087	-1.635538	-18.304279
6.787667	3.378451	1.001084	0.107200	1.253345	0.348317	-1.627464	-18.309530
-12.624818	3.464700	1.052633	0.119844	1.249660	0.345951	-1.627105	-18.309761
3.519104	3.539658	1.103160	0.132450	1.245933	0.343581	-1.626746	-18.309991
11.668399	3.049306	1.831625	0.369622	1.163694	0.295645	-1.619524	-18.314564
-11.105458	0.230968	1.883315	0.562590	1.067040	0.245840	-1.612073	-18.319178
-10.520067	-2.174078	1.117374	0.699011	0.939907	0.185705	-1.603094	-18.324605
12.874674	-0.083047	-0.272367	0.734739	0.801770	0.123619	-1.593790	-18.330085
-0.492637	0.072160	-0.334811	0.734031	0.795500	0.120846	-1.593373	-18.330327
-13.023355	0.228123	-0.396652	0.733131	0.789211	0.118068	-1.592955	-18.330570
15.116175	1.892626	-1.825774	0.518694	0.507856	-0.004109	-1.574340	-18.341110
13.712860	-2.439152	0.033353	0.017955	0.214170	-0.129929	-1.554480	-18.351830
-12.348460	-2.028747	0.097413	0.003962	0.207019	-0.133000	-1.553983	-18.352091
3.676007	-1.577818	0.161432	-0.010068	0.199869	-0.136071	-1.553486	-18.352353
12.254569	-1.101388	0.226289	-0.024345	0.192611	-0.139190	-1.552981	-18.352618
-8.358710	-0.634025	0.290963	-0.038661	0.185348	-0.142312	-1.552475	-18.352884
-12.014462	2.831286	1.246552	-0.276946	0.065260	-0.194142	-1.543966	-18.357307
12.365396	2.130835	1.777764	-0.505288	-0.053713	-0.246040	-1.535238	-18.361758
-1.188833	-1.399622	1.852819	-0.757759	-0.203629	-0.312618	-1.523692	-18.367520
-13.833122	-3.855873	1.426505	-0.943044	-0.348473	-0.378763	-1.511772	-18.373326
13.865885	-3.865790	1.398754	-0.949892	-0.354914	-0.381758	-1.511221	-18.373592
9.121263	-3.864080	1.370445	-0.956610	-0.361341	-0.384751	-1.510668	-18.373857
-14.157567	-2.053851	0.736187	-1.061668	-0.481566	-0.441809	-1.499923	-18.378964
-1.006375	1.443470	-0.006004	-1.126312	-0.595216	-0.498078	-1.488882	-18.384104
11.012993	4.253223	-0.862671	-1.159680	-0.715477	-0.561144	-1.475898	-18.390016
-9.159204	3.304007	-1.599278	-1.159550	-0.824087	-0.622605	-1.462513	-18.395969
-8.533966	3.193291	-1.628600	-1.158885	-0.828805	-0.625394	-1.461887	-18.396245
9.087746	3.079643	-1.657443	-1.158168	-0.833499	-0.628179	-1.461259	-18.396520
-0.733230	0.645771	-2.100985	-1.135996	-0.917599	-0.680091	-1.449216	-18.401750
-10.974711	-1.867310	-2.307573	-1.101367	-0.992713	-0.730325	-1.436858	-18.407011
12.754148	-3.995926	-2.174334	-1.051067	-1.068073	-0.785772	-1.422246	-18.413098
6.621223	-3.891492	-1.608903	-0.985790	-1.131693	-0.838418	-1.407205	-18.419223
-13.504534	-3.784666	-1.574900	-0.982382	-1.134297	-0.840731	-1.406514	-18.419501
7.287038	-3.666386	-1.540290	-0.978932	-1.136877	-0.843037	-1.405822	-18.419779
13.418571	0.084808	-0.767433	-0.903640	-1.181706	-0.885942	-1.392387	-18.425125
-13.627267	3.768456	0.187825	-0.808079	-1.217948	-0.926286	-1.378617	-18.430497
-10.065501	3.321106	1.425134	-0.666715	-1.249975	-0.969382	-1.362312	-18.436727
15.536786	-0.201369	2.552056	-0.485144	-1.272691	-1.008493	-1.345549	-18.442991
-0.974233	-0.377376	2.596589	-0.475675	-1.273534	-1.010196	-1.344764	-18.443281
-15.571851	-0.551164	2.640209	-0.466110	-1.274360	-1.011890	-1.343978	-18.443571
15.343750	-3.050599	3.258896	-0.266752	-1.286852	-1.041949	-1.329046	-18.449026
9.099275	-3.474753	3.368695	-0.026684	-1.294153	-1.068562	-1.313760	-18.454506
-12.717705	-1.770006	2.707377	0.299530	-1.297162	-1.094636	-1.295746	-18.460833
-2.624154	0.994638	1.347597	0.656333	-1.295565	-1.115586	-1.277250	-18.467190
11.428476	1.129266	1.263900	0.674744	-1.295383	-1.116508	-1.276298	-18.467514
-5.631148	1.261359	1.179002	0.693156	-1.295192	-1.117416	-1.275344	-18.467838
-11.135060	2.796101	-0.430751	1.004213	-1.290715	-1.130770	-1.258827	-18.473390
11.677629	2.254558	-2.177050	1.294678	-1.284370	-1.139982	-1.241936	-18.478964
2.523932	0.010384	-3.765239	1.578176	-1.275491	-1.145494	-1.222047	-18.485398
-14.272024	-1.692963	-4.160527	1.779618	-1.265667	-1.145686	-1.201651	-18.491858
14.323438	-1.717556	-4.136822	1.786548	-1.265196	-1.145568	-1.200684	-18.492161
9.637989	-1.735469	-4.108807	1.793232	-1.264724	-1.145438	-1.199716	-18.492464
-14.881244	-1.031560	-2.896844	1.871567	-1.255956	-1.140998	-1.181483	-18.498118
8.954620	0.753062	-0.767897	1.857253	-1.247208	-1.132793	-1.162868	-18.503789
12.461062	1.211569	2.070642	1.715049	-1.235884	-1.118841	-1.140972	-18.510342
-10.990569	-1.256470	4.295537	1.426274	-1.222093	-1.100246	-1.118594	-18.516917
-8.337285	-1.321695	4.355070	1.409144	-1.221378	-1.099276	-1.117546	-18.517222
11.063267	-1.373717	4.409215	1.391660	-1.220655	-1.098295	-1.116496	-18.517527
-6.289456	-0.252666	4.464524	1.003379	-1.205596	-1.078207	-1.096675	-18.523247
-18.218405	2.304683	3.019201	0.514532	-1.187184	-1.054902	-1.076508	-18.528982
7.663523	2.576273	0.160671	-0.116279	-1.160776	-1.024025	-1.052711	-18.535649
14.100857	-2.551692	-2.767162	-0.737234	-1.127941	-0.989177	-1.028472	-18.542334
-13.549437	-2.890909	-2.879281	-0.763781	-1.126285	-0.987509	-1.027364	-18.542637
12.994524	-3.213806	-2.988606	-0.790131	-1.124615	-0.985832	-1.026256	-18.542940
17.347095	-3.422276	-4.368082	-1.245241	-1.089620	-0.952349	-1.004913	-18.548738
-4.737843	1.365818	-4.061401	-1.581872	-1.048309	-0.916171	-0.983257	-18.554548
-7.122745	3.721009	-2.241063	-1.816201	-0.992305	-0.871528	-0.958049	-18.561226
11.536041	1.617418	0.178498	-1.895136	-0.926263	-0.823684	-0.932451	-18.567919
-1.667018	1.404920	0.302861	-1.895118	-0.922665	-0.821193	-0.931152	-18.568257
-11.750653	1.184648	0.426764	-1.894722	-0.919044	-0.818697	-0.929853	-18.568594
12.455207	-2.540925	2.372971	-1.829517	-0.852695	-0.774538	-0.907333	-18.574407
7.937854	-3.259024	3.588397	-1.656288	-0.779141	-0.728247	-0.884537	-18.580229
-12.898435	-1.069353	3.805712	-1.341074	-0.689564	-0.674427	-0.858880	-18.586713
12.839763	1.599672	3.036859	-0.908429	-0.592478	-0.618286	-0.832904	-18.593208
-12.407560	2.327207	1.583888	-0.376998	-0.484261	-0.557573	-0.805542	-18.599977
-8.580204	1.172445	-0.053510	0.184460	-0.369534	-0.494707	-0.777857	-18.606756
11.865812	1.109942	-0.126278	0.209625	-0.364220	-0.491825	-0.776601	-18.607062
-2.395647	1.048420	-0.198810	0.234754	-0.358892	-0.488937	-0.775344	-18.607368
-11.564627	0.109013	-1.508996	0.702501	-0.253937	-0.432450	-0.750963	-18.613277
10.484393	-0.331309	-2.531165	1.113565	-0.145272	-0.374606	-0.726354	-18.619193
11.352470	-0.700668	-3.126021	1.470056	-0.016603	-0.306656	-0.697819	-18.625993
-11.525608	-1.038234	-2.947068	1.664418	0.115411	-0.237262	-0.669007	-18.632800
2.420767	-1.021776	-2.923143	1.669501	0.121527	-0.234051	-0.667680	-18.633112
11.574513	-1.000555	-2.898104	1.674264	0.127645	-0.230838	-0.666353	-18.633423
-12.161397	-0.039401	-2.255699	1.707159	0.245116	-0.169147	-0.640968	-18.639368
-13.355117	0.721388	-1.478061	1.640477	0.363651	-0.106631	-0.615388	-18.645316
14.078947	0.440968	-0.679172	1.462982	0.498050	-0.034353	-0.585934	-18.652115
-4.004828	-0.569817	0.021179	1.200524	0.628591	0.038660	-0.556247	-18.658916
-13.598630	-0.579004	0.053818	1.185337	0.635085	0.042389	-0.554732	-18.659262
13.540616	-0.579935	0.086100	1.170004	0.641559	0.046117	-0.553217	-18.659608
10.024728	0.226732	0.612973	0.886159	0.749722	0.110167	-0.527176	-18.665529
-10.991017	0.792867	1.203234	0.572756	0.851838	0.174501	-0.500976	-18.671452
2.514767	-0.813697	2.042045	0.193943	0.960551	0.249019	-0.470520	-18.678294
10.675774	-1.469296	2.614318	-0.180266	1.057392	0.323569	-0.439873	-18.685134
-10.695563	-1.402839	2.624325	-0.196035	1.061293	0.326802	-0.438539	-18.685431
-7.661636	-1.326037	2.632762	-0.211748	1.065169	0.330034	-0.437205	-18.685728
11.168196	1.208721	2.477281	-0.516736	1.137716	0.395401	-0.410115	-18.691737
-5.642446	2.248922	1.741697	-0.792393	1.198004	0.460507	-0.382896	-18.697744
-12.291512	0.438731	0.387234	-1.060213	1.249493	0.533351	-0.352104	-18.704504
13.128309	-2.697225	-0.986959	-1.274690	1.281715	0.605521	-0.321171	-18.711259
12.259324	-2.728651	-1.040883	-1.283245	1.282714	0.608866	-0.319726	-18.711574
-13.163597	-2.741343	-1.093432	-1.291669	1.283667	0.612211	-0.318279	-18.711889
3.175711	-0.460252	-1.842945	-1.423103	1.292694	0.674373	-0.291193	-18.717773
11.447143	2.508244	-2.307964	-1.501216	1.284131	0.735752	-0.264017	-18.723653
-8.830510	1.363649	-2.712141	-1.518076	1.250881	0.806163	-0.232218	-18.730503
-9.202397	-1.422519	-2.890752	-1.449767	1.193971	0.875100	-0.200320	-18.737344
9.293876	-1.494292	-2.891046	-1.444813	1.191006	0.878046	-0.198938	-18.737640
3.486291	-1.557441	-2.890617	-1.439697	1.188003	0.880988	-0.197556	-18.737936
-12.752366	-1.197330	-2.715390	-1.305981	1.120391	0.938641	-0.170117	-18.743796
16.544629	0.719093	-2.158044	-1.118908	1.038382	0.994876	-0.142621	-18.749648
9.111477	0.504771	-0.980254	-0.849325	0.926534	1.058351	-0.110539	-18.756453
-18.210335	-0.322914	0.454011	-0.541672	0.799157	1.119392	-0.078403	-18.763245
-0.703279	-0.312539	0.517048	-0.527449	0.793187	1.122036	-0.076978	-18.763546
17.994976	-0.296288	0.579773	-0.513190	0.787191	1.124675	-0.075552	-18.763847
-9.200563	0.625858	1.726370	-0.229501	0.665087	1.175120	-0.047692	-18.769716
-12.092166	0.798317	2.664892	0.055673	0.534505	1.223327	-0.019809	-18.775574
11.440557	-1.356406	3.315421	0.367320	0.377069	1.275329	0.011998	-18.782239
-0.926080	-1.296459	3.225095	0.648108	0.212513	1.323915	0.043812	-18.788888
-13.904738	-1.228646	3.203180	0.660260	0.204658	1.326104	0.045304	-18.789200
14.043408	-1.156622	3.179834	0.672310	0.196793	1.328285	0.046795	-18.789511
0.666806	0.689092	2.504807	0.878214	0.048210	1.367486	0.074638	-18.795316
-18.165651	2.780102	1.458876	1.046123	-0.102706	1.403664	0.102470	-18.801107
3.093830	4.073676	-0.062156	1.188771	-0.277182	1.441268	0.134425	-18.807745
17.693734	2.199314	-1.747344	1.274020	-0.450923	1.474370	0.166344	-18.814362
-13.143115	1.996487	-1.820744	1.276508	-0.458879	1.475780	0.167812	-18.814667
-17.521082	1.782632	-1.893289	1.278867	-0.466829	1.477181	0.169280	-18.814971
15.496406	-2.864569	-3.015196	1.298633	-0.614441	1.501497	0.196747	-18.820656
5.782260	-5.070279	-3.411468	1.269862	-0.758250	1.522069	0.224167	-18.826326
-11.489056	-3.455650	-2.618807	1.171335	-0.919769	1.541272	0.256421	-18.832987
1.690779	1.571831	-0.926967	1.009374	-1.068969	1.554741	0.288590	-18.839625
10.775804	1.759033	-0.852955	1.001989	-1.074415	1.555141	0.289827	-18.839880
-10.772418	1.941939	-0.778584	0.994517	-1.079842	1.555532	0.291064	-18.840135
-2.422229	4.550465	0.858545	0.810429	-1.192827	1.561851	0.318300	-18.845751
11.245734	3.807458	2.228771	0.592834	-1.291572	1.563635	0.345458	-18.851348
-8.929732	-0.926183	3.083936	0.305275	-1.385236	1.559782	0.376885	-18.857822
-11.343864	-3.280376	2.833302	-0.008018	-1.452809	1.549297	0.408185	-18.864270
11.367324	-3.186491	2.785143	-0.024211	-1.455486	1.548580	0.409777	-18.864598
2.101732	-3.065993	2.733392	-0.040406	-1.458087	1.547844	0.411369	-18.864926
-12.215511	0.849959	1.460115	-0.308027	-1.489699	1.532736	0.438104	-18.870433
12.769606	2.598590	-0.129436	-0.553133	-1.496766	1.512345	0.464731	-18.875919
14.769290	-0.011956	-1.698989	-0.786258	-1.470653	1.481507	0.495880	-18.882338
-14.187906	-2.088540	-2.527974	-0.930165	-1.404319	1.443545	0.526863	-18.888726
2.995031	-2.024250	-2.541119	-0.933760	-1.400638	1.441815	0.528149	-18.888991
14.055392	-1.943036	-2.552406	-0.937143	-1.396882	1.440074	0.529436	-18.889256
-12.543860	1.281779	-2.449624	-0.960076	-1.302051	1.401425	0.556028	-18.894741
-11.281290	1.669498	-1.991810	-0.898415	-1.175594	1.358065	0.582488	-18.900202
12.752596	-0.344326	-1.456687	-0.742626	-0.997228	1.303159	0.612521	-18.906402
3.261566	-1.147182	-0.894117	-0.518077	-0.788630	1.242856	0.642372	-18.912569
-13.934982	-1.116439	-0.861934	-0.506574	-0.778498	1.239983	0.643729	-18.912849
7.156877	-1.078556	-0.828866	-0.494970	-0.768310	1.237098	0.645086	-18.913130
14.154837	0.306091	-0.045862	-0.255355	-0.562356	1.179289	0.671272	-18.918543
-13.434781	0.767292	0.915574	0.002080	-0.342558	1.117876	0.697306	-18.923928
2.550375	-0.474034	1.943535	0.295847	-0.081582	1.044083	0.726692	-18.930010
12.112585	-0.778851	2.254063	0.568483	0.185273	0.966386	0.755871	-18.936055
-12.130587	-0.719715	2.243193	0.579497	0.196913	0.962925	0.757136	-18.936317
-1.432946	-0.653418	2.230070	0.590421	0.208551	0.959457	0.758399	-18.936579
12.904027	1.001119	1.537457	0.786970	0.441868	0.888243	0.783771	-18.941839
-0.013077	0.420208	0.242059	0.924906	0.670090	0.814631	0.808976	-18.947069
-13.560105	-1.727858	-1.420899	0.984848	0.918223	0.728259	0.837458	-18.952984
12.864235	-2.256912	-2.634359	0.913114	1.147586	0.639521	0.865712	-18.958858
13.193791	-2.193206	-2.668518	0.906123	1.157637	0.635356	0.867016	-18.959129
-13.176544	-2.119529	-2.700276	0.898785	1.167631	0.631187	0.868319	-18.959401
3.963665	0.513521	-2.875982	0.691559	1.344551	0.551875	0.892797	-18.964495
12.412590	3.160300	-2.353647	0.351344	1.497315	0.471351	0.917090	-18.969556
-11.468386	3.046504	-1.142083	-0.152133	1.638481	0.377661	0.944774	-18.975330
-10.813579	0.853773	0.440052	-0.701513	1.737788	0.283113	0.972205	-18.981059
10.665193	0.748683	0.511902	-0.724997	1.741040	0.279031	0.973380	-18.981304
2.702770	0.644175	0.583911	-0.748432	1.744207	0.274945	0.974555	-18.981550
-10.765048	-1.458071	2.021764	-1.197348	1.788629	0.192419	0.998153	-18.986485
10.764732	-3.729804	3.297307	-1.566125	1.793568	0.109870	1.021551	-18.991384
12.561464	-5.321119	4.311012	-1.825619	1.745636	0.014752	1.048324	-18.996997
-13.171820	-3.523700	4.634723	-1.845023	1.635212	-0.079880	1.074820	-19.002561
0.496976	-3.305492	4.634935	-1.840045	1.628785	-0.084062	1.075988	-19.002807
13.194965	-3.073227	4.634127	-1.834572	1.622221	-0.088246	1.077157	-19.003053
-13.249709	2.749740	4.449484	-1.634817	1.468421	-0.169529	1.099845	-19.007825
-11.910511	6.603538	4.068249	-1.277720	1.269137	-0.250090	1.122315	-19.012559
13.047227	5.625254	3.565852	-0.710022	0.992043	-0.341994	1.147982	-19.017976
-0.727564	-0.788436	2.987817	-0.021851	0.676145	-0.432487	1.173348	-19.023339
-12.497952	-1.091664	2.959132	0.011161	0.661217	-0.436521	1.174482	-19.023579
10.671302	-1.388740	2.930193	0.044294	0.646248	-0.440548	1.175614	-19.023819
11.625066	-5.736721	2.310833	0.705703	0.348371	-0.517622	1.197359	-19.028426
-10.744952	-7.094611	1.550967	1.386691	0.039154	-0.593276	1.218869	-19.032992
6.757009	-4.439897	0.440666	2.153096	-0.320185	-0.678318	1.243311	-19.038190
10.900388	0.876710	-1.048675	2.855679	-0.671977	-0.761033	1.267431	-19.043333
-10.957969	1.141656	-1.127982	2.885420	-0.687645	-0.764746	1.268523	-19.043566
-9.118058	1.405677	-1.208446	2.914943	-0.703282	-0.768456	1.269616	-19.043799
12.230505	4.979963	-2.963117	3.424217	-0.990586	-0.837826	1.290218	-19.048203
-5.156823	3.409924	-5.024859	3.815069	-1.254495	-0.905094	1.310571	-19.052562
-11.275058	-0.741215	-6.663747	4.079549	-1.521530	-0.980232	1.333844	-19.057560
9.245954	-1.619554	-5.938327	4.089324	-1.739826	-1.052090	1.356769	-19.062497
8.271537	-1.571751	-5.833000	4.082968	-1.747761	-1.054988	1.357710	-19.062699
-9.110173	-1.518585	-5.720958	4.076013	-1.755608	-1.057880	1.358650	-19.062902
-0.321581	0.153280	-2.174427	3.780272	-1.899570	-1.117005	1.378190	-19.067123
8.040992	0.746823	2.447625	3.153249	-2.004085	-1.173315	1.397460	-19.071296
-8.137586	-1.380522	6.400929	1.942154	-2.074169	-1.234209	1.419217	-19.076023
-7.945111	0.261084	5.662128	0.184421	-2.089744	-1.290971	1.440609	-19.080686
10.360242	0.504817	5.516676	0.092488	-2.089112	-1.293530	1.441603	-19.080903
-3.295409	0.764406	5.363107	-0.000020	-2.088356	-1.296079	1.442597	-19.081120
-15.924510	6.210309	1.517019	-1.781556	-2.051545	-1.341810	1.460932	-19.085131
13.438793	6.803250	-2.696576	-3.521467	-1.970732	-1.384410	1.478980	-19.089093
35.091100	-10.564940	-5.509436	-6.144210	-1.600617	-1.472926	1.520241	-19.098203
-14.965822	1.913688	4.602841	-4.860453	-0.986391	-1.546506	1.559841	-19.107026
4.370902	3.875730	4.747185	-4.777860	-0.969398	-1.548095	1.560766	-19.107233
13.092464	5.813070	4.877702	-4.692905	-0.952319	-1.549677	1.561691	-19.107440
-9.604995	7.480674	4.986829	-4.611207	-0.936249	-1.551151	1.562556	-19.107634
-11.450077	8.891373	5.082752	-4.527446	-0.920107	-1.552619	1.563420	-19.107827
10.747120	9.965736	5.165648	-4.440815	-0.903742	-1.554094	1.564291	-19.108023
-8.108586	10.697176	5.234025	-4.352088	-0.887306	-1.555562	1.565162	-19.108218
-10.624095	-0.454134	4.688328	-2.824767	-0.637483	-1.576452	1.577897	-19.111078
16.128410	-8.321214	2.034732	-0.997086	-0.376656	-1.595956	1.590441	-19.113906
10.739384	-2.585722	-2.824658	1.714003	0.000869	-1.621165	1.607759	-19.117826
-15.945464	3.881820	-5.373286	4.124258	0.380202	-1.643919	1.624686	-19.121680
1.081783	1.359238	-2.745245	5.998920	0.768552	-1.665401	1.642074	-19.125662
9.775790	-1.566816	2.202406	7.132627	1.132390	-1.684552	1.659017	-19.129568
-9.806896	-1.493560	2.396732	7.164970	1.147408	-1.685333	1.659741	-19.129736
-4.872918	-1.397335	2.586612	7.195933	1.162363	-1.686110	1.660466	-19.129903
11.800366	2.012513	5.362203	7.519117	1.440813	-1.700653	1.674581	-19.133180
-5.848920	0.608875	6.331376	7.292032	1.683008	-1.713770	1.688362	-19.136399
-12.531667	-4.937923	5.979835	6.358463	1.915232	-1.727368	1.703929	-19.140063
11.935442	-7.616209	5.035745	4.841519	2.095279	-1.739408	1.719035	-19.143647
10.451108	-7.568982	4.993408	4.757901	2.102540	-1.739943	1.719741	-19.143815
-11.995221	-7.503097	4.951950	4.673421	2.109681	-1.740476	1.720444	-19.143983
6.405464	-3.929743	4.289859	2.997820	2.219590	-1.749657	1.733063	-19.147004
15.275994	1.250120	3.639135	1.133457	2.291934	-1.757965	1.745332	-19.149965
-14.813838	5.986910	2.547906	-1.184407	2.329862	-1.766903	1.759495	-19.153414
-9.055012	11.963702	0.732142	-3.433465	2.316172	-1.774994	1.773156	-19.156775
12.886270	16.232670	-1.830917	-5.246048	2.260522	-1.781683	1.785010	-19.159722
-1.976322	14.851504	-5.200609	-6.721691	2.164415	-1.787846	1.796454	-19.162597
-18.456667	14.468286	-5.379285	-6.787223	2.158273	-1.788155	1.797043	-19.162745
1.482525	14.044798	-5.556684	-6.851444	2.152021	-1.788462	1.797630	-19.162894
37.309466	-14.526883	-9.168178	-8.124690	1.810284	-1.799633	1.820331	-19.168700
-17.680649	4.967782	-1.279512	-6.465521	1.302811	-1.808497	1.841183	-19.174173
-2.595226	6.447323	-1.022341	-6.400093	1.289519	-1.808673	1.841639	-19.174295
14.881001	7.808243	-0.764369	-6.333726	1.276162	-1.808848	1.842094	-19.174416
-13.268925	9.026836	-0.464085	-6.255521	1.260571	-1.809050	1.842621	-19.174556
-10.868010	9.731764	-0.163223	-6.176105	1.244893	-1.809250	1.843147	-19.174697
10.566814	9.993986	0.102871	-6.104954	1.230968	-1.809425	1.843610	-19.174820
-0.299575	10.004442	0.369020	-6.032901	1.216975	-1.809600	1.844073	-19.174944
-7.270469	-3.434772	4.148089	-4.865902	1.000853	-1.812046	1.850842	-19.176764
14.981910	-7.073157	6.965017	-3.571197	0.771870	-1.814213	1.857380	-19.178541
7.066714	-0.005178	8.646414	-1.677987	0.434243	-1.816774	1.866125	-19.180951
-21.439623	4.084636	8.230764	0.166925	0.080583	-1.818794	1.874417	-19.183278
2.170004	1.316717	6.318676	1.959240	-0.300602	-1.820333	1.882603	-19.185620
11.857777	-2.569918	3.589747	3.577810	-0.687501	-1.821287	1.890291	-19.187869
-11.442623	-2.645276	3.457175	3.646932	-0.705155	-1.821317	1.890629	-19.187969
-11.658620	-2.706844	3.324483	3.715591	-0.722795	-1.821345	1.890966	-19.188069
11.610124	-1.868927	0.820442	4.944350	-1.058993	-1.821660	1.897210	-19.189940
-2.993157	0.712007	-1.410944	6.001982	-1.390558	-1.821542	1.903078	-19.191740
-13.764623	2.939306	-3.418436	6.987415	-1.762501	-1.820872	1.909389	-19.193727
13.952183	1.812322	-4.635155	7.694006	-2.116839	-1.819640	1.915204	-19.195616
10.297314	1.662698	-4.669985	7.718959	-2.132365	-1.819571	1.915456	-19.195700
-13.935243	1.505123	-4.702999	7.743267	-2.147832	-1.819500	1.915706	-19.195783
5.824239	-2.117715	-4.982417	8.082670	-2.432028	-1.817950	1.920277	-19.197322
13.553228	-3.867402	-4.577326	8.179603	-2.694858	-1.815993	1.924482	-19.198787
-5.783414	-0.173263	-3.329746	8.004205	-2.970017	-1.813237	1.928879	-19.200384
-13.476822	4.142957	-1.697085	7.595332	-3.215857	-1.809953	1.932795	-19.201880
13.438838	4.230863	-1.619247	7.571588	-3.226834	-1.809784	1.932969	-19.201949
3.631864	4.301317	-1.541850	7.547528	-3.237746	-1.809614	1.933143	-19.202017
-12.547056	2.716382	-0.222607	7.061988	-3.426477	-1.806282	1.936126	-19.203231
12.660977	-2.180743	0.862256	6.532738	-3.594119	-1.802561	1.938746	-19.204367
8.458850	-4.446403	1.741758	5.939956	-3.762056	-1.797787	1.941321	-19.205581
-14.513209	-1.972110	2.181611	5.428910	-3.903450	-1.792507	1.943415	-19.206689
5.881163	-1.767321	2.192025	5.409141	-3.909128	-1.792261	1.943497	-19.206736
14.421978	-1.556642	2.201738	5.389682	-3.914752	-1.792014	1.943578	-19.206782
-3.187274	2.750831	2.271446	5.072796	-4.014492	-1.786997	1.944971	-19.207649
-10.260549	4.430420	2.193324	4.875503	-4.095513	-1.781611	1.946006	-19.208435
9.950036	0.432994	2.089143	4.747631	-4.166190	-1.774972	1.946757	-19.209238
-0.236003	-3.210148	2.031238	4.673315	-4.213674	-1.767860	1.947040	-19.209933
-11.860741	-3.308537	2.029882	4.670777	-4.215284	-1.767528	1.947042	-19.209962
11.932207	-3.400495	2.028635	4.668297	-4.216846	-1.767195	1.947043	-19.209991
6.147500	-4.140890	2.025352	4.629895	-4.238222	-1.760579	1.946875	-19.210501
