-13.783029	-1.290686	-1.740713	-0.578806	-1.543558	-14.479504	5.454696	14.277847	-8.217100
8.476551	-1.290690	-1.740673	-0.578619	-1.543749	-14.479232	5.454715	14.277825	-8.217098
9.911943	-1.290341	-1.740560	-0.578429	-1.543944	-14.478957	5.454734	14.277803	-8.217096
-9.913062	-1.230545	-1.726706	-0.574952	-1.547821	-14.473831	5.455069	14.277391	-8.217062
-3.153470	-1.089010	-1.691102	-0.571257	-1.552492	-14.468241	5.455395	14.276941	-8.217028
10.007853	1.321161	-0.540897	-0.527935	-1.631709	-14.396341	5.457960	14.271074	-8.216680
-9.667436	0.597483	1.412030	-0.468188	-1.777555	-14.287607	5.459758	14.262041	-8.216267
-10.292100	-1.526507	2.736544	-0.367575	-2.073103	-14.089612	5.460852	14.245258	-8.215620
10.171881	0.766385	0.744127	-0.254491	-2.480746	-13.833467	5.460333	14.223061	-8.214859
4.668777	0.778056	0.730838	-0.253993	-2.482810	-13.832197	5.460327	14.222950	-8.214856
-10.169044	0.789669	0.717536	-0.253496	-2.484877	-13.830927	5.460321	14.222839	-8.214852
5.426964	1.897196	-1.871409	-0.163618	-2.933622	-13.559245	5.458377	14.198798	-8.214086
9.181663	0.450298	-3.394780	-0.103781	-3.460307	-13.247740	5.454934	14.170681	-8.213231
0.350920	-2.337151	-2.834489	-0.089447	-4.143734	-12.848405	5.449053	14.133846	-8.212151
-8.520482	2.452166	0.193877	-0.108988	-4.901584	-12.404550	5.440919	14.091919	-8.210957
8.521342	2.510682	0.209136	-0.109103	-4.905148	-12.402450	5.440877	14.091718	-8.210951
-8.065750	2.568945	0.224383	-0.109217	-4.908712	-12.400350	5.440834	14.091517	-8.210945
-8.933407	2.403187	2.811769	-0.128075	-5.622138	-11.976250	5.431674	14.050512	-8.209800
8.104380	-1.651923	4.294123	-0.125172	-6.366554	-11.523195	5.420529	14.005714	-8.208566
10.526064	-3.070173	5.052134	-0.069890	-7.213004	-10.989971	5.405712	13.951678	-8.207094
-11.138120	-0.606013	5.448541	0.069781	-8.065490	-10.427642	5.388158	13.893143	-8.205513
8.330239	-0.448526	5.454585	0.075818	-8.091842	-10.409799	5.387569	13.891259	-8.205462
11.160185	-0.287362	5.460150	0.081968	-8.118186	-10.391932	5.386977	13.889371	-8.205412
-11.252343	3.257516	5.377689	0.308515	-8.879142	-9.862406	5.368544	13.832666	-8.203889
0.657768	0.285185	4.667812	0.615031	-9.624005	-9.314768	5.347647	13.772455	-8.202277
10.586875	-3.307817	2.756263	0.998784	-10.415870	-8.688235	5.321410	13.701539	-8.200383
-4.365842	0.548468	-0.439832	1.364738	-11.150907	-8.045839	5.291837	13.626460	-8.198380
-10.156333	0.696244	-0.547114	1.375072	-11.172529	-8.025744	5.290867	13.624071	-8.198316
10.146103	0.840686	-0.654450	1.385333	-11.194099	-8.005616	5.289893	13.621676	-8.198252
5.434881	3.291066	-3.692293	1.639184	-11.786328	-7.415350	5.260058	13.550299	-8.196346
-9.866442	1.879715	-6.121412	1.774119	-12.300354	-6.817660	5.227267	13.475679	-8.194352
9.880526	-3.329777	-6.090650	1.723904	-12.762525	-6.148763	5.187285	13.389164	-8.192034
8.365601	-2.338040	-1.845728	1.391585	-13.101664	-5.476906	5.143369	13.298823	-8.189606
-9.942541	-2.140745	-1.678997	1.376230	-13.110218	-5.456223	5.141954	13.295984	-8.189530
-0.376255	-1.933557	-1.511669	1.360551	-13.118664	-5.435541	5.140535	13.293141	-8.189453
10.012493	3.580866	3.022981	0.750655	-13.319891	-4.830838	5.097278	13.208415	-8.187168
-10.077529	-1.270630	5.205454	-0.178614	-13.438958	-4.228431	5.050589	13.120728	-8.184794
-7.277154	-4.154085	4.644122	-1.552264	-13.486866	-3.564125	4.994543	13.019897	-8.182051
10.064754	-2.125787	1.568870	-2.931109	-13.459163	-2.907577	4.933960	12.915573	-8.179198
6.827170	-1.982387	1.452957	-2.969308	-13.457239	-2.887313	4.932002	12.912274	-8.179107
-10.057161	-1.835450	1.336625	-3.007074	-13.455255	-2.867058	4.930039	12.908972	-8.179017
5.489900	2.751469	-1.944894	-3.854309	-13.373928	-2.284973	4.871196	12.811905	-8.176346
9.253492	6.350268	-4.062298	-4.005805	-13.255078	-1.712733	4.808426	12.712143	-8.173586
-7.916698	6.492125	-3.150580	-3.089181	-13.092514	-1.090827	4.734017	12.598334	-8.170418
-3.892966	-0.463855	1.845381	-1.230995	-12.879733	-0.484561	4.654476	12.481370	-8.167139
5.587449	-0.856087	2.002852	-1.161916	-12.872060	-0.466064	4.651930	12.477700	-8.167036
-5.501864	-1.261092	2.157689	-1.092182	-12.864305	-0.447566	4.649377	12.474024	-8.166932
-3.715998	-8.233762	4.014576	1.148766	-12.602747	0.082707	4.572907	12.365869	-8.163878
0.053279	9.115525	-0.878221	3.519967	-12.258283	0.597555	4.492025	12.255293	-8.160734
-9.220744	3.641718	-4.810993	5.739782	-11.054626	1.710510	4.289808	11.993586	-8.153203
-9.399991	-11.334727	3.198202	0.978575	-9.119489	2.721144	4.062556	11.720302	-8.145202
7.052742	-11.932344	3.310818	0.895091	-9.091953	2.732415	4.059715	11.717006	-8.145105
9.893690	-12.321391	3.423082	0.811281	-9.064307	2.743670	4.056870	11.713708	-8.145008
-10.559188	-11.175870	3.718406	0.587422	-8.990423	2.773453	4.049306	11.704953	-8.144749
1.813458	-6.705049	4.006623	0.361657	-8.915800	2.803106	4.041718	11.696190	-8.144490
11.554759	-3.952076	4.148551	0.246623	-8.877713	2.818078	4.037866	11.691749	-8.144358
-4.384962	-1.364541	4.287029	0.131151	-8.839428	2.833020	4.034007	11.687305	-8.144227
-17.935808	12.454107	5.334918	-2.449762	-7.951769	3.152353	3.947886	11.589392	-8.141318
19.238568	-4.606353	0.772763	-4.862567	-6.967940	3.456706	3.858501	11.490213	-8.138353
22.923119	-11.877853	-4.884236	-6.683343	-5.485957	3.842631	3.732578	11.354393	-8.134260
-20.725952	11.076180	-0.180862	-5.716062	-3.835714	4.198531	3.600476	11.216413	-8.130063
-2.575417	4.231161	3.632946	-2.493417	-2.003484	4.533819	3.457004	11.071322	-8.125607
11.505550	-8.606352	2.323767	1.659122	-0.113097	4.833541	3.306596	10.924080	-8.121040
-11.390379	-8.374572	2.196548	1.777274	-0.058308	4.841654	3.302146	10.919795	-8.120907
7.438560	-8.094791	2.064116	1.894964	-0.003471	4.849744	3.297686	10.915505	-8.120773
8.592340	7.211434	-2.205189	5.037426	1.693659	5.086242	3.155529	10.780752	-8.116549
-7.372571	-1.182494	-1.201459	6.606536	3.329590	5.290875	3.007635	10.644387	-8.112235
-4.098541	-4.493829	1.278630	6.919867	5.012817	5.478930	2.836855	10.491242	-8.107341
7.334864	2.937792	-0.761449	6.502306	6.500172	5.623906	2.659263	10.336276	-8.102334
1.729287	3.077415	-0.815400	6.485285	6.537674	5.627229	2.654336	10.332033	-8.102196
-7.339652	3.206832	-0.865984	6.468074	6.574973	5.630516	2.649410	10.327794	-8.102058
0.748841	3.198714	-1.017521	5.881315	7.699165	5.718891	2.486550	10.189178	-8.097530
6.976888	0.050680	0.181748	5.456296	8.644285	5.770211	2.318852	10.049275	-8.092914
-6.650796	-0.932455	1.447425	5.010419	9.491856	5.781492	2.122354	9.888453	-8.087550
-2.180921	-0.840993	1.484380	4.283206	10.089819	5.740182	1.920489	9.726119	-8.082072
6.608714	-0.821103	1.453856	4.238735	10.111557	5.736975	1.911083	9.718615	-8.081817
-6.619474	-0.799500	1.420638	4.193157	10.132805	5.733651	1.901666	9.711109	-8.081562
-1.592335	-0.338249	0.394949	3.167859	10.440361	5.650960	1.725297	9.571388	-8.076789
7.705595	0.043264	-1.000910	1.871921	10.591759	5.529106	1.545842	9.430695	-8.071933
5.029297	0.009129	-2.177205	0.118219	10.583237	5.335306	1.328402	9.261798	-8.066036
-9.421221	-0.042284	-2.146200	-1.699501	10.385468	5.092735	1.107696	9.091691	-8.060020
9.451805	-0.044706	-2.088179	-1.790794	10.370652	5.079166	1.096386	9.083003	-8.059711
2.470305	-0.048917	-2.023771	-1.881781	10.355393	5.065482	1.085070	9.074311	-8.059401
-9.814480	-0.123645	-0.286953	-3.294428	10.038488	4.821615	0.895891	8.929313	-8.054204
-3.254267	0.343767	1.819097	-4.334647	9.609724	4.548977	0.705220	8.783580	-8.048923
9.791294	0.472907	2.822998	-4.823226	8.983735	4.199084	0.481965	8.613151	-8.042670
-9.569997	-0.687410	0.925450	-4.463984	8.237391	3.818107	0.257765	8.441889	-8.036301
-6.592109	-0.734579	0.787164	-4.427281	8.198701	3.799021	0.246939	8.433610	-8.035991
9.547306	-0.778327	0.647023	-4.388977	8.159805	3.779886	0.236119	8.425335	-8.035681
1.623202	-1.135853	-1.836845	-3.454643	7.428913	3.428175	0.042784	8.277234	-8.030096
-9.284507	-1.153788	-3.069778	-2.128105	6.638934	3.059582	-0.150403	8.128650	-8.024425
1.775025	-1.136180	-1.487610	-0.287301	5.663846	2.612009	-0.375017	7.954833	-8.017703
9.905350	0.413216	1.485498	1.480204	4.662948	2.149435	-0.598341	7.780520	-8.010865
-9.933200	0.530165	1.591240	1.541086	4.624132	2.131312	-0.606940	7.773774	-8.010598
9.005508	0.648146	1.694760	1.601134	4.585350	2.113187	-0.615529	7.767032	-8.010331
10.738713	1.724204	3.118021	2.684668	3.723376	1.704818	-0.806543	7.616312	-8.004331
-11.620098	-1.812113	2.133001	3.150640	2.880570	1.291491	-0.995742	7.465359	-7.998243
-4.746080	-0.372280	-0.871012	2.992541	1.945191	0.810279	-1.212074	7.290337	-7.991084
12.801823	1.855461	-2.863252	2.279762	1.053777	0.330395	-1.424879	7.115169	-7.983809
5.445268	1.795501	-2.866851	2.237949	1.014619	0.308889	-1.434367	7.107281	-7.983479
-12.795395	1.719871	-2.860677	2.195450	0.975542	0.287395	-1.443848	7.099392	-7.983148
-2.022160	-0.823046	-1.289638	1.278099	0.243656	-0.120745	-1.623406	6.948568	-7.976783
11.617124	-1.747794	1.351666	0.273372	-0.460946	-0.521717	-1.799503	6.797767	-7.970332
-10.412751	1.648521	2.390170	-0.751289	-1.247283	-0.974322	-1.998969	6.622921	-7.962738
1.152567	-1.006508	0.765505	-1.458412	-2.003680	-1.409346	-2.192687	6.448273	-7.955028
9.136933	-1.143080	0.670170	-1.482495	-2.037315	-1.428579	-2.201322	6.440363	-7.954676
-2.518710	-1.268100	0.575574	-1.505920	-2.070919	-1.447780	-2.209950	6.432448	-7.954323
-8.214031	-1.403582	-0.961655	-1.825852	-2.698916	-1.803050	-2.371137	6.282366	-7.947584
7.591546	1.281785	-1.836362	-1.919823	-3.309996	-2.139130	-2.527218	6.132561	-7.940757
5.317252	1.073894	-1.828344	-1.763013	-3.998084	-2.502789	-2.702091	5.958495	-7.932697
-7.194370	-0.874367	-0.979708	-1.331661	-4.637248	-2.832428	-2.868943	5.784975	-7.924518
7.202062	-0.927512	-0.930473	-1.304958	-4.665446	-2.846935	-2.876537	5.776878	-7.924133
5.073869	-0.972501	-0.881026	-1.277711	-4.693451	-2.861348	-2.884107	5.768787	-7.923748
-7.494041	-0.740265	0.037728	-0.681995	-5.183101	-3.115695	-3.022614	5.617215	-7.916470
-1.427344	0.104092	0.764883	0.004479	-5.591027	-3.337386	-3.154066	5.466195	-7.909101
8.656785	0.603586	1.040048	0.744503	-5.922324	-3.540357	-3.290249	5.300520	-7.900877
-9.427080	0.126691	0.588972	1.348722	-6.104283	-3.696285	-3.416847	5.135677	-7.892543
-3.374746	0.090289	0.556712	1.371947	-6.108625	-3.702255	-3.422425	5.128125	-7.892157
9.499444	0.054111	0.523889	1.394731	-6.112597	-3.708118	-3.427982	5.120574	-7.891771
0.932899	-0.420729	-0.141078	1.743600	-6.115687	-3.800283	-3.531064	4.975075	-7.884271
-10.756384	-0.361935	-0.612390	1.902271	-5.975405	-3.852966	-3.625764	4.830360	-7.876684
10.145364	0.350119	-0.677321	1.822564	-5.630691	-3.867213	-3.725011	4.662853	-7.867736
11.120980	0.340592	-0.392808	1.466696	-5.117221	-3.834610	-3.811837	4.496574	-7.858670
-11.106340	0.293494	-0.374884	1.444941	-5.090721	-3.832108	-3.815442	4.489131	-7.858259
-3.173492	0.244516	-0.356628	1.422733	-5.063950	-3.829521	-3.819020	4.481691	-7.857849
10.579086	-0.430914	0.047473	0.913006	-4.499014	-3.763214	-3.882965	4.338708	-7.849884
-5.256642	0.341653	0.479023	0.274432	-3.856790	-3.667425	-3.937171	4.196786	-7.841830
-8.760175	0.676292	0.752428	-0.552505	-3.067791	-3.527153	-3.986517	4.038182	-7.832646
7.813703	-0.872311	0.386777	-1.426014	-2.239901	-3.355884	-4.023417	3.881079	-7.823349
-0.281209	0.794397	-0.918528	-2.223073	-1.397256	-3.155729	-4.048015	3.724665	-7.813883
-7.037908	1.364855	-1.275330	-2.803872	-0.564116	-2.930867	-4.060224	3.569941	-7.804302
3.178307	1.260398	-1.234383	-2.821016	-0.530671	-2.921244	-4.060461	3.563684	-7.803910
7.056695	1.144966	-1.188104	-2.837572	-0.497272	-2.911585	-4.060678	3.557430	-7.803518
-7.575438	-1.634825	0.613710	-3.032845	0.251289	-2.681848	-4.060170	3.415392	-7.794504
-3.843529	0.259229	1.809790	-2.793817	0.963901	-2.436421	-4.049296	3.274964	-7.785390
8.536262	0.378953	1.824622	-2.774096	0.990537	-2.426641	-4.048668	3.269562	-7.785036
-4.691729	0.497516	1.836755	-2.753525	1.017092	-2.416841	-4.048026	3.264161	-7.784681
-9.613640	2.120085	1.212229	-1.991167	1.641159	-2.170402	-4.027452	3.132289	-7.775915
10.582796	-0.094754	-0.954690	-0.816575	2.199969	-1.914544	-3.997759	3.001969	-7.767059
6.180796	-2.540077	-2.676279	0.776717	2.741586	-1.611346	-3.952441	2.853958	-7.756755
-11.513553	-2.047133	-1.124020	2.381389	3.151328	-1.302077	-3.895358	2.708116	-7.746333
6.576059	-1.894523	-1.015801	2.438955	3.164233	-1.290005	-3.892909	2.702503	-7.745926
11.490859	-1.732911	-0.905496	2.495994	3.176911	-1.277920	-3.890441	2.696889	-7.745519
-10.919788	1.950276	1.715678	3.568730	3.395264	-1.007631	-3.830820	2.572470	-7.736384
-7.103719	2.993723	3.341790	4.074868	3.479205	-0.737774	-3.762598	2.449746	-7.727161
8.861509	1.861667	2.317582	3.721760	3.397576	-0.429355	-3.673181	2.310068	-7.716391
-6.411449	-1.390113	-0.518194	2.557194	3.147289	-0.127389	-3.572566	2.172726	-7.705500
-8.163509	-1.512091	-0.625149	2.505350	3.135819	-0.116928	-3.568835	2.167950	-7.705116
8.154357	-1.632425	-0.731704	2.452894	3.124180	-0.106477	-3.565090	2.163178	-7.704731
2.743164	-3.251656	-3.014877	0.971519	2.779987	0.152814	-3.466448	2.044106	-7.695014
-8.832145	-2.223184	-3.804382	-0.679165	2.352255	0.403371	-3.359331	1.926929	-7.685203
9.712687	1.215199	-2.788794	-2.464216	1.803849	0.669483	-3.229888	1.798409	-7.674142
3.281293	2.605253	-0.525852	-3.913633	1.210881	0.917731	-3.090175	1.672334	-7.662965
-10.573308	2.658767	-0.433363	-3.955913	1.189349	0.926190	-3.085016	1.667893	-7.662565
-4.326869	2.715762	-0.340364	-3.997485	1.167784	0.934630	-3.079839	1.663452	-7.662165
11.097670	3.354618	2.025249	-4.766509	0.624211	1.137479	-2.945348	1.552710	-7.652037
-11.290642	-1.122141	3.823339	-4.887622	0.094461	1.320144	-2.802851	1.444012	-7.641816
-11.245186	-3.360589	3.301894	-4.134906	-0.455310	1.496804	-2.634618	1.325238	-7.630305
10.701844	3.025202	-0.399500	-2.643333	-0.946046	1.641346	-2.456738	1.209115	-7.618677
-0.763120	3.200859	-0.533448	-2.580489	-0.962295	1.645865	-2.450214	1.205020	-7.618260
-10.660133	3.360898	-0.664503	-2.517136	-0.978452	1.650337	-2.443678	1.200930	-7.617843
5.456637	2.952926	-2.926481	-0.804761	-1.351929	1.747184	-2.275543	1.099298	-7.607313
9.446781	-1.478982	-3.287462	0.988134	-1.656396	1.812395	-2.099897	0.999872	-7.596688
-8.901078	-3.344764	-1.709369	2.854849	-1.902440	1.844545	-1.895352	0.891667	-7.584730
-1.554767	1.772162	1.063401	4.282173	-2.036816	1.830370	-1.681769	0.786305	-7.572656
8.649558	1.969004	1.154451	4.320969	-2.039382	1.828959	-1.673966	0.782590	-7.572222
-2.320395	2.160148	1.243564	4.358771	-2.041787	1.827484	-1.666152	0.778880	-7.571788
-8.751583	3.292524	2.438264	4.937673	-2.047622	1.768988	-1.466201	0.686889	-7.560833
9.103373	-3.250383	1.153597	4.714185	-1.945871	1.668480	-1.259597	0.597274	-7.549784
8.312257	-2.614552	-0.503821	3.674495	-1.719876	1.509848	-1.023037	0.500455	-7.537385
-10.143902	2.822475	-1.469246	2.058595	-1.398899	1.309903	-0.780981	0.406679	-7.524868
5.933542	2.971141	-1.484918	1.993526	-1.385993	1.302111	-0.772252	0.403385	-7.524419
10.172119	3.109424	-1.499016	1.928073	-1.372999	1.294278	-0.763519	0.400095	-7.523969
-10.428273	2.910182	-1.288443	0.203152	-1.021458	1.085580	-0.542929	0.318772	-7.512630
6.270964	-1.254941	-0.099939	-1.507836	-0.633978	0.858404	-0.320794	0.239981	-7.501196
10.747620	-2.865711	0.990528	-3.072909	-0.181679	0.591262	-0.072623	0.155065	-7.488321
-11.085193	2.445241	0.569254	-3.956492	0.266653	0.318878	0.174001	0.073404	-7.475328
-6.152050	2.575145	0.538329	-3.974270	0.282022	0.309325	0.182619	0.070593	-7.474869
11.119162	2.693111	0.507133	-3.991164	0.297353	0.299776	0.191233	0.067787	-7.474410
-1.762047	2.702448	-0.301730	-4.130336	0.674749	0.058934	0.409648	-0.002533	-7.462632
-12.276109	-0.089859	-0.930681	-3.751604	1.018864	-0.171234	0.623902	-0.070142	-7.450758
12.764811	-2.136299	-1.126394	-2.881468	1.347065	-0.405133	0.854377	-0.141704	-7.437519
12.989684	-2.551587	-0.651355	-1.711901	1.604523	-0.608486	1.076351	-0.209855	-7.424163
-12.984017	-2.529464	-0.618324	-1.652656	1.614580	-0.617113	1.086515	-0.212964	-7.423534
3.040503	-2.499703	-0.584735	-1.593152	1.624444	-0.625651	1.096656	-0.216066	-7.422905
12.612124	-0.532744	0.114306	-0.452568	1.771491	-0.768162	1.282278	-0.272787	-7.411068
-11.888977	2.542924	0.826669	0.656260	1.839136	-0.873190	1.458675	-0.326803	-7.399141
-8.022076	2.056773	1.451648	1.752700	1.805830	-0.943107	1.651289	-0.386271	-7.385132
9.534020	-0.851071	1.690278	2.463176	1.648502	-0.961199	1.828897	-0.441964	-7.371000
-2.590057	-0.948207	1.691775	2.478883	1.640674	-0.960973	1.834866	-0.443856	-7.370500
-9.448698	-1.043737	1.692831	2.493883	1.632690	-0.960690	1.840816	-0.445744	-7.370000
8.455944	-2.694895	1.559802	2.644940	1.385176	-0.936606	1.981921	-0.491012	-7.357550
8.386096	-2.531021	1.050062	2.407353	1.048094	-0.882732	2.110455	-0.533319	-7.345008
-7.122252	-1.212046	0.041491	1.829837	0.603284	-0.795466	2.235645	-0.575950	-7.331252
7.049547	2.995792	-1.000678	1.069097	0.106780	-0.683935	2.345102	-0.614984	-7.317386
-7.539505	2.517880	-1.415877	0.245766	-0.433562	-0.547881	2.442069	-0.651832	-7.302798
-3.980982	-3.240108	-1.061437	-0.462941	-0.962509	-0.398173	2.520915	-0.684659	-7.288088
8.625904	-3.273995	-1.032636	-0.487085	-0.982053	-0.392262	2.523564	-0.685835	-7.287523
-2.374196	-3.278647	-1.002700	-0.510999	-1.001528	-0.386341	2.526187	-0.687004	-7.286958
-9.924211	0.998475	-0.125784	-0.981749	-1.424395	-0.248744	2.578736	-0.712156	-7.273955
1.481745	3.526220	0.648768	-1.253512	-1.786632	-0.110437	2.616603	-0.734139	-7.260859
12.495128	0.910019	0.760910	-1.248124	-2.095102	0.042012	2.641378	-0.755224	-7.245864
-13.096294	-3.786863	0.246574	-0.934996	-2.267895	0.183635	2.646267	-0.772131	-7.230748
7.497330	-3.786604	0.216089	-0.915280	-2.272505	0.189778	2.646008	-0.772805	-7.230054
13.104811	-3.760207	0.185452	-0.895220	-2.276831	0.195884	2.645707	-0.773469	-7.229360
-11.773554	4.004712	-0.668120	0.074315	-2.218433	0.422280	2.594579	-0.793699	-7.200065
-5.202608	0.257697	0.423716	0.766749	-1.743915	0.589769	2.466858	-0.799808	-7.170339
9.654884	0.179484	0.459176	0.777314	-1.729289	0.592792	2.463149	-0.799791	-7.169676
2.604689	0.108199	0.494632	0.787684	-1.714499	0.595786	2.459401	-0.799769	-7.169013
-9.593924	0.031131	0.534877	0.799233	-1.697491	0.599150	2.455096	-0.799735	-7.168260
9.563892	-0.046833	0.575030	0.810531	-1.680272	0.602476	2.450741	-0.799694	-7.167506
4.533987	-1.574719	1.180563	0.961222	-1.368463	0.651303	2.372284	-0.797852	-7.155093
-9.384386	-3.154944	1.544991	1.049526	-1.005444	0.688707	2.281028	-0.793879	-7.142613
3.111779	-4.312471	1.358239	1.057742	-0.476624	0.718453	2.146949	-0.785836	-7.126597
10.526072	-3.625337	0.265590	0.879133	0.111019	0.725837	1.994690	-0.774604	-7.110479
-9.483180	-3.544839	0.199827	0.866852	0.137858	0.725603	1.987574	-0.774037	-7.109765
-10.587845	-3.458491	0.132944	0.854232	0.164724	0.725319	1.980432	-0.773463	-7.109050
11.166369	-0.283397	-1.302065	0.543297	0.692495	0.709545	1.835062	-0.761109	-7.095064
-10.962902	4.315917	-2.614967	0.126626	1.206758	0.673123	1.679260	-0.746609	-7.081008
-12.039998	4.364804	-3.479097	-0.449788	1.743919	0.604185	1.490459	-0.727574	-7.064893
9.424052	-0.575560	-3.619161	-1.104247	2.193334	0.503629	1.291705	-0.706025	-7.048695
12.032644	-4.324459	-2.061141	-1.786187	2.515314	0.370912	1.087662	-0.682437	-7.032632
-11.579182	-2.371561	1.498540	-2.425398	2.680929	0.202941	0.877659	-0.656687	-7.016498
1.956294	-1.920127	1.676964	-2.454605	2.684435	0.193627	0.867056	-0.655348	-7.015691
11.517715	-1.439967	1.851626	-2.483477	2.687454	0.184226	0.856444	-0.654004	-7.014884
-10.880826	4.225198	3.760712	-2.947293	2.646019	-0.005188	0.656620	-0.627994	-6.999775
1.502757	-3.948163	1.838812	-3.177030	2.389583	-0.212273	0.454874	-0.600356	-6.984610
10.346669	-4.084180	1.666717	-3.177686	2.370178	-0.222962	0.444674	-0.598921	-6.983844
2.121867	-4.142018	1.490347	-3.176991	2.350125	-0.233655	0.434480	-0.597483	-6.983078
-10.196249	2.483025	-1.968692	-2.869211	1.852981	-0.435839	0.241951	-0.569612	-6.968581
7.724883	3.911114	-3.095354	-1.868452	1.163431	-0.630932	0.050474	-0.540479	-6.954040
11.092614	-3.705852	0.505762	0.220338	0.212548	-0.834156	-0.168563	-0.505243	-6.937125
-12.046858	-1.006417	2.415513	2.700606	-0.767819	-0.996669	-0.382409	-0.468601	-6.920160
-2.350347	-0.709546	2.421909	2.809684	-0.810616	-1.002800	-0.391947	-0.466909	-6.919390
12.141100	-0.413542	2.421794	2.917888	-0.853163	-1.008812	-0.401469	-0.465215	-6.918620
-12.965818	3.129825	1.281262	4.684802	-1.596705	-1.098309	-0.579473	-0.432524	-6.903954
-7.316152	0.750782	-1.197413	5.443800	-2.151963	-1.133260	-0.750675	-0.399015	-6.889258
12.400835	-2.395360	-2.020163	4.224767	-2.469631	-1.091529	-0.938686	-0.359321	-6.872206
2.638848	0.974358	1.655182	0.439171	-2.455222	-0.948532	-1.113707	-0.318817	-6.855121
-9.238840	1.148019	1.810309	0.248894	-2.447991	-0.940376	-1.120639	-0.317128	-6.854414
9.055687	1.314603	1.959457	0.057297	-2.440251	-0.932043	-1.127546	-0.315437	-6.853708
8.547388	1.541391	2.375064	-3.951350	-2.160286	-0.719543	-1.266693	-0.279690	-6.838848
1.012259	-1.185013	-2.745490	-6.740400	-1.657699	-0.447617	-1.393887	-0.243562	-6.823971
5.103044	0.650430	4.174622	-3.618499	0.155671	0.327141	-1.641289	-0.157437	-6.788836
7.023333	-1.041286	-2.516513	5.453462	1.720734	1.101877	-1.805270	-0.071082	-6.753657
-3.201157	0.280859	-3.249190	5.598491	1.741023	1.117028	-1.807827	-0.069206	-6.752890
-8.475560	1.089323	-3.983950	5.738139	1.760478	1.132065	-1.810338	-0.067331	-6.752122
9.272667	0.908248	-4.735107	5.880422	1.780244	1.147938	-1.812960	-0.065337	-6.751306
3.963183	0.041497	-5.431027	6.015890	1.799042	1.163688	-1.815532	-0.063342	-6.750489
-10.873234	-0.822808	-6.048315	6.143872	1.816817	1.179281	-1.818049	-0.061350	-6.749673
11.650821	-1.201200	-6.565521	6.264056	1.833566	1.194726	-1.820512	-0.059361	-6.748858
0.830840	0.561745	-3.483332	7.118703	1.951160	1.399608	-1.850083	-0.030853	-6.737142
-24.365505	2.855788	7.492167	6.420554	1.821102	1.566905	-1.868460	-0.002541	-6.725428
-17.038441	3.231120	8.957359	3.180657	1.308190	1.727025	-1.874506	0.036920	-6.708930
20.136416	-4.132830	-8.831779	-1.175193	0.563951	1.792672	-1.856268	0.075795	-6.692442
3.896485	2.251436	-10.081567	-4.740186	-0.269233	1.756155	-1.810988	0.115316	-6.675401
-8.648491	5.441127	-0.228692	-5.703049	-0.981647	1.610056	-1.739737	0.154061	-6.658380
8.485250	4.904368	0.184928	-5.689745	-1.008464	1.600657	-1.735868	0.155825	-6.657597
-0.521725	4.310006	0.582961	-5.672225	-1.034622	1.591021	-1.731949	0.157587	-6.656814
-6.879084	-5.642377	5.222328	-4.663834	-1.406261	1.363533	-1.648643	0.190622	-6.641987
7.568177	5.543361	6.029887	-2.790067	-1.549081	1.049947	-1.549329	0.222957	-6.627182
0.763648	3.095137	8.719386	-0.357363	-1.446658	0.584394	-1.417361	0.259276	-6.610156
-11.875528	-4.527456	8.511480	1.566904	-1.096348	0.029162	-1.269176	0.294527	-6.593166
-6.738347	-4.517587	8.319737	1.634405	-1.075367	0.002326	-1.262062	0.296111	-6.592391
12.021550	-4.465753	8.108177	1.699877	-1.054001	-0.024602	-1.254920	0.297693	-6.591615
-4.978793	0.383799	1.792911	2.560180	-0.583662	-0.546909	-1.114291	0.327267	-6.576907
-12.833205	3.185315	-3.939130	2.698497	-0.021615	-1.066422	-0.965422	0.355926	-6.562233
12.265282	-2.511684	-4.207257	1.991413	0.664074	-1.617405	-0.785857	0.387767	-6.545361
-1.015116	1.464025	-0.452542	0.601581	1.238496	-2.067018	-0.600386	0.418250	-6.528544
-11.419229	1.708869	-0.292977	0.534175	1.259356	-2.084367	-0.591774	0.419615	-6.527773
7.039959	1.939253	-0.140306	0.467216	1.279599	-2.101388	-0.583157	0.420978	-6.527003
9.746734	-1.030905	1.162204	-1.105725	1.400598	-2.495696	-0.221031	0.474958	-6.495017
-8.094887	-1.650579	-0.533586	0.489425	0.007831	-2.247270	0.137354	0.523148	-6.463279
7.916955	-0.690074	-0.527329	0.521015	-0.031360	-2.234350	0.145715	0.524218	-6.462528
8.012707	0.266763	-0.516887	0.550726	-0.070405	-2.221128	0.154071	0.525285	-6.461777
-7.976917	1.033810	-0.504312	0.574962	-0.104119	-2.209420	0.161313	0.526209	-6.461125
-6.757214	1.702988	-0.488356	0.597761	-0.137660	-2.197493	0.168548	0.527129	-6.460474
7.270455	1.357727	0.305200	0.761586	-0.746765	-1.919100	0.309867	0.544769	-6.447616
4.726145	-2.403178	0.902789	0.425529	-1.205282	-1.567523	0.447297	0.561313	-6.434808
-6.912303	-0.724170	-0.529717	-0.452715	-1.528016	-1.028152	0.616852	0.580918	-6.418419
5.799304	3.480614	-1.745071	-1.054533	-1.514353	-0.417810	0.776682	0.598579	-6.402118
8.165032	3.577056	-1.734771	-1.060341	-1.505122	-0.388974	0.783673	0.599333	-6.401381
-8.251476	3.654661	-1.715908	-1.063738	-1.495119	-0.360044	0.790644	0.600083	-6.400643
1.160082	0.593845	-0.077895	-0.750860	-1.175571	0.198643	0.918163	0.613524	-6.386680
12.763847	-4.604116	2.205474	-0.003673	-0.665863	0.760433	1.035762	0.625412	-6.372790
-16.644965	5.272591	1.244729	1.834374	0.816427	1.969981	1.267002	0.647023	-6.340336
-6.124887	-0.827105	-2.030153	2.504691	1.820461	2.781880	1.420846	0.659092	-6.308343
12.503776	-2.474407	-1.905486	2.490026	1.828801	2.792792	1.423184	0.659242	-6.307662
-1.808990	-4.102961	-1.766610	2.473805	1.836425	2.803377	1.425477	0.659387	-6.306981
-12.047487	-5.169177	-1.594478	2.453919	1.844101	2.814803	1.427984	0.659543	-6.306223
11.800771	-4.673476	-1.404167	2.432184	1.850918	2.825830	1.430439	0.659693	-6.305464
4.581646	-2.795051	-1.206137	2.409609	1.856669	2.836045	1.432748	0.659832	-6.304734
-11.327764	-0.374091	-0.995564	2.385417	1.861652	2.845884	1.435008	0.659966	-6.304005
-10.602269	4.874651	2.025682	1.876239	1.852243	2.946412	1.462296	0.661298	-6.293320
6.227656	1.280614	1.559577	1.171043	1.707505	2.967678	1.478101	0.661432	-6.282695
-0.267675	-3.944198	-1.870579	0.023284	1.324479	2.878831	1.480371	0.659570	-6.267924
-5.440339	-0.075856	-2.381647	-1.119294	0.789987	2.670472	1.460797	0.655331	-6.253272
7.369996	2.603427	0.268919	-2.110095	0.148667	2.351787	1.419567	0.648554	-6.238275
-0.990520	-1.960637	2.765373	-2.890530	-0.512829	1.950051	1.358884	0.639447	-6.223403
-9.943226	-1.967609	2.715134	-2.922264	-0.543083	1.929591	1.355600	0.638966	-6.222710
10.046317	-1.930806	2.640278	-2.953564	-0.573217	1.909001	1.352278	0.638480	-6.222018
9.574515	1.526089	-1.135431	-3.432740	-1.105220	1.502908	1.283373	0.628512	-6.209116
-12.409492	0.190414	-3.004325	-3.618120	-1.544650	1.067070	1.202476	0.616930	-6.196309
6.700767	-1.029004	-1.897480	-3.360564	-1.879091	0.560914	1.098948	0.602096	-6.182041
12.358433	0.092463	0.397515	-2.677543	-2.039385	0.057529	0.983754	0.585430	-6.167891
-11.775778	1.000134	2.408623	-1.668793	-2.051328	-0.419021	0.859495	0.567154	-6.153944
-6.920478	-1.120785	3.196519	-0.415241	-1.945686	-0.853896	0.727307	0.547279	-6.140113
11.111062	-1.096455	3.165246	-0.349571	-1.937891	-0.873834	0.720715	0.546274	-6.139444
-1.632965	-1.045664	3.125477	-0.283565	-1.929862	-0.893660	0.714109	0.545267	-6.138776
-10.627728	1.294658	0.784030	0.991898	-1.731788	-1.253008	0.584700	0.525238	-6.125984
10.361172	-1.288700	-3.082545	2.076522	-1.456365	-1.572025	0.451557	0.504002	-6.113294
10.076547	-1.393471	-3.208916	2.119975	-1.440866	-1.586797	0.444890	0.502921	-6.112668
-10.344374	-1.479772	-3.322154	2.162162	-1.425209	-1.601462	0.438223	0.501837	-6.112043
1.151046	-0.216261	-3.181276	2.736199	-1.088046	-1.868328	0.307400	0.480175	-6.099901
10.229253	1.754929	-0.372859	2.861310	-0.695777	-2.099265	0.175904	0.457554	-6.087853
-10.218062	-0.616602	2.807874	2.518977	-0.208823	-2.313639	0.030334	0.431339	-6.074553
-9.173186	-1.910849	3.538437	1.735891	0.298981	-2.482233	-0.112638	0.404137	-6.061371
10.049074	0.525713	1.203245	0.636262	0.780529	-2.604124	-0.251069	0.376083	-6.048318
-1.835865	1.875150	-1.916580	-0.492992	1.187223	-2.678682	-0.383303	0.347255	-6.035381
-9.837317	1.782353	-2.038606	-0.541821	1.203853	-2.681033	-0.389402	0.345868	-6.034769
5.633033	1.669322	-2.156123	-0.589909	1.220187	-2.683273	-0.395479	0.344480	-6.034158
9.550129	-1.787938	-3.286008	-1.338779	1.475327	-2.705116	-0.510725	0.316964	-6.022220
-9.197482	-0.899685	-1.805566	-1.596520	1.579065	-2.684347	-0.617487	0.288966	-6.010383
7.641537	-0.741214	-1.685838	-1.596670	1.579569	-2.682144	-0.622648	0.287536	-6.009786
9.157656	-0.581452	-1.563926	-1.595672	1.579585	-2.679829	-0.627784	0.286106	-6.009190
-6.990557	1.543802	0.773512	-1.388774	1.493604	-2.615125	-0.720488	0.258793	-5.997922
-8.369102	1.301786	2.157714	-0.930625	1.269104	-2.512440	-0.804042	0.231196	-5.986747
8.028042	-1.279586	2.391638	-0.299098	0.895264	-2.355200	-0.888353	0.199470	-5.974115
-2.828162	1.049506	1.493650	0.252271	0.454157	-2.163159	-0.961297	0.167585	-5.961604
-7.863265	1.110358	1.435395	0.273722	0.433233	-2.153619	-0.964386	0.166116	-5.961031
5.910136	1.153197	1.376247	0.294762	0.412301	-2.144024	-0.967452	0.164646	-5.960459
7.892917	-0.111960	0.140362	0.605520	0.019946	-1.951724	-1.021463	0.136645	-5.949596
-8.019133	-1.026354	-1.115084	0.706387	-0.333403	-1.745242	-1.067263	0.108692	-5.938827
4.475600	0.811242	-1.828141	0.504920	-0.650610	-1.499659	-1.109771	0.076978	-5.926661
8.027747	1.012837	-0.158227	-0.000513	-0.858626	-1.251229	-1.142265	0.045539	-5.914616
-8.013641	0.913636	-0.031184	-0.026162	-0.865367	-1.239831	-1.143529	0.044097	-5.914063
-2.509103	0.807097	0.098706	-0.051693	-0.871846	-1.228445	-1.144772	0.042655	-5.913511
7.568351	-1.058618	2.362740	-0.459883	-0.942764	-1.016058	-1.164536	0.015441	-5.903058
-3.575721	0.228450	2.432545	-0.571737	-0.909090	-0.815427	-1.177135	-0.011392	-5.892698
-6.388663	1.246760	0.016875	-0.298499	-0.749566	-0.603885	-1.183066	-0.041492	-5.880972
5.328574	-1.340211	-3.323506	0.186491	-0.501933	-0.409471	-1.180302	-0.070883	-5.869366
6.133738	-1.387922	-3.407657	0.209973	-0.488948	-0.400699	-1.179963	-0.072247	-5.868823
-6.136464	-1.417489	-3.479237	0.233283	-0.475890	-0.391964	-1.179606	-0.073608	-5.868281
3.481409	0.107925	-2.718520	0.612544	-0.225330	-0.235070	-1.169669	-0.098545	-5.858261
7.144758	1.772310	0.698894	0.808810	0.018127	-0.086882	-1.153570	-0.122843	-5.848332
-8.346800	-0.678830	4.871991	0.650590	0.251355	0.074247	-1.127859	-0.149800	-5.837099
-6.716290	-2.254253	4.530123	-0.002964	0.419871	0.229382	-1.094595	-0.175877	-5.825985
9.885957	-2.133453	4.345526	-0.040150	0.425917	0.236430	-1.092885	-0.177057	-5.825476
-0.926356	-1.987798	4.145062	-0.077604	0.431806	0.243472	-1.091159	-0.178235	-5.824967
-11.311753	2.491364	-1.208941	-0.783950	0.512948	0.377153	-1.055269	-0.200361	-5.815297
12.540039	2.385028	-5.152993	-1.258625	0.530767	0.510418	-1.013930	-0.221772	-5.805719
10.797547	-2.020181	-5.144108	-1.234024	0.469443	0.661395	-0.960528	-0.245230	-5.794940
-13.841874	-3.020184	-0.035094	-0.739814	0.327580	0.805311	-0.900573	-0.267724	-5.784282
3.414403	-2.751496	0.240742	-0.709437	0.319400	0.811730	-0.897614	-0.268751	-5.783787
13.823634	-2.454506	0.513453	-0.678638	0.311113	0.818111	-0.894644	-0.269776	-5.783292
-13.273457	3.083019	3.865885	-0.052990	0.138760	0.930836	-0.836436	-0.288589	-5.774062
-4.318469	0.471732	1.611886	0.564509	-0.052457	1.028309	-0.773594	-0.306629	-5.764925
10.752792	-2.992129	-2.760158	1.168229	-0.269787	1.117389	-0.696081	-0.326338	-5.754563
-1.308823	2.561414	-2.625102	1.609485	-0.457087	1.177910	-0.612972	-0.344991	-5.744321
-9.358478	2.710693	-2.519004	1.626581	-0.464534	1.179941	-0.609000	-0.345827	-5.743850
9.307713	2.826189	-2.406882	1.643444	-0.471851	1.181902	-0.605017	-0.346661	-5.743380
5.361607	0.634712	0.235489	1.923579	-0.581174	1.204884	-0.528453	-0.361829	-5.734633
-8.216053	-2.473563	1.815876	2.163611	-0.625638	1.200270	-0.448091	-0.376177	-5.725975
8.179683	1.198914	-0.111831	2.350140	-0.574403	1.159994	-0.350187	-0.391799	-5.716026
5.087828	2.109930	-2.008275	2.042804	-0.402427	1.086214	-0.247809	-0.406270	-5.706198
-6.716925	1.962098	-2.000706	2.009196	-0.391987	1.082088	-0.242988	-0.406909	-5.705747
-8.459857	1.795505	-1.981503	1.973594	-0.381350	1.077900	-0.238156	-0.407546	-5.705297
8.777636	-2.017715	-0.307970	1.006959	-0.151326	0.988962	-0.146110	-0.419034	-5.696895
-4.704360	-0.392998	1.575884	-0.286243	0.119183	0.882916	-0.051932	-0.429627	-5.688583
-9.106110	2.031875	2.892434	-1.719027	0.446978	0.745251	0.057504	-0.440672	-5.679146
7.997997	-1.880267	2.674548	-2.635593	0.756161	0.596650	0.166624	-0.450495	-5.669828
8.705746	-2.015350	2.594599	-2.661073	0.769703	0.589441	0.171760	-0.450930	-5.669390
-8.673663	-2.127902	2.506407	-2.684738	0.783113	0.582221	0.176891	-0.451362	-5.668951
1.326006	-0.346803	-0.154202	-2.768939	1.001986	0.448954	0.269873	-0.458785	-5.660960
7.302450	2.286156	-2.853836	-2.090015	1.155795	0.316743	0.360048	-0.465253	-5.653058
-7.268684	-1.283345	-3.025093	-0.307079	1.213276	0.171250	0.458878	-0.471500	-5.644071
-6.204471	-2.218880	-0.389707	1.870370	1.095954	0.038332	0.550748	-0.476445	-5.635198
8.407140	-1.989434	-0.225163	1.956010	1.085511	0.032544	0.554804	-0.476642	-5.634790
-5.246674	-1.736802	-0.058913	2.038919	1.074589	0.026789	0.558842	-0.476836	-5.634382
-10.197665	2.015360	2.204072	2.860713	0.769393	-0.075719	0.631836	-0.479988	-5.626670
1.911687	0.871936	0.461100	1.803815	0.280164	-0.163690	0.696776	-0.482100	-5.619043
12.673462	-1.360226	-1.429933	-0.787728	-0.405944	-0.244719	0.760246	-0.483225	-5.610335
-10.772740	0.961378	1.393970	-2.890614	-1.067640	-0.300861	0.809646	-0.482922	-5.601737
2.376316	0.973219	1.403842	-2.894248	-1.070366	-0.301057	0.809838	-0.482917	-5.601698
10.738457	0.984952	1.413579	-2.897801	-1.073088	-0.301252	0.810029	-0.482912	-5.601659
-6.168157	0.488714	0.845292	-2.329108	-1.515433	-0.327789	0.840581	-0.481438	-5.594200
-3.631323	-0.588117	-2.345653	-0.247985	-1.769964	-0.331566	0.858400	-0.478831	-5.586824
5.441992	0.941856	4.276100	3.034309	-1.423015	-0.262285	0.851953	-0.468774	-5.570558
6.543624	-2.553176	-1.785570	-1.401380	0.235249	-0.128619	0.789087	-0.452893	-5.554687
-6.859451	0.345719	-2.020102	-1.452572	0.253345	-0.127212	0.788247	-0.452714	-5.554537
7.177437	2.494664	-2.257034	-1.503430	0.271424	-0.125805	0.787404	-0.452535	-5.554387
5.555375	2.658589	-2.871959	-1.633639	0.318210	-0.122153	0.785197	-0.452067	-5.553998
-8.812062	-1.439720	-3.475788	-1.761267	0.364844	-0.118498	0.782963	-0.451597	-5.553609
18.572042	-3.804772	-6.437407	-3.244973	1.060905	-0.060863	0.743992	-0.443709	-5.547477
-22.582974	6.357575	6.502985	-3.243590	1.614757	-0.006170	0.698787	-0.435041	-5.541404
-21.885038	6.764918	2.929203	-1.366230	2.072097	0.053391	0.633722	-0.423015	-5.533800
16.630438	-8.369878	-5.518886	1.255075	2.240044	0.095527	0.561258	-0.409878	-5.526285
7.617228	-7.584984	-5.426481	1.373354	2.240505	0.096996	0.557591	-0.409215	-5.525923
2.432403	-6.623637	-5.266949	1.489473	2.240239	0.098404	0.553913	-0.408549	-5.525562
-11.766640	9.616153	2.476212	3.119780	2.108866	0.114155	0.486191	-0.396238	-5.519124
9.002281	-10.763361	3.751999	3.566297	1.724020	0.113939	0.415610	-0.383206	-5.512751
-2.748336	-10.764721	-0.662539	2.257266	0.966511	0.097716	0.331004	-0.367207	-5.505416
-8.985506	10.642360	-1.781405	-0.225796	0.020804	0.069072	0.244852	-0.350381	-5.498163
9.021452	8.946943	-1.713329	-0.299941	-0.006012	0.068160	0.242483	-0.349909	-5.497966
-9.057588	7.189434	-1.639521	-0.374114	-0.032829	0.067243	0.240113	-0.349437	-5.497768
10.135934	-10.138949	1.106441	-2.510184	-0.866600	0.035733	0.164555	-0.334095	-5.491505
5.543226	9.429166	-0.673135	-3.540055	-1.576699	0.002088	0.089575	-0.318238	-5.485301
1.063991	8.883278	-0.478710	-2.028377	-2.382792	-0.065986	-0.078498	-0.279577	-5.471067
-9.229126	-4.982318	0.565594	1.494509	-2.173476	-0.095020	-0.228993	-0.239087	-5.457138
9.177086	-4.668993	0.578179	1.543092	-2.163445	-0.095172	-0.231195	-0.238430	-5.456919
5.430525	-4.342887	0.590966	1.591053	-2.153227	-0.095316	-0.233390	-0.237773	-5.456699
-9.034513	-3.759200	0.613294	1.671768	-2.135281	-0.095543	-0.237136	-0.236646	-5.456323
4.953888	-3.144909	0.636040	1.750514	-2.116794	-0.095746	-0.240861	-0.235519	-5.455947
8.872060	-2.613562	0.655456	1.815304	-2.100794	-0.095898	-0.243985	-0.234567	-5.455630
-6.227013	-2.092624	0.675022	1.878578	-2.084417	-0.096033	-0.247094	-0.233615	-5.455313
-7.970865	0.575615	0.934746	2.594636	-1.805278	-0.096165	-0.290604	-0.219693	-5.450718
7.542808	3.354572	0.975234	2.840649	-1.457014	-0.093109	-0.330702	-0.205675	-5.446154
-3.221754	0.908324	0.277803	2.421372	-0.877337	-0.084090	-0.380582	-0.186095	-5.439866
-7.790573	-1.970814	-0.893614	1.407209	-0.216413	-0.069971	-0.423724	-0.166447	-5.433636
8.207189	1.491831	-1.479891	0.114502	0.503827	-0.049983	-0.462075	-0.145713	-5.427122
5.282011	-1.068161	0.239171	-0.996355	1.171359	-0.025002	-0.493417	-0.125060	-5.420668
-8.467136	-1.124915	0.289756	-1.021009	1.187786	-0.024267	-0.494163	-0.124509	-5.420496
8.056473	-1.175397	0.339308	-1.045343	1.204119	-0.023528	-0.494905	-0.123958	-5.420324
8.458524	-0.477849	1.366434	-1.637225	1.675970	0.002477	-0.516601	-0.106045	-5.414734
-8.296537	1.066966	1.388015	-1.766429	1.998384	0.032034	-0.533585	-0.088308	-5.409188
1.484394	1.082848	0.577578	-1.390521	2.160034	0.069987	-0.547596	-0.068326	-5.402904
8.384159	-0.067627	-0.513829	-0.690166	2.128022	0.112053	-0.556290	-0.048699	-5.396674
-4.501863	-0.102057	-0.536231	-0.671056	2.125102	0.113139	-0.556442	-0.048217	-5.396520
-8.411687	-0.137320	-0.558173	-0.651920	2.122088	0.114227	-0.556591	-0.047736	-5.396366
9.158656	-1.408319	-0.899267	0.011325	1.956940	0.154164	-0.560023	-0.030674	-5.390883
2.706470	-0.163710	-0.194090	0.519590	1.699080	0.195269	-0.559986	-0.013953	-5.385438
-11.290654	1.838827	0.642305	0.843365	1.328100	0.242108	-0.556161	0.004678	-5.379278
2.782128	0.556646	0.230653	0.888503	0.914490	0.287347	-0.548802	0.022846	-5.373165
11.897422	0.542443	0.226894	0.888199	0.912547	0.287548	-0.548761	0.022928	-5.373137
-11.898326	0.528173	0.223128	0.887892	0.910604	0.287748	-0.548720	0.023010	-5.373109
-6.260179	-2.461989	-0.447191	0.775113	0.534754	0.324714	-0.539759	0.038529	-5.367793
11.148712	-2.463359	-0.505398	0.611909	0.158379	0.358053	-0.528839	0.053680	-5.362510
-10.249802	2.659982	0.134038	0.439311	-0.259147	0.390273	-0.514413	0.070529	-5.356512
-6.777819	-0.209959	0.493495	0.283494	-0.648808	0.414643	-0.498404	0.086881	-5.350554
9.160372	-0.229629	0.494075	0.282777	-0.650436	0.414730	-0.498331	0.086952	-5.350528
9.420851	-0.249241	0.494647	0.282059	-0.652063	0.414817	-0.498258	0.087022	-5.350502
-8.691727	-3.093869	0.177721	-0.068515	-1.259847	0.433361	-0.465360	0.116655	-5.339292
2.768345	1.428677	-0.566786	-0.402940	-1.607789	0.405386	-0.431394	0.144398	-5.328201
9.570837	1.459232	-0.572438	-0.406583	-1.610169	0.404641	-0.430940	0.144750	-5.328056
-9.594784	1.487752	-0.577882	-0.410202	-1.612488	0.403884	-0.430485	0.145103	-5.327911
-4.366355	1.550689	-0.590031	-0.418763	-1.617791	0.402025	-0.429392	0.145946	-5.327562
9.714093	1.615893	-0.600858	-0.427155	-1.622725	0.400103	-0.428298	0.146787	-5.327214
-1.979276	3.134229	-0.596891	-0.516878	-1.652954	0.369574	-0.414074	0.157434	-5.322742
-11.474052	3.324409	-0.242306	-0.561358	-1.621824	0.327919	-0.399595	0.167754	-5.318286
12.173886	-1.245165	0.652765	-0.521046	-1.498385	0.258724	-0.380498	0.180623	-5.312539
5.035493	-3.313270	0.894398	-0.327434	-1.297805	0.175188	-0.361045	0.192926	-5.306816
-11.846420	-3.305329	0.891917	-0.326192	-1.296794	0.174799	-0.360960	0.192978	-5.306792
11.841951	-3.297203	0.889396	-0.324946	-1.295783	0.174410	-0.360875	0.193030	-5.306767
5.555267	0.565453	-0.165771	-0.013098	-1.070264	0.091577	-0.343496	0.203375	-5.301750
-8.436643	3.225522	-1.238618	0.342867	-0.812872	0.002417	-0.325901	0.213268	-5.296750
3.226369	-1.260805	-0.976056	0.677685	-0.499227	-0.103399	-0.305749	0.223919	-5.291103
5.177982	-3.034164	0.559674	0.870621	-0.180144	-0.211258	-0.285394	0.233975	-5.285473
-1.315006	-3.013718	0.568141	0.871073	-0.178752	-0.211734	-0.285304	0.234018	-5.285448
-5.175439	-2.992942	0.576619	0.871521	-0.177359	-0.212210	-0.285214	0.234061	-5.285423
5.594371	2.917006	1.994866	0.875166	0.094237	-0.306247	-0.267163	0.242407	-5.280480
2.695810	0.923561	1.725165	0.693756	0.351197	-0.397146	-0.249015	0.250278	-5.275545
-8.996336	-2.623374	0.262600	0.311998	0.622436	-0.494216	-0.228224	0.258671	-5.269926
0.904730	2.431503	-0.993237	-0.172669	0.863442	-0.581069	-0.207381	0.266429	-5.264314
10.711452	2.445326	-0.998794	-0.174957	0.864450	-0.581433	-0.207287	0.266463	-5.264289
-10.717168	2.458854	-1.004357	-0.177246	0.865457	-0.581796	-0.207193	0.266496	-5.264264
-6.114829	1.072334	-2.128604	-0.618293	1.045718	-0.646944	-0.188878	0.272773	-5.259341
11.409072	-2.206355	-3.058236	-1.011233	1.191372	-0.699454	-0.170584	0.278548	-5.254422
-0.425206	-0.432458	-3.327254	-1.318772	1.306032	-0.740217	-0.150359	0.284353	-5.248972
-9.849495	2.041919	-2.079317	-1.431050	1.364546	-0.759729	-0.130213	0.289525	-5.243523
9.808741	2.039808	-1.990274	-1.431453	1.365573	-0.760014	-0.129443	0.289710	-5.243314
8.172409	2.026128	-1.897777	-1.431582	1.366507	-0.760263	-0.128674	0.289894	-5.243106
-8.809496	-0.227740	0.844859	-1.361403	1.362844	-0.756216	-0.110720	0.293925	-5.238238
2.067387	-2.049045	3.204676	-1.167056	1.313559	-0.734340	-0.092786	0.297437	-5.233368
7.452328	-1.370799	3.530644	-0.822273	1.207234	-0.689499	-0.072303	0.300815	-5.227781
-7.657600	0.639132	1.770266	-0.382418	1.054752	-0.625997	-0.051970	0.303494	-5.222188
-4.305281	0.647214	1.758974	-0.380242	1.053958	-0.625667	-0.051877	0.303505	-5.222162
7.663820	0.655327	1.747587	-0.378051	1.053157	-0.625334	-0.051783	0.303515	-5.222137
-4.661750	1.940866	-0.618204	0.056014	0.886285	-0.555893	-0.034065	0.305282	-5.217205
-9.854377	2.590514	-2.538455	0.503757	0.694457	-0.475739	-0.016569	0.306493	-5.212265
11.147997	0.937069	-3.114718	0.993619	0.452378	-0.373787	0.002992	0.307187	-5.206636
10.377226	-3.120797	-2.778059	1.421618	0.191954	-0.262809	0.022127	0.307146	-5.200993
-11.660026	-3.107071	-2.776282	1.423455	0.190666	-0.262256	0.022219	0.307144	-5.200965
11.659540	-3.092663	-2.774503	1.425301	0.189370	-0.261700	0.022310	0.307142	-5.200938
11.592542	3.390791	-2.301678	1.711888	-0.049751	-0.158310	0.038773	0.306481	-5.195946
-9.860495	1.809517	-0.859488	1.878254	-0.292230	-0.051681	0.054796	0.305238	-5.190944
-4.539672	-3.936659	1.120448	1.882366	-0.552299	0.065569	0.071616	0.303228	-5.185509
7.009475	-2.960936	2.336175	1.656894	-0.799263	0.182294	0.087794	0.300529	-5.180071
2.924797	-2.586484	2.358213	1.639901	-0.810336	0.187712	0.088535	0.300386	-5.179816
-6.923506	-2.188506	2.376448	1.622285	-0.821363	0.193129	0.089275	0.300241	-5.179561
5.451769	4.343369	1.834370	1.171464	-1.022911	0.296425	0.103289	0.297133	-5.174623
6.434893	0.843128	-0.355849	0.552997	-1.196339	0.395569	0.116666	0.293455	-5.169690
-6.746184	-4.444405	-2.207198	-0.277366	-1.349405	0.501068	0.131036	0.288581	-5.164093
2.798362	2.037576	-0.882991	-1.126357	-1.444689	0.596627	0.144451	0.282965	-5.158510
7.137818	2.294788	-0.781698	-1.158623	-1.447238	0.600357	0.144987	0.282716	-5.158278
-4.301476	2.531307	-0.678839	-1.190443	-1.449665	0.604063	0.145522	0.282465	-5.158046
-7.361534	4.191344	1.432772	-1.723176	-1.471773	0.676622	0.156267	0.276930	-5.153213
7.417452	4.112655	2.216748	-1.877554	-1.435160	0.739783	0.166188	0.270832	-5.148397
-2.316960	3.348601	0.733344	-1.450107	-1.318065	0.799789	0.176373	0.263237	-5.142961
-7.244699	0.508305	-1.486712	-0.562798	-1.126966	0.847307	0.185368	0.254916	-5.137553
7.241434	0.285745	-1.573418	-0.511618	-1.115748	0.849331	0.185781	0.254485	-5.137286
6.289126	0.058431	-1.655846	-0.459958	-1.104364	0.851325	0.186191	0.254053	-5.137019
-7.230250	-2.916834	-2.069325	0.506463	-0.874331	0.881794	0.193009	0.245988	-5.132236
3.324083	-0.411075	-0.137592	1.374708	-0.600173	0.902051	0.198748	0.237375	-5.127480
7.481062	2.158801	1.733644	1.742651	-0.241923	0.912497	0.203889	0.226908	-5.122092
-7.468803	-1.607238	0.279845	1.059272	0.151909	0.909212	0.207467	0.215783	-5.116743
-7.746242	-1.696452	0.195314	1.016611	0.167588	0.908801	0.207576	0.215337	-5.116535
7.757579	-1.769590	0.111618	0.973133	0.183274	0.908369	0.207682	0.214890	-5.116328
-4.421931	-0.349826	-1.281565	-0.130585	0.534125	0.892923	0.209473	0.204601	-5.111681
-8.393555	1.338282	-0.918471	-1.142836	0.865925	0.866333	0.210157	0.193878	-5.107070
8.903119	-1.265321	1.037266	-1.550455	1.192334	0.822136	0.209646	0.181180	-5.101865
3.770142	1.234440	-0.940844	-0.824030	1.436507	0.762725	0.207826	0.168009	-5.096713
-9.556990	1.301023	-1.009640	-0.783336	1.444034	0.760135	0.207731	0.167494	-5.096516
-1.576108	1.355045	-1.071612	-0.742283	1.451426	0.757520	0.207635	0.166979	-5.096319
10.204190	0.151833	-0.929184	0.213839	1.580331	0.691473	0.204933	0.155041	-5.091848
-10.930252	-1.833066	0.510946	0.991371	1.628271	0.613184	0.201328	0.142807	-5.087421
-11.408377	-0.379360	1.472801	1.259205	1.575124	0.509958	0.196189	0.128583	-5.082448
11.752866	2.685949	0.701378	0.639818	1.404814	0.394059	0.190008	0.114063	-5.077538
-9.963002	2.538746	0.601394	0.598643	1.394781	0.388540	0.189704	0.113397	-5.077317
-11.767363	2.353095	0.495415	0.556941	1.384580	0.383002	0.189397	0.112731	-5.077095
11.748080	-3.133842	-1.541833	-0.245538	1.161012	0.272713	0.183104	0.099786	-5.072855
6.628137	-0.002601	-0.925980	-0.760656	0.906583	0.157157	0.176114	0.086684	-5.068668
-10.860565	3.931475	0.982851	-0.876056	0.615912	0.021185	0.167328	0.071558	-5.063953
6.785128	-3.730863	1.030239	-0.559670	0.359437	-0.116118	0.157759	0.056313	-5.059315
9.984369	-4.031892	1.001263	-0.538930	0.348802	-0.122286	0.157311	0.055624	-5.059108
-9.942166	-4.304335	0.971425	-0.517827	0.338236	-0.128454	0.156860	0.054935	-5.058901
3.619026	-4.163314	0.315981	-0.072144	0.147391	-0.247171	0.147839	0.041524	-5.054912
8.247775	1.161902	-0.278568	0.322819	-0.018217	-0.362446	0.138319	0.028092	-5.050987
-7.477075	4.874625	-0.449967	0.493298	-0.184574	-0.487394	0.126889	0.012759	-5.046584
-7.146585	1.175511	0.123504	0.239164	-0.348426	-0.602293	0.114936	-0.002515	-5.042269
5.796936	0.799095	0.154860	0.220800	-0.356304	-0.607365	0.114366	-0.003226	-5.042070
7.024533	0.411140	0.185620	0.202171	-0.364214	-0.612408	0.113795	-0.003937	-5.041871
-7.018235	-4.985052	0.480523	-0.136290	-0.519389	-0.700988	0.102951	-0.017175	-5.038188
7.880950	-1.068208	-0.060687	-0.306867	-0.694644	-0.777475	0.091809	-0.030300	-5.034577
7.962471	4.194387	-0.925226	-0.271836	-0.926429	-0.847717	0.078732	-0.045162	-5.030532
-8.831000	4.810592	-0.905740	-0.068982	-1.174728	-0.896515	0.065392	-0.059788	-5.026588
-1.455359	4.703394	-0.871178	-0.057449	-1.186152	-0.898220	0.064763	-0.060464	-5.026406
8.918468	4.586521	-0.833383	-0.045844	-1.197528	-0.899871	0.064135	-0.061140	-5.026225
-2.134079	1.494109	0.293433	0.165442	-1.393856	-0.920497	0.052328	-0.073638	-5.022881
-10.316846	-2.025706	1.610980	0.301267	-1.535740	-0.920389	0.040421	-0.085888	-5.019618
10.477738	-4.403301	2.208935	0.257063	-1.601920	-0.892275	0.026731	-0.099571	-5.015986
2.829498	-2.155469	1.007366	-0.035040	-1.565581	-0.832713	0.013083	-0.112841	-5.012467
-9.861167	-1.811899	0.918787	-0.052354	-1.561414	-0.829192	0.012446	-0.113453	-5.012305
5.067337	-1.440507	0.828421	-0.069814	-1.557028	-0.825610	0.011810	-0.114063	-5.012143
8.721376	4.065621	-1.006735	-0.393706	-1.435100	-0.748023	0.000008	-0.125262	-5.009169
-7.408681	-3.912045	-2.445319	-0.610695	-1.239361	-0.652093	-0.011590	-0.136076	-5.006287
3.352255	-3.596003	-2.517687	-0.535279	-0.937634	-0.523201	-0.024556	-0.147974	-5.003095
6.049397	3.131751	-1.211074	-0.020343	-0.579690	-0.378544	-0.037038	-0.159278	-5.000030
-2.804412	3.350977	-1.128185	0.010672	-0.562161	-0.371508	-0.037605	-0.159789	-4.999890
-6.116737	3.532087	-1.043931	0.042021	-0.544589	-0.364454	-0.038170	-0.160297	-4.999751
7.407029	0.322246	0.628505	0.647744	-0.210326	-0.229056	-0.048457	-0.169524	-4.997211
5.355886	-3.188703	1.890503	1.138635	0.123312	-0.088415	-0.058212	-0.178236	-4.994770
-13.856649	2.747235	0.813805	1.099105	0.811868	0.245339	-0.078580	-0.196471	-4.989452
0.489090	0.318356	-1.038958	-0.481224	1.260598	0.554139	-0.094650	-0.211314	-4.984725
11.153819	-0.797337	-0.968391	-0.541487	1.268483	0.561644	-0.095009	-0.211658	-4.984608
-10.918940	-1.856644	-0.887543	-0.602427	1.276141	0.569101	-0.095364	-0.211999	-4.984491
4.171824	-2.263680	-0.811301	-0.654193	1.282420	0.575348	-0.095660	-0.212285	-4.984393
10.509976	-2.063031	-0.727695	-0.706231	1.288540	0.581562	-0.095954	-0.212568	-4.984296
-1.778808	-1.310931	-0.640998	-0.756441	1.294275	0.587508	-0.096234	-0.212839	-4.984202
-10.118299	-0.324610	-0.548863	-0.806745	1.299865	0.593427	-0.096511	-0.213108	-4.984109
7.540665	2.094896	1.019559	-1.542773	1.368593	0.683659	-0.100608	-0.217174	-4.982653
4.003749	-1.329226	1.210070	-1.936120	1.396523	0.764302	-0.104026	-0.220769	-4.981272
-5.511324	-1.832586	-0.484540	-1.768146	1.367009	0.855739	-0.107507	-0.224865	-4.979520
3.993104	1.751636	-1.768488	-0.849348	1.264569	0.924032	-0.109569	-0.228025	-4.977910
7.739785	-1.734635	1.120379	0.685776	1.082460	0.970719	-0.110093	-0.230300	-4.976372
-7.588232	0.636238	2.372725	1.970606	0.828482	0.991924	-0.108798	-0.231464	-4.974997
-9.220221	0.835150	2.346271	2.006446	0.815558	0.992283	-0.108695	-0.231490	-4.974940
9.267057	1.030325	2.312587	2.039865	0.802500	0.992593	-0.108589	-0.231514	-4.974883
-9.827466	1.870678	0.527972	2.253161	0.522216	0.988770	-0.105718	-0.231538	-4.973835
-6.954167	-1.431797	-1.952490	1.789802	0.201436	0.966504	-0.101369	-0.230747	-4.972912
9.670957	-2.099951	-2.759817	0.710839	-0.187996	0.918968	-0.094713	-0.228873	-4.972000
-3.133797	2.212718	0.189049	-0.611117	-0.564751	0.848754	-0.086482	-0.226003	-4.971242
-9.533690	2.193814	0.342868	-0.669671	-0.580967	0.845038	-0.086073	-0.225850	-4.971211
-0.093614	2.134499	0.493903	-0.727725	-0.597077	0.841278	-0.085663	-0.225695	-4.971180
9.739268	-2.292668	2.619095	-1.682914	-0.881040	0.760421	-0.077256	-0.222335	-4.970651
-10.254575	-2.112791	2.749314	-2.162279	-1.099578	0.663573	-0.067968	-0.218280	-4.970230
-0.914442	-0.607076	1.055204	-2.081505	-1.243789	0.533672	-0.056424	-0.212813	-4.969879
11.543292	0.616139	-1.192700	-1.508552	-1.271313	0.384379	-0.044124	-0.206510	-4.969661
-1.622773	0.683594	-1.288354	-1.473671	-1.269906	0.377004	-0.043539	-0.206199	-4.969654
-11.565678	0.756662	-1.382250	-1.438245	-1.268271	0.369595	-0.042953	-0.205885	-4.969647
11.508015	2.252818	-2.703468	-0.694101	-1.197103	0.223546	-0.031759	-0.199687	-4.969573
6.269350	-0.027275	-2.805740	0.103028	-1.056422	0.066989	-0.020311	-0.192917	-4.969592
-10.231792	-2.032269	-1.104567	0.924131	-0.823711	-0.120477	-0.007025	-0.184468	-4.969727
0.333273	1.644198	1.887826	1.516966	-0.531774	-0.309753	0.006198	-0.175342	-4.969976
9.290844	1.760388	2.002408	1.536777	-0.517188	-0.318407	0.006802	-0.174906	-4.969990
-9.251839	1.857271	2.111544	1.555835	-0.502514	-0.327051	0.007405	-0.174469	-4.970004
-5.956480	0.673037	3.117863	1.758638	-0.211099	-0.487549	0.018669	-0.165954	-4.970319
8.015137	-1.564402	2.338801	1.637767	0.097522	-0.639617	0.029566	-0.156988	-4.970714
3.232118	0.194205	-0.029753	1.189751	0.450489	-0.798624	0.041478	-0.146139	-4.971263
-6.911210	1.342012	-2.456806	0.549197	0.779287	-0.934047	0.052501	-0.134769	-4.971907
6.891831	1.268791	-2.525695	0.523676	0.790710	-0.938516	0.052889	-0.134339	-4.971933
-3.471333	1.184846	-2.592301	0.498116	0.802060	-0.942940	0.053275	-0.133909	-4.971958
-6.438653	-1.328289	-3.503511	-0.105997	1.049535	-1.034585	0.061932	-0.123552	-4.972602
6.126330	0.626843	-3.023305	-0.657471	1.247379	-1.098348	0.069590	-0.112858	-4.973311
6.017242	1.515267	-0.433464	-1.163509	1.390479	-1.130940	0.076657	-0.100805	-4.974159
-6.259506	-1.721030	3.414282	-1.543359	1.439066	-1.119073	0.082205	-0.088420	-4.975077
6.993634	2.007390	3.294490	-1.781588	1.367523	-1.052837	0.086481	-0.074795	-4.976135
-2.494660	-2.300181	-0.037890	-1.808746	1.157896	-0.936645	0.089069	-0.060875	-4.977264
-8.324476	-2.319474	-0.052788	-1.808321	1.156622	-0.936019	0.089077	-0.060811	-4.977270
9.182436	-2.338563	-0.067646	-1.807890	1.155345	-0.935392	0.089085	-0.060747	-4.977275
9.932277	-2.234801	-2.150100	-1.627166	0.859675	-0.800542	0.089995	-0.048443	-4.978310
-11.701978	2.938266	-2.731895	-1.250979	0.481360	-0.640957	0.089709	-0.035980	-4.979390
14.058147	-3.583364	0.121344	0.197645	-0.526294	-0.217035	0.084771	-0.007106	-4.982005
13.132893	-2.533476	2.008076	1.858124	-1.430816	0.231053	0.074206	0.022113	-4.984797
-9.712652	-0.463250	1.938729	1.883736	-1.443196	0.238499	0.073979	0.022613	-4.984846
-1.054737	1.583922	1.864024	1.909172	-1.455435	0.245931	0.073750	0.023114	-4.984895
9.330177	3.730963	1.749070	1.944824	-1.472495	0.256414	0.073425	0.023822	-4.984964
-9.102100	4.188900	1.622953	1.980091	-1.489263	0.266866	0.073096	0.024530	-4.985033
-4.941062	3.461848	1.517298	2.007193	-1.502078	0.274959	0.072838	0.025079	-4.985087
8.751579	2.304890	1.405495	2.034021	-1.514701	0.283026	0.072579	0.025628	-4.985141
8.569715	-4.383689	-0.966796	2.469130	-1.710689	0.426567	0.067524	0.035668	-4.986137
-4.518907	-3.156671	-1.980006	2.760011	-1.830135	0.560513	0.061882	0.045686	-4.987146
-1.958303	3.970751	-0.891872	2.844453	-1.848064	0.724495	0.053246	0.059334	-4.988546
4.840540	5.087755	1.482968	2.551459	-1.695794	0.864268	0.043611	0.072854	-4.989963
-6.868334	-5.433327	2.665159	1.859354	-1.379913	0.984409	0.032430	0.086925	-4.991473
-4.880474	2.827699	-0.847948	0.820126	-0.944379	1.075381	0.020283	0.100726	-4.992992
9.123266	3.086883	-0.971548	0.787240	-0.931030	1.077471	0.019934	0.101103	-4.993034
-9.173917	3.333928	-1.094641	0.754120	-0.917608	1.079541	0.019584	0.101480	-4.993076
-8.564428	6.248491	-3.748958	-0.375006	-0.470968	1.132586	0.008266	0.113181	-4.994399
10.840830	3.298056	-2.122175	-1.608732	0.006663	1.162070	-0.003663	0.124575	-4.995722
8.860757	-7.630616	6.007815	-3.741923	1.088766	1.135200	-0.033092	0.149609	-4.998778
-10.255746	1.109324	-0.746121	-3.270805	1.890765	0.965911	-0.062552	0.172041	-5.001770
3.821285	1.603413	-1.002202	-3.232417	1.904442	0.960265	-0.063205	0.172520	-5.001838
10.291202	2.164357	-1.258350	-3.193028	1.917890	0.954534	-0.063857	0.172998	-5.001905
-10.307113	2.710102	-1.470516	-3.159629	1.928863	0.949719	-0.064397	0.173393	-5.001961
-4.513926	3.312036	-1.682229	-3.125580	1.939671	0.944847	-0.064936	0.173787	-5.002017
10.349163	4.278131	-2.017555	-3.070117	1.956517	0.936985	-0.065790	0.174411	-5.002106
-4.949504	5.124580	-2.350756	-3.013047	1.972947	0.928977	-0.066641	0.175032	-5.002195
-10.596689	8.086953	-5.703811	-2.291606	2.124752	0.831312	-0.075794	0.181662	-5.003166
6.107479	8.880727	-8.116100	-1.436533	2.219611	0.716136	-0.084463	0.187895	-5.004124
10.471281	-1.789795	-8.886280	1.407442	2.097751	0.292440	-0.106170	0.203738	-5.006851
-9.968831	-8.324328	1.613679	3.467197	1.196131	-0.183636	-0.119867	0.215273	-5.009399
9.082730	-6.738642	1.815293	3.475309	1.178850	-0.189540	-0.119976	0.215388	-5.009430
9.959625	-5.169481	2.017995	3.482774	1.161430	-0.195431	-0.120084	0.215502	-5.009461
-8.547216	-2.042211	2.476511	3.497175	1.121737	-0.208632	-0.120318	0.215755	-5.009529
-8.846396	0.352311	2.937042	3.508228	1.081238	-0.221801	-0.120544	0.216004	-5.009598
-9.848229	7.764416	7.620009	3.262889	0.461529	-0.397051	-0.122724	0.219010	-5.010518
-7.903832	-1.379654	5.603856	2.200492	-0.229126	-0.559089	-0.123097	0.221245	-5.011402
-3.540211	-6.253983	-1.451396	0.175220	-1.110685	-0.740607	-0.120685	0.222995	-5.012492
9.694244	4.817958	-4.538264	-1.644988	-1.827552	-0.878526	-0.114783	0.223488	-5.013515
2.990156	4.999313	-4.546793	-1.678974	-1.841920	-0.881300	-0.114590	0.223485	-5.013539
-9.687541	5.166311	-4.552268	-1.712148	-1.856067	-0.884036	-0.114394	0.223480	-5.013564
3.513483	4.374542	-3.038713	-2.412633	-2.206695	-0.957334	-0.105907	0.222854	-5.014406
9.320147	-1.757331	0.280592	-2.281066	-2.207511	-0.979830	-0.094339	0.221315	-5.015190
-4.249725	-2.324000	1.549344	-1.220553	-1.815793	-0.946544	-0.077824	0.218577	-5.015990
-9.000352	1.488414	-0.936480	0.449389	-1.119916	-0.861109	-0.057957	0.214801	-5.016714
8.999337	1.503151	-0.954506	0.494173	-1.093921	-0.857618	-0.057269	0.214663	-5.016736
-7.463426	1.504860	-0.962761	0.537553	-1.067772	-0.854088	-0.056580	0.214524	-5.016758
-9.041423	-1.009509	0.823903	1.207570	-0.280157	-0.739538	-0.036242	0.210223	-5.017335
5.841183	-0.834540	0.456290	0.972879	0.546866	-0.599971	-0.014219	0.205155	-5.017846
9.370522	0.547668	-1.755691	0.133325	1.365103	-0.424897	0.011688	0.198656	-5.018333
-9.534835	-0.559103	-1.828145	-0.490719	1.883232	-0.239428	0.038449	0.191295	-5.018731
5.814533	-0.557609	-1.748911	-0.498196	1.892326	-0.233435	0.039313	0.191046	-5.018743
9.542505	-0.549978	-1.663537	-0.504667	1.900877	-0.227438	0.040179	0.190795	-5.018754
-9.591159	0.680817	1.643512	-0.366821	1.934359	-0.061096	0.064424	0.183434	-5.019029
-4.312776	-0.011061	2.635785	0.028272	1.650651	0.097183	0.088330	0.175449	-5.019229
9.146297	-1.083631	0.925072	0.252875	1.104528	0.258565	0.113934	0.165882	-5.019358
-6.812726	0.205665	-1.443149	0.194863	0.452925	0.399965	0.137889	0.155631	-5.019389
-8.462964	0.272565	-1.512833	0.189420	0.431367	0.404117	0.138623	0.155291	-5.019388
8.435799	0.339684	-1.581636	0.183802	0.409819	0.408240	0.139354	0.154951	-5.019387
4.024401	1.516988	-3.033554	-0.031471	-0.188644	0.512819	0.158804	0.145150	-5.019321
-6.616302	0.456476	-3.169413	-0.300689	-0.736169	0.593615	0.175892	0.134869	-5.019171
5.728835	-1.784735	-1.446580	-0.571045	-1.225379	0.652349	0.191924	0.122573	-5.018892
2.403736	1.807811	1.656689	-0.700969	-1.491335	0.670239	0.203549	0.109746	-5.018496
-5.279310	1.820288	1.668663	-0.701058	-1.491933	0.670219	0.203590	0.109687	-5.018494
-4.824120	1.832594	1.680588	-0.701141	-1.492525	0.670198	0.203631	0.109628	-5.018492
5.338851	1.656474	2.871341	-0.593009	-1.501095	0.647765	0.209691	0.098009	-5.018046
-5.731209	-0.785660	1.625471	-0.193191	-1.315463	0.587969	0.211962	0.086070	-5.017506
-6.613577	-1.697178	-0.878379	0.485901	-0.926528	0.481842	0.210092	0.072090	-5.016772
7.606768	-0.021944	-2.262692	1.185907	-0.425135	0.347021	0.203653	0.057806	-5.015909
4.602948	-0.011663	-2.265699	1.188848	-0.422674	0.346348	0.203613	0.057739	-5.015905
-7.616009	-0.001382	-2.268677	1.191783	-0.420213	0.345676	0.203573	0.057672	-5.015901
8.093116	1.544680	-2.359677	1.663678	0.048436	0.213568	0.194317	0.044961	-5.015037
9.149016	0.900984	-1.790199	1.958599	0.488576	0.076981	0.181858	0.032095	-5.014069
-9.704078	-1.502838	-1.208408	2.071587	0.888457	-0.074218	0.163870	0.017247	-5.012835
-5.345184	1.555799	-1.000469	1.925921	1.117935	-0.208503	0.142084	0.002301	-5.011460
9.965522	1.560615	-0.995981	1.924617	1.118547	-0.209030	0.141982	0.002236	-5.011454
-0.813139	1.565204	-0.991434	1.923308	1.119156	-0.209557	0.141879	0.002171	-5.011448
-9.996736	-0.384267	0.684011	1.515441	1.179203	-0.303468	0.119846	-0.010936	-5.010127
9.936994	-1.828669	1.999341	0.776608	1.124575	-0.369420	0.095204	-0.024039	-5.008694
2.955220	1.548409	0.834108	-0.425707	0.957879	-0.411005	0.065207	-0.038420	-5.006983
-9.924241	2.286704	-1.196253	-1.745849	0.709987	-0.423543	0.032397	-0.052699	-5.005131
10.147096	-2.549990	-1.847747	-2.827864	0.408297	-0.410406	-0.003450	-0.067009	-5.003109
3.038663	2.791048	0.028582	-3.319947	0.088208	-0.375379	-0.041372	-0.081111	-5.000936
-10.518261	2.815502	0.039709	-3.320583	0.086737	-0.375173	-0.041551	-0.081175	-5.000926
-4.088942	2.839726	0.050833	-3.321204	0.085266	-0.374967	-0.041730	-0.081240	-5.000916
10.827935	3.044975	1.747123	-3.090404	-0.210796	-0.324734	-0.079327	-0.094506	-4.998689
-0.511382	-2.693306	1.025381	-2.148225	-0.481177	-0.262223	-0.117464	-0.107489	-4.996318
-10.782274	-2.711662	1.017795	-2.142490	-0.482371	-0.261907	-0.117643	-0.107550	-4.996307
10.780654	-2.729801	1.010188	-2.136746	-0.483564	-0.261590	-0.117823	-0.107610	-4.996296
6.827650	-3.387874	-0.585552	-0.880449	-0.699778	-0.196957	-0.152548	-0.119177	-4.994002
-9.447771	-2.568784	-1.535056	0.481057	-0.880220	-0.128195	-0.186650	-0.130436	-4.991585
8.713890	-1.945551	-1.565353	1.957495	-1.039951	-0.044580	-0.225909	-0.143451	-4.988529
3.839971	3.504115	-0.734091	3.117337	-1.128239	0.036058	-0.262672	-0.155915	-4.985289
-8.605669	3.494569	-0.729302	3.121412	-1.128447	0.036388	-0.262821	-0.155966	-4.985275
-7.766627	3.484462	-0.724506	3.125479	-1.128654	0.036718	-0.262971	-0.156018	-4.985261
9.112998	-3.408439	0.351613	3.773900	-1.139446	0.100658	-0.291790	-0.166209	-4.982336
-5.044924	-2.292355	1.331520	4.028067	-1.085372	0.158457	-0.317582	-0.175915	-4.979273
-11.073726	3.030572	1.379140	3.799566	-0.942240	0.215866	-0.342649	-0.186368	-4.975598
11.693765	0.005806	-0.297625	3.208494	-0.726543	0.262876	-0.362222	-0.196084	-4.971736
3.110840	-0.017569	-0.306139	3.205356	-0.725412	0.263066	-0.362298	-0.196127	-4.971718
-11.695545	-0.040758	-0.314582	3.202237	-0.724287	0.263255	-0.362374	-0.196170	-4.971700
11.514365	-2.550018	-1.278500	2.603675	-0.490130	0.294802	-0.374297	-0.204016	-4.968163
5.519963	0.398631	-0.252496	2.074633	-0.226973	0.316629	-0.380832	-0.211218	-4.964478
-9.888676	2.168056	1.234999	1.450891	0.093276	0.328622	-0.381000	-0.218610	-4.960085
-2.498450	-2.069560	0.371662	0.629584	0.416891	0.325830	-0.372758	-0.225082	-4.955494
9.118875	-2.065377	0.361767	0.625159	0.418351	0.325783	-0.372700	-0.225110	-4.955472
-2.481515	-2.060724	0.351823	0.620727	0.419810	0.325735	-0.372643	-0.225137	-4.955451
-8.842429	2.062103	-1.357040	-0.369626	0.691221	0.310844	-0.358525	-0.230054	-4.951264
8.959549	-0.522271	-0.138128	-1.609257	0.938664	0.284704	-0.338503	-0.234301	-4.946920
3.797599	-2.254135	1.674307	-2.853050	1.172757	0.242325	-0.309635	-0.238297	-4.941851
-9.599715	2.137928	0.221479	-3.437635	1.343584	0.186620	-0.274750	-0.241501	-4.936579
4.788169	2.286481	0.167967	-3.442429	1.346899	0.185058	-0.273806	-0.241571	-4.936445
9.602316	2.433780	0.114875	-3.446741	1.350162	0.183488	-0.272858	-0.241641	-4.936310
-9.040595	1.647905	-2.303433	-2.350428	1.450866	0.040897	-0.191057	-0.245619	-4.925550
-0.143504	-2.909221	0.084923	0.749444	1.264596	-0.132800	-0.095324	-0.246977	-4.914008
8.660685	-2.383255	0.174579	0.789515	1.260108	-0.135264	-0.093948	-0.246978	-4.913845
-4.462722	-1.831839	0.265927	0.829237	1.255569	-0.137729	-0.092571	-0.246979	-4.913682
-8.684920	-0.533701	0.480198	0.918845	1.244973	-0.143379	-0.089410	-0.246979	-4.913309
8.704786	0.691912	0.699172	1.006469	1.234099	-0.149033	-0.086240	-0.246977	-4.912934
-0.483272	2.849051	2.605987	1.893718	1.069064	-0.221921	-0.044647	-0.246743	-4.908024
-9.763018	-2.721151	0.513372	2.195436	0.858569	-0.293202	-0.002107	-0.246129	-4.902985
4.116002	-0.511218	-2.546922	1.851617	0.523274	-0.380041	0.053837	-0.244787	-4.896269
10.635965	2.145152	-2.192259	0.972726	0.140615	-0.456808	0.109994	-0.242849	-4.889342
-10.628878	2.069840	-2.118952	0.947049	0.130790	-0.458545	0.111380	-0.242794	-4.889168
-3.046228	1.985858	-2.042241	0.921259	0.120953	-0.460272	0.112766	-0.242738	-4.888993
10.017478	-1.831433	1.341231	0.009181	-0.229696	-0.515109	0.161328	-0.240553	-4.882768
-9.035704	1.548330	2.229166	-0.673300	-0.574578	-0.556231	0.208974	-0.237949	-4.876388
-6.582033	1.081087	0.838116	-0.942838	-0.937398	-0.582976	0.261748	-0.234478	-4.868906
7.392629	-1.045477	-1.107509	-0.790863	-1.239069	-0.584336	0.312172	-0.230504	-4.861226
5.988503	-1.036755	-1.151286	-0.782692	-1.246219	-0.583979	0.313523	-0.230387	-4.861012
-7.389042	-1.023587	-1.194019	-0.774363	-1.253298	-0.583600	0.314872	-0.230271	-4.860798
4.820417	0.304259	-1.899754	-0.450659	-1.440193	-0.559646	0.356553	-0.226385	-4.853926
8.466035	0.841860	-1.047664	-0.091150	-1.548933	-0.510928	0.395961	-0.222150	-4.846909
-9.408750	-0.848504	1.305766	0.238050	-1.567083	-0.421029	0.438390	-0.216844	-4.838625
-3.675469	0.937245	1.656904	0.334979	-1.455387	-0.295144	0.477210	-0.211116	-4.830153
9.981905	0.926746	1.647886	0.333749	-1.452193	-0.292695	0.477846	-0.211014	-4.830006
-2.925115	0.912700	1.638619	0.332407	-1.448955	-0.290238	0.478481	-0.210912	-4.829858
-9.954932	-1.073922	1.112513	0.142487	-1.228997	-0.155953	0.509033	-0.205579	-4.822311
9.483220	1.239244	0.852407	-0.191832	-0.914921	-0.006084	0.536392	-0.199960	-4.814626
-1.742424	-0.112084	-0.383234	-0.551255	-0.490592	0.175572	0.563351	-0.193248	-4.805724
-8.139717	-1.670185	-1.352644	-0.674181	-0.043826	0.360781	0.585617	-0.186210	-4.796650
1.373806	-1.627155	-1.355403	-0.672140	-0.031596	0.365863	0.586162	-0.186011	-4.796396
8.124555	-1.575986	-1.356394	-0.669754	-0.019395	0.370934	0.586703	-0.185812	-4.796144
-8.143431	1.871918	-0.705734	-0.431718	0.355337	0.528618	0.601859	-0.179389	-4.788050
-2.018003	0.645325	0.473627	0.040621	0.692392	0.675986	0.612973	-0.172750	-4.779829
9.032052	-2.249404	1.204896	0.718319	1.007097	0.824858	0.620486	-0.164881	-4.770229
-9.334752	0.555760	0.348104	1.352319	1.215274	0.943330	0.622091	-0.156773	-4.760466
-5.803895	0.624819	0.325039	1.361319	1.217732	0.945040	0.622065	-0.156632	-4.760297
9.336673	0.693050	0.301909	1.370214	1.220145	0.946736	0.622037	-0.156492	-4.760129
4.164358	2.589144	-0.836590	1.686140	1.286589	1.017584	0.618105	-0.149148	-4.751372
-8.714003	1.125188	-1.262626	1.629732	1.229130	1.052505	0.609103	-0.141648	-4.742493
5.631058	-2.882675	-0.581750	0.992354	1.022395	1.048657	0.592584	-0.132949	-4.732259
7.493722	-2.136062	0.878210	-0.077984	0.706833	1.001796	0.569735	-0.124073	-4.721873
-7.491904	-2.109079	0.884079	-0.082977	0.705316	1.001508	0.569624	-0.124035	-4.721828
-4.286708	-2.082034	0.889893	-0.087936	0.703809	1.001221	0.569513	-0.123997	-4.721783
7.249201	3.145020	1.583698	-1.096175	0.374063	0.926930	0.544461	-0.116031	-4.712498
-7.235564	-3.256890	0.788229	-1.935893	0.031924	0.824749	0.515214	-0.107947	-4.703098
-7.028791	-2.960625	-1.040654	-2.495760	-0.317695	0.683622	0.478698	-0.098951	-4.692656
7.714710	3.081446	-1.950122	-2.515694	-0.597064	0.515481	0.437991	-0.089836	-4.682082
3.191760	3.305420	-1.952989	-2.494667	-0.611528	0.503867	0.435250	-0.089248	-4.681400
-7.757787	3.482633	-1.948286	-2.470757	-0.625524	0.492156	0.432494	-0.088660	-4.680718
8.052578	2.733695	-1.331059	-1.896519	-0.771242	0.323587	0.393503	-0.080605	-4.671371
6.630777	1.873171	-0.395657	-0.992274	-0.838796	0.139685	0.352006	-0.072478	-4.661929
-8.489203	0.374926	0.775455	0.226652	-0.829308	-0.091923	0.300656	-0.062884	-4.650759
2.419316	-3.405490	1.830340	1.324945	-0.737247	-0.336898	0.246760	-0.053213	-4.639463
8.472624	-3.547837	1.867108	1.368266	-0.731172	-0.348590	0.244181	-0.052758	-4.638931
-6.185559	-3.680164	1.902129	1.410586	-0.724957	-0.360288	0.241600	-0.052303	-4.638399
-8.267011	-2.933577	2.180023	1.978116	-0.586682	-0.577402	0.193223	-0.043894	-4.628536
7.954367	3.640246	1.517314	2.057487	-0.411560	-0.793006	0.143647	-0.035447	-4.618583
-0.076039	2.033780	-0.576790	1.627373	-0.179370	-1.033935	0.084903	-0.025586	-4.606902
-7.431672	-3.301913	-2.134668	0.821928	0.054359	-1.254514	0.025439	-0.015697	-4.595106
4.080926	-3.394730	-2.149212	0.786788	0.062781	-1.262304	0.023186	-0.015323	-4.594658
7.434437	-3.470760	-2.159236	0.751404	0.071156	-1.270049	0.020933	-0.014949	-4.594210
-7.621042	-1.655124	-1.338711	-0.091954	0.246557	-1.434095	-0.030755	-0.006373	-4.583901
-2.416644	1.377339	0.564610	-0.860458	0.375660	-1.567535	-0.082274	0.002205	-4.573510
8.491472	3.079366	2.304672	-1.365529	0.440169	-1.676738	-0.142324	0.012303	-4.561168
-5.947960	1.599143	1.915555	-1.196123	0.391878	-1.728785	-0.201189	0.022380	-4.548720
-8.804030	1.587130	1.910189	-1.194287	0.391489	-1.728884	-0.201422	0.022420	-4.548670
8.804573	1.575162	1.904839	-1.192457	0.391102	-1.728981	-0.201652	0.022460	-4.548620
7.527687	-1.454585	0.308225	-0.649988	0.279392	-1.731538	-0.251330	0.031170	-4.537740
-8.637330	-2.585236	-1.608042	0.037455	0.131555	-1.700321	-0.299430	0.039846	-4.526786
8.521991	0.993482	-3.038804	0.735535	-0.047842	-1.629434	-0.352457	0.049732	-4.514142
8.735061	2.243919	-1.900598	1.084502	-0.199432	-1.528060	-0.403230	0.059549	-4.501406
-8.736935	2.230613	-1.888515	1.085055	-0.199928	-1.527604	-0.403429	0.059588	-4.501355
-2.034079	2.217107	-1.876363	1.085601	-0.200423	-1.527147	-0.403627	0.059627	-4.501304
9.337415	-2.115226	1.538474	1.041332	-0.282951	-1.419741	-0.446004	0.068109	-4.490134
-7.773512	-0.695357	3.767697	0.676995	-0.317787	-1.300545	-0.486669	0.076519	-4.478899
-11.004640	1.908805	3.074682	-0.049289	-0.306964	-1.158387	-0.530209	0.085846	-4.466232
11.488133	-1.595182	-1.064287	-0.839428	-0.253420	-1.010638	-0.571598	0.095059	-4.453487
5.923558	-1.719755	-1.222010	-0.863675	-0.250959	-1.005515	-0.572977	0.095373	-4.453050
-11.499494	-1.835415	-1.378536	-0.887599	-0.248462	-1.000390	-0.574354	0.095686	-4.452612
8.707905	-1.753727	-4.284906	-1.347854	-0.173491	-0.868886	-0.608678	0.103636	-4.441394
10.946794	0.502614	-3.530987	-1.421140	-0.081511	-0.737713	-0.641353	0.111480	-4.430122
-10.298140	1.776205	0.212280	-1.112381	0.032167	-0.596689	-0.675294	0.119950	-4.417699
9.694450	-1.788013	4.012847	-0.519488	0.149208	-0.461292	-0.707252	0.128272	-4.405215
-5.698721	-0.269133	4.169327	0.273990	0.263950	-0.327727	-0.738780	0.136868	-4.391998
-9.289339	1.839726	1.278028	1.089506	0.357115	-0.206660	-0.768103	0.145273	-4.378720
9.299817	1.784793	1.134818	1.121108	0.360310	-0.201973	-0.769267	0.145617	-4.378170
2.173394	1.715422	0.991450	1.152452	0.363448	-0.197310	-0.770428	0.145959	-4.377619
-9.720506	-1.033160	-1.827145	1.722086	0.413799	-0.106162	-0.793912	0.153069	-4.366055
10.880732	-1.747649	-3.573011	2.042231	0.428373	-0.028586	-0.815737	0.160017	-4.354449
10.913445	-1.894394	-3.201012	1.989055	0.390164	0.046075	-0.839191	0.167937	-4.340806
-11.111793	-1.894250	-0.683950	1.540755	0.299983	0.106374	-0.860370	0.175612	-4.327113
-3.710479	-1.885776	-0.670828	1.538058	0.299487	0.106613	-0.860459	0.175645	-4.327052
11.110682	-1.877183	-0.657705	1.535356	0.298991	0.106853	-0.860548	0.175679	-4.326991
-7.369413	0.943917	1.688716	0.911606	0.188404	0.149725	-0.877066	0.182132	-4.315074
-10.053448	1.816475	2.559335	0.149165	0.057055	0.185827	-0.891884	0.188394	-4.303123
9.121950	-1.736744	0.813569	-0.797524	-0.108534	0.221314	-0.906827	0.195353	-4.289345
5.384297	1.605906	-1.247737	-1.682558	-0.277305	0.252998	-0.919539	0.202053	-4.275529
-8.378615	1.616933	-1.254495	-1.686178	-0.278052	0.253137	-0.919591	0.202082	-4.275467
8.376234	1.627745	-1.261220	-1.689793	-0.278799	0.253275	-0.919643	0.202112	-4.275405
5.955921	0.802627	-1.976367	-2.292421	-0.418040	0.279897	-0.928881	0.207726	-4.263353
-8.141075	-1.401974	-1.631834	-2.645478	-0.541227	0.307557	-0.936442	0.213138	-4.251277
-1.062639	0.053401	-0.249308	-2.686353	-0.651817	0.342948	-0.943068	0.219105	-4.237382
8.915467	1.166879	1.261739	-2.352435	-0.720354	0.384849	-0.947508	0.224807	-4.223462
-8.917296	1.161376	1.266204	-2.350529	-0.720532	0.385019	-0.947521	0.224828	-4.223410
-7.841008	1.155815	1.270620	-2.348635	-0.720708	0.385188	-0.947533	0.224848	-4.223359
9.346921	-1.099163	1.639611	-1.764343	-0.748759	0.429207	-0.949618	0.229600	-4.211214
0.546762	-0.312395	0.150184	-0.943620	-0.752560	0.482107	-0.950067	0.234156	-4.199053
-10.042676	1.064946	-1.595123	0.090004	-0.733533	0.553491	-0.948649	0.239015	-4.185460
9.142630	-0.973117	-1.069557	1.060739	-0.693961	0.637976	-0.945221	0.243637	-4.171853
10.155816	-1.055376	-0.983507	1.111603	-0.691164	0.643146	-0.944966	0.243892	-4.171080
-10.154003	-1.120352	-0.893720	1.161887	-0.688312	0.648352	-0.944705	0.244147	-4.170308
2.477289	-0.219620	0.652114	1.847313	-0.638499	0.732015	-0.939956	0.247919	-4.158575
9.764343	1.314069	1.566526	2.349969	-0.577691	0.823719	-0.933738	0.251522	-4.146837
-8.494940	0.068662	0.660699	2.667437	-0.494668	0.940449	-0.924581	0.255534	-4.133060
-8.954267	-1.676085	-0.948071	2.762712	-0.401727	1.065734	-0.913429	0.259320	-4.119282
8.937721	-1.693829	-1.002542	2.763390	-0.397405	1.071487	-0.912887	0.259483	-4.118668
2.523115	-1.702148	-1.054035	2.763836	-0.393070	1.077253	-0.912340	0.259646	-4.118055
-8.642149	-0.352884	-1.495899	2.738767	-0.305463	1.193084	-0.900832	0.262751	-4.106026
1.263085	2.120289	-1.134645	2.684205	-0.213754	1.313403	-0.887826	0.265689	-4.094000
8.324176	1.880385	-0.140000	2.601795	-0.104508	1.455453	-0.871117	0.268848	-4.080243
-8.323869	-2.606666	1.054815	2.501209	0.008972	1.600835	-0.852477	0.271796	-4.066496
-3.763996	-2.646167	1.077159	2.498339	0.012019	1.604704	-0.851960	0.271871	-4.066133
8.327404	-2.676665	1.098617	2.495460	0.015070	1.608574	-0.851440	0.271946	-4.065771
-2.704379	-0.074710	1.345872	2.393787	0.118418	1.738489	-0.833329	0.274362	-4.053663
-8.674376	3.175471	0.917720	2.279634	0.224216	1.868950	-0.813740	0.276620	-4.041567
9.086247	0.375860	0.052648	2.115821	0.346102	2.016410	-0.789746	0.278991	-4.027865
2.350531	-2.405234	-0.806340	1.889533	0.468660	2.162012	-0.763881	0.281165	-4.014185
-9.655057	-2.468941	-0.825511	1.882347	0.471945	2.165882	-0.763161	0.281221	-4.013819
7.660120	-2.532838	-0.844377	1.875096	0.475231	2.169749	-0.762440	0.281276	-4.013452
10.217386	-3.967124	-1.242825	1.597722	0.582446	2.295243	-0.738024	0.283022	-4.001420
-10.707600	-2.110521	-1.110663	1.239212	0.687101	2.417252	-0.712178	0.284621	-3.989410
0.807750	2.729255	-0.521169	0.756879	0.800266	2.550276	-0.681139	0.286259	-3.975813
10.799855	4.598993	0.193490	0.228742	0.904770	2.676252	-0.648290	0.287716	-3.962250
-9.741726	4.546049	0.210669	0.214611	0.907366	2.679446	-0.647405	0.287751	-3.961895
-10.770102	4.487396	0.227690	0.200474	0.909955	2.682635	-0.646519	0.287787	-3.961540
10.010246	0.822590	0.708471	-0.270258	0.991403	2.785518	-0.616248	0.288905	-3.949714
3.664751	-2.967660	1.033614	-0.723049	1.062037	2.881014	-0.584618	0.289890	-3.937919
-7.672555	-4.991394	1.241015	-1.190666	1.127431	2.980531	-0.546571	0.290861	-3.924393
4.494480	-2.887037	1.284370	-1.570466	1.173100	3.067685	-0.506757	0.291662	-3.910915
6.769690	-2.763143	1.282933	-1.579057	1.174008	3.069796	-0.505688	0.291681	-3.910561
-6.755845	-2.635753	1.281350	-1.587563	1.174899	3.071894	-0.504618	0.291700	-3.910208
-0.081429	2.307719	1.138836	-1.826747	1.195271	3.136103	-0.468367	0.292256	-3.898490
6.949774	5.119311	0.798209	-1.978014	1.196382	3.188875	-0.430795	0.292689	-3.886812
-9.124257	2.310476	0.153066	-2.037433	1.170937	3.234984	-0.385280	0.293042	-3.873234
-9.156414	-0.034477	-0.567563	-1.966306	1.115580	3.264039	-0.337996	0.293234	-3.859717
9.162224	-0.040408	-0.570332	-1.965745	1.115296	3.264122	-0.337799	0.293235	-3.859662
2.588120	-0.046359	-0.573118	-1.965179	1.115008	3.264206	-0.337601	0.293235	-3.859606
-10.445034	-1.161413	-1.068810	-1.797189	1.044823	3.275442	-0.295306	0.293275	-3.847974
6.559364	-2.864305	-1.280137	-1.534748	0.956924	3.274251	-0.251712	0.293201	-3.836393
12.933384	-4.750685	-0.948292	-1.137232	0.837441	3.258018	-0.199939	0.292978	-3.823126
-13.677930	-4.158888	0.062403	-0.681570	0.702443	3.226467	-0.146480	0.292612	-3.809931
4.250595	-4.142681	0.067574	-0.679437	0.701800	3.226289	-0.146233	0.292610	-3.809871
13.681757	-4.126205	0.072777	-0.677291	0.701151	3.226110	-0.145984	0.292608	-3.809811
-2.141241	0.730929	0.927222	-0.271675	0.574113	3.186500	-0.098033	0.292175	-3.798375
-13.412145	4.280974	1.091992	0.107183	0.441376	3.136164	-0.048854	0.291638	-3.786998
12.525508	0.925407	0.073119	0.480071	0.286695	3.066241	0.008667	0.290904	-3.774103
4.053537	-3.870814	-0.954721	0.820186	0.132445	2.983579	0.067681	0.290043	-3.761290
-11.256687	-3.878017	-0.956621	0.821586	0.131814	2.983212	0.067928	0.290039	-3.761238
11.250812	-3.885097	-0.958505	0.822997	0.131179	2.982841	0.068176	0.290035	-3.761184
9.051097	-2.349745	-0.799985	1.121669	-0.001227	2.899729	0.121463	0.289171	-3.749947
-8.639531	1.593212	0.018038	1.399324	-0.127142	2.807650	0.175818	0.288214	-3.738779
-3.824514	3.388127	0.870047	1.642487	-0.253836	2.697395	0.236337	0.287065	-3.726665
6.779175	1.209743	0.959149	1.783821	-0.365147	2.577559	0.298024	0.285811	-3.714637
-5.078474	1.002199	0.940620	1.787153	-0.369758	2.571878	0.300863	0.285751	-3.714091
-6.750757	0.784117	0.920068	1.790178	-0.374323	2.566178	0.303704	0.285691	-3.713545
6.767130	-3.151938	0.098177	1.776959	-0.454288	2.450295	0.360074	0.284471	-3.702838
-2.676959	-0.212469	-1.231736	1.589968	-0.514673	2.327626	0.417297	0.283170	-3.692204
-7.782568	3.062956	-1.429278	1.104998	-0.563984	2.180096	0.483493	0.281593	-3.680177
8.248728	-2.600039	0.941619	0.326668	-0.599113	2.024921	0.550681	0.279917	-3.668249
7.595539	-2.848797	1.049375	0.288126	-0.600470	2.017771	0.553725	0.279840	-3.667714
-8.272013	-3.077880	1.152920	0.249527	-0.601812	2.010612	0.556770	0.279762	-3.667181
-8.047273	3.181937	2.268669	-1.267081	-0.654470	1.693359	0.688097	0.276276	-3.644648
8.831783	0.433302	0.292577	-1.909560	-0.730887	1.354910	0.822398	0.272465	-3.622503
-4.633259	-0.630966	0.228055	-1.909105	-0.733415	1.346556	0.825657	0.272370	-3.621976
-8.915923	-1.662756	0.163001	-1.907812	-0.735983	1.338192	0.828917	0.272274	-3.621449
8.962574	-2.593071	0.094605	-1.905564	-0.738705	1.329458	0.832319	0.272175	-3.620900
4.706220	-3.289725	0.025672	-1.902394	-0.741469	1.320714	0.835723	0.272074	-3.620351
-10.007968	3.296972	-1.235232	-1.719062	-0.791076	1.178299	0.890838	0.270435	-3.611533
9.827887	2.391264	-2.763275	-1.270620	-0.847204	1.033484	0.946338	0.268747	-3.602781
12.824218	-3.219059	-3.095073	-0.294517	-0.922532	0.843009	1.018676	0.266494	-3.591557
-13.914397	-0.874145	0.156187	0.923756	-0.992334	0.649625	1.091547	0.264164	-3.580450
-5.357132	-0.563327	0.337921	0.977542	-0.995277	0.640617	1.094931	0.264055	-3.579938
13.973731	-0.252773	0.517948	1.030579	-0.998185	0.631610	1.098314	0.263945	-3.579428
-10.242243	3.002450	2.890617	1.812863	-1.045438	0.462233	1.161795	0.261865	-3.569920
-13.809108	1.937053	1.954364	2.005320	-1.074952	0.291595	1.225586	0.259731	-3.560502
13.001672	-2.719977	-0.945808	1.540510	-1.079270	0.095190	1.298955	0.257226	-3.549831
-0.185136	2.152512	-2.168638	0.506132	-1.043713	-0.101721	1.372620	0.254657	-3.539280
-11.967855	2.364560	-2.135341	0.437838	-1.040511	-0.112284	1.376579	0.254518	-3.538718
7.151896	2.539340	-2.089701	0.368468	-1.037168	-0.122846	1.380538	0.254378	-3.538156
11.107337	1.262753	-0.087677	-0.816736	-0.961355	-0.295332	1.445337	0.252069	-3.529019
-10.456787	-2.251194	1.832267	-1.733131	-0.841587	-0.467244	1.510279	0.249714	-3.519977
6.128422	-0.105201	0.223499	-1.947080	-0.641942	-0.663604	1.585097	0.246950	-3.509696
9.755605	1.920076	-1.837363	-1.385662	-0.374692	-0.857734	1.659992	0.244131	-3.499544
-8.979134	1.830777	-1.851164	-1.345522	-0.361174	-0.866581	1.663432	0.244000	-3.499081
-9.751639	1.719154	-1.854484	-1.304343	-0.347573	-0.875422	1.666872	0.243869	-3.498618
9.812705	-1.760186	-0.477921	-0.389642	-0.079568	-1.040860	1.731751	0.241380	-3.489942
0.072291	-0.869791	1.820091	0.593651	0.195377	-1.203441	1.796597	0.238852	-3.481365
-10.047724	1.451281	2.347715	1.445616	0.493618	-1.387274	1.871522	0.235882	-3.471567
9.865829	-1.047008	-0.970921	1.682067	0.738527	-1.565784	1.946293	0.232865	-3.461906
7.746856	-1.170695	-1.123861	1.679047	0.747936	-1.573835	1.949719	0.232725	-3.461465
-9.828894	-1.281253	-1.270235	1.674973	0.757160	-1.581872	1.953145	0.232586	-3.461026
-3.513539	-0.757438	-2.653370	1.424273	0.896370	-1.730585	2.017515	0.229941	-3.452804
8.763407	1.051404	-1.639018	0.923005	0.972024	-1.874148	2.081680	0.227264	-3.444686
-7.152989	0.362311	1.044224	0.192524	0.983517	-2.033260	2.155650	0.224127	-3.435419
-8.505716	-0.878446	2.566288	-0.513171	0.917374	-2.184368	2.229237	0.220952	-3.426293
8.535327	-0.876152	2.553701	-0.541860	0.912538	-2.191133	2.232614	0.220805	-3.425876
-2.313182	-0.859466	2.531267	-0.570095	0.907545	-2.197886	2.235992	0.220658	-3.425460
-9.492194	0.799331	0.881168	-1.001636	0.785902	-2.321579	2.299206	0.217880	-3.417697
5.881370	0.824315	-1.041427	-1.209922	0.613398	-2.439662	2.362044	0.215077	-3.410041
12.333211	-0.789771	-1.846161	-1.104882	0.357268	-2.569571	2.434229	0.211804	-3.401318
-13.353451	-0.860528	-0.527436	-0.617926	0.060792	-2.692588	2.505798	0.208500	-3.392741
1.762791	-0.754755	-0.443353	-0.589281	0.046667	-2.698097	2.509080	0.208347	-3.392349
13.403113	-0.644045	-0.359257	-0.560293	0.032529	-2.703591	2.512361	0.208194	-3.391958
-6.426004	0.880869	0.914456	0.013665	-0.230849	-2.804058	2.573586	0.205314	-3.384679
-12.971545	0.932811	0.944944	0.529573	-0.475976	-2.899864	2.634261	0.202415	-3.377510
11.974822	-0.966476	0.084911	0.865575	-0.708039	-3.005278	2.703792	0.199033	-3.369348
2.976234	0.465943	-0.528178	0.845119	-0.859203	-3.105070	2.772477	0.195629	-3.361336
-10.832587	0.539353	-0.539956	0.835443	-0.864080	-3.109422	2.775539	0.195475	-3.360980
10.787749	0.606915	-0.550125	0.825011	-0.868797	-3.113761	2.778597	0.195322	-3.360625
6.730714	0.987081	-0.413731	0.496423	-0.930079	-3.194468	2.836526	0.192393	-3.353907
-9.519991	0.093028	0.251368	0.009404	-0.941368	-3.271493	2.893749	0.189450	-3.347301
2.566243	-0.943922	0.688489	-0.492010	-0.900982	-3.355655	2.958736	0.186043	-3.339832
8.977357	-0.311946	-0.096555	-0.723012	-0.813012	-3.434993	3.022679	0.182620	-3.332511
-8.961387	0.861473	-1.310864	-0.692354	-0.687880	-3.509381	3.085346	0.179194	-3.325362
-3.320605	-0.828001	-1.929895	-0.462360	-0.535498	-3.579128	3.146860	0.175755	-3.318364
8.999680	-0.829756	-1.946300	-0.446098	-0.527020	-3.582628	3.150026	0.175576	-3.318004
1.310323	-0.809383	-1.961628	-0.429478	-0.518498	-3.586116	3.153188	0.175397	-3.317645
-8.935144	0.830660	-2.226200	-0.091978	-0.362201	-3.645676	3.208463	0.172230	-3.311369
8.633948	-0.646787	-2.454391	0.276906	-0.200215	-3.701459	3.262671	0.169055	-3.305222
4.639089	-0.771850	-2.429486	0.294725	-0.192165	-3.704131	3.265334	0.168897	-3.304920
-8.586256	-0.887480	-2.398529	0.312434	-0.184121	-3.706794	3.267994	0.168740	-3.304619
0.703753	-0.402698	-0.792164	0.622176	-0.030919	-3.756576	3.318964	0.165681	-3.298843
7.410007	1.188060	1.684347	0.828965	0.112622	-3.803003	3.368887	0.162617	-3.293186
-0.975851	-0.735496	3.786689	0.863741	0.256973	-3.852421	3.425072	0.159081	-3.286818
-7.757837	-1.925329	3.610025	0.628126	0.371138	-3.897570	3.479786	0.155542	-3.280609
7.813989	-1.840677	3.522566	0.612008	0.375606	-3.899514	3.482227	0.155381	-3.280332
2.780813	-1.727697	3.427819	0.595497	0.380015	-3.901451	3.484666	0.155221	-3.280055
-9.421989	2.433877	1.109939	0.216542	0.454008	-3.936930	3.530810	0.152147	-3.274809
8.113216	1.611917	-0.024968	-0.233400	0.509950	-3.969339	3.575784	0.149072	-3.269685
14.908604	-4.374238	-2.404908	-1.174399	0.587169	-4.034002	3.677049	0.141827	-3.258091
-11.762894	3.756948	-5.690577	-1.213278	0.621735	-4.082995	3.771479	0.134597	-3.247180
3.286901	5.132673	-5.499534	-1.196668	0.622436	-4.083933	3.773541	0.134433	-3.246941
11.373702	5.790041	-5.287366	-1.179155	0.623144	-4.084864	3.775600	0.134269	-3.246701
-11.210679	5.311124	-5.098806	-1.164249	0.623724	-4.085616	3.777273	0.134136	-3.246507
-9.685494	3.925532	-4.896428	-1.148759	0.624308	-4.086363	3.778946	0.134002	-3.246312
10.799709	1.035525	-4.566910	-1.124334	0.625197	-4.087482	3.781464	0.133801	-3.246019
7.824897	-1.639712	-4.210689	-1.098681	0.626095	-4.088590	3.783977	0.133599	-3.245727
-7.976452	-6.265158	1.200794	-0.713530	0.637438	-4.100936	3.813529	0.131200	-3.242281
-8.021594	6.573400	5.607908	-0.233266	0.649849	-4.111724	3.842302	0.128803	-3.238910
-3.676532	3.264632	3.697859	0.473979	0.668859	-4.124356	3.881509	0.125433	-3.234292
-0.993317	-7.121374	-2.184810	1.084908	0.689281	-4.134099	3.919163	0.122070	-3.229825
5.633935	-3.370224	-4.982607	1.468910	0.711626	-4.141314	3.956772	0.118573	-3.225328
6.066748	3.869990	-4.228639	1.483749	0.734428	-4.145669	3.992698	0.115086	-3.220997
-6.141723	4.144249	-4.137445	1.476170	0.735485	-4.145805	3.994336	0.114923	-3.220798
-6.017687	4.409892	-4.042783	1.467940	0.736541	-4.145935	3.995971	0.114761	-3.220600
7.749257	7.146331	-1.908286	1.212269	0.755751	-4.147297	4.025547	0.111756	-3.217002
-4.812986	4.706740	0.284504	0.808898	0.774350	-4.146744	4.053883	0.108761	-3.213527
-10.794466	-0.730815	2.392613	0.251027	0.795088	-4.143849	4.085137	0.105307	-3.209661
11.555132	-4.526894	3.483093	-0.299603	0.814959	-4.138684	4.114758	0.101867	-3.205960
5.375328	-4.684580	3.497875	-0.322199	0.815823	-4.138404	4.116039	0.101715	-3.205799
-11.575171	-4.839395	3.509316	-0.344538	0.816684	-4.138120	4.117316	0.101562	-3.205639
4.596940	-6.154806	2.995926	-0.732967	0.833181	-4.131742	4.141654	0.098582	-3.202567
10.667986	-3.502390	1.111629	-1.036678	0.848982	-4.123878	4.164781	0.095615	-3.199621
-6.033357	2.936337	-1.464388	-1.295628	0.866215	-4.113170	4.189814	0.092229	-3.196398
-8.944510	5.062777	-2.705172	-1.476106	0.882484	-4.100803	4.213284	0.088858	-3.193340
8.926182	4.903194	-2.699836	-1.482706	0.883198	-4.100207	4.214311	0.088706	-3.193205
-2.866824	4.721004	-2.688156	-1.489187	0.883910	-4.099606	4.215334	0.088554	-3.193071
-8.851204	-0.800981	-1.533336	-1.593518	0.897177	-4.087510	4.234368	0.085637	-3.190556
8.794156	-4.364115	0.337598	-1.672647	0.909675	-4.074389	4.252244	0.082732	-3.188164
9.557708	-3.915002	1.794365	-1.757429	0.923133	-4.058096	4.271464	0.079391	-3.185553
-9.743485	-0.366948	2.287829	-1.862960	0.935516	-4.040732	4.289169	0.076067	-3.183105
1.788708	-0.168246	2.289000	-1.868803	0.936061	-4.039909	4.289949	0.075914	-3.182996
9.736041	0.026954	2.288338	-1.874750	0.936602	-4.039084	4.290725	0.075762	-3.182887
-9.450017	2.416436	1.943126	-2.004991	0.946314	-4.023297	4.304678	0.072907	-3.180917
-5.371732	3.130651	1.103561	-2.165351	0.955188	-4.006944	4.317527	0.070064	-3.179067
8.179873	2.316758	0.145790	-2.377520	0.964377	-3.987468	4.331019	0.066793	-3.177075
-0.610675	0.362950	-0.647952	-2.606332	0.972396	-3.967528	4.343066	0.063537	-3.175242
-7.629071	0.242912	-0.681001	-2.617197	0.972741	-3.966589	4.343593	0.063385	-3.175160
7.614322	0.120630	-0.713698	-2.628069	0.973084	-3.965650	4.344116	0.063234	-3.175079
6.300258	-1.799553	-1.258095	-2.830032	0.978973	-3.948083	4.353292	0.060424	-3.173629
-7.643790	-2.352769	-1.673595	-3.025845	0.983943	-3.930399	4.361405	0.057625	-3.172297
7.931775	-1.087742	-1.949065	-3.225213	0.988346	-3.910835	4.369148	0.054545	-3.170959
-4.025262	0.107832	-2.054546	-3.395811	0.991582	-3.891393	4.375620	0.051478	-3.169765
-8.499269	2.390130	-2.025966	-3.531975	0.993687	-3.871387	4.381030	0.048294	-3.168669
8.602162	5.687103	-1.894616	-3.619175	0.994468	-3.851820	4.385087	0.045124	-3.167726
-5.571013	5.732225	-1.886491	-3.622064	0.994472	-3.850918	4.385244	0.044976	-3.167686
-13.144928	5.760065	-1.878220	-3.624847	0.994473	-3.850017	4.385398	0.044828	-3.167646
