-5.178481	0.797198	7.030439	2.315061	-8.601316	2.082031	2.195296	-7.102775
-5.173117	0.316815	7.026686	2.315060	-8.601247	2.082030	2.195302	-7.102783
5.666573	-0.698192	7.015554	2.314915	-8.601153	2.082028	2.195307	-7.102791
5.069686	-0.692869	7.008792	2.314814	-8.601107	2.082028	2.195310	-7.102794
-5.667783	-0.359181	7.000770	2.314688	-8.601057	2.082027	2.195312	-7.102797
5.668493	0.161270	6.992137	2.314548	-8.601007	2.082026	2.195314	-7.102800
1.429460	0.699951	6.982615	2.314390	-8.600954	2.082025	2.195317	-7.102803
-6.613422	-1.310820	0.149640	2.040074	-8.553089	2.081233	2.195930	-7.103328
8.364757	2.458497	-0.223824	1.258503	-8.431760	2.079131	2.197060	-7.103980
4.964358	1.913817	0.040106	1.084493	-8.405911	2.078670	2.197289	-7.104097
-8.920796	0.662876	0.255620	0.898664	-8.378405	2.078176	2.197531	-7.104217
12.181947	-6.886418	-1.199595	-3.282837	-7.546419	2.061519	2.204895	-7.107236
0.968884	6.684946	-1.473360	-3.911688	-6.347299	2.031813	2.216900	-7.111449
-9.569341	11.895377	0.888050	-0.513874	-4.826198	1.981200	2.236101	-7.117741
-2.183055	-4.450411	2.438470	3.481515	-3.395783	1.913402	2.260380	-7.125449
0.870967	-5.701726	2.481460	3.612183	-3.334925	1.909831	2.261623	-7.125840
6.042917	-6.905853	2.522452	3.734620	-3.274740	1.906224	2.262876	-7.126235
-3.999278	-10.847471	2.468829	4.534091	-2.307018	1.832678	2.287770	-7.134048
-1.468775	-0.693219	0.069908	3.016932	-1.673885	1.746610	2.315538	-7.142768
3.141299	6.687494	-1.951235	-0.322951	-1.271250	1.631376	2.350783	-7.153919
-4.158424	-1.465563	0.185081	-3.737845	-1.069035	1.499679	2.388726	-7.166096
-1.642487	-1.818965	0.305826	-3.868873	-1.061819	1.493162	2.390545	-7.166686
2.998698	-2.142596	0.421953	-3.996018	-1.054668	1.486609	2.392368	-7.167277
5.495230	-2.908076	1.409374	-5.554948	-0.910898	1.356439	2.427507	-7.178789
-6.582990	2.189683	0.058209	-5.335729	-0.698425	1.213902	2.463777	-7.190937
1.352180	0.389076	-1.668027	-3.327573	-0.384642	1.038507	2.505507	-7.205312
7.846977	-2.624295	-1.618101	-0.346214	-0.031721	0.847741	2.547539	-7.220309
-7.855170	-2.580006	-1.548257	-0.204831	-0.015726	0.838880	2.549410	-7.220991
1.185474	-2.511809	-1.471983	-0.063437	0.000252	0.829995	2.551280	-7.221673
7.868339	1.445575	0.841367	2.630709	0.307854	0.649024	2.587865	-7.235296
-7.723883	3.876223	2.908195	4.764281	0.583500	0.456515	2.623772	-7.249249
-7.023738	1.004117	2.582507	5.915850	0.825118	0.220967	2.663709	-7.265621
7.313007	-4.516297	0.416839	5.587467	0.954981	-0.029248	2.701596	-7.282242
5.351013	-4.533641	0.296628	5.540680	0.958343	-0.041396	2.703323	-7.283031
-7.298885	-4.511248	0.176052	5.491460	0.961465	-0.053564	2.705043	-7.283820
5.867899	0.544508	-1.964299	4.205995	0.977484	-0.281638	2.735460	-7.298336
7.150272	4.057581	-3.346592	2.389960	0.918976	-0.517224	2.763434	-7.312891
-7.088616	-3.475758	-3.022369	-0.035136	0.765097	-0.796643	2.792270	-7.329719
4.506494	-2.946350	-0.744599	-2.434976	0.526844	-1.079569	2.816666	-7.346410
6.979555	-2.667546	-0.619917	-2.533279	0.513978	-1.092624	2.817672	-7.347174
-1.455584	-2.372656	-0.495346	-2.629793	0.500961	-1.105670	2.818667	-7.347937
-6.817194	2.191811	1.492167	-4.023040	0.227853	-1.350132	2.835267	-7.362149
6.585201	-1.728971	1.870564	-4.339960	-0.095980	-1.592044	2.847644	-7.376113
3.004102	-1.424956	0.271179	-3.305429	-0.520457	-1.866095	2.856187	-7.391907
-5.675345	1.157475	-1.273349	-1.413767	-0.955570	-2.130085	2.857930	-7.407212
5.647920	1.161471	-1.292284	-1.321359	-0.974632	-2.141693	2.857838	-7.407889
5.618803	1.141810	-1.304594	-1.228931	-0.993610	-2.153273	2.857732	-7.408565
-5.061110	-1.166668	-0.582304	0.480078	-1.333484	-2.368569	2.852728	-7.421239
4.560590	0.186047	0.817148	1.891418	-1.608750	-2.571274	2.841816	-7.433440
3.099123	1.596269	1.616915	2.787613	-1.805330	-2.788436	2.821181	-7.447011
-2.759219	-0.799602	0.379693	2.609418	-1.832912	-2.981845	2.791478	-7.459862
-4.580821	-1.000776	0.286775	2.578805	-1.830168	-2.990258	2.789855	-7.460445
4.613697	-1.204851	0.192143	2.546572	-1.827084	-2.998611	2.788212	-7.461027
2.271483	-2.371490	-1.628473	1.725230	-1.713073	-3.140679	2.754262	-7.471405
-6.663176	-0.193934	-2.951379	0.668258	-1.500504	-3.260464	2.712835	-7.481217
-5.417077	3.064276	-3.144416	-0.464613	-1.150206	-3.369755	2.655024	-7.491862
8.850700	1.002620	-1.660590	-1.156167	-0.709782	-3.445743	2.586164	-7.501707
-8.870978	0.677931	-1.560448	-1.177595	-0.686849	-3.448513	2.582585	-7.502157
-1.462748	0.352579	-1.458608	-1.198046	-0.663764	-3.451203	2.578980	-7.502606
8.873387	-3.471169	0.531037	-1.412031	-0.222804	-3.485818	2.509104	-7.510395
-8.355601	-1.890111	2.357042	-1.374870	0.251431	-3.493198	2.430371	-7.517553
-5.060523	-1.852193	3.764147	-1.101007	0.826410	-3.466606	2.327508	-7.525094
-1.451227	-1.040374	3.906271	-0.677931	1.400853	-3.401504	2.213421	-7.531734
6.429601	-0.913463	3.881566	-0.661366	1.421050	-3.398459	2.209147	-7.531954
-6.400182	-0.777798	3.854568	-0.644742	1.441214	-3.395365	2.204860	-7.532173
-4.299427	2.822493	2.432656	-0.230325	1.916346	-3.305152	2.097007	-7.537115
5.502458	2.963630	-0.341759	0.180182	2.355295	-3.185357	1.981731	-7.541350
-5.406859	-2.690084	-3.101306	0.599763	2.798047	-3.008937	1.839336	-7.545357
-5.114311	2.054089	-2.629446	0.903644	3.145691	-2.791872	1.688372	-7.548372
5.583786	2.245148	-2.535102	0.913827	3.158651	-2.781181	1.681416	-7.548484
-5.596939	2.409400	-2.435502	0.923692	3.171377	-2.770401	1.674440	-7.548593
-2.337429	1.107954	-0.000453	1.043903	3.362515	-2.551958	1.540284	-7.550272
6.329979	-2.170141	1.854473	1.023137	3.451089	-2.303944	1.401123	-7.551210
-3.088715	0.079124	0.997086	0.795385	3.407417	-1.973858	1.231391	-7.551348
-7.401232	2.317636	-1.032851	0.357062	3.207695	-1.605306	1.056178	-7.550418
-0.524823	2.242770	-1.103155	0.330944	3.194347	-1.586690	1.047618	-7.550345
7.447725	2.144702	-1.168574	0.304364	3.180660	-1.567988	1.039041	-7.550271
-2.829145	-2.819371	-0.458149	-0.978504	2.388426	-0.776562	0.691843	-7.545248
-7.487739	3.392401	1.354816	-2.198825	1.169346	0.082110	0.333396	-7.536095
7.475580	3.074370	1.326315	-2.207176	1.156773	0.089960	0.330151	-7.535994
-1.963236	2.745589	1.296564	-2.215447	1.144196	0.097798	0.326912	-7.535893
-7.427024	1.766387	1.203730	-2.238963	1.107738	0.120434	0.317556	-7.535598
2.171313	0.813526	1.101362	-2.261937	1.071080	0.143067	0.308203	-7.535301
6.590476	-3.674197	-1.292834	-2.591835	0.393090	0.541485	0.143470	-7.529618
-5.689241	0.896054	-2.185590	-2.825834	-0.343964	0.938706	-0.021845	-7.523038
-2.686579	4.226324	-0.256406	-2.959864	-1.179700	1.353215	-0.197028	-7.515076
4.513504	-1.555719	3.214266	-2.659997	-2.057783	1.756095	-0.371688	-7.506074
-4.512195	-3.101467	3.254288	-2.646026	-2.076818	1.764551	-0.375416	-7.505870
-2.180507	-4.632767	3.291404	-2.631679	-2.095858	1.772999	-0.379143	-7.505666
4.749320	3.144183	2.482505	-1.664882	-2.927754	2.135254	-0.542094	-7.496209
-5.406880	5.617855	-1.121507	-0.187427	-3.722259	2.477982	-0.703516	-7.485806
7.264041	-6.310205	-4.562452	1.953906	-4.564786	2.858111	-0.894918	-7.472023
7.641604	0.622056	-1.239246	4.007809	-5.210216	3.196036	-1.082510	-7.456826
5.325453	0.649783	-1.227491	4.011419	-5.211323	3.196704	-1.082905	-7.456792
-6.685117	0.677905	-1.215567	4.015073	-5.212445	3.197382	-1.083305	-7.456758
-8.442145	7.501557	3.192216	4.938622	-5.542713	3.441486	-1.236363	-7.442964
8.957435	-7.879475	4.440393	4.454705	-5.643384	3.646383	-1.385642	-7.428153
-9.112206	4.946327	0.307166	1.643883	-5.458295	3.834572	-1.557684	-7.409180
-4.550723	7.952642	-3.275296	-2.351535	-4.953188	3.962966	-1.722853	-7.388722
8.739897	7.117580	-3.277271	-2.360042	-4.951791	3.963176	-1.723195	-7.388678
-8.738582	6.294519	-3.279186	-2.368428	-4.950413	3.963382	-1.723531	-7.388634
8.044970	-7.515844	-1.724713	-5.357457	-4.282929	4.026794	-1.857346	-7.370167
-7.117557	6.819776	1.920491	-6.695431	-3.404507	4.050809	-1.985806	-7.350608
5.876476	-5.864286	1.283943	-5.362195	-2.116053	4.030517	-2.131063	-7.325988
0.162984	1.451752	-0.637796	-1.544158	-0.645895	3.959869	-2.268546	-7.299788
-4.646488	3.256721	-0.638973	-1.533385	-0.642452	3.959655	-2.268847	-7.299728
4.643828	5.083567	-0.640142	-1.522464	-0.638964	3.959438	-2.269152	-7.299666
-3.747764	-3.751919	0.025359	2.792945	0.659626	3.863055	-2.378364	-7.276436
3.081424	-4.723178	0.524851	6.600433	1.951839	3.734671	-2.481854	-7.252064
-0.321589	5.079303	-1.032067	8.252386	3.393269	3.542896	-2.597133	-7.221628
-1.575896	-5.591554	1.883251	5.420540	4.651195	3.310865	-2.704019	-7.189534
-3.035192	-4.961807	1.908893	5.379237	4.661556	3.308602	-2.704942	-7.189238
3.041415	-4.327667	1.934216	5.337591	4.671934	3.306330	-2.705867	-7.188940
-3.877172	5.836956	1.504945	0.836610	5.558531	3.081622	-2.788922	-7.160650
5.071092	-5.722076	-3.787892	-3.771547	6.280002	2.831951	-2.865808	-7.131160
-6.667908	5.210237	-0.246230	-7.598600	6.912795	2.500592	-2.950004	-7.094056
8.076385	-4.652334	5.684013	-9.272944	7.269174	2.138053	-3.024917	-7.055168
-8.078972	-4.648694	5.681020	-9.274172	7.269635	2.137230	-3.025070	-7.055081
-3.051732	-4.644689	5.677869	-9.275406	7.270099	2.136397	-3.025225	-7.054994
4.290290	4.407224	-0.681693	-8.989537	7.345332	1.815003	-3.079972	-7.021476
8.820388	-4.425516	-6.534580	-7.347412	7.235382	1.475994	-3.128137	-6.986709
9.503041	-2.627667	-3.333620	-3.995995	6.887511	1.054257	-3.176625	-6.943791
-0.891372	4.971589	3.958428	0.156126	6.330004	0.616221	-3.215445	-6.899124
-2.610131	5.052808	4.087885	0.252645	6.315217	0.606183	-3.216208	-6.898096
-9.343953	5.126468	4.213750	0.349013	6.300358	0.596153	-3.216964	-6.897069
0.321033	3.227542	6.628733	3.832235	5.684556	0.219120	-3.241492	-6.858231
8.578646	-3.332725	5.717764	6.764787	4.958007	-0.162989	-3.258824	-6.818277
-7.269030	-6.106180	0.321249	9.681521	2.930855	-1.055739	-3.270339	-6.721309
-0.375441	5.598915	-1.308973	7.746023	0.602088	-1.924852	-3.239799	-6.619255
5.907088	4.616790	-1.389210	7.636688	0.536421	-1.947879	-3.238356	-6.616408
-5.874843	3.516843	-1.475374	7.524663	0.470696	-1.970861	-3.236881	-6.613557
-3.965577	2.372333	-1.565614	7.411845	0.405979	-1.993428	-3.235398	-6.610749
1.653149	1.235980	-1.660966	7.296471	0.341215	-2.015949	-3.233882	-6.607938
5.328953	-5.054064	-3.564560	5.195364	-0.666895	-2.359241	-3.206231	-6.563914
-4.746591	4.516675	-4.927353	2.570626	-1.669550	-2.688982	-3.170715	-6.519184
0.290148	4.548833	-4.925984	2.539983	-1.680205	-2.692432	-3.170291	-6.518701
4.731938	4.577093	-4.924107	2.509292	-1.690858	-2.695881	-3.169866	-6.518218
-3.933449	-2.813494	-2.749393	-0.656671	-2.719594	-3.024260	-3.123761	-6.470536
-1.161863	-3.739798	1.408002	-3.793364	-3.706047	-3.331798	-3.068629	-6.422186
3.162438	3.002030	4.900909	-6.771247	-4.796711	-3.665661	-2.991227	-6.364008
3.814998	3.039930	3.687102	-8.478600	-5.771280	-3.960976	-2.900546	-6.305058
-3.818715	3.025675	3.680370	-8.480939	-5.773294	-3.961586	-2.900329	-6.304926
-3.194986	3.011531	3.673715	-8.483241	-5.775281	-3.962187	-2.900116	-6.304796
5.720663	-2.793704	0.709189	-8.925932	-6.478135	-4.175718	-2.813834	-6.254979
-8.141666	1.330831	-1.885280	-8.543580	-7.060326	-4.355874	-2.717879	-6.204742
-7.743462	2.353899	-3.875273	-7.124634	-7.571127	-4.520573	-2.592901	-6.145414
11.913598	-1.947723	-5.194603	-4.763468	-7.900399	-4.630689	-2.454162	-6.085671
-11.917318	-2.096218	-5.229850	-4.680776	-7.907550	-4.633095	-2.449794	-6.083876
-2.972414	-2.229935	-5.264994	-4.597565	-7.914540	-4.635444	-2.445418	-6.082083
11.163224	-1.020154	-6.074054	-2.021639	-8.049505	-4.679401	-2.316008	-6.031074
-9.316873	2.315435	-5.816049	0.805684	-8.064566	-4.678124	-2.176744	-5.979884
-3.560505	1.869293	-3.156381	4.015215	-7.930390	-4.619250	-2.000984	-5.919467
-2.457394	-2.360404	1.190918	6.557717	-7.630706	-4.502095	-1.813502	-5.858962
4.505589	-2.612038	1.335796	6.618790	-7.618937	-4.497650	-1.807608	-5.857115
-4.462824	-2.848267	1.480682	6.678638	-7.607024	-4.493160	-1.801709	-5.855270
-2.099635	-0.610551	5.042381	7.812341	-7.213632	-4.348947	-1.634029	-5.804012
4.139347	3.512910	5.848929	7.691924	-6.700221	-4.169011	-1.459473	-5.752809
-5.227946	-3.954089	1.482052	5.704786	-5.945407	-3.912490	-1.244053	-5.692111
1.181606	2.247860	-3.452279	2.428437	-5.064155	-3.613886	-1.021025	-5.631653
6.647788	2.386264	-3.513622	2.361936	-5.046933	-3.608009	-1.016845	-5.630540
-6.672973	2.520922	-3.573412	2.295221	-5.029652	-3.602110	-1.012657	-5.629425
-5.063221	4.793166	-4.538539	-0.776210	-4.207670	-3.318187	-0.818234	-5.578423
8.610279	0.950011	-2.508860	-3.525878	-3.343517	-3.010176	-0.619903	-5.527717
6.348305	-5.473335	1.074139	-5.901031	-2.298980	-2.619342	-0.381691	-5.468311
-9.845882	-3.405305	2.866545	-6.812416	-1.259188	-2.203350	-0.140144	-5.409480
-1.069880	-3.242320	2.873658	-6.812042	-1.242038	-2.196234	-0.136099	-5.408505
9.855956	-3.074754	2.879978	-6.811105	-1.224895	-2.189113	-0.132054	-5.407531
-9.997217	5.754851	2.182057	-6.046840	-0.354122	-1.815707	0.076676	-5.357683
-3.419432	1.789397	-0.010893	-4.125725	0.490609	-1.430163	0.286261	-5.308379
9.644952	-5.405709	-1.941479	-1.260813	1.427082	-0.972330	0.529066	-5.252043
-9.174260	1.320707	-0.971394	1.395705	2.308551	-0.506498	0.770936	-5.196598
-4.139222	1.450546	-0.937660	1.435961	2.322719	-0.498690	0.774954	-5.195682
9.156006	1.577751	-0.903615	1.476070	2.336869	-0.490880	0.778972	-5.194766
5.287984	4.479174	0.946371	3.312640	3.034772	-0.090740	0.983513	-5.148297
-8.078265	1.715988	2.108875	4.661837	3.677907	0.309120	1.185840	-5.102594
-1.396765	-3.382214	2.054002	5.535075	4.354088	0.774527	1.419636	-5.049984
6.728102	-3.281737	0.320436	5.744233	4.934694	1.231278	1.648296	-4.998593
-6.704952	-3.079193	0.221749	5.742625	4.954316	1.248052	1.656693	-4.996705
1.870057	-2.861139	0.120682	5.740496	4.973806	1.264821	1.665087	-4.994817
6.199682	2.517137	-2.298843	5.587239	5.374539	1.637874	1.852090	-4.952705
-5.801481	1.109771	-3.688230	5.352359	5.701612	1.998760	2.033936	-4.911574
1.504957	-2.047473	-3.339192	5.151554	5.999214	2.411428	2.244098	-4.863654
2.767426	-2.126508	-0.803966	5.029192	6.197147	2.798245	2.444744	-4.817306
5.272147	-2.073662	-0.741282	5.027054	6.200025	2.805467	2.448536	-4.816423
-5.270448	-2.018384	-0.678409	5.024917	6.202862	2.812666	2.452319	-4.815541
-5.041510	1.353219	2.178274	4.919203	6.291755	3.114850	2.613181	-4.777736
5.328789	2.305140	4.656225	4.751918	6.313999	3.392478	2.765719	-4.741170
-5.466990	-2.473508	6.014849	4.400852	6.257235	3.684600	2.933922	-4.699725
-5.028026	-0.615042	5.189453	3.823258	6.114771	3.935308	3.088448	-4.660167
5.706678	2.804927	2.719914	3.107612	5.911652	4.131995	3.220007	-4.624840
-1.669313	1.944233	-0.827272	2.276440	5.649087	4.292445	3.337587	-4.591324
-5.746484	1.925621	-0.902565	2.258933	5.643258	4.295305	3.339797	-4.590671
-2.524786	1.908485	-0.977852	2.241401	5.637407	4.298152	3.342001	-4.590018
5.733328	0.909490	-4.343840	1.393364	5.338454	4.417036	3.438981	-4.560102
-5.725654	-3.100602	-6.664823	0.533512	4.998052	4.507148	3.521760	-4.531940
5.839515	-1.464089	-7.119990	-0.362973	4.587559	4.574827	3.594662	-4.503410
-6.241983	2.606466	-5.631657	-1.172694	4.141278	4.613620	3.648856	-4.477100
-1.302327	2.664257	-5.575530	-1.190958	4.130118	4.614222	3.649925	-4.476492
6.271807	2.719618	-5.518617	-1.209135	4.118954	4.614807	3.650980	-4.475887
-7.012793	3.031927	-2.784289	-1.850163	3.683568	4.626133	3.682437	-4.453912
-4.889435	-1.215026	0.663834	-2.387040	3.229438	4.617511	3.696586	-4.433929
8.954042	-2.743510	3.928149	-2.839752	2.718950	4.587133	3.691965	-4.414468
-2.334571	2.416004	5.669512	-3.138773	2.199215	4.535685	3.667117	-4.397459
-9.682520	2.461199	5.690883	-3.143740	2.187156	4.534252	3.666311	-4.397095
-5.412562	2.497871	5.711476	-3.148623	2.175079	4.532807	3.665494	-4.396732
9.891095	0.001430	6.020935	-3.269794	1.714928	4.469670	3.626790	-4.383858
-9.615228	-1.931950	5.903508	-3.275065	1.257768	4.391072	3.573730	-4.372844
-7.118919	1.526006	5.666042	-3.152442	0.741156	4.282003	3.495686	-4.362441
7.089653	-0.198196	4.303110	-2.906355	0.240572	4.153615	3.400366	-4.354438
-5.177844	-0.638478	4.223647	-2.893157	0.219381	4.147638	3.395869	-4.354146
-6.922534	-1.069285	4.143273	-2.879767	0.198246	4.141630	3.391345	-4.353858
4.070293	0.568335	0.410047	-2.085211	-0.704579	3.835899	3.157390	-4.345425
4.277306	-1.140162	-2.174161	-0.980114	-1.491506	3.464243	2.868773	-4.345673
-4.341637	-0.143354	-2.209050	-0.966718	-1.499327	3.459847	2.865352	-4.345722
-3.934895	0.684134	-2.244247	-0.953277	-1.507142	3.455438	2.861922	-4.345773
4.626479	1.220849	-2.359379	-0.909190	-1.532551	3.440984	2.850674	-4.345945
-4.846878	-1.872369	-2.471651	-0.864819	-1.557782	3.426445	2.839361	-4.346128
7.181020	-1.996730	-2.948266	-0.342750	-1.831044	3.255672	2.706534	-4.348961
5.057219	3.363151	-1.010603	0.200995	-2.077615	3.075184	2.566406	-4.353159
-10.831838	3.815148	1.901358	0.843885	-2.340056	2.841510	2.385636	-4.360129
1.292997	-4.425652	2.081149	1.391306	-2.555641	2.594314	2.195462	-4.369088
11.278057	-4.548362	2.040606	1.413285	-2.564500	2.582449	2.186365	-4.369555
6.845840	-4.612759	1.998120	1.434876	-2.573244	2.570564	2.177256	-4.370025
-10.497432	1.044188	0.881704	1.785006	-2.724571	2.326450	1.990860	-4.380348
-2.200988	5.040899	-0.375669	1.964196	-2.828189	2.071484	1.797713	-4.392355
7.015090	2.535597	-1.336991	1.941080	-2.883440	1.780161	1.579115	-4.407418
-5.257881	-4.031820	-1.429980	1.665378	-2.875872	1.476990	1.354148	-4.424440
4.386129	-4.205630	-1.411791	1.650289	-2.874443	1.465707	1.345826	-4.425098
5.155452	-4.362239	-1.391897	1.634845	-2.872934	1.454409	1.337497	-4.425759
-4.276636	-4.254286	-0.499164	1.169040	-2.813172	1.177120	1.134176	-4.442495
3.986493	-3.403179	0.710372	0.588028	-2.711236	0.892313	0.927285	-4.460702
-4.149178	2.892346	1.475410	-0.065347	-2.551388	0.564946	0.691292	-4.482892
4.527475	-2.544824	0.727450	-0.607218	-2.349467	0.232006	0.452446	-4.506878
-4.544847	-2.571840	0.651181	-0.629028	-2.339095	0.216332	0.441215	-4.508044
0.081293	-2.531256	0.571286	-0.650502	-2.328645	0.200653	0.429979	-4.509214
4.847722	2.499908	-1.143373	-0.990811	-2.116858	-0.097315	0.216388	-4.532105
-5.114523	-2.600416	-1.971766	-1.193420	-1.882061	-0.395556	0.001933	-4.556358
1.021628	-2.043480	-1.952583	-1.239759	-1.591166	-0.734433	-0.243750	-4.585752
6.100647	2.896951	-1.642917	-1.095040	-1.283113	-1.067583	-0.488848	-4.616865
-6.138848	3.041684	-1.632409	-1.083349	-1.267115	-1.084313	-0.501281	-4.618493
-4.215562	3.146253	-1.623071	-1.071293	-1.251092	-1.101020	-0.513709	-4.620125
2.131192	0.133855	-1.499338	-0.806273	-0.965268	-1.391360	-0.732173	-4.649627
7.791469	-3.480018	-0.770542	-0.469830	-0.676900	-1.671787	-0.948685	-4.680457
-8.510950	1.215880	1.462626	-0.054475	-0.354444	-1.973609	-1.190044	-4.716845
-2.051626	3.436428	3.761405	0.342555	-0.042398	-2.256316	-1.427107	-4.754861
8.730679	3.410062	3.775314	0.345633	-0.039854	-2.258589	-1.429068	-4.755186
-8.729660	3.382754	3.789090	0.348706	-0.037310	-2.260861	-1.431029	-4.755510
-1.766335	-1.647058	4.530987	0.632104	0.219294	-2.487836	-1.632573	-4.789837
7.821270	-3.207387	4.051256	0.826243	0.457381	-2.695522	-1.829516	-4.825341
-7.262163	3.147327	2.015312	0.937148	0.704064	-2.911460	-2.053952	-4.868481
0.240008	-3.199846	-1.880174	0.928667	0.903853	-3.093296	-2.270164	-4.913171
7.160422	-3.215576	-1.958000	0.927553	0.906734	-3.096034	-2.273712	-4.913933
0.667264	-3.221185	-2.036141	0.926407	0.909599	-3.098762	-2.277258	-4.914695
-7.540417	3.430395	-5.779021	0.822910	1.036155	-3.226138	-2.458425	-4.955040
0.607960	3.558161	-6.692913	0.631865	1.118124	-3.323178	-2.631832	-4.996512
8.957486	-2.955488	-4.369567	0.323417	1.158005	-3.393856	-2.814229	-5.043790
-9.353803	-3.732734	0.391667	-0.046376	1.146630	-3.425279	-2.985336	-5.092391
1.142124	-3.568929	0.517047	-0.054814	1.145839	-3.425541	-2.988962	-5.093473
9.356333	-3.398134	0.643319	-0.063270	1.145024	-3.425785	-2.992586	-5.094558
-7.726124	3.562336	5.717885	-0.406514	1.093310	-3.420641	-3.135368	-5.139352
-8.444353	3.538915	8.081708	-0.721863	1.008173	-3.387103	-3.267696	-5.185158
2.002345	-0.717212	4.579146	-1.003565	0.875782	-3.316300	-3.404991	-5.238399
6.577617	-2.041850	-2.338961	-1.166380	0.710902	-3.212428	-3.528227	-5.292878
-6.575959	-2.035936	-2.355015	-1.166587	0.710494	-3.212155	-3.528492	-5.293004
-3.214337	-2.030050	-2.370851	-1.166791	0.710092	-3.211885	-3.528753	-5.293128
6.087997	1.462054	-7.532347	-1.180983	0.539582	-3.092187	-3.626965	-5.342892
-5.893028	0.541307	-8.827040	-1.044853	0.352470	-2.948686	-3.713855	-5.393594
-5.844235	-0.568732	-6.851890	-0.709104	0.136084	-2.765006	-3.796709	-5.450597
6.167608	0.440808	-3.817862	-0.231905	-0.080651	-2.557745	-3.866047	-5.508673
-6.168263	0.441945	-3.810766	-0.230711	-0.081137	-2.557250	-3.866189	-5.508806
-4.621732	0.443079	-3.803576	-0.229500	-0.081629	-2.556747	-3.866333	-5.508941
6.455243	0.002426	-1.082569	0.262778	-0.268190	-2.353004	-3.917197	-5.562033
-0.539904	-0.798977	1.355363	0.762095	-0.439222	-2.135326	-3.957385	-5.615940
-7.085574	-1.603155	3.783373	1.256868	-0.599928	-1.883792	-3.989272	-5.675858
0.589859	-1.908799	5.912134	1.632877	-0.723628	-1.621274	-4.008648	-5.736684
7.336102	-1.897690	5.965896	1.640843	-0.726394	-1.613985	-4.009002	-5.738356
-7.341216	-1.884834	6.019419	1.648669	-0.729125	-1.606691	-4.009348	-5.740029
1.943358	-0.056296	7.546605	1.820330	-0.798611	-1.362008	-4.015615	-5.795823
7.554572	3.130633	8.182156	1.790282	-0.824342	-1.113013	-4.011895	-5.852309
-7.666654	3.448048	7.096949	1.487358	-0.803895	-0.829809	-3.995886	-5.916720
2.169267	-3.729776	3.698149	0.957787	-0.738038	-0.545965	-3.967499	-5.981947
5.608834	-3.742670	3.626973	0.947712	-0.736629	-0.541340	-3.966934	-5.983019
7.844538	-3.748035	3.555390	0.937598	-0.735209	-0.536716	-3.966366	-5.984090
-8.042477	2.235820	-0.738295	0.329063	-0.642109	-0.282252	-3.929921	-6.043611
2.216348	3.789064	-4.580031	-0.337569	-0.523905	-0.030970	-3.883644	-6.103760
8.299005	-1.063031	-6.706302	-1.040285	-0.377759	0.229295	-3.824153	-6.168004
-8.148557	-3.384863	-6.269463	-1.677245	-0.216224	0.482046	-3.753933	-6.232901
0.781560	-3.180788	-6.181204	-1.704213	-0.208515	0.493482	-3.750440	-6.235907
8.119143	-2.946258	-6.086929	-1.730938	-0.200787	0.504897	-3.746924	-6.238915
-7.657834	3.132160	-3.247046	-2.220159	-0.038985	0.734629	-3.669722	-6.301009
-2.276922	2.067417	0.041934	-2.573394	0.125194	0.953897	-3.583161	-6.363614
6.049556	-2.822655	2.949031	-2.767265	0.300513	1.175701	-3.479948	-6.431359
2.659714	-2.277051	4.380106	-2.733457	0.471386	1.381319	-3.366246	-6.499610
-5.040021	-2.050141	4.408286	-2.726402	0.478498	1.389681	-3.361175	-6.502527
1.126725	-1.805293	4.434103	-2.718864	0.485593	1.398010	-3.356085	-6.505444
4.167266	2.942177	4.597773	-2.428602	0.635577	1.571004	-3.240467	-6.569254
-3.509856	-3.173905	4.331542	-1.887608	0.774020	1.726336	-3.116079	-6.633423
2.373563	-0.261766	0.848722	0.004526	1.024985	2.002934	-2.803969	-6.779298
5.565747	4.527967	-2.909484	1.984718	1.157046	2.161329	-2.449305	-6.926421
-3.994305	3.915356	-2.925815	1.998132	1.157515	2.162073	-2.446273	-6.927613
-5.631543	3.278308	-2.941775	2.011482	1.157973	2.162808	-2.443239	-6.928804
5.236242	0.783440	-2.996286	2.059541	1.159551	2.165408	-2.432169	-6.933142
5.876360	-1.661880	-3.044069	2.106694	1.160988	2.167888	-2.421068	-6.937479
-5.973962	-3.347903	-3.076310	2.143484	1.162027	2.169773	-2.412231	-6.940923
4.913949	-4.559911	-3.102750	2.179673	1.162975	2.171582	-2.403378	-6.944364
7.353409	4.590369	-2.790983	2.625522	1.166158	2.189201	-2.276817	-6.992696
-8.441697	-3.447237	-1.377149	2.955423	1.148610	2.192709	-2.145929	-7.041098
9.663139	-4.407015	1.027282	3.231734	1.077431	2.173069	-1.941987	-7.113672
4.059098	3.368649	2.232707	3.243043	0.946218	2.126260	-1.728718	-7.186326
-10.816567	4.002814	2.485198	2.979990	0.758817	2.053666	-1.504595	-7.259606
-0.716860	-3.832741	2.330388	2.474876	0.527325	1.957435	-1.271718	-7.332868
10.891724	-3.829796	2.329539	2.473336	0.526691	1.957162	-1.271116	-7.333054
7.301119	-3.826612	2.328687	2.471795	0.526057	1.956889	-1.270514	-7.333240
-10.759580	3.726738	1.874525	1.887493	0.299642	1.856214	-1.062716	-7.396459
-4.016749	3.681617	1.086514	1.212030	0.056877	1.740845	-0.849256	-7.459596
9.969816	-3.597979	-0.056451	0.345465	-0.243928	1.585816	-0.587540	-7.534876
-9.294378	-3.407152	-1.144808	-0.516783	-0.544154	1.414594	-0.319523	-7.609944
5.020376	-3.341679	-1.154032	-0.524125	-0.546751	1.413026	-0.317142	-7.610603
9.281103	-3.275041	-1.163253	-0.531461	-0.549347	1.411456	-0.314761	-7.611262
-8.600915	3.532471	-1.994388	-1.200158	-0.792368	1.256183	-0.084407	-7.674403
0.486075	0.578755	-2.553955	-1.768735	-1.017701	1.092981	0.148989	-7.737321
7.134533	-3.481755	-2.415021	-2.242437	-1.240249	0.902002	0.414292	-7.807771
-0.541655	3.065179	-1.062106	-2.526980	-1.419416	0.705365	0.681710	-7.877856
-3.357118	3.282766	-0.959466	-2.536888	-1.427461	0.694866	0.695876	-7.881547
-6.484784	3.450074	-0.854014	-2.546300	-1.435358	0.684351	0.710053	-7.885239
6.174329	0.564263	1.177733	-2.631692	-1.545353	0.502692	0.953952	-7.948490
-6.104987	-3.368953	2.794495	-2.578398	-1.602204	0.320573	1.197703	-8.011365
1.546367	-2.686091	2.980429	-2.362242	-1.601689	0.121683	1.465012	-8.080199
6.740158	1.323438	1.596728	-1.986752	-1.540467	-0.073212	1.729560	-8.148483
-7.352202	2.989029	-0.817620	-1.503724	-1.426460	-0.260731	1.986321	-8.215182
-2.012740	-2.728414	-3.182437	-0.960310	-1.264390	-0.443595	2.238074	-8.281263
8.064166	-2.739105	-3.209746	-0.949878	-1.260935	-0.446968	2.242738	-8.282496
5.206572	-2.741400	-3.236086	-0.939426	-1.257460	-0.450345	2.247408	-8.283730
-8.701396	2.451219	-3.281856	-0.399274	-1.058481	-0.622032	2.486435	-8.347427
-3.112006	1.946895	-1.339538	0.115568	-0.827226	-0.785565	2.718503	-8.410451
9.095123	1.938803	-1.333405	0.116799	-0.826612	-0.785963	2.719075	-8.410608
-9.095652	1.930704	-1.327268	0.118031	-0.825997	-0.786361	2.719647	-8.410765
1.068788	-0.999863	1.040924	0.555487	-0.581224	-0.932916	2.933584	-8.470235
8.822447	-1.500240	2.851518	0.911738	-0.318884	-1.068494	3.139304	-8.529025
-8.228432	1.207232	3.440100	1.178318	-0.012835	-1.204543	3.357779	-8.593704
-5.272791	-0.575746	3.028662	1.276888	0.299889	-1.322388	3.563613	-8.657442
7.449334	-0.606312	3.017078	1.277075	0.305012	-1.324150	3.566865	-8.658476
2.099184	-0.635649	3.005386	1.277216	0.310134	-1.325906	3.570114	-8.659509
-6.704716	-0.810732	2.279172	1.221570	0.588201	-1.413067	3.741572	-8.715496
0.636742	0.211934	1.547697	1.060823	0.860010	-1.482064	3.901012	-8.770659
5.415060	0.599958	0.380234	0.793881	1.148434	-1.535551	4.063725	-8.831235
-5.093599	-0.536552	-1.622394	0.477192	1.410227	-1.561920	4.209091	-8.890694
2.333332	-0.538557	-1.627319	0.476429	1.410798	-1.561948	4.209409	-8.890832
5.092943	-0.540575	-1.632306	0.475656	1.411377	-1.561976	4.209732	-8.890971
-5.110947	-0.450794	-3.223265	0.190182	1.610783	-1.560744	4.322996	-8.942659
-3.409737	0.531585	-3.728598	-0.063974	1.767794	-1.535017	4.421082	-8.993400
6.082281	0.435226	-2.468185	-0.276411	1.879002	-1.474968	4.513829	-9.049804
6.138393	-0.739308	0.185918	-0.392181	1.903060	-1.381550	4.587330	-9.104895
-6.145203	-0.720715	0.243277	-0.393441	1.902584	-1.379388	4.588581	-9.105959
2.511523	-0.699031	0.300653	-0.394663	1.902070	-1.377213	4.589825	-9.107022
6.403702	0.934034	2.758036	-0.409109	1.839188	-1.265591	4.638924	-9.154696
-6.565131	-1.177329	4.266253	-0.345312	1.700323	-1.130653	4.674123	-9.201268
-0.680144	0.057943	3.789240	-0.202672	1.472977	-0.961100	4.697323	-9.250659
6.718355	1.847246	1.267059	-0.021955	1.179193	-0.771935	4.705527	-9.298679
-4.100501	1.790254	1.012076	-0.007874	1.154478	-0.756845	4.705558	-9.302279
-6.723784	1.682442	0.750703	0.006149	1.129472	-0.741673	4.705508	-9.305869
5.045717	-2.015769	-2.509090	0.160136	0.814425	-0.556593	4.698833	-9.347640
6.726456	-2.612684	-5.050306	0.267064	0.473216	-0.362585	4.681355	-9.388296
-6.639974	3.035579	-5.600087	0.285814	0.076725	-0.137832	4.649586	-9.432644
-0.303211	2.323306	-3.793737	0.169747	-0.318226	0.090070	4.605781	-9.475631
6.444182	2.194238	-3.694837	0.163551	-0.332243	0.098268	4.603992	-9.477151
-6.435066	2.063080	-3.594109	0.157251	-0.346230	0.106457	4.602191	-9.478668
-0.198263	-0.787900	-0.581620	-0.028925	-0.692330	0.312200	4.552019	-9.516435
5.888239	-2.957865	2.748349	-0.233172	-1.018954	0.513539	4.493305	-9.553119
-1.806938	-4.859934	5.949732	-0.424059	-1.356520	0.733023	4.416973	-9.593531
-5.743254	-5.285373	7.486710	-0.500724	-1.646921	0.937976	4.331328	-9.632594
5.743783	-5.283773	7.487475	-0.500712	-1.647513	0.938418	4.331125	-9.632681
2.869575	-5.282138	7.488236	-0.500700	-1.648112	0.938865	4.330920	-9.632768
-6.073283	-3.504386	6.721902	-0.431333	-1.852721	1.101208	4.249734	-9.665588
-0.444216	0.304608	3.820507	-0.257398	-2.007114	1.245966	4.162832	-9.697430
7.032350	4.520056	-1.701678	0.029184	-2.119925	1.387053	4.056506	-9.732919
-7.240855	6.817778	-7.452150	0.360550	-2.162214	1.497060	3.944802	-9.767156
0.541104	6.947686	-7.593093	0.370385	-2.162390	1.499774	3.941477	-9.768137
7.239208	7.081815	-7.731517	0.380214	-2.162506	1.502459	3.938149	-9.769116
6.361973	-4.781142	-9.395539	0.955073	-2.041675	1.615880	3.713103	-9.831474
-6.354204	-8.574365	4.005993	1.129833	-1.683431	1.606255	3.483353	-9.889477
6.355107	-8.376643	4.024119	1.129633	-1.682876	1.606175	3.483079	-9.889543
5.902093	-8.180800	4.041999	1.129435	-1.682327	1.606096	3.482808	-9.889608
-5.085507	-1.398740	4.660109	1.121808	-1.663033	1.603257	3.473380	-9.891883
-5.384404	4.042764	5.266113	1.112762	-1.643391	1.600237	3.463948	-9.894151
-6.976518	8.825670	9.726958	0.944604	-1.434769	1.561588	3.371857	-9.915873
-2.431930	-8.980282	9.721617	0.618487	-1.197086	1.506876	3.279307	-9.936951
7.980411	-2.340769	3.488218	-0.014290	-0.847742	1.412617	3.157399	-9.963601
8.909643	9.026846	-4.864120	-0.726974	-0.462473	1.294796	3.034669	-9.989193
-6.043536	9.037633	-4.880018	-0.728570	-0.461547	1.294498	3.034384	-9.989251
-8.909207	9.048460	-4.896090	-0.730186	-0.460609	1.294196	3.034096	-9.989310
2.402228	7.801081	-8.894767	-1.283784	-0.090519	1.170126	2.923196	-10.011402
7.452428	0.767113	-9.206684	-1.615794	0.296427	1.030532	2.811607	-10.032682
5.071673	-8.120625	-6.548450	-1.620311	0.715668	0.868706	2.693448	-10.054214
3.373541	-3.669345	-2.045334	-1.325744	1.139101	0.693396	2.574487	-10.074892
-3.521309	6.753984	1.823408	-0.788941	1.565202	0.497659	2.449181	-10.095630
-2.589535	-5.704433	2.826238	-0.109975	1.948856	0.291426	2.322963	-10.115482
3.006100	-5.797563	2.827190	-0.108293	1.949684	0.290933	2.322667	-10.115527
-3.005919	-5.891724	2.828157	-0.106588	1.950522	0.290433	2.322367	-10.115573
3.265868	-5.550744	3.852745	0.550817	2.238660	0.097089	2.207681	-10.132742
-3.896786	4.325116	6.850771	1.179455	2.452585	-0.101579	2.092232	-10.149228
4.539625	-3.608791	7.451882	1.747356	2.578896	-0.320641	1.966651	-10.166290
-4.134085	1.775479	0.945446	2.095734	2.577880	-0.542806	1.840142	-10.182600
-4.702711	2.401536	0.426577	2.106400	2.573349	-0.557063	1.832013	-10.183619
4.685546	3.002020	-0.088163	2.115352	2.568278	-0.571326	1.823877	-10.184635
-4.138966	2.740361	-5.903019	2.029434	2.442978	-0.769630	1.709987	-10.198503
3.270427	-2.537848	-6.902730	1.442280	2.222040	-0.965049	1.595333	-10.211809
-4.092113	2.652266	6.588209	-1.477884	1.379372	-1.397945	1.323233	-10.240916
-4.487224	1.046740	-0.944335	-2.753660	0.176090	-1.768600	1.046704	-10.267235
-0.760827	0.085131	-1.064497	-2.748329	0.164477	-1.771433	1.044298	-10.267450
4.591871	-0.827614	-1.184656	-2.742651	0.152827	-1.774263	1.041888	-10.267666
2.877777	-2.959889	-1.608762	-2.719771	0.111357	-1.784247	1.033335	-10.268430
-4.975730	-2.790886	-2.028572	-2.692559	0.069657	-1.794144	1.024773	-10.269191
1.666022	-1.098456	-2.323035	-2.670555	0.039889	-1.801125	1.018684	-10.269732
5.250004	1.131526	-2.612675	-2.646318	0.010027	-1.808059	1.012593	-10.270271
-7.124450	2.900228	-5.884445	-1.987736	-0.452943	-1.907614	0.919602	-10.278325
3.171590	-2.699726	-5.843657	-0.802847	-0.920156	-1.995101	0.826099	-10.286106
9.749581	-1.015555	-0.361163	1.314365	-1.570992	-2.098513	0.688942	-10.296970
-10.002139	1.511803	4.715228	2.997177	-2.135258	-2.170125	0.550686	-10.307295
-4.625509	-0.250364	3.282390	3.454260	-2.556230	-2.206095	0.413116	-10.316985
8.471150	-0.480713	-1.064673	2.760177	-2.815711	-2.203938	0.274449	-10.326198
5.082325	-0.327755	-1.232772	2.706880	-2.823519	-2.202898	0.268253	-10.326597
-8.366650	-0.172771	-1.394283	2.651875	-2.831017	-2.201776	0.262055	-10.326995
1.308900	0.432260	-3.099229	1.197533	-2.917526	-2.160379	0.135058	-10.334924
6.260607	-0.725386	-2.091784	-0.709415	-2.881274	-2.083255	0.006942	-10.342498
-5.571086	0.693953	0.396923	-2.877895	-2.695159	-1.955490	-0.139808	-10.350676
-3.053822	2.056061	1.968028	-4.247834	-2.357626	-1.789285	-0.288272	-10.358445
5.682890	2.055413	1.969542	-4.251188	-2.355577	-1.788372	-0.289014	-10.358483
-5.685958	2.054659	1.970965	-4.254481	-2.353537	-1.787463	-0.289751	-10.358520
-1.799020	0.291086	1.156864	-4.232719	-1.926378	-1.608893	-0.424704	-10.365169
4.311105	-2.691879	-0.690379	-3.219411	-1.406955	-1.406464	-0.561180	-10.371526
9.162093	-3.704722	-1.978043	-1.372537	-0.747843	-1.154816	-0.716378	-10.378343
-9.491004	0.286508	-0.955070	0.685179	-0.046495	-0.882108	-0.873669	-10.384841
0.657302	0.299186	-0.950410	0.690079	-0.044793	-0.881432	-0.874049	-10.384857
9.489160	0.311861	-0.945742	0.694978	-0.043090	-0.880756	-0.874429	-10.384872
-8.594768	3.848596	1.083794	2.425098	0.582731	-0.625012	-1.015790	-10.390390
-4.582595	3.960143	2.938239	3.867612	1.183335	-0.359832	-1.158923	-10.395697
5.217188	1.851561	3.646860	4.901640	1.787335	-0.058427	-1.319985	-10.401362
-2.016604	-1.311127	2.725927	5.169990	2.289026	0.245927	-1.483397	-10.406815
-4.185137	-1.392006	2.692247	5.168422	2.297288	0.251684	-1.486511	-10.406916
4.179234	-1.473384	2.658002	5.166639	2.305486	0.257431	-1.489622	-10.407017
2.375664	-3.214108	0.316450	4.859971	2.635858	0.527851	-1.637683	-10.411720
-5.454613	-1.161143	-3.162811	4.211204	2.855957	0.793583	-1.787747	-10.416291
-1.771759	2.744847	-6.415584	3.222889	2.984091	1.086697	-1.961373	-10.421366
7.175010	2.116906	-6.715147	2.155173	2.996864	1.364655	-2.137769	-10.426319
-7.174533	2.104840	-6.712072	2.152365	2.996757	1.365378	-2.138247	-10.426332
-2.734648	2.092584	-6.708945	2.149526	2.996649	1.366110	-2.138732	-10.426345
6.515659	-2.231661	-4.912758	1.295607	2.927517	1.588412	-2.291909	-10.430505
-5.225061	-2.334590	-1.882690	0.501681	2.794200	1.794841	-2.447228	-10.434612
-2.959306	-2.393722	2.527302	-0.407030	2.560240	2.020720	-2.637025	-10.439505
-0.938362	-1.831952	6.525489	-1.303228	2.258695	2.220964	-2.830102	-10.444374
2.878581	-1.825718	6.535849	-1.306038	2.257664	2.221547	-2.830708	-10.444389
-2.878637	-1.819448	6.546191	-1.308849	2.256633	2.222129	-2.831314	-10.444404
3.256154	0.452349	8.582850	-2.094461	1.954872	2.372660	-2.998771	-10.448561
4.879970	2.321827	8.437250	-2.911445	1.620350	2.504916	-3.168855	-10.452739
-6.755368	2.309756	5.050550	-3.798091	1.216903	2.631495	-3.362237	-10.457456
7.823443	1.059538	-0.421423	-4.550626	0.792291	2.736099	-3.559302	-10.462245
8.265233	0.996915	-0.537459	-4.563544	0.783642	2.737973	-3.563288	-10.462342
-8.285599	0.932441	-0.653251	-4.576342	0.775002	2.739836	-3.567269	-10.462439
1.187013	-1.759374	-5.513138	-5.035313	0.381308	2.815111	-3.748957	-10.466858
8.608708	-2.282559	-8.486411	-5.203281	-0.013150	2.873145	-3.934009	-10.471376
1.505925	0.928337	-8.050589	-4.976610	-0.443360	2.917765	-4.143531	-10.476530
-7.232465	2.506188	-4.134227	-4.353099	-0.858805	2.941880	-4.357483	-10.481854
-5.207679	2.501796	-4.120593	-4.351058	-0.859839	2.941915	-4.358034	-10.481868
7.229028	2.497346	-4.106942	-4.349016	-0.860872	2.941951	-4.358586	-10.481882
-6.733775	-1.020569	1.230167	-3.501198	-1.215509	2.946051	-4.555288	-10.486855
2.312607	-3.024465	5.636959	-2.436893	-1.543728	2.933236	-4.755007	-10.492005
6.492779	0.265273	7.068944	-1.049663	-1.871395	2.898329	-4.981731	-10.498011
-6.613854	3.700900	4.910920	0.456910	-2.147052	2.841197	-5.210796	-10.504289
-6.834320	3.688591	4.902024	0.460554	-2.147644	2.841032	-5.211348	-10.504305
0.724385	3.676117	4.893111	0.464198	-2.148235	2.840867	-5.211901	-10.504320
7.373098	-3.847990	0.990528	1.761824	-2.339519	2.771730	-5.414695	-10.510089
-8.038891	1.046820	-2.728753	2.907943	-2.476061	2.684629	-5.618171	-10.516108
-3.973791	3.609383	-5.323894	3.849489	-2.554906	2.567780	-5.841905	-10.523028
9.141761	-0.681930	-5.620057	4.303686	-2.550494	2.428318	-6.065134	-10.530294
-9.149475	-0.971407	-5.580652	4.310213	-2.548153	2.421387	-6.075325	-10.530635
-1.485953	-1.248811	-5.537019	4.315398	-2.545618	2.414408	-6.085514	-10.530977
9.065929	-2.736634	-3.879963	4.157687	-2.454982	2.263883	-6.289778	-10.538022
-8.628659	2.277627	-1.175946	3.582496	-2.295141	2.094655	-6.492425	-10.545400
-6.208614	1.621486	2.051174	2.611814	-2.051304	1.888745	-6.712527	-10.553910
1.291628	-1.372726	4.250146	1.440337	-1.748616	1.663707	-6.929288	-10.562867
7.060486	-1.398375	4.285604	1.409444	-1.740297	1.657774	-6.934730	-10.563100
-7.040291	-1.419617	4.319947	1.378526	-1.731950	1.651830	-6.940168	-10.563333
-0.165518	-0.295054	4.841783	0.263333	-1.412848	1.430131	-7.134639	-10.571959
5.928762	0.951916	4.029149	-0.792657	-1.066089	1.195730	-7.325127	-10.580999
-5.831077	-0.789411	1.721817	-1.777251	-0.679219	0.935281	-7.522792	-10.591093
4.812574	-0.722864	-1.198148	-2.547252	-0.287143	0.666701	-7.714660	-10.601698
6.302633	-0.616686	-1.325371	-2.576400	-0.269151	0.654168	-7.723362	-10.602200
-6.339253	-0.502932	-1.450711	-2.604909	-0.251191	0.641634	-7.732043	-10.602703
-2.840660	0.535668	-3.555070	-3.040848	0.110224	0.383269	-7.906615	-10.613249
8.454574	0.113172	-4.643724	-3.153787	0.452891	0.122851	-8.074821	-10.624293
4.812509	-0.340897	-4.411703	-2.870184	0.796904	-0.161943	-8.250840	-10.636963
-9.270058	0.229053	-2.493822	-2.249429	1.103426	-0.444124	-8.417832	-10.650274
1.902476	0.256312	-2.453353	-2.237337	1.108030	-0.448632	-8.420443	-10.650493
9.245929	0.282750	-2.412688	-2.225189	1.112624	-0.453139	-8.423052	-10.650713
-8.053649	-0.290833	0.037369	-1.478364	1.350011	-0.700901	-8.563836	-10.663197
0.173529	-0.067520	2.431485	-0.647386	1.550508	-0.942527	-8.696285	-10.676233
4.402108	0.591921	4.275243	0.278557	1.727565	-1.204000	-8.834325	-10.691537
-2.501069	-0.844031	4.422054	1.080441	1.849631	-1.452762	-8.960465	-10.707581
-3.507093	-0.901645	4.398579	1.097417	1.851884	-1.458648	-8.963385	-10.707982
3.506346	-0.958791	4.373682	1.114247	1.854102	-1.464525	-8.966298	-10.708383
2.407089	0.087320	2.619244	1.639425	1.911066	-1.676642	-9.069280	-10.723639
-5.689158	1.880045	0.030935	1.976077	1.916214	-1.874798	-9.161270	-10.739546
3.663441	-1.400690	-2.499268	2.142872	1.860867	-2.072411	-9.247838	-10.757523
8.581008	-3.038949	-3.928354	2.117258	1.743497	-2.252414	-9.320170	-10.776307
-8.594931	-2.938060	-3.949100	2.113066	1.738451	-2.258281	-9.322390	-10.776966
3.760874	-2.810623	-3.967727	2.108657	1.733341	-2.264127	-9.324593	-10.777626
8.320701	3.565321	-3.801248	1.912570	1.575925	-2.411626	-9.376439	-10.795470
-7.191520	-0.880665	-2.741719	1.570625	1.380481	-2.545065	-9.415379	-10.814018
3.011589	-4.422023	-1.023986	1.055890	1.120485	-2.679969	-9.443302	-10.835983
3.736261	-1.048025	0.686101	0.475207	0.829550	-2.797320	-9.453099	-10.858904
4.078670	-1.032639	0.689711	0.473842	0.828848	-2.797571	-9.453100	-10.858958
-4.076220	-1.017021	0.693365	0.472459	0.828137	-2.797826	-9.453101	-10.859013
-1.302664	5.029066	1.836979	-0.026268	0.560025	-2.885034	-9.446354	-10.879532
3.530366	4.782173	2.483642	-0.478719	0.282352	-2.959675	-9.425122	-10.900757
-4.063703	-5.450844	2.707892	-0.918569	-0.051161	-3.032258	-9.380467	-10.926858
-0.803214	1.914164	2.555973	-1.234652	-0.379082	-3.087780	-9.313950	-10.953928
4.931715	2.056369	2.551730	-1.238518	-0.383996	-3.088498	-9.312760	-10.954349
-3.931099	2.195751	2.547443	-1.242355	-0.388906	-3.089212	-9.311565	-10.954771
-6.613725	5.807853	1.886075	-1.502963	-0.951029	-3.147619	-9.123887	-11.008126
7.193652	-1.929027	1.412656	-1.372320	-1.387486	-3.148357	-8.852677	-11.064729
3.113229	-2.036244	1.410426	-1.370823	-1.389154	-3.148216	-8.851187	-11.065007
-7.189653	-2.144206	1.408190	-1.369319	-1.390817	-3.148074	-8.849694	-11.065284
1.513461	-3.059926	1.388992	-1.356232	-1.404752	-3.146812	-8.836955	-11.067641
7.147262	-3.898936	1.369344	-1.342559	-1.418375	-3.145446	-8.824079	-11.070003
-6.771046	-5.728397	1.138984	-1.173986	-1.536983	-3.126181	-8.688716	-11.093806
1.268571	-5.736300	0.830588	-0.943908	-1.625446	-3.096468	-8.540709	-11.118112
5.933290	-4.270119	0.391222	-0.566736	-1.695725	-3.043891	-8.337220	-11.149414
-6.262278	0.139006	-0.049503	-0.112050	-1.721855	-2.974519	-8.115541	-11.181489
-1.531740	0.185673	-0.062041	-0.097692	-1.721956	-2.972231	-8.108721	-11.182449
6.313100	0.229471	-0.074548	-0.083275	-1.722018	-2.969929	-8.101879	-11.183411
0.108482	2.930011	-0.434791	0.384116	-1.704632	-2.892019	-7.881583	-11.213670
-9.079320	5.095999	-0.712465	0.874116	-1.650375	-2.802438	-7.647584	-11.244565
-0.528054	2.914912	-0.882914	1.408120	-1.550029	-2.691846	-7.377175	-11.279038
10.856433	-1.915324	-0.899734	1.895534	-1.408016	-2.568629	-7.092406	-11.314245
-10.847278	-2.014145	-0.898391	1.904492	-1.404734	-2.566020	-7.086526	-11.314962
4.186264	-2.109528	-0.896977	1.913422	-1.401430	-2.563403	-7.080632	-11.315681
9.726268	-3.525463	-0.763396	2.271211	-1.234479	-2.439670	-6.807761	-11.348572
-7.813530	-3.735023	-0.488386	2.527750	-1.034657	-2.306453	-6.524582	-11.382056
-5.015847	-3.974019	0.051537	2.677449	-0.777055	-2.148997	-6.200974	-11.419697
2.896573	-1.498336	0.760431	2.669792	-0.481858	-1.981299	-5.866867	-11.458036
4.436576	-1.485765	0.761947	2.669564	-0.481086	-1.980874	-5.866032	-11.458131
-4.435535	-1.472999	0.763479	2.669332	-0.480304	-1.980444	-5.865187	-11.458228
-0.893711	3.694495	1.054351	2.512841	-0.183709	-1.820929	-5.555681	-11.493399
5.958860	3.608862	0.536346	2.199674	0.134983	-1.654145	-5.239304	-11.529117
-7.586427	-3.671849	-0.834863	1.619159	0.502123	-1.461605	-4.881939	-11.569294
1.917318	3.641798	-1.377792	0.728758	0.871067	-1.261468	-4.518215	-11.610115
8.652616	3.720428	-1.367024	0.709821	0.877525	-1.257865	-4.511731	-11.610843
-8.660407	3.791519	-1.355316	0.690767	0.883980	-1.254259	-4.505246	-11.611571
-8.347796	1.236093	0.107555	-0.413815	1.207153	-1.066732	-4.170959	-11.649121
7.544726	-4.087527	1.607618	-1.665666	1.506288	-0.874063	-3.833170	-11.687180
-0.827151	1.173834	1.165837	-3.016241	1.790968	-0.656916	-3.458718	-11.729596
-4.483749	4.096590	-0.676402	-4.088716	2.011575	-0.434852	-3.082072	-11.772601
-2.352213	4.026340	-0.701924	-4.099274	2.013860	-0.432034	-3.077332	-11.773145
4.450077	3.952627	-0.727416	-4.109745	2.016132	-0.429216	-3.072592	-11.773689
-3.471198	-3.855767	-1.895282	-4.602177	2.143688	-0.224293	-2.730390	-11.813155
2.053123	-1.633489	-0.485145	-4.506940	2.194944	-0.016410	-2.388076	-11.853082
3.074392	2.976231	1.904059	-3.853447	2.165855	0.218085	-2.006971	-11.898166
-3.895513	-2.483717	1.996668	-2.864045	2.054701	0.452982	-1.627828	-11.943797
-3.049065	-2.492559	1.993507	-2.861675	2.054372	0.453499	-1.626994	-11.943898
3.900845	-2.501329	1.990331	-2.859303	2.054042	0.454016	-1.626160	-11.944000
2.452842	-1.597655	-0.099191	-1.884471	1.892232	0.662705	-1.289137	-11.985328
-6.814487	1.966477	-1.935667	-0.971588	1.678727	0.868089	-0.955346	-12.027078
-3.516514	0.792364	-1.190598	-0.141507	1.390873	1.089054	-0.591568	-12.073643
9.232466	-1.897214	0.879555	0.584182	1.056805	1.301904	-0.233772	-12.120695
-9.240717	-1.919703	0.922490	0.602580	1.047704	1.307240	-0.224681	-12.121908
1.480501	-1.934191	0.964179	0.620997	1.038579	1.312569	-0.215595	-12.123122
9.071939	0.720180	1.657143	1.290548	0.706832	1.493592	0.097557	-12.165548
-8.289425	2.196003	1.008254	2.067073	0.351678	1.665059	0.404282	-12.208339
-5.920537	-1.482975	-0.683942	3.106805	-0.067994	1.844710	0.740569	-12.256882
6.148695	-2.399094	-1.355453	4.345336	-0.500765	2.008516	1.066710	-12.305864
2.903610	-2.216453	-1.331844	4.392605	-0.515842	2.013867	1.077781	-12.307564
-6.100346	-2.023627	-1.304351	4.440230	-0.530937	2.019202	1.088849	-12.309265
-5.951236	2.190136	0.182167	5.674605	-0.915245	2.147373	1.365583	-12.352698
5.708774	2.213617	1.324170	6.656769	-1.296477	2.260264	1.632848	-12.396448
-5.825098	-1.960688	0.016106	6.989302	-1.709901	2.366257	1.918292	-12.445504
-1.776698	1.629177	-1.561866	6.281086	-2.102032	2.449705	2.190103	-12.494931
5.817366	1.659914	-1.561965	6.201375	-2.124493	2.453949	2.205940	-12.497905
-5.806301	1.627809	-1.545052	6.117261	-2.146809	2.458105	2.221724	-12.500881
-5.528635	-1.450748	0.068384	4.391669	-2.466482	2.510285	2.455911	-12.546448
5.001457	-0.954716	1.951183	2.198804	-2.736578	2.540339	2.676988	-12.592305
-2.759627	1.370843	2.440629	-0.354556	-2.962160	2.545791	2.908738	-12.644125
-4.268181	1.306914	0.471460	-2.688750	-3.085533	2.519234	3.122512	-12.696286
-0.837952	1.275575	0.444489	-2.710158	-3.086183	2.518803	3.124554	-12.696807
4.268418	1.243583	0.417455	-2.731522	-3.086821	2.518368	3.126595	-12.697329
-4.473617	-1.667585	-1.959829	-4.449548	-3.092581	2.465489	3.303146	-12.744390
-1.389221	0.056347	-3.413700	-5.670582	-2.988259	2.385409	3.466651	-12.791700
5.522218	2.134806	-4.036643	-6.270109	-2.733372	2.267565	3.632932	-12.844108
-5.948900	-1.163412	-4.046640	-5.973657	-2.326418	2.121430	3.785821	-12.896795
-0.174108	-1.217716	-4.042500	-5.961091	-2.317957	2.118601	3.788418	-12.897732
5.958079	-1.270822	-4.038215	-5.948274	-2.309441	2.115759	3.791016	-12.898671
5.279631	-2.624091	-3.713542	-5.011006	-1.822387	1.959325	3.919477	-12.947008
-5.910327	-0.837973	-3.317664	-3.646408	-1.254916	1.784002	4.038634	-12.995556
-0.942747	3.039440	-2.290253	-1.949189	-0.600174	1.582188	4.154583	-13.046698
5.504602	2.277970	-0.098060	-0.181028	0.087448	1.364532	4.262262	-13.098049
-5.521844	-3.411328	2.816599	1.489633	0.795918	1.127878	4.365008	-13.150837
5.885289	3.058121	5.171260	2.801035	1.478471	0.879983	4.461219	-13.203822
-5.196871	3.346027	5.245610	2.849187	1.508788	0.868337	4.465511	-13.206267
-5.940731	3.593180	5.316020	2.896090	1.538982	0.856673	4.469792	-13.208713
1.575168	0.250047	5.985851	3.542549	2.118714	0.617292	4.554108	-13.258274
7.629456	-3.836771	5.633710	3.552067	2.622245	0.372914	4.634649	-13.307984
-8.631956	3.909547	4.355658	2.973529	3.063568	0.100234	4.720149	-13.362971
5.343578	-0.369268	1.910954	2.000071	3.373007	-0.172895	4.803292	-13.418112
9.320362	-0.386556	1.903575	1.997302	3.373614	-0.173584	4.803500	-13.418252
-9.321469	-0.404017	1.896103	1.994498	3.374228	-0.174280	4.803711	-13.418393
2.040192	-3.862178	-0.964350	0.963428	3.532214	-0.419037	4.877787	-13.468342
9.322398	-1.222083	-3.721725	-0.037175	3.568747	-0.659979	4.951769	-13.518398
-8.904925	3.500332	-4.786599	-0.917089	3.457734	-0.924315	5.035798	-13.574717
2.076873	-3.166385	-2.411988	-1.356292	3.176480	-1.178861	5.122020	-13.631143
7.936326	-3.168310	-2.403519	-1.356770	3.175625	-1.179436	5.122223	-13.631273
8.410083	-3.170092	-2.394930	-1.357252	3.174758	-1.180017	5.122428	-13.631405
-7.997779	2.265378	1.158651	-1.363111	2.768451	-1.396926	5.202671	-13.682106
-4.178386	2.433340	3.429636	-1.033993	2.215371	-1.600259	5.286556	-13.732873
7.335156	-1.184686	2.376584	-0.396593	1.478926	-1.802497	5.382775	-13.788048
-7.083310	-1.716603	-0.341367	0.272481	0.658833	-1.982119	5.485455	-13.843273
2.629583	-1.683014	-0.387229	0.283045	0.643571	-1.985149	5.487385	-13.844276
7.074990	-1.648088	-0.432637	0.293520	0.628304	-1.988170	5.489318	-13.845279
-2.723732	0.737814	-1.988300	0.662684	-0.136834	-2.128172	5.589606	-13.895574
-6.664190	1.461762	-1.663992	0.640482	-0.873834	-2.243896	5.697069	-13.945890
6.380010	-1.564280	0.444790	0.300755	-1.626763	-2.340658	5.825594	-14.001673
2.774283	-0.482594	1.012798	-0.101426	-2.284009	-2.400833	5.965094	-14.057458
-6.013488	-0.405597	1.004912	-0.108271	-2.295891	-2.401631	5.967982	-14.058565
3.507865	-0.326731	0.996436	-0.115039	-2.307724	-2.402414	5.970874	-14.059673
5.631416	2.129811	0.163618	-0.337029	-2.789356	-2.420658	6.107402	-14.110013
-5.263160	-2.439090	-0.727762	-0.370858	-3.149879	-2.403077	6.254275	-14.160335
3.791568	-1.330213	-0.360162	-0.181050	-3.403701	-2.338613	6.429440	-14.215918
4.892990	2.868929	0.505485	0.099430	-3.517047	-2.223731	6.618972	-14.271454
-4.895736	2.933943	0.521543	0.106834	-3.518469	-2.219809	6.624443	-14.272994
-4.145180	2.992016	0.536747	0.114171	-3.519807	-2.215848	6.629926	-14.274535
-1.377830	1.821516	0.631895	0.294719	-3.522385	-2.065992	6.814220	-14.324467
5.597817	-1.965815	0.258135	0.314695	-3.462350	-1.876282	7.011088	-14.374342
-6.292084	-3.229006	-0.307712	0.191123	-3.341851	-1.619315	7.248241	-14.430573
-2.975190	1.590927	-0.656233	-0.005073	-3.168574	-1.323361	7.500726	-14.486700
7.065827	1.601850	-0.656660	-0.005594	-3.168055	-1.322549	7.501400	-14.486846
-7.067827	1.612726	-0.657084	-0.006113	-3.167536	-1.321737	7.502074	-14.486991
0.271516	3.074060	-0.623547	-0.160681	-2.974964	-1.040441	7.731607	-14.535248
8.264679	1.968848	-0.244951	-0.252893	-2.743845	-0.739367	7.971908	-14.583409
-6.336065	0.487624	0.322791	-0.273383	-2.426992	-0.363195	8.269902	-14.640281
-8.908462	-0.601417	0.757339	-0.196212	-2.077945	0.027776	8.582132	-14.696992
8.908211	-0.628660	0.765816	-0.192507	-2.067208	0.039495	8.591580	-14.698667
7.577813	-0.656874	0.773963	-0.188727	-2.056459	0.051208	8.601031	-14.700340
-8.761581	-1.686997	0.845469	-0.049923	-1.738247	0.388465	8.876540	-14.748155
4.025401	-2.201428	0.518941	0.131168	-1.396269	0.726766	9.161596	-14.795834
7.864796	-1.443152	-0.357948	0.324650	-0.961762	1.116263	9.505074	-14.851152
-7.263807	0.400352	-1.241746	0.408404	-0.480720	1.494774	9.860679	-14.906261
2.141907	0.438136	-1.255600	0.408296	-0.470042	1.502573	9.868289	-14.907419
7.239175	0.475790	-1.269137	0.408097	-0.459355	1.510353	9.875894	-14.908574
-4.806200	1.847950	-1.488372	0.310904	0.005285	1.827847	10.198466	-14.956810
-6.305005	1.292824	-0.830061	0.039790	0.491302	2.126952	10.529747	-15.004863
5.846635	-1.868766	0.760049	-0.355390	1.038550	2.435497	10.912039	-15.058633
2.574187	-0.891299	2.368304	-0.682676	1.560096	2.708670	11.304525	-15.112149
-5.428399	-0.820543	2.387009	-0.686615	1.568469	2.712916	11.311196	-15.113045
2.484795	-0.748101	2.405247	-0.690478	1.576811	2.717142	11.317858	-15.113939
5.124948	2.091040	2.563994	-0.778898	1.985159	2.919204	11.666576	-15.160142
-4.923257	-2.236196	0.864045	-0.609336	2.335684	3.085442	12.022358	-15.206134
2.014224	-0.124015	-2.041475	-0.169497	2.652937	3.229760	12.450734	-15.260102
5.184516	2.564616	-3.236749	0.377215	2.841274	3.311497	12.888110	-15.313751
-5.201912	2.477187	-3.212541	0.396138	2.845144	3.313112	12.903310	-15.315590
-0.014184	2.368664	-3.183069	0.414990	2.848827	3.314643	12.918507	-15.317428
5.805043	-2.657300	-1.191878	0.844303	2.877710	3.325663	13.300860	-15.363145
-1.891729	-0.763567	1.637390	1.109650	2.772184	3.283660	13.689063	-15.408608
-7.364066	2.693403	3.257540	1.041139	2.469110	3.174293	14.138101	-15.460186
1.408460	-2.337978	1.420830	0.455504	1.994827	3.004877	14.591310	-15.511403
7.928640	-2.501676	1.324146	0.430196	1.976746	2.998316	14.606342	-15.513091
-7.939016	-2.655668	1.226475	0.404645	1.958514	2.991689	14.621390	-15.514780
0.947669	-2.452238	-1.286143	-0.300440	1.433156	2.795380	15.020369	-15.559369
7.804137	1.377893	-2.562319	-0.870353	0.849465	2.561833	15.418764	-15.603660
-7.311705	2.613918	-1.988720	-1.090248	0.159344	2.256672	15.868221	-15.653583
-3.656591	-2.607717	0.373949	-0.903473	-0.516983	1.914849	16.311994	-15.703101
4.133865	-2.667778	0.429376	-0.894476	-0.533619	1.905816	16.323079	-15.704343
6.650016	-2.718281	0.483575	-0.885303	-0.550211	1.896774	16.334145	-15.705584
-3.383883	-0.186271	1.647644	-0.456516	-1.116238	1.566299	16.720720	-15.749170
-5.525925	3.120267	1.527859	0.103212	-1.628277	1.216164	17.098790	-15.792413
5.036233	0.519031	0.335197	0.679141	-2.102836	0.799707	17.515849	-15.841067
-4.736026	-2.479679	-1.014148	0.953823	-2.421438	0.368261	17.918178	-15.889256
4.729603	-2.565351	-1.049787	0.955230	-2.429267	0.353372	17.931595	-15.890888
2.344836	-2.649325	-1.084296	0.956027	-2.436891	0.338471	17.944992	-15.892520
-4.639167	-4.090574	-1.448006	0.747069	-2.564372	-0.045037	18.280275	-15.934008
-3.497700	-4.271478	-0.570112	0.098099	-2.570066	-0.431793	18.601443	-15.975122
4.683117	-4.250286	1.241496	-0.808883	-2.440884	-0.876067	18.952226	-16.022014
3.037659	-2.446712	2.468104	-1.338601	-2.184326	-1.312117	19.280502	-16.068387
-4.676650	-2.281620	2.477283	-1.341862	-2.176887	-1.322236	19.287924	-16.069470
1.842524	-2.107857	2.485270	-1.344598	-2.169386	-1.332349	19.295333	-16.070552
4.612156	4.086150	1.846361	-1.108640	-1.846037	-1.707382	19.563108	-16.110927
-4.554397	-2.578302	-0.525528	-0.375906	-1.450119	-2.073925	19.810387	-16.150878
4.511770	-2.889846	-3.430640	0.751359	-0.930882	-2.478729	20.064245	-16.195661
5.187290	1.823465	-4.597393	1.912456	-0.356439	-2.871342	20.287938	-16.239873
-4.556952	1.861087	-4.600935	1.924783	-0.350032	-2.875498	20.290174	-16.240345
-5.205125	1.897892	-4.604336	1.937141	-0.343602	-2.879664	20.292412	-16.240819
-2.725716	1.808064	-4.364003	2.916745	0.204408	-3.221825	20.465660	-16.280102
7.173855	-0.358344	-3.353650	3.649880	0.765637	-3.553126	20.611380	-16.318903
-7.832551	0.160711	-2.401875	3.913874	1.377266	-3.902699	20.737692	-16.360783
-0.861882	-0.645473	-0.637112	3.351562	1.956576	-4.238431	20.827768	-16.402057
7.381049	-0.684017	-0.566529	3.329248	1.967875	-4.245319	20.829256	-16.402916
-7.355197	-0.722924	-0.493800	3.306436	1.979142	-4.252210	20.830730	-16.403775
-0.924546	-1.583407	3.639629	1.831227	2.411472	-4.546097	20.878442	-16.440940
3.584895	-3.458254	6.059194	-0.680345	2.685281	-4.827307	20.893105	-16.477578
-2.074405	-3.421313	2.811867	-4.298512	2.722519	-5.118872	20.869538	-16.517248
-0.569434	9.782908	-5.510475	-6.751910	2.397264	-5.389971	20.802729	-16.556263
2.757534	9.717433	-5.530456	-6.757289	2.394453	-5.391348	20.802260	-16.556466
-2.769424	9.649195	-5.549919	-6.762566	2.391630	-5.392726	20.801791	-16.556670
6.198494	-14.004315	-3.047921	-6.224916	1.723989	-5.628185	20.700356	-16.591930
-5.964027	11.618739	3.633536	-3.238606	0.780570	-5.856445	20.559606	-16.626623
-18.468978	22.337729	4.503646	1.980439	-0.404532	-6.104123	20.359326	-16.663868
16.802195	-23.665153	-4.255730	7.376469	-1.566792	-6.357059	20.108789	-16.700419
17.129625	-23.849140	-4.298578	7.410879	-1.576841	-6.359445	20.106232	-16.700754
25.222538	-24.020995	-4.339586	7.444812	-1.586872	-6.361832	20.103671	-16.701089
-6.883963	-3.001054	-1.765118	8.509220	-2.456740	-6.598962	19.834389	-16.733209
-32.870738	20.581656	4.457701	5.411116	-3.059838	-6.851413	19.522131	-16.764760
29.333119	-11.273523	-4.876652	-8.115172	-2.759860	-7.466011	18.641754	-16.834603
9.606085	-3.078369	-0.228086	-4.551584	0.226818	-7.975094	17.516139	-16.901365
-6.964759	-0.974444	0.133283	-4.462943	0.254914	-7.978156	17.506339	-16.901875
3.892364	1.100392	0.501409	-4.373930	0.282960	-7.981195	17.496542	-16.902383
5.494157	4.367759	2.321400	-3.951183	0.413980	-7.995152	17.450562	-16.904754
-4.271721	-4.299974	4.216469	-3.517945	0.544818	-8.008704	17.404255	-16.907121
3.849410	-1.710129	4.816819	-3.364227	0.590474	-8.013344	17.387993	-16.907947
-3.432324	4.260043	5.351028	-3.209180	0.636140	-8.017938	17.371670	-16.908773
-3.331455	-4.084084	0.483836	0.936762	1.783691	-8.118373	16.932955	-16.930043
-3.273073	2.111447	-5.669388	4.223626	2.774313	-8.178105	16.465090	-16.950963
-2.444751	5.027177	-1.556374	5.322916	3.689007	-8.178087	15.719708	-16.981211
-1.517627	-3.043818	6.245180	3.104068	3.695855	-8.056793	14.908341	-17.010682
-0.254002	-8.962390	5.165162	-0.594741	2.894890	-7.805295	14.029756	-17.039444
-6.957352	12.609096	-6.706062	-3.279004	1.487201	-7.416932	13.088922	-17.067408
6.971522	7.311620	-6.713885	-3.281536	1.483953	-7.416025	13.087004	-17.067462
-6.985693	2.015390	-6.721571	-3.284055	1.480703	-7.415117	13.085086	-17.067517
13.677520	-16.724583	-0.474639	-3.141936	-0.153548	-6.934728	12.174664	-17.092331
-19.301417	20.528026	6.721407	-1.370958	-1.888758	-6.329560	11.218089	-17.116467
22.264354	-22.651617	-1.326383	0.710126	-3.462442	-5.555159	10.168073	-17.141055
-21.641643	21.788194	-4.683859	1.998861	-4.365274	-4.632638	9.074244	-17.164879
-10.287991	21.409272	-4.768906	2.023683	-4.383081	-4.587968	9.024508	-17.165924
-8.169532	20.696842	-4.858421	2.045077	-4.398663	-4.542991	8.974692	-17.166966
18.090379	-17.935281	-5.702271	1.653813	-4.240572	-3.516751	7.896039	-17.188797
-13.764211	13.028497	-0.093215	-0.159990	-3.325210	-2.374304	6.784577	-17.209926
9.451877	-7.842733	4.764758	-2.309580	-1.761022	-1.015306	5.532412	-17.232289
-6.699121	4.009812	-4.344653	-2.958534	0.071798	0.424059	4.251190	-17.253789
-2.277006	4.023500	-4.356678	-2.957866	0.075121	0.426656	4.248902	-17.253826
6.692864	4.037215	-4.368845	-2.957180	0.078500	0.429299	4.246575	-17.253864
0.443075	-2.006989	-3.431186	-1.820668	1.772711	1.783888	3.059039	-17.272685
-5.876939	1.002505	3.960972	0.396450	3.341528	3.155578	1.856217	-17.290777
-6.937860	0.621153	2.761892	3.081000	4.713365	4.599010	0.571884	-17.309113
7.474875	-0.833791	-3.054295	5.214907	5.631071	6.007241	-0.719856	-17.326617
-7.471681	2.017332	-3.857311	6.170498	5.931213	7.392527	-2.053910	-17.343782
-4.766281	2.200734	0.148921	5.790195	5.461589	8.678938	-3.385325	-17.360046
7.305394	1.815254	0.217311	5.775998	5.451061	8.694530	-3.402248	-17.360247
-7.306231	1.425284	0.285939	5.761550	5.440430	8.710100	-3.419171	-17.360448
-2.059261	-3.213902	3.836502	3.924521	4.372770	9.811782	-4.682770	-17.375099
8.165498	4.299758	-0.177935	0.626014	2.863963	10.778659	-5.935770	-17.388914
-8.172774	2.767002	-0.275763	0.559351	2.834639	10.794227	-5.957457	-17.389147
-4.518500	1.227694	-0.373209	0.492464	2.805225	10.809751	-5.979139	-17.389380
8.398633	-5.285301	-3.725882	-3.322492	1.101621	11.581580	-7.143921	-17.401576
1.346573	4.278640	-0.748554	-7.035685	-0.746626	12.215386	-8.292435	-17.413020
-7.913111	6.420924	3.567817	-10.229957	-2.860799	12.754012	-9.565663	-17.425028
-0.107395	3.382142	1.309818	-11.636525	-4.842108	13.092851	-10.809679	-17.436059
7.270031	2.003186	1.163629	-11.652386	-4.901692	13.100288	-10.849129	-17.436397
-7.247508	0.618229	1.015725	-11.666551	-4.960960	13.107506	-10.888545	-17.436734
6.617733	-5.783226	-2.689664	-11.445046	-6.430695	13.218223	-11.944868	-17.445498
4.020908	4.912201	-3.350990	-10.176465	-7.578539	13.159770	-12.973873	-17.453504
-3.861016	4.000251	-0.655067	-7.627177	-8.458248	12.876243	-14.117899	-17.461741
-5.570665	-1.996077	3.058934	-4.452196	-8.877184	12.352083	-15.222825	-17.468968
4.619450	-2.122093	3.123802	-4.346070	-8.883197	12.330931	-15.258008	-17.469185
5.587412	-2.234889	3.182247	-4.239895	-8.888743	12.309495	-15.293181	-17.469402
-6.024255	-0.945517	2.692708	-1.414748	-8.864035	11.633738	-16.224161	-17.474831
0.008678	0.582891	0.175379	1.302376	-8.519870	10.774577	-17.122789	-17.479472
7.572890	-0.312531	-2.045537	4.141918	-7.777672	9.593790	-18.103143	-17.483783
-8.212427	0.506973	-2.678739	6.621853	-6.707184	8.219995	-19.038692	-17.487062
3.542969	0.556609	-2.678490	6.707186	-6.662042	8.165973	-19.072323	-17.487163
8.243397	0.599211	-2.677010	6.792140	-6.616521	8.111727	-19.105890	-17.487262
-8.419186	-0.831789	-2.316451	8.720940	-5.422246	6.751924	-19.888930	-17.489221
3.022946	-1.908651	-1.410311	10.496628	-4.045519	5.282131	-20.634786	-17.490364
7.958452	0.048923	0.104598	12.375091	-2.314573	3.514801	-21.430084	-17.490666
-1.187835	3.806822	1.347998	14.136666	-0.440130	1.656400	-22.175062	-17.489915
-7.495159	3.811235	1.381873	14.213075	-0.353371	1.571254	-22.207299	-17.489857
-6.473038	3.789167	1.413157	14.289206	-0.266482	1.486037	-22.239410	-17.489796
7.120019	0.792116	1.559487	15.709165	1.434633	-0.173661	-22.836056	-17.488213
-6.853441	-1.093285	1.056567	17.017730	3.173669	-1.862909	-23.392991	-17.485833
-2.160598	-4.267287	0.179413	18.238292	5.214383	-3.852836	-23.993388	-17.482027
6.747813	-6.429941	-0.491976	19.022801	7.208648	-5.825074	-24.536336	-17.477112
-6.754835	-6.435389	-0.508352	19.045546	7.292256	-5.908711	-24.558294	-17.476876
-3.629225	-6.434409	-0.523412	19.067364	7.375736	-5.992314	-24.580160	-17.476639
6.988967	-5.646720	-0.584477	19.299383	9.054261	-7.695876	-25.007389	-17.471265
2.430901	-4.385987	-0.333622	19.081088	10.630914	-9.344369	-25.387013	-17.465008
-7.546540	0.021667	0.046123	18.201352	12.276369	-11.137431	-25.760067	-17.456794
0.748320	6.659996	0.214284	16.558056	13.724863	-12.820099	-26.068234	-17.447415
7.588216	6.690417	0.213354	16.520308	13.749266	-12.849721	-26.073256	-17.447232
-7.585797	6.714777	0.212241	16.482210	13.773629	-12.879348	-26.078265	-17.447049
-7.578744	4.102280	-0.009320	14.308599	14.850715	-14.255189	-26.293347	-17.437731
6.874767	2.429193	-0.381525	11.538531	15.717476	-15.513173	-26.455082	-17.427486
-6.252383	-0.291497	-0.728173	7.926901	16.409743	-16.760534	-26.571127	-17.414961
1.802036	-1.019785	-0.756598	3.985983	16.789144	-17.830867	-26.617789	-17.401266
5.145965	-1.024087	-0.751323	3.890394	16.794193	-17.854042	-26.618040	-17.400927
5.617705	-1.028675	-0.745725	3.794755	16.799056	-17.877114	-26.618252	-17.400588
-5.200321	-1.934531	-0.295636	0.221438	16.845831	-18.669202	-26.597050	-17.387349
4.972328	-3.676833	0.653478	-3.115120	16.624177	-19.317585	-26.518297	-17.373191
1.681048	0.234500	1.920198	-6.125359	16.085072	-19.854694	-26.369249	-17.357063
-5.290851	2.455853	1.638163	-8.348186	15.227915	-20.234441	-26.151782	-17.339920
5.934067	-1.987899	-1.425128	-9.950831	13.981065	-20.466915	-25.849320	-17.320873
-6.876970	1.774723	-3.302936	-11.271661	12.371104	-20.530712	-25.472108	-17.300750
-1.414206	1.778366	-3.264975	-11.331606	12.291908	-20.529646	-25.453854	-17.299842
2.755693	1.744839	-3.212691	-11.392038	12.211997	-20.528253	-25.435461	-17.298931
7.985035	-1.915075	-0.201623	-12.687531	10.443670	-20.430203	-25.034513	-17.280098
-9.011922	0.062459	3.017049	-14.009240	8.378564	-20.198643	-24.579049	-17.260450
-4.520346	2.938006	3.929011	-15.341647	5.668978	-19.773523	-23.998751	-17.237179
10.469229	1.334869	0.868499	-16.170265	2.563746	-19.175227	-23.354091	-17.212897
-10.470751	1.273086	0.828597	-16.172915	2.531368	-19.168511	-23.347472	-17.212654
-1.011966	1.210358	0.788655	-16.175422	2.498951	-19.161779	-23.340847	-17.212412
10.323022	-4.131459	-2.490363	-15.646299	-0.665151	-18.466158	-22.702407	-17.189526
2.949320	1.043058	-3.471054	-13.084112	-4.109671	-17.627222	-22.016030	-17.165842
-8.790339	4.385393	-2.479716	-7.631365	-7.997061	-16.556867	-21.221615	-17.139320
7.742808	-3.929429	0.278587	-0.705590	-11.854826	-15.317428	-20.376742	-17.111902
2.044108	-3.915122	0.386312	-0.460850	-11.985308	-15.271527	-20.346653	-17.110938
-0.941075	-3.861755	0.493882	-0.216506	-12.115508	-15.225423	-20.316508	-17.109973
-6.785493	3.167265	2.596579	5.801669	-15.398166	-13.945318	-19.507058	-17.084320
6.044080	3.021412	1.476414	10.199896	-18.333586	-12.525467	-18.660998	-17.057965
-3.835413	-1.869515	-2.697380	11.840090	-21.012831	-10.785253	-17.681473	-17.027899
-5.031559	1.983859	-2.783617	9.534732	-22.921622	-8.875454	-16.662561	-16.997006
5.025545	1.950565	-2.694588	9.440839	-22.952593	-8.833228	-16.640574	-16.996343
0.132197	1.905097	-2.601165	9.345071	-22.983148	-8.790929	-16.618570	-16.995679
-4.859222	-2.813878	2.616634	4.310584	-23.859729	-6.992372	-15.700366	-16.968092
3.720228	4.825411	3.866522	-1.132896	-23.923188	-5.086007	-14.756681	-16.939907
5.418477	8.198315	-5.773228	-7.847545	-20.254404	-0.229887	-12.426576	-16.870699
-6.721316	-10.864708	-2.224047	-2.161878	-11.066043	4.895492	-9.990771	-16.798380
0.508679	-9.203205	-1.796481	-1.970270	-10.815282	5.010500	-9.935679	-16.796740
6.794794	-6.853905	-1.353800	-1.778593	-10.563024	5.125518	-9.880547	-16.795098
-6.832760	-3.296804	-0.889457	-1.582925	-10.303856	5.243004	-9.824197	-16.793420
-4.414716	1.319134	-0.416588	-1.387687	-10.043369	5.360417	-9.767843	-16.791741
6.910975	6.428903	0.081734	-1.184782	-9.770414	5.482755	-9.709084	-16.789991
-3.083514	10.955328	0.581890	-0.982620	-9.495923	5.605091	-9.650283	-16.788239
-7.530492	5.990368	6.740546	1.666193	-5.487494	7.327107	-8.817283	-16.763374
8.106678	-10.392720	8.547848	3.530225	-1.296530	9.038999	-7.976914	-16.738194
0.436365	1.186961	0.942525	4.103426	4.687116	11.412192	-6.784386	-16.702258
-9.470844	8.055117	-8.286515	2.827999	10.492896	13.722290	-5.581962	-16.665730
9.911538	-6.644537	-8.315122	0.535821	16.162327	16.088961	-4.291282	-16.626127
2.743698	-0.279995	-1.576796	-1.311819	20.950055	18.324527	-2.995810	-16.585895
-10.063272	0.119957	-1.268894	-1.365806	21.116737	18.409965	-2.944436	-16.584289
10.062043	0.500089	-0.961811	-1.418121	21.281474	18.495146	-2.893060	-16.582681
5.113228	4.133582	4.691720	-2.098480	24.358707	20.293009	-1.767629	-16.547237
-9.626615	2.091062	6.084354	-1.746906	26.290079	21.947461	-0.643390	-16.511349
-3.717923	-0.714824	3.193537	-0.294297	27.024647	23.557977	0.573260	-16.471904
3.023137	-1.466902	-1.011083	1.260413	26.545565	24.953364	1.783088	-16.431975
8.996474	-1.391975	-1.274349	1.349915	26.470964	25.046447	1.871016	-16.429044
-8.986077	-1.297328	-1.525615	1.434264	26.391568	25.138330	1.958892	-16.426110
4.725674	0.242294	-3.472785	1.915354	25.045653	26.178312	3.043529	-16.389534
9.058893	0.691451	-2.871048	1.129530	23.143920	27.037781	4.117958	-16.352593
-9.263562	-0.730730	0.091423	-0.704463	20.433188	27.818726	5.352515	-16.309171
-1.560138	1.045386	2.097345	-2.483782	17.408920	28.375306	6.567237	-16.265295
9.452916	1.047167	2.098375	-2.486637	17.402868	28.376180	6.569585	-16.265209
-9.453193	1.048923	2.099390	-2.489488	17.396816	28.377053	6.571932	-16.265123
-8.482728	0.010680	1.356467	-3.433839	14.617046	28.693938	7.638669	-16.225520
2.301424	-1.976707	-0.554602	-3.593343	11.914860	28.849814	8.684633	-16.185587
9.461609	-1.036999	-2.064715	-2.655732	9.093284	28.846100	9.802644	-16.141534
-9.359976	3.224238	-1.840030	-0.485607	6.419304	28.670657	10.890689	-16.097127
-0.901827	3.219971	-1.811695	-0.440007	6.373424	28.666080	10.909595	-16.096341
9.356255	3.209761	-1.782337	-0.394249	6.327586	28.661452	10.928492	-16.095555
-9.277347	-2.191024	0.586298	2.068433	4.007847	28.353834	11.894298	-16.054697
1.345273	-4.627384	2.430511	4.245931	1.786780	27.917407	12.834257	-16.013576
9.450797	1.613906	1.247785	5.667199	-0.536988	27.304803	13.826051	-15.968613
-9.730512	6.263044	-1.362121	6.163513	-2.818226	26.556185	14.786858	-15.923381
-9.858000	5.942127	-1.441884	6.166880	-2.897890	26.527668	14.819870	-15.921796
-2.993688	5.569504	-1.519485	6.169398	-2.977507	26.499021	14.852815	-15.920211
10.416198	-6.923330	-2.385229	5.957549	-5.057527	25.699024	15.697811	-15.878832
-10.992324	5.612850	-0.426133	5.293666	-7.135957	24.799964	16.517038	-15.837261
-7.739892	7.468053	2.106098	4.212415	-9.442004	23.681390	17.405235	-15.790441
11.128420	-1.887757	1.688464	2.963019	-11.697752	22.453874	18.261788	-15.743421
-11.122008	-1.968751	1.674438	2.951549	-11.717001	22.442787	18.269072	-15.743013
-7.642853	-2.048861	1.660352	2.940108	-11.736177	22.431731	18.276328	-15.742606
10.070971	-6.767296	-0.062912	1.684359	-13.689497	21.246372	19.015723	-15.700382
2.032857	-5.047402	-1.323180	0.270517	-15.563539	19.986353	19.730467	-15.658031
-6.765367	-0.909849	-1.707909	-1.513634	-17.523530	18.511583	20.493297	-15.611018
4.796810	1.417724	-0.991870	-3.480410	-19.339186	16.960529	21.226718	-15.563889
5.396081	1.487425	-0.966464	-3.521852	-19.376197	16.926639	21.242060	-15.562881
-5.376324	1.559111	-0.940658	-3.563255	-19.413184	16.892669	21.257410	-15.561872
-0.921743	3.641678	0.466196	-5.162776	-20.903933	15.427732	21.894898	-15.519145
5.067106	1.572697	2.078435	-6.230029	-22.237110	13.913005	22.509019	-15.476354
-5.696312	-2.882293	2.005558	-6.480322	-23.503623	12.191187	23.159819	-15.429089
-0.619044	2.850406	-1.001841	-5.811432	-24.535361	10.423858	23.782994	-15.381786
6.567757	2.924292	-1.063091	-5.789805	-24.553353	10.388356	23.795092	-15.380847
-6.585095	2.991597	-1.123542	-5.767872	-24.571245	10.352839	23.807179	-15.379907
3.025399	1.006904	-2.911469	-4.472285	-25.275228	8.730103	24.343343	-15.337356
7.994287	-3.824886	-2.527159	-2.690958	-25.769785	7.082922	24.857857	-15.294805
0.110110	-2.763899	0.360015	-0.574552	-26.089812	5.298873	25.385053	-15.249267
-6.283206	3.699221	3.444166	1.366041	-26.224634	3.500530	25.888150	-15.203765
-8.895693	4.906085	3.553028	2.807126	-26.200243	1.576842	26.397951	-15.155361
8.548475	-4.678615	-0.870045	3.359281	-26.041286	-0.349789	26.881319	-15.107040
-8.547318	-4.685572	-0.879007	3.359682	-26.040853	-0.353763	26.882289	-15.106940
3.557886	-4.692400	-0.887953	3.360080	-26.040419	-0.357737	26.883258	-15.106841
7.861921	0.216516	-3.265571	3.350781	-25.802930	-2.146723	27.308461	-15.062096
-6.629165	3.556883	-2.110331	3.095336	-25.459414	-3.936762	27.711657	-15.017461
-6.967109	3.518154	-2.079623	3.091538	-25.455429	-3.954291	27.715496	-15.017024
0.834481	3.477543	-2.048525	3.087711	-25.451430	-3.971821	27.719333	-15.016588
6.093880	-2.969509	1.435667	2.586995	-25.000243	-5.664019	28.079896	-14.974548
-5.338796	0.018541	2.203015	1.882650	-24.403477	-7.358083	28.421471	-14.932636
-0.889390	2.092103	0.280151	1.019664	-23.526380	-9.270609	28.784285	-14.885545
4.623892	-0.037588	-1.264676	0.061794	-22.401938	-11.183632	29.123793	-14.838659
-4.626292	-0.087993	-1.275699	0.043511	-22.379640	-11.217449	29.129590	-14.837832
1.082645	-0.138610	-1.286018	0.025141	-22.357217	-11.251322	29.135389	-14.837004
4.954400	-1.429841	-0.800245	-0.873098	-21.119303	-12.945454	29.416665	-14.795613
-5.515611	1.028624	0.683334	-1.380539	-19.642917	-14.632499	29.680279	-14.754416
1.162536	-0.496518	-0.496598	-1.087265	-17.697542	-16.495610	29.953433	-14.708785
6.543018	0.096115	-0.386713	-0.011413	-15.416747	-18.333998	30.205493	-14.663435
0.888851	0.010903	-0.346386	0.031913	-15.334442	-18.394971	30.213566	-14.661923
-6.552916	-0.083548	-0.304992	0.075448	-15.251741	-18.455906	30.221615	-14.660411
-5.228569	2.642244	0.750398	1.896043	-9.800475	-21.890307	30.646651	-14.573969
6.251301	2.832772	-1.558499	-0.230811	-3.093890	-25.138362	30.998239	-14.488792
-6.285960	0.095895	-1.493528	-0.363004	-2.862553	-25.240293	31.008488	-14.486041
4.242337	-2.025861	-1.411010	-0.498034	-2.630785	-25.341959	31.018661	-14.483292
6.338064	-2.602909	-1.376330	-0.548302	-2.545512	-25.379254	31.022381	-14.482282
5.579442	-3.080249	-1.339329	-0.598890	-2.460192	-25.416513	31.026091	-14.481273
-1.017892	0.665728	0.877314	-2.452967	0.560375	-26.706609	31.150552	-14.445797
-7.969036	5.522451	2.582418	-3.940088	3.529881	-27.947095	31.262760	-14.410587
8.902226	-6.727340	0.837339	-4.429763	6.982183	-29.403470	31.384742	-14.367494
-9.144513	1.056129	-2.330084	-3.429851	10.099781	-30.768585	31.488829	-14.324843
8.072077	1.302744	-2.378982	-3.401138	10.149698	-30.791057	31.490454	-14.324118
9.134388	1.546583	-2.427468	-3.372057	10.199496	-30.813499	31.492073	-14.323394
-8.462596	7.818396	-4.099819	-1.361575	12.627435	-31.943731	31.569630	-14.285761
-3.092585	6.358158	-3.442060	1.452068	14.686469	-32.988125	31.633618	-14.248513
6.309667	3.310674	-0.753067	4.847625	16.488383	-34.041835	31.689245	-14.207538
-6.115467	-0.353635	2.567785	7.667243	17.714596	-34.973319	31.728885	-14.167076
-1.599848	-0.938445	2.715981	7.771733	17.757417	-35.014345	31.730376	-14.165169
6.166715	-1.536029	2.861918	7.872773	17.798767	-35.055050	31.731831	-14.163264
3.255273	-6.628743	4.843205	9.011072	18.292322	-35.745494	31.752304	-14.128704
-7.519864	-2.423685	4.850362	8.471117	18.281021	-36.333887	31.761415	-14.094559
-10.669490	5.611198	2.560192	5.458741	17.675472	-36.903485	31.757776	-14.054283
11.630030	1.073930	-1.620984	0.723243	16.537541	-37.331460	31.738745	-14.014639
-11.633058	0.865444	-1.705830	0.618087	16.510045	-37.338647	31.738209	-14.013849
-6.173862	0.657313	-1.790322	0.512536	16.482342	-37.345789	31.737665	-14.013058
11.100105	-4.796121	-4.540855	-4.106243	15.153498	-37.600643	31.708753	-13.979425
-0.283608	-0.010640	-4.459477	-8.436341	13.598372	-37.758078	31.669052	-13.946276
-7.651514	4.066864	-0.917248	-12.246825	11.618703	-37.823312	31.610073	-13.908546
4.539944	-3.530697	3.870028	-14.200813	9.557649	-37.768575	31.537574	-13.871459
5.981914	-3.537513	3.875738	-14.202233	9.554210	-37.768387	31.537442	-13.871397
-5.979868	-3.544389	3.881536	-14.203673	9.550710	-37.768195	31.537308	-13.871335
0.080453	-1.277814	4.844249	-14.008493	7.742611	-37.623119	31.462093	-13.838894
5.374188	2.320668	1.743679	-12.031428	6.018626	-37.391878	31.377384	-13.806959
-6.318902	-1.617260	-4.121359	-8.672408	4.252253	-37.047369	31.275129	-13.772801
-6.507494	0.898291	-6.684183	-5.107259	2.599699	-36.610921	31.162894	-13.739238
6.527403	0.970450	-6.697628	-4.996055	2.545881	-36.594635	31.158935	-13.738115
-2.448456	1.029425	-6.706816	-4.885953	2.492242	-36.578264	31.154969	-13.736993
-6.990157	-0.352719	-5.853849	-2.290563	1.102359	-36.102983	31.044601	-13.707163
6.844660	-0.955728	-4.657282	-0.319749	-0.192893	-35.560431	30.926753	-13.677819
7.475171	1.580998	-3.835754	1.216196	-1.482595	-34.904306	30.791599	-13.646725
-7.555998	-0.323586	1.253107	2.259191	-2.660862	-34.178692	30.648320	-13.616193
1.850575	-0.958256	1.790888	2.318405	-2.741268	-34.123961	30.637713	-13.614019
7.560562	-1.622229	2.345576	2.375764	-2.821128	-34.068871	30.627061	-13.611847
-7.551283	-4.088578	9.633815	2.959860	-3.784800	-33.340753	30.488287	-13.584514
7.472977	5.426719	13.166970	3.339984	-4.654056	-32.562431	30.343244	-13.557648
4.838254	-6.866302	7.620586	3.662498	-5.516502	-31.633366	30.173264	-13.528050
-7.069971	-4.004353	-2.554715	4.121648	-6.258229	-30.650514	29.995972	-13.499037
7.063589	-2.578379	-2.814711	4.136529	-6.274403	-30.626504	29.991664	-13.498353
-0.233728	-1.143861	-3.074852	4.151648	-6.290507	-30.602467	29.987351	-13.497670
-6.808633	9.124885	-12.102622	4.944458	-6.852539	-29.666016	29.819849	-13.471833
1.400753	-9.849199	-16.699497	6.298504	-7.310522	-28.695984	29.646816	-13.446475
6.701371	-5.740148	-16.723839	8.580038	-7.686346	-27.613463	29.453355	-13.419540
6.899187	-0.798535	-13.239714	11.595330	-7.933580	-26.505370	29.253987	-13.393166
-3.410123	-0.163697	-7.646662	14.950227	-8.049582	-25.361147	29.045751	-13.366952
-8.873955	2.678019	-1.469382	18.063215	-8.026191	-24.205310	28.832050	-13.341316
3.174526	2.697213	-1.457446	18.068836	-8.026003	-24.202993	28.831618	-13.341265
8.880059	2.716493	-1.445514	18.074453	-8.025814	-24.200675	28.831186	-13.341214
-10.544587	10.216251	3.656909	20.337141	-7.868922	-23.081780	28.620394	-13.317060
12.267322	-9.603751	7.370497	21.390462	-7.581904	-21.960183	28.405100	-13.293438
10.862359	-9.645981	7.378320	21.391055	-7.581174	-21.957854	28.404649	-13.293389
0.481532	-9.688106	7.386148	21.391641	-7.580444	-21.955525	28.404198	-13.293341
-13.592421	8.193259	14.779110	17.754690	-6.622952	-19.657558	27.950490	-13.246633
9.518539	2.732640	9.106495	5.122824	-5.319124	-17.369599	27.481566	-13.202144
-9.493066	1.539541	9.020980	5.053200	-5.312710	-17.359264	27.479408	-13.201947
-2.668668	0.361845	8.934488	4.983283	-5.306272	-17.348894	27.477242	-13.201750
9.242475	-6.292559	8.124921	4.351782	-5.248184	-17.255588	27.457737	-13.199975
-8.436213	-1.968173	7.260281	3.716636	-5.189852	-17.162323	27.438210	-13.198204
-8.024706	5.457753	-2.429518	-2.568420	-4.609008	-16.252345	27.246102	-13.181074
9.117265	-4.690943	-9.495594	-8.601201	-4.018278	-15.347370	27.052131	-13.164297
9.330321	-1.141138	-8.785176	-15.086617	-3.275240	-14.209982	26.804071	-13.143558
-10.337232	0.564318	-1.202555	-19.601232	-2.561016	-13.083936	26.553594	-13.123383
0.678533	1.052276	-0.917882	-19.715699	-2.537217	-13.045353	26.544922	-13.122698
10.376894	1.540640	-0.635485	-19.827251	-2.513482	-13.006786	26.536248	-13.122014
-10.347092	1.927908	4.702989	-21.651769	-1.920289	-12.005907	26.308997	-13.104380
-1.770269	-1.263202	3.639927	-21.301295	-1.386795	-11.017162	26.080296	-13.087201
7.594162	-0.760356	-0.605781	-18.837571	-0.864682	-9.932754	25.824363	-13.068616
-5.890031	0.627621	-1.463382	-15.178317	-0.415187	-8.866940	25.567246	-13.050590
-4.521104	0.554554	-1.438610	-15.090284	-0.405953	-8.843359	25.561492	-13.050194
5.825193	0.478396	-1.412447	-15.002117	-0.396754	-8.819788	25.555737	-13.049798
2.320761	-1.422906	0.125677	-11.256252	-0.050802	-7.867473	25.320718	-13.033886
-4.356586	-1.651504	0.890465	-7.076778	0.239616	-6.933583	25.085229	-13.018437
-3.186629	-1.165072	0.281541	-1.945340	0.493427	-5.947271	24.830643	-13.002268
5.323029	1.527070	-1.167247	3.541143	0.687918	-4.985963	24.576084	-12.986635
-5.375856	1.713711	-1.240422	3.794392	0.695456	-4.942592	24.564436	-12.985932
2.587588	1.907876	-1.313577	4.047524	0.702878	-4.899278	24.552789	-12.985230
6.691050	5.679875	-2.605048	8.822299	0.822912	-4.081016	24.329856	-12.972003
-7.881963	5.471907	-3.240114	13.280855	0.902364	-3.285551	24.107410	-12.959186
-10.194612	-1.412694	-2.121371	17.781207	0.946662	-2.376545	23.845396	-12.944565
7.032037	-9.161478	1.433806	20.882791	0.940310	-1.503417	23.584694	-12.930514
12.029280	-9.147179	1.596962	20.954676	0.939262	-1.474975	23.576038	-12.930056
11.012199	-9.102995	1.763008	21.024349	0.938159	-1.446549	23.567375	-12.929598
-13.830052	9.231974	8.077566	20.530137	0.797104	0.081455	23.081893	-12.904774
11.911073	-7.057682	-5.457633	10.458226	0.537042	1.428198	22.604550	-12.881951
-11.897232	-7.095826	-5.506013	10.416128	0.536121	1.432106	22.603062	-12.881882
-9.855461	-7.133483	-5.554518	10.373776	0.535195	1.436032	22.601565	-12.881813
9.265551	-4.728296	-11.027178	3.562975	0.391589	2.008446	22.374161	-12.871488
-6.357025	4.105221	-10.729170	-3.388981	0.250761	2.523007	22.149451	-12.861628
6.188969	3.914772	-10.464851	-3.810077	0.242332	2.552975	22.135579	-12.861031
4.648481	3.657124	-10.170723	-4.228984	0.233956	2.582702	22.121719	-12.860435
-3.798995	-2.619286	-3.040925	-10.381972	0.111886	3.014226	21.907128	-12.851378
-3.745032	-2.235077	5.038651	-15.495088	0.011768	3.383281	21.695564	-12.842755
1.146021	0.939672	11.499807	-19.406440	-0.064044	3.719281	21.461836	-12.833586
-0.792712	-12.411683	13.031031	-20.729149	-0.090466	3.968647	21.232565	-12.824963
2.809186	-12.421455	13.028791	-20.728705	-0.090461	3.969101	21.232062	-12.824944
12.993088	-12.431000	13.026527	-20.728245	-0.090457	3.969554	21.231559	-12.824926
