5.044546	5.837023	185.033715	-245.868363	-16.373480	47.908690	42.781411	-4.616870
-3.808470	7.700664	183.620393	-245.453516	-16.441318	47.958369	42.767093	-4.614888
-8.220445	12.887164	179.049673	-244.731037	-16.495123	47.989816	42.749617	-4.612936
-8.436371	18.082608	168.430669	-243.340376	-16.543242	48.003137	42.722404	-4.610464
10.839334	2.067139	153.274796	-241.426254	-16.566758	47.985377	42.689922	-4.608042
-0.029443	0.803906	152.506635	-241.328029	-16.567225	47.983844	42.688343	-4.607935
-11.085849	-0.505358	151.731738	-241.228737	-16.567641	47.982248	42.686752	-4.607827
13.642604	-19.258520	135.420489	-239.077715	-16.565461	47.938343	42.653639	-4.605754
-16.212179	7.360117	117.506655	-236.515931	-16.543402	47.869942	42.616562	-4.603719
-16.135738	20.659936	96.142438	-232.969129	-16.491482	47.757774	42.567900	-4.601373
19.665145	0.675950	75.476412	-228.839781	-16.411054	47.611152	42.513847	-4.599081
0.000087	0.142005	75.139343	-228.766393	-16.409479	47.608431	42.512906	-4.599044
-19.663843	-0.393358	74.802406	-228.692843	-16.407896	47.605700	42.511964	-4.599006
15.307621	-21.203947	57.582766	-224.686601	-16.315652	47.452298	42.461472	-4.597095
16.998522	-14.931394	40.270262	-220.246358	-16.202252	47.273746	42.407132	-4.595222
-14.398980	19.854921	19.516850	-214.707442	-16.048690	47.042038	42.341216	-4.593156
12.095532	7.452651	-2.682600	-208.602872	-15.867928	46.778445	42.270485	-4.591139
8.120551	6.555109	-4.062657	-208.204730	-15.855797	46.761017	42.265932	-4.591015
-11.869685	5.748959	-5.437844	-207.804576	-15.843566	46.743475	42.261363	-4.590892
-2.251304	-2.376475	-23.703337	-202.022926	-15.662999	46.487464	42.196070	-4.589199
10.218338	-7.508691	-39.140925	-195.811526	-15.462235	46.208097	42.127272	-4.587544
-0.391686	-13.199582	-51.410110	-187.639056	-15.189836	45.835653	42.038567	-4.585573
-10.030263	-4.959886	-54.323995	-178.821726	-14.887688	45.429214	41.944744	-4.583658
0.059655	-4.903467	-54.320751	-178.798264	-14.886873	45.428127	41.944496	-4.583653
10.029626	-4.846830	-54.317459	-178.774797	-14.886058	45.427038	41.944248	-4.583649
-9.855575	11.037445	-50.970046	-170.888101	-14.608756	45.058835	41.861329	-4.582080
8.065681	-5.850642	-44.622011	-162.652473	-14.310728	44.667229	41.774854	-4.580551
10.001839	-11.594061	-37.494628	-152.834263	-13.941845	44.187398	41.670852	-4.578839
-11.128281	4.421761	-32.519704	-142.780023	-13.545896	43.677373	41.562221	-4.577178
-1.203730	4.936983	-32.371741	-142.470293	-13.533370	43.661314	41.558829	-4.577129
11.233827	5.451003	-32.222467	-142.160459	-13.520819	43.645226	41.555432	-4.577079
-13.086294	14.707997	-26.972757	-133.468181	-13.159711	43.184158	41.458710	-4.575704
4.887861	-2.976210	-18.163593	-124.774191	-12.779180	42.701707	41.358682	-4.574368
17.120392	-18.000119	-2.424450	-114.375094	-12.293674	42.090635	41.233445	-4.572805
-17.262925	9.128115	16.712249	-104.219120	-11.780324	41.449324	41.103486	-4.571298
-2.336223	9.202965	16.763308	-104.191742	-11.778879	41.447526	41.103123	-4.571294
17.256570	9.278325	16.814881	-104.164076	-11.777418	41.445708	41.102757	-4.571290
-2.218658	18.980562	30.210475	-95.958321	-11.326887	40.886521	40.990488	-4.570074
-12.238839	9.880761	37.024452	-88.095392	-10.857249	40.306882	40.874992	-4.568897
7.973597	-17.210379	37.312936	-79.318444	-10.275439	39.593010	40.733811	-4.567552
-0.377303	-8.247130	32.830348	-71.221027	-9.667200	38.851265	40.588183	-4.566263
-4.397147	-7.704652	32.813946	-71.197019	-9.665282	38.848933	40.587727	-4.566260
4.388630	-7.162371	32.797544	-71.173018	-9.663364	38.846601	40.587270	-4.566256
-2.719125	14.444203	28.792473	-64.792223	-9.128298	38.197659	40.460633	-4.565209
0.243909	10.155869	26.953758	-58.752007	-8.574695	37.529478	40.330892	-4.564203
2.090908	-3.687070	26.174685	-51.906364	-7.893088	36.711039	40.172757	-4.563059
-2.229393	-11.771978	24.124898	-45.290688	-7.185765	35.866350	40.010332	-4.561972
2.229264	-11.452575	24.111994	-45.267715	-7.183238	35.863340	40.009755	-4.561968
-1.449877	-11.133343	24.099038	-45.244744	-7.180710	35.860330	40.009177	-4.561964
-2.050664	-7.482031	19.679459	-39.792796	-6.569771	35.134337	39.870130	-4.561099
1.826491	-2.413371	13.188930	-34.332522	-5.941223	34.390690	39.728159	-4.560274
-2.058986	2.127825	3.952551	-27.715271	-5.165867	33.477695	39.554411	-4.559338
-3.283974	11.048625	-5.419355	-20.937907	-4.365777	32.540361	39.376578	-4.558460
3.290576	11.064074	-5.448820	-20.915174	-4.363094	32.537226	39.375984	-4.558457
-0.546547	11.079298	-5.478269	-20.892439	-4.360410	32.534090	39.375390	-4.558454
-5.412043	8.492970	-12.089828	-15.061418	-3.674312	31.734025	39.223977	-4.557765
9.932702	-2.263044	-15.744407	-9.026769	-2.971357	30.917702	39.069795	-4.557116
10.362509	-9.641043	-13.993597	-1.843717	-2.140279	29.956866	38.888659	-4.556417
-11.150511	-1.551260	-5.663072	5.356769	-1.287249	28.975291	38.703935	-4.555770
1.215907	-0.537856	-5.218185	5.667640	-1.249461	28.931915	38.695779	-4.555743
11.059686	0.482601	-4.770607	5.978207	-1.211605	28.888469	38.687610	-4.555716
-8.717957	7.601320	3.812242	12.003273	-0.451226	28.017688	38.523982	-4.555202
4.980411	-6.730980	9.144727	17.632516	0.325367	27.131940	38.357720	-4.554728
4.980322	-1.272894	2.706303	28.249097	2.241899	24.960990	37.950773	-4.553758
1.013823	7.431543	-4.725565	32.445828	4.247608	22.710781	37.529469	-4.553018
-1.313857	6.376147	-4.688259	32.446643	4.266046	22.690195	37.525615	-4.553012
1.631527	5.072135	-4.648270	32.446743	4.284461	22.669636	37.521767	-4.553006
2.849206	-1.564207	-4.465378	32.440291	4.356988	22.588685	37.506616	-4.552984
-0.860277	-6.891102	-4.244385	32.423139	4.429593	22.507674	37.491453	-4.552963
-4.523678	-7.728490	-4.153995	32.414174	4.456376	22.477797	37.485861	-4.552955
4.964473	-7.838074	-4.059050	32.403806	4.483174	22.447908	37.480267	-4.552947
-20.795537	8.695865	-0.439329	31.659190	5.202387	21.647120	37.330391	-4.552753
-21.919852	10.932281	3.144807	30.186718	5.931445	20.837567	37.178874	-4.552586
0.414140	0.089961	4.072557	27.641084	6.875923	19.789477	36.982669	-4.552414
18.241004	-10.855182	1.715362	24.739119	7.829798	18.728196	36.783830	-4.552286
26.745736	-15.649552	-2.173078	21.321273	8.900510	17.529027	36.558790	-4.552197
19.714653	1.185917	-4.967439	17.912634	9.971594	16.316010	36.330576	-4.552164
12.261830	1.674830	-5.001386	17.856016	9.989750	16.295300	36.326674	-4.552164
-0.220683	2.166340	-5.034831	17.799559	10.007874	16.274622	36.322777	-4.552164
-19.042169	14.870989	-6.152612	15.073433	10.912928	15.234450	36.126454	-4.552183
15.161743	-13.359771	-6.078516	12.607143	11.810048	14.186233	35.927923	-4.552242
-7.827693	8.347576	0.839538	7.648600	13.881041	11.677424	35.449268	-4.552546
-1.226339	3.244285	12.631565	3.089532	15.838139	9.139605	34.958817	-4.553079
3.810950	2.015323	12.754294	3.008162	15.870553	9.095718	34.950271	-4.553091
1.702883	0.756886	12.871512	2.926586	15.902919	9.051826	34.941722	-4.553102
-3.710497	-1.142775	13.054075	2.790336	15.956680	8.978762	34.927485	-4.553121
1.912806	-2.453572	13.220520	2.653469	16.010305	8.905684	34.913239	-4.553140
3.605981	-3.054246	13.339315	2.545793	16.052221	8.848422	34.902071	-4.553155
2.865929	-3.364914	13.447570	2.437777	16.094025	8.791190	34.890905	-4.553170
2.218009	-3.014811	13.826944	0.737892	16.717535	7.921868	34.720784	-4.553415
0.082560	0.083195	12.026852	-1.095686	17.319463	7.051142	34.549370	-4.553687
-2.866336	1.284992	6.879007	-3.639333	18.069835	5.912677	34.323598	-4.554082
-1.817386	-1.232667	-0.460689	-6.256823	18.775806	4.773592	34.095689	-4.554523
1.870552	1.459896	-9.922085	-9.185687	19.517624	3.481651	33.834552	-4.555079
4.409921	1.005613	-18.079057	-11.926110	20.190437	2.191715	33.570776	-4.555693
-4.371587	0.984039	-18.113474	-11.939837	20.193802	2.184900	33.569374	-4.555697
-4.417003	0.962359	-18.147582	-11.953478	20.197145	2.178123	33.567980	-4.555700
4.965893	-2.006372	-21.746544	-13.978040	20.699147	1.107496	33.346521	-4.556257
-5.505238	2.216381	-21.075931	-15.693298	21.145401	0.040068	33.123294	-4.556855
-0.373949	1.760911	-15.676550	-17.287054	21.592177	-1.203987	32.859841	-4.557607
6.711491	-2.682930	-6.912650	-18.454155	21.952900	-2.441094	32.594072	-4.558415
0.941997	-3.420234	2.702982	-19.194826	22.213054	-3.615698	32.337951	-4.559240
-7.662527	3.392679	11.768279	-19.592029	22.386235	-4.781532	32.079808	-4.560116
4.018006	3.717519	12.013392	-19.598541	22.389853	-4.814668	32.072410	-4.560142
7.684923	4.038429	12.257467	-19.604784	22.393391	-4.847759	32.065019	-4.560168
-8.010117	5.147693	20.058486	-19.665128	22.467719	-5.962990	31.813898	-4.561065
4.038804	-5.991897	26.408715	-19.443210	22.448893	-7.068268	31.560985	-4.562011
8.214249	-6.022496	26.465055	-19.438989	22.448088	-7.081189	31.558004	-4.562022
1.734011	-6.048099	26.520824	-19.434731	22.447270	-7.094110	31.555023	-4.562034
-5.362853	0.448181	28.877926	-18.980349	22.336437	-8.117528	31.317038	-4.562962
-8.159050	6.871250	26.153894	-18.303567	22.131111	-9.131700	31.077560	-4.563933
-5.294910	5.992533	15.705560	-17.229045	21.762383	-10.306420	30.795474	-4.565121
7.187029	-1.822879	0.848605	-15.845920	21.245472	-11.467825	30.511429	-4.566368
5.775191	-2.158598	0.338508	-15.795251	21.225880	-11.505711	30.502074	-4.566410
-7.135873	-2.484552	-0.171281	-15.744245	21.206117	-11.543582	30.492718	-4.566452
1.916620	-4.504461	-12.598664	-14.325334	20.641696	-12.506758	30.252811	-4.567546
5.551894	-0.701493	-22.313751	-12.683655	19.959334	-13.460086	30.011589	-4.568681
1.465732	1.762664	-28.692041	-10.455319	18.993683	-14.572654	29.725137	-4.570073
-3.914069	-0.232760	-29.101675	-7.915515	17.847442	-15.670730	29.436967	-4.571522
-0.249559	-0.418129	-28.993908	-7.788639	17.788993	-15.722079	29.423354	-4.571592
3.867715	-0.587581	-28.876361	-7.661068	17.730107	-15.773427	29.409730	-4.571662
-3.620169	0.189816	-25.244877	-5.300368	16.612167	-16.684098	29.165991	-4.572929
-1.700893	0.210626	-18.871129	-2.846316	15.367797	-17.584042	28.921102	-4.574237
3.940195	-0.509844	-7.779984	0.153340	13.668032	-18.674638	28.618720	-4.575899
-2.632424	0.928275	5.584787	2.966232	11.783309	-19.748338	28.314695	-4.577621
-4.467186	0.929594	5.625183	2.974347	11.777277	-19.751589	28.313765	-4.577627
4.469038	0.930860	5.665561	2.982459	11.771243	-19.754840	28.312834	-4.577632
-2.830947	-0.165836	15.550321	5.033013	10.077759	-20.628234	28.060610	-4.579101
-5.667542	-1.845942	22.019098	6.729353	8.263488	-21.489549	27.807351	-4.580612
6.578340	-0.671535	23.950466	8.161406	5.955099	-22.496491	27.505267	-4.582460
3.917588	3.876907	20.523103	8.919440	3.483588	-23.485706	27.201821	-4.584368
-6.315092	3.885492	20.333575	8.934510	3.395119	-23.519642	27.191288	-4.584435
-7.660732	3.867687	20.140350	8.948881	3.306459	-23.553558	27.180754	-4.584502
0.623519	-2.759453	14.641045	9.093827	1.124793	-24.360968	26.927459	-4.586136
9.136641	-6.027250	8.375458	8.888568	-1.146839	-25.155677	26.673278	-4.587811
-9.538841	6.983037	1.332967	8.231637	-3.994013	-26.104432	26.363102	-4.589902
9.221198	0.167403	-4.364169	7.200866	-6.890681	-27.033648	26.051730	-4.592054
5.690696	0.064827	-4.401334	7.191976	-6.912336	-27.040499	26.049406	-4.592070
-9.209309	-0.037605	-4.438423	7.183070	-6.933991	-27.047348	26.047081	-4.592086
8.220416	-7.413414	-8.134903	6.083231	-9.368326	-27.811436	25.784913	-4.593939
6.331563	-2.901755	-10.860822	4.821798	-11.776240	-28.561224	25.521984	-4.595835
-5.216445	6.346536	-12.685318	3.155872	-14.597730	-29.443611	25.204839	-4.598171
2.832219	2.596120	-13.148690	1.402625	-17.292955	-30.304615	24.886685	-4.600570
4.216067	2.557400	-13.147479	1.393102	-17.307026	-30.309188	24.884971	-4.600583
-4.213631	2.518684	-13.146227	1.383578	-17.321091	-30.313761	24.883257	-4.600596
-3.870703	-2.760012	-12.451597	-0.066979	-19.409036	-31.005915	24.620664	-4.602617
0.875050	-3.897142	-10.699096	-1.465991	-21.351625	-31.683078	24.357458	-4.604680
5.719708	-3.564161	-7.141791	-2.999418	-23.478108	-32.485550	24.036796	-4.607244
-6.382671	-3.408191	-2.525099	-4.231132	-25.302003	-33.265116	23.715341	-4.609871
1.018311	-3.392304	-2.510668	-4.234240	-25.306962	-33.267415	23.714377	-4.609879
6.384627	-3.376266	-2.496237	-4.237344	-25.311917	-33.269714	23.713413	-4.609887
-6.395635	2.486540	1.406127	-4.937949	-26.560684	-33.899552	23.445782	-4.612116
-4.207856	0.820578	4.634668	-5.269717	-27.539561	-34.513082	23.177669	-4.614389
5.534569	-2.913788	6.432958	-5.101705	-28.294915	-35.197608	22.869047	-4.617054
2.270002	1.618161	5.409578	-4.291448	-28.614267	-35.859980	22.559882	-4.619775
-5.233943	1.800114	5.308569	-4.240457	-28.617825	-35.889983	22.545615	-4.619902
5.232668	1.964444	5.204032	-4.188401	-28.620374	-35.919938	22.531347	-4.620029
2.541474	4.346131	2.760791	-3.018193	-28.480304	-36.478516	22.260962	-4.622457
-5.841670	5.080482	0.057853	-1.556051	-27.989669	-37.021488	21.990246	-4.624928
-1.078791	3.793985	-2.749045	0.453152	-26.959921	-37.650734	21.666631	-4.627936
6.640436	1.315443	-4.475941	2.604344	-25.465694	-38.259690	21.342644	-4.631006
-0.897505	1.308101	-4.478676	2.610472	-25.460819	-38.261387	21.341725	-4.631014
-6.640335	1.300841	-4.481369	2.616537	-25.455990	-38.263067	21.340816	-4.631023
2.207491	-0.736432	-4.657172	4.375593	-23.870909	-38.754396	21.070973	-4.633625
5.902337	-3.842995	-3.541954	5.969166	-21.989709	-39.231957	20.800947	-4.636270
-0.731314	-7.780453	-0.568632	7.548095	-19.414119	-39.776139	20.483200	-4.639436
-4.340038	1.103361	3.665948	8.739941	-16.463497	-40.301706	20.165273	-4.642663
4.316551	1.761840	3.809434	8.774125	-16.352471	-40.319962	20.154022	-4.642778
-1.375464	2.409650	3.951088	8.807732	-16.240999	-40.338195	20.142771	-4.642893
-3.841750	6.757075	6.427837	9.428588	-13.461821	-40.764904	19.875253	-4.645657
3.563129	1.912540	6.334899	9.652654	-10.442683	-41.178715	19.607686	-4.648463
-3.417530	-4.633421	3.066373	9.198957	-6.508295	-41.660307	19.285308	-4.651900
2.587312	-3.752640	-2.802442	7.874368	-2.299781	-42.123587	18.962948	-4.655399
3.426796	-3.722720	-2.845259	7.863183	-2.272527	-42.126450	18.960916	-4.655421
-1.119353	-3.692542	-2.888130	7.851962	-2.245265	-42.129312	18.958884	-4.655443
-3.510887	0.932102	-8.636709	6.006103	1.499382	-42.509158	18.684578	-4.658471
1.908434	1.887434	-12.462377	3.498510	5.333411	-42.876021	18.410367	-4.661543
3.725152	-0.291193	-12.621642	-0.180770	9.781703	-43.283013	18.094411	-4.665141
-3.747464	-1.943622	-7.986698	-4.508846	14.163290	-43.673134	17.778678	-4.668798
-1.070576	-1.856941	-7.721382	-4.687834	14.332895	-43.688149	17.766255	-4.668943
3.744073	-1.758489	-7.450718	-4.867264	14.502220	-43.703137	17.753832	-4.669089
-0.637729	1.175487	-0.626170	-8.793828	18.067053	-44.019594	17.486489	-4.672239
-3.676588	3.401524	7.032778	-12.685237	21.431773	-44.324229	17.219367	-4.675432
-0.099074	1.837917	15.063513	-17.026649	25.146165	-44.677947	16.895799	-4.679363
4.836051	-3.225306	19.069659	-20.568426	28.345961	-45.014661	16.572683	-4.683356
-4.840262	-3.245885	19.075276	-20.578517	28.355709	-45.015764	16.571598	-4.683370
0.323570	-3.266667	19.080888	-20.588683	28.365534	-45.016876	16.570504	-4.683384
6.141764	-5.786002	18.833977	-22.657294	30.557640	-45.285838	16.300306	-4.686777
-7.708055	2.333573	15.561824	-23.784147	32.241698	-45.543162	16.030500	-4.690215
-5.084821	5.708743	8.548981	-23.830265	33.559369	-45.834512	15.709857	-4.694366
10.592624	-0.766189	-1.796576	-22.449195	34.160169	-46.109782	15.389868	-4.698580
-3.831442	-0.791016	-1.834471	-22.442176	34.161022	-46.110675	15.388800	-4.698594
-10.596740	-0.815575	-1.872045	-22.435203	34.161859	-46.111560	15.387741	-4.698608
10.182521	-3.869471	-20.846947	-16.323334	33.563686	-46.564014	14.815036	-4.706334
-4.379627	3.208569	-26.534336	-5.500608	31.017313	-46.954963	14.244896	-4.714264
-8.262468	3.003282	-26.393183	-5.146247	30.924821	-46.964452	14.229726	-4.714479
8.214954	2.763388	-26.234839	-4.788512	30.831109	-46.973891	14.214558	-4.714693
-3.458237	-2.483812	-20.444414	2.420806	28.862379	-47.140463	13.931671	-4.718726
-6.813612	-3.224877	-10.429313	10.310226	26.498044	-47.287746	13.649555	-4.722810
5.909071	-3.056274	-9.991096	10.617770	26.400570	-47.292956	13.638828	-4.722966
6.769574	-2.876306	-9.549844	10.925591	26.302564	-47.298136	13.628102	-4.723123
3.588719	1.816891	2.149726	18.702686	23.659729	-47.418683	13.357970	-4.727097
-0.790556	2.990041	13.372130	26.222102	20.704790	-47.519022	13.088607	-4.731118
-5.686540	0.877371	22.903593	33.877685	17.025183	-47.606577	12.785491	-4.735714
-4.668169	-2.032047	27.882558	40.071403	13.015676	-47.665271	12.483462	-4.740370
5.857750	-2.035836	27.889954	40.085709	13.004352	-47.665390	12.482642	-4.740383
4.296321	-2.039582	27.897317	40.100001	12.993027	-47.665508	12.481822	-4.740396
-6.336104	-1.554582	28.659847	43.835643	9.242179	-47.691749	12.218466	-4.744520
0.245591	0.417292	26.453861	45.647866	5.300102	-47.693522	11.956016	-4.748691
8.091997	1.405645	21.035785	45.344526	0.663203	-47.664651	11.660320	-4.753463
6.910458	-1.401719	13.698319	42.751359	-4.090090	-47.601436	11.365833	-4.758295
3.859410	-1.585986	13.234631	42.542792	-4.359028	-47.596830	11.349320	-4.758568
-4.690930	-1.764541	12.765500	42.327950	-4.627924	-47.592114	11.332820	-4.758842
-10.259913	-2.836938	4.576554	38.124284	-8.876022	-47.502317	11.072801	-4.763181
-10.573723	0.894740	-4.908780	32.514222	-13.091110	-47.382883	10.813679	-4.767568
-0.534943	5.152634	-15.626471	24.725224	-17.732466	-47.211317	10.522722	-4.772567
10.087269	1.280877	-24.178985	15.621951	-22.182858	-46.998944	10.232826	-4.777626
-4.167249	1.034149	-24.323321	15.405790	-22.279361	-46.993728	10.226370	-4.777739
-10.041341	0.782180	-24.465096	15.189101	-22.375730	-46.988490	10.219915	-4.777853
8.784550	-6.625803	-27.650162	5.988991	-26.159995	-46.757988	9.958505	-4.782485
0.390317	0.684532	-24.948084	-3.857388	-29.661440	-46.491409	9.697924	-4.787165
-5.368939	5.924194	-16.671881	-14.744840	-33.036923	-46.163897	9.419267	-4.792240
4.004938	-2.823531	-5.187648	-25.470090	-35.947279	-45.791948	9.141548	-4.797372
-3.957407	-3.067727	-4.616391	-25.971330	-36.073889	-45.772973	9.128257	-4.797619
-0.701962	-3.281681	-4.046929	-26.470619	-36.199174	-45.753905	9.114976	-4.797867
3.385255	-3.685534	6.265838	-35.584318	-38.335483	-45.370808	8.862731	-4.802598
1.103267	-1.029529	14.989411	-43.697668	-39.964707	-44.948287	8.611265	-4.807377
-3.804465	2.018352	22.393499	-51.299136	-41.142484	-44.410604	8.322239	-4.812945
1.453636	1.384066	26.432770	-56.444779	-41.489042	-43.817237	8.034246	-4.818576
4.429017	1.299816	26.476413	-56.515675	-41.487007	-43.805271	8.028719	-4.818685
-4.440924	1.212642	26.518709	-56.585329	-41.484637	-43.793303	8.023201	-4.818794
0.469113	-2.442334	27.110500	-58.469141	-41.031790	-43.242425	7.779333	-4.823630
5.586976	-1.016027	25.117133	-57.811594	-39.882080	-42.650588	7.536220	-4.828511
-6.643924	4.881404	18.815099	-53.608792	-37.658453	-41.890726	7.246834	-4.834400
4.210117	-6.523161	7.684464	-45.856845	-34.610754	-41.073966	6.958510	-4.840353
8.225858	-6.462964	7.389712	-45.654126	-34.537437	-41.055901	6.952361	-4.840481
6.706428	-6.372192	7.092964	-45.450180	-34.463896	-41.037835	6.946221	-4.840609
-10.025859	7.870877	-6.269054	-35.989139	-31.208557	-40.281246	6.696822	-4.845832
1.450845	2.874328	-19.322548	-24.705756	-27.487200	-39.483024	6.448229	-4.851104
14.422343	-9.866493	-28.426404	-10.741027	-22.829503	-38.535593	6.169425	-4.857095
-16.620752	-0.425463	-27.390039	3.572662	-17.771032	-37.536923	5.891640	-4.863148
-1.429736	-0.380254	-27.371569	3.617670	-17.754456	-37.533675	5.890760	-4.863167
16.633489	-0.335093	-27.353013	3.662674	-17.737876	-37.530426	5.889881	-4.863186
-1.558842	9.707258	-18.869210	16.293695	-12.850968	-36.573860	5.637050	-4.868769
-18.203141	11.907999	-5.742827	27.846537	-7.790368	-35.575823	5.385070	-4.874404
-20.158053	2.392034	10.594860	38.427964	-2.188730	-34.446070	5.112472	-4.880579
-2.968318	-13.260180	24.230721	46.176783	3.430187	-33.268844	4.840857	-4.886816
7.447940	-13.310234	24.305341	46.220453	3.470583	-33.260174	4.838899	-4.886861
20.256639	-13.358553	24.379514	46.263933	3.510975	-33.251500	4.836942	-4.886906
11.283309	-8.569793	30.236250	50.099201	8.518790	-32.147255	4.592431	-4.892594
-12.971390	6.104853	29.611708	50.473688	13.387571	-31.005498	4.348727	-4.898332
-16.938172	14.766633	21.479008	46.972211	18.570773	-29.690724	4.078317	-4.904779
14.421488	1.872181	6.975975	40.136486	23.472008	-28.330883	3.808898	-4.911289
-0.529298	1.803789	6.923452	40.109929	23.487403	-28.326404	3.808027	-4.911311
-14.402851	1.735296	6.870914	40.083348	23.502795	-28.321924	3.807155	-4.911332
11.643238	-14.151879	-7.535643	31.907687	27.618823	-27.069184	3.567277	-4.917202
6.669999	-8.969887	-19.494284	22.491845	31.465971	-25.781638	3.328187	-4.923121
-6.572282	4.940016	-27.651988	11.706284	35.292765	-24.353243	3.070964	-4.929568
3.819371	9.573878	-30.392928	1.098048	38.754499	-22.885638	2.814660	-4.936073
5.629277	9.813534	-30.385130	0.630465	38.903779	-22.817534	2.802950	-4.936372
-5.634432	10.068512	-30.365445	0.165398	39.052134	-22.749395	2.791251	-4.936671
-4.338193	9.962826	-27.220642	-8.762472	41.886750	-21.346236	2.553714	-4.942780
8.340273	2.559169	-18.599149	-16.509860	44.358397	-19.910406	2.316979	-4.948939
0.938616	-4.802925	-3.787198	-23.438632	46.647340	-18.281756	2.055568	-4.955824
-11.135616	-1.643362	11.977047	-28.329356	48.434659	-16.614449	1.795140	-4.962770
-0.064114	-1.463054	12.228103	-28.393866	48.460848	-16.585429	1.790668	-4.962890
11.127698	-1.282361	12.477568	-28.457568	48.486833	-16.556449	1.786204	-4.963010
-10.057899	2.740409	23.318228	-30.784966	49.625747	-15.030427	1.553913	-4.969284
-0.002645	-3.135519	27.881343	-31.036180	50.348090	-13.474611	1.322409	-4.975607
5.075665	-3.676325	23.109978	-28.724552	50.683033	-11.668180	1.059861	-4.982866
-1.458836	5.567914	9.664292	-24.215735	50.549027	-9.825263	0.798332	-4.990189
-3.120135	5.574713	9.627129	-24.202593	50.548172	-9.820705	0.797692	-4.990207
3.117402	5.581337	9.589966	-24.189441	50.547314	-9.816147	0.797053	-4.990225
0.540637	2.122507	-3.464453	-18.979095	50.087121	-8.165343	0.567522	-4.996729
-3.736833	0.252181	-14.626371	-13.142842	49.351819	-6.492206	0.338788	-5.003284
5.496527	-12.514999	-22.571737	-6.393687	48.235845	-4.568549	0.079957	-5.010789
0.978913	-4.452572	-23.912090	-0.184609	46.879713	-2.624164	-0.177859	-5.018360
-7.409931	-3.876462	-23.906407	-0.157638	46.872884	-2.615004	-0.179065	-5.018396
7.418106	-3.299988	-23.900643	-0.130691	46.866050	-2.605843	-0.180272	-5.018431
-8.747462	14.169621	-21.862249	4.517224	45.515557	-0.874006	-0.407201	-5.025175
9.678086	-13.204993	-18.776043	8.284702	44.067705	0.867647	-0.633330	-5.031969
3.150735	-5.286030	-11.564322	11.396295	42.391163	2.816240	-0.884351	-5.039598
-10.422673	8.332472	-0.126741	13.309177	40.703963	4.769424	-1.134399	-5.047292
-6.855465	8.321342	-0.095592	13.312198	40.700054	4.773990	-1.134982	-5.047310
-3.647274	8.309742	-0.064019	13.315253	40.696095	4.778615	-1.135572	-5.047328
10.186799	-6.061996	11.987574	13.960322	39.216488	6.537502	-1.359837	-5.054308
3.898242	-4.376909	19.748734	13.557576	37.807963	8.293836	-1.583314	-5.061340
-8.557779	2.853542	20.359785	11.994400	36.325797	10.223060	-1.828708	-5.069151
7.074625	-1.743704	12.044618	9.650068	34.882361	12.141523	-2.073137	-5.077024
6.137274	-1.861569	11.829096	9.600128	34.855078	12.177823	-2.077769	-5.077174
-7.009616	-1.975429	11.612248	9.550018	34.827794	12.214117	-2.082401	-5.077324
-5.033059	-1.925430	0.580622	6.995403	33.520012	13.940219	-2.303138	-5.084518
2.162536	1.517921	-9.020511	4.255129	32.182916	15.651176	-2.523091	-5.091763
2.246564	-1.662637	-15.908423	1.241112	30.633599	17.524598	-2.765747	-5.099847
0.182048	1.100256	-19.076539	-1.493361	28.974597	19.371868	-3.007435	-5.107995
-1.774657	1.562171	-19.090167	-1.538147	28.943647	19.404689	-3.011754	-5.108141
1.778145	2.017716	-19.101997	-1.582681	28.912702	19.437446	-3.016065	-5.108288
-2.475942	0.397176	-17.596368	-3.584382	27.293104	21.068865	-3.232048	-5.115653
3.931269	-3.603920	-12.701616	-5.113205	25.523746	22.674247	-3.447243	-5.123070
3.424391	-3.731801	-4.636109	-6.247743	23.348771	24.424230	-3.685355	-5.131368
-7.857369	-0.300920	4.478052	-6.790939	20.922727	26.136350	-3.922508	-5.139729
0.325953	-0.230117	4.623431	-6.794977	20.881113	26.163858	-3.926356	-5.139865
7.911419	-0.159857	4.768795	-6.798870	20.839351	26.191406	-3.930211	-5.140002
-1.083858	2.126461	12.122785	-6.782700	18.404902	27.707840	-4.144464	-5.147642
-9.825259	3.639794	16.932107	-6.334914	15.765668	29.188241	-4.357928	-5.155335
-1.319929	6.230218	17.430330	-5.428827	12.730860	30.729709	-4.585452	-5.163623
9.571060	1.988372	12.086256	-4.159169	9.494674	32.224521	-4.812073	-5.171971
-6.506070	1.439824	11.747260	-4.095937	9.347526	32.289352	-4.822051	-5.172341
-9.507583	0.866734	11.401853	-4.032145	9.200021	32.354087	-4.832026	-5.172710
8.614360	-6.602434	3.144469	-2.569642	6.014868	33.693885	-5.041603	-5.180521
-7.440649	5.892323	-5.144103	-0.916135	2.685762	34.988585	-5.250403	-5.188384
-2.217992	6.350175	-11.536123	1.107264	-1.221073	36.390688	-5.484761	-5.197306
4.767854	-3.924481	-14.229903	3.224603	-5.273863	37.729520	-5.718141	-5.206294
2.396238	-3.941859	-14.232292	3.229622	-5.283531	37.732586	-5.718688	-5.206315
-4.762826	-3.958935	-14.234634	3.234576	-5.293077	37.735611	-5.719227	-5.206336
0.311087	-6.049991	-14.029549	5.123219	-9.019101	38.874512	-5.926750	-5.214416
3.460308	-4.197517	-12.096120	6.876409	-12.831620	39.958067	-6.133482	-5.222548
-3.163255	-2.760307	-8.788505	8.503586	-17.048149	41.068057	-6.356805	-5.231428
-0.822677	3.042811	-4.987433	9.728986	-21.332529	42.107438	-6.579214	-5.240369
3.053834	3.396544	-4.741394	9.792042	-21.613672	42.172654	-6.593676	-5.240954
0.735980	3.725678	-4.496821	9.852850	-21.895021	42.237557	-6.608135	-5.241539
-3.075773	5.884729	-1.402077	10.441675	-25.775578	43.096694	-6.806288	-5.249600
3.160506	4.392292	0.921905	10.506590	-29.670974	43.894537	-7.003704	-5.257711
2.892124	0.095758	2.635373	9.831762	-34.037583	44.718070	-7.225432	-5.266917
1.820797	-4.283953	3.642251	8.239483	-38.324522	45.458007	-7.446219	-5.276186
0.426813	-4.386237	3.667828	8.166041	-38.472141	45.482302	-7.453913	-5.276511
-3.483950	-4.483072	3.692886	8.091291	-38.619725	45.506513	-7.461612	-5.276836
-2.881610	-4.673168	4.162293	5.761213	-42.336884	46.090249	-7.658477	-5.285194
1.306840	-0.475076	4.266945	2.684835	-45.905004	46.602259	-7.854592	-5.293603
3.936072	3.338877	3.501086	-1.550010	-49.764137	47.098471	-8.078627	-5.303311
1.079399	0.149243	1.400495	-6.049462	-53.317431	47.494251	-8.301679	-5.313086
-4.031565	0.137509	1.394895	-6.059720	-53.325235	47.495046	-8.302193	-5.313108
0.671424	0.125619	1.389223	-6.070109	-53.333138	47.495850	-8.302713	-5.313131
4.061235	-2.236960	-0.582480	-9.786665	-56.150096	47.757328	-8.497539	-5.321761
-4.031299	2.187458	-1.463847	-12.889766	-58.646816	47.936846	-8.691600	-5.330441
3.547855	-0.609449	-0.306066	-15.189522	-61.079298	48.039295	-8.914663	-5.340526
3.716173	-3.270821	1.003631	-15.459034	-62.971493	48.026197	-9.136650	-5.350681
-3.715578	-3.257740	1.004612	-15.456680	-62.975381	48.026021	-9.137187	-5.350705
1.299053	-3.244674	1.005565	-15.454339	-62.979218	48.025848	-9.137718	-5.350730
3.481130	3.895849	0.465481	-13.670127	-64.142271	47.917943	-9.329197	-5.359585
-3.247602	-0.471056	-1.047746	-10.343268	-64.873162	47.718547	-9.519880	-5.368492
1.221807	-4.631377	-1.784784	-5.559958	-65.202160	47.384955	-9.732008	-5.378506
2.965447	-1.588335	0.098523	-0.465639	-65.043343	46.932683	-9.943161	-5.388586
2.183533	-1.306002	0.193657	-0.288886	-65.029337	46.914732	-9.950524	-5.388939
0.554715	-1.015388	0.289548	-0.112416	-65.014774	46.896637	-9.957886	-5.389293
-3.028843	4.183213	2.618877	4.231896	-64.459242	46.386797	-10.145198	-5.398334
3.214439	-0.686471	3.660116	8.062951	-63.564435	45.784618	-10.331755	-5.407428
-1.004156	-3.065719	2.426484	11.549227	-62.130008	44.972508	-10.547578	-5.418058
-3.830621	1.290673	-1.511295	14.006316	-60.307125	44.043987	-10.762415	-5.428759
4.000259	2.244699	-4.945645	15.394228	-58.381481	43.120170	-10.953456	-5.438374
-3.973463	-2.137591	-6.349566	16.097737	-56.202912	42.110612	-11.143727	-5.448046
-3.408337	-2.152959	-6.353509	16.112297	-56.119472	42.072421	-11.150615	-5.448398
3.961275	-2.154113	-6.354088	16.126181	-56.035736	42.034121	-11.157502	-5.448750
3.176433	0.053743	-5.335814	16.254333	-53.578483	40.919530	-11.349746	-5.458626
-3.412934	2.241764	-3.532472	15.911709	-50.916186	39.723798	-11.541225	-5.468559
3.411386	2.216797	-3.517394	15.906354	-50.890108	39.712123	-11.543031	-5.468654
-0.653536	2.190677	-3.502458	15.900978	-50.864103	39.700481	-11.544830	-5.468747
-3.384430	-2.143513	-2.387805	15.181807	-48.206900	38.514533	-11.722626	-5.478060
3.556378	-0.167668	-1.678230	14.101695	-45.382838	37.264035	-11.899769	-5.487424
3.106428	1.500383	-0.559496	12.352141	-41.774666	35.684792	-12.111157	-5.498708
-4.307022	-0.058717	1.481576	10.134411	-37.921265	34.021825	-12.321636	-5.510064
0.120395	-0.061888	1.486136	10.129649	-37.913504	34.018495	-12.322047	-5.510087
4.308450	-0.065051	1.490696	10.124885	-37.905742	34.015165	-12.322457	-5.510109
-3.682242	-0.817541	3.490005	7.863400	-34.384710	32.510387	-12.504065	-5.520005
-4.796610	-0.456648	5.099723	5.326130	-30.712598	30.949560	-12.685017	-5.529957
3.361264	0.608578	6.280870	1.982887	-26.163957	29.021068	-12.899776	-5.541885
5.047582	0.292707	6.713234	-1.706967	-21.454531	27.022924	-13.113626	-5.553890
-5.064845	-1.032454	6.859403	-4.928404	-17.537884	25.355282	-13.286369	-5.563682
0.643365	1.339708	6.847453	-8.154205	-13.550187	23.648224	-13.458533	-5.573524
5.040381	1.412505	6.836969	-8.251421	-13.424661	23.594303	-13.463901	-5.573832
-5.039031	1.481378	6.825550	-8.348186	-13.299223	23.540406	-13.469263	-5.574140
-4.585422	0.957152	5.748185	-11.413300	-8.909425	21.645629	-13.655281	-5.584874
4.782110	-2.882879	3.073397	-13.577408	-4.476036	19.711708	-13.840640	-5.595669
-4.781543	-2.886899	3.065223	-13.580953	-4.465886	19.707252	-13.841062	-5.595693
-3.813537	-2.890927	3.056924	-13.584540	-4.455592	19.702734	-13.841491	-5.595718
2.237560	-0.430086	-0.874795	-14.364028	-0.208072	17.824866	-14.017681	-5.606070
4.180456	4.475901	-4.184484	-13.474373	4.038382	15.917811	-14.193298	-5.616477
3.272253	-5.138651	-4.024127	-10.219959	8.686833	13.793945	-14.385482	-5.627968
-4.012442	-0.136015	-0.178820	-4.835877	13.308741	11.642892	-14.576997	-5.639525
4.021058	0.735281	-0.033147	-4.627162	13.464307	11.569784	-14.583456	-5.639916
2.483921	1.603005	0.111352	-4.417139	13.619827	11.496651	-14.589915	-5.640308
-4.408186	5.573780	2.779493	1.419602	17.683195	9.568887	-14.759125	-5.650614
5.099325	-4.027830	1.759338	7.333321	21.707419	7.626163	-14.927830	-5.660972
5.369948	-5.158358	-1.719087	12.933842	26.219897	5.405278	-15.118835	-5.672801
-5.411193	4.471585	-2.983192	15.857769	30.658812	3.173216	-15.309205	-5.684696
3.087142	4.676314	-2.931720	15.891821	30.810349	3.096136	-15.315755	-5.685107
5.391101	4.849400	-2.872233	15.920852	30.961651	3.019117	-15.322299	-5.685518
-4.880056	0.121019	0.581655	15.136646	34.792724	1.044544	-15.489629	-5.696068
4.086562	-4.489207	4.345639	12.035934	38.509598	-0.932304	-15.656491	-5.706671
-3.201190	4.355599	3.678162	6.787357	42.569097	-3.183670	-15.846047	-5.718816
2.747891	-0.342497	-2.645230	0.774552	46.407831	-5.429826	-16.035019	-5.731030
-2.744895	-0.970311	-2.923715	0.542623	46.550557	-5.516037	-16.042274	-5.731501
-1.777036	-1.597598	-3.200832	0.311029	46.693015	-5.602301	-16.049534	-5.731972
3.023395	-4.725971	-8.066083	-4.674569	49.821637	-7.557320	-16.214216	-5.742710
-3.821610	5.521503	-7.516241	-8.816006	52.728782	-9.501908	-16.378472	-5.753500
1.680714	2.686385	-0.495891	-12.519218	55.641038	-11.624262	-16.558572	-5.765423
6.680179	-8.672501	9.038343	-15.505830	58.225440	-13.726572	-16.738172	-5.777409
4.273056	-2.705460	14.239522	-17.991222	60.522653	-15.878373	-16.923618	-5.789886
-1.026109	11.604535	14.230117	-20.087851	62.401591	-18.002074	-17.108559	-5.802432
-7.976203	11.692696	14.195969	-20.122216	62.429077	-18.037093	-17.111626	-5.802641
-9.888488	11.770562	14.160889	-20.156620	62.456439	-18.072103	-17.114693	-5.802850
2.599346	3.220827	11.462682	-22.057951	63.754431	-19.966462	-17.281596	-5.814262
11.423306	-11.070933	9.610957	-23.888196	64.657697	-21.834183	-17.448107	-5.825731
-11.226680	8.452068	9.601741	-25.610656	65.168374	-23.871524	-17.632229	-5.838509
7.557314	-2.428033	3.533779	-26.768199	65.130671	-25.871502	-17.815887	-5.851356
9.983622	-3.582031	3.478130	-26.772969	65.128703	-25.883470	-17.816996	-5.851434
-9.972518	-4.732979	3.422308	-26.777709	65.126713	-25.895437	-17.818105	-5.851511
-4.376847	1.848194	-4.979731	-27.122396	64.591792	-27.656876	-17.982839	-5.863121
5.556513	-0.529002	-9.384391	-26.645722	63.580428	-29.379583	-18.147219	-5.874786
-2.387381	2.422351	-13.313767	-24.929155	61.870656	-31.275966	-18.332720	-5.888046
-2.688122	3.126865	-16.266381	-21.758525	59.572616	-33.111284	-18.517800	-5.901378
2.688958	2.061840	-16.268795	-21.750340	59.567280	-33.115000	-18.518181	-5.901406
-2.689817	0.981784	-16.271222	-21.742030	59.561865	-33.118769	-18.518568	-5.901434
3.876390	-5.057855	-14.874133	-17.628034	57.056225	-34.680991	-18.681395	-5.913247
-6.090707	6.267639	-9.008616	-12.454496	54.117860	-36.186701	-18.843912	-5.925116
8.657455	-6.420673	-3.980944	-5.693938	50.343131	-37.806615	-19.026241	-5.938524
-10.043720	5.944942	-0.652457	1.707431	46.125733	-39.343864	-19.208208	-5.952003
6.941943	5.940925	-0.643185	1.723692	46.116274	-39.347061	-19.208597	-5.952032
10.045250	5.936560	-0.633762	1.740183	46.106680	-39.350302	-19.208992	-5.952062
0.996781	-5.744562	4.219384	8.554926	42.032970	-40.641990	-19.370423	-5.964101
-3.845320	0.533770	8.568089	15.317584	37.697614	-41.859393	-19.531584	-5.976196
-5.509718	6.639725	9.979505	22.504492	32.583813	-43.129177	-19.711725	-5.989805
3.884927	-5.601101	6.281361	28.922549	27.247505	-44.294673	-19.891552	-6.003483
-3.877015	-5.683135	6.234036	28.973977	27.200088	-44.304365	-19.893119	-6.003603
-1.707492	-5.763404	6.186725	29.025138	27.152821	-44.314014	-19.894681	-6.003722
3.729148	-7.979446	1.040116	33.765126	22.226377	-45.260201	-20.055025	-6.015999
-1.646699	-2.421860	-3.079111	37.317340	17.175572	-46.114224	-20.215138	-6.028331
-6.356704	8.732723	-5.283028	39.618236	11.425118	-46.952609	-20.393395	-6.042147
8.334977	4.797713	-4.643348	40.119589	5.578150	-47.665368	-20.571384	-6.056032
-2.048129	4.230172	-4.591007	40.107967	5.385555	-47.686509	-20.577206	-6.056487
-8.460003	3.641169	-4.537520	40.094681	5.192901	-47.707509	-20.583028	-6.056943
9.954772	-9.354181	-3.007048	39.204835	0.152959	-48.204884	-20.734816	-6.068859
-1.373269	-2.610431	-1.915713	37.407745	-4.886351	-48.602530	-20.886436	-6.080827
-12.105775	10.585379	-1.195110	34.245931	-10.837418	-48.941218	-21.066986	-6.095161
12.452766	1.151598	-0.780419	30.177292	-16.662107	-49.126832	-21.247309	-6.109567
2.631416	0.391459	-0.765512	29.987603	-16.903542	-49.131197	-21.254896	-6.110176
-12.451295	-0.372231	-0.750645	29.796456	-17.144628	-49.135279	-21.262483	-6.110784
7.977089	-12.217419	-0.420283	25.564022	-21.996330	-49.155970	-21.417761	-6.123267
11.378362	-8.253522	-0.023614	20.732286	-26.655867	-49.054059	-21.572853	-6.135804
-9.941108	12.561377	0.115858	14.461169	-31.709173	-48.781257	-21.750332	-6.150255
3.163056	-0.022564	-0.171246	7.401883	-36.386167	-48.336512	-21.927013	-6.164777
7.933911	-0.463271	-0.176581	7.236894	-36.484561	-48.324724	-21.930898	-6.165098
-7.885142	-0.898599	-0.181686	7.071491	-36.582739	-48.312850	-21.934783	-6.165419
-1.578197	-10.297843	-0.075770	0.131716	-40.318641	-47.767435	-22.089414	-6.178267
3.782596	-3.557907	0.740963	-7.447073	-43.664744	-47.080301	-22.243003	-6.191170
-1.966831	5.917751	1.105898	-16.707892	-46.919231	-46.128843	-22.414994	-6.205812
-0.213905	1.133530	-0.507576	-26.302952	-49.554356	-44.986057	-22.585127	-6.220524
1.170469	0.762865	-0.578414	-26.607445	-49.628723	-44.945723	-22.590611	-6.221003
-1.169292	0.404352	-0.649428	-26.910725	-49.702299	-44.905220	-22.596088	-6.221481
1.048381	-1.882509	-2.357836	-34.610735	-51.414453	-43.727393	-22.743691	-6.234471
3.442172	1.288813	-2.372912	-40.677873	-52.550579	-42.394090	-22.889432	-6.247516
5.087785	-2.415263	0.952811	-44.496417	-53.082640	-40.688432	-23.052644	-6.262415
-3.908117	-3.663359	3.250142	-44.108589	-52.757264	-38.784858	-23.212917	-6.277385
-7.217195	-3.408274	3.253992	-44.015386	-52.732366	-38.719379	-23.218106	-6.277876
7.278244	-3.126456	3.251966	-43.916799	-52.706584	-38.653702	-23.223292	-6.278367
-2.872392	7.955612	1.333115	-39.406548	-51.692337	-36.816363	-23.361299	-6.291585
-9.584217	8.434253	-2.509595	-31.916218	-50.091689	-34.845117	-23.496619	-6.304858
9.917509	-10.795087	-4.529364	-21.231681	-47.682373	-32.506135	-23.643761	-6.319689
-9.470907	-0.675556	-1.226158	-9.463836	-44.676860	-30.025664	-23.787070	-6.334587
-4.118721	0.563407	-0.960101	-8.840255	-44.504157	-29.891978	-23.794472	-6.335370
9.376722	1.791839	-0.690090	-8.217134	-44.330012	-29.757940	-23.801862	-6.336153
-6.337310	13.190433	3.826187	2.293051	-41.110358	-27.393102	-23.927480	-6.349685
-6.836253	5.131080	5.940995	11.793550	-37.515527	-24.933543	-24.049535	-6.363272
5.343579	-12.328020	4.069228	20.463194	-33.118181	-22.085637	-24.181423	-6.378515
-4.441985	1.410893	-1.615297	27.228722	-28.385594	-19.144270	-24.308353	-6.393829
4.421557	2.235892	-1.927331	27.519751	-28.142157	-18.995432	-24.314546	-6.394594
0.151995	3.030857	-2.237260	27.806503	-27.898071	-18.846395	-24.320725	-6.395359
-4.499795	9.659206	-6.686063	32.224536	-23.439357	-16.153312	-24.428855	-6.409057
5.203509	-0.650777	-7.270323	35.388107	-18.825784	-13.406882	-24.532625	-6.422809
-0.458576	-7.301641	-3.605707	37.672921	-13.467976	-10.238817	-24.644808	-6.438475
-7.673957	-1.113951	2.117022	38.828293	-8.046801	-7.027397	-24.750858	-6.454212
1.834596	-0.717273	2.309368	38.850985	-7.861415	-6.917123	-24.754368	-6.454751
7.752979	-0.318112	2.500068	38.872680	-7.676042	-6.806815	-24.757871	-6.455290
-8.616068	5.782120	6.414765	39.121613	-2.895815	-3.943828	-24.845816	-6.469253
2.029724	-0.325484	7.044861	38.901184	1.823365	-1.067728	-24.928547	-6.483271
9.163892	-4.590729	3.253356	38.291977	6.949006	2.141836	-25.014373	-6.498959
-8.544043	3.781893	-2.933361	37.175358	11.863869	5.343504	-25.093225	-6.514717
7.187955	-2.910989	-5.803310	35.256724	16.419241	8.471641	-25.163701	-6.530281
1.937317	-1.012402	-2.801027	32.205747	20.632757	11.567374	-25.226918	-6.545911
-4.893192	-0.540737	-2.576224	32.037209	20.815249	11.707029	-25.229613	-6.546622
4.772247	-0.049974	-2.347582	31.865846	20.997061	11.846687	-25.232295	-6.547335
1.792151	1.787627	2.433627	27.597747	24.636868	14.768373	-25.285185	-6.562388
-0.203888	-1.883716	4.178100	21.999046	27.879848	17.637233	-25.330927	-6.577503
0.181688	-1.753315	4.153140	21.847420	27.952459	17.705308	-25.331935	-6.577867
-0.160866	-1.608113	4.124556	21.694968	28.024821	17.773347	-25.332938	-6.578230
0.313815	2.303979	0.968016	15.016501	30.712973	20.464965	-25.369577	-6.592804
-1.802690	-2.705499	-2.619218	7.598021	32.981760	23.088018	-25.399214	-6.607435
-0.775957	1.688397	-2.816644	-0.899755	35.004201	25.937096	-25.423880	-6.623916
5.569424	2.718522	-1.092235	-8.883173	36.448087	28.674371	-25.439205	-6.640470
-0.869009	2.410918	-1.045739	-9.127664	36.484847	28.760940	-25.439542	-6.641007
-5.622075	2.095016	-1.000971	-9.371380	36.521006	28.847458	-25.439868	-6.641545
5.666037	-2.260753	-0.310954	-15.595543	37.259362	31.158650	-25.444855	-6.656261
-0.010931	-1.973404	-0.158419	-20.811787	37.503414	33.361593	-25.442096	-6.671035
-3.591865	0.588503	0.003955	-25.191947	37.159006	35.715617	-25.429359	-6.687846
1.131587	1.717043	0.897336	-27.597576	36.128517	37.905162	-25.406143	-6.704730
2.848475	1.643096	0.947410	-27.638312	36.083432	37.973062	-25.405214	-6.705277
-2.844466	1.556111	0.998876	-27.676636	36.037555	38.040842	-25.404274	-6.705824
3.206738	-2.864852	1.956568	-27.769900	34.526243	39.795234	-25.374688	-6.720590
-4.113486	4.562732	0.124260	-26.149011	32.511369	41.412332	-25.336739	-6.735413
5.070359	-6.397115	-2.347147	-23.035293	29.634222	43.111875	-25.282056	-6.752660
-4.951009	1.135759	-1.194341	-19.667884	26.282783	44.621817	-25.215602	-6.769985
4.915612	3.968171	-1.128694	-19.557358	26.164042	44.668925	-25.213177	-6.770564
-4.877765	6.715514	-1.063781	-19.447167	26.045011	44.715775	-25.210741	-6.771144
3.122570	-4.938951	0.666288	-16.670307	22.787014	45.870559	-25.141837	-6.786403
-0.472493	1.614590	3.303897	-14.256336	19.333445	46.875814	-25.063451	-6.801722
0.724290	-0.724369	4.363414	-10.140007	10.986086	48.613752	-24.845718	-6.837239
1.709438	-1.163108	-5.200725	-5.574828	2.558941	49.529473	-24.574232	-6.873079
-1.970961	1.481234	-4.971513	-5.475315	2.415464	49.537977	-24.569038	-6.873703
2.236778	0.864935	-4.703228	-5.374887	2.272132	49.546227	-24.563828	-6.874327
-2.537955	-2.100337	-4.350122	-5.260163	2.110104	49.555257	-24.557911	-6.875033
-2.356014	-2.534898	-3.945752	-5.144337	1.948268	49.563964	-24.551973	-6.875740
3.206933	0.096341	-3.363897	-4.994640	1.741548	49.574627	-24.544346	-6.876644
-4.520219	3.418960	-2.750877	-4.843279	1.535152	49.584758	-24.536683	-6.877548
-7.363327	1.270846	3.606381	-2.657387	-1.239840	49.669674	-24.428785	-6.889881
9.206337	-9.262872	5.678042	-0.376533	-3.937026	49.655214	-24.314238	-6.902252
-9.228595	9.375836	2.935427	2.614517	-7.469340	49.473319	-24.146859	-6.919231
7.470443	-7.716077	-3.335959	5.380739	-10.783175	49.102636	-23.967211	-6.936283
-5.069385	5.525634	-5.928250	8.014378	-13.987158	48.507125	-23.765174	-6.954301
3.454353	-3.947121	-0.231480	10.334325	-16.853542	47.699000	-23.549961	-6.972400
-3.421087	-4.264578	0.075140	10.429917	-16.972298	47.658128	-23.540096	-6.973206
3.391880	-4.501687	0.376071	10.524802	-17.090207	47.616861	-23.530212	-6.974012
-3.517902	5.115724	4.799901	12.275612	-19.266676	46.709361	-23.328636	-6.990047
4.541606	-6.433278	5.560281	13.774541	-21.105459	45.633578	-23.117119	-7.006148
-6.037754	7.683683	1.761712	15.082495	-22.747881	44.199027	-22.863836	-7.024595
3.020160	2.617829	-4.083272	15.391621	-23.863159	42.541789	-22.598001	-7.043128
7.105699	1.660887	-4.093817	15.390648	-23.865118	42.537679	-22.597369	-7.043171
-7.107088	0.691918	-4.104470	15.389653	-23.867101	42.533514	-22.596729	-7.043215
7.212053	-7.401092	-4.971340	14.269318	-24.398793	40.869811	-22.349844	-7.059772
-6.701364	6.276796	1.206841	11.459211	-24.492303	39.027019	-22.093337	-7.076397
-3.179269	-5.066269	4.712589	6.362097	-24.059504	36.711859	-21.789904	-7.095400
4.981096	4.742324	-2.535707	-0.009608	-23.053043	34.171626	-21.474401	-7.114493
0.958795	4.734152	-2.554411	-0.026676	-23.049655	34.164680	-21.473558	-7.114543
-4.977986	4.725562	-2.573052	-0.043741	-23.046262	34.157732	-21.472715	-7.114593
4.660490	-5.151581	-4.655017	-5.436851	-21.689193	31.746812	-21.185303	-7.131465
-4.653016	5.502110	1.060929	-9.485377	-19.900620	29.184345	-20.888859	-7.148407
4.824797	-5.109724	4.765126	-11.730888	-17.397567	26.153139	-20.546655	-7.167447
-4.967228	3.970840	1.983697	-11.261111	-14.394328	22.966777	-20.193532	-7.186577
0.897533	3.976402	1.972447	-11.256831	-14.385747	22.958102	-20.192577	-7.186628
4.967486	3.981604	1.961197	-11.252538	-14.377163	22.949426	-20.191622	-7.186679
1.711818	-2.972786	-1.533245	-9.270841	-11.464118	20.093109	-19.878264	-7.203258
1.546206	-0.849464	-4.091615	-6.527262	-8.341037	17.155462	-19.557080	-7.219903
0.130189	2.017690	-5.130757	-2.821793	-4.466466	13.578414	-19.165114	-7.239784
-2.605076	-0.045464	-3.711696	0.974980	-0.547228	9.936186	-18.762471	-7.259762
-3.823157	-2.925852	-0.888264	4.246300	3.091139	6.441760	-18.370422	-7.278822
1.845783	-1.698926	2.301926	6.771173	6.528639	2.936283	-17.969132	-7.297971
3.738701	-1.689835	2.309295	6.776175	6.536835	2.927576	-17.968123	-7.298018
3.358017	-1.680829	2.316566	6.781107	6.544926	2.918977	-17.967127	-7.298065
-3.891155	4.624137	4.545892	8.105949	9.518348	-0.403245	-17.577106	-7.316355
4.354228	0.114263	5.130049	8.062611	12.103326	-3.694891	-17.179063	-7.334726
-4.368302	-0.703724	5.125332	8.045217	12.154148	-3.765514	-17.170379	-7.335123
-2.078834	-1.521931	5.119965	8.027141	12.204666	-3.836007	-17.161705	-7.335520
5.166225	-5.992660	4.170234	6.573189	14.235835	-6.971769	-16.768943	-7.353367
-6.270018	5.699306	1.931869	4.176884	15.802723	-10.046866	-16.368997	-7.371288
-6.899539	6.387333	-1.011096	0.986154	16.988111	-13.367775	-15.917318	-7.391248
7.230500	-3.246345	-3.431444	-2.147879	17.585768	-16.578778	-15.457173	-7.411302
3.473970	-3.424130	-3.464649	-2.203193	17.591451	-16.639153	-15.448272	-7.411688
-7.228692	-3.597587	-3.497236	-2.258334	17.596926	-16.699579	-15.439354	-7.412074
3.304806	-5.584877	-4.093378	-4.477920	17.607981	-19.495799	-15.015482	-7.430309
6.054804	-0.351008	-2.596694	-5.704347	17.137407	-22.186393	-14.584993	-7.448622
-4.953264	4.145373	0.040612	-5.811626	16.113076	-24.925730	-14.120401	-7.468171
-1.941683	0.117952	2.169112	-4.769997	14.561925	-27.536747	-13.648681	-7.487810
3.837236	-0.116161	2.234318	-4.697620	14.479592	-27.652400	-13.627055	-7.488705
-3.794245	-0.341479	2.296030	-4.623135	14.396223	-27.767858	-13.605399	-7.489601
-0.578643	-2.991019	2.615332	-2.665750	12.480527	-30.082845	-13.156385	-7.508097
2.542496	0.254783	1.027320	-0.110737	10.255084	-32.276763	-12.701443	-7.526670
0.979025	3.039919	-1.015614	2.646650	7.582063	-34.537922	-12.196142	-7.547120
-2.034254	1.391953	-1.445974	4.603582	4.791795	-36.644160	-11.684055	-7.567667
1.007698	1.215976	-1.429571	4.667642	4.666224	-36.734579	-11.661017	-7.568587
2.025257	1.029295	-1.410838	4.729628	4.540658	-36.824678	-11.637966	-7.569508
1.609314	-4.036224	-0.661025	5.514374	2.013205	-38.580416	-11.168173	-7.588201
-2.104828	-4.666791	0.306873	5.323103	-0.435100	-40.200891	-10.693145	-7.606973
-1.627748	5.080587	0.706723	3.908583	-3.014244	-41.839717	-10.158858	-7.627946
3.160029	-0.896462	-0.090057	1.440343	-5.396533	-43.301426	-9.618488	-7.649018
-3.174171	-1.272575	-0.106278	1.395088	-5.432768	-43.323330	-9.609800	-7.649355
0.302769	-1.646364	-0.122447	1.349705	-5.468941	-43.345188	-9.601110	-7.649693
4.130650	-5.044092	-0.713912	-1.359656	-7.415583	-44.510010	-9.104871	-7.668928
-5.192212	0.431815	-0.136631	-3.990155	-9.124641	-45.520441	-8.603913	-7.688246
-2.896585	4.212204	1.102761	-6.105474	-10.697845	-46.454789	-8.043682	-7.709742
6.928266	0.818856	1.678060	-6.704210	-11.888575	-47.189755	-7.478026	-7.731342
-6.935121	0.697508	1.674122	-6.698508	-11.906255	-47.201155	-7.467768	-7.731733
1.342054	0.575664	1.669521	-6.692178	-11.923825	-47.212508	-7.457492	-7.732125
7.023583	-3.382432	0.560181	-5.663449	-12.622314	-47.690109	-6.947415	-7.751519
-2.312512	0.529350	-1.964015	-3.491740	-13.010591	-48.003552	-6.433257	-7.770996
-6.085629	3.052177	-3.525936	-0.368885	-13.121249	-48.160547	-5.856079	-7.792782
0.987533	-2.963456	-0.976541	2.899309	-12.936708	-48.120970	-5.274110	-7.814672
5.304201	-2.947893	-0.864799	2.977732	-12.928751	-48.117554	-5.259616	-7.815217
5.171880	-2.913555	-0.751051	3.056016	-12.920630	-48.114017	-5.245102	-7.815762
-4.612899	2.809686	3.653225	5.672945	-12.526638	-47.907671	-4.716255	-7.835601
4.025012	-1.565778	5.842478	7.603114	-11.961234	-47.553535	-4.184241	-7.855527
-3.498945	-2.417830	4.895320	8.566775	-11.181225	-47.001624	-3.597237	-7.877490
-1.133484	2.417550	1.436726	8.254531	-10.269813	-46.286091	-3.007309	-7.899559
3.074055	2.352204	1.307258	8.218609	-10.231474	-46.254650	-2.984009	-7.900430
-2.256220	2.248472	1.181069	8.181040	-10.192957	-46.222967	-2.960707	-7.901302
-2.792124	-2.653054	-0.797627	6.921091	-9.273155	-45.439468	-2.430637	-7.921143
2.634244	3.034707	-1.403698	5.013503	-8.277695	-44.536866	-1.898978	-7.941069
-2.970951	2.266311	-2.205180	2.439538	-7.132177	-43.430480	-1.321411	-7.962757
-2.995223	-2.410689	-4.090169	-0.421766	-5.937160	-42.197331	-0.742771	-7.984545
3.809296	-3.453239	-6.869840	-3.455748	-4.656030	-40.778743	-0.136625	-8.007451
-5.236602	-5.599944	-9.818384	-6.252829	-3.366638	-39.236722	0.469727	-8.030468
1.037385	-5.582191	-9.919189	-6.345488	-3.320388	-39.179038	0.491542	-8.031298
5.366577	-5.535973	-10.019306	-6.437462	-3.274159	-39.121205	0.513356	-8.032128
-4.136164	3.498796	-11.965411	-8.442374	-2.149974	-37.657215	1.048134	-8.052536
-9.041255	6.839860	-11.778226	-9.863626	-1.054708	-36.109058	1.582330	-8.073031
10.554463	-7.358734	-7.362981	-10.728216	0.133403	-34.259773	2.186548	-8.096361
-10.717176	1.798188	0.404088	-10.855612	1.248949	-32.317134	2.789111	-8.119803
-5.060672	2.440444	0.679488	-10.848190	1.284499	-32.251460	2.808982	-8.120579
10.662997	3.068013	0.954543	-10.840057	1.319965	-32.185693	2.828851	-8.121355
0.795488	7.707412	7.652375	-10.372420	2.234437	-30.399348	3.357521	-8.142096
-6.805510	-0.463808	11.766301	-9.461591	3.089377	-28.552323	3.884208	-8.162926
1.169826	-7.024560	13.093419	-7.956831	3.992215	-26.377259	4.482394	-8.186807
1.475079	-1.569140	11.835390	-6.041688	4.817405	-24.138063	5.077069	-8.210804
0.771550	-1.107914	11.767104	-5.971747	4.843616	-24.062289	5.096857	-8.211607
-1.367797	-0.646304	11.697812	-5.901456	4.869740	-23.986452	5.116641	-8.212411
0.601357	5.703855	9.735698	-3.940888	5.526072	-21.969340	5.635592	-8.233599
-0.794757	3.690176	8.000035	-1.821014	6.122376	-19.914611	6.151097	-8.254879
1.694962	-4.665540	5.806213	0.675382	6.726042	-17.545242	6.731228	-8.279128
-2.758922	0.732497	2.730303	3.157309	7.252328	-15.142414	7.305967	-8.303494
2.790775	1.085542	2.612653	3.239502	7.268751	-15.060770	7.325278	-8.304319
-2.775395	1.425513	2.494402	3.321468	7.285072	-14.979170	7.344566	-8.305144
-3.483738	4.274874	-0.786821	5.394107	7.680312	-12.837509	7.846155	-8.326735
1.221705	2.173050	-4.171905	7.278863	8.015310	-10.681758	8.342810	-8.348418
4.207494	-4.200010	-7.435401	9.085252	8.321829	-8.230941	8.898713	-8.373077
-4.461125	-3.486298	-9.420720	10.432626	8.551062	-5.776686	9.447400	-8.397856
4.470546	-2.705664	-9.463995	10.469133	8.557522	-5.692935	9.465997	-8.398704
2.980790	-1.916205	-9.505643	10.504934	8.563887	-5.609265	9.484570	-8.399551
-4.742338	3.741873	-10.034642	11.182744	8.697407	-3.444721	9.962484	-8.421552
-1.502689	1.662152	-9.486840	11.344796	8.770573	-1.289398	10.434026	-8.443647
5.036669	-0.505260	-7.472581	10.953345	8.780679	1.073435	10.946924	-8.468155
-4.794509	-2.089095	-3.890423	10.050639	8.714908	3.411280	11.451195	-8.492779
1.963733	-1.941783	-3.688212	9.997340	8.710055	3.520035	11.474592	-8.493935
4.751136	-1.774671	-3.483186	9.943087	8.705048	3.628792	11.497984	-8.495092
3.680385	1.475165	0.820633	8.718921	8.578726	5.727618	11.948596	-8.517632
-1.107216	1.100823	4.935530	7.216706	8.401482	7.794684	12.391318	-8.540269
-2.549298	-0.837832	7.760917	5.251278	8.145398	10.103415	12.885344	-8.566163
1.992387	0.390355	7.355325	3.106062	7.840062	12.357683	13.368178	-8.592183
-1.985852	0.456761	7.314862	3.060088	7.833237	12.404045	13.378120	-8.592727
0.379733	0.523453	7.273244	3.014077	7.826394	12.450381	13.388058	-8.593271
1.926523	1.645318	4.671065	1.044259	7.521964	14.385226	13.803721	-8.616328
-2.236736	-2.606248	1.156323	-0.929012	7.191661	16.267637	14.209928	-8.639485
3.179159	-2.313377	-2.923125	-3.065009	6.794316	18.309947	14.653512	-8.665557
3.827145	3.141563	-6.013362	-5.033199	6.370747	20.276344	15.084302	-8.691754
2.958758	3.364632	-6.087372	-5.095716	6.355996	20.341434	15.098634	-8.692642
-3.894302	3.585948	-6.158961	-5.157934	6.341218	20.406433	15.112952	-8.693530
0.647364	6.994892	-7.036150	-6.666448	5.946258	22.071717	15.481580	-8.716780
5.642573	2.804292	-5.722459	-7.917206	5.537343	23.672074	15.839480	-8.740129
-0.801416	-8.851971	-2.151549	-8.976933	5.073836	25.365222	16.222678	-8.766086
-6.690955	-3.632661	2.645312	-9.679309	4.604126	26.974303	16.591880	-8.792164
6.693552	-2.569797	2.873984	-9.703775	4.581488	27.049482	16.609263	-8.793421
-1.351744	-1.498000	3.100718	-9.727389	4.558833	27.124512	16.626624	-8.794678
-6.500363	8.814909	6.661090	-10.008038	4.131292	28.504098	16.948193	-8.818484
0.901897	7.192796	8.047703	-9.965880	3.706668	29.811807	17.257475	-8.842391
4.541027	-5.746021	5.305179	-8.671831	2.762480	32.523535	17.915684	-8.897355
-4.182642	1.309646	1.815880	-5.957402	1.868688	34.848616	18.504064	-8.952859
4.201248	1.614216	1.751236	-5.883744	1.849565	34.895701	18.516269	-8.954094
2.652437	2.037162	1.687086	-5.809554	1.830472	34.942595	18.528437	-8.955329
-4.243011	2.537423	1.619981	-5.730760	1.810374	34.991832	18.541228	-8.956632
4.265470	2.951479	1.553417	-5.651383	1.790311	35.040858	18.553978	-8.957935
1.266689	3.141742	1.485188	-5.568739	1.769611	35.091305	18.567113	-8.959281
-4.312428	3.158825	1.417530	-5.485481	1.748948	35.141526	18.580205	-8.960629
-2.375133	-0.010863	0.383201	-4.253303	1.462548	35.823373	18.759558	-8.979592
4.927547	-2.473280	-1.400022	-2.913765	1.183798	36.460684	18.930193	-8.998618
-0.241678	0.579817	-5.914146	-0.877408	0.802826	37.286931	19.156515	-9.025654
-5.370392	2.442900	-10.428597	1.202252	0.437652	38.025480	19.364622	-9.052816
5.254855	-2.377703	-12.079347	3.266168	0.072235	38.705805	19.562355	-9.081367
-0.514173	0.586108	-8.356942	5.073640	-0.276516	39.293375	19.739165	-9.110058
-4.805281	0.710568	-8.195269	5.119829	-0.286051	39.308518	19.743813	-9.110864
4.787851	0.831351	-8.031377	5.165811	-0.295583	39.323606	19.748449	-9.111671
1.533910	1.670635	-2.381148	6.462875	-0.586044	39.757820	19.884317	-9.136855
-3.500947	-0.541453	2.953508	7.475614	-0.864249	40.123655	20.003468	-9.162147
-2.771050	-1.166412	7.834954	8.235438	-1.164063	40.456055	20.117541	-9.190851
3.388623	1.557882	11.544359	8.540844	-1.448797	40.704135	20.209353	-9.219692
-1.809827	1.553694	11.600295	8.541757	-1.453157	40.707372	20.210616	-9.220147
-3.413567	1.545191	11.656288	8.542545	-1.457513	40.710589	20.211875	-9.220602
4.488294	-2.475578	14.340070	8.376342	-1.699115	40.860113	20.274053	-9.246503
-1.187553	1.024420	14.235045	7.791913	-1.928910	40.945666	20.317690	-9.272515
-7.411008	5.205742	9.669423	6.724648	-2.172157	40.968101	20.344129	-9.301792
8.047629	-3.640048	1.157491	5.340962	-2.400163	40.915589	20.346530	-9.331207
7.061625	-3.742259	1.066837	5.326438	-2.402294	40.914722	20.346437	-9.331492
-8.047174	-3.843492	0.976163	5.311897	-2.404422	40.913849	20.346341	-9.331777
4.763403	-7.391129	-7.001562	3.895771	-2.596179	40.802936	20.327815	-9.358376
6.195345	-1.126549	-12.447793	2.416135	-2.775212	40.634391	20.290474	-9.385082
-4.538979	8.078793	-15.003974	0.807871	-2.958983	40.381272	20.227388	-9.414872
1.688365	-1.263440	-14.722817	-0.661623	-3.126626	40.060640	20.142060	-9.444792
3.317096	-1.331397	-14.715757	-0.669858	-3.127573	40.058537	20.141487	-9.444970
-3.312636	-1.398660	-14.708691	-0.678045	-3.128515	40.056442	20.140917	-9.445147
-0.887647	-7.701687	-13.377754	-1.842141	-3.263669	39.715502	20.046553	-9.471857
3.425440	-6.214738	-12.106893	-2.876126	-3.385715	39.324068	19.935383	-9.498664
4.008636	-2.090060	-10.816872	-3.890048	-3.507125	38.825129	19.790711	-9.528928
-4.536259	0.098299	-9.440111	-4.753204	-3.611524	38.265902	19.625748	-9.559309
-3.213927	0.338759	-9.378204	-4.785522	-3.615442	38.241685	19.618550	-9.560559
4.560398	0.589067	-9.315679	-4.817621	-3.619335	38.217352	19.611314	-9.561810
-4.597022	4.769759	-7.791722	-5.453663	-3.696291	37.667859	19.446897	-9.588880
-3.963346	5.847827	-5.833746	-5.985571	-3.759485	37.073854	19.267301	-9.616038
0.309105	4.391612	-3.081521	-6.467225	-3.813631	36.358910	19.049052	-9.646494
3.411782	2.132423	0.032466	-6.841126	-3.850160	35.591892	18.812798	-9.677055
-3.407971	2.111233	0.067321	-6.844655	-3.850460	35.583242	18.810122	-9.677389
-1.491393	2.090162	0.102085	-6.848163	-3.850758	35.574611	18.807452	-9.677722
3.186501	0.339874	2.997263	-7.103226	-3.868159	34.830853	18.576549	-9.705665
-3.126702	-1.992760	5.706504	-7.287714	-3.870569	34.046820	18.331495	-9.733691
1.389395	-5.507349	8.202949	-7.419988	-3.855643	33.137485	18.045398	-9.764683
3.278834	-5.264882	9.908033	-7.488843	-3.822431	32.182765	17.743074	-9.795773
-2.753189	-5.215703	9.922501	-7.489316	-3.821938	32.171291	17.739429	-9.796138
-3.281203	-5.165266	9.936794	-7.489779	-3.821445	32.159840	17.735792	-9.796503
3.362251	1.022872	10.606472	-7.511439	-3.777635	31.273262	17.453389	-9.824232
0.190300	5.977222	10.381539	-7.523278	-3.722330	30.353616	17.158935	-9.852034
-3.511076	5.909929	8.923085	-7.501040	-3.647836	29.279077	16.813059	-9.883452
2.620593	1.059049	6.325821	-7.399456	-3.561061	28.166035	16.452834	-9.914959
3.604566	0.914583	6.240418	-7.395031	-3.558444	28.134178	16.442495	-9.915847
-2.952685	0.772164	6.154485	-7.390508	-3.555818	28.102291	16.432145	-9.916734
-3.709698	-2.585432	3.229003	-7.191727	-3.467465	27.078487	16.099016	-9.944867
3.838016	-4.264906	0.153649	-6.865764	-3.367907	26.027147	15.755299	-9.973065
0.740459	-6.270507	-3.002510	-6.317158	-3.241711	24.823551	15.359828	-10.004595
-4.236347	-4.522549	-5.369138	-5.535270	-3.097494	23.589347	14.952138	-10.036201
3.477811	-4.408865	-5.405270	-5.516687	-3.094362	23.563965	14.943730	-10.036844
4.246183	-4.291304	-5.440850	-5.497991	-3.091222	23.538571	14.935318	-10.037487
-4.479960	2.533081	-6.439575	-4.543553	-2.942443	22.393817	14.555109	-10.066211
-3.968879	5.326704	-6.178215	-3.340598	-2.775678	21.227228	14.165648	-10.094994
4.973148	1.739224	-4.369724	-1.741809	-2.568751	19.912425	13.724232	-10.126920
-5.167445	-4.033646	-1.568394	0.036097	-2.338375	18.574956	13.272449	-10.158915
-4.482688	-4.058643	-1.514236	0.068649	-2.334061	18.550943	13.264312	-10.159485
5.172905	-4.078798	-1.460013	0.101217	-2.329741	18.526924	13.256172	-10.160056
-1.465957	-1.169642	1.217610	1.749174	-2.102709	17.309014	12.842195	-10.188814
-5.276534	2.118096	3.249743	3.353152	-1.857399	16.076233	12.420679	-10.217621
0.875827	2.254737	3.878146	4.979615	-1.563314	14.689039	11.943282	-10.249730
4.891827	-0.236154	2.511737	6.305192	-1.247777	13.287483	11.457513	-10.281895
-4.889734	-0.252539	2.499150	6.311773	-1.245841	13.279107	11.454600	-10.282086
-2.823275	-0.268886	2.486525	6.318335	-1.243904	13.270731	11.451686	-10.282278
4.523136	-1.632721	0.295652	7.068841	-0.946705	12.011272	11.012046	-10.310990
-3.487860	0.222812	-1.870683	7.248541	-0.637426	10.744209	10.566536	-10.339742
-3.799593	1.963115	-2.833099	6.530004	-0.268233	9.269077	10.043395	-10.373108
3.756362	-1.146565	-1.149415	4.702434	0.105164	7.789602	9.513391	-10.406525
-2.573447	-1.156009	-1.143218	4.696775	0.106088	7.785929	9.512068	-10.406608
-3.757163	-1.165445	-1.137016	4.691111	0.107013	7.782255	9.510744	-10.406691
4.050575	-3.165476	1.068226	2.460101	0.431339	6.483735	9.040710	-10.436036
1.252286	-0.501745	2.419031	-0.023054	0.746883	5.186435	8.566188	-10.465416
-5.079382	4.517741	2.219930	-2.655802	1.067290	3.807279	8.055838	-10.496772
0.628358	1.100782	0.248057	-4.943650	1.364676	2.434468	7.541288	-10.528162
5.467814	0.062621	0.117683	-5.053403	1.380351	2.358624	7.512658	-10.529902
-5.478737	-0.989461	-0.012321	-5.160912	1.395923	2.282850	7.484034	-10.531642
5.506218	-5.337964	-1.756067	-6.545613	1.633681	1.063434	7.020299	-10.559747
4.272848	2.743538	-2.127467	-7.098092	1.842341	-0.146943	6.553934	-10.587876
-4.813445	5.184283	-1.107870	-6.444380	2.049701	-1.600651	5.985097	-10.622031
0.463287	-3.860232	0.727903	-4.656215	2.199518	-3.035297	5.413452	-10.656216
4.184645	-3.876442	0.731998	-4.650689	2.199814	-3.038863	5.412018	-10.656302
3.717212	-3.892544	0.736087	-4.645160	2.200110	-3.042430	5.410583	-10.656387
-3.610141	-4.194231	1.701846	-2.551549	2.277257	-4.252738	4.919504	-10.685668
0.971309	0.880718	1.832421	-0.241779	2.306159	-5.444844	4.427144	-10.714968
2.546565	2.893659	1.118857	2.269053	2.281107	-6.751424	3.876653	-10.747683
-2.190353	-0.806249	-0.261199	4.460574	2.195556	-8.030836	3.325565	-10.780415
0.414967	-0.869638	-0.289551	4.499032	2.193257	-8.055824	3.314676	-10.781062
2.180474	-0.930824	-0.317797	4.537269	2.190934	-8.080801	3.303786	-10.781709
0.184400	-1.795042	-1.346759	6.004207	2.061656	-9.196811	2.811922	-10.810930
-2.114615	-0.416499	-1.514036	6.845409	1.885690	-10.287998	2.320349	-10.840161
1.017833	1.428880	-0.659314	6.889187	1.631934	-11.491905	1.764454	-10.873275
3.006225	0.597566	0.732691	6.044386	1.324277	-12.659902	1.209917	-10.906395
-3.018645	0.553992	0.754702	6.022857	1.318569	-12.679659	1.200396	-10.906965
-1.382452	0.509099	0.776512	6.001105	1.312848	-12.699406	1.190876	-10.907535
3.760547	-1.979835	1.434668	4.633376	1.003146	-13.697487	0.703077	-10.936770
-2.642714	-0.640675	0.799776	2.935434	0.667098	-14.664402	0.217100	-10.966008
-5.390053	3.025158	-0.627245	0.876500	0.276351	-15.689896	-0.314762	-10.998161
5.962162	2.353307	-1.650527	-1.207835	-0.126676	-16.673916	-0.843503	-11.030312
-1.585233	1.990482	-1.675540	-1.311951	-0.147462	-16.723166	-0.870493	-11.031959
-5.999903	1.602563	-1.697139	-1.415634	-0.168251	-16.772303	-0.897474	-11.033605
6.152237	-3.746470	-1.431710	-3.104095	-0.524092	-17.597063	-1.358723	-11.061850
2.294407	-0.970479	0.092279	-4.553482	-0.873718	-18.386756	-1.816819	-11.090088
-5.702399	3.360080	2.073045	-5.832027	-1.263237	-19.259163	-2.345112	-11.122916
5.228001	-0.766982	2.614463	-6.532349	-1.623999	-20.080207	-2.868175	-11.155730
2.513958	-0.939855	2.599025	-6.548567	-1.638852	-20.114680	-2.890773	-11.157156
-2.845001	-1.098959	2.580461	-6.563588	-1.653628	-20.149052	-2.913360	-11.158581
-4.744300	-1.920702	1.549198	-6.620366	-1.938384	-20.831173	-3.373966	-11.187793
4.358560	-0.239865	-0.465610	-6.241914	-2.183736	-21.469284	-3.829652	-11.216993
-4.048117	0.696202	-2.856441	-5.395985	-2.402377	-22.119230	-4.325299	-11.249129
-0.689334	-0.588469	-4.395369	-4.179926	-2.561267	-22.712003	-4.814058	-11.281244
3.880728	-0.575561	-4.438992	-4.114199	-2.567241	-22.738765	-4.837148	-11.282772
3.404881	-0.547170	-4.479552	-4.047836	-2.573067	-22.765394	-4.860221	-11.284301
-3.870243	0.943279	-4.528722	-2.711800	-2.654749	-23.236245	-5.286572	-11.312740
-0.512974	-0.201368	-3.002884	-1.238282	-2.686960	-23.659065	-5.706736	-11.341157
4.190118	-2.388678	0.196159	0.562632	-2.663931	-24.094504	-6.194325	-11.374674
-4.493590	-0.565957	3.840173	2.295345	-2.577438	-24.459155	-6.672283	-11.408156
-0.346499	-0.429954	3.953714	2.350847	-2.573438	-24.470198	-6.688208	-11.409283
4.516001	-0.290110	4.066117	2.406153	-2.569364	-24.481169	-6.704136	-11.410411
-4.763148	3.236991	6.315652	3.707981	-2.442784	-24.731945	-7.103286	-11.438944
-5.104465	4.088183	6.755345	4.761791	-2.271009	-24.931417	-7.494665	-11.467449
-0.882019	3.340517	4.281607	5.584527	-2.016027	-25.098875	-7.936936	-11.500359
5.628352	0.205310	-0.095053	5.997138	-1.700058	-25.199926	-8.367839	-11.533226
-5.630256	0.148530	-0.149419	5.999654	-1.696061	-25.200709	-8.372733	-11.533605
-1.928479	0.091145	-0.203934	6.002126	-1.692045	-25.201486	-8.377638	-11.533984
5.734283	-3.499021	-4.220547	6.049298	-1.357126	-25.235636	-8.752242	-11.563302
-0.099475	-0.678210	-7.217542	5.834414	-0.977717	-25.219386	-9.116990	-11.592582
-5.782095	2.177972	-9.148373	5.330071	-0.511458	-25.143393	-9.511174	-11.625140
5.802986	-1.550098	-9.552640	4.596221	-0.010912	-25.007800	-9.892448	-11.657643
-5.803095	-1.550985	-9.552867	4.594060	-0.009577	-25.007371	-9.893423	-11.657727
-1.372599	-1.551756	-9.553093	4.591897	-0.008242	-25.006942	-9.894397	-11.657812
5.856655	1.214359	-9.571080	3.794422	0.452264	-24.838489	-10.220140	-11.686468
4.575303	0.424093	-9.091418	2.894677	0.920875	-24.625576	-10.535535	-11.715078
-5.956907	-1.113114	-6.912281	1.823504	1.432293	-24.342933	-10.868471	-11.746308
5.926086	1.181611	-2.259988	0.702994	1.931633	-24.009353	-11.188847	-11.777480
-5.791502	-1.215983	3.387844	-0.469039	2.427673	-23.608025	-11.509793	-11.809956
-0.424404	1.107287	7.257710	-1.591316	2.885166	-23.153651	-11.816944	-11.842363
5.547946	1.113157	7.264614	-1.594100	2.886284	-23.152412	-11.817718	-11.842446
-4.516340	1.118987	7.271502	-1.596884	2.887403	-23.151172	-11.818493	-11.842529
-5.262872	1.176645	8.827925	-2.502894	3.248395	-22.707004	-12.077956	-11.871058
0.355795	-0.793673	9.400128	-3.292574	3.560367	-22.223278	-12.326721	-11.899529
4.622779	-1.197811	9.976740	-3.989994	3.838924	-21.639778	-12.590854	-11.931126
-4.380696	1.282402	10.791315	-4.449417	4.034371	-21.009481	-12.841776	-11.962647
0.648305	1.252106	10.813045	-4.458694	4.038698	-20.990574	-12.848834	-11.963557
4.370670	1.212152	10.834414	-4.467732	4.042949	-20.971629	-12.855881	-11.964467
-4.272902	-1.397466	10.893008	-4.621601	4.136003	-20.365689	-13.068825	-11.992639
-3.569192	-0.062300	8.558160	-4.513587	4.152031	-19.723934	-13.271191	-12.020746
4.278886	1.565990	2.894332	-4.103274	4.076522	-18.956064	-13.487306	-12.052448
-0.357437	-1.527368	-3.970073	-3.435005	3.901691	-18.144656	-13.689931	-12.084062
-4.294178	-1.526713	-3.986334	-3.432979	3.901109	-18.142497	-13.690439	-12.084144
-3.443972	-1.525954	-4.002577	-3.430952	3.900526	-18.140337	-13.690947	-12.084226
4.262616	1.388125	-8.259139	-2.686466	3.670649	-17.408410	-13.854490	-12.111361
-4.169186	1.379930	-9.820371	-1.819767	3.368702	-16.647374	-14.008067	-12.138427
-1.464010	-0.174055	-8.588298	-0.664750	2.909300	-15.691739	-14.180322	-12.171028
3.659378	-0.541302	-4.944644	0.508094	2.348077	-14.699413	-14.338072	-12.203523
-3.658441	-0.538970	-4.933028	0.511113	2.346462	-14.696748	-14.338469	-12.203608
1.589970	-0.536643	-4.921533	0.514098	2.344865	-14.694112	-14.338862	-12.203693
3.322839	0.360191	-0.990420	1.447438	1.782998	-13.815524	-14.462625	-12.231491
-2.956666	-0.309059	2.409535	2.237246	1.148640	-12.914232	-14.575740	-12.259207
-0.275747	0.578239	4.586285	2.859184	0.357581	-11.882867	-14.689538	-12.290074
2.121506	0.664486	5.516163	3.097427	-0.507145	-10.828489	-14.790073	-12.320832
2.253715	0.644992	5.522637	3.097464	-0.515941	-10.818017	-14.790995	-12.321134
-0.246342	0.624941	5.529096	3.097452	-0.524743	-10.807543	-14.791917	-12.321436
-2.106466	-0.962947	6.042201	2.882150	-1.336806	-9.851406	-14.870079	-12.348737
2.143804	1.336747	6.075930	2.228740	-2.156015	-8.883760	-14.937748	-12.375947
-2.480369	-1.925993	4.184045	1.127868	-3.018795	-7.820819	-14.999587	-12.405511
0.654208	2.405579	0.549705	-0.148467	-3.808597	-6.755075	-15.048986	-12.434962
3.273558	2.598726	0.408491	-0.196473	-3.836292	-6.715049	-15.050600	-12.436067
-3.312387	2.780577	0.268451	-0.244356	-3.863822	-6.675026	-15.052196	-12.437171
-0.445861	1.896542	-2.601722	-1.328466	-4.473634	-5.708990	-15.085455	-12.463818
5.701281	-2.968573	-4.098602	-2.141458	-4.954863	-4.748727	-15.108476	-12.490370
4.185587	-4.351145	-3.415683	-2.530118	-5.307526	-3.662865	-15.122269	-12.520599
-7.595406	-0.953178	-0.174850	-2.270245	-5.412097	-2.594755	-15.122723	-12.550697
3.412554	-0.887957	-0.135698	-2.264056	-5.411809	-2.583368	-15.122656	-12.551020
7.599010	-0.822688	-0.096715	-2.257814	-5.411493	-2.572015	-15.122587	-12.551343
-6.676271	3.136531	2.405347	-1.547530	-5.290066	-1.678045	-15.112183	-12.576942
-6.747475	2.958938	2.642336	-0.441164	-4.980784	-0.802635	-15.092076	-12.602442
5.844594	-0.739581	0.477812	1.175538	-4.390427	0.188432	-15.056571	-12.631924
-5.205775	0.027310	-2.080022	2.508669	-3.556646	1.149803	-15.008022	-12.661266
-5.250788	0.013488	-2.137949	2.545274	-3.516825	1.189057	-15.005724	-12.662481
5.242074	-0.011382	-2.189571	2.579868	-3.476564	1.228284	-15.003401	-12.663698
3.829421	0.556242	-2.008466	2.837544	-2.501584	2.066038	-14.947414	-12.690051
-5.807409	0.927581	-0.375986	2.242021	-1.346166	2.875610	-14.880826	-12.716287
2.121722	-1.336764	1.443629	0.796134	0.074459	3.736693	-14.794770	-12.745189
6.404984	-2.156416	2.008596	-1.152849	1.530880	4.558464	-14.695764	-12.773939
-6.404332	-2.151980	2.007377	-1.157556	1.534221	4.560331	-14.695518	-12.774006
-2.219623	-2.147441	2.006128	-1.162323	1.537605	4.562223	-14.695269	-12.774074
5.845465	1.371398	0.622689	-2.836490	2.769490	5.261606	-14.595721	-12.799653
-4.857790	2.177520	-1.666533	-3.847394	3.848846	5.925788	-14.485842	-12.825107
3.609122	-1.942849	-2.279062	-3.556463	4.785227	6.605391	-14.354774	-12.852616
-2.500853	1.755990	0.919089	-1.566124	5.447053	7.239029	-14.211550	-12.879971
2.439971	0.751955	1.151931	-1.390157	5.480843	7.279530	-14.201582	-12.881787
-2.381185	-0.295252	1.374268	-1.210554	5.513315	7.319818	-14.191561	-12.883602
1.779924	-1.729262	2.634513	1.400236	5.818643	7.840357	-14.051585	-12.907940
1.772603	1.842728	0.053355	3.830059	5.868604	8.320593	-13.901893	-12.932150
-1.397521	-2.017442	-3.051007	5.334375	5.603075	8.807672	-13.724035	-12.958919
-1.007596	1.905712	-2.288347	4.935188	4.990166	9.248195	-13.534202	-12.985522
1.517497	2.064653	-2.112804	4.842245	4.933834	9.278210	-13.520040	-12.987435
-0.068267	2.144696	-1.927358	4.742130	4.875997	9.307998	-13.505809	-12.989349
-1.743732	-0.580326	0.812670	3.015575	4.044076	9.658452	-13.323580	-13.013076
2.221372	-2.209834	3.171259	0.757296	3.041549	9.971621	-13.131711	-13.036666
2.456863	-0.183409	3.820793	-1.886033	1.791513	10.276077	-12.906870	-13.062754
-2.998810	2.285251	2.544682	-4.311957	0.472314	10.533867	-12.670139	-13.088666
3.021189	2.316586	2.470191	-4.392494	0.423678	10.542414	-12.661248	-13.089612
2.462322	2.345281	2.394186	-4.472229	0.375095	10.550892	-12.652349	-13.090556
-3.654028	2.451700	0.148284	-6.182334	-0.825673	10.742482	-12.424612	-13.114089
4.299657	1.098940	-2.172860	-7.181112	-1.959890	10.894629	-12.186950	-13.137469
4.186555	-2.382150	-3.846276	-7.124826	-3.120196	11.021400	-11.899022	-13.164382
-5.488208	-2.552412	-3.359262	-5.551063	-4.061067	11.094618	-11.597795	-13.191083
-1.674780	-2.543531	-3.355566	-5.546350	-4.062824	11.094716	-11.597140	-13.191139
5.489757	-2.534724	-3.351910	-5.541698	-4.064555	11.094813	-11.596495	-13.191195
4.062217	2.373380	-1.177878	-3.297416	-4.690336	11.114531	-11.326890	-13.213976
-5.763303	1.987396	1.329717	-0.636608	-5.149533	11.094271	-11.047493	-13.236595
5.741209	-1.962911	2.929620	2.386397	-5.469793	11.023212	-10.720612	-13.261912
-0.437760	2.101659	2.042061	4.950688	-5.583354	10.901262	-10.381360	-13.287017
-5.708303	2.067608	1.985313	5.039588	-5.583660	10.895302	-10.367423	-13.288025
-1.963051	1.994177	1.928986	5.127149	-5.583638	10.889267	-10.353477	-13.289032
5.721378	-2.550158	0.916672	6.726791	-5.499695	10.735508	-10.039537	-13.311243
-5.781440	2.401363	0.591509	7.626809	-5.258114	10.544134	-9.716072	-13.333282
-3.897838	3.485565	0.324774	7.740313	-4.812316	10.291019	-9.348255	-13.357407
5.952924	-0.946035	-0.557912	6.948208	-4.188517	9.996031	-8.969485	-13.381316
2.035288	-1.163628	-0.592936	6.900927	-4.161384	9.983880	-8.954706	-13.382231
-5.956640	-1.375637	-0.627250	6.852462	-4.134039	9.971672	-8.939912	-13.383146
3.747367	-3.252753	-1.022771	5.403645	-3.441784	9.670835	-8.590756	-13.404370
5.941193	-1.148260	-0.300762	3.428839	-2.662909	9.339757	-8.233373	-13.425417
-5.868573	1.814096	0.722385	0.856606	-1.701787	8.926225	-7.815093	-13.449257
-1.700027	-1.022091	0.386734	-1.571707	-0.704848	8.477836	-7.387143	-13.472858
5.773571	-1.035234	0.367878	-1.609139	-0.688118	8.470061	-7.379913	-13.473251
0.797491	-1.044872	0.348650	-1.646375	-0.671419	8.462291	-7.372693	-13.473642
-5.688223	0.700711	-0.787586	-3.415559	0.211845	8.035123	-6.984020	-13.494439
3.862568	-0.196083	-0.801420	-4.690205	1.060482	7.584445	-6.588872	-13.515040
5.563188	-0.957866	0.310267	-5.591175	1.928623	7.057595	-6.142196	-13.537732
-5.549216	1.319213	1.170520	-5.908290	2.681679	6.506557	-5.688897	-13.560177
2.092577	1.325609	1.171135	-5.908224	2.694525	6.496037	-5.680361	-13.560595
5.549603	1.328732	1.170911	-5.907930	2.707344	6.485493	-5.671808	-13.561013
-5.575577	-0.858743	0.386118	-5.648149	3.262023	5.974895	-5.262219	-13.580818
5.618219	-1.913024	-1.033341	-4.985064	3.704440	5.449041	-4.848498	-13.600422
2.488832	1.356523	-1.932314	-3.944272	4.058333	4.850650	-4.385784	-13.621910
-5.663745	2.542397	-1.285597	-2.807932	4.262733	4.238591	-3.919345	-13.643146
-4.551495	2.496823	-1.207864	-2.753342	4.268557	4.209454	-3.897267	-13.644142
5.661420	2.441919	-1.125751	-2.698669	4.274032	4.180295	-3.875183	-13.645136
0.904970	-0.265564	0.979661	-1.650097	4.310075	3.626105	-3.456426	-13.663837
-2.704572	-3.227627	2.900038	-0.577279	4.212716	3.070137	-3.035853	-13.682332
-5.318275	3.502751	2.107570	0.602106	3.943123	2.460351	-2.570917	-13.702470
5.056213	-0.412526	-1.565141	1.650638	3.495654	1.858102	-2.105074	-13.722352
-5.042291	-2.001054	-1.736741	1.693099	3.470722	1.830720	-2.083686	-13.723258
2.759251	-3.541011	-1.904461	1.734945	3.445399	1.803365	-2.062297	-13.724163
4.723528	1.796774	-4.261014	2.421196	2.852796	1.257248	-1.630419	-13.742333
-4.433529	2.929767	-4.298259	2.717212	2.119510	0.725582	-1.198959	-13.760278
-4.197144	0.232515	-1.555359	2.520294	1.187238	0.159105	-0.723169	-13.779848
4.235611	-2.574055	2.346326	1.849015	0.194470	-0.380355	-0.249251	-13.799137
1.617674	-2.513843	2.439644	1.827024	0.169420	-0.393502	-0.237389	-13.799617
-4.243837	-2.440395	2.532228	1.804806	0.144379	-0.406629	-0.225528	-13.800098
-1.489164	3.237733	4.942072	0.870745	-0.738703	-0.863932	0.199158	-13.817223
4.930526	-4.543205	4.045102	-0.221983	-1.554017	-1.291463	0.621152	-13.834115
-5.440859	6.441013	-1.281920	-1.213414	-2.322153	-1.731806	1.091401	-13.852813
1.938527	1.306545	-4.632795	-1.418587	-2.860113	-2.125011	1.556942	-13.871210
5.832031	0.646499	-4.635113	-1.417680	-2.861073	-2.125901	1.558061	-13.871254
-5.832687	-0.013350	-4.637398	-1.416765	-2.862031	-2.126790	1.559181	-13.871298
5.966643	-8.904504	-2.780578	-0.651992	-3.094946	-2.435190	1.972435	-13.887551
-5.926683	8.662835	3.315145	0.486065	-3.086888	-2.698721	2.380891	-13.903556
5.777714	-7.408921	3.526726	1.312892	-2.812567	-2.932597	2.814082	-13.920483
-5.627841	5.803811	-2.613877	1.052561	-2.273235	-3.117716	3.240603	-13.937119
-1.038379	5.519018	-2.853096	1.004203	-2.235342	-3.126858	3.264712	-13.938059
5.616021	5.055155	-3.060854	0.952518	-2.196750	-3.135851	3.288796	-13.938998
2.285316	-4.472691	-2.692924	-0.147376	-1.526821	-3.256424	3.658630	-13.953413
-5.638433	3.686321	1.550402	-1.323984	-0.783237	-3.343218	4.022409	-13.967597
5.822843	-3.206803	2.324769	-1.871297	0.064935	-3.404476	4.440452	-13.983919
-6.111827	2.983504	-1.318735	-0.882280	0.791381	-3.424991	4.849084	-13.999918
-5.274269	3.133584	-1.479911	-0.803905	0.824294	-3.425002	4.869563	-14.000721
6.145697	3.219889	-1.629273	-0.724062	0.856791	-3.424917	4.890004	-14.001523
5.756980	-0.901202	-2.355596	0.787972	1.355596	-3.408538	5.240449	-14.015300
4.215988	-4.279925	-0.567459	2.220800	1.724935	-3.365632	5.583060	-14.028821
-7.175169	2.201093	1.958965	3.330310	1.970605	-3.290308	5.952529	-14.043462
-7.166419	5.954571	3.062464	3.580267	2.032733	-3.188855	6.312399	-14.057787
0.046916	-5.798608	1.638855	2.751427	1.911541	-3.067242	6.655438	-14.071502
5.593886	-6.560076	-0.612616	1.103311	1.641895	-2.926831	6.989253	-14.084906
7.918651	-5.867630	-0.745289	0.961877	1.617704	-2.916036	7.013071	-14.085865
1.734110	-5.047850	-0.870534	0.818125	1.592955	-2.905160	7.036851	-14.086822
-7.936027	6.086727	-2.037684	-1.231085	1.221309	-2.754751	7.347051	-14.099341
7.827059	-1.834487	-2.894218	-3.330713	0.793015	-2.594885	7.648746	-14.111570
2.158263	-1.986730	-2.907255	-3.360862	0.786366	-2.592441	7.653194	-14.111750
-7.822172	-2.135722	-2.920324	-3.390951	0.779712	-2.589996	7.657639	-14.111931
4.807115	-4.497496	-3.884219	-5.153308	0.346528	-2.429961	7.940690	-14.123455
7.465667	1.267854	-5.000068	-6.365712	-0.071586	-2.267830	8.215790	-14.134703
-7.407138	3.621666	-4.937819	-6.772928	-0.490085	-2.082762	8.520270	-14.147210
3.693600	-3.939653	-2.237985	-6.095866	-0.809722	-1.900438	8.814339	-14.159351
7.570568	-3.863341	-2.157118	-6.065864	-0.816557	-1.895828	8.821734	-14.159657
3.640152	-3.758775	-2.076701	-6.035323	-0.823319	-1.891228	8.829112	-14.159963
-7.874504	4.603733	0.218469	-4.662196	-1.017299	-1.735183	9.079342	-14.170347
8.110538	-4.465009	1.094680	-2.781991	-1.138823	-1.585230	9.321466	-14.180441
8.404013	-5.900676	1.646038	-0.271663	-1.196489	-1.424972	9.584254	-14.191453
-8.199700	3.490726	3.241774	2.422189	-1.180080	-1.273712	9.836732	-14.202091
1.792788	3.528285	3.250416	2.434392	-1.179854	-1.273049	9.837848	-14.202138
8.195200	3.565615	3.259061	2.446594	-1.179627	-1.272386	9.838963	-14.202185
-7.543461	6.118302	4.787710	4.736820	-1.113457	-1.148344	10.048987	-14.211082
-0.712956	1.308412	5.527296	6.823876	-1.006802	-1.030168	10.251290	-14.219694
5.355833	-5.192467	4.938243	8.869098	-0.833742	-0.895230	10.485020	-14.229702
-3.038834	-4.228602	2.635361	10.273433	-0.623044	-0.768450	10.707488	-14.239291
-4.365249	-4.211645	2.619326	10.279400	-0.621793	-0.767770	10.708690	-14.239343
4.361208	-4.194667	2.603268	10.285348	-0.620541	-0.767090	10.709891	-14.239395
-0.390360	-1.205577	-0.025219	10.968761	-0.419289	-0.665206	10.890885	-14.247246
-3.883367	1.498295	-2.454656	11.199799	-0.206346	-0.569048	11.063644	-14.254786
-0.398300	2.453280	-4.045458	10.957240	0.030258	-0.471059	11.241786	-14.262613
4.342083	0.272898	-4.082047	10.217634	0.267855	-0.379561	11.410200	-14.270068
-4.354328	0.105715	-4.052607	10.175075	0.278026	-0.375786	11.417194	-14.270379
0.831404	-0.062379	-4.020998	10.131668	0.288189	-0.372026	11.424165	-14.270689
4.599014	-1.855753	-2.922232	9.019561	0.505059	-0.294453	11.568819	-14.277145
-4.761288	1.891793	-1.385806	7.650574	0.721210	-0.222080	11.705328	-14.283285
-4.268624	1.584000	0.251224	5.969234	0.964835	-0.146198	11.850219	-14.289861
4.750219	-2.312760	1.483766	4.321449	1.206376	-0.076719	11.984625	-14.296024
3.297115	-2.411036	1.509553	4.280007	1.212661	-0.074986	11.988000	-14.296180
-4.741369	-2.505911	1.534994	4.238677	1.218944	-0.073258	11.991368	-14.296335
0.348549	-2.994651	2.183712	2.928543	1.428380	-0.017775	12.100095	-14.301378
4.357810	0.094873	2.446694	1.795378	1.635296	0.033005	12.200743	-14.306100
-4.333128	3.981431	2.419455	0.733478	1.869996	0.085804	12.306667	-14.311138
-2.588442	2.628307	2.241104	-0.086653	2.100151	0.132645	12.401842	-14.315742
4.721642	2.619814	2.240609	-0.088277	2.100669	0.132745	12.402046	-14.315752
-4.723137	2.611415	2.240121	-0.089878	2.101179	0.132844	12.402247	-14.315762
-3.038052	-1.483982	2.032778	-0.650904	2.299875	0.169312	12.477218	-14.319459
3.843594	-4.765253	1.823074	-1.099797	2.494085	0.201379	12.543792	-14.322813
7.808571	-5.557708	1.634775	-1.518631	2.707976	0.232528	12.608988	-14.326195
-8.768604	-0.835620	1.488047	-1.888408	2.914934	0.258396	12.663335	-14.329132
1.921538	-0.752310	1.486273	-1.891552	2.916706	0.258599	12.663760	-14.329156
8.781048	-0.667996	1.484477	-1.894707	2.918482	0.258802	12.664187	-14.329180
-9.200745	5.983499	1.171768	-2.211002	3.094485	0.277313	12.702858	-14.331390
-2.599939	-0.810380	0.504816	-2.521059	3.264155	0.292018	12.733010	-14.333249
9.231330	-6.182514	-0.454303	-2.845171	3.440496	0.303808	12.756050	-14.334868
-6.100331	5.746562	-1.360916	-3.151218	3.608327	0.311434	12.768997	-14.336068
-9.092345	6.021688	-1.391634	-3.163471	3.615114	0.311663	12.769315	-14.336109
-4.489086	6.240373	-1.421545	-3.175693	3.621890	0.311886	12.769617	-14.336149
9.006403	1.204058	-1.872531	-3.437020	3.769048	0.315112	12.771746	-14.336855
8.459308	-7.653372	-1.937896	-3.673021	3.907888	0.315057	12.765051	-14.337196
