-49.204989	69.744053	-22.363764	1.910138	-2.967620	6.545750	15.167297	-30.563539	5.629157
-33.271178	53.007588	-21.341888	2.025772	-3.089225	6.546129	15.174041	-30.540597	5.625195
1.997086	13.931678	-17.517127	2.036378	-3.364147	6.516652	15.188387	-30.513411	5.620989
5.716009	12.190402	-17.326068	2.034285	-3.376512	6.515049	15.189031	-30.512365	5.620835
-5.695872	10.497139	-17.131114	2.031998	-3.389039	6.513407	15.189685	-30.511314	5.620680
5.102005	-3.050872	-11.144277	1.909438	-3.740846	6.461590	15.208293	-30.484014	5.616820
-4.335253	2.669039	-3.707997	1.634501	-4.168295	6.387007	15.231763	-30.453482	5.612776
3.301623	-2.236275	0.930821	1.089003	-4.723049	6.273858	15.263977	-30.414641	5.607934
1.428332	1.440860	-0.477315	0.280906	-5.320034	6.130720	15.301370	-30.371532	5.602852
-2.110897	1.805856	-0.577200	0.237168	-5.349329	6.123067	15.303291	-30.369348	5.602601
2.055010	2.119393	-0.671111	0.193147	-5.378631	6.115350	15.305221	-30.367155	5.602350
-1.069136	-2.856636	-1.179498	-0.640068	-5.911081	5.963045	15.342012	-30.325607	5.597692
-0.968932	-3.091805	0.143289	-1.452201	-6.430502	5.787603	15.381826	-30.280759	5.592851
-0.194567	3.943809	1.464392	-2.120244	-6.983511	5.558117	15.430608	-30.225322	5.587080
-0.172368	-4.528147	0.273823	-2.257617	-7.462947	5.297977	15.482195	-30.165505	5.581068
0.270708	-4.282330	0.202387	-2.251425	-7.481138	5.286304	15.484428	-30.162880	5.580809
-0.310921	-3.971056	0.131724	-2.244315	-7.499142	5.274576	15.486665	-30.160247	5.580549
1.574371	0.712026	-1.151865	-1.884589	-7.834708	5.010502	15.535348	-30.102036	5.574887
-3.322420	1.212040	-1.846699	-1.169736	-8.061587	4.721128	15.585314	-30.040203	5.569027
-1.550433	3.836180	-1.622705	-0.071443	-8.167304	4.371922	15.641447	-29.967667	5.562324
6.831005	1.960723	-0.131841	1.096556	-8.102625	3.991568	15.697973	-29.890657	5.555379
-6.850045	1.827821	-0.098095	1.115849	-8.099864	3.984634	15.698962	-29.889269	5.555255
1.252062	1.692720	-0.064138	1.135105	-8.097039	3.977678	15.699953	-29.887878	5.555131
7.439590	-2.792948	1.500255	1.966032	-7.882143	3.621230	15.748881	-29.817185	5.548893
-7.441689	2.631088	2.014697	2.424891	-7.512907	3.242537	15.797215	-29.743078	5.542473
0.388948	-1.062242	1.389550	2.323748	-6.890644	2.783411	15.851403	-29.653845	5.534882
6.186817	-3.135852	0.108825	1.676601	-6.069067	2.301100	15.903664	-29.560070	5.527050
3.050983	-2.793386	0.043904	1.636300	-6.026049	2.277874	15.906068	-29.555542	5.526675
0.122022	-2.418173	-0.020896	1.595295	-5.982677	2.254604	15.908465	-29.551004	5.526300
-5.328388	3.506910	-1.139320	0.732679	-5.115770	1.813865	15.951983	-29.464652	5.519215
-1.921650	0.773974	-1.854831	-0.215245	-4.155470	1.360441	15.993095	-29.374766	5.511943
3.874842	-3.876136	-1.716997	-1.210529	-2.977905	0.828741	16.036676	-29.267500	5.503390
-3.402445	1.085216	-0.358389	-1.913610	-1.755801	0.286896	16.075942	-29.155558	5.494593
3.387741	1.383906	-0.281439	-1.936962	-1.699110	0.261798	16.077634	-29.150299	5.494183
0.978915	1.665422	-0.204273	-1.959463	-1.642398	0.236687	16.079314	-29.145030	5.493772
-3.220042	3.594017	1.122430	-2.216370	-0.566286	-0.241158	16.109094	-29.043338	5.485893
0.752355	0.621703	1.706325	-2.119964	0.504509	-0.721609	16.134683	-28.938053	5.477827
3.392530	-2.876847	1.219138	-1.559098	1.701550	-1.273475	16.158366	-28.812725	5.468338
-3.610585	-1.278103	-0.215484	-0.705373	2.832510	-1.822324	16.175367	-28.682614	5.458603
-1.842544	-1.131207	-0.287468	-0.663904	2.881392	-1.846931	16.175966	-28.676637	5.458159
3.630563	-0.979518	-0.359256	-0.622333	2.930104	-1.871542	16.176550	-28.670647	5.457713
-3.814708	2.014733	-1.555776	0.171430	3.833369	-2.347522	16.184878	-28.552079	5.448946
-2.951544	1.486568	-1.931297	0.839483	4.635792	-2.815965	16.187120	-28.429784	5.439988
4.116829	-1.145620	-1.135398	1.341103	5.399613	-3.338205	16.181711	-28.285691	5.429537
-4.204880	-1.197094	0.480318	1.567317	5.970158	-3.844173	16.167219	-28.136697	5.418839
-3.407042	-1.115693	0.551341	1.571076	5.988825	-3.864387	16.166428	-28.130524	5.418398
4.209288	-1.030290	0.622215	1.574424	6.007113	-3.884569	16.165620	-28.124343	5.417957
-4.195166	1.242623	2.679188	1.228480	6.457105	-4.806906	16.107319	-27.818975	5.396350
-1.296890	-1.823054	-0.400285	0.012465	6.149981	-5.624126	16.007543	-27.494870	5.373800
0.275080	-1.804581	-0.423160	0.006258	6.147005	-5.627574	16.006985	-27.493344	5.373694
4.000679	-1.785384	-0.446158	0.000032	6.144004	-5.631031	16.006423	-27.491813	5.373589
-3.302746	-1.558342	-0.673543	-0.060780	6.113894	-5.664737	16.000872	-27.476788	5.372552
-3.977265	-1.254922	-0.903677	-0.121175	6.082496	-5.698148	15.995229	-27.461731	5.371513
3.869898	2.223771	-2.722594	-0.605907	5.762039	-5.972150	15.943053	-27.331284	5.362546
2.755549	0.380116	-3.579396	-0.983262	5.353408	-6.223258	15.883775	-27.198070	5.353439
-3.606939	-2.834863	-2.811412	-1.228355	4.689608	-6.516338	15.794260	-27.018039	5.341204
2.535326	2.428348	-0.124292	-1.188961	3.897968	-6.761710	15.691401	-26.833232	5.328726
3.467458	2.685944	0.051068	-1.178665	3.848039	-6.774501	15.684955	-26.822266	5.327987
-3.460662	2.905861	0.225114	-1.167539	3.797713	-6.787120	15.678457	-26.811278	5.327248
-2.324254	2.315073	2.474641	-0.916372	3.018576	-6.951531	15.577183	-26.647602	5.316265
3.310672	-0.958040	3.869655	-0.530325	2.185344	-7.073918	15.465176	-26.480410	5.305098
-3.264256	-1.976003	4.405651	0.030234	1.186248	-7.159350	15.321670	-26.282526	5.291945
-0.147453	-0.784899	3.941684	0.644718	0.189071	-7.180318	15.162911	-26.080020	5.278546
3.226270	0.654844	2.663269	1.208859	-0.744226	-7.134227	14.991700	-25.876083	5.265107
-0.768842	0.744770	0.512546	1.636791	-1.583918	-7.018508	14.806150	-25.667776	5.251431
-3.209703	0.679067	0.399635	1.651681	-1.619377	-7.011530	14.797369	-25.658190	5.250803
-1.213875	0.605586	0.285912	1.666102	-1.654550	-7.004405	14.788566	-25.648603	5.250174
3.173244	-0.708850	-2.134336	1.847728	-2.305454	-6.827375	14.604438	-25.452823	5.237363
-3.094099	0.921919	-4.080942	1.781357	-2.829575	-6.585775	14.408910	-25.253462	5.224350
1.128944	-1.642567	-3.338541	1.394443	-3.248698	-6.247135	14.183986	-25.032906	5.209984
2.615444	-1.891001	0.034394	0.718328	-3.507298	-5.826906	13.946468	-24.808286	5.195379
-2.596708	-1.624072	0.218709	0.679823	-3.515491	-5.804848	13.934836	-24.797475	5.194676
2.577567	-1.331265	0.402594	0.640769	-3.523305	-5.782594	13.923168	-24.786649	5.193973
-0.029243	2.432079	3.219615	-0.231359	-3.596967	-5.305276	13.686528	-24.570425	5.179934
-1.936924	-2.315911	2.859295	-1.225264	-3.508840	-4.761846	13.439448	-24.350715	5.165682
-1.790585	-2.608236	2.778079	-1.268258	-3.501116	-4.736752	13.428439	-24.341054	5.165055
1.933974	-2.884862	2.692611	-1.311049	-3.493058	-4.711548	13.417411	-24.331386	5.164428
0.835532	-2.013750	0.095627	-2.164622	-3.226148	-4.125443	13.167947	-24.115283	5.150417
-2.511617	3.422144	-2.261945	-2.673713	-2.788179	-3.492643	12.909419	-23.896040	5.136205
2.970396	2.010421	-2.121003	-2.590065	-2.135690	-2.749420	12.614157	-23.650650	5.120296
2.448846	-3.453681	0.080582	-1.835032	-1.370956	-1.968390	12.308731	-23.401599	5.104142
-3.156047	-3.338310	0.189067	-1.787956	-1.335162	-1.932593	12.294786	-23.390331	5.103411
3.152339	-3.168394	0.296311	-1.739897	-1.299297	-1.896740	12.280821	-23.379056	5.102679
2.256916	3.185331	1.706631	-0.625134	-0.591231	-1.183748	12.003051	-23.156491	5.088230
-2.364670	2.525620	0.870013	0.686851	0.091330	-0.456689	11.718099	-22.931219	5.073591
-0.913382	-2.310467	-1.429223	2.036234	0.788655	0.400711	11.376804	-22.664909	5.056263
1.362662	0.758551	-2.062340	2.633981	1.302676	1.257142	11.026649	-22.395087	5.038675
0.538883	1.030871	-2.034151	2.634003	1.317909	1.290376	11.012819	-22.384493	5.037983
-1.354844	1.294300	-2.001792	2.632034	1.332737	1.323593	10.998977	-22.373894	5.037292
1.507705	1.756481	-0.333121	2.160728	1.559791	2.048431	10.691250	-22.139381	5.021974
-0.891812	-1.920203	2.265047	1.138596	1.613687	2.757132	10.377695	-21.902403	5.006464
-3.659349	1.191398	3.097884	-0.242489	1.491966	3.553497	10.005460	-21.623287	4.988153
-4.901888	3.727988	1.014168	-1.366364	1.209715	4.308998	9.626230	-21.340994	4.969582
4.984059	3.104059	0.874325	-1.404437	1.194452	4.340689	9.609636	-21.328683	4.968771
-5.067140	2.433587	0.731436	-1.441481	1.178954	4.372308	9.593018	-21.316358	4.967958
3.736832	-5.368482	-2.213391	-1.926808	0.831058	4.976904	9.261972	-21.071460	4.951797
8.999213	0.006172	-4.013780	-1.835472	0.422180	5.538295	8.926493	-20.824361	4.935443
-11.783995	10.137356	-3.547071	-0.947493	-0.081517	6.129151	8.530858	-20.534063	4.916167
9.257936	-12.363323	-0.158159	0.288738	-0.521562	6.641552	8.130114	-20.240937	4.896630
10.101170	-13.050400	-0.004429	0.339165	-0.537190	6.661330	8.113043	-20.228466	4.895797
15.039992	-13.641523	0.146836	0.389058	-0.552517	6.680959	8.095952	-20.215982	4.894963
4.054892	-7.695148	2.560973	1.198817	-0.783184	7.042143	7.748478	-19.962377	4.877992
-19.112356	12.954213	3.705359	1.353513	-0.819635	7.332444	7.397950	-19.706822	4.860828
-22.387321	20.964290	3.110345	0.441699	-0.572340	7.580228	6.982646	-19.404166	4.840417
-4.476414	-3.252190	0.080668	-0.859736	-0.125870	7.732030	6.564032	-19.098988	4.819740
1.932743	-4.370636	-0.039914	-0.900628	-0.107914	7.735820	6.548788	-19.087871	4.818985
3.534591	-5.470930	-0.159289	-0.940573	-0.089909	7.739493	6.533541	-19.076751	4.818229
24.682456	-20.869256	-2.136598	-1.482348	0.332090	7.793101	6.171764	-18.812759	4.800255
12.357364	-16.238146	-1.508517	-0.991892	0.688126	7.785826	5.808021	-18.547030	4.782085
-19.196543	11.641068	0.747157	1.976896	0.960369	7.555108	4.944097	-17.914358	4.738489
6.533806	-3.447786	-1.077242	1.508937	0.185886	7.077311	4.072318	-17.273170	4.693800
-5.957208	-4.260744	-0.573480	1.331965	0.147498	7.057445	4.042612	-17.251263	4.692263
-3.937329	-0.362074	-0.012099	1.143429	0.108704	7.037371	4.012911	-17.229358	4.690726
5.018074	2.577297	0.344954	1.021586	0.084432	7.024806	3.994477	-17.215759	4.689772
-4.664793	3.942731	0.692107	0.896694	0.060019	7.012158	3.976040	-17.202157	4.688817
-0.939887	2.823628	1.001703	0.775006	0.036567	6.999996	3.958420	-17.189157	4.687904
4.010538	0.516040	1.276137	0.651606	0.013018	6.987769	3.940811	-17.176162	4.686992
3.952071	0.359045	0.728839	-1.364676	-0.379765	6.778824	3.654033	-16.964331	4.672082
3.105880	-2.906294	-2.493727	-2.659840	-0.769064	6.552290	3.366731	-16.751699	4.657053
2.656165	1.960998	-0.109443	-2.021044	-1.269333	6.202148	2.955778	-16.446782	4.635392
1.353492	4.266591	4.401753	0.087110	-1.686011	5.825592	2.544142	-16.140382	4.613491
-0.028059	-4.742338	3.116195	1.876977	-2.024376	5.410986	2.114603	-15.819530	4.590408
2.825023	4.149457	-0.596044	2.778982	-2.259134	4.979984	1.684794	-15.497237	4.567064
-0.090595	4.343317	-0.733328	2.801625	-2.267705	4.958973	1.664141	-15.481718	4.565936
-3.073575	4.477886	-0.862128	2.822530	-2.276027	4.937939	1.643489	-15.466196	4.564808
-2.251109	2.701233	-2.157266	2.928310	-2.387335	4.553303	1.268928	-15.184134	4.544231
6.420043	1.582241	-3.222327	2.612523	-2.433954	4.165582	0.894506	-14.901099	4.523454
1.945939	0.048370	-5.164019	1.901403	-2.416431	3.721349	0.464673	-14.574762	4.499335
-7.671142	-0.659017	-6.873084	1.007578	-2.328096	3.282692	0.035479	-14.247306	4.474952
-3.168909	-0.629219	-6.917605	0.967252	-2.322663	3.263615	0.016657	-14.232908	4.473875
7.667341	-0.594656	-6.958274	0.927002	-2.317106	3.244568	-0.002150	-14.218518	4.472799
-7.403352	0.168157	-6.845890	0.151023	-2.180051	2.869016	-0.376141	-13.931655	4.451271
2.781566	-0.204990	-4.911626	-0.535034	-1.993519	2.500703	-0.749274	-13.644078	4.429542
5.991647	-0.509948	-1.534300	-1.170673	-1.719452	2.086821	-1.177071	-13.312585	4.404308
0.670114	0.775741	1.926543	-1.606230	-1.383433	1.684027	-1.603277	-12.980313	4.378806
-5.133941	0.838895	2.063198	-1.620280	-1.367169	1.666480	-1.622088	-12.965600	4.377672
5.101771	0.900603	2.197612	-1.633861	-1.350787	1.648956	-1.640896	-12.950885	4.376537
-2.200473	1.839392	4.281147	-1.803293	-0.991279	1.296717	-2.023705	-12.650454	4.353279
-4.168002	0.457203	4.742609	-1.748466	-0.584536	0.954829	-2.404811	-12.349543	4.329804
3.920331	-3.058172	3.773033	-1.426219	-0.090152	0.594696	-2.817770	-12.021315	4.303989
-2.249914	1.636232	2.022956	-0.923574	0.455859	0.247002	-3.228267	-11.692677	4.277915
-3.807063	1.803264	1.951695	-0.902942	0.477163	0.234289	-3.243501	-11.680433	4.276940
-3.796183	1.958021	1.880311	-0.882233	0.498536	0.221592	-3.258731	-11.668189	4.275963
3.796022	3.379725	0.259280	-0.391780	1.016409	-0.069949	-3.612879	-11.382489	4.253094
-1.742381	4.032688	-0.993897	0.059579	1.570632	-0.352914	-3.964840	-11.096594	4.230028
-4.000833	1.811330	-1.301935	0.521645	3.031593	-0.994979	-4.794160	-10.414597	4.174255
4.013790	-3.514768	0.363514	-0.108147	4.644148	-1.595170	-5.608151	-9.732545	4.117367
2.132230	-3.577065	0.386936	-0.120659	4.678087	-1.607228	-5.624883	-9.718381	4.116173
-3.650114	-3.567386	0.409090	-0.132751	4.711989	-1.619262	-5.641596	-9.704228	4.114980
-4.002009	-3.367565	0.433754	-0.146551	4.752252	-1.633540	-5.661444	-9.687411	4.113562
3.997121	-2.900880	0.456591	-0.159708	4.792515	-1.647805	-5.681293	-9.670585	4.112142
-3.992471	-2.358556	0.475680	-0.171043	4.829009	-1.660723	-5.699287	-9.655325	4.110853
-0.329630	-1.859059	0.493208	-0.181790	4.865503	-1.673631	-5.717283	-9.640054	4.109563
3.896548	0.578009	0.563573	-0.268046	5.411435	-1.866075	-5.987544	-9.409868	4.090048
-3.788021	2.826375	0.275739	-0.216846	5.945038	-2.054554	-6.255710	-9.179802	4.070404
-3.195057	1.316757	-0.487699	0.006947	6.655684	-2.309216	-6.623255	-8.861636	4.043007
3.566337	-1.678967	-0.789585	0.263327	7.325466	-2.557140	-6.986436	-8.543823	4.015364
2.418579	-1.210703	0.133183	0.413460	7.978033	-2.812187	-7.365005	-8.208661	3.985906
-3.804781	0.611051	1.384356	0.305524	8.561501	-3.060847	-7.738225	-7.874067	3.956172
0.605468	0.592928	1.422622	0.293810	8.583605	-3.070889	-7.753372	-7.860395	3.954950
3.831213	0.565160	1.459054	0.281439	8.605573	-3.080930	-7.768522	-7.846714	3.953727
-4.184282	-0.379421	1.577008	-0.134404	9.031720	-3.289799	-8.084739	-7.559428	3.927908
-3.696732	0.640455	0.184831	-0.829138	9.388666	-3.494777	-8.396645	-7.272688	3.901885
5.031323	0.701204	-1.691876	-1.794160	9.714919	-3.729238	-8.754486	-6.939290	3.871300
3.066129	-1.186103	-2.190256	-2.655845	9.941988	-3.959629	-9.105980	-6.606827	3.840441
-5.235170	-1.138896	-2.166760	-2.679573	9.947847	-3.967285	-9.117633	-6.595716	3.839403
5.235625	-1.077837	-2.140253	-2.702892	9.953597	-3.974945	-9.129288	-6.584596	3.838364
5.231286	1.594382	-0.740771	-3.173033	10.062432	-4.171799	-9.427580	-6.297951	3.811437
-4.732377	-0.738605	1.024302	-3.453089	10.094113	-4.367608	-9.720773	-6.012129	3.784303
4.102403	-1.808537	2.284584	-3.661616	10.033647	-4.592235	-10.050821	-5.685138	3.752903
-1.759616	0.396156	1.898173	-3.864781	9.867294	-4.817567	-10.373705	-5.359387	3.721228
-3.329667	0.476975	1.856603	-3.872648	9.859256	-4.825724	-10.385238	-5.347638	3.720078
-1.663924	0.555042	1.813448	-3.880562	9.851074	-4.833883	-10.396761	-5.335890	3.718927
2.658946	1.393537	0.429087	-4.087647	9.609833	-5.030944	-10.671850	-5.052954	3.691061
-1.448830	0.143711	-1.086093	-4.334305	9.282743	-5.228236	-10.941131	-4.771090	3.662985
-1.761519	-0.962512	-1.947103	-4.682446	8.798357	-5.454671	-11.242815	-4.448992	3.630504
1.793715	0.759506	-1.077686	-5.086036	8.193955	-5.680789	-11.536378	-4.128484	3.597748
1.829916	0.832098	-1.021109	-5.099833	8.170186	-5.688827	-11.546673	-4.117107	3.596578
-1.842191	0.901755	-0.963202	-5.113521	8.146239	-5.696870	-11.556967	-4.105723	3.595405
-0.478752	0.434195	0.706074	-5.388323	7.493004	-5.898510	-11.811896	-3.820606	3.565860
3.103535	-1.225129	1.922557	-5.423583	6.737973	-6.099373	-12.059944	-3.536902	3.536094
-4.446694	0.579338	1.378136	-5.042477	5.792412	-6.318276	-12.323616	-3.227756	3.503231
-4.578748	2.044079	-0.463484	-4.228940	4.728589	-6.535658	-12.578611	-2.920446	3.470103
4.599774	1.606088	-0.571739	-4.174378	4.668799	-6.547185	-12.591942	-2.904134	3.468331
-4.619339	1.134283	-0.679570	-4.118694	4.608666	-6.558714	-12.605256	-2.887819	3.466558
2.321238	-2.506891	-2.171800	-3.059307	3.582569	-6.746538	-12.819444	-2.621677	3.437441
4.672719	-1.546686	-2.669506	-1.742433	2.482114	-6.932748	-13.026715	-2.357033	3.408122
2.105305	1.019024	-2.100023	0.070287	1.115325	-7.148298	-13.260251	-2.049358	3.373561
-4.505264	3.543684	-0.704567	2.086241	-0.318309	-7.361032	-13.483885	-1.743879	3.338724
-1.968529	3.541356	-0.627484	2.182332	-0.385624	-7.370756	-13.493942	-1.729864	3.337112
4.523080	3.532438	-0.549495	2.278695	-0.453081	-7.380480	-13.503984	-1.715845	3.335500
-4.852870	2.243227	1.077904	4.122447	-1.741332	-7.562579	-13.689316	-1.452356	3.304972
5.393646	-3.646464	2.890499	5.971080	-3.051147	-7.742066	-13.866828	-1.190636	3.274235
2.813015	-3.250682	4.563106	7.996420	-4.551238	-7.942820	-14.059083	-0.895085	3.239010
-4.698325	1.850072	4.942551	9.845794	-6.043759	-8.139600	-14.240806	-0.601950	3.203514
-7.152549	3.075543	3.289585	11.438801	-7.518126	-8.333179	-14.412728	-0.309638	3.167539
7.111457	-2.874156	-0.102137	12.709456	-8.947712	-8.522092	-14.573549	-0.019914	3.131290
-7.110638	-2.882650	-0.112068	12.712262	-8.951307	-8.522569	-14.573947	-0.019175	3.131196
-3.740337	-2.891046	-0.122003	12.715066	-8.954900	-8.523047	-14.574345	-0.018436	3.131103
6.622839	-1.188138	-3.571002	13.545806	-10.189695	-8.688460	-14.709103	0.239522	3.098309
-5.928131	2.850639	-6.051974	14.054582	-11.369761	-8.849618	-14.834580	0.495303	3.065291
5.192813	0.392339	-6.516930	14.223152	-12.617285	-9.024473	-14.963687	0.778640	3.028113
3.003888	-0.462288	-5.031752	13.998232	-13.782937	-9.193393	-15.080783	1.059138	2.990656
-2.943203	-0.519494	-4.958260	13.984180	-13.820735	-9.198982	-15.084520	1.068547	2.989388
-4.689337	-0.589825	-4.883669	13.969731	-13.858398	-9.204558	-15.088239	1.077944	2.988120
4.568797	-3.880801	-2.701445	13.468472	-14.780865	-9.343881	-15.178096	1.315684	2.955805
-4.659895	1.575788	-0.310178	12.721867	-15.633140	-9.478396	-15.258848	1.551269	2.923283
-4.108035	5.177367	2.258651	11.565516	-16.532428	-9.628961	-15.341356	1.823305	2.885087
1.348307	2.274516	4.198392	10.118851	-17.322512	-9.772402	-15.411053	2.092294	2.846612
4.877680	2.009464	4.271550	10.045021	-17.356095	-9.778821	-15.413945	2.104588	2.844837
-4.869264	1.738330	4.343371	9.970522	-17.389431	-9.785225	-15.416811	2.116876	2.843060
0.251375	-0.969316	5.464105	8.426756	-17.973730	-9.903622	-15.465876	2.348586	2.809271
4.102826	-1.116246	6.172243	6.614882	-18.464127	-10.016175	-15.504859	2.577917	2.775269
-3.681730	-1.444162	6.573662	4.166978	-18.903549	-10.137460	-15.536884	2.837189	2.736129
0.711027	-2.551785	6.649232	1.263519	-19.206581	-10.250559	-15.555308	3.093270	2.696712
3.698938	-2.634316	6.646034	1.120026	-19.217034	-10.255518	-15.555820	3.104875	2.694907
-3.716081	-2.724635	6.642285	0.975584	-19.227187	-10.260459	-15.556304	3.116473	2.693102
-2.545191	-7.454905	6.450645	-1.930732	-19.362369	-10.351073	-15.560005	3.335863	2.658643
5.232189	-10.039116	5.972669	-5.053815	-19.384021	-10.435179	-15.553159	3.552810	2.623976
4.356608	-3.443476	4.974114	-8.715774	-19.263978	-10.523277	-15.532384	3.796692	2.584272
-7.137220	8.865700	3.377307	-12.320201	-18.982591	-10.603599	-15.497621	4.037394	2.544293
-7.616958	9.883406	1.133903	-15.660528	-18.536695	-10.675845	-15.449183	4.272946	2.504375
7.001639	-1.646368	-1.508690	-18.591245	-17.917231	-10.740950	-15.386722	4.505328	2.464187
-0.944357	-2.476606	-1.627623	-18.714015	-17.884250	-10.743792	-15.383492	4.516001	2.462321
-6.886262	-3.279187	-1.745495	-18.835515	-17.850880	-10.746620	-15.380232	4.526668	2.460455
5.233662	-8.305734	-3.785364	-21.041229	-17.069184	-10.801986	-15.305731	4.746580	2.421578
0.461374	-0.567039	-4.633667	-22.536278	-16.113343	-10.851031	-15.218261	4.963535	2.382452
-3.405972	-0.050057	-4.637662	-22.555547	-16.094670	-10.851849	-15.216583	4.967379	2.381752
3.378955	0.465183	-4.641284	-22.574504	-16.075974	-10.852663	-15.214904	4.971215	2.381053
-2.345597	5.944390	-4.352154	-23.162914	-15.027848	-10.892185	-15.122187	5.168965	2.344667
-2.134442	-4.696920	-3.244827	-22.923815	-13.831522	-10.926327	-15.018558	5.364165	2.308068
2.223277	-4.509695	-1.262363	-21.587943	-12.281268	-10.959040	-14.885373	5.586535	2.265512
1.098376	1.047452	1.095622	-19.135754	-10.572139	-10.984446	-14.737988	5.805467	2.222671
-3.103069	1.218823	1.194113	-19.004743	-10.494857	-10.985380	-14.731287	5.814873	2.220809
-2.383877	1.374936	1.291643	-18.871693	-10.417320	-10.986299	-14.724560	5.824271	2.218946
4.238131	1.573501	2.918697	-15.789057	-8.817326	-11.001736	-14.584688	6.010713	2.181614
-6.671109	-1.389687	3.519931	-11.911178	-7.130620	-11.011497	-14.434573	6.194553	2.144068
-7.091215	-1.889062	2.266295	-6.504802	-5.087348	-11.015556	-14.248155	6.404229	2.100311
-7.031729	1.956284	-0.959570	-0.452359	-2.969217	-11.011642	-14.048602	6.610380	2.056266
3.553640	2.146565	-1.109220	-0.179204	-2.874597	-11.011283	-14.039520	6.619374	2.054321
5.642878	2.333756	-1.257261	0.094303	-2.779812	-11.010908	-14.030407	6.628368	2.052373
6.858625	4.470372	-3.400926	5.417690	-0.905991	-11.000330	-13.846980	6.803119	2.014118
10.633570	1.091136	-3.192287	10.471639	0.991226	-10.983505	-13.654279	6.975218	1.975648
7.993225	-7.951432	-0.796473	15.707442	3.194189	-10.956098	-13.420321	7.170791	1.930922
-10.780239	-3.278971	2.172083	20.029247	5.387299	-10.919948	-13.174615	7.362794	1.885907
0.825274	-2.359501	2.284332	20.198681	5.485932	-10.918102	-13.163227	7.371396	1.883864
10.714990	-1.393532	2.392907	20.365650	5.584497	-10.916238	-13.151815	7.379990	1.881820
-9.770074	10.786992	3.463823	23.059760	7.462630	-10.876826	-12.928040	7.543716	1.842428
8.417340	-5.877301	2.117993	24.713606	9.300630	-10.830486	-12.695895	7.704717	1.802818
7.200599	-11.433591	-0.631140	25.501259	11.338679	-10.768689	-12.419888	7.885839	1.757160
-5.143532	-3.431865	-2.434644	25.383461	13.283534	-10.697402	-12.133541	8.063342	1.711216
1.615753	-3.044738	-2.486301	25.361372	13.368977	-10.693950	-12.120351	8.071284	1.709131
5.025593	-2.660034	-2.535604	25.338045	13.454188	-10.690478	-12.107140	8.079219	1.707046
-4.118338	4.313568	-3.066748	24.679395	15.055652	-10.619379	-11.847606	8.231256	1.666590
-4.085353	7.065329	-2.891954	23.707049	16.563608	-10.540695	-11.580670	8.380496	1.625914
3.357028	7.289870	-1.818770	22.168908	18.163887	-10.441506	-11.267447	8.547296	1.579249
-2.640792	4.315068	0.000800	20.125624	19.631774	-10.332056	-10.945232	8.710423	1.532298
-3.042456	4.050383	0.085070	20.022448	19.693934	-10.326948	-10.930702	8.717591	1.530203
-3.427591	3.771031	0.168790	19.918195	19.755828	-10.321819	-10.916155	8.724751	1.528109
3.634526	-2.381579	1.542458	17.653855	20.919600	-10.216666	-10.626504	8.864146	1.486777
-3.894142	-3.144709	1.812738	15.014998	21.980170	-10.103340	-10.330471	9.000708	1.445225
-2.759952	0.262926	0.305062	11.613076	23.070724	-9.962835	-9.982702	9.154122	1.397202
4.280843	1.407895	-1.269849	7.988804	24.023312	-9.811142	-9.627166	9.303754	1.348890
-0.601070	1.292803	-1.313173	7.810265	24.066105	-9.803476	-9.609684	9.310934	1.346533
-4.280720	1.168104	-1.352048	7.631684	24.108570	-9.795783	-9.592184	9.318105	1.344175
0.904537	-0.706572	-1.270406	4.409415	24.823182	-9.651191	-9.271037	9.446903	1.301194
3.920003	-0.917077	0.065372	1.374108	25.428632	-9.497517	-8.944342	9.572720	1.257985
-3.516768	0.900659	1.340870	-1.467940	25.980634	-9.312759	-8.568819	9.711284	1.208885
2.196237	-0.824508	0.629642	-3.425993	26.391591	-9.116009	-8.186876	9.846003	1.159494
3.053797	-0.881578	0.568993	-3.487915	26.405015	-9.107929	-8.171549	9.851284	1.157523
-3.036448	-0.931331	0.506768	-3.548854	26.418224	-9.099823	-8.156201	9.856563	1.155549
-0.152680	-0.801985	-1.018628	-4.649157	26.647468	-8.921028	-7.824288	9.968460	1.113054
2.356160	0.463809	-2.267616	-5.496427	26.772309	-8.733166	-7.488178	10.077514	1.070347
-0.480137	1.302582	-2.212284	-6.425737	26.785121	-8.501401	-7.089280	10.201671	1.020034
-1.677835	0.103998	0.032370	-7.458638	26.653499	-8.257285	-6.685247	10.321896	0.969428
1.664039	0.008796	0.162836	-7.507160	26.644559	-8.246473	-6.667694	10.326997	0.967236
-0.135092	-0.092453	0.294859	-7.556027	26.635356	-8.235647	-6.650146	10.332087	0.965046
-0.513188	-2.178933	2.961602	-8.627884	26.393493	-8.013550	-6.295952	10.432736	0.920952
-0.656217	-0.710206	4.660211	-9.908760	26.042733	-7.782612	-5.938414	10.530409	0.876638
-1.143664	3.498396	4.647787	-11.673780	25.503958	-7.506133	-5.523083	10.639120	0.825365
-1.167828	-2.795838	2.319875	-13.635281	24.820272	-7.218482	-5.103965	10.743854	0.773798
1.178118	-3.592650	2.178657	-13.727012	24.785388	-7.205009	-5.084632	10.748568	0.771423
-1.188964	-4.342041	2.035924	-13.818733	24.750198	-7.191512	-5.065292	10.753273	0.769047
1.495371	-2.871760	-0.988037	-15.607790	23.988217	-6.918926	-4.679930	10.844937	0.721758
-1.916197	-2.043100	-4.028329	-17.231674	23.105424	-6.637731	-4.292006	10.933262	0.674227
2.486211	1.608987	-6.781549	-18.626713	22.012613	-6.323840	-3.869157	11.025168	0.622461
0.557250	3.046404	-8.483525	-19.453130	20.777717	-6.000789	-3.443909	11.113130	0.570406
-3.197248	3.175848	-8.526032	-19.473027	20.721164	-5.986634	-3.425489	11.116841	0.568151
1.285785	3.321325	-8.565593	-19.491482	20.664346	-5.972463	-3.407065	11.120545	0.565895
2.677297	6.448406	-8.563512	-19.544875	19.452003	-5.681017	-3.031817	11.194212	0.519929
4.314571	2.118032	-6.649914	-18.980381	18.130538	-5.383277	-2.655231	11.264809	0.473742
4.417853	-5.812776	-2.421157	-17.648584	16.474414	-5.032082	-2.219003	11.342496	0.420132
0.099937	2.769855	2.886349	-15.723189	14.692722	-4.673471	-1.781634	11.416056	0.366226
-4.962024	3.885068	3.078725	-15.639598	14.622223	-4.659600	-1.764870	11.418790	0.364156
4.971925	4.965995	3.268613	-15.555423	14.551622	-4.645730	-1.748117	11.421516	0.362087
-5.194029	4.848234	6.814832	-13.528780	12.939932	-4.334287	-1.374778	11.480651	0.315905
5.357648	-3.179879	8.998541	-11.271458	11.259685	-4.018194	-1.001094	11.536765	0.269507
-5.374705	-0.062688	10.091476	-8.420889	9.194572	-3.638233	-0.558338	11.599303	0.214273
5.174618	1.334969	9.692792	-5.504853	7.063882	-3.252741	-0.115752	11.657568	0.158737
2.999366	1.219661	9.646976	-5.390149	6.979043	-3.237487	-0.098368	11.659770	0.156548
-5.149697	1.096794	9.598745	-5.275385	6.894064	-3.222213	-0.080971	11.661967	0.154357
-4.156748	-0.944395	7.761234	-2.789225	5.026129	-2.887614	0.297784	11.708185	0.106513
2.767776	-0.129851	4.154928	-0.355039	3.133628	-2.549719	0.675910	11.751238	0.058447
4.423540	1.282457	-0.723842	2.378623	0.901493	-2.150523	1.117362	11.797590	0.001911
-4.868731	-1.896410	-4.358747	4.932093	-1.333335	-1.747806	1.557304	11.839573	-0.054929
4.897158	-1.905392	-4.457614	5.016404	-1.410414	-1.733832	1.572477	11.840945	-0.056899
3.504893	-1.887561	-4.554777	5.100353	-1.487408	-1.719867	1.587634	11.842311	-0.058868
-5.879993	2.477036	-6.543601	7.080554	-3.386419	-1.372998	1.962198	11.874465	-0.107724
0.537920	1.068764	-7.834613	8.846215	-5.263813	-1.024328	2.335144	11.903393	-0.156800
7.826665	-3.173666	-7.455772	10.583752	-7.408806	-0.616497	2.767087	11.932996	-0.214220
-7.588804	2.107096	-4.326403	11.926974	-9.493793	-0.207220	3.196181	11.958186	-0.271932
3.234752	2.613657	-4.162186	11.974282	-9.580390	-0.189889	3.214258	11.959153	-0.274379
7.497887	3.098588	-3.997468	12.020752	-9.666787	-0.172569	3.232316	11.960112	-0.276825
-2.400234	2.398309	-0.662509	12.787574	-11.398817	0.181290	3.599663	11.977956	-0.326864
-3.849535	-2.534461	2.115370	13.186105	-13.064995	0.535449	3.964378	11.992484	-0.377116
1.521727	2.313938	3.873587	13.150972	-14.896162	0.943389	4.380995	12.005092	-0.435270
-0.339726	-2.368434	4.193996	12.561320	-16.631634	1.350735	4.793461	12.013256	-0.493697
0.329003	-2.166602	4.143965	12.511288	-16.727592	1.373904	4.816818	12.013587	-0.497033
-0.325548	-1.827729	4.084853	12.459530	-16.823241	1.397069	4.840160	12.013903	-0.500369
1.066699	2.698068	2.203861	11.463386	-18.254208	1.752514	5.196980	12.016938	-0.551749
-2.834307	-3.135616	-0.641176	10.145299	-19.612275	2.106700	5.550089	12.016535	-0.603330
5.474689	3.680201	-2.639829	8.383022	-21.048910	2.502006	5.941419	12.011972	-0.661416
7.110726	0.210088	-2.538261	6.441032	-22.394371	2.894803	6.327479	12.003043	-0.719747
2.221699	-0.337482	-2.497207	6.356738	-22.449725	2.911491	6.343820	12.002564	-0.722240
-7.221172	-0.881327	-2.453892	6.272442	-22.504914	2.928173	6.360151	12.002078	-0.724734
7.811335	-4.649256	-1.155192	4.502321	-23.637781	3.281028	6.704470	11.989865	-0.777780
-3.569600	0.510515	0.341610	2.843213	-24.696245	3.631004	7.043921	11.974035	-0.831018
-6.775007	5.216873	1.417152	1.275169	-25.774210	4.011980	7.411182	11.952438	-0.889760
2.724162	2.267161	1.303207	0.082587	-26.762766	4.388556	7.771959	11.926427	-0.948726
5.865112	2.080933	1.275386	0.040525	-26.802570	4.404362	7.787055	11.925230	-0.951223
-5.834240	1.895747	1.246089	-0.000866	-26.842185	4.420149	7.802127	11.924027	-0.953717
5.129837	-5.474836	-0.871461	-1.400409	-28.499768	5.139456	8.484957	11.859747	-1.069423
-2.756138	5.592805	-1.658152	-2.432108	-29.819725	5.836339	9.139361	11.778405	-1.185921
-5.368548	5.459402	-1.637232	-2.459010	-29.847797	5.853074	9.154992	11.776200	-1.188780
-4.378228	5.191684	-1.614055	-2.486114	-29.875669	5.869793	9.170604	11.773985	-1.191640
5.390777	4.759845	-1.589119	-2.512973	-29.902890	5.886225	9.185945	11.771796	-1.194453
-5.401929	4.183618	-1.562128	-2.540025	-29.929917	5.902641	9.201267	11.769597	-1.197267
5.598198	-5.739281	-0.856092	-3.024523	-30.358143	6.178321	9.457965	11.730839	-1.244983
-0.498397	-1.124527	0.132231	-3.548761	-30.731118	6.449731	9.709337	11.689209	-1.292818
-6.002302	6.034762	1.558894	-4.256890	-31.130061	6.792414	10.024257	11.631482	-1.354457
1.448929	-1.141702	2.871369	-4.974736	-31.439662	7.128529	10.329780	11.568969	-1.416286
3.913669	-1.600454	2.920989	-5.006780	-31.451516	7.143511	10.343308	11.566042	-1.419074
6.127522	-2.046676	2.969415	-5.038755	-31.463183	7.158471	10.356808	11.563106	-1.421861
0.157670	-5.815342	3.617485	-5.643115	-31.653600	7.444914	10.613611	11.504507	-1.475750
-5.956672	-0.272179	3.501459	-6.203637	-31.778086	7.726779	10.862826	11.442255	-1.529778
3.952684	4.649968	1.972414	-6.736147	-31.841216	8.045761	11.140055	11.366041	-1.592147
4.926000	-0.935478	-1.192401	-7.072046	-31.823570	8.358772	11.406562	11.284948	-1.654687
1.725364	-1.175436	-1.354570	-7.081182	-31.821035	8.372688	11.418275	11.281190	-1.657499
-4.853642	-1.388062	-1.517331	-7.089748	-31.818357	8.386601	11.429973	11.277421	-1.660314
4.055606	-1.440800	-4.546527	-7.131463	-31.740045	8.653397	11.651900	11.202520	-1.714853
-3.190964	-1.829785	-6.585066	-6.898975	-31.616302	8.915475	11.865213	11.123891	-1.769513
-0.314052	0.970333	-6.422691	-6.240305	-31.426033	9.211594	12.100119	11.028607	-1.832668
1.843333	0.905618	-2.959917	-5.195563	-31.194391	9.501154	12.322924	10.928327	-1.895971
-1.834683	0.679402	-2.727759	-5.140306	-31.183092	9.514101	12.332716	10.923670	-1.898840
-1.210859	0.453226	-2.489762	-5.084417	-31.171729	9.527034	12.342482	10.919003	-1.901709
1.925171	0.218451	2.731152	-3.902329	-30.943200	9.772047	12.524545	10.827634	-1.956703
-2.028510	-0.023394	7.573944	-2.543287	-30.698382	10.011925	12.697020	10.732471	-2.011805
-3.384573	0.303800	9.543506	-0.825070	-30.404550	10.281905	12.883619	10.618061	-2.075443
-1.403024	-0.170516	5.335975	0.966669	-30.107835	10.544773	13.056819	10.498576	-2.139212
4.697801	-0.582350	5.054776	1.041560	-30.095444	10.555668	13.063802	10.493441	-2.141896
-4.755372	-0.992106	4.767708	1.116314	-30.083067	10.566551	13.070762	10.488296	-2.144581
2.146486	-0.924892	-1.987459	2.609090	-29.831829	10.788305	13.208926	10.380104	-2.200043
6.704144	2.933176	-8.314855	3.935629	-29.593175	11.004487	13.336438	10.268100	-2.255598
8.010824	-4.472416	-10.890411	5.121695	-29.342883	11.246000	13.469536	10.134643	-2.319574
-8.240914	-0.923764	-7.988076	5.821450	-29.127896	11.479851	13.587805	9.996209	-2.383657
8.229258	0.520040	-7.748299	5.842529	-29.118458	11.491093	13.593204	9.989309	-2.386795
2.919446	1.957990	-7.502433	5.862368	-29.109136	11.502310	13.598563	9.982401	-2.389932
-7.624883	7.829450	-2.510471	6.010189	-28.962879	11.698685	13.687739	9.857568	-2.445759
-3.535882	1.709291	2.445771	5.766718	-28.855520	11.889040	13.765078	9.729044	-2.501660
5.144395	-6.195752	7.084824	4.986884	-28.771403	12.100004	13.838891	9.577023	-2.565913
-3.880693	-11.261799	9.853441	3.648425	-28.715562	12.302769	13.896284	9.420279	-2.630255
3.831785	-11.431758	9.925080	3.570604	-28.713374	12.312184	13.898592	9.412724	-2.633310
3.278669	-11.586351	9.990652	3.491476	-28.711218	12.321581	13.900862	9.405160	-2.636366
-3.123205	-11.127567	10.054765	1.786844	-28.674280	12.495113	13.936453	9.260683	-2.693977
2.871261	-4.466826	7.974012	-0.190394	-28.637457	12.661838	13.958191	9.112583	-2.751650
-1.229116	6.647385	3.851716	-2.488407	-28.582208	12.844714	13.965706	8.938115	-2.817963
-3.448427	12.108806	-0.897725	-4.451927	-28.498447	13.018109	13.954168	8.759104	-2.884346
-1.993133	12.109369	-0.912268	-4.457129	-28.498125	13.018635	13.954102	8.758539	-2.884553
-0.777086	12.109815	-0.926805	-4.462325	-28.497803	13.019160	13.954036	8.757974	-2.884760
3.994222	9.995347	-4.514407	-5.573621	-28.393490	13.157722	13.929099	8.603603	-2.940776
-4.587616	5.705326	-6.849806	-5.948020	-28.248766	13.289186	13.890075	8.446173	-2.996837
3.921286	-10.320564	-6.755917	-5.289033	-28.016181	13.431888	13.827195	8.260744	-3.061602
5.533000	-0.299993	-2.841171	-3.731274	-27.683825	13.564575	13.744901	8.071476	-3.126414
-5.538784	1.492442	-2.626258	-3.650120	-27.666799	13.570045	13.740926	8.063261	-3.129199
5.543711	3.268762	-2.410340	-3.568109	-27.649536	13.575493	13.736918	8.055045	-3.131983
-5.469517	8.828893	1.732902	-1.742650	-27.238040	13.682564	13.647029	7.885706	-3.188865
5.114130	-8.212303	3.560111	0.190466	-26.698909	13.781365	13.541810	7.713594	-3.245777
-4.443685	-2.981112	1.039937	2.329335	-25.867337	13.886875	13.397767	7.507000	-3.312982
3.635272	6.353438	-2.097963	4.199891	-24.788923	13.979714	13.232208	7.296805	-3.380215
-3.618973	5.326784	-2.123397	4.231866	-24.764998	13.981407	13.228739	7.292638	-3.381536
-2.484438	4.286672	-2.146631	4.263599	-24.740964	13.983094	13.225261	7.288470	-3.382858
2.924539	-5.038569	-1.233174	5.387037	-23.616118	14.049758	13.070151	7.110428	-3.438939
-1.304911	3.509205	1.491390	6.084989	-22.270951	14.106432	12.900338	6.930061	-3.495032
-1.764140	-1.926283	0.310439	6.177969	-20.492375	14.156940	12.694598	6.726950	-3.557388
1.436791	1.107525	-1.333322	4.732212	-18.395561	14.193400	12.471322	6.521167	-3.619752
-1.404636	-1.485001	1.414799	1.441886	-15.855801	14.215406	12.219545	6.303222	-3.684973
1.765100	2.901680	0.679032	-2.431160	-12.986223	14.219711	11.949670	6.082606	-3.750189
-1.791428	2.087330	0.554766	-2.593315	-12.851162	14.219471	11.937231	6.072713	-3.753095
-0.256241	1.209497	0.426205	-2.753494	-12.715512	14.219192	11.924757	6.062815	-3.756002
2.507131	-4.538599	-1.684106	-5.300833	-9.941903	14.205919	11.673337	5.867785	-3.812970
-3.384884	5.660225	-0.512785	-6.265113	-6.967678	14.177170	11.409103	5.670903	-3.869927
4.422279	0.945033	1.454398	-5.629883	-3.385636	14.124464	11.093247	5.444597	-3.934754
-5.297164	-6.198124	1.960104	-3.660273	0.332053	14.049235	10.762050	5.216122	-3.999556
-1.561845	-5.947051	1.917703	-3.550373	0.498817	14.045357	10.747018	5.205941	-4.002429
5.360302	-5.646446	1.868656	-3.438940	0.665684	14.041431	10.731956	5.195756	-4.005302
-2.943055	2.836353	-0.053327	-0.950566	4.056761	13.951624	10.420795	4.988620	-4.063482
-6.122899	5.065676	-1.952580	1.618722	7.430184	13.841538	10.098331	4.779922	-4.121634
6.253580	-4.325260	-1.638108	4.048748	11.147158	13.691610	9.721116	4.542427	-4.187281
-3.065941	3.604357	0.339946	5.702833	14.685178	13.513230	9.330825	4.303191	-4.252880
-6.280509	3.648399	0.359472	5.715474	14.721436	13.511181	9.326619	4.300645	-4.253575
-2.669886	3.688966	0.378894	5.728039	14.757766	13.509123	9.322400	4.298092	-4.254273
6.260855	-0.260567	1.439655	6.355683	17.621169	13.329097	8.972416	4.088541	-4.311319
-6.206502	-2.976067	1.543923	6.128019	20.234046	13.125559	8.613540	3.877854	-4.368321
3.693960	2.162931	0.702012	4.901497	22.843731	12.865753	8.197312	3.638187	-4.432764
5.805420	2.815403	-0.348080	2.963986	25.048765	12.573390	7.770983	3.397306	-4.497138
3.185009	2.662827	-0.387394	2.858537	25.144814	12.558431	7.750161	3.385650	-4.500244
-5.770760	2.502827	-0.424970	2.752346	25.239849	12.543403	7.729330	3.373999	-4.503347
-5.525236	-0.127501	-0.851810	0.758619	26.779466	12.261061	7.353065	3.165159	-4.558834
5.024129	-1.877072	-0.968535	-1.264069	28.016615	11.952573	6.970268	2.955596	-4.614261
5.004155	-4.028725	-0.983216	-3.410074	29.084462	11.556839	6.513800	2.709119	-4.679156
-4.756104	2.117629	-0.808159	-5.164206	29.741506	11.124510	6.049630	2.461872	-4.743961
4.769346	3.561552	-0.779819	-5.235073	29.761860	11.103766	6.028121	2.450490	-4.746938
-4.783755	4.933101	-0.748652	-5.305147	29.781362	11.082932	6.006582	2.439100	-4.749916
-1.661860	-3.344336	0.199959	-6.449180	29.986864	10.679397	5.601236	2.225899	-4.805567
6.008595	-6.368070	1.127748	-7.228372	29.890788	10.249681	5.191187	2.012304	-4.861146
-7.114063	6.858585	0.794674	-7.586987	29.403880	9.721739	4.711746	1.764926	-4.925320
8.305318	-6.301194	-1.419827	-7.301987	28.514213	9.162607	4.227332	1.517273	-4.989383
7.558008	-6.702831	-1.503708	-7.273337	28.464287	9.136518	4.205234	1.506025	-4.992289
6.247266	-7.025827	-1.581983	-7.243311	28.413533	9.110369	4.183126	1.494777	-4.995194
-2.874686	-2.649893	-1.932474	-6.411805	27.294273	8.602679	3.761664	1.281104	-5.050330
-10.201181	7.139873	-0.254204	-5.053065	25.886911	8.074925	3.337493	1.067400	-5.105378
-8.787783	1.620871	3.042276	-2.573937	23.881067	7.431682	2.836711	0.816612	-5.169877
1.194001	-8.500205	3.203824	1.021573	21.508845	6.764937	2.333515	0.566022	-5.234244
11.084878	-5.294129	3.030324	1.236108	21.374535	6.729336	2.307052	0.552878	-5.237618
1.689081	-1.930145	2.836298	1.452537	21.239349	6.693698	2.280600	0.539742	-5.240990
-10.785497	9.929726	-1.741420	5.164363	18.879891	6.097236	1.843333	0.323039	-5.296604
10.057372	-11.465243	-3.978966	8.609991	16.313258	5.486481	1.405324	0.106684	-5.352108
-8.763365	13.055887	-0.027146	11.318735	13.152814	4.765005	0.898988	-0.142722	-5.416088
7.196746	1.040331	4.538617	11.852135	9.852690	4.028628	0.392986	-0.391426	-5.479911
-7.184590	-6.459332	4.562185	11.845850	9.827364	4.023004	0.389159	-0.393305	-5.480394
7.172484	-13.974645	4.585427	11.839420	9.802135	4.017401	0.385348	-0.395177	-5.480874
7.090922	-3.492212	4.620032	5.264864	3.315454	2.576332	-0.578209	-0.868074	-5.602399
-3.956469	9.976338	-1.698916	-7.616920	-3.217595	1.104704	-1.532980	-1.337048	-5.723299
3.970474	2.297679	-1.799319	-7.770198	-3.295599	1.086891	-1.544384	-1.342658	-5.724748
-3.985064	-4.099009	-1.900086	-7.923045	-3.373682	1.069052	-1.555801	-1.348275	-5.726199
4.018617	-9.749895	-2.118535	-8.252997	-3.543326	1.030271	-1.580610	-1.360481	-5.729353
-0.042607	-8.368723	-2.333976	-8.579650	-3.712858	0.991479	-1.605409	-1.372685	-5.732507
-4.015048	7.720169	-4.083813	-13.009459	-6.288910	0.397256	-1.983398	-1.558875	-5.780677
-5.877925	6.227965	-0.947215	-15.991913	-8.825043	-0.198139	-2.358788	-1.744216	-5.828735
0.578573	-4.073504	3.639882	-17.641279	-12.002224	-0.962702	-2.836447	-1.980847	-5.890272
6.747264	3.138022	0.893101	-17.223254	-15.059851	-1.725439	-3.308632	-2.215865	-5.951618
7.719567	3.061331	0.639360	-17.169788	-15.203070	-1.762061	-3.331206	-2.227132	-5.954565
-7.718934	2.881117	0.382210	-17.114425	-15.345878	-1.798674	-3.353764	-2.238395	-5.957512
7.261887	-2.967813	-3.436963	-15.961134	-17.854512	-2.460240	-3.759987	-2.441775	-6.010829
-6.214906	3.001119	-2.666916	-14.913819	-20.185529	-3.117286	-4.161064	-2.643759	-6.063996
4.765830	-2.815313	0.705593	-13.552551	-22.601219	-3.867813	-4.616775	-2.874929	-6.125139
-3.596579	0.672215	3.163906	-11.663470	-24.664690	-4.608285	-5.064348	-3.104005	-6.186071
-3.036589	0.799849	3.241031	-11.561795	-24.747602	-4.641070	-5.084126	-3.114180	-6.188786
3.524056	0.910601	3.315665	-11.458438	-24.829683	-4.673830	-5.103887	-3.124350	-6.191500
-3.146946	1.774165	4.325008	-9.127874	-26.249446	-5.304064	-5.483551	-3.320702	-6.244058
1.407460	0.107497	4.524644	-6.194285	-27.321377	-5.923581	-5.856100	-3.515296	-6.296449
3.918052	-1.110781	3.085561	-2.042677	-28.122601	-6.626183	-6.278293	-3.738471	-6.356942
-4.880300	1.091995	-0.452053	2.857006	-28.454009	-7.310338	-6.689640	-3.959052	-6.417199
-3.012708	1.148134	-0.621449	3.079401	-28.457764	-7.339175	-6.706994	-3.968433	-6.419772
5.444643	1.194649	-0.790369	3.302448	-28.460664	-7.367955	-6.724314	-3.977803	-6.422344
5.916663	0.682682	-3.941664	8.012342	-28.335321	-7.944371	-7.071673	-4.167146	-6.474513
-1.533321	-0.822062	-5.873136	13.097488	-27.860550	-8.503338	-7.409799	-4.354335	-6.526495
-2.335575	-1.922548	-5.350514	19.318554	-26.891310	-9.119673	-7.785051	-4.565929	-6.585783
-7.883107	-0.498075	-1.309957	25.183117	-25.471535	-9.708208	-8.146932	-4.774475	-6.644817
-7.719620	-0.307165	-1.083005	25.419136	-25.398311	-9.733588	-8.162636	-4.783637	-6.647425
7.881572	-0.115337	-0.854462	25.652294	-25.324263	-9.758892	-8.178302	-4.792787	-6.650031
4.825799	1.653384	3.571515	29.558316	-23.694400	-10.243267	-8.480091	-4.971080	-6.701068
-1.193886	1.361282	6.464303	31.751144	-21.730154	-10.703349	-8.770787	-5.146892	-6.751906
-6.075759	0.435416	6.027129	31.363624	-19.043754	-11.203271	-9.092575	-5.347030	-6.810451
3.282644	-1.635264	2.168545	27.396284	-15.925998	-11.666519	-9.398232	-5.543613	-6.868719
5.092418	-1.760876	1.949377	27.144865	-15.779260	-11.686102	-9.411352	-5.552214	-6.871286
-5.054686	-1.889391	1.727506	26.887358	-15.631714	-11.705622	-9.424448	-5.560812	-6.873855
4.440668	-2.369424	-2.855499	20.744504	-12.608742	-12.072355	-9.674253	-5.727791	-6.924063
-4.164816	3.937151	-6.362034	12.846861	-9.368515	-12.408303	-9.910946	-5.891920	-6.974055
2.210886	1.538937	-5.230474	1.925656	-5.321006	-12.764331	-10.173670	-6.082490	-7.032973
5.684496	-7.404079	-0.178471	-9.671882	-1.126513	-13.072728	-10.416627	-6.268813	-7.091579
-1.480861	-7.600667	-0.027115	-9.973086	-1.014685	-13.080195	-10.422760	-6.273668	-7.093120
-5.777763	-7.794230	0.124027	-10.273304	-0.902942	-13.087618	-10.428871	-6.278515	-7.094659
2.607775	-12.444457	4.453790	-19.242918	2.637951	-13.303897	-10.614471	-6.429987	-7.143155
9.928332	-9.120981	6.681429	-26.601007	6.169176	-13.484066	-10.785421	-6.578349	-7.191428
-2.495261	7.539840	5.821602	-32.273117	10.231512	-13.647466	-10.966647	-6.748261	-7.247749
-15.608358	17.457661	1.375393	-34.392786	14.140557	-13.757040	-11.126436	-6.913659	-7.303752
-9.388805	17.362157	1.087935	-34.401214	14.316954	-13.760770	-11.133299	-6.921201	-7.306335
-8.979008	17.210733	0.794245	-34.401546	14.492807	-13.764378	-11.140111	-6.928728	-7.308917
18.884971	-15.785685	-8.581201	-27.653355	21.268282	-13.805256	-11.380248	-7.232389	-7.415496
-16.965038	-15.510807	4.462570	-10.303491	26.452409	-13.621244	-11.534987	-7.517982	-7.520837
-12.563850	-14.209338	4.727333	-9.988315	26.515567	-13.616525	-11.536713	-7.522243	-7.522453
-4.723710	-12.874056	4.990068	-9.672691	26.578081	-13.611752	-11.538418	-7.526496	-7.524066
2.280683	-10.722288	5.405866	-9.166558	26.676816	-13.603999	-11.541102	-7.533284	-7.526646
16.530811	-8.630024	5.815561	-8.658659	26.774051	-13.596094	-11.543736	-7.540062	-7.529225
-9.991906	7.952567	10.880372	0.109625	28.183214	-13.438532	-11.580801	-7.653278	-7.572857
-10.399344	3.577912	9.743464	8.798607	29.096228	-13.235416	-11.603703	-7.763101	-7.616263
-3.778222	-3.901081	-0.635263	18.484046	29.450530	-12.925703	-11.613017	-7.891472	-7.668526
5.532393	2.375573	-12.640608	25.666831	28.881203	-12.544323	-11.602785	-8.014663	-7.720446
-5.545852	3.213688	-12.984793	26.015092	28.807054	-12.516097	-11.601407	-8.022781	-7.723934
1.058894	3.763031	-13.225807	26.343045	28.728216	-12.487561	-11.599944	-8.030874	-7.727421
7.305122	-5.412300	-7.934829	28.784315	27.233567	-12.082559	-11.572680	-8.135464	-7.773291
-14.412566	-1.671920	5.197500	27.853757	24.878857	-11.627052	-11.530920	-8.235881	-7.818885
-15.324584	11.670874	14.585954	22.880512	21.322203	-11.058452	-11.467147	-8.343816	-7.869823
18.285643	0.746179	7.277109	14.168480	16.978171	-10.434633	-11.386124	-8.446461	-7.920400
9.991694	-0.839183	6.727144	13.755551	16.785904	-10.407946	-11.382442	-8.450556	-7.922466
-18.380440	-2.437588	6.166666	13.339544	16.592630	-10.381174	-11.378733	-8.454643	-7.924531
17.681632	-16.507174	-6.545223	3.848689	12.176708	-9.780189	-11.291445	-8.541105	-7.969174
5.115666	-0.136705	-14.573560	-5.494397	7.420547	-9.142686	-11.191384	-8.623406	-8.013521
-9.225179	16.529837	-14.305371	-14.209472	1.639831	-8.360944	-11.059686	-8.713770	-8.064635
4.382367	0.961265	-4.129251	-19.065493	-4.228603	-7.539344	-10.911876	-8.798586	-8.115340
-0.150104	0.518868	-3.651455	-19.168711	-4.447794	-7.507818	-10.906026	-8.801661	-8.117234
-4.096733	0.081542	-3.172236	-19.266275	-4.666643	-7.476268	-10.900159	-8.804725	-8.119126
1.824038	-12.502132	7.104297	-20.005558	-9.624156	-6.738694	-10.759441	-8.872997	-8.162425
1.598253	-6.826421	12.534825	-17.978335	-14.360598	-5.978780	-10.607596	-8.937243	-8.205415
-2.782609	1.848147	10.976894	-12.583879	-19.393573	-5.077292	-10.418799	-9.006498	-8.254688
-2.846944	4.562222	2.331115	-5.118607	-23.789461	-4.155231	-10.216195	-9.070488	-8.303538
0.160814	4.409051	1.901585	-4.786053	-23.957426	-4.116171	-10.207401	-9.073058	-8.305578
2.963890	4.219763	1.471645	-4.453139	-24.123956	-4.077083	-10.198584	-9.075619	-8.307617
-4.129950	-2.606262	-6.487296	2.260497	-27.217959	-3.265348	-10.011585	-9.126417	-8.349516
5.073464	1.402796	-9.663803	7.905820	-29.585600	-2.445465	-9.815066	-9.173355	-8.391089
2.228726	-0.806367	-5.079735	12.079025	-31.273515	-1.490876	-9.576282	-9.222899	-8.438777
-5.872500	1.273151	4.443706	13.363764	-31.669976	-0.534516	-9.325785	-9.267389	-8.486022
4.274993	1.099780	4.828381	13.349882	-31.654422	-0.490773	-9.314047	-9.269306	-8.488174
5.858410	0.891562	5.198670	13.329484	-31.635801	-0.447037	-9.302286	-9.271212	-8.490325
4.307712	-2.939021	7.808846	11.719954	-30.661154	0.407621	-9.067325	-9.306442	-8.532260
-4.990456	5.316339	-0.026057	8.279677	-28.577740	1.256431	-8.823842	-9.337705	-8.573830
4.447006	-8.319694	-6.841540	3.338971	-25.133147	2.192337	-8.542707	-9.367946	-8.619760
-4.222656	9.302143	-1.987528	-1.639062	-20.740041	3.112499	-8.252033	-9.393361	-8.665224
4.222685	9.930703	-1.968747	-1.649760	-20.729173	3.114567	-8.251363	-9.393413	-8.665327
1.769160	10.567236	-1.949703	-1.660596	-20.718157	3.116662	-8.250683	-9.393466	-8.665431
-4.422070	12.448089	4.593008	-5.457771	-16.212387	3.917681	-7.984712	-9.412035	-8.705447
4.889534	-12.882961	5.276825	-8.217491	-11.324166	4.699588	-7.712040	-9.426879	-8.745087
-6.267064	-3.723616	1.674432	-9.916858	-5.709630	5.533748	-7.404876	-9.438953	-8.788246
-6.295525	-1.236559	-1.599791	-10.210251	-0.042737	6.336792	-7.090616	-9.446624	-8.830939
-1.943523	-1.009218	-1.773124	-10.179238	0.352941	6.391880	-7.068306	-9.446999	-8.833918
6.560029	-0.758796	-1.938397	-10.141584	0.748097	6.446794	-7.045963	-9.447352	-8.836895
6.954860	3.792144	-3.240039	-9.149386	5.512254	7.102114	-6.770840	-9.449945	-8.873024
5.057077	6.259460	-2.981940	-7.199655	10.121833	7.728529	-6.491272	-9.449391	-8.908805
-4.649224	2.425675	-0.635478	-3.864129	15.300954	8.431803	-6.153681	-9.444685	-8.950874
-7.607718	-2.231307	1.544059	0.174830	20.041668	9.086114	-5.810842	-9.435640	-8.992439
3.350885	-2.266255	1.580095	0.354930	20.231203	9.112711	-5.796196	-9.435161	-8.994190
7.583393	-2.269696	1.609187	0.535590	20.419862	9.139230	-5.781532	-9.434674	-8.995942
-7.175180	1.493913	0.991748	4.244510	24.051851	9.661499	-5.478876	-9.422994	-9.031680
6.569547	-0.925286	-0.557772	7.575878	27.174595	10.140135	-5.173061	-9.408107	-9.067031
0.690085	-1.479691	-1.323727	10.124964	30.037905	10.633609	-4.817361	-9.387032	-9.107271
-5.145105	2.042882	0.227030	10.652702	32.013592	11.060904	-4.458512	-9.361806	-9.146994
0.931093	2.168093	0.307740	10.628928	32.070121	11.075720	-4.444874	-9.360770	-9.148487
5.105748	2.284692	0.388500	10.601875	32.125297	11.090434	-4.431232	-9.359728	-9.149980
-2.254774	2.225033	1.835223	9.065775	33.035211	11.400205	-4.116642	-9.334168	-9.184096
-4.637588	-0.480515	1.478299	5.886745	33.316373	11.653312	-3.800490	-9.305543	-9.217820
4.650109	-2.493829	-0.614476	1.064372	32.976892	11.870387	-3.437298	-9.269073	-9.255927
0.558616	2.279996	-2.845152	-3.909591	32.051271	12.010063	-3.073091	-9.228688	-9.293521
-4.772476	2.348861	-2.891816	-4.079606	32.007833	12.013743	-3.059744	-9.227135	-9.294887
4.752281	2.396998	-2.934380	-4.248210	31.963778	12.017323	-3.046397	-9.225578	-9.296253
4.898927	-0.159401	-2.774460	-7.832721	30.704557	12.074473	-2.718418	-9.185702	-9.329593
-4.961046	-2.036960	-0.649212	-10.063431	29.165084	12.074194	-2.390478	-9.142740	-9.362521
4.312411	1.797607	2.951254	-10.910402	27.230175	12.009440	-2.026027	-9.091352	-9.398677
4.523325	-1.546249	3.915249	-10.033628	25.157062	11.879958	-1.662321	-9.036240	-9.434324
-4.505011	-1.563421	3.869247	-9.970287	25.081955	11.874268	-1.649552	-9.034236	-9.435567
1.646145	-1.556983	3.817087	-9.904649	25.006626	11.868497	-1.636774	-9.032225	-9.436811
3.906199	1.424870	1.185191	-7.652603	23.085623	11.700901	-1.319354	-8.980768	-9.467552
-3.219655	-1.145416	-1.790261	-4.597540	21.085137	11.488443	-1.002732	-8.926538	-9.497903
-1.385476	-1.519097	-3.785528	-0.833914	18.716639	11.192432	-0.640886	-8.861000	-9.532221
2.135198	1.638715	-4.498404	2.518320	16.293277	10.843531	-0.280488	-8.791914	-9.566030
0.360179	1.731372	-4.506271	2.595266	16.230518	10.833898	-0.271249	-8.790093	-9.566892
-2.129055	1.820413	-4.513805	2.671775	16.167666	10.824221	-0.262000	-8.788267	-9.567754
2.227876	1.757104	-4.631652	4.924051	14.047823	10.480340	0.048128	-8.725557	-9.596555
-0.030946	-0.565463	-4.657514	6.544959	11.921237	10.101719	0.356711	-8.660271	-9.624976
-3.176543	-2.774375	-4.649744	7.736485	9.451910	9.623671	0.711142	-8.581633	-9.657358
0.890757	-3.453091	-4.547120	8.287176	6.962490	9.105647	1.062699	-8.499646	-9.689235
3.680751	-3.513268	-4.539105	8.297636	6.853020	9.082132	1.078002	-8.495984	-9.690618
-3.695777	-3.578654	-4.530734	8.306988	6.743570	9.058564	1.093288	-8.492319	-9.691998
-2.827120	-4.260256	-4.278629	8.272802	4.556744	8.576434	1.395565	-8.418212	-9.719228
3.890941	-3.585673	-3.847614	7.846268	2.344028	8.069323	1.694991	-8.341662	-9.746077
-0.510721	-1.299903	-3.200224	6.934360	-0.212795	7.461553	2.033620	-8.251147	-9.776322
-3.804892	1.083087	-2.427724	5.690654	-2.782949	6.827440	2.367716	-8.157525	-9.806073
3.807290	1.163233	-2.390077	5.628507	-2.899806	6.798052	2.382784	-8.153197	-9.807413
-2.459422	1.239992	-2.352227	5.565973	-3.016656	6.768617	2.397842	-8.148863	-9.808752
-3.935427	2.322935	-1.584319	4.303842	-5.252852	6.195768	2.684411	-8.064580	-9.834226
-0.199922	3.451797	-0.722379	2.958491	-7.475146	5.607994	2.966885	-7.978013	-9.859326
4.598483	5.652781	0.422678	1.365218	-10.016182	4.911934	3.288367	-7.875001	-9.887915
-3.819618	5.118222	1.777679	-0.196936	-12.507552	4.202432	3.603494	-7.769035	-9.916004
-5.124402	4.746239	1.840458	-0.260660	-12.611324	4.172254	3.616643	-7.764500	-9.917178
-4.351593	4.330407	1.903782	-0.324181	-12.715051	4.142038	3.629789	-7.759957	-9.918352
5.601417	-5.097634	3.321473	-1.557658	-14.813903	3.518946	3.896648	-7.665649	-9.942232
-5.989208	0.943544	4.833667	-2.609113	-16.851450	2.890844	4.158098	-7.569197	-9.965739
-1.985695	4.246771	5.679290	-3.500089	-19.101035	2.166547	4.451191	-7.455872	-9.992266
6.017790	-2.052017	4.537761	-3.969206	-21.239301	1.442093	4.736312	-7.339821	-10.018304
-5.176123	-2.486074	4.438311	-3.979466	-21.333664	1.409188	4.749085	-7.334478	-10.019476
-5.972888	-2.903004	4.335119	-3.988713	-21.427699	1.376312	4.761833	-7.329133	-10.020647
5.313429	-3.523273	1.681301	-3.964740	-23.174344	0.748867	5.002412	-7.225765	-10.042866
-4.342893	3.365930	-1.698887	-3.537952	-24.808058	0.126398	5.236294	-7.120410	-10.064715
-2.451303	2.115563	-4.200753	-2.587317	-26.435606	-0.554219	5.487064	-7.001492	-10.088474
1.945943	-3.303575	-4.591897	-1.178227	-27.778209	-1.222922	5.728877	-6.880222	-10.111781
-1.078441	-3.022296	-2.672519	0.604757	-28.764386	-1.900299	5.969678	-6.752069	-10.135468
0.831318	2.478843	0.261913	2.327004	-29.262185	-2.558117	6.199966	-6.621496	-10.158670
-0.839862	2.767363	0.399473	2.400930	-29.272678	-2.589314	6.210808	-6.615133	-10.159778
-0.088753	3.028858	0.535191	2.473631	-29.281867	-2.620458	6.221625	-6.608765	-10.160885
1.347615	3.268445	2.442985	3.516290	-29.215148	-3.171846	6.412018	-6.493119	-10.180624
-2.243900	-0.667613	2.885162	3.858340	-28.681950	-3.704074	6.593819	-6.375714	-10.199999
3.420031	-2.710534	2.136243	3.159166	-27.468479	-4.293402	6.792605	-6.238050	-10.221912
-4.344578	-2.888433	0.686397	1.533644	-25.648649	-4.854793	6.979097	-6.098143	-10.243341
4.375009	-2.670876	0.610336	1.440490	-25.548839	-4.880620	6.987601	-6.091475	-10.244342
3.746445	-2.439892	0.534134	1.346192	-25.447854	-4.906382	6.996077	-6.084801	-10.245342
-4.699270	1.928443	-0.737461	-0.535933	-23.396744	-5.367425	7.146490	-5.961479	-10.263501
-1.110519	2.577718	-1.234888	-2.528309	-21.004961	-5.805734	7.286990	-5.836545	-10.281298
4.409596	-0.576126	-0.305231	-4.577285	-17.861413	-6.284055	7.436968	-5.689851	-10.301460
-1.566054	-2.341206	0.860894	-5.618580	-14.373164	-6.729680	7.572799	-5.541092	-10.321138
-4.187596	-2.259095	0.879219	-5.626376	-14.231198	-6.746351	7.577794	-5.535260	-10.321894
4.183751	-2.159649	0.894270	-5.631213	-14.088915	-6.762957	7.582764	-5.529430	-10.322649
-4.203753	2.274940	0.524873	-5.029668	-10.829300	-7.118644	7.687444	-5.399066	-10.339239
-2.266651	1.589928	-0.570437	-3.319144	-7.430008	-7.448187	7.780891	-5.267234	-10.355467
4.659673	-2.163995	-1.196740	-0.438616	-3.403644	-7.796591	7.874798	-5.112571	-10.373834
-4.923713	1.397506	0.057848	2.801546	0.611467	-8.107627	7.952744	-4.956038	-10.391717
-0.175946	1.567081	0.128754	2.926616	0.767136	-8.119041	7.955468	-4.949865	-10.392408
4.940053	1.727721	0.200065	3.051165	0.922617	-8.130396	7.958166	-4.943689	-10.393098
4.789428	2.022662	1.607038	5.594277	4.308754	-8.366800	8.011461	-4.806038	-10.408215
-5.078179	-1.972252	1.853696	7.414573	7.529232	-8.573239	8.052028	-4.667055	-10.422968
-5.046508	0.290769	0.389160	8.214203	10.949825	-8.773305	8.082642	-4.504973	-10.439549
4.723201	2.014755	-1.423004	7.850209	13.956445	-8.931227	8.095448	-4.341208	-10.455647
-2.154192	1.807510	-1.497452	7.807964	14.096002	-8.938064	8.095616	-4.332895	-10.456447
-4.691439	1.568918	-1.569234	7.763778	14.234328	-8.944790	8.095737	-4.324577	-10.457246
4.393635	-2.164261	-2.338532	6.787498	16.347142	-9.040133	8.090933	-4.186001	-10.470318
-3.723980	1.590359	-2.315232	5.490554	18.109241	-9.104418	8.073128	-4.046295	-10.483053
-3.828813	2.750112	-1.805368	3.773117	19.738520	-9.139527	8.034800	-3.879007	-10.497733
1.978973	-0.735555	-1.331954	1.991530	20.890518	-9.128892	7.977445	-3.710164	-10.511939
3.809871	-0.877772	-1.315521	1.920027	20.927419	-9.127488	7.974728	-3.703326	-10.512502
-3.816266	-1.016670	-1.299262	1.848619	20.963601	-9.126008	7.971980	-3.696485	-10.513064
2.063986	-3.689689	-0.982052	0.350938	21.570399	-9.075835	7.905418	-3.549228	-10.524927
4.416311	-2.651733	-0.656516	-1.052318	21.868959	-8.990023	7.824190	-3.400856	-10.536437
-2.134486	4.536898	-0.007717	-2.520124	21.858339	-8.846154	7.712298	-3.228188	-10.549288
-4.620217	2.312609	1.085197	-3.792477	21.498895	-8.654723	7.581654	-3.054115	-10.561671
4.603908	1.717726	1.133826	-3.841281	21.476462	-8.645584	7.575709	-3.046700	-10.562186
-4.586416	1.107435	1.182131	-3.889619	21.453468	-8.636363	7.569732	-3.039283	-10.562700
-1.791034	-4.731430	1.998813	-4.764932	20.867188	-8.431234	7.441027	-2.887647	-10.572993
3.196149	-1.267955	2.160495	-5.400149	20.072171	-8.194470	7.299478	-2.735064	-10.582937
0.096722	3.815153	0.986269	-5.833959	18.918481	-7.882543	7.119800	-2.556872	-10.594040
-1.671856	3.071575	-1.446329	-6.187030	17.551193	-7.533532	6.924386	-2.377591	-10.604675
1.660205	2.784619	-1.549640	-6.205912	17.485606	-7.517097	6.915289	-2.369547	-10.605140
0.329918	2.490877	-1.650361	-6.225297	17.419621	-7.500583	6.906156	-2.361494	-10.605604
-1.712288	-2.072937	-2.697505	-6.739024	16.072760	-7.166697	6.722970	-2.204725	-10.614436
-1.361516	-1.142672	-1.277149	-7.580366	14.618101	-6.809153	6.529148	-2.047299	-10.622915
2.937749	1.015600	2.133346	-8.780441	12.732508	-6.343846	6.279153	-1.854502	-10.632779
3.758025	-1.344400	3.840641	-9.668837	10.765158	-5.849745	6.015173	-1.660963	-10.642122
-3.762537	-1.342675	3.833854	-9.672588	10.752142	-5.846433	6.013406	-1.659698	-10.642181
0.803944	-1.340347	3.826744	-9.676305	10.739126	-5.843120	6.011638	-1.658432	-10.642241
4.227163	1.905673	1.127893	-9.868033	9.131509	-5.428258	5.790418	-1.502795	-10.649350
-4.545585	3.276275	-2.815052	-9.466989	7.519105	-4.998996	5.561390	-1.346837	-10.656124
4.808572	-4.708034	-5.046171	-8.100783	5.641171	-4.481672	5.284621	-1.164314	-10.663616
-5.007838	1.680717	-2.574131	-5.706727	3.781281	-3.950057	4.998734	-0.981553	-10.670653
-4.221428	2.009604	-2.423513	-5.604722	3.714452	-3.930561	4.988214	-0.974928	-10.670900
2.194596	2.330356	-2.270462	-5.501875	3.647673	-3.911051	4.977683	-0.968302	-10.671146
5.156883	6.930365	1.563352	-2.904454	2.098324	-3.449682	4.727752	-0.812910	-10.676740
-4.288022	5.532948	4.575330	-0.150420	0.588996	-2.982027	4.472402	-0.657502	-10.682007
-5.320489	1.853715	6.320987	2.907030	-1.127628	-2.423188	4.164068	-0.473751	-10.687816
-2.612278	-3.756823	6.364999	5.286522	-2.750343	-1.860986	3.849715	-0.290184	-10.693169
5.276160	-4.344106	6.316835	5.411125	-2.856377	-1.822848	3.828220	-0.277756	-10.693515
-5.268657	-4.917619	6.262735	5.530409	-2.961880	-1.784708	3.806702	-0.265330	-10.693859
-1.026039	-7.403183	5.072246	6.587808	-4.220915	-1.313010	3.538576	-0.111684	-10.697945
4.919107	-4.956079	2.885452	6.945184	-5.387654	-0.843031	3.267395	0.041678	-10.701711
-4.266732	5.119661	-3.899527	5.614769	-7.836891	0.280923	2.598916	0.412674	-10.709535
-1.718685	3.418249	-5.653895	2.533589	-9.758400	1.359613	1.922512	0.780659	-10.715485
3.697612	2.246307	-5.618621	2.462217	-9.793335	1.381649	1.908243	0.788364	-10.715590
-2.236770	1.052674	-5.580451	2.390831	-9.828047	1.403653	1.893974	0.796068	-10.715695
-3.680419	-0.316620	-5.530584	2.304770	-9.869595	1.430138	1.876772	0.805352	-10.715819
-0.161386	-1.506995	-5.476504	2.218720	-9.910820	1.456576	1.859570	0.814634	-10.715943
3.663462	-2.412988	-5.422796	2.139246	-9.948617	1.480960	1.843678	0.823207	-10.716056
-0.851894	-3.120669	-5.365486	2.059807	-9.986139	1.505303	1.827786	0.831777	-10.716168
-3.571663	-0.540399	-4.193044	0.936795	-10.491839	1.848234	1.600991	0.953867	-10.717655
3.527874	2.397181	-2.520613	-0.138054	-10.942234	2.181995	1.374489	1.075464	-10.718934
-3.217060	2.131475	0.203490	-1.475735	-11.487914	2.637877	1.054230	1.247033	-10.720391
-3.495178	-1.003318	2.589745	-2.448600	-11.926480	3.070780	0.735864	1.417440	-10.721430
3.147053	-2.070443	3.768045	-2.902723	-12.280126	3.505867	0.397903	1.598521	-10.722081
3.298977	-0.135231	2.836090	-2.635488	-12.514338	3.908423	0.063929	1.778032	-10.722255
-3.297862	-0.114544	2.826633	-2.632428	-12.515251	3.910474	0.062164	1.778983	-10.722255
1.713750	-0.093606	2.817089	-2.629336	-12.516166	3.912535	0.060389	1.779939	-10.722255
3.086241	2.117054	1.042236	-2.009597	-12.610398	4.215814	-0.209424	1.925665	-10.722039
-2.842876	-2.035093	-0.851980	-1.207486	-12.604976	4.494427	-0.475410	2.070186	-10.721504
-0.368595	-2.012163	-2.102534	-0.253139	-12.452295	4.793033	-0.785382	2.240032	-10.720457
2.503503	1.290722	-1.783510	0.451005	-12.121787	5.057255	-1.088386	2.407976	-10.718963
-2.459809	1.387999	-1.747324	0.472287	-12.104860	5.066957	-1.100158	2.414546	-10.718895
-2.505252	1.473110	-1.709893	0.493088	-12.087612	5.076614	-1.111927	2.421118	-10.718826
2.610151	0.583349	-0.697928	0.819269	-11.635609	5.273002	-1.363900	2.562770	-10.717168
1.561019	-0.868084	0.326234	0.899555	-11.025832	5.444862	-1.609562	2.702868	-10.715185
-3.064814	-0.152196	0.854469	0.674649	-10.107977	5.614153	-1.886524	2.863698	-10.712473
-1.761034	0.525764	0.606683	0.166316	-8.971720	5.751012	-2.153401	3.022228	-10.709325
3.200229	0.346174	0.586169	0.145079	-8.925297	5.755490	-2.163140	3.028089	-10.709199
-3.200934	0.160078	0.565044	0.123835	-8.878586	5.759924	-2.172864	3.033947	-10.709073
2.529859	-0.679769	-0.018662	-0.334438	-7.708380	5.850810	-2.395316	3.169644	-10.705954
3.135827	1.038715	-0.416915	-0.574983	-6.392699	5.917810	-2.608973	3.303438	-10.702506
3.219677	-0.854077	-0.064911	-0.389508	-4.731631	5.965787	-2.843669	3.455203	-10.698125
-3.837083	-2.233645	0.408817	0.108476	-2.960876	5.982972	-3.065323	3.604231	-10.693309
3.872180	-1.894876	0.414181	0.129015	-2.894569	5.983025	-3.073184	3.609634	-10.693124
-0.405175	-1.535927	0.418216	0.149583	-2.828179	5.983039	-3.081027	3.615033	-10.692939
-4.985132	2.667855	0.120159	0.606364	-1.233682	5.971670	-3.261879	3.742086	-10.688373
-3.446989	0.430516	-0.727165	0.857900	0.374765	5.938415	-3.432449	3.866908	-10.683479
7.390536	-2.900403	-0.980932	0.633095	2.183195	5.874917	-3.614506	4.006427	-10.677500
-7.747049	-1.226799	0.630328	-0.249307	3.903950	5.785464	-3.783437	4.142836	-10.671098
-2.225040	-0.764218	0.727628	-0.298820	3.980829	5.780690	-3.790984	4.149108	-10.670790
7.721252	-0.297347	0.824968	-0.348533	4.057369	5.775863	-3.798503	4.155374	-10.670481
-3.668133	2.484765	2.353295	-1.238198	5.439708	5.674035	-3.936266	4.273274	-10.664421
-5.658095	-0.445594	2.402826	-1.761197	6.651247	5.553933	-4.063959	4.388564	-10.658030
-0.235371	-2.076255	0.363949	-1.778855	7.830000	5.389520	-4.202184	4.521500	-10.650042
2.761623	0.492802	-3.015485	-1.201398	8.710639	5.202384	-4.326676	4.650594	-10.641592
-2.757970	0.516250	-3.032225	-1.196669	8.714664	5.201282	-4.327331	4.651301	-10.641544
-0.857664	0.539690	-3.048901	-1.191925	8.718679	5.200180	-4.327985	4.652008	-10.641496
2.604779	2.249576	-4.420036	-0.301964	9.208683	5.026643	-4.421835	4.757216	-10.634050
0.669507	-2.557732	-2.633047	0.853157	9.460970	4.839144	-4.506290	4.859600	-10.626280
-4.125116	-1.411541	5.956415	2.807915	9.064965	4.358143	-4.666110	5.084980	-10.607103
2.055567	3.276604	2.807829	1.472105	7.287852	3.821104	-4.777965	5.294352	-10.586213
-0.698699	0.418399	2.357792	1.393943	7.217931	3.804510	-4.780558	5.300293	-10.585569
-1.743932	-1.733244	1.887872	1.314449	7.147174	3.787879	-4.783110	5.306219	-10.584924
1.623980	-2.471668	1.533377	1.255328	7.094743	3.775655	-4.784957	5.310557	-10.584450
-1.502602	-2.931645	1.172823	1.195561	7.041874	3.763412	-4.786781	5.314887	-10.583975
1.374124	-3.132996	0.783059	1.131011	6.984900	3.750308	-4.788707	5.319506	-10.583466
-1.249490	-2.737519	0.391130	1.065834	6.927477	3.737190	-4.790607	5.324113	-10.582957
-1.088361	2.598260	-4.544643	0.081561	6.056622	3.547235	-4.815080	5.389029	-10.575573
0.259885	-1.163204	-6.372644	-0.927332	5.106594	3.353331	-4.834541	5.452091	-10.568002
0.578951	-1.503319	-6.154606	-2.217688	3.651318	3.070741	-4.853758	5.538847	-10.556874
2.647753	1.378867	-4.134141	-3.155163	2.128816	2.782537	-4.863095	5.621770	-10.545366
3.133693	-1.700079	-0.882075	-3.665995	0.516439	2.475077	-4.862482	5.704783	-10.532860
-4.744074	-0.131479	2.766829	-3.664821	-1.044816	2.164666	-4.851427	5.783520	-10.519936
4.799718	0.301132	2.904434	-3.653249	-1.108849	2.151478	-4.850732	5.786760	-10.519380
-3.479958	0.727019	3.039177	-3.640738	-1.172628	2.138298	-4.850020	5.789991	-10.518823
-5.679347	2.842016	4.917932	-3.172298	-2.423272	1.869927	-4.831619	5.854051	-10.507332
4.358883	-1.289982	4.603100	-2.289767	-3.581404	1.601788	-4.805897	5.914971	-10.495533
6.034179	-3.634914	2.277245	-0.882345	-4.796302	1.293776	-4.767336	5.981461	-10.481524
-5.723808	1.454895	-0.693838	0.671400	-5.865476	0.989109	-4.719573	6.043845	-10.467105
-4.269893	1.659612	-0.811889	0.735745	-5.907208	0.976332	-4.717356	6.046391	-10.466487
5.689229	1.854721	-0.928504	0.799833	-5.948679	0.963554	-4.715122	6.048933	-10.465867
-5.290676	3.788164	-2.812012	2.012504	-6.735033	0.702973	-4.665684	6.099591	-10.452963
-0.150473	1.416566	-3.271607	2.887955	-7.387109	0.447345	-4.609730	6.147204	-10.439751
4.297253	-3.511231	-2.100323	3.296707	-7.975618	0.151433	-4.535020	6.199874	-10.423645
2.749110	-1.555778	0.116763	3.106711	-8.357919	-0.134122	-4.451723	6.248322	-10.407106
-3.792695	-1.376982	0.148316	3.100772	-8.361652	-0.137897	-4.450541	6.248947	-10.406880
3.786590	-1.197336	0.179830	3.094754	-8.365346	-0.141670	-4.449358	6.249572	-10.406654
-0.120828	3.155317	1.964991	2.565132	-8.525313	-0.378022	-4.370661	6.287916	-10.392028
-3.151108	-0.787305	2.843490	1.831893	-8.547658	-0.604124	-4.286043	6.323183	-10.377081
2.420162	-2.895635	2.429538	0.906479	-8.431627	-0.844104	-4.184494	6.359068	-10.359957
2.684684	-1.404978	0.595266	-0.026021	-8.189818	-1.070086	-4.076090	6.391169	-10.342433
-2.678812	-1.337231	0.525753	-0.053493	-8.180741	-1.076747	-4.072686	6.392087	-10.341894
-0.742501	-1.268667	0.455729	-0.080907	-8.171561	-1.083402	-4.069274	6.393003	-10.341353
2.519334	0.840007	-1.566981	-0.806770	-7.877307	-1.265621	-3.970728	6.417359	-10.325983
0.664951	2.456517	-3.208524	-1.402745	-7.524162	-1.438021	-3.867560	6.438991	-10.310319
-2.277996	1.362405	-3.832979	-1.854546	-7.055608	-1.627835	-3.741032	6.460910	-10.291588
1.006529	-1.834684	-2.622514	-1.974190	-6.551142	-1.804777	-3.608724	6.479165	-10.272455
2.206839	-1.788896	-2.469340	-1.971005	-6.517526	-1.815897	-3.599886	6.480231	-10.271192
1.422219	-1.683246	-2.307277	-1.966577	-6.483864	-1.826963	-3.591026	6.481281	-10.269926
-2.182951	1.445675	0.199368	-1.808491	-6.046440	-1.964775	-3.474849	6.493441	-10.253467
2.177301	0.116417	2.500685	-1.497101	-5.603673	-2.093785	-3.355156	6.503062	-10.236724
-2.156544	-0.984952	4.367404	-1.000230	-5.077805	-2.234643	-3.209977	6.511181	-10.216620
0.935566	1.179727	5.517928	-0.439843	-4.551315	-2.363374	-3.060959	6.515847	-10.196124
2.061428	1.131259	5.584201	-0.413589	-4.526885	-2.369065	-3.053947	6.515981	-10.195162
-2.054407	1.056072	5.653101	-0.387363	-4.502445	-2.374733	-3.046924	6.516107	-10.194198
-1.211634	-1.720307	6.971782	0.082631	-4.048834	-2.475576	-2.914853	6.517117	-10.176086
0.854543	-1.206059	7.075261	0.481185	-3.600168	-2.567402	-2.780730	6.515594	-10.157681
1.512985	3.024690	4.624264	0.800927	-3.086747	-2.663096	-2.622323	6.510659	-10.135865
-1.505130	3.617833	-0.882691	0.962105	-2.587065	-2.746696	-2.462180	6.502365	-10.113654
-0.908460	3.270353	-1.160078	0.965564	-2.566368	-2.749954	-2.455403	6.501942	-10.112709
1.515405	2.893039	-1.439400	0.968760	-2.545702	-2.753191	-2.448623	6.501514	-10.111764
-1.721382	-3.625033	-6.799366	0.977598	-2.127844	-2.815134	-2.308613	6.491387	-10.092144
2.294019	1.754490	-9.294930	0.882730	-1.726903	-2.868123	-2.168094	6.478795	-10.072230
2.507623	2.705635	-8.397323	0.658333	-1.288204	-2.917844	-2.007241	6.461415	-10.049104
-2.914937	-2.336463	-4.749808	0.347663	-0.867919	-2.956100	-1.846662	6.440895	-10.025602
-0.626629	-2.290661	-4.579018	0.333649	-0.850934	-2.957435	-1.840050	6.439981	-10.024624
2.943267	-2.209873	-4.408278	0.319568	-0.833976	-2.958750	-1.833440	6.439063	-10.023646
2.842197	2.452010	-0.633198	0.011948	-0.481413	-2.982066	-1.694088	6.418422	-10.002822
-3.365953	1.460161	3.775947	-0.294482	-0.138765	-2.996913	-1.555639	6.395461	-9.981718
-1.712117	-2.104928	8.815755	-0.611284	0.251640	-3.003710	-1.395328	6.365722	-9.956700
3.815266	-5.373361	12.230088	-0.838211	0.633930	-2.999368	-1.237045	6.332903	-9.931312
-3.825714	-5.470781	12.296840	-0.843619	0.646445	-2.999038	-1.231859	6.331768	-9.930468
-3.682137	-5.570446	12.360110	-0.848882	0.658966	-2.998697	-1.226670	6.330628	-9.929622
4.587749	-3.929763	10.607235	-0.918922	1.360662	-2.960628	-0.937292	6.260744	-9.881098
-5.225135	10.159112	0.481205	-0.629267	2.051265	-2.887782	-0.657667	6.180593	-9.831353
-0.791402	9.470797	0.173013	-0.619297	2.067089	-2.885712	-0.651323	6.178620	-9.830188
3.115363	8.713477	-0.137714	-0.609202	2.082906	-2.883624	-0.644985	6.176641	-9.829023
5.250097	7.837182	-0.474991	-0.598188	2.099936	-2.881357	-0.638163	6.174504	-9.827767
-5.257940	6.919890	-0.814357	-0.587039	2.116946	-2.879071	-0.631352	6.172362	-9.826511
3.711101	-6.876087	-6.414785	-0.385839	2.394154	-2.838926	-0.520758	6.136403	-9.805832
5.311568	-10.296464	-11.100976	-0.155223	2.668382	-2.793845	-0.412030	6.098817	-9.784961
-5.226908	-0.323594	-14.144043	0.172870	3.017398	-2.728737	-0.274462	6.047911	-9.757734
0.562215	1.645528	-14.275118	0.518943	3.360540	-2.656363	-0.140168	5.994375	-9.730199
5.129089	1.783155	-14.230497	0.534153	3.375384	-2.653054	-0.134396	5.991984	-9.728993
2.603904	1.948478	-14.182412	0.549350	3.390212	-2.649736	-0.128634	5.989591	-9.727787
-5.077966	7.099959	-12.636968	0.845861	3.682794	-2.581533	-0.015950	5.941231	-9.703816
-0.540456	6.067946	-10.284303	1.120573	3.975269	-2.508736	0.094179	5.890990	-9.679626
5.136470	-0.200578	-6.768442	1.385475	4.314827	-2.419350	0.218196	5.830625	-9.651405
-5.268258	-2.883231	-2.881811	1.569473	4.653874	-2.324854	0.338643	5.767837	-9.622907
-4.950884	-2.810722	-2.702497	1.575435	4.669019	-2.320505	0.343960	5.764965	-9.621623
5.283500	-2.722111	-2.522875	1.581178	4.684147	-2.316149	0.349267	5.762089	-9.620338
-1.937534	0.346167	1.116026	1.647000	4.975991	-2.229823	0.450856	5.705313	-9.595290
-5.648847	1.644329	5.274045	1.614625	5.262831	-2.140441	0.549619	5.646771	-9.570042
5.860584	-1.804324	10.185115	1.439682	5.577776	-2.036592	0.657373	5.578778	-9.541379
-4.571321	0.496400	12.442807	1.094836	5.882094	-1.929844	0.761401	5.508631	-9.512476
-6.121998	3.328943	10.870062	0.557906	6.180384	-1.817861	0.864168	5.434474	-9.482580
6.095856	-0.586978	5.649975	-0.097229	6.459498	-1.703930	0.962849	5.358144	-9.452445
-6.092295	-0.861773	5.436240	-0.121623	6.468998	-1.699850	0.966281	5.355391	-9.451369
-4.153195	-1.141706	5.222338	-0.146076	6.478474	-1.695765	0.969711	5.352633	-9.450292
5.936843	-4.502281	0.637676	-0.727836	6.693547	-1.598314	1.049601	5.286345	-9.424631
-5.649451	4.437468	-1.879337	-1.276335	6.887163	-1.500238	1.126459	5.218574	-9.398809
-3.144548	4.169909	-2.972885	-1.811890	7.084098	-1.383688	1.213529	5.136394	-9.368012
4.293899	-2.617677	-3.356835	-2.141675	7.240433	-1.267292	1.296191	5.052219	-9.337001
-4.254779	-2.781850	-3.383805	-2.149540	7.245885	-1.262539	1.299480	5.048732	-9.335728
0.931391	-2.916336	-3.412880	-2.156905	7.251255	-1.257791	1.302758	5.045245	-9.334454
3.308363	-0.881184	-4.418637	-2.186951	7.345738	-1.158247	1.369980	4.971114	-9.307589
-2.398442	1.565025	-5.643608	-1.940265	7.401670	-1.059624	1.433813	4.895582	-9.280577
1.609098	-1.219959	-6.268326	-1.230548	7.405000	-0.946337	1.503841	4.805847	-9.248919
-1.424879	1.137906	-4.613609	-0.091267	7.324659	-0.835270	1.569098	4.714312	-9.217073
1.434522	0.848012	-4.478972	-0.042132	7.319559	-0.830969	1.571556	4.710692	-9.215822
-1.445606	0.547312	-4.338461	0.007149	7.314297	-0.826669	1.574007	4.707066	-9.214570
0.700487	-0.987947	-0.196613	1.063490	7.157279	-0.733413	1.625813	4.626989	-9.187074
2.913165	0.638193	4.029060	1.894332	6.912425	-0.641949	1.673951	4.545688	-9.159450
2.034099	-0.202178	3.922675	2.243481	6.502415	-0.537974	1.725151	4.449810	-9.127215
-4.782279	-0.024853	0.309724	1.719110	5.946542	-0.436399	1.771185	4.352437	-9.094821
1.806841	0.102755	0.124305	1.675736	5.917557	-0.431768	1.773183	4.347908	-9.093322
4.814481	0.220679	-0.058463	1.630866	5.888294	-0.427143	1.775170	4.343376	-9.091823
-4.793567	-0.772355	-2.211200	0.553190	5.295403	-0.341947	1.810091	4.258453	-9.063848
-4.191413	0.541704	-0.956878	-0.802394	4.620670	-0.258510	1.841028	4.172549	-9.035767
3.575712	2.662493	1.612592	-2.034328	3.749604	-0.163535	1.871936	4.071325	-9.002929
-0.336814	-2.693606	1.551614	-2.222701	2.807236	-0.070924	1.897217	3.968923	-8.969957
-2.863901	-3.043364	1.473885	-2.201040	2.745457	-0.065121	1.898631	3.962379	-8.967858
2.833890	-3.358585	1.391247	-2.175956	2.683484	-0.059326	1.900021	3.955832	-8.965759
1.455600	-2.228760	0.041326	-1.573108	1.851208	0.016213	1.916167	3.869069	-8.938019
-2.663275	2.448793	-1.239998	-0.627261	1.003350	0.090106	1.928196	3.781596	-8.910196
0.178539	2.960520	-1.750403	0.620622	0.000981	0.176030	1.937074	3.676472	-8.876926
3.579361	-0.780543	-0.671298	1.664753	-0.958090	0.259547	1.939973	3.570494	-8.843550
-3.607497	-0.962560	-0.599937	1.702046	-0.998549	0.263149	1.939963	3.565833	-8.842085
-2.779226	-1.141806	-0.527420	1.738518	-1.038882	0.266748	1.939942	3.561167	-8.840619
4.218922	-2.570533	0.955967	2.260651	-1.796105	0.336299	1.937214	3.469440	-8.811856
-4.799879	1.706803	2.120225	2.338551	-2.482557	0.403883	1.930117	3.377192	-8.783023
-4.152285	3.442753	2.848483	1.735306	-3.183926	0.480144	1.916391	3.268875	-8.749277
5.720747	-2.945381	2.617346	0.416445	-3.781034	0.553340	1.896958	3.159937	-8.715449
-1.924843	-3.610526	2.555566	0.325549	-3.813126	0.557553	1.895638	3.153498	-8.713453
-5.741390	-4.267996	2.487067	0.233992	-3.844866	0.561753	1.894300	3.147060	-8.711458
5.753673	-5.442109	0.631676	-1.084454	-4.263848	0.620639	1.873055	3.054560	-8.682831
-5.552614	6.163922	-2.502198	-2.171066	-4.618553	0.676955	1.848045	2.961662	-8.654155
5.097095	-6.482045	-3.682247	-2.674280	-4.960537	0.739864	1.813898	2.851474	-8.620235
-4.477188	0.798826	0.151533	-1.977271	-5.226202	0.798527	1.775053	2.740800	-8.586263
4.448884	1.921575	0.356339	-1.926559	-5.235756	0.800879	1.773333	2.736168	-8.584843
-4.420440	3.007265	0.560297	-1.874488	-5.245191	0.803223	1.771606	2.731534	-8.583423
-4.058004	5.099436	3.722852	-0.562206	-5.415195	0.849946	1.734121	2.635296	-8.553965
0.992331	-1.197378	2.937442	0.941020	-5.539972	0.892916	1.693598	2.538742	-8.524478
2.869241	-2.518305	-0.870775	2.456132	-5.634578	0.937363	1.643522	2.427325	-8.490532
-2.852003	1.452352	-3.435897	3.204511	-5.684708	0.976097	1.590070	2.315550	-8.456561
1.381361	1.397693	-3.426698	3.210724	-5.685981	0.977615	1.587721	2.310777	-8.455112
2.873742	1.320822	-3.404525	3.214542	-5.687189	0.979122	1.585367	2.306003	-8.453663
-1.496337	-0.928843	-1.095013	2.836254	-5.697374	1.007240	1.536462	2.209016	-8.424256
-3.932644	-0.993897	1.913140	1.808004	-5.678830	1.030475	1.485553	2.111803	-8.394839
4.733941	1.447941	3.223752	0.219406	-5.618359	1.051053	1.424104	1.998442	-8.360603
-1.208779	-2.076134	0.894179	-1.363867	-5.513175	1.064579	1.360595	1.884846	-8.326369
-5.334884	-2.071232	0.767952	-1.424613	-5.507905	1.064980	1.357971	1.880219	-8.324976
5.349262	-2.037404	0.642065	-1.485019	-5.502552	1.065369	1.355342	1.875587	-8.323582
0.316825	1.730278	-1.805553	-2.693382	-5.364415	1.070978	1.296852	1.773667	-8.292929
-5.274860	2.922605	-3.137136	-3.592198	-5.185932	1.071106	1.237186	1.671612	-8.262289
4.814308	-3.080026	-3.474534	-4.085878	-4.936847	1.065094	1.169432	1.557622	-8.228123
-4.223653	2.139135	-2.456248	-3.940575	-4.633943	1.052941	1.100640	1.443525	-8.193985
-3.523933	2.152207	-2.452397	-3.939545	-4.633169	1.052905	1.100476	1.443256	-8.193905
-3.182958	2.165052	-2.448588	-3.938526	-4.632404	1.052870	1.100315	1.442990	-8.193826
3.686031	3.021969	-0.619312	-3.363290	-4.322384	1.037232	1.038667	1.341820	-8.163603
-3.211508	-1.397437	1.617766	-2.493305	-3.977786	1.017303	0.976543	1.240620	-8.133413
-1.842095	-2.924134	3.486808	-1.334420	-3.563171	0.990682	0.907765	1.129152	-8.100207
-1.118907	-0.497103	4.237006	-0.117015	-3.117089	0.959481	0.838815	1.017699	-8.067050
2.588279	-0.247072	4.246424	-0.034132	-3.085012	0.957147	0.834015	1.009943	-8.064744
-1.961161	0.007742	4.250408	0.048225	-3.052812	0.954793	0.829216	1.002188	-8.062439
-2.592584	2.698886	3.849064	1.013197	-2.647301	0.924204	0.770230	0.906812	-8.034105
2.776051	2.968232	2.584046	1.884144	-2.226786	0.890738	0.711434	0.811495	-8.005818
-3.201665	-0.699023	0.096096	2.803169	-1.710532	0.847367	0.641752	0.697937	-7.972154
-0.998442	-2.925516	-2.444810	3.600030	-1.183696	0.800570	0.572737	0.584521	-7.938569
3.818345	-2.794650	-2.527109	3.628523	-1.163177	0.798695	0.570082	0.580136	-7.937271
2.145915	-2.638771	-2.607551	3.656822	-1.142669	0.796818	0.567431	0.575754	-7.935974
-4.425188	2.828702	-3.943517	4.250016	-0.679930	0.753402	0.508121	0.477190	-7.906817
-0.966660	0.876352	-4.452759	4.759401	-0.217815	0.707969	0.449590	0.378782	-7.877730
5.492563	-2.547328	-4.567531	5.224344	0.305893	0.653785	0.383629	0.266252	-7.844496
-5.742575	2.211983	-4.703606	5.540251	0.817863	0.597728	0.319000	0.153996	-7.811369
5.745510	2.314310	-4.707069	5.549600	0.838330	0.595418	0.316405	0.149441	-7.810025
5.177842	2.384904	-4.710086	5.558664	0.858767	0.593104	0.313812	0.144888	-7.808682
-5.667166	-0.504927	-4.629027	5.672034	1.288708	0.543045	0.258894	0.047487	-7.779960
-0.441911	-2.058944	-4.148596	5.589609	1.700894	0.492189	0.205202	-0.049663	-7.751327
5.041343	-0.380142	-3.033139	5.201792	2.147736	0.432868	0.144876	-0.161465	-7.718393
-3.683648	1.404034	-1.778961	4.453367	2.556193	0.373312	0.086447	-0.272868	-7.685593
-4.744223	1.374604	-1.738175	4.418524	2.570306	0.371136	0.084347	-0.276934	-7.684396
4.737585	1.335536	-1.697963	4.383131	2.584359	0.368959	0.082251	-0.281000	-7.683199
-0.659833	-0.116614	-0.766559	3.328654	2.910467	0.315425	0.031398	-0.381126	-7.653732
-4.727614	-0.772915	0.494446	1.894406	3.193217	0.262439	-0.017714	-0.480873	-7.624384
1.186754	0.717274	2.588913	-0.132931	3.446824	0.205392	-0.069463	-0.589764	-7.592353
4.946254	-0.155352	3.757909	-2.399747	3.634384	0.149889	-0.118924	-0.698136	-7.560480
-4.947303	-0.252022	3.750902	-2.454688	3.638045	0.148568	-0.120092	-0.700753	-7.559710
-0.356388	-0.350107	3.741626	-2.509486	3.641658	0.147251	-0.121257	-0.703366	-7.558942
4.949695	-1.686377	1.796598	-4.361642	3.741987	0.100824	-0.162117	-0.796853	-7.531449
-4.942011	2.610337	-2.354596	-5.755991	3.782273	0.056166	-0.201138	-0.889909	-7.504083
4.999630	-3.806134	-3.422936	-6.333883	3.747406	0.006666	-0.244180	-0.997651	-7.472395
-4.586882	4.580507	0.734122	-5.410599	3.620079	-0.040156	-0.284607	-1.104745	-7.440893
-5.166789	4.738945	0.965610	-5.322580	3.610820	-0.042560	-0.286672	-1.110393	-7.439232
-3.604851	4.795806	1.188006	-5.231000	3.601313	-0.044957	-0.288730	-1.116040	-7.437571
5.363562	-1.840652	3.349860	-3.299540	3.413865	-0.082720	-0.320980	-1.207134	-7.410768
4.322590	-5.118097	2.951303	-0.717550	3.165673	-0.118580	-0.351240	-1.297704	-7.384111
-5.531027	-0.904007	0.118572	2.515877	2.805787	-0.157897	-0.383893	-1.402303	-7.353314
3.733724	4.094611	-2.861566	5.207383	2.374796	-0.194677	-0.413813	-1.506135	-7.322726
5.194248	4.093381	-2.948150	5.296175	2.355179	-0.196170	-0.415013	-1.510489	-7.321443
-5.170577	4.067329	-3.029937	5.382444	2.335447	-0.197659	-0.416208	-1.514842	-7.320161
1.169505	2.289147	-3.605730	6.493518	1.902568	-0.227420	-0.439811	-1.604486	-7.293736
3.780075	-0.030112	-2.077741	6.100454	1.426196	-0.255262	-0.461335	-1.693502	-7.267480
-0.415000	-1.112118	1.248198	4.095973	0.838230	-0.284994	-0.483593	-1.795396	-7.237402
-3.062245	-1.483812	3.755768	1.025860	0.229150	-0.312143	-0.503106	-1.896377	-7.207563
3.079872	-1.502471	3.797118	0.876913	0.202179	-0.313278	-0.503903	-1.900801	-7.206255
0.829085	-1.496547	3.830063	0.727301	0.175209	-0.314409	-0.504694	-1.905223	-7.204947
-3.810639	1.284028	2.817622	-2.238597	-0.353062	-0.335631	-0.519208	-1.991927	-7.179296
3.625589	0.865894	-0.537618	-4.817010	-0.866562	-0.354857	-0.531716	-2.077887	-7.153835
6.126769	-1.457243	-3.759559	-6.500378	-1.423856	-0.374545	-0.543721	-2.176277	-7.124649
-6.799980	-1.055347	-2.954524	-6.154104	-1.923242	-0.391453	-0.553165	-2.273592	-7.095731
0.018050	-0.621795	-2.824522	-6.087421	-1.946876	-0.392240	-0.553580	-2.278530	-7.094262
6.815936	-0.178226	-2.688697	-6.016646	-1.970316	-0.393020	-0.553988	-2.283466	-7.092794
1.666999	2.164673	0.211488	-4.218720	-2.347622	-0.405417	-0.560086	-2.369122	-7.067286
-5.628845	-0.991575	2.780350	-1.691148	-2.662738	-0.415479	-0.564287	-2.453857	-7.042001
-1.057451	-3.169637	3.245443	1.430022	-2.940192	-0.423948	-0.566847	-2.548457	-7.013703
3.008988	1.054236	0.126515	4.178781	-3.130044	-0.429233	-0.567202	-2.641793	-6.985703
-2.151441	1.072906	0.116871	4.184606	-3.130401	-0.429242	-0.567200	-2.642022	-6.985635
-3.003534	1.091607	0.107227	4.190425	-3.130756	-0.429251	-0.567199	-2.642251	-6.985566
2.210256	4.459951	-2.788873	5.833173	-3.221638	-0.431159	-0.565770	-2.723512	-6.961115
-1.736028	-5.056006	-2.982514	6.393181	-3.237923	-0.430411	-0.562806	-2.803723	-6.936907
1.477067	-0.240677	-0.154561	5.690739	-3.166758	-0.426389	-0.557772	-2.892124	-6.910133
1.477077	5.875440	2.823537	4.026207	-3.010229	-0.419165	-0.551027	-2.979135	-6.883676
-1.572639	3.894483	3.170449	2.072977	-2.797467	-0.409734	-0.543279	-3.059024	-6.859282
-0.860712	2.338655	1.487411	0.057642	-2.529969	-0.397893	-0.534208	-3.137632	-6.835175
1.726479	2.204638	1.384192	-0.030005	-2.517039	-0.397317	-0.533778	-3.141074	-6.834117
-0.698478	2.057770	1.279295	-0.117507	-2.504011	-0.396737	-0.533345	-3.144517	-6.833059
-1.886988	-2.552207	-1.263677	-1.992895	-2.191967	-0.382676	-0.523059	-3.220720	-6.809573
1.920761	-4.452259	-3.410398	-3.631711	-1.845688	-0.366636	-0.511630	-3.295621	-6.786379
2.025522	-4.451810	-3.470963	-3.689707	-1.831463	-0.365966	-0.511157	-3.298546	-6.785471
-1.348023	-4.446761	-3.529065	-3.747131	-1.817200	-0.365293	-0.510682	-3.301470	-6.784563
-2.130139	-3.885102	-4.129299	-4.936125	-1.463902	-0.348286	-0.498775	-3.371174	-6.762863
2.215187	-3.608619	-3.181644	-5.711233	-1.096369	-0.329819	-0.485968	-3.439663	-6.741434
-2.142943	-1.190593	-0.749400	-6.142028	-0.664645	-0.306889	-0.470145	-3.517166	-6.717045
-2.456458	1.336944	2.274929	-6.174612	-0.235089	-0.282447	-0.453294	-3.592984	-6.693032
1.376319	1.324335	2.384097	-6.169698	-0.219694	-0.281538	-0.452667	-3.595692	-6.692171
2.468725	1.299594	2.492835	-6.164410	-0.204311	-0.280628	-0.452039	-3.598398	-6.691311
-2.645143	-0.917461	4.693478	-5.939971	0.159809	-0.258393	-0.436665	-3.662423	-6.670892
-2.484326	-0.461524	5.515114	-5.576018	0.515199	-0.235363	-0.420655	-3.725143	-6.650763
3.238888	0.902735	5.551954	-5.076530	0.911049	-0.208028	-0.401490	-3.795783	-6.627929
-3.398038	-1.107861	5.799841	-4.595786	1.288906	-0.180062	-0.381638	-3.864638	-6.605494
-3.716346	-1.200777	5.817910	-4.577399	1.304529	-0.178862	-0.380780	-3.867528	-6.604549
3.738225	-1.287755	5.836427	-4.559253	1.320114	-0.177661	-0.379920	-3.870414	-6.603604
0.604038	-0.833362	6.187391	-4.232412	1.643088	-0.151878	-0.361316	-3.931255	-6.583608
-4.662698	1.620379	5.830425	-4.003143	1.945599	-0.125943	-0.342278	-3.990592	-6.563953
2.389262	2.508025	3.670105	-3.748305	2.246903	-0.097907	-0.321260	-4.053082	-6.543074
4.778043	-0.763312	-0.280378	-3.384018	2.518010	-0.070103	-0.299881	-4.113777	-6.522605
-4.764623	-0.915585	-0.422832	-3.368916	2.526482	-0.069183	-0.299164	-4.115767	-6.521931
0.049071	-1.063414	-0.565065	-3.353586	2.534916	-0.068264	-0.298446	-4.117755	-6.521256
4.174265	-2.725529	-4.000729	-2.842275	2.747673	-0.043727	-0.279008	-4.170552	-6.503273
-0.900285	-0.242741	-5.819498	-2.095627	2.930985	-0.019713	-0.259402	-4.221871	-6.485630
-2.406771	2.390106	-5.657995	-0.928659	3.097321	0.006172	-0.237481	-4.277158	-6.466427
-0.662957	-1.734345	-3.575958	0.550376	3.221166	0.031008	-0.215498	-4.330583	-6.447658
1.672916	-1.983053	-3.465490	0.621534	3.225682	0.032096	-0.214510	-4.332939	-6.446825
-1.652007	-2.195546	-3.355358	0.692897	3.230101	0.033181	-0.213523	-4.335290	-6.445993
1.437567	0.626620	-1.313252	2.115152	3.297619	0.053881	-0.194200	-4.380575	-6.429884
0.060821	2.205591	0.422311	3.487801	3.327362	0.073448	-0.174945	-4.424392	-6.414119
-1.797644	-0.698371	1.924328	4.837054	3.311469	0.094637	-0.152688	-4.473520	-6.396214
2.112510	-2.635157	2.850849	5.709048	3.237766	0.114097	-0.130660	-4.520635	-6.378789
1.671255	-2.599517	2.877987	5.732531	3.233233	0.114897	-0.129716	-4.522621	-6.378049
-2.134857	-2.547456	2.904041	5.754699	3.228585	0.115694	-0.128773	-4.524603	-6.377310
-1.065575	0.973837	3.187122	5.895250	3.111372	0.130960	-0.110077	-4.563377	-6.362744
2.394694	2.828035	2.952931	5.397778	2.947205	0.145012	-0.091643	-4.600656	-6.348544
0.675425	-2.596661	1.961262	4.073705	2.702619	0.159847	-0.070623	-4.642066	-6.332520
-2.639888	0.977416	0.342449	2.128699	2.407404	0.173137	-0.050080	-4.681450	-6.317002
2.649363	1.533714	0.231827	2.032174	2.393386	0.173686	-0.049189	-4.683135	-6.316331
-2.659133	2.041849	0.116825	1.934797	2.379275	0.174233	-0.048298	-4.684817	-6.315661
2.901664	-1.525622	-1.945909	-0.105415	2.087231	0.184371	-0.031076	-4.716968	-6.302742
-3.212141	1.140984	-1.055357	-2.264443	1.768752	0.193434	-0.014303	-4.747608	-6.290210
3.599658	-1.031282	1.766964	-4.430392	1.371114	0.202677	0.004606	-4.781381	-6.276109
-3.945006	1.108722	1.487492	-5.635398	0.952065	0.210556	0.022786	-4.813100	-6.262545
-2.627545	1.218247	1.418868	-5.660999	0.935453	0.210835	0.023477	-4.814292	-6.262029
3.967935	1.316786	1.347498	-5.685074	0.918809	0.211113	0.024167	-4.815481	-6.261513
1.378222	0.382338	-0.598882	-5.830714	0.544841	0.216775	0.039190	-4.841101	-6.250269
-4.291055	-2.243934	-2.068489	-5.266731	0.166018	0.221493	0.053593	-4.865203	-6.239436
4.315985	-1.483656	-1.573662	-3.794465	-0.284143	0.225914	0.069843	-4.891856	-6.227116
-4.228233	1.441703	0.423325	-1.768631	-0.728269	0.229105	0.085120	-4.916394	-6.215388
-2.519388	1.483883	0.448030	-1.744384	-0.733152	0.229134	0.085284	-4.916655	-6.215261
0.386216	1.526177	0.472657	-1.720180	-0.738020	0.229163	0.085448	-4.916915	-6.215134
4.082776	3.764529	2.137475	0.134147	-1.100837	0.230911	0.097462	-4.935850	-6.205764
-3.909044	0.648278	2.982728	1.886689	-1.450336	0.231864	0.108718	-4.953309	-6.196823
1.078311	-4.299004	2.985934	3.538345	-1.832449	0.232017	0.120745	-4.971665	-6.187025
3.604973	-4.345352	2.087844	4.699328	-2.185034	0.231201	0.131669	-4.988071	-6.177812
1.808852	-4.056033	2.002750	4.756089	-2.205856	0.231119	0.132311	-4.989027	-6.177258
-3.599226	-3.740222	1.914393	4.811137	-2.226537	0.231034	0.132949	-4.989977	-6.176707
2.989138	1.071939	0.484041	5.397410	-2.492596	0.229531	0.141156	-5.002120	-6.169449
3.705901	4.340159	-1.068359	5.712887	-2.728732	0.227401	0.148511	-5.012888	-6.162618
-3.877846	3.064415	-2.584324	5.794499	-2.967273	0.224067	0.156145	-5.023947	-6.155033
3.854651	-2.065122	-3.633175	5.628772	-3.158924	0.219899	0.162509	-5.033069	-6.148069
4.077168	-2.241378	-3.663213	5.618833	-3.165193	0.219727	0.162722	-5.033372	-6.147821
-4.083984	-2.411871	-3.692569	5.608673	-3.171394	0.219555	0.162933	-5.033673	-6.147574
4.225957	-4.191866	-4.184652	5.321558	-3.296670	0.215292	0.167269	-5.039834	-6.142149
0.591521	-1.985442	-4.340151	4.965141	-3.389981	0.210469	0.170623	-5.044591	-6.137189
-4.430412	2.067348	-4.200947	4.548006	-3.457235	0.204519	0.173157	-5.048225	-6.132257
-2.742720	4.502315	-3.822134	4.149576	-3.488380	0.197936	0.174444	-5.050171	-6.127899
-0.330283	4.991747	-3.226379	3.762874	-3.483842	0.190341	0.174453	-5.050413	-6.123934
