-11.777643	-2.899618	1.372735	-11.773519	9.687202	22.159425	-5.683825	-8.111177	-14.635079
5.310981	-2.972379	1.346992	-11.769465	9.688999	22.157253	-5.683215	-8.111491	-14.635069
-3.198240	-3.057501	1.320486	-11.765268	9.690800	22.155066	-5.682603	-8.111806	-14.635059
-4.763020	-14.331233	-1.342981	-11.324025	9.790423	22.019082	-5.648235	-8.128920	-14.634492
3.254336	-7.744538	-6.246719	-10.446286	9.892864	21.850331	-5.612042	-8.145855	-14.633933
-0.003653	13.872153	-12.007484	-6.805980	10.129001	21.361774	-5.525584	-8.182655	-14.632725
-11.458758	-13.214575	3.555026	-1.202045	10.374628	20.718841	-5.430320	-8.218561	-14.631555
12.112806	-11.286813	4.103184	-1.027935	10.382194	20.696904	-5.427280	-8.219641	-14.631520
0.318559	-8.568360	4.640956	-0.854788	10.389762	20.674832	-5.424231	-8.220720	-14.631485
-13.261853	-6.249289	5.017452	-0.731857	10.395165	20.658995	-5.422050	-8.221489	-14.631460
13.736157	-3.810733	5.386874	-0.609591	10.400566	20.643100	-5.419867	-8.222258	-14.631435
-14.837005	12.763431	10.197805	1.490345	10.499906	20.338852	-5.379017	-8.236305	-14.630979
-25.590430	1.253107	9.672190	3.176215	10.599116	20.011884	-5.336783	-8.250205	-14.630530
14.455201	-10.994348	-2.732761	5.144532	10.848801	19.074720	-5.222276	-8.285148	-14.629405
16.653916	8.026616	-6.227193	4.082679	11.082912	18.003612	-5.098788	-8.319106	-14.628319
-16.401397	8.688835	-6.208454	4.039329	11.086881	17.983218	-5.096488	-8.319707	-14.628300
-8.836703	9.181377	-6.188408	3.995157	11.090843	17.962768	-5.094183	-8.320308	-14.628281
15.735038	9.086067	-6.153293	3.921762	11.097256	17.929466	-5.090433	-8.321284	-14.628250
-6.799006	7.387247	-6.115235	3.846384	11.103641	17.896061	-5.086675	-8.322259	-14.628219
-15.008114	5.233374	-6.082820	3.784561	11.108739	17.869208	-5.083657	-8.323040	-14.628194
14.697138	2.863156	-6.048886	3.721488	11.113822	17.842272	-5.080632	-8.323821	-14.628169
14.534292	-8.307719	-5.528791	2.732414	11.183414	17.455448	-5.037451	-8.334776	-14.627820
-9.593387	-1.112495	-5.164725	1.649830	11.248653	17.056015	-4.993304	-8.345621	-14.627475
-4.146522	6.591295	-4.229822	0.004369	11.335475	16.445220	-4.926463	-8.361406	-14.626975
10.739699	5.135246	-1.878811	-1.625787	11.409195	15.809751	-4.857536	-8.376949	-14.626483
-11.401756	-1.892424	0.985344	-3.031205	11.466573	15.163923	-4.787882	-8.391962	-14.626009
-13.975979	-3.946917	3.121502	-4.039183	11.506854	14.497838	-4.716242	-8.406737	-14.625544
14.005462	-3.803727	3.182365	-4.073185	11.508281	14.466230	-4.712844	-8.407422	-14.625523
-3.385726	-3.642361	3.238926	-4.105859	11.509665	14.434583	-4.709442	-8.408107	-14.625501
-13.880463	1.095508	3.584349	-4.470595	11.528027	13.793759	-4.640523	-8.421678	-14.625075
9.067735	2.955986	2.884343	-4.284843	11.527201	13.138469	-4.569883	-8.435039	-14.624655
11.361596	-0.071786	1.557221	-3.556052	11.500718	12.396430	-4.489505	-8.449614	-14.624199
-10.301090	-2.761468	-0.545988	-2.446046	11.443851	11.640713	-4.407028	-8.463924	-14.623752
-2.395165	-2.762584	-0.553487	-2.442509	11.443643	11.638544	-4.406790	-8.463965	-14.623750
10.297786	-2.763646	-0.560995	-2.438970	11.443434	11.636376	-4.406552	-8.464005	-14.623749
-10.730760	-0.970934	-3.094970	-1.275921	11.364551	10.956756	-4.331687	-8.476467	-14.623360
-10.879377	2.729607	-4.965455	-0.072606	11.256453	10.269653	-4.255190	-8.488718	-14.622978
12.192464	3.763196	-4.576031	1.190432	11.096746	9.489323	-4.167159	-8.502252	-14.622556
-0.754481	-3.264554	-0.665345	2.249395	10.893299	8.703573	-4.077079	-8.515516	-14.622143
-13.872832	-3.449942	-0.525557	2.275194	10.886920	8.681454	-4.074520	-8.515884	-14.622132
12.255905	-3.628833	-0.385083	2.300751	10.880505	8.659332	-4.071960	-8.516253	-14.622121
15.409236	-4.959535	3.955309	2.964191	10.661385	7.965947	-3.991014	-8.527671	-14.621765
-16.794769	1.808125	6.940203	3.313206	10.408559	7.271608	-3.908501	-8.538877	-14.621417
-6.147172	6.143110	7.421928	3.239829	10.084299	6.482498	-3.812746	-8.551365	-14.621029
19.037587	1.654402	4.422680	2.635733	9.728612	5.696239	-3.714985	-8.563574	-14.620649
-13.306830	1.367440	4.313718	2.613362	9.718654	5.675120	-3.712324	-8.563899	-14.620639
-19.073810	1.072230	4.204097	2.590722	9.708678	5.654005	-3.709661	-8.564224	-14.620629
19.483038	-7.055718	0.694535	1.738568	9.376948	4.973935	-3.622853	-8.574610	-14.620306
-0.236454	-0.955224	-1.817111	0.741967	9.029316	4.299155	-3.534539	-8.584783	-14.619989
-19.903760	7.455548	-4.059391	-0.438647	8.603552	3.512313	-3.428489	-8.596500	-14.619624
20.384369	-1.788204	-6.438568	-1.419658	8.165743	2.737117	-3.320362	-8.607917	-14.619268
-0.305493	-1.883290	-6.459436	-1.427205	8.161610	2.729930	-3.319341	-8.608023	-14.619265
-20.397730	-1.977598	-6.480304	-1.434738	8.157463	2.722723	-3.318317	-8.608128	-14.619261
12.201665	-6.753514	-7.960134	-1.942407	7.778958	2.073419	-3.224527	-8.617612	-14.618965
21.764829	-7.074781	-8.046710	-2.028212	7.398818	1.435759	-3.129247	-8.626875	-14.618675
-5.099175	-5.993963	-5.695105	-1.589283	6.956319	0.713805	-3.017061	-8.637322	-14.618347
-20.213534	-0.924428	-1.754785	-0.773976	6.500453	0.011665	-2.902899	-8.647468	-14.618028
20.115124	-0.599207	-1.593874	-0.738957	6.482683	-0.014596	-2.898522	-8.647848	-14.618016
-2.871720	-0.267708	-1.432924	-0.703772	6.464873	-0.040826	-2.894142	-8.648227	-14.618004
-16.994491	5.671815	2.062718	0.112163	6.046254	-0.629997	-2.793496	-8.656754	-14.617734
1.293036	2.031118	4.605570	0.842192	5.597623	-1.201055	-2.691377	-8.665053	-14.617471
9.486217	-4.479747	5.401554	1.360963	5.035459	-1.830968	-2.572615	-8.674274	-14.617178
-7.551939	-2.209675	3.443686	1.371613	4.408896	-2.432985	-2.451944	-8.683191	-14.616892
0.112233	-2.147310	3.397760	1.368058	4.398546	-2.442140	-2.450048	-8.683328	-14.616888
7.537625	-2.085099	3.351526	1.364402	4.388176	-2.451287	-2.448151	-8.683464	-14.616884
-8.302439	1.267730	0.475825	1.004921	3.764411	-2.961611	-2.338965	-8.691144	-14.616636
-3.993670	2.610727	-1.847183	0.416893	3.080489	-3.446436	-2.228279	-8.698578	-14.616395
13.348164	1.014597	-2.523114	-0.385486	2.248995	-3.954986	-2.103120	-8.706576	-14.616134
0.398195	-1.417320	-1.503721	-1.163306	1.346800	-4.427766	-1.976117	-8.714266	-14.615881
-14.904078	-1.427840	-1.475655	-1.174755	1.330234	-4.435786	-1.973856	-8.714399	-14.615877
14.909540	-1.436456	-1.447346	-1.186079	1.313646	-4.443795	-1.971594	-8.714532	-14.615873
6.501891	-0.585037	0.074020	-1.546582	0.449279	-4.832173	-1.856757	-8.721116	-14.615654
-12.157945	0.656681	0.969099	-1.336084	-0.464505	-5.188824	-1.740468	-8.727453	-14.615441
2.757682	0.020427	0.432786	-0.390124	-1.516218	-5.547114	-1.609144	-8.734221	-14.615212
8.066673	-0.154909	-0.434484	0.886049	-2.562413	-5.861990	-1.476032	-8.740678	-14.614990
-6.446083	-0.113017	-0.446586	0.923615	-2.593018	-5.870696	-1.472033	-8.740866	-14.614983
-8.036385	-0.069683	-0.457381	0.960978	-2.623570	-5.879363	-1.468032	-8.741053	-14.614977
10.470699	0.097910	0.361842	2.650493	-4.437933	-6.351368	-1.205649	-8.752599	-14.614570
-0.066760	-0.472947	0.107234	2.455796	-5.777998	-6.637732	-0.936714	-8.762958	-14.614192
-14.761885	-0.303250	0.067695	2.440295	-5.799651	-6.641515	-0.931190	-8.763155	-14.614185
14.814132	-0.123417	0.027160	2.424617	-5.821080	-6.645216	-0.925662	-8.763353	-14.614177
6.232378	0.230987	-0.053270	2.393183	-5.862728	-6.652277	-0.914742	-8.763741	-14.614163
-14.998581	0.544651	-0.130100	2.361159	-5.903516	-6.659017	-0.903807	-8.764127	-14.614148
4.857649	0.321367	-0.469170	2.033496	-6.255367	-6.707526	-0.796550	-8.767796	-14.614009
15.438665	-1.077922	-0.140211	1.677102	-6.522219	-6.724001	-0.688406	-8.771280	-14.613874
-15.063500	1.406958	0.635998	0.844786	-6.742401	-6.694799	-0.543926	-8.775609	-14.613702
-7.924974	-0.004414	-0.447357	-0.733886	-6.807310	-6.605503	-0.398330	-8.779610	-14.613537
14.710746	-0.120668	-0.514709	-0.818986	-6.806517	-6.600100	-0.391817	-8.779781	-14.613530
-6.098394	-0.234988	-0.581235	-0.905113	-6.805404	-6.594571	-0.385297	-8.779951	-14.613523
-14.640689	-1.812263	-1.250049	-2.803180	-6.712887	-6.456575	-0.252906	-8.783258	-14.613380
14.800885	-1.273910	0.328313	-4.748928	-6.482366	-6.270861	-0.120229	-8.786293	-14.613244
0.644056	1.105908	2.946195	-6.349588	-6.057441	-6.013207	0.026703	-8.789335	-14.613100
-15.284387	1.770266	3.566629	-6.648808	-5.449444	-5.705114	0.173545	-8.792039	-14.612963
0.418362	1.738082	3.539190	-6.636811	-5.436060	-5.698734	0.176363	-8.792088	-14.612960
15.286659	1.703591	3.509882	-6.624036	-5.422593	-5.692327	0.179185	-8.792136	-14.612958
-15.226489	-0.941552	0.584674	-5.300730	-4.735370	-5.377270	0.309914	-8.794249	-14.612842
-5.599341	-1.502127	-3.736324	-2.937326	-3.944117	-5.028905	0.440427	-8.796091	-14.612732
14.853793	0.139176	-7.516895	0.280997	-2.956470	-4.597225	0.588174	-8.797851	-14.612614
-5.660535	1.256683	-8.344850	3.412623	-1.913556	-4.131273	0.735447	-8.799258	-14.612503
-14.825295	1.226024	-8.326134	3.464511	-1.895126	-4.122870	0.738011	-8.799279	-14.612501
10.119288	1.192620	-8.306167	3.516375	-1.876660	-4.114443	0.740579	-8.799301	-14.612499
14.980105	-1.260244	-6.245124	5.938367	-0.951242	-3.681092	0.869036	-8.800230	-14.612408
-15.192386	0.640853	-3.434042	7.891437	-0.044785	-3.228203	0.996971	-8.800886	-14.612322
1.183935	1.651830	0.684581	9.297007	0.910570	-2.703149	1.139134	-8.801294	-14.612233
14.647827	-1.699772	6.039851	9.642279	1.768202	-2.161831	1.280468	-8.801355	-14.612151
-14.604109	-1.922911	6.263504	9.629710	1.801823	-2.138581	1.286442	-8.801350	-14.612148
-10.223150	-2.144739	6.484770	9.614773	1.835172	-2.115327	1.292409	-8.801345	-14.612145
11.832157	-0.498183	12.617740	6.011225	3.090294	-1.032303	1.564017	-8.800412	-14.612008
-3.744218	5.053327	5.639097	-2.975374	3.779798	0.063189	1.831401	-8.798151	-14.611901
-12.859450	3.366449	5.180535	-3.253304	3.790709	0.094272	1.838950	-8.798067	-14.611899
13.018126	1.526863	4.707173	-3.530069	3.801122	0.125339	1.846495	-8.797982	-14.611896
4.370897	-0.268234	4.238163	-3.795520	3.810687	0.155264	1.853762	-8.797899	-14.611894
-13.349015	-1.955946	3.757743	-4.059538	3.819789	0.185173	1.861026	-8.797814	-14.611891
11.146166	-5.902170	-3.967780	-7.700581	3.899823	0.627337	1.968531	-8.796445	-14.611858
20.701680	6.534634	-10.233989	-10.422147	3.874239	1.063616	2.075149	-8.794849	-14.611830
7.382357	-7.913814	-8.797108	-10.774362	3.323636	2.165825	2.351129	-8.789567	-14.611783
-16.652220	-2.737860	1.390258	-2.408312	2.240167	3.159291	2.619785	-8.782696	-14.611777
16.435701	-2.222726	1.450263	-2.321917	2.229898	3.166751	2.621935	-8.782634	-14.611777
-8.746449	-1.719404	1.509468	-2.235411	2.219612	3.174199	2.624085	-8.782571	-14.611777
-15.261526	0.110735	1.754921	-1.861915	2.175142	3.206130	2.633331	-8.782301	-14.611777
13.065069	1.221584	1.984635	-1.486643	2.130344	3.237863	2.642571	-8.782029	-14.611778
13.995261	1.529772	2.057816	-1.360777	2.115288	3.248433	2.645661	-8.781937	-14.611778
-13.687640	1.850125	2.129099	-1.234783	2.100199	3.258979	2.648749	-8.781845	-14.611778
-7.471895	8.826741	3.230373	2.365405	1.656637	3.550004	2.736595	-8.779127	-14.611787
4.272143	8.838183	2.331408	5.731716	1.196867	3.819042	2.823479	-8.776228	-14.611801
-7.226935	-4.551050	-0.530712	9.263230	0.534606	4.159784	2.945435	-8.771786	-14.611829
-7.577395	-8.332887	-1.367235	9.919007	-0.110111	4.445205	3.065280	-8.766973	-14.611867
10.904784	7.804237	1.463243	6.832026	-0.716650	4.672076	3.184813	-8.761700	-14.611917
7.207939	-6.571575	1.167788	1.391339	-1.242209	4.828664	3.301945	-8.756038	-14.611977
-12.803627	-6.847214	1.117287	1.269139	-1.252010	4.831118	3.304345	-8.755916	-14.611979
3.192768	-7.106786	1.065324	1.147068	-1.261748	4.833536	3.306740	-8.755795	-14.611980
12.889370	-5.530072	-1.868835	-3.774948	-1.623811	4.904681	3.406588	-8.750530	-14.612043
-12.047245	5.824269	-3.323051	-7.265852	-1.877534	4.912879	3.504434	-8.744968	-14.612114
10.886512	-5.143492	0.783463	-8.171345	-2.007800	4.838007	3.615130	-8.738171	-14.612207
8.360777	-4.640376	4.457240	-6.481129	-1.944789	4.668899	3.723711	-8.730973	-14.612313
-4.059297	-4.098765	4.568208	-6.325562	-1.935443	4.655973	3.730132	-8.730531	-14.612320
-10.279842	-3.523319	4.664240	-6.165490	-1.925524	4.642743	3.736547	-8.730087	-14.612327
10.556299	4.098328	4.042942	-3.440624	-1.725501	4.420724	3.828022	-8.723560	-14.612428
-11.346679	1.249629	-0.412399	-0.193204	-1.436053	4.143424	3.918569	-8.716735	-14.612539
-12.678218	-3.471066	-5.059818	3.296175	-1.004535	3.744050	4.027258	-8.708077	-14.612686
13.862134	3.216592	-2.917906	5.129911	-0.528479	3.286348	4.135468	-8.698979	-14.612847
5.560027	3.233563	-2.895691	5.134564	-0.526131	3.283999	4.135995	-8.698934	-14.612848
-13.871279	3.249937	-2.873551	5.139151	-0.523797	3.281663	4.136518	-8.698889	-14.612849
0.900457	0.696154	1.455529	5.388207	-0.117643	2.853439	4.228947	-8.690762	-14.612998
14.709989	-3.010730	4.500063	4.663330	0.259390	2.399455	4.321689	-8.682310	-14.613158
-14.749754	2.376436	3.165536	2.952852	0.633377	1.860074	4.428193	-8.672275	-14.613353
-4.459611	2.854905	-0.650883	0.806503	0.929451	1.307544	4.535948	-8.661813	-14.613563
14.629939	2.774839	-0.711921	0.770115	0.933634	1.298246	4.537764	-8.661635	-14.613567
-4.335195	2.691741	-0.772478	0.733768	0.937789	1.288947	4.539581	-8.661456	-14.613571
-14.418433	-2.718707	-3.149719	-1.056135	1.115829	0.799643	4.635941	-8.651872	-14.613768
14.147186	-2.758587	-3.644185	-2.351764	1.205436	0.315262	4.733934	-8.641954	-14.613977
12.889291	-1.662872	-2.374986	-2.910520	1.184869	-0.216945	4.846784	-8.630366	-14.614227
-13.921365	0.101820	-0.134706	-2.661889	1.026138	-0.726299	4.962546	-8.618347	-14.614492
-4.422749	0.126066	-0.082834	-2.649594	1.021238	-0.737111	4.965110	-8.618080	-14.614498
13.932714	0.149322	-0.030940	-2.637037	1.016274	-0.747923	4.967681	-8.617812	-14.614504
-14.338082	0.875603	1.898837	-1.961344	0.772402	-1.172504	5.073235	-8.606778	-14.614752
-11.994407	1.949770	2.996116	-1.108575	0.466270	-1.566816	5.181745	-8.595401	-14.615013
15.389081	2.556577	2.595454	-0.171591	0.086067	-1.967560	5.307857	-8.582180	-14.615321
-5.583173	0.832516	0.896401	0.626910	-0.288676	-2.314690	5.438547	-8.568519	-14.615646
-15.308566	0.785762	0.851366	0.642329	-0.296619	-2.321751	5.441514	-8.568210	-14.615653
15.297004	0.739310	0.806212	0.657626	-0.304536	-2.328781	5.444484	-8.567900	-14.615661
6.661035	-1.031182	-0.959856	1.155656	-0.595322	-2.584298	5.565642	-8.555309	-14.615965
-13.253577	-2.294423	-2.101694	1.377627	-0.815014	-2.784558	5.691126	-8.542365	-14.616283
-1.134098	-2.461124	-1.904899	1.211434	-0.959307	-2.935896	5.836862	-8.527477	-14.616654
10.758479	-0.342410	-0.487475	0.572290	-1.007812	-3.003873	5.988751	-8.512143	-14.617042
-10.746903	-0.275981	-0.459000	0.558133	-1.007895	-3.004302	5.991484	-8.511869	-14.617049
-8.796516	-0.208617	-0.430566	0.543911	-1.007952	-3.004705	5.994218	-8.511595	-14.617056
10.502364	2.486861	0.745065	-0.198219	-0.979441	-2.992641	6.131385	-8.497930	-14.617406
-1.617152	0.198346	1.036676	-0.878432	-0.889445	-2.922299	6.273150	-8.483928	-14.617770
-11.512335	-2.648253	0.453889	-1.363644	-0.705307	-2.771351	6.447067	-8.466825	-14.618220
12.363670	1.308986	-0.371550	-1.387568	-0.453780	-2.557293	6.625824	-8.449238	-14.618690
5.138455	1.350797	-0.377791	-1.385327	-0.451153	-2.554999	6.627537	-8.449069	-14.618694
-12.378663	1.392192	-0.383977	-1.383038	-0.448522	-2.552701	6.629249	-8.448901	-14.618699
-0.089238	3.086973	-0.581936	-0.990059	-0.192717	-2.322165	6.788301	-8.433172	-14.619124
13.379571	0.124846	0.116020	-0.340565	0.078820	-2.058846	6.949719	-8.417073	-14.619564
-13.564425	-3.901595	0.655130	0.533900	0.383183	-1.731099	7.133941	-8.398460	-14.620079
-13.573052	3.609576	-0.268532	1.378816	0.662322	-1.380502	7.319550	-8.379370	-14.620613
13.572682	3.629484	-0.271721	1.380828	0.663004	-1.379555	7.320040	-8.379319	-14.620614
-4.160309	3.649318	-0.274909	1.382839	0.663686	-1.378609	7.320531	-8.379268	-14.620616
-13.394433	5.112733	-0.973430	1.959087	0.870955	-1.055841	7.485985	-8.361895	-14.621107
13.232516	-2.942478	-0.319300	2.298850	1.022372	-0.730012	7.651241	-8.344140	-14.621614
5.861724	-6.559413	1.026836	2.318574	1.104827	-0.370189	7.835320	-8.323804	-14.622201
-13.221651	-5.658142	1.675039	1.858389	1.078535	-0.025044	8.017529	-8.302986	-14.622808
-0.538029	-5.655855	1.676652	1.853776	1.078040	-0.022966	8.018652	-8.302855	-14.622812
13.222893	-5.653726	1.678233	1.849162	1.077544	-0.020900	8.019770	-8.302725	-14.622816
-13.627669	1.282094	1.022221	-0.381386	0.760786	0.573457	8.362931	-8.261161	-14.624047
-13.377217	9.281519	-1.876104	-2.805239	0.228708	1.040194	8.689772	-8.217778	-14.625356
14.719413	9.197038	-1.881591	-2.807754	0.227896	1.040737	8.690207	-8.217717	-14.625358
-8.285497	9.112105	-1.887083	-2.810266	0.227084	1.041279	8.690642	-8.217656	-14.625360
-14.789975	6.396338	-2.053827	-2.884294	0.202547	1.057498	8.703730	-8.215820	-14.625416
7.992642	3.591528	-2.220443	-2.954959	0.177898	1.073461	8.716780	-8.213981	-14.625472
15.620725	-9.295282	-3.110346	-3.428194	-0.057937	1.211068	8.837706	-8.196503	-14.626007
-16.491187	4.743117	-1.501135	-3.490795	-0.294570	1.324931	8.954769	-8.178745	-14.626555
-12.252395	8.709923	2.310206	-2.924729	-0.598683	1.438702	9.104723	-8.154545	-14.627306
17.770718	-2.234877	4.137638	-1.649599	-0.873396	1.507294	9.246245	-8.129840	-14.628081
-17.408304	-2.381436	4.138890	-1.629327	-0.876577	1.507862	9.247957	-8.129528	-14.628090
-17.762284	-2.526546	4.139544	-1.609000	-0.879743	1.508421	9.249664	-8.129216	-14.628100
17.021916	-7.361147	2.673778	-0.011000	-1.078187	1.529511	9.363190	-8.107664	-14.628781
-5.410461	-0.099552	-1.382864	1.784370	-1.233005	1.516190	9.469342	-8.085738	-14.629479
-13.986903	5.659000	-5.185783	3.651417	-1.346480	1.454653	9.585304	-8.059145	-14.630333
12.814007	-4.640525	-3.332239	4.686687	-1.366896	1.342522	9.689043	-8.032016	-14.631210
12.813611	-4.688815	-3.289014	4.691972	-1.366581	1.341176	9.689991	-8.031749	-14.631219
-12.800904	-4.733961	-3.245542	4.697146	-1.366256	1.339830	9.690935	-8.031483	-14.631228
2.743915	-0.903798	1.440472	4.776535	-1.295961	1.203057	9.768915	-8.007888	-14.631997
12.507949	3.456188	5.520825	4.090803	-1.142016	1.032068	9.836608	-7.983900	-14.632784
-12.025588	-2.987281	6.103982	2.537179	-0.898841	0.817396	9.896424	-7.957915	-14.633643
10.904461	2.686808	3.233769	0.363000	-0.592965	0.576124	9.942520	-7.931475	-14.634523
-6.082551	1.598643	-0.537044	-2.244846	-0.211177	0.291568	9.976254	-7.902008	-14.635510
-9.467470	-2.513474	-3.830972	-4.532274	0.192894	-0.003554	9.991558	-7.871951	-14.636523
9.473642	-2.515718	-3.849507	-4.544593	0.195482	-0.005445	9.991594	-7.871757	-14.636529
8.906817	-2.517417	-3.868004	-4.556876	0.198070	-0.007337	9.991630	-7.871564	-14.636536
-11.201416	0.329155	-5.798247	-5.824368	0.545694	-0.263678	9.988944	-7.844918	-14.637438
5.152155	2.702416	-5.661867	-6.102818	0.870656	-0.511975	9.970874	-7.817772	-14.638360
17.555277	0.552263	-2.427479	-5.277069	1.187077	-0.770957	9.931621	-7.786796	-14.639414
-20.063290	-3.001017	1.968000	-3.561044	1.441903	-1.001063	9.871361	-7.755134	-14.640494
-10.310295	-2.965062	2.062567	-3.510579	1.447342	-1.006314	9.869603	-7.754345	-14.640521
20.139318	-2.920518	2.155733	-3.459799	1.452740	-1.011543	9.867830	-7.753555	-14.640548
-3.276194	1.394427	4.352885	-1.463105	1.618856	-1.185371	9.794862	-7.724772	-14.641531
-19.954718	3.176320	3.416764	0.704406	1.727441	-1.328900	9.703855	-7.695409	-14.642534
18.365729	-3.197881	-1.107821	3.127787	1.778192	-1.452470	9.578819	-7.661593	-14.643690
13.308318	0.299992	-3.132147	5.141906	1.751161	-1.534542	9.429098	-7.626994	-14.644872
-16.564488	0.359726	-3.132818	5.158728	1.750484	-1.535161	9.427449	-7.626639	-14.644884
0.715168	0.419330	-3.133110	5.175512	1.749797	-1.535777	9.425793	-7.626283	-14.644896
15.163853	3.126604	-1.802577	6.333436	1.656577	-1.573085	9.268813	-7.594463	-14.645983
-6.619817	-1.097788	1.161169	6.947416	1.498624	-1.576378	9.090422	-7.561973	-14.647091
-13.493806	-3.049573	2.503386	7.171453	1.249538	-1.540635	8.868655	-7.525415	-14.648336
13.343638	3.055877	-0.564494	7.076731	0.925991	-1.464248	8.620193	-7.487997	-14.649608
-7.968277	3.042989	-0.644706	7.070988	0.917618	-1.461976	8.614045	-7.487109	-14.649638
-13.348576	3.014565	-0.723770	7.065074	0.909201	-1.459679	8.607874	-7.486219	-14.649668
13.598306	-3.096474	-2.554998	6.709194	0.561845	-1.354460	8.358578	-7.451468	-14.650847
4.091120	-0.857771	-1.617738	6.101826	0.179878	-1.217696	8.088115	-7.415971	-14.652047
-14.108870	3.187780	0.724425	5.170738	-0.263856	-1.032600	7.767448	-7.376080	-14.653393
6.847401	-2.982844	2.337335	4.028901	-0.715457	-0.812890	7.423402	-7.335244	-14.654767
13.658939	-3.084654	2.363799	4.004777	-0.724106	-0.808336	7.416561	-7.334449	-14.654794
-13.641973	-3.181839	2.390281	3.980564	-0.732751	-0.803769	7.409711	-7.333653	-14.654820
-6.653170	-3.146207	3.533523	2.740240	-1.131296	-0.576462	7.079725	-7.295972	-14.656083
11.189054	0.848838	3.949601	1.266322	-1.508247	-0.323971	6.732610	-7.257483	-14.657369
-9.426832	2.879081	2.414480	-0.673208	-1.892281	-0.009702	6.320376	-7.212946	-14.658852
-10.105651	1.285788	-1.810963	-2.665917	-2.213189	0.333048	5.888606	-7.167328	-14.660364
10.114974	1.241441	-1.858533	-2.685610	-2.216089	0.336706	5.884080	-7.166854	-14.660380
-1.138560	1.196357	-1.906175	-2.705335	-2.218988	0.340376	5.879538	-7.166379	-14.660395
-11.620408	-2.518562	-5.264615	-4.288504	-2.435900	0.670704	5.476343	-7.124483	-14.661778
3.372340	-0.199300	-5.567575	-5.457527	-2.571793	1.018847	5.060330	-7.081679	-14.663186
16.328591	2.184343	-2.151776	-6.079443	-2.608808	1.419387	4.587387	-7.033255	-14.664771
-17.643144	-2.051627	3.644282	-6.053071	-2.509504	1.829105	4.102939	-6.983674	-14.666386
-8.675612	-2.057248	3.656970	-6.052264	-2.509077	1.830154	4.101692	-6.983546	-14.666390
17.645096	-2.062722	3.669480	-6.051463	-2.508653	1.831190	4.100460	-6.983420	-14.666394
-6.750460	-0.598976	6.557498	-5.565285	-2.309628	2.194746	3.664524	-6.938641	-14.667846
-15.806887	1.964744	7.153410	-4.707693	-2.019468	2.554569	3.222428	-6.892919	-14.669322
6.833507	-0.686571	6.268949	-3.355005	-1.593674	2.955124	2.710765	-6.839429	-14.671041
12.458691	-1.966430	4.677734	-1.746288	-1.087825	3.336491	2.194771	-6.784658	-14.672791
-12.454719	-1.948597	4.668337	-1.736635	-1.084736	3.338607	2.191806	-6.784340	-14.672801
-7.449218	-1.930471	4.658996	-1.727029	-1.081661	3.340710	2.188856	-6.784024	-14.672811
12.418181	1.974344	2.772161	-0.202699	-0.579174	3.658326	1.726321	-6.734029	-14.674401
-14.190360	-0.460024	-1.076242	1.280599	-0.044685	3.949091	1.263351	-6.682974	-14.676016
-14.237145	-1.971161	-6.035345	2.692458	0.563560	4.231920	0.754345	-6.625460	-14.677827
14.864326	1.967979	-9.336282	3.672236	1.172609	4.468337	0.248393	-6.566617	-14.679669
-6.647755	1.955871	-9.373830	3.685233	1.183969	4.472303	0.238895	-6.565495	-14.679704
-14.869803	1.937118	-9.410420	3.698024	1.195341	4.476257	0.229384	-6.564371	-14.679739
14.567662	-1.982565	-9.945915	4.028146	1.727475	4.641910	-0.222530	-6.510130	-14.681428
12.240218	-0.378953	-8.013421	3.791684	2.228326	4.759044	-0.669595	-6.454770	-14.683143
-12.421163	2.155199	-2.817154	2.993460	2.724956	4.826277	-1.157396	-6.392206	-14.685070
-4.154501	-2.273581	4.709064	1.809414	3.138940	4.822517	-1.637167	-6.328225	-14.687031
11.346872	-2.326585	4.845779	1.784019	3.145968	4.821726	-1.646316	-6.326980	-14.687069
-11.331836	-2.375166	4.981390	1.758548	3.152957	4.820907	-1.655461	-6.325734	-14.687107
-10.426519	-0.828985	9.933344	0.494633	3.437258	4.750786	-2.082882	-6.266381	-14.688915
10.968600	2.990265	11.445519	-0.792388	3.623818	4.617691	-2.502463	-6.205823	-14.690751
-11.527882	2.247189	8.584917	-2.042238	3.700100	4.394794	-2.956900	-6.137393	-14.692814
-6.553941	-3.014031	2.794694	-2.985344	3.622041	4.090007	-3.400292	-6.067444	-14.694910
12.453554	-3.048138	2.743269	-2.991363	3.620747	4.087237	-3.403786	-6.066879	-14.694927
3.815320	-3.081837	2.691814	-2.997357	3.619443	4.084462	-3.407279	-6.066314	-14.694944
-13.416287	-4.385791	-3.089702	-3.498099	3.392783	3.730885	-3.803296	-6.000800	-14.696897
2.961636	-1.743189	-7.616890	-3.574153	2.999534	3.311634	-4.188804	-5.933969	-14.698878
14.629221	1.635647	-10.517418	-3.085195	2.361414	2.782340	-4.598942	-5.859118	-14.701085
-14.177265	3.130099	-11.183968	-1.966312	1.535387	2.187113	-4.994986	-5.782633	-14.703327
-5.328525	3.137536	-11.182821	-1.962143	1.532740	2.185273	-4.996129	-5.782406	-14.703334
14.171462	3.144939	-11.181668	-1.958012	1.530119	2.183452	-4.997259	-5.782181	-14.703340
-6.773044	6.178033	-10.014614	-0.497644	0.679102	1.598876	-5.339757	-5.712166	-14.705381
-11.445619	5.762101	-7.188080	1.162779	-0.225080	0.971764	-5.669746	-5.640798	-14.707451
10.353818	-1.958400	-2.344050	2.920552	-1.228129	0.235034	-6.019287	-5.560315	-14.709772
6.203625	-5.155010	2.524415	4.262474	-2.174327	-0.540941	-6.352122	-5.478134	-14.712129
-10.439444	-5.219474	2.616317	4.283859	-2.193282	-0.557680	-6.358956	-5.476383	-14.712179
-3.143860	-5.286308	2.707587	4.304907	-2.212189	-0.574433	-6.365782	-5.474630	-14.712229
11.647215	-6.955514	5.939974	4.846187	-2.968548	-1.303583	-6.650366	-5.398962	-14.714387
-11.836800	0.598702	7.502093	4.516331	-3.601634	-2.054092	-6.920179	-5.321873	-14.716574
-15.577498	6.729509	6.182241	2.980102	-4.131886	-2.897520	-7.198959	-5.235511	-14.719012
16.845671	-0.692212	1.067669	0.616446	-4.468040	-3.754308	-7.458517	-5.147391	-14.721484
-3.545401	-1.115896	0.846660	0.517217	-4.476737	-3.787196	-7.468036	-5.143991	-14.721580
-16.882986	-1.533404	0.626836	0.417696	-4.485111	-3.820068	-7.477518	-5.140592	-14.721675
16.652994	-6.079686	-3.470605	-1.928871	-4.588144	-4.586263	-7.689709	-5.060813	-14.723901
10.911528	0.556585	-3.930915	-4.075995	-4.505264	-5.352732	-7.885647	-4.979616	-14.726155
-13.894335	5.215793	-1.171863	-5.802789	-4.172937	-6.207524	-8.085880	-4.886625	-14.728724
-4.556993	-4.169478	2.207606	-6.419390	-3.570760	-7.044988	-8.264218	-4.791797	-14.731329
12.399323	-4.457029	2.295956	-6.415106	-3.537324	-7.081790	-8.271656	-4.787521	-14.731446
-6.704817	-4.701083	2.374882	-6.407827	-3.503325	-7.118535	-8.279049	-4.783242	-14.731564
-11.717657	-2.500199	2.184632	-5.572410	-2.704284	-7.850084	-8.419110	-4.695675	-14.733956
11.789765	3.940646	0.168648	-3.456018	-1.738371	-8.552168	-8.540075	-4.606560	-14.736378
-11.532640	2.861312	-1.358097	-0.245630	-0.505695	-9.313415	-8.654551	-4.502488	-14.739193
-13.441707	-2.667131	-1.344177	2.881685	0.771777	-10.020014	-8.742418	-4.396345	-14.742047
13.502519	-2.984917	-1.291379	3.085321	0.861959	-10.068001	-8.747636	-4.388711	-14.742252
3.557264	-3.276432	-1.232514	3.285470	0.951825	-10.115645	-8.752713	-4.381070	-14.742457
-14.445317	-1.664366	1.397920	6.724420	3.040449	-11.209387	-8.834141	-4.183228	-14.747735
0.499514	2.923174	2.054185	5.604470	4.458315	-12.042467	-8.820504	-3.978577	-14.753147
13.896329	2.397689	1.961686	5.493436	4.488749	-12.063006	-8.818564	-3.972302	-14.753312
-11.648265	1.812140	1.860737	5.378046	4.518444	-12.083261	-8.816534	-3.966022	-14.753478
-13.825745	1.384602	1.784869	5.294189	4.538926	-12.097365	-8.815048	-3.961592	-14.753594
13.795287	0.964055	1.705293	5.208227	4.559055	-12.111337	-8.813515	-3.957156	-14.753711
1.542588	-2.983631	-0.317458	3.121598	4.885319	-12.361964	-8.772831	-3.867045	-14.756079
-12.222482	-1.057440	-2.060679	0.655489	5.056553	-12.550514	-8.713235	-3.775738	-14.758473
8.935635	3.223775	-2.594348	-2.290695	5.047928	-12.693829	-8.612272	-3.660700	-14.761481
11.007536	0.699012	-0.759556	-4.457973	4.793919	-12.737218	-8.481003	-3.543913	-14.764529
-11.012824	0.293530	-0.611987	-4.552806	4.771985	-12.736756	-8.472559	-3.537164	-14.764705
-2.978465	-0.132603	-0.462538	-4.644333	4.749244	-12.735979	-8.464011	-3.530406	-14.764881
12.782936	-3.804146	2.431320	-5.408502	3.508678	-12.526852	-8.116293	-3.297331	-14.770950
-15.980134	4.091510	-1.911482	-1.536061	1.475599	-11.980613	-7.664735	-3.058260	-14.777172
-13.911477	2.799568	-1.912253	-1.461824	1.441664	-11.970076	-7.657285	-3.054660	-14.777266
16.072556	1.472440	-1.908553	-1.387594	1.407701	-11.959481	-7.649823	-3.051063	-14.777359
1.769232	-1.503830	-1.883911	-1.218274	1.330089	-11.935086	-7.632743	-3.042862	-14.777573
-16.278080	-4.109021	-1.837600	-1.048838	1.252182	-11.910336	-7.615557	-3.034655	-14.777787
17.264606	-0.254120	-0.197385	0.915631	0.310408	-11.588918	-7.402967	-2.936493	-14.780344
2.307550	4.156957	1.390520	2.582630	-0.631303	-11.219175	-7.176012	-2.837459	-14.782926
-17.615579	-2.191849	0.425815	3.896915	-1.768042	-10.681823	-6.867665	-2.710288	-14.786246
-1.546300	-3.965138	-0.960317	4.207936	-2.768615	-10.072251	-6.538539	-2.581805	-14.789608
16.677645	-3.638472	-0.963634	4.197436	-2.827049	-10.030631	-6.516699	-2.573501	-14.789826
-3.954027	-3.243962	-0.952335	4.183658	-2.884710	-9.988721	-6.494781	-2.565191	-14.790044
-15.409745	3.779621	0.049140	3.707509	-3.603011	-9.378243	-6.183070	-2.449538	-14.793078
14.217310	1.724309	0.905602	2.864057	-4.168689	-8.712781	-5.857092	-2.332938	-14.796146
-0.327656	-3.387653	0.810463	1.741703	-4.623632	-7.887752	-5.469283	-2.198898	-14.799684
-13.166215	-2.987403	-0.476385	0.643126	-4.872703	-6.993334	-5.065634	-2.063735	-14.803265
13.178797	-2.845862	-0.520675	0.613921	-4.876521	-6.968520	-5.054646	-2.060109	-14.803361
8.639356	-2.696485	-0.565146	0.584697	-4.880192	-6.943659	-5.043649	-2.056483	-14.803458
-14.056045	3.115806	-1.460880	-0.408840	-4.918218	-6.093653	-4.673482	-1.935849	-14.806668
-2.924981	1.911466	0.106103	-1.456145	-4.793407	-5.195724	-4.293117	-1.814433	-14.809912
17.012729	-3.111905	2.095393	-2.514400	-4.453147	-4.126207	-3.851152	-1.675988	-14.813630
-18.096859	-2.421180	1.162468	-3.167552	-3.903358	-3.007791	-3.398849	-1.536651	-14.817392
-13.735518	-2.228630	1.079831	-3.180750	-3.878853	-2.964917	-3.381676	-1.531400	-14.817534
18.142971	-2.026589	0.994881	-3.193020	-3.854060	-2.921950	-3.364478	-1.526144	-14.817676
-9.892302	3.025925	-1.295267	-3.206867	-3.206403	-1.904334	-2.960148	-1.403276	-14.821013
-18.036862	3.506368	-3.077810	-2.675007	-2.448888	-0.859459	-2.550058	-1.279809	-14.824385
17.602655	-3.684111	-2.830718	-1.454852	-1.505118	0.347289	-2.081324	-1.139730	-14.828234
8.284490	-1.696159	0.486853	0.088348	-0.515746	1.576162	-1.607932	-0.999002	-14.832128
-17.333966	-1.375265	0.677941	0.164156	-0.467519	1.636150	-1.584901	-0.992168	-14.832317
-3.347751	-1.045256	0.868360	0.239753	-0.419277	1.696212	-1.561848	-0.985328	-14.832507
17.337229	3.977307	3.614847	1.500868	0.438624	2.781021	-1.146384	-0.862154	-14.835941
-17.460124	2.691949	3.810671	2.389381	1.256298	3.872641	-0.729505	-0.738575	-14.839409
-14.337510	-0.534229	1.516298	2.678570	2.098887	5.122656	-0.252626	-0.596920	-14.843413
17.255115	-3.571245	-1.630727	2.232055	2.801673	6.369291	0.223513	-0.454835	-14.847463
-1.873508	-3.754649	-1.814322	2.184432	2.840606	6.447397	0.253388	-0.445890	-14.847719
-17.182225	-3.930014	-1.993639	2.134861	2.878916	6.525499	0.283270	-0.436939	-14.847976
16.432909	-4.065895	-3.771314	1.296346	3.338064	7.588071	0.690640	-0.314452	-14.851499
11.152208	0.787190	-3.754939	0.273183	3.676884	8.638443	1.095399	-0.191733	-14.855056
-13.667266	3.806466	-1.526184	-0.950532	3.925612	9.886300	1.580087	-0.043083	-14.859402
-3.662087	-2.609840	1.933773	-1.892175	3.997809	11.102787	2.058087	0.105786	-14.863798
11.828452	-2.772538	2.014056	-1.911497	3.997297	11.135772	2.071140	0.109888	-14.863920
-7.392872	-2.927951	2.092386	-1.930393	3.996650	11.168728	2.084188	0.113991	-14.864042
-10.330721	-3.320178	3.354276	-2.273590	3.908889	12.182089	2.488237	0.242132	-14.867865
9.171717	3.041445	2.092168	-2.069258	3.690963	13.162042	2.885116	0.370345	-14.871725
-0.904139	1.897224	-0.943418	-1.285954	3.293620	14.237710	3.329673	0.517257	-14.876193
-8.960543	-2.265688	-3.170868	-0.241382	2.775435	15.256658	3.762018	0.664150	-14.880711
4.923047	-2.281581	-3.182744	-0.227639	2.768061	15.269559	3.767577	0.666068	-14.880770
8.990716	-2.295606	-3.194020	-0.213915	2.760674	15.282449	3.773133	0.667986	-14.880829
-10.522132	-0.407573	-2.813931	0.657057	2.236338	16.127317	4.142878	0.797508	-14.884857
-8.257910	1.607147	-1.228971	1.373665	1.681712	16.918373	4.500876	0.926920	-14.888924
15.117934	1.423941	0.527829	1.914252	1.059002	17.734885	4.886247	1.071538	-14.893521
-16.862142	-0.931594	2.311700	2.102000	0.461260	18.474633	5.254165	1.215902	-14.898167
-12.878028	-0.937885	2.379387	2.101166	0.438550	18.502097	5.268257	1.221573	-14.898350
16.947955	-0.934716	2.446681	2.099672	0.415911	18.529436	5.282320	1.227244	-14.898534
-1.917588	0.105209	3.569964	1.887317	-0.071869	19.107206	5.588809	1.353859	-14.902662
-17.072076	0.652780	2.934147	1.337954	-0.523529	19.619323	5.879649	1.480197	-14.906828
16.349834	-0.703620	-0.724539	0.452358	-0.986994	20.117776	6.189565	1.623211	-14.911603
14.088324	0.945109	-4.005729	-0.509151	-1.392410	20.525865	6.476612	1.765754	-14.916429
-15.626044	0.931674	-4.055661	-0.547439	-1.407837	20.540759	6.487964	1.771635	-14.916630
4.810723	0.901721	-4.095802	-0.585452	-1.423142	20.555484	6.499266	1.777511	-14.916830
15.240504	-1.357183	-3.593479	-1.328830	-1.722546	20.831397	6.729972	1.902462	-14.921122
-9.266760	-0.703440	-3.126394	-1.926324	-1.968406	21.034200	6.940788	2.026960	-14.925452
-15.207502	2.490192	-2.826061	-2.392633	-2.177700	21.174011	7.154724	2.167667	-14.930415
15.379507	2.290498	-1.644659	-2.600353	-2.306358	21.215754	7.340327	2.307669	-14.935429
-1.984862	2.115274	-1.582391	-2.602533	-2.308993	21.215452	7.345709	2.312076	-14.935588
-15.389513	1.927704	-1.518390	-2.604440	-2.311534	21.215051	7.351056	2.316479	-14.935747
15.479229	-3.668133	0.980544	-2.544054	-2.345411	21.161970	7.490215	2.440952	-14.940275
4.196159	0.411374	4.164303	-2.253556	-2.306325	21.027748	7.605099	2.564774	-14.944844
-15.093819	4.293560	5.546953	-1.621100	-2.182807	20.777228	7.706036	2.704644	-14.950086
9.277341	-4.170037	2.647588	-0.671122	-1.988068	20.422705	7.776216	2.843552	-14.955381
14.386542	-4.227194	2.609620	-0.658854	-1.985480	20.418047	7.776844	2.845135	-14.955442
-14.376023	-4.281392	2.571911	-0.646562	-1.982884	20.413376	7.777469	2.846719	-14.955503
-10.494098	-1.803106	0.259891	0.358206	-1.761459	20.011572	7.814096	2.968664	-14.960231
12.337405	3.704026	-1.735795	1.397185	-1.506490	19.530597	7.828148	3.089769	-14.965000
-3.563299	0.825405	-4.524093	2.458950	-1.197497	18.905049	7.818069	3.223534	-14.970359
-10.643907	-2.657279	-6.436601	3.273523	-0.879056	18.189226	7.781809	3.356136	-14.975771
10.635332	-2.619830	-6.459045	3.293014	-0.869309	18.165844	7.780290	3.360193	-14.975938
7.365036	-2.568992	-6.478583	3.312104	-0.859581	18.142404	7.778748	3.364246	-14.976105
-10.678037	1.520920	-5.697561	3.699623	-0.584070	17.429950	7.723954	3.481012	-14.980963
-3.328097	1.871795	-1.981973	3.777001	-0.328689	16.654242	7.649958	3.596719	-14.985864
11.847048	-1.683931	4.462614	3.503824	-0.075885	15.706457	7.544120	3.726079	-14.991450
-12.498876	-0.533267	6.862473	2.849863	0.138391	14.687961	7.415619	3.853918	-14.997091
-4.652917	-0.430579	6.867422	2.822811	0.144595	14.654471	7.411171	3.857958	-14.997271
12.530783	-0.326912	6.869002	2.795350	0.150768	14.620882	7.406697	3.862000	-14.997451
-8.287608	1.893493	6.022848	1.890307	0.308609	13.655990	7.272885	3.974321	-15.002519
-12.815501	0.997020	4.863304	0.784121	0.438999	12.643336	7.122605	4.085342	-15.007629
12.517129	-2.615306	4.063342	-0.570273	0.553709	11.462603	6.936463	4.207534	-15.013378
5.686226	-0.487746	3.698752	-1.925480	0.637948	10.232376	6.731617	4.327995	-15.019180
-11.963204	-0.303782	3.668147	-1.974134	0.640516	10.185778	6.723658	4.332437	-15.019397
-3.645054	-0.115082	3.635034	-2.022601	0.643045	10.139118	6.715673	4.336877	-15.019614
11.378703	3.562785	1.810156	-3.112226	0.692105	9.001785	6.516818	4.442677	-15.024838
-10.863588	0.744605	-2.226151	-3.997144	0.719441	7.833712	6.304541	4.547009	-15.030105
0.860519	-4.364121	-6.115723	-4.608068	0.725680	6.566310	6.065543	4.655978	-15.035737
10.341455	-4.297662	-6.369564	-4.782779	0.709430	5.274058	5.812972	4.763204	-15.041419
-10.564201	4.992244	-2.280918	-4.435501	0.666970	3.824044	5.519178	4.879549	-15.047751
11.212674	4.200219	2.943851	-3.661075	0.602631	2.356792	5.210826	4.993643	-15.054144
9.803513	4.132281	2.993980	-3.650808	0.601814	2.340498	5.207340	4.994892	-15.054215
-11.231633	4.063729	3.043666	-3.640538	0.600997	2.324247	5.203860	4.996137	-15.054286
-0.203087	-2.356635	5.798924	-2.757356	0.530351	1.038110	4.924141	5.093534	-15.059903
13.181082	-5.492392	5.511406	-1.813989	0.449519	-0.251221	4.634900	5.189130	-15.065565
-12.010841	0.211663	1.362662	-0.841836	0.352105	-1.671235	4.305745	5.292404	-15.071864
-15.651298	5.656856	-3.337091	-0.017601	0.249832	-3.083501	3.966792	5.393375	-15.078220
15.678650	5.672542	-3.422285	-0.000137	0.247349	-3.117267	3.958540	5.395771	-15.078373
-8.276136	5.680332	-3.505409	0.017204	0.244866	-3.151025	3.950283	5.398165	-15.078526
-16.617934	2.023559	-5.210314	0.567101	0.152842	-4.397838	3.640249	5.486087	-15.084243
17.245650	-3.587083	-4.620696	0.926987	0.063047	-5.629020	3.323885	5.572082	-15.090005
14.909427	-5.854385	-2.168966	1.186087	-0.030083	-6.964084	2.968287	5.664676	-15.096415
-16.825657	-4.351766	1.016319	1.416372	-0.113341	-8.269076	2.606679	5.754817	-15.102881
0.306105	-4.217542	1.170862	1.428893	-0.117067	-8.331569	2.588985	5.759131	-15.103196
16.718464	-4.081366	1.324427	1.441632	-0.120757	-8.393936	2.571290	5.763435	-15.103511
-10.798213	-1.665101	3.919468	1.744432	-0.184075	-9.560641	2.233317	5.844003	-15.109520
-13.502332	1.275240	5.367870	2.226877	-0.232596	-10.691918	1.891770	5.922396	-15.115576
11.605230	5.960907	4.781556	3.009901	-0.265016	-11.869611	1.519386	6.004631	-15.122175
-4.296848	-1.595791	1.697282	3.941254	-0.273023	-12.994921	1.144512	6.084219	-15.128831
-10.290862	-2.239252	1.424690	4.007632	-0.272574	-13.071617	1.118189	6.089692	-15.129299
10.247561	-2.843666	1.148625	4.073844	-0.271986	-13.148025	1.091858	6.095152	-15.129767
9.969489	-5.892567	-2.419906	4.891396	-0.251240	-14.112436	0.749666	6.164779	-15.135871
-10.831448	-4.215887	-5.061615	5.543422	-0.204445	-15.023601	0.406891	6.232129	-15.142021
11.946687	-2.700374	-6.278657	5.920709	-0.116876	-15.984084	0.019451	6.305484	-15.149031
9.596189	-2.054943	-5.616380	5.767517	0.009122	-16.864823	-0.366945	6.375815	-15.156102
-13.032346	-2.045457	-5.612165	5.766292	0.009523	-16.867174	-0.368026	6.376008	-15.156122
-5.981122	-2.035892	-5.607937	5.765062	0.009924	-16.869524	-0.369106	6.376201	-15.156141
13.672274	2.785010	-3.748876	5.173154	0.145022	-17.569617	-0.705540	6.435190	-15.162377
-1.837783	5.223911	-1.033893	4.209022	0.292553	-18.200235	-1.039809	6.491778	-15.168660
-13.502644	1.993802	2.690138	2.669591	0.468752	-18.853023	-1.432793	6.555759	-15.176175
11.880509	-4.637373	5.672020	0.801775	0.628936	-19.395884	-1.820769	6.616235	-15.183757
12.380243	-4.655338	5.683532	0.790877	0.629733	-19.398533	-1.822870	6.616555	-15.183798
-12.372046	-4.672997	5.695038	0.779913	0.630533	-19.401193	-1.824983	6.616877	-15.183840
-4.073939	-3.433019	6.652234	-1.027244	0.741529	-19.775103	-2.154854	6.666158	-15.190436
9.390292	1.331348	5.917669	-2.948070	0.815829	-20.058616	-2.479504	6.712734	-15.197081
-8.225526	3.804869	3.217613	-4.949407	0.844809	-20.269503	-2.840906	6.762283	-15.204686
-8.689933	1.090149	-0.978097	-6.341875	0.803912	-20.361874	-3.193722	6.808229	-15.212355
8.693348	1.074625	-0.989202	-6.344300	0.803708	-20.361959	-3.194619	6.808343	-15.212375
-5.637684	1.059054	-1.000303	-6.346718	0.803503	-20.362044	-3.195515	6.808456	-15.212395
-10.567474	-3.274218	-4.291636	-6.715656	0.699978	-20.344779	-3.500909	6.846185	-15.219263
13.128590	1.686607	-5.612479	-5.955526	0.529290	-20.235927	-3.798102	6.880975	-15.226182
7.062353	2.932654	-4.251066	-3.735887	0.278164	-20.019451	-4.106588	6.914915	-15.233647
-16.594785	-0.555557	0.043212	-0.601379	-0.033904	-19.702013	-4.404364	6.945382	-15.241171
-7.244842	-0.697567	0.264127	-0.444806	-0.049737	-19.684822	-4.417982	6.946717	-15.241523
16.583837	-0.836305	0.483447	-0.287873	-0.065674	-19.667422	-4.431576	6.948044	-15.241875
-15.462093	-2.825316	4.053572	2.849662	-0.408287	-19.271353	-4.701460	6.973249	-15.249035
-13.567887	-0.410928	4.653227	5.502846	-0.781890	-18.794242	-4.961242	6.995264	-15.256249
10.733811	2.948504	1.821910	7.202906	-1.213300	-18.185069	-5.232689	7.015575	-15.264174
-3.889825	0.687964	-3.102860	7.221963	-1.651614	-17.487590	-5.491560	7.031979	-15.272163
-9.323164	0.585396	-3.176116	7.205189	-1.658987	-17.474859	-5.495900	7.032226	-15.272301
4.632848	0.480648	-3.248319	7.187794	-1.666349	-17.462103	-5.500236	7.032473	-15.272439
9.674459	-3.192123	-4.741074	5.402184	-2.026620	-16.773245	-5.718415	7.043570	-15.279572
-11.404728	3.302188	-0.594506	1.960733	-2.330327	-16.025840	-5.926268	7.051512	-15.286754
-2.678872	0.056675	5.544960	-2.572423	-2.572352	-15.101815	-6.152142	7.056688	-15.295071
15.950510	-3.442263	5.690739	-5.962902	-2.658396	-14.116295	-6.363805	7.057578	-15.303454
-11.913795	-3.410291	5.651843	-5.982743	-2.658340	-14.108281	-6.365421	7.057568	-15.303521
-15.963332	-3.377012	5.612368	-6.002390	-2.658272	-14.100294	-6.367030	7.057557	-15.303587
15.779259	3.423569	-1.117022	-7.384021	-2.570872	-13.202774	-6.538346	7.054758	-15.310899
4.250405	1.394737	-6.307502	-7.004478	-2.315089	-12.269381	-6.698575	7.048658	-15.318259
-11.975391	-3.192873	-5.854891	-4.136084	-1.812026	-11.120864	-6.874068	7.037079	-15.327058
2.740797	2.921674	2.021516	0.175647	-1.126256	-9.934763	-7.033319	7.020725	-15.335925
10.170664	2.947855	2.067629	0.202496	-1.121708	-9.927620	-7.034215	7.020614	-15.335978
-10.164266	2.973606	2.113763	0.229474	-1.117134	-9.920441	-7.035116	7.020501	-15.336031
-9.495419	2.318374	6.407354	3.817999	-0.428495	-8.905241	-7.155329	7.003074	-15.343494
10.503961	-1.260759	6.531373	6.431675	0.341696	-7.872812	-7.263769	6.982224	-15.351003
-9.427531	-2.276171	3.667086	7.347774	1.327830	-6.636974	-7.376400	6.953139	-15.359930
-13.629595	0.038288	-0.117251	6.094379	2.357252	-5.389541	-7.472016	6.919158	-15.368923
13.659243	0.109285	-0.191032	6.053636	2.376892	-5.365656	-7.473674	6.918461	-15.369095
4.685998	0.180674	-0.264652	6.012422	2.396491	-5.341806	-7.475323	6.917763	-15.369267
-14.871557	1.889427	-3.085459	3.635201	3.275622	-4.246156	-7.544182	6.883800	-15.377189
15.695786	-1.795417	-4.001921	0.645353	4.078999	-3.151488	-7.599542	6.845992	-15.385159
8.105405	0.025278	-4.777820	-2.806240	4.822252	-1.934075	-7.645195	6.799107	-15.394128
-15.919661	1.797708	-3.660115	-5.673855	5.330029	-0.729832	-7.673393	6.747297	-15.403157
-3.951044	1.790513	-3.651317	-5.680917	5.331146	-0.726173	-7.673452	6.747131	-15.403185
15.916297	1.783276	-3.642567	-5.687896	5.332248	-0.722551	-7.673511	6.746967	-15.403213
-15.199319	-1.872514	-0.075512	-7.118528	5.523083	0.313935	-7.683528	6.697586	-15.411152
-15.168432	-0.573432	3.436616	-7.211508	5.438745	1.331430	-7.679791	6.644368	-15.419135
13.102341	2.094523	3.778266	-5.297182	4.996546	2.502309	-7.657518	6.576715	-15.428604
-1.532246	-2.155134	-1.269624	-1.306046	4.213877	3.639624	-7.615713	6.503798	-15.438135
-12.518344	-2.176516	-1.310365	-1.269264	4.206139	3.648808	-7.615289	6.503178	-15.438213
12.517177	-2.197087	-1.350810	-1.232469	4.198381	3.657990	-7.614863	6.502558	-15.438292
11.342545	-0.786783	-3.831446	2.569334	3.256933	4.621892	-7.561816	6.434408	-15.446683
-13.347104	2.270559	-2.612480	5.503052	2.106456	5.552055	-7.493538	6.362339	-15.455121
-7.299480	-0.446317	1.379070	7.179204	0.623175	6.534138	-7.400269	6.278244	-15.464495
14.302955	-2.184954	4.188381	6.767442	-1.038158	7.461945	-7.288118	6.189523	-15.473923
-14.302470	-2.176729	4.190215	6.762492	-1.043395	7.464678	-7.287748	6.189246	-15.473952
-6.765566	-2.168300	4.192011	6.757469	-1.048686	7.467438	-7.287374	6.188967	-15.473981
13.833487	2.098174	2.788945	4.400658	-2.614505	8.247738	-7.170475	6.105499	-15.482487
-5.824422	1.159605	-0.560528	0.897234	-4.171722	8.973882	-7.038202	6.018498	-15.491037
-12.185227	-1.869372	-3.622858	-3.173340	-5.789500	9.706757	-6.874209	5.918451	-15.500528
12.015248	0.167675	-3.853828	-6.231496	-7.201450	10.360917	-6.691280	5.814340	-15.510070
8.963702	0.284829	-3.819086	-6.303692	-7.245281	10.382016	-6.684625	5.810675	-15.510400
-12.041597	0.399155	-3.782300	-6.373160	-7.288741	10.403014	-6.677947	5.807005	-15.510731
4.942589	1.656251	-2.279145	-7.283915	-8.283211	10.917221	-6.494342	5.708912	-15.519435
14.192211	0.528510	-0.314329	-6.695655	-8.954631	11.355859	-6.294980	5.607679	-15.528181
-14.333441	-1.561841	1.662355	-4.769749	-9.304013	11.739520	-6.061826	5.494905	-15.537676
-16.828289	-1.065009	2.622605	-1.907877	-9.266885	12.026165	-5.810095	5.378698	-15.547219
16.865883	-0.889284	2.633839	-1.717283	-9.252641	12.040116	-5.794547	5.371686	-15.547788
-2.224264	-0.703584	2.639266	-1.525035	-9.237065	12.053714	-5.778941	5.364666	-15.548357
-16.993308	1.617819	1.927180	1.590534	-8.826035	12.220825	-5.528588	5.254375	-15.557192
9.890594	-0.263008	-0.117231	4.604060	-8.102296	12.307774	-5.262314	5.141379	-15.566067
15.338984	-1.789991	-2.176385	7.022624	-6.940496	12.313729	-4.947423	5.012642	-15.575985
-14.128989	1.846766	-1.950968	7.658215	-5.414237	12.228148	-4.613059	4.880799	-15.585953
4.712930	1.875376	-1.931013	7.654802	-5.393238	12.226544	-4.608826	4.879158	-15.586076
14.101369	1.902694	-1.910585	7.651123	-5.372132	12.224923	-4.604581	4.877513	-15.586199
-2.613241	0.995836	0.314709	6.723381	-3.682572	12.070416	-4.285129	4.755427	-15.595272
-12.854360	-2.036349	2.346366	4.688825	-1.754077	11.848621	-3.951375	4.630993	-15.604385
13.101243	-2.219155	2.242353	1.545624	0.579185	11.526687	-3.563529	4.489545	-15.614595
-6.004261	2.349126	-0.521819	-1.842507	2.985248	11.131491	-3.160731	4.345437	-15.624854
-15.516357	-0.315885	-2.554523	-4.831391	5.437815	10.647462	-2.726509	4.192517	-15.635598
17.096631	-2.853389	-1.559284	-6.664593	7.706490	10.096059	-2.279348	4.037000	-15.646393
12.615527	-2.598850	-1.526683	-6.677672	7.727804	10.090263	-2.274846	4.035442	-15.646500
-17.125456	-2.336804	-1.493566	-6.690668	7.749092	10.084461	-2.270342	4.033884	-15.646608
-2.643870	-1.293345	-1.361867	-6.739803	7.830571	10.062131	-2.253042	4.027901	-15.647021
17.234018	-0.268091	-1.223519	-6.787754	7.911652	10.039712	-2.235726	4.021913	-15.647434
-18.035609	3.251294	1.658991	-7.517894	9.380408	9.594306	-1.901491	3.906711	-15.655346
-16.123325	-2.075466	2.405185	-8.036342	10.673049	9.119110	-1.562015	3.790275	-15.663284
18.036283	-4.385655	0.476887	-8.522558	11.992435	8.490810	-1.133890	3.643966	-15.673184
-4.657154	3.092781	-2.662402	-8.331952	12.953558	7.824867	-0.699910	3.495942	-15.683125
-15.242737	5.794184	-2.128301	-6.745374	13.539951	7.080328	-0.233228	3.336715	-15.693743
12.990480	-6.075179	4.046031	-3.407862	13.632618	6.304331	0.237126	3.175813	-15.704406
12.014931	-6.193316	4.113208	-3.326509	13.629401	6.289773	0.245822	3.172832	-15.704603
-12.902572	-6.301040	4.175960	-3.244359	13.626001	6.275207	0.254518	3.169851	-15.704800
-0.648132	-2.145315	2.729593	1.418392	13.235819	5.560909	0.676219	3.024893	-15.714356
10.353864	6.280382	-3.574055	6.245848	12.381641	4.832040	1.098516	2.878808	-15.723945
-12.704487	2.241549	-8.493947	9.325697	10.849131	4.011178	1.566993	2.715330	-15.734638
-3.213661	-4.502580	-2.132096	7.935216	8.692760	3.184847	2.033413	2.550705	-15.745372
19.040613	-4.468029	-1.967463	7.895194	8.665013	3.175427	2.038710	2.548823	-15.745495
2.393571	-4.429087	-1.800122	7.854586	8.637127	3.165981	2.044020	2.546936	-15.745618
-27.385694	3.067177	12.617856	3.368153	6.271549	2.427660	2.458204	2.398792	-15.755256
5.344866	-1.458034	12.942517	-2.764020	3.622497	1.695105	2.868465	2.249936	-15.764927
45.898854	0.149791	-13.938769	-10.213952	-2.893359	0.066687	3.786369	1.907304	-15.787165
-16.087566	0.990624	12.096508	4.566937	-8.964942	-1.450352	4.665570	1.562563	-15.809568
-12.142657	0.618782	11.793374	4.701548	-9.010514	-1.462472	4.672760	1.559659	-15.809757
15.070891	0.215803	11.470929	4.835137	-9.055966	-1.474579	4.679947	1.556756	-15.809946
-6.016586	-0.927962	10.515215	5.185961	-9.176468	-1.506778	4.699077	1.549020	-15.810450
-12.311617	-1.393683	9.414343	5.529147	-9.296096	-1.538892	4.718180	1.541283	-15.810953
10.937359	-0.370585	8.163218	5.866169	-9.415463	-1.571090	4.737359	1.533504	-15.811460
-9.596844	1.709180	6.801628	6.194901	-9.533918	-1.603201	4.756511	1.525726	-15.811966
-7.715095	-4.465964	-10.553273	9.974206	-11.215520	-2.081040	5.044853	1.407191	-15.819692
-6.156907	7.321713	2.073971	11.096377	-12.639508	-2.536152	5.326491	1.288599	-15.827436
-5.845788	7.057899	7.539547	9.657011	-14.172530	-3.125909	5.705328	1.123987	-15.838214
-3.926138	-13.517273	-2.975186	6.832395	-15.220248	-3.661387	6.068891	0.959478	-15.849028
5.456229	-7.021766	-5.144099	2.900963	-15.831911	-4.146738	6.423643	0.791393	-15.860127
12.451742	9.121113	-0.679783	-1.994383	-16.020764	-4.562391	6.759531	0.623668	-15.871261
-12.488969	9.167463	-0.644135	-2.027024	-16.020704	-4.564814	6.761618	0.622595	-15.871333
-10.860201	9.212550	-0.608471	-2.059665	-16.020628	-4.567234	6.763705	0.621523	-15.871404
15.511713	10.545121	3.790647	-6.370421	-15.868034	-4.868556	7.040702	0.475192	-15.881174
-16.361549	16.430926	4.922546	-9.919131	-15.448841	-5.112314	7.301153	0.329323	-15.890971
16.170342	-13.749735	-6.507449	-13.139239	-13.502817	-5.472415	7.852294	-0.016906	-15.914489
4.505119	1.352695	-1.984549	-6.157818	-10.502178	-5.544883	8.299684	-0.358814	-15.938152
1.505203	1.910199	-1.888119	-6.103657	-10.484691	-5.544572	8.301723	-0.360566	-15.938275
-15.741965	2.472022	-1.790628	-6.049235	-10.467137	-5.544253	8.303764	-0.362323	-15.938398
-8.899313	4.642565	-1.397593	-5.833118	-10.397605	-5.542925	8.311805	-0.369265	-15.938884
15.772935	6.561713	-0.992179	-5.615403	-10.327823	-5.541492	8.319802	-0.376205	-15.939369
-13.432582	8.025405	-0.582816	-5.400555	-10.259193	-5.539986	8.327597	-0.383004	-15.939846
-15.808498	9.093911	-0.161190	-5.184157	-10.190279	-5.538379	8.335356	-0.389805	-15.940322
16.248118	-2.135748	7.383865	-1.401080	-8.999481	-5.496560	8.459579	-0.503882	-15.948348
-12.082239	-6.319567	10.244763	2.420825	-7.761518	-5.427860	8.571985	-0.617279	-15.956389
-17.737200	4.802440	-0.531541	7.191938	-6.012369	-5.291961	8.707633	-0.772283	-15.967491
18.652775	-2.004170	-11.653384	10.898816	-4.254917	-5.111762	8.821294	-0.925828	-15.978622
9.083033	-2.941632	-9.954460	13.203807	-2.456283	-4.879726	8.917057	-1.084999	-15.990312
-19.404669	0.188063	2.930923	13.865927	-0.754022	-4.607791	8.989283	-1.242371	-16.002034
-9.156614	0.194356	2.964751	13.865599	-0.750104	-4.607095	8.989428	-1.242746	-16.002062
19.402585	0.200555	2.998140	13.865267	-0.746235	-4.606408	8.989571	-1.243116	-16.002090
-16.887959	1.976297	12.401956	13.130881	0.638239	-4.336480	9.033939	-1.380528	-16.012467
-17.292700	2.407363	11.029640	11.244218	1.901074	-4.042010	9.060415	-1.516407	-16.022868
15.505975	-2.493288	1.056370	8.119569	3.175819	-3.688068	9.069126	-1.666226	-16.034505
0.027193	2.480471	-8.289991	4.361574	4.321315	-3.311647	9.056174	-1.814032	-16.046169
-13.881622	2.542930	-8.400521	4.294124	4.339956	-3.305005	9.055764	-1.816555	-16.046370
13.859348	2.600860	-8.508694	4.226624	4.358563	-3.298358	9.055347	-1.819078	-16.046571
9.953427	0.937615	-11.287770	0.697863	5.282793	-2.945052	9.024978	-1.949681	-16.057045
-12.588151	-2.761935	-10.482658	-2.650805	6.124371	-2.580327	8.977758	-2.078601	-16.067540
0.939479	0.121630	-9.131979	-5.894492	6.974166	-2.165552	8.905854	-2.219790	-16.079222
12.479519	2.952840	-8.034202	-8.432415	7.747488	-1.744672	8.813803	-2.358827	-16.090930
-12.268271	2.931171	-8.016576	-8.469783	7.760571	-1.737191	8.811994	-2.361269	-16.091137
-12.478881	2.905868	-7.998978	-8.506931	7.773656	-1.729697	8.810176	-2.363714	-16.091345
12.435895	-0.790074	-7.187969	-10.011704	8.406315	-1.353600	8.711019	-2.485477	-16.101781
-1.171447	-3.193744	-6.498058	-10.850946	8.998869	-0.979082	8.596435	-2.605473	-16.112237
-12.674543	-2.702071	-5.951310	-11.073844	9.629848	-0.565744	8.450306	-2.737546	-16.123954
1.527160	0.427879	-5.778497	-10.628187	10.252110	-0.162230	8.285514	-2.867330	-16.135694
13.382829	0.587145	-5.763315	-10.598193	10.276153	-0.146775	8.278724	-2.872337	-16.136152
-13.421217	0.748075	-5.746542	-10.567279	10.300175	-0.131340	8.271907	-2.877339	-16.136609
9.019618	3.646018	-4.661999	-9.596782	10.850758	0.220800	8.105671	-2.992627	-16.147256
15.828422	2.322847	-1.844286	-8.169214	11.379678	0.558154	7.924695	-3.105968	-16.157921
-13.886649	-3.814350	1.933503	-6.087121	11.931420	0.912831	7.706017	-3.229913	-16.169824
-17.901501	-3.407530	4.209876	-3.537649	12.430513	1.241159	7.469638	-3.351367	-16.181749
17.907692	-3.263115	4.222688	-3.488517	12.438810	1.246722	7.465285	-3.353499	-16.181961
-1.218983	-3.113362	4.234285	-3.439254	12.447086	1.252275	7.460926	-3.355630	-16.182172
-17.895163	3.750161	3.005253	-0.845043	12.832753	1.517391	7.235810	-3.461237	-16.192776
17.497705	-3.622163	-1.186117	1.804945	13.156336	1.755707	6.996872	-3.564815	-16.203396
1.304787	-1.616019	-3.371674	4.314871	13.437069	1.990954	6.707993	-3.680230	-16.215506
-16.426872	3.154346	-1.515556	5.790970	13.610915	2.184063	6.401130	-3.792937	-16.227637
-2.817099	3.140848	-1.476551	5.800482	13.612137	2.185877	6.397772	-3.794121	-16.227766
16.419527	3.125218	-1.437286	5.809837	13.613342	2.187680	6.394420	-3.795300	-16.227895
-16.228673	-1.769511	2.124541	6.128171	13.663688	2.317329	6.114335	-3.890472	-16.238399
-16.249654	-2.681241	3.389835	5.551041	13.611524	2.412419	5.821177	-3.983558	-16.248918
16.083600	2.197440	0.368645	3.902121	13.414403	2.480045	5.476510	-4.085676	-16.260760
-15.903725	2.233000	-3.049188	1.659378	13.052952	2.508948	5.116412	-4.185081	-16.272619
15.631322	-1.572919	-4.050701	-0.664534	12.490885	2.501424	4.730789	-4.284386	-16.284827
15.273591	-1.936520	-1.292712	-2.451891	11.715890	2.459329	4.330069	-4.380741	-16.297053
-15.416820	-1.896380	-1.246444	-2.468125	11.705540	2.458647	4.325321	-4.381844	-16.297195
2.001415	-1.855058	-1.200009	-2.484242	11.695159	2.457961	4.320572	-4.382947	-16.297337
15.358739	1.865965	2.183999	-3.348430	10.811911	2.393609	3.954316	-4.465564	-16.308158
-11.558977	0.037381	3.729805	-3.475721	9.732665	2.306399	3.577848	-4.545805	-16.318992
-15.285786	-1.867137	4.298090	-2.890821	8.284535	2.183624	3.144047	-4.633008	-16.331167
14.878947	1.961418	4.949193	-1.808720	6.635397	2.037093	2.699378	-4.717143	-16.343357
-8.068828	1.955790	4.949360	-1.783253	6.599708	2.033839	2.690098	-4.718846	-16.343609
-14.851384	1.942379	4.948482	-1.757663	6.563909	2.030571	2.680800	-4.720551	-16.343861
14.011084	-2.113618	3.613812	-0.571705	4.936943	1.878001	2.267034	-4.794334	-16.354974
12.801012	-1.305327	-0.442947	0.624452	3.245805	1.710054	1.845992	-4.865506	-16.366100
-11.386530	2.535965	-4.645001	1.725951	1.448179	1.518792	1.395635	-4.937595	-16.377828
2.298765	1.248785	-4.283727	2.478525	-0.312374	1.315073	0.939068	-5.006712	-16.389568
9.880880	1.056935	-4.165612	2.500405	-0.389272	1.305725	0.918554	-5.009727	-16.390093
-7.904783	0.855666	-4.040779	2.521126	-0.465987	1.296357	0.898030	-5.012737	-16.390617
-8.674887	-3.008183	-0.532298	2.680312	-2.025178	1.095756	0.465541	-5.074444	-16.401617
7.899851	-0.829463	2.651844	2.287368	-3.468585	0.888427	0.029304	-5.133478	-16.412626
-8.274402	3.364386	3.355517	1.196790	-4.903736	0.652706	-0.458474	-5.195853	-16.424860
-8.288023	2.889017	0.042198	-0.393457	-6.130493	0.413703	-0.948872	-5.254857	-16.437105
8.303404	2.799030	-0.013852	-0.416733	-6.145824	0.410391	-0.955660	-5.255648	-16.437274
-6.577497	2.706218	-0.069797	-0.440007	-6.161108	0.407079	-0.962449	-5.256439	-16.437443
-9.669715	-3.563191	-2.737024	-1.879576	-7.052662	0.191456	-1.405019	-5.306519	-16.448468
11.372239	1.450268	-1.852016	-2.899961	-7.723417	-0.022710	-1.848070	-5.353806	-16.459502
9.162705	3.635199	0.868757	-3.172389	-8.175413	-0.252981	-2.332223	-5.402285	-16.471579
-14.858933	0.461607	2.267592	-2.442776	-8.314895	-0.476678	-2.814984	-5.447343	-16.483663
-5.787908	-3.663857	1.721475	-0.736970	-8.179048	-0.687807	-3.287030	-5.488247	-16.495546
16.448377	-3.545889	-0.236580	1.488708	-7.821790	-0.888859	-3.755812	-5.525773	-16.507437
-2.866598	-3.362128	-0.336390	1.582450	-7.802138	-0.897303	-3.775968	-5.527317	-16.507951
-16.455046	-3.159573	-0.436467	1.675273	-7.782171	-0.905727	-3.796116	-5.528854	-16.508465
16.237017	3.353283	-2.233463	3.316292	-7.268087	-1.086767	-4.239420	-5.561214	-16.519826
2.160733	3.695214	-1.671785	3.709872	-6.644523	-1.257517	-4.677979	-5.590424	-16.531194
-15.796487	3.515312	-1.597307	3.700544	-6.623809	-1.262666	-4.691555	-5.591283	-16.531548
-1.310734	3.322280	-1.519066	3.689938	-6.603009	-1.267810	-4.705141	-5.592140	-16.531903
15.479224	-3.685379	1.413368	2.760172	-5.936382	-1.420705	-5.120101	-5.616968	-16.542811
-15.345737	-1.025280	2.111918	0.785564	-5.232435	-1.562735	-5.529132	-5.638836	-16.553723
-13.362706	3.562347	0.539419	-1.996740	-4.424204	-1.708254	-5.980882	-5.659846	-16.565994
15.111048	2.137846	-1.680122	-3.923691	-3.628297	-1.837563	-6.423152	-5.677037	-16.578270
-4.714535	1.844388	-1.754925	-3.963933	-3.593280	-1.842979	-6.442812	-5.677720	-16.578822
-15.080434	1.536299	-1.825496	-3.998964	-3.558354	-1.848359	-6.462451	-5.678395	-16.579375
14.642958	-3.235307	-1.818764	-3.515481	-2.878810	-1.948257	-6.850366	-5.690246	-16.590420
-4.749681	0.363160	1.268129	-0.907462	-2.229709	-2.032938	-7.228957	-5.698942	-16.601469
-14.329696	2.947332	2.174741	2.597110	-1.539138	-2.107665	-7.635560	-5.704846	-16.613683
-2.169367	-3.004807	-2.847602	4.312061	-0.867222	-2.161350	-8.028804	-5.706818	-16.625900
15.718475	-2.983246	-2.930677	4.310967	-0.847679	-2.162595	-8.040136	-5.706816	-16.626258
-6.517808	-2.936262	-3.003160	4.306230	-0.828144	-2.163820	-8.051456	-5.706811	-16.626617
-17.289789	3.375959	-0.506745	2.703835	-0.234845	-2.191890	-8.392719	-5.704976	-16.637628
17.071142	0.227554	6.988320	-0.331071	0.339147	-2.200823	-8.721503	-5.699884	-16.648642
-4.194648	-5.537606	7.612268	-3.271925	0.947837	-2.186879	-9.075013	-5.690243	-16.661015
-7.892269	7.199189	-7.300276	-4.841611	1.503971	-2.146351	-9.410682	-5.676411	-16.673390
5.753807	7.441956	-7.653534	-4.859718	1.516249	-2.145074	-9.418322	-5.676037	-16.673680
7.563256	7.666432	-8.000735	-4.876965	1.528505	-2.143780	-9.425961	-5.675659	-16.673970
7.078734	1.296918	-14.668337	-3.060260	2.401331	-1.982296	-10.020310	-5.636264	-16.698012
-5.754719	-12.601953	9.532818	3.681494	2.944895	-1.708581	-10.532101	-5.580579	-16.722050
9.792035	-14.195243	9.765920	3.734283	2.947869	-1.705780	-10.536031	-5.580040	-16.722252
-8.892687	-15.663417	9.997962	3.786620	2.950810	-1.702975	-10.539946	-5.579501	-16.722454
-12.300440	-18.649371	10.718547	3.947912	2.959822	-1.694151	-10.552145	-5.577808	-16.723086
14.260350	-18.679502	11.429748	4.105461	2.968555	-1.685244	-10.564281	-5.576103	-16.723717
-30.097916	3.234400	20.012770	5.912869	3.067634	-1.535548	-10.745029	-5.548023	-16.733568
-63.934834	21.996527	19.237018	6.152447	3.093515	-1.365257	-10.909266	-5.517130	-16.743418
58.712949	-23.621410	-21.386155	2.072878	2.822192	-0.832733	-11.251970	-5.424699	-16.768712
12.608195	20.427215	-13.763290	-3.220764	2.154224	-0.180376	-11.476012	-5.313192	-16.793983
-18.545712	21.092464	-13.493124	-3.278272	2.144522	-0.172111	-11.477945	-5.311753	-16.794283
-1.474877	21.644039	-13.224212	-3.335516	2.134797	-0.163847	-11.479860	-5.310313	-16.794582
16.764621	21.783873	-12.543782	-3.480628	2.109847	-0.142730	-11.484665	-5.306628	-16.795346
-15.498126	19.177912	-11.872677	-3.624521	2.084671	-0.121543	-11.489361	-5.302923	-16.796109
-14.690578	15.949894	-11.375065	-3.731834	2.065605	-0.105577	-11.492819	-5.300126	-16.796684
13.668631	12.462241	-10.883998	-3.838310	2.046436	-0.089590	-11.496211	-5.297321	-16.797257
13.526303	-4.489883	-4.605153	-5.285892	1.756688	0.145275	-11.538333	-5.255521	-16.805574
-1.859427	-7.417884	-0.194405	-6.519899	1.448816	0.384430	-11.567190	-5.211598	-16.813888
9.473630	-7.440998	4.925999	-8.449820	0.472134	1.107962	-11.572971	-5.066889	-16.838874
7.665197	-7.682124	6.734435	-6.656568	-0.462766	1.790324	-11.454594	-4.904108	-16.863822
-16.081264	-6.073650	6.791640	-6.597728	-0.475090	1.799390	-11.452006	-4.901675	-16.864175
-2.883559	-4.431682	6.850308	-6.537922	-0.487366	1.808424	-11.449395	-4.899240	-16.864529
16.132448	-2.085541	6.938538	-6.448672	-0.505241	1.821587	-11.445534	-4.895676	-16.865045
-12.642829	0.056537	7.029414	-6.357207	-0.523041	1.834702	-11.441618	-4.892106	-16.865561
-15.822575	5.363578	8.776339	-4.188969	-0.844600	2.073468	-11.357023	-4.823073	-16.875336
14.302897	-3.690950	8.151313	-1.155677	-1.131137	2.290866	-11.252569	-4.751501	-16.885104
-6.691776	2.076455	0.040997	3.573787	-1.429373	2.526839	-11.093349	-4.658336	-16.897333
-9.737280	1.799834	-5.070391	7.930869	-1.646368	2.714786	-10.902236	-4.561411	-16.909549
9.699162	1.684710	-5.131778	8.049130	-1.652008	2.720107	-10.895342	-4.558132	-16.909954
9.502370	1.571055	-5.186252	8.165155	-1.657546	2.725370	-10.888406	-4.554845	-16.910360
-9.425208	-0.446753	-4.291542	10.343649	-1.763412	2.840481	-10.694605	-4.467612	-16.920946
3.644825	-0.375465	-0.090863	10.851072	-1.790933	2.911780	-10.476233	-4.377739	-16.931520
11.323461	0.334199	3.974028	9.291279	-1.722978	2.940447	-10.192104	-4.270342	-16.943767
-12.193407	-0.229388	2.628223	5.561946	-1.559232	2.914131	-9.875167	-4.159643	-16.955998
-9.081159	-0.268548	2.419434	5.296417	-1.547126	2.910995	-9.855819	-4.153134	-16.956705
12.238407	-0.311135	2.201617	5.026666	-1.534745	2.907686	-9.836352	-4.146611	-16.957414
-2.203544	-1.573607	-1.626511	0.553235	-1.314492	2.836289	-9.525932	-4.045759	-16.968213
-11.806704	-1.605654	-4.467723	-4.076403	-1.042526	2.727443	-9.190839	-3.942528	-16.978998
11.557054	2.149320	-4.594200	-8.557819	-0.685978	2.563226	-8.783901	-3.823172	-16.991164
9.107327	2.524042	-3.288062	-11.397766	-0.291295	2.359565	-8.348351	-3.701024	-17.003311
-12.000942	2.447480	-3.266290	-11.430036	-0.284439	2.355841	-8.340816	-3.698954	-17.003514
-3.186605	2.367165	-3.244639	-11.461863	-0.277564	2.352101	-8.333260	-3.696879	-17.003718
13.077752	-2.763760	-1.944022	-12.462856	0.084681	2.146053	-7.932813	-3.588705	-17.014237
-6.113223	-0.403396	0.593330	-12.353114	0.454737	1.916778	-7.513139	-3.478617	-17.024740
-16.265549	2.872113	3.775822	-11.108382	0.888271	1.621623	-6.996781	-3.346913	-17.037064
17.284185	-2.658830	4.605233	-9.004886	1.307771	1.303219	-6.457014	-3.212822	-17.049365
0.178382	-2.735550	4.550641	-8.910816	1.323608	1.290442	-6.435590	-3.207565	-17.049843
-17.311675	-2.779713	4.487903	-8.815922	1.339415	1.277628	-6.414117	-3.202301	-17.050320
17.074014	1.450295	1.568461	-6.500961	1.680414	0.984312	-5.925372	-3.083657	-17.061002
10.595023	2.554283	-1.806080	-3.877071	1.991282	0.680443	-5.421430	-2.963414	-17.071665
-14.784532	-1.155043	-3.020677	-0.795942	2.291136	0.333779	-4.844235	-2.827860	-17.083507
3.731376	-2.330630	-1.618208	2.353633	2.530992	-0.017817	-4.251108	-2.690554	-17.095325
13.667221	-2.202980	-1.536198	2.477462	2.539070	-0.031748	-4.227376	-2.685097	-17.095792
-8.129411	-2.057633	-1.453528	2.601150	2.547035	-0.045681	-4.203621	-2.679638	-17.096258
-13.326056	2.255419	0.288135	5.324181	2.694984	-0.359033	-3.663340	-2.556123	-17.106740
13.710370	0.714309	1.033579	7.848467	2.777571	-0.670302	-3.112806	-2.431420	-17.117202
-11.580072	-1.928653	0.635651	10.265290	2.781972	-1.017256	-2.477741	-2.288748	-17.129036
-16.199962	-2.161657	-0.195627	11.781016	2.680270	-1.354240	-1.832414	-2.144793	-17.140843
16.263876	-2.103950	-0.218024	11.820503	2.672811	-1.369507	-1.802370	-2.138112	-17.141388
6.716564	-2.041000	-0.237739	11.856862	2.665100	-1.384745	-1.772307	-2.131428	-17.141933
-17.420449	-0.177663	-0.185851	11.963391	2.468430	-1.669872	-1.193982	-2.003143	-17.152343
2.024091	1.828294	0.295517	11.071840	2.179569	-1.941182	-0.610030	-1.874058	-17.162730
18.230978	2.226163	0.554546	9.197724	1.754807	-2.228084	0.056074	-1.727166	-17.174454
-6.625303	-0.105930	-0.045928	6.794454	1.243814	-2.489981	0.726537	-1.579480	-17.186148
-17.305491	-0.183278	-0.082176	6.697199	1.222835	-2.499436	0.752213	-1.573825	-17.186594
17.248831	-0.256391	-0.119075	6.599732	1.201758	-2.508849	0.777893	-1.568169	-17.187040
-6.943712	-1.448266	-1.071732	4.336136	0.690339	-2.714226	1.371991	-1.437267	-17.197331
-13.612216	-2.446934	-1.923968	2.218393	0.141550	-2.895687	1.967109	-1.305951	-17.207597
11.735723	-2.257509	-2.200295	0.306806	-0.508142	-3.071083	2.642004	-1.156619	-17.219210
-10.782903	2.706553	-1.083672	-0.858958	-1.166964	-3.212401	3.315315	-1.006995	-17.230791
-8.224111	2.725419	-0.990857	-0.897971	-1.197239	-3.218061	3.346307	-1.000089	-17.231324
-7.548181	2.707327	-0.894164	-0.935970	-1.227488	-3.223643	3.377293	-0.993182	-17.231857
10.908813	-1.285918	1.322491	-1.510290	-1.796143	-3.314852	3.965978	-0.861575	-17.242001
-9.968042	-3.056995	2.893630	-1.955843	-2.341172	-3.376169	4.550994	-0.729928	-17.252119
-13.180154	0.451944	2.144809	-2.536239	-2.919690	-3.407407	5.216015	-0.578966	-17.263693
14.629253	3.479755	-0.208691	-3.196096	-3.428477	-3.394044	5.872406	-0.428209	-17.275231
3.230510	3.382187	-0.308385	-3.223021	-3.446804	-3.392560	5.898051	-0.422277	-17.275685
-14.729135	3.262730	-0.407655	-3.250011	-3.465003	-3.391000	5.923697	-0.416340	-17.276139
12.124511	-2.004018	-2.258791	-3.853788	-3.829826	-3.336769	6.488091	-0.284749	-17.286200
16.100767	-3.825826	-2.635437	-4.444067	-4.110478	-3.243477	7.042190	-0.153503	-17.296233
-16.131079	3.959843	-0.582291	-5.042214	-4.314486	-3.081924	7.674731	-0.000603	-17.307926
-6.403424	-0.862082	1.669625	-5.341370	-4.368201	-2.861612	8.288132	0.151554	-17.319578
15.533088	-1.263073	1.748873	-5.344190	-4.366651	-2.849493	8.317244	0.158886	-17.320141
-8.850224	-1.657055	1.824233	-5.345734	-4.364701	-2.837234	8.346322	0.166221	-17.320703
-14.590290	-4.018773	2.349905	-5.148525	-4.272918	-2.610589	8.830032	0.289932	-17.330198
13.485530	3.948121	1.222369	-4.479386	-4.077275	-2.350476	9.297489	0.412969	-17.339664
-0.757528	1.111693	-1.182946	-3.239704	-3.722867	-2.002701	9.831536	0.558678	-17.350914
-12.114776	-3.558653	-2.562397	-1.804267	-3.253505	-1.621000	10.337882	0.703193	-17.362122
12.129382	-3.476551	-2.562813	-1.761809	-3.238011	-1.609236	10.352453	0.707460	-17.362453
9.542076	-3.373624	-2.560266	-1.719403	-3.222416	-1.597437	10.367012	0.711730	-17.362786
-13.170996	3.295560	-1.431416	-0.522164	-2.724532	-1.238702	10.785463	0.837561	-17.372597
4.198098	2.226987	0.736603	0.510685	-2.164511	-0.864896	11.178755	0.962271	-17.382376
16.622706	-2.721015	2.821642	1.378589	-1.476045	-0.433120	11.588575	1.100966	-17.393324
-17.424803	-0.165591	3.228697	1.830418	-0.741510	0.004151	11.962048	1.238006	-17.404229
-9.461873	0.060466	3.216919	1.838866	-0.709029	0.023040	11.977314	1.243882	-17.404698
17.417285	0.281750	3.203616	1.846345	-0.676496	0.041925	11.992508	1.249755	-17.405168
-0.819406	2.222784	2.735941	1.801303	0.010420	0.433377	12.292116	1.371282	-17.414928
-14.933515	0.592364	2.302822	1.443861	0.705139	0.817816	12.558502	1.491278	-17.424653
7.986915	-2.005878	1.888555	0.809195	1.465335	1.231577	12.814049	1.623075	-17.435447
11.674219	-1.845940	1.410053	0.072487	2.182347	1.622968	13.023722	1.752725	-17.446194
-11.655629	-1.737654	1.390084	0.044185	2.208652	1.637518	13.030858	1.757681	-17.446607
-2.318520	-1.624318	1.370001	0.015956	2.234857	1.652036	13.037927	1.762638	-17.447021
11.918460	1.097900	0.873393	-0.588494	2.801656	1.974201	13.180882	1.876229	-17.456566
-14.003293	1.688886	0.301709	-1.029287	3.275496	2.267299	13.283523	1.987919	-17.466073
-14.869369	2.267435	-0.433082	-1.230597	3.670385	2.558061	13.348956	2.112168	-17.476808
16.333242	2.923911	-1.246513	-1.036559	3.905666	2.797405	13.357798	2.233721	-17.487493
-6.739420	2.778506	-1.272173	-1.024029	3.910543	2.803758	13.357158	2.237351	-17.487815
-16.393777	2.618491	-1.297903	-1.011092	3.915300	2.810058	13.356463	2.240978	-17.488137
16.811574	-3.346455	-2.116647	-0.445041	4.005607	2.967702	13.312824	2.344537	-17.497411
10.791608	-1.007962	-3.006055	0.530230	4.021283	3.075298	13.222374	2.445932	-17.506645
-15.387615	4.390036	-2.674437	2.002459	3.975089	3.132640	13.054754	2.561938	-17.517410
-1.080873	-0.185282	0.380051	3.097838	3.886447	3.116284	12.819297	2.674967	-17.528121
13.963834	-0.338840	0.443342	3.108964	3.884577	3.115305	12.814324	2.677021	-17.528317
-9.405760	-0.493558	0.506323	3.119660	3.882700	3.114301	12.809329	2.679074	-17.528514
-13.013846	-5.353582	2.548747	3.057389	3.789637	3.043122	12.555894	2.772133	-17.537515
12.882098	0.851557	1.772484	1.738976	3.678766	2.925895	12.255780	2.863066	-17.546475
-14.306922	5.419692	-1.490958	-1.013181	3.513600	2.730230	11.836591	2.969458	-17.557179
-5.503010	-4.732155	-3.518116	-4.212058	3.303619	2.481330	11.356787	3.072796	-17.567824
16.823868	-4.781780	-3.506808	-4.234178	3.301950	2.479397	11.353188	3.073516	-17.567899
17.367844	-4.830240	-3.494954	-4.256276	3.300278	2.477462	11.349585	3.074236	-17.567974
-22.688145	2.846572	6.094733	-7.308231	2.742324	1.885627	10.289178	3.261132	-17.587923
8.915390	-0.268035	-4.482338	-0.493169	1.945781	1.176924	9.051416	3.437153	-17.607648
15.864888	-0.263761	-4.504076	-0.480281	1.944615	1.175945	9.049697	3.437375	-17.607673
-15.841300	-0.259414	-4.525810	-0.467388	1.943447	1.174965	9.047978	3.437598	-17.607699
-15.760288	-0.116230	-5.126470	-0.108646	1.910994	1.147762	9.000231	3.443755	-17.608407
14.461273	0.038671	-5.722749	0.252505	1.878336	1.120471	8.952288	3.449899	-17.609116
-4.794403	-0.221801	-11.536826	4.246885	1.505304	0.813639	8.409613	3.516852	-17.616924
-2.766240	-0.793818	-14.789590	7.734347	1.114921	0.499392	7.844657	3.582074	-17.624696
4.793027	-2.215993	-14.588582	11.422421	0.059652	-0.337338	6.269817	3.744831	-17.644888
11.374735	-3.035844	-3.984535	7.263035	-0.922005	-1.149450	4.582180	3.895733	-17.664817
-11.824085	-1.856931	-3.801922	7.218044	-0.926962	-1.153899	4.572303	3.896558	-17.664930
-6.867852	-0.711134	-3.617139	7.172936	-0.931897	-1.158334	4.562450	3.897381	-17.665042
14.990144	3.563212	-2.440367	6.900673	-0.960951	-1.184576	4.503970	3.902252	-17.665708
-16.769497	0.715325	-1.072160	6.620091	-0.989659	-1.210737	4.445370	3.907112	-17.666375
-19.189596	-2.508531	-0.235752	6.461468	-1.005372	-1.225159	4.412936	3.909792	-17.666743
20.634151	-5.658466	0.650860	6.300350	-1.020971	-1.239552	4.380473	3.912469	-17.667111
-18.102479	-8.864499	19.557834	3.081667	-1.273707	-1.486225	3.808205	3.958635	-17.673536
-49.340919	13.247209	25.852688	-0.879917	-1.482302	-1.721906	3.228437	4.003546	-17.679933
50.161543	-18.624587	-18.449206	-7.639868	-1.693796	-2.051651	2.344162	4.068761	-17.689502
32.566622	1.632124	-24.978662	-12.626190	-1.755897	-2.345771	1.448644	4.131140	-17.699005
-28.264378	24.013054	-0.477678	-13.255274	-1.641157	-2.595421	0.554099	4.190123	-17.708349
-5.637239	-15.950995	18.033083	-10.208241	-1.338679	-2.796217	-0.344771	4.246333	-17.717627
17.276485	-16.042030	18.058938	-10.196860	-1.337698	-2.796662	-0.347079	4.246474	-17.717650
-17.255000	-16.132609	18.084665	-10.185463	-1.336717	-2.797107	-0.349388	4.246614	-17.717674
-5.413951	-23.319702	18.509595	-5.551565	-0.956431	-2.925994	-1.137315	4.293541	-17.725742
10.466523	0.402257	3.055363	-0.110579	-0.514485	-3.006410	-1.923682	4.338343	-17.733756
-10.420618	18.951079	-12.799903	5.262388	-0.008329	-3.033712	-2.784450	4.385186	-17.742514
5.742051	5.142001	-8.880689	8.628150	0.463110	-2.991349	-3.637614	4.429463	-17.751207
11.988653	-12.534608	3.403376	10.268562	0.868300	-2.860306	-4.549875	4.474549	-17.760553
-12.894091	-0.773862	4.767396	10.589847	1.093185	-2.633834	-5.445352	4.516628	-17.769821
-8.016010	-0.731579	4.755291	10.589634	1.093493	-2.633064	-5.447813	4.516740	-17.769847
12.899244	-0.689848	4.743246	10.589418	1.093797	-2.632303	-5.450249	4.516852	-17.769872
-7.218369	6.871043	-0.219609	10.227682	1.102521	-2.365031	-6.180568	4.549600	-17.777533
-14.374616	5.564235	-2.444275	8.839741	0.962335	-2.024580	-6.894294	4.580263	-17.785139
14.754644	1.275871	-0.266761	5.419525	0.650570	-1.537746	-7.714276	4.613856	-17.794067
1.219634	-1.388623	1.839590	1.102974	0.238999	-0.977051	-8.504139	4.644537	-17.802916
-14.365319	-1.376756	1.842403	1.008487	0.229582	-0.964404	-8.520707	4.645163	-17.803105
2.839327	-1.360761	1.842695	0.914197	0.220164	-0.951752	-8.537237	4.645786	-17.803293
13.305764	0.590044	0.211969	-2.670953	-0.167844	-0.419615	-9.197465	4.670074	-17.810947
-11.843779	0.022470	-2.201735	-4.987012	-0.534180	0.134118	-9.829079	4.692150	-17.818540
2.430957	-0.121178	-1.070215	-5.178034	-0.856606	0.742639	-10.479813	4.713631	-17.826720
9.736708	0.168043	2.109880	-3.666409	-1.053543	1.340021	-11.090366	4.732508	-17.834826
-9.743474	0.187865	2.216197	-3.574979	-1.059187	1.366668	-11.117149	4.733305	-17.835194
-6.474473	0.203731	2.314470	-3.482467	-1.064531	1.393236	-11.143823	4.734097	-17.835560
10.590469	-0.063902	2.651865	-1.554697	-1.108309	1.908512	-11.656561	4.748763	-17.842849
0.603425	-0.477546	0.789081	0.086784	-1.029189	2.388169	-12.130204	4.761287	-17.850076
-14.225518	-0.132502	-1.637064	1.309291	-0.786433	2.877720	-12.616776	4.772910	-17.858204
15.534446	0.885678	-2.429938	1.680383	-0.377190	3.296619	-13.045163	4.781779	-17.866252
9.427610	0.821852	-2.377206	1.674703	-0.356271	3.312512	-13.061858	4.782092	-17.866589
-15.585001	0.747659	-2.315747	1.667250	-0.335055	3.328258	-13.078445	4.782400	-17.866925
7.317704	-1.165172	0.038315	1.192896	0.161616	3.623408	-13.401178	4.787738	-17.873956
14.748041	-0.783591	1.838282	0.441484	0.690360	3.845697	-13.674125	4.790934	-17.880923
-13.630488	1.913177	2.132024	-0.190562	1.196476	3.997307	-13.916024	4.791979	-17.888564
-7.574586	0.919838	0.895647	-0.355869	1.508489	4.039250	-14.092061	4.790403	-17.896128
12.746455	0.830296	0.764026	-0.351237	1.522579	4.037685	-14.102603	4.790178	-17.896695
-4.048046	0.759335	0.629253	-0.344620	1.535310	4.035436	-14.112765	4.789939	-17.897262
-12.561801	-0.025787	-1.025189	-0.154480	1.587588	3.956944	-14.203454	4.786028	-17.903860
12.899143	-2.952300	-2.318935	0.128130	1.475783	3.780608	-14.243334	4.780085	-17.910397
6.068975	-3.860767	-2.461817	0.363462	1.173883	3.473692	-14.229605	4.770954	-17.917692
-14.036202	-2.163072	-0.738238	0.383957	0.717944	3.065696	-14.156164	4.759261	-17.924910
5.280050	-1.951416	-0.564804	0.375534	0.679513	3.031984	-14.148453	4.758298	-17.925440
14.057785	-1.733695	-0.388302	0.365687	0.640515	2.997789	-14.140428	4.757322	-17.925969
-12.299317	0.592657	1.776915	0.123788	0.123180	2.540360	-14.016554	4.744184	-17.932454
-13.297367	2.530434	3.084133	-0.357367	-0.435089	2.023340	-13.847744	4.729033	-17.938877
12.497875	4.980008	2.048822	-1.149181	-1.059011	1.387959	-13.608289	4.709776	-17.945981
4.859675	-4.710704	-1.725525	-1.913392	-1.629742	0.706137	-13.317868	4.688133	-17.953006
-11.941862	-4.814886	-1.786042	-1.924518	-1.639093	0.693658	-13.312247	4.687726	-17.953131
11.937569	-4.911144	-1.845508	-1.935517	-1.648410	0.681168	-13.306612	4.687319	-17.953255
6.552748	-1.919057	-3.471729	-2.278042	-2.067157	0.038567	-13.002067	4.665761	-17.959515
-12.355013	4.372978	-2.486095	-2.097995	-2.359450	-0.618496	-12.660441	4.642374	-17.965711
-2.858648	0.577024	0.982981	-1.432958	-2.515271	-1.342962	-12.245473	4.614681	-17.972434
12.798819	-3.377102	3.348450	-0.484001	-2.516334	-2.057538	-11.790943	4.584917	-17.979081
-10.803203	-3.278602	3.358323	-0.438199	-2.513184	-2.089016	-11.769748	4.583539	-17.979377
-12.769537	-3.144171	3.357588	-0.392286	-2.509782	-2.120423	-11.748493	4.582159	-17.979671
12.190632	2.838969	1.738907	0.533715	-2.391739	-2.735506	-11.309294	4.553778	-17.985526
-5.469574	2.578378	-1.010056	1.410921	-2.188417	-3.323727	-10.842795	4.523855	-17.991320
-10.421793	-1.871143	-3.052463	2.232713	-1.865026	-3.962356	-10.274175	4.487546	-17.997918
10.134729	-1.319908	-2.207138	2.773588	-1.462489	-4.555351	-9.674668	4.449325	-18.004436
9.026779	-1.177094	-2.119041	2.793359	-1.443013	-4.580603	-9.647330	4.447582	-18.004724
-10.156190	-1.033143	-2.028309	2.812921	-1.423429	-4.605739	-9.619956	4.445836	-18.005012
-6.833469	0.827846	-0.002996	3.184524	-1.019827	-5.075118	-9.076168	4.411117	-18.010585
11.832439	0.958221	1.754054	3.642821	-0.581614	-5.503982	-8.513761	4.375070	-18.016098
-6.813992	-0.868278	2.920155	4.505485	-0.033743	-5.954883	-7.828044	4.330819	-18.022537
-13.967501	-0.822508	2.580145	5.857151	0.531025	-6.342221	-7.122852	4.284858	-18.028893
13.972672	-0.784605	2.567288	5.882091	0.540252	-6.347975	-7.111251	4.284097	-18.028995
-2.966979	-0.745611	2.554351	5.907049	0.549463	-6.353701	-7.099666	4.283338	-18.029098
-13.847087	1.129982	1.467495	7.305541	1.043482	-6.635893	-6.470297	4.241831	-18.034576
9.941365	-1.277925	-0.789341	8.639381	1.526980	-6.866014	-5.830636	4.199128	-18.039991
12.212741	-1.929626	-3.157208	9.623393	2.027074	-7.055200	-5.127180	4.151515	-18.045794
-11.398900	2.544031	-2.935959	9.714984	2.488422	-7.180071	-4.415735	4.102624	-18.051523
3.846655	2.461913	-2.803950	9.693473	2.507820	-7.184109	-4.383944	4.100422	-18.051776
11.345822	2.337175	-2.659596	9.669597	2.527113	-7.188018	-4.352140	4.098217	-18.052029
-10.972135	-3.265910	1.463189	8.593111	2.904770	-7.239799	-3.686916	4.051735	-18.057265
-10.978560	0.213921	3.195923	6.265910	3.233567	-7.234468	-3.017687	4.004270	-18.062438
11.158965	4.661184	1.130235	2.232452	3.535206	-7.161675	-2.276931	3.950891	-18.068064
5.203520	-4.716179	-2.887711	-2.455064	3.768832	-7.017882	-1.534031	3.896446	-18.073614
-11.530509	-5.008431	-2.965340	-2.623100	3.775972	-7.011319	-1.507053	3.894451	-18.073814
9.041465	-5.278183	-3.033090	-2.790322	3.783011	-7.004667	-1.480097	3.892457	-18.074013
12.068106	-4.462274	-2.116465	-6.572302	3.924580	-6.812835	-0.821939	3.843374	-18.078857
-12.804055	5.819694	1.049484	-9.484922	4.005854	-6.564064	-0.164326	3.793564	-18.083640
-3.550287	2.238500	2.822206	-11.258107	4.021523	-6.219145	0.566421	3.737276	-18.088899
14.722472	-5.674455	1.734187	-11.133305	3.954619	-5.802126	1.293850	3.680213	-18.094083
-12.043398	-1.261753	-1.339995	-9.321039	3.804229	-5.314068	2.015101	3.622562	-18.099183
-15.377066	4.893760	-3.148957	-6.523882	3.570669	-4.755381	2.730323	3.564270	-18.104209
15.360986	4.857964	-3.139588	-6.399046	3.559184	-4.730669	2.759892	3.561835	-18.104417
-0.662936	4.781457	-3.121429	-6.273935	3.547549	-4.705822	2.789470	3.559397	-18.104624
-14.642627	-2.283273	-0.966339	-3.467876	3.252317	-4.122418	3.444747	3.504849	-18.109209
5.341584	-3.840651	2.489175	-0.723300	2.890073	-3.484192	4.092510	3.449864	-18.113730
13.617625	-3.587999	2.640273	-0.589812	2.870185	-3.450791	4.124794	3.447094	-18.113956
-4.344686	-3.300841	2.786473	-0.456772	2.850123	-3.417238	4.157078	3.444322	-18.114181
-12.770993	3.309448	4.196312	2.000114	2.428008	-2.739063	4.781065	3.390165	-18.118534
12.370150	0.203347	2.110200	4.110538	1.947851	-2.015831	5.395663	3.335698	-18.122827
-12.459600	-2.536213	-2.383127	5.968935	1.331547	-1.138386	6.085355	3.273125	-18.127661
-9.604096	2.266101	-5.848930	7.270331	0.648319	-0.212704	6.759960	3.210281	-18.132417
12.974622	2.305899	-5.878753	7.287155	0.636811	-0.197447	6.770699	3.209267	-18.132493
5.397518	2.342000	-5.907420	7.303824	0.625309	-0.182208	6.781414	3.208254	-18.132569
-13.534552	0.383829	-6.015599	8.072153	-0.031298	0.672689	7.366023	3.152284	-18.136724
13.935371	-2.462199	-4.374956	8.640874	-0.725540	1.549088	7.936436	3.096212	-18.140818
5.438417	1.647585	-2.384465	8.990147	-1.528784	2.535700	8.550688	3.034016	-18.145283
-13.394878	3.193949	0.632017	8.916661	-2.347724	3.527936	9.144752	2.971828	-18.149674
-10.386966	3.049040	0.750739	8.906714	-2.371344	3.556705	9.161675	2.970024	-18.149800
13.337762	2.889835	0.871514	8.896281	-2.394943	3.585468	9.178581	2.968221	-18.149926
-12.191294	-3.703318	4.822908	8.328262	-3.095592	4.455073	9.682935	2.913500	-18.153728
-9.502654	-1.137633	7.239601	7.202816	-3.746283	5.312664	10.169423	2.858891	-18.157472
3.851493	4.893863	6.301930	5.228223	-4.389017	6.255570	10.694798	2.797572	-18.161619
8.273051	-0.707896	0.948975	2.794685	-4.904244	7.164523	11.194869	2.736521	-18.165693
-8.251939	-1.301001	0.667379	2.683303	-4.923407	7.203461	11.216202	2.733850	-18.165870
6.096327	-1.890501	0.385484	2.571794	-4.942257	7.242314	11.237484	2.731180	-18.166047
8.260754	-6.182779	-4.776252	0.285053	-5.258051	8.027379	11.666985	2.675968	-18.169683
-8.934323	-0.800560	-6.811466	-1.759422	-5.413691	8.768207	12.073197	2.621091	-18.173259
1.257450	1.690066	-5.788453	-3.479826	-5.368733	9.540610	12.500400	2.559912	-18.177204
11.333541	3.804077	-2.599638	-4.516952	-5.068373	10.245632	12.895374	2.499292	-18.181072
-11.339775	3.832160	-2.577551	-4.520875	-5.065891	10.249495	12.897555	2.498944	-18.181094
-8.163243	3.860525	-2.555436	-4.524775	-5.063401	10.253355	12.899735	2.498596	-18.181116
12.150756	7.944188	1.005198	-4.832072	-4.580636	10.816984	13.220551	2.445529	-18.184472
-12.721899	2.088815	4.166268	-4.535203	-3.903901	11.322605	13.513911	2.393009	-18.187769
-8.814094	-8.161022	5.354973	-3.434575	-2.963376	11.811080	13.805009	2.335649	-18.191344
13.787121	-1.516762	2.787233	-1.540211	-1.863317	12.222342	14.059885	2.279087	-18.194847
5.769759	-0.913788	2.592275	-1.434178	-1.806498	12.240322	14.071336	2.276357	-18.195016
-13.851552	-0.312165	2.393168	-1.327333	-1.749411	12.258110	14.082697	2.273629	-18.195184
3.245414	7.838190	-1.661560	0.702816	-0.638289	12.555207	14.278603	2.222978	-18.198303
15.203113	5.975692	-4.782505	2.392667	0.531924	12.782797	14.442159	2.173101	-18.201363
13.570348	-7.091477	-4.363969	3.353893	1.869576	12.951609	14.585678	2.118310	-18.204713
-15.585236	6.042213	0.893893	3.224032	3.190451	13.025239	14.687565	2.064621	-18.207989
15.582390	6.313502	0.926186	3.220129	3.197864	13.025376	14.688030	2.064316	-18.208007
-12.965445	6.581839	0.958233	3.216212	3.205236	13.025510	14.688491	2.064013	-18.208026
-14.826618	3.620295	4.653447	2.178463	4.307272	13.005527	14.744133	2.017325	-18.210872
13.645101	-5.610267	4.540041	0.411331	5.265772	12.901537	14.768392	1.971598	-18.213659
4.102767	-1.535793	-0.375240	-1.828268	6.091432	12.674540	14.759185	1.920634	-18.216767
-10.867147	4.505639	-4.552420	-3.434930	6.531112	12.326562	14.712298	1.870929	-18.219799
-0.187393	4.493377	-4.559057	-3.442194	6.532655	12.323531	14.711814	1.870566	-18.219821
10.852324	4.479677	-4.565198	-3.449402	6.534178	12.320480	14.711327	1.870201	-18.219843
-10.236761	-2.106689	-2.401314	-3.714302	6.510493	11.909461	14.639200	1.827227	-18.222465
-5.165362	-3.599320	2.078801	-2.896167	6.056419	11.409259	14.540012	1.785227	-18.225027
10.637918	3.151427	3.946586	-0.958830	5.069898	10.758786	14.399810	1.739788	-18.227800
-3.076965	1.511920	0.405306	1.622075	3.674556	10.016708	14.229371	1.695530	-18.230499
-11.738899	1.338919	0.263356	1.700482	3.627726	9.993191	14.223822	1.694224	-18.230579
5.214624	1.161864	0.121438	1.778724	3.580590	9.969577	14.218242	1.692917	-18.230658
13.121731	-2.453473	-3.082472	3.858930	2.080320	9.237330	14.041344	1.654660	-18.232991
-14.621505	2.255403	-2.410657	5.078507	0.435382	8.447451	13.843059	1.617322	-18.235266
1.615576	1.780560	0.249790	5.013495	-1.483880	7.498547	13.595899	1.576420	-18.237757
17.014150	-2.024347	1.550773	3.197432	-3.346469	6.494603	13.324688	1.536663	-18.240175
-5.994663	-2.138367	1.558050	3.096282	-3.414851	6.455159	13.313837	1.535162	-18.240266
-17.040922	-2.242270	1.562030	2.993145	-3.482884	6.415680	13.302961	1.533664	-18.240358
16.928840	-1.220852	0.809862	0.179470	-4.957409	5.484368	13.042194	1.499443	-18.242437
-2.833267	2.856884	-0.812998	-2.883246	-6.173219	4.524424	12.764982	1.466109	-18.244460
-15.447807	2.316165	-0.920703	-5.555306	-7.099765	3.437729	12.440695	1.430282	-18.246630
14.940459	-4.195274	1.015969	-6.426665	-7.461182	2.333020	12.099164	1.395524	-18.248732
7.877120	-4.169626	1.052437	-6.403710	-7.462073	2.272346	12.080046	1.393656	-18.248845
-14.926059	-4.076647	1.073439	-6.372444	-7.460891	2.211647	12.060880	1.391792	-18.248958
-4.958354	2.696473	-0.162671	-4.773829	-7.151710	1.194973	11.734243	1.361132	-18.250808
15.817356	5.869836	-1.779015	-1.850848	-6.362326	0.173326	11.395794	1.331348	-18.252600
-4.248811	-6.742262	-0.552788	1.835384	-5.023410	-0.977178	11.003163	1.298945	-18.254545
-17.742748	-1.460697	2.635681	4.847302	-3.337934	-2.127831	10.598686	1.267630	-18.256418
17.757022	-0.910425	2.683440	4.887941	-3.305751	-2.148208	10.591412	1.267084	-18.256451
-14.240435	-0.359260	2.730321	4.928014	-3.273504	-2.168582	10.584135	1.266538	-18.256483
-18.366581	8.011234	3.296127	6.073644	-1.586235	-3.189688	10.214004	1.239524	-18.258093
3.825885	-2.156186	-0.482788	5.269208	0.165018	-4.198829	9.836903	1.213362	-18.259646
19.217230	-8.337771	-3.991126	2.905643	2.084405	-5.293028	9.413416	1.185435	-18.261295
-19.482415	4.109193	-1.090453	0.118489	3.895187	-6.357313	8.984374	1.158534	-18.262876
-11.449479	7.538942	3.631505	-2.304210	5.485412	-7.371921	8.556403	1.132947	-18.264370
18.524946	0.503505	4.549294	-3.775104	6.786386	-8.342474	8.126009	1.108347	-18.265797
-16.206780	0.426274	4.539896	-3.780755	6.794256	-8.349094	8.122995	1.108179	-18.265806
-18.505235	0.348408	4.530252	-3.786358	6.802143	-8.355741	8.119967	1.108010	-18.265816
16.796883	-5.855631	1.623541	-3.941046	7.682362	-9.229726	7.711554	1.085631	-18.267104
-8.919385	4.448401	-2.807221	-3.185706	8.162281	-10.057622	7.303578	1.064122	-18.268332
-14.938167	4.652807	-2.981340	-3.135687	8.174682	-10.095252	7.284485	1.063135	-18.268388
2.209614	4.781067	-3.148390	-3.084749	8.186186	-10.132774	7.265397	1.062150	-18.268444
13.856993	-1.534634	-5.055852	-1.910851	8.232335	-10.889029	6.869224	1.042075	-18.269578
-13.740144	-2.939903	-4.612682	-0.785583	7.946743	-11.597979	6.475963	1.022814	-18.270655
-3.165551	0.553963	-2.456208	0.244408	7.310959	-12.327214	6.045852	1.002453	-18.271779
14.624149	1.580339	1.680007	0.970781	6.409923	-12.999383	5.622331	0.983071	-18.272834
-13.164599	1.529436	1.785141	0.981517	6.389991	-13.012039	5.614075	0.982700	-18.272855
-14.622250	1.475621	1.891184	0.992107	6.369982	-13.024674	5.605821	0.982328	-18.272875
14.172354	-1.331506	6.354827	1.309901	5.385338	-13.577068	5.233451	0.965816	-18.273759
-9.832849	0.058943	6.551376	1.304086	4.283824	-14.084429	4.868847	0.950076	-18.274587
-12.012771	1.583268	2.022712	1.050774	2.975428	-14.590315	4.478639	0.933669	-18.275432
8.729862	-1.904711	-4.285957	0.704021	1.600269	-15.042809	4.100704	0.918179	-18.276211
11.297370	-1.991745	-4.507004	0.690125	1.542494	-15.060384	4.085357	0.917558	-18.276242
-11.289378	-2.063587	-4.721244	0.676358	1.484628	-15.077882	4.070022	0.916938	-18.276272
-4.100730	-0.969589	-7.646727	0.431715	0.195685	-15.442408	3.736559	0.903598	-18.276922
12.450145	1.975021	-7.552261	0.370680	-1.086561	-15.762841	3.415986	0.891017	-18.277516
-10.866946	3.594156	-5.452157	0.530628	-2.430300	-16.059740	3.085701	0.878277	-18.278094
-15.003809	4.628840	-2.890470	0.875864	-3.698278	-16.306190	2.773266	0.866404	-18.278607
15.050788	4.693935	-2.793341	0.894325	-3.751595	-16.315835	2.760018	0.865904	-18.278628
-11.380588	4.759375	-2.698614	0.913030	-3.804708	-16.325383	2.746808	0.865405	-18.278649
-15.857510	4.297507	-1.115086	1.349514	-4.860117	-16.502486	2.480466	0.855403	-18.279054
11.372503	-2.597597	0.335319	1.849449	-5.807206	-16.638491	2.231396	0.846107	-18.279405
16.439088	-6.720795	2.252875	2.459769	-6.745386	-16.744338	1.968474	0.836310	-18.279742
-16.357503	3.049285	4.555577	3.066361	-7.511924	-16.797168	1.731417	0.827426	-18.280007
0.116794	3.183822	4.586248	3.073960	-7.520624	-16.797506	1.728536	0.827318	-18.280010
16.353323	3.316744	4.616913	3.081551	-7.529294	-16.797834	1.725660	0.827209	-18.280013
-16.184297	7.662705	6.573790	3.561087	-8.033101	-16.800245	1.545574	0.820358	-18.280182
-9.066119	2.833712	8.188252	3.975944	-8.392218	-16.764693	1.386606	0.814160	-18.280300
15.825505	-5.749416	9.407723	4.343795	-8.620953	-16.676093	1.229852	0.807793	-18.280372
0.544169	-8.220654	9.728697	4.575712	-8.662308	-16.535759	1.102608	0.802285	-18.280375
-15.754895	-8.199172	9.718777	4.582687	-8.660089	-16.528293	1.097628	0.802060	-18.280374
-2.858414	-8.170132	9.706682	4.589378	-8.657537	-16.520721	1.092704	0.801837	-18.280372
