7.311041	-8.653949	-8.250293	-4.446719	19.634806	-4.396953	0.601199	-4.910729
-6.910510	-8.685059	-8.234046	-4.456505	19.639443	-4.397134	0.601973	-4.911296
6.913856	-8.760226	-8.215324	-4.466163	19.643996	-4.397324	0.602748	-4.911865
-7.462770	-11.855473	-7.159914	-4.641011	19.721667	-4.403501	0.619707	-4.924406
3.162880	1.163543	-4.883162	-4.743499	19.758781	-4.413649	0.636922	-4.937331
8.697420	1.545386	-4.814332	-4.745057	19.759168	-4.413958	0.637362	-4.937664
-5.269861	1.921251	-4.745042	-4.746561	19.759527	-4.414271	0.637803	-4.937997
-10.268343	10.717990	-2.048471	-4.760738	19.750877	-4.427617	0.654170	-4.950473
12.055538	10.627640	0.484506	-4.683298	19.693084	-4.444441	0.670750	-4.963287
-14.749000	7.414242	2.552289	-4.459830	19.554658	-4.468233	0.690258	-4.978587
-15.710723	3.186920	3.534522	-4.072694	19.329559	-4.496491	0.710039	-4.994345
15.763591	2.920009	3.554085	-4.049467	19.316300	-4.497968	0.711002	-4.995119
7.635711	2.644669	3.571053	-4.025806	19.302812	-4.499456	0.711966	-4.995893
-16.334050	-2.406211	3.439364	-3.532947	19.025202	-4.527429	0.729112	-5.009770
5.992251	-4.524461	2.487674	-2.898043	18.669208	-4.558502	0.746448	-5.023985
15.926264	-2.351415	0.454899	-1.980391	18.127036	-4.599940	0.767571	-5.041555
-15.343893	1.886449	-1.667351	-0.948630	17.450094	-4.645642	0.788953	-5.059618
-11.406242	1.363143	-2.898446	0.074672	16.680898	-4.692359	0.809274	-5.077041
13.526787	-0.532409	-3.028139	1.100329	15.772993	-4.742624	0.829808	-5.094903
-4.065169	-0.534273	-3.026747	1.103109	15.770289	-4.742767	0.829865	-5.094953
-13.519144	-0.536104	-3.025346	1.105888	15.767584	-4.742910	0.829922	-5.095002
12.122289	0.199621	-1.979370	2.029063	14.756740	-4.794410	0.849827	-5.112561
-0.514132	0.732355	-0.083439	2.789804	13.604969	-4.848985	0.869916	-5.130526
-11.410295	0.688246	-0.013236	2.810196	13.565787	-4.850779	0.870561	-5.131107
-7.101817	0.638436	0.057438	2.830325	13.526417	-4.852578	0.871206	-5.131689
12.082511	-1.322291	1.990832	3.283039	12.280594	-4.907717	0.890587	-5.149267
-11.240594	0.713002	2.591630	3.387386	10.898920	-4.965494	0.910125	-5.167219
-16.164916	2.817713	1.495973	3.050573	9.232003	-5.031819	0.931734	-5.187343
18.024920	-1.328022	-0.813547	2.320162	7.428044	-5.101109	0.953516	-5.207919
-8.133879	-1.608256	-0.924833	2.276592	7.337394	-5.104547	0.954578	-5.208929
-18.142746	-1.883204	-1.034045	2.232365	7.246482	-5.107992	0.955640	-5.209941
18.661730	-3.943885	-2.348874	1.325122	5.544918	-5.172020	0.975095	-5.228589
-4.680620	0.963645	-1.749531	0.292609	3.774436	-5.238209	0.994675	-5.247593
-17.936504	4.315150	0.377968	-0.911208	1.587161	-5.320234	1.018288	-5.270828
7.624710	-3.764833	2.156754	-1.818121	-0.644396	-5.405120	1.042065	-5.294576
17.342236	-3.783008	2.159920	-1.820051	-0.650910	-5.405371	1.042134	-5.294646
-17.340692	-3.800869	2.163040	-1.821956	-0.657359	-5.405619	1.042203	-5.294715
-3.419611	-4.305043	2.309336	-2.163045	-2.555715	-5.479500	1.062417	-5.315188
16.429942	0.470955	0.842967	-2.052883	-4.446311	-5.555255	1.082738	-5.336030
-8.593448	4.288425	-1.354459	-1.479260	-6.655412	-5.647590	1.107011	-5.361272
-14.492499	2.274751	-2.456812	-0.648352	-8.787025	-5.742329	1.131416	-5.387037
14.488917	2.259731	-2.457863	-0.645937	-8.792732	-5.742592	1.131483	-5.387109
-0.570479	2.244496	-2.458914	-0.643496	-8.798498	-5.742859	1.131551	-5.387181
-13.354189	-3.134415	-2.243634	0.101551	-10.539827	-5.826350	1.152682	-5.409808
12.653001	-4.114953	-0.952081	0.745472	-12.163252	-5.911446	1.173897	-5.432823
10.914709	-0.194541	1.371425	1.218003	-13.810407	-6.008783	1.197805	-5.459123
-14.005405	3.475841	2.663660	1.281158	-15.236288	-6.107914	1.221800	-5.485912
-12.434194	3.472349	2.663528	1.279699	-15.245861	-6.108647	1.221976	-5.486110
14.030682	3.468163	2.663215	1.278209	-15.255420	-6.109381	1.222152	-5.486308
-11.862631	-0.051881	1.600605	0.920733	-16.286254	-6.196070	1.242869	-5.509763
-17.169289	-2.609694	-0.600114	0.327029	-17.145107	-6.283925	1.263637	-5.533580
17.404258	2.146885	-2.698141	-0.431168	-17.964228	-6.390626	1.288582	-5.562596
5.878676	0.252295	-2.130292	-0.978676	-18.573585	-6.498766	1.313584	-5.592133
-15.890289	0.237813	-2.124453	-0.980070	-18.575364	-6.499145	1.313671	-5.592236
9.732832	0.223213	-2.118546	-0.981471	-18.577157	-6.499527	1.313759	-5.592341
14.183573	-1.759783	-0.296611	-1.209051	-18.950083	-6.594091	1.335413	-5.618302
-13.241509	1.447805	1.525700	-1.205467	-19.196951	-6.689548	1.357094	-5.644651
-6.697544	2.044186	2.634598	-0.950061	-19.333995	-6.793974	1.380628	-5.673664
14.609382	0.349273	2.279070	-0.451333	-19.351022	-6.899244	1.404176	-5.703133
-6.229199	0.268067	2.229532	-0.421944	-19.349101	-6.904371	1.405319	-5.704575
-14.742370	0.189940	2.177571	-0.392145	-19.346941	-6.909500	1.406461	-5.706017
16.019922	-0.996261	0.844376	0.226987	-19.263568	-7.006916	1.428100	-5.733532
11.008172	-2.604613	-0.770649	0.871960	-19.108864	-7.104841	1.449735	-5.761431
-17.821079	-3.452429	-2.228503	1.485046	-18.866913	-7.215355	1.474030	-5.793235
11.803823	-1.283713	-2.710273	1.830759	-18.571528	-7.326259	1.498302	-5.825521
17.897148	-1.274490	-2.710208	1.831177	-18.570745	-7.326534	1.498362	-5.825602
-17.896426	-1.265250	-2.710139	1.831592	-18.569962	-7.326810	1.498422	-5.825682
-17.356391	2.435043	-2.353576	1.833435	-18.274680	-7.426152	1.520087	-5.854948
16.485319	3.833873	-1.528746	1.579482	-17.955907	-7.525608	1.541716	-5.884597
-14.003440	-0.334424	-0.361055	1.059184	-17.573326	-7.637825	1.566067	-5.918505
-14.539793	-3.461298	0.838368	0.366995	-17.167355	-7.749937	1.590354	-5.952901
14.538580	-3.459788	0.840989	0.365279	-17.166403	-7.750193	1.590410	-5.952980
1.490707	-3.458244	0.843575	0.363586	-17.165462	-7.750445	1.590464	-5.953058
-14.325113	-0.500660	1.806486	-0.343697	-16.779073	-7.851338	1.612302	-5.984493
-2.042659	1.335298	2.600389	-1.070155	-16.373379	-7.951936	1.634071	-6.016322
14.482362	1.933470	3.234058	-1.818696	-15.907472	-8.061490	1.657788	-6.051578
-13.710123	2.275762	3.578891	-2.446646	-15.418112	-8.170448	1.681404	-6.087304
-12.151069	2.272447	3.579381	-2.448072	-15.416800	-8.170732	1.681466	-6.087398
13.702413	2.269095	3.579869	-2.449497	-15.415489	-8.171016	1.681528	-6.087492
-7.162836	-0.276042	3.595678	-2.862767	-14.955665	-8.268270	1.702645	-6.119983
-9.359089	-2.131448	3.230726	-3.125703	-14.476062	-8.364843	1.723663	-6.152850
6.953022	0.566885	2.329086	-3.246610	-13.912929	-8.471837	1.747023	-6.190019
-2.000654	2.416567	1.242159	-3.190054	-13.317559	-8.577739	1.770239	-6.227655
-5.200162	2.389347	1.230289	-3.188373	-13.310535	-8.578949	1.770505	-6.228090
-6.004442	2.360388	1.218420	-3.186665	-13.303489	-8.580162	1.770772	-6.228526
7.006712	-2.212485	0.380590	-2.981139	-12.744583	-8.673902	1.791420	-6.262620
-11.683769	-2.758377	-0.352717	-2.631780	-12.165939	-8.766565	1.811936	-6.297084
-12.768548	2.125396	-1.147988	-2.097368	-11.520003	-8.865896	1.834063	-6.334941
15.365917	2.828725	-2.133456	-1.412713	-10.861345	-8.963731	1.856015	-6.373232
-11.881737	2.662477	-2.195809	-1.371945	-10.825746	-8.968937	1.857188	-6.375299
-15.535550	2.479328	-2.259233	-1.330754	-10.790107	-8.974141	1.858361	-6.377369
15.995650	-1.196540	-3.370141	-0.573956	-10.184053	-9.061583	1.878153	-6.412623
11.581630	-2.537908	-4.128348	0.288164	-9.576699	-9.147584	1.897781	-6.448233
-14.026486	-2.079027	-3.935055	1.344390	-8.901112	-9.241937	1.919526	-6.488472
-3.067137	-0.810821	-2.551770	2.377721	-8.234850	-9.334256	1.941048	-6.529153
13.272024	-0.734174	-2.496632	2.406128	-8.215566	-9.336924	1.941674	-6.530349
-6.415562	-0.654039	-2.440793	2.434388	-8.196296	-9.339590	1.942300	-6.531546
-13.456639	1.994914	-0.486309	3.198748	-7.622933	-9.418977	1.961042	-6.567752
14.224686	1.416949	1.696576	3.728956	-7.065542	-9.496597	1.979594	-6.604297
-5.787040	-2.052781	3.408957	3.920613	-6.441500	-9.584697	2.000959	-6.647304
-16.129068	-1.740185	3.020962	3.562155	-5.849988	-9.670148	2.022042	-6.690768
16.136975	-1.668918	2.998645	3.552178	-5.840504	-9.671537	2.022388	-6.691490
5.915773	-1.595079	2.975865	3.542069	-5.831012	-9.672928	2.022734	-6.692213
-16.337965	2.519858	1.289401	2.865807	-5.342661	-9.745258	2.040912	-6.730587
9.881881	-0.282537	-0.802900	1.989796	-4.877159	-9.815364	2.058856	-6.769302
16.519988	-3.027283	-2.233770	0.926653	-4.382455	-9.890509	2.078500	-6.812701
-16.659992	2.813110	-1.654694	-0.098292	-3.906334	-9.962677	2.097832	-6.856517
-4.083715	3.006392	-1.589333	-0.145750	-3.883783	-9.966076	2.098756	-6.858638
16.661108	3.166884	-1.521895	-0.192980	-3.861277	-9.969466	2.099677	-6.860759
-8.002813	1.290026	-0.091262	-1.020391	-3.450908	-10.030689	2.116548	-6.900054
-16.010427	-3.037651	1.027438	-1.734370	-3.047289	-10.089372	2.133154	-6.939676
15.215900	-1.723477	1.058955	-2.358159	-2.592429	-10.152852	2.151692	-6.985085
-1.931538	2.383133	0.260708	-2.769850	-2.136565	-10.212811	2.169865	-7.030909
-14.515292	2.424430	0.235775	-2.778678	-2.124057	-10.214397	2.170356	-7.032165
-3.395983	2.458507	0.210889	-2.787410	-2.111530	-10.215982	2.170848	-7.033424
14.401449	0.938525	-0.485537	-3.023915	-1.703475	-10.265766	2.186579	-7.074287
-14.884916	-1.392396	-0.737545	-3.211626	-1.288226	-10.312606	2.202008	-7.115470
-7.750853	-1.452349	-0.239135	-3.397865	-0.818048	-10.360866	2.218705	-7.161374
16.793864	-0.100982	0.683588	-3.460260	-0.333413	-10.405298	2.235008	-7.207659
-14.031121	0.937766	1.221461	-3.254141	0.178721	-10.446552	2.251218	-7.255259
-16.249586	0.655328	0.644871	-2.674262	0.711066	-10.483576	2.266994	-7.303248
16.211923	0.624028	0.620115	-2.657744	0.722987	-10.484340	2.267335	-7.304306
-4.581028	0.591314	0.594903	-2.641082	0.734919	-10.485102	2.267676	-7.305363
-14.032055	-0.846528	-0.806880	-1.818363	1.254027	-10.515616	2.282012	-7.350626
-0.432137	0.373311	-2.349336	-0.857517	1.794387	-10.542209	2.295945	-7.396225
12.074399	0.424625	-2.386543	-0.827243	1.811263	-10.542960	2.296365	-7.397625
-12.040105	0.474792	-2.422750	-0.796923	1.828179	-10.543707	2.296784	-7.399026
-8.348897	1.196205	-2.985829	0.136419	2.363098	-10.564971	2.309591	-7.442592
12.910523	0.625586	-2.441838	1.014488	2.920140	-10.582523	2.322015	-7.486452
-1.265050	-0.760459	-0.777646	1.867443	3.569170	-10.597608	2.335409	-7.535707
-16.531977	-2.334386	1.606942	2.525917	4.249470	-10.607843	2.348304	-7.585322
16.604452	-2.418983	1.757145	2.556522	4.289553	-10.608281	2.349030	-7.588184
5.458414	-2.501706	1.908268	2.586262	4.329746	-10.608703	2.349753	-7.591047
-17.230085	-2.598253	4.244573	2.927879	4.967518	-10.613123	2.360761	-7.635599
-4.416938	0.948985	6.076116	3.013732	5.633285	-10.613496	2.371352	-7.680431
15.910248	3.217435	6.568398	2.743164	6.427570	-10.608867	2.382918	-7.731931
-14.799945	-1.331260	4.618371	2.057557	7.253000	-10.598727	2.393914	-7.783783
-5.175065	-1.498101	4.497356	2.022951	7.286502	-10.598206	2.394341	-7.785861
14.733561	-1.653366	4.373648	1.987875	7.320040	-10.597676	2.394767	-7.787939
-14.342947	-3.068034	1.142173	1.125500	8.059117	-10.583862	2.403829	-7.833398
-13.355262	-3.991727	-2.620891	0.146836	8.806446	-10.565683	2.412441	-7.879117
14.743457	-3.196707	-6.683654	-0.996432	9.669719	-10.539084	2.421837	-7.932350
4.126363	0.873148	-9.304062	-1.999443	10.517699	-10.506399	2.430610	-7.985920
-14.887104	1.016610	-9.341708	-2.021782	10.538996	-10.505485	2.430826	-7.987291
3.913671	1.161804	-9.377640	-2.043924	10.560273	-10.504567	2.431041	-7.988661
14.665055	5.101243	-9.434965	-2.665039	11.274181	-10.470751	2.438139	-8.035619
-14.203533	1.932138	-7.082218	-2.981862	11.957112	-10.432131	2.444751	-8.082829
-11.514172	-6.040932	-2.994505	-2.995838	12.685588	-10.382380	2.451661	-8.136702
13.096062	-4.641458	0.657326	-2.702392	13.359615	-10.326229	2.457943	-8.190885
-8.936335	-4.115072	0.806788	-2.680907	13.391654	-10.323267	2.458239	-8.193589
-13.057202	-3.545256	0.952377	-2.658841	13.423530	-10.320290	2.458533	-8.196291
12.749203	6.809004	2.785034	-2.184246	13.958037	-10.265523	2.463440	-8.243751
-2.375010	3.388442	3.219251	-1.572004	14.445715	-10.205739	2.467875	-8.291439
-11.562733	-6.787322	3.421526	-0.761670	14.940586	-10.131520	2.472351	-8.345971
6.456533	-5.880138	4.827422	0.109979	15.368124	-10.050607	2.476223	-8.400786
10.628972	-5.457783	4.943566	0.161398	15.390909	-10.045678	2.476430	-8.403992
-0.791319	-5.003121	5.062387	0.212801	15.413451	-10.040726	2.476635	-8.407199
-10.105145	2.853747	7.078925	0.983992	15.725992	-9.962542	2.479505	-8.456091
10.274040	5.196507	9.075376	1.705285	15.979901	-9.878924	2.481904	-8.505194
-10.858000	0.204768	10.538169	2.408509	16.193904	-9.777342	2.484060	-8.561177
-11.967165	-3.727864	10.200113	2.935224	16.325547	-9.668551	2.485614	-8.617424
11.988837	-3.704055	10.132056	2.952815	16.329176	-9.663878	2.485666	-8.619764
-2.605740	-3.660288	10.059179	2.970057	16.332658	-9.659193	2.485716	-8.622105
-12.114126	-0.068719	7.580714	3.255336	16.371053	-9.557174	2.486544	-8.671690
2.307975	2.881547	4.039155	3.398914	16.340533	-9.449445	2.486914	-8.721467
11.394635	1.510635	-0.162643	3.404720	16.217339	-9.317246	2.486771	-8.779459
-11.603397	-2.959585	-3.763682	3.249927	16.005267	-9.177418	2.486017	-8.837697
-2.917793	-2.972187	-3.813476	3.246189	16.001173	-9.175110	2.485999	-8.838635
11.627877	-2.981045	-3.862872	3.242419	15.997066	-9.172803	2.485982	-8.839571
-12.695199	0.221198	-6.116344	2.979680	15.742022	-9.044030	2.484804	-8.890761
-11.139233	3.864081	-7.602887	2.609959	15.429640	-8.909623	2.483161	-8.942131
15.375560	2.786009	-8.510416	2.086610	15.024296	-8.754869	2.480810	-8.999027
8.016720	-4.203447	-8.724300	1.451900	14.561860	-8.593515	2.477897	-9.056127
-15.745121	-4.454943	-8.718651	1.421534	14.540280	-8.586258	2.477756	-9.058647
2.721244	-4.689656	-8.711764	1.390951	14.518588	-8.578982	2.477614	-9.061169
15.003849	-5.816152	-8.320157	0.736722	14.061347	-8.429633	2.474512	-9.112103
-8.704514	-1.228412	-7.486291	0.028031	13.569424	-8.275275	2.470970	-9.163190
-11.624887	5.063249	-6.060594	-0.814891	12.965714	-8.091327	2.466345	-9.222239
10.116742	6.762671	-4.236617	-1.634133	12.329407	-7.901009	2.461141	-9.281474
-10.067734	6.687435	-4.136791	-1.673507	12.296849	-7.891324	2.460866	-9.284442
-9.413654	6.596523	-4.036239	-1.712678	12.264227	-7.881623	2.460589	-9.287411
9.706184	3.234402	-2.168796	-2.357719	11.684388	-7.709427	2.455512	-9.339410
0.033125	-1.160208	-0.127377	-2.901511	11.090453	-7.532575	2.449996	-9.391542
-11.279910	-4.985914	2.371000	-3.353233	10.397658	-7.323992	2.443127	-9.451529
-5.119295	-5.093117	4.861729	-3.567478	9.699902	-7.109548	2.435684	-9.511678
12.688615	-5.001754	4.933375	-3.569740	9.678092	-7.102752	2.435442	-9.513560
-13.311731	-4.903490	5.004375	-3.571715	9.656285	-7.095951	2.435200	-9.515443
-13.751148	-0.343264	6.558683	-3.500416	9.041733	-6.901789	2.428132	-9.568621
14.357072	3.375719	6.578637	-3.156049	8.426867	-6.703293	2.420622	-9.621914
-14.004272	0.783340	3.951035	-2.418980	7.718993	-6.470643	2.411476	-9.683115
-14.601736	-1.678296	-0.489881	-1.433153	7.005250	-6.232583	2.401756	-9.744453
14.605984	-1.611304	-0.706008	-1.385904	6.973346	-6.221876	2.401310	-9.747183
3.342543	-1.523611	-0.922625	-1.338439	6.941404	-6.211151	2.400863	-9.749916
-14.837829	1.309383	-4.570327	-0.437482	6.343506	-6.009591	2.392336	-9.800832
-0.567439	0.460448	-6.320491	0.438256	5.738682	-5.804521	2.383419	-9.851833
16.510468	-1.380097	-5.761829	1.356549	5.002870	-5.554225	2.372219	-9.913066
-17.830021	1.432840	-3.128232	2.095833	4.253138	-5.299154	2.360463	-9.974408
-2.062536	1.497763	-3.045410	2.113020	4.232792	-5.292240	2.360140	-9.976057
17.897927	1.558464	-2.962501	2.130063	4.212434	-5.285323	2.359816	-9.977706
-15.190844	1.570331	-0.368488	2.606407	3.537538	-5.056464	2.348970	-10.031859
-19.305258	-0.144965	1.608955	2.912128	2.848230	-4.824121	2.337697	-10.086085
19.076877	-1.522067	3.348275	3.034145	2.098005	-4.573556	2.325252	-10.143775
-18.173922	-1.101328	4.966093	2.929597	1.328175	-4.319292	2.312330	-10.201538
-2.508438	1.154165	6.261117	2.544472	0.489245	-4.044455	2.298038	-10.263153
16.092623	1.398683	6.576448	1.867332	-0.364928	-3.765695	2.283208	-10.324839
-16.081132	1.316722	6.566360	1.841411	-0.392464	-3.756712	2.282725	-10.326814
-13.180973	1.227770	6.554895	1.815257	-0.420010	-3.747726	2.282241	-10.328789
16.184926	-1.712774	5.551699	1.025931	-1.177690	-3.500318	2.268785	-10.382859
-9.343383	-0.369333	2.941656	0.158023	-1.940808	-3.250129	2.254922	-10.436972
-17.614926	2.953240	-1.119815	-0.815130	-2.820528	-2.959415	2.238495	-10.499180
17.960924	1.478764	-4.663264	-1.627508	-3.699524	-2.665289	2.221533	-10.561434
9.275316	1.452929	-4.680271	-1.631555	-3.704715	-2.663539	2.221431	-10.561802
-17.960080	1.426911	-4.697219	-1.635592	-3.709905	-2.661789	2.221329	-10.562171
7.104905	-3.148437	-6.446318	-2.095833	-4.466080	-2.404776	2.206227	-10.616037
16.937082	-4.729975	-6.313560	-2.260217	-5.215745	-2.145419	2.190729	-10.669928
-16.280925	1.406508	-3.392293	-2.113401	-6.080462	-1.838918	2.172084	-10.733048
-8.793065	4.782308	0.657083	-1.691769	-6.921973	-1.529511	2.152902	-10.796185
15.802224	4.770949	0.727891	-1.681893	-6.937438	-1.523692	2.152538	-10.797367
-12.376444	4.756364	0.798341	-1.671940	-6.952916	-1.517862	2.152173	-10.798551
-15.156349	1.928466	3.521327	-1.156583	-7.654351	-1.247418	2.135102	-10.853272
14.030406	-1.222894	5.140177	-0.575230	-8.325149	-0.975006	2.117632	-10.907995
5.180133	-3.229024	5.538463	0.064638	-9.020786	-0.673548	2.097979	-10.968120
-11.734651	-1.870569	4.552058	0.634061	-9.666529	-0.369970	2.077849	-11.028236
5.149044	-1.697221	4.483269	0.658334	-9.695454	-0.355693	2.076894	-11.031053
11.731762	-1.513769	4.413260	0.682353	-9.724235	-0.341421	2.075938	-11.033869
-12.470053	2.197038	2.915608	1.103707	-10.265722	-0.058854	2.056867	-11.089426
-6.298849	1.080207	1.542983	1.409997	-10.752907	0.225285	2.037393	-11.144963
18.270989	-2.247988	-1.742173	1.570374	-11.637860	0.877791	1.991542	-11.271362
-1.718120	3.087206	-4.091120	0.821762	-12.203020	1.536710	1.943633	-11.397582
-15.144851	2.986727	-4.083419	0.817564	-12.204419	1.538923	1.943469	-11.398004
15.112207	2.884313	-4.075516	0.813336	-12.205820	1.541146	1.943305	-11.398427
1.148584	1.968888	-4.002516	0.777379	-12.217468	1.559815	1.941923	-11.401984
-14.555185	0.987377	-3.917867	0.740635	-12.228901	1.578488	1.940540	-11.405542
3.309878	0.315770	-3.854322	0.715419	-12.236494	1.591089	1.939606	-11.407941
14.198879	-0.325878	-3.785699	0.689876	-12.243990	1.603692	1.938671	-11.410341
-9.716907	-3.333362	-1.779456	0.187081	-12.363083	1.831407	1.921676	-11.453628
-11.955534	0.043278	1.127114	-0.344794	-12.453237	2.059644	1.904443	-11.496882
12.031369	3.174542	3.811339	-0.970279	-12.532481	2.363438	1.881190	-11.554268
-11.373279	-2.103655	2.676111	-1.376147	-12.570826	2.667836	1.857520	-11.611588
-10.740897	-2.233231	-1.013092	-1.545974	-12.572418	3.003697	1.830957	-11.674667
9.639529	1.764252	-3.758313	-1.438600	-12.537885	3.339683	1.803893	-11.737652
-1.983302	1.784049	-3.769452	-1.436114	-12.537366	3.343126	1.803613	-11.738297
-9.656328	1.802878	-3.780123	-1.433600	-12.536845	3.346569	1.803333	-11.738943
-0.868771	0.710257	-3.307987	-1.130886	-12.482290	3.636808	1.779526	-11.793310
14.197208	-1.758072	-1.438311	-0.683191	-12.409654	3.926569	1.755348	-11.847597
-17.451970	-0.618587	0.273951	-0.093047	-12.315132	4.240091	1.728700	-11.906398
-9.147830	2.667375	1.239846	0.542089	-12.209317	4.552396	1.701620	-11.965093
19.696616	2.710982	1.266722	0.572752	-12.204014	4.567432	1.700302	-11.967923
-7.205645	2.733745	1.291778	0.603381	-12.198694	4.582475	1.698982	-11.970755
-19.896519	0.674879	1.508867	1.177013	-12.093474	4.873905	1.673147	-12.025707
18.378838	-1.866305	1.585127	1.673138	-11.987625	5.163657	1.646937	-12.080555
6.423457	-4.481319	2.146394	2.062220	-11.876591	5.477180	1.617949	-12.140201
-13.427296	-4.360466	3.558401	2.225246	-11.775464	5.788014	1.588519	-12.199710
2.317569	-4.328071	3.574911	2.225510	-11.774474	5.791263	1.588208	-12.200334
13.394231	-4.294820	3.591408	2.225742	-11.773486	5.794513	1.587896	-12.200958
-12.670100	0.434983	4.776373	2.119064	-11.696671	6.066820	1.561495	-12.253465
-9.194944	4.813614	4.947317	1.738580	-11.632781	6.336483	1.534753	-12.305854
13.661132	4.226655	3.139726	0.991263	-11.573774	6.639515	1.503940	-12.365263
-5.159842	-3.245178	-0.010943	0.020142	-11.526164	6.938446	1.472689	-12.424510
-14.487613	-3.558438	-0.248224	-0.051926	-11.523209	6.958968	1.470511	-12.428603
14.529047	-3.799096	-0.485836	-0.124383	-11.520292	6.979469	1.468331	-12.432695
-1.681680	-1.826571	-3.353884	-1.063760	-11.485960	7.239053	1.440333	-12.484829
-14.890745	2.632863	-5.275880	-1.967427	-11.455430	7.494845	1.412001	-12.536822
4.059042	1.773273	-5.612098	-2.834837	-11.422524	7.780689	1.379390	-12.595749
13.526914	-1.461881	-4.777013	-3.423335	-11.388403	8.060936	1.346352	-12.654482
-3.086696	-1.499239	-4.757138	-3.431501	-11.387724	8.066179	1.345723	-12.655590
-13.479126	-1.534686	-4.737276	-3.439543	-11.387046	8.071411	1.345095	-12.656697
12.191514	-1.422512	-3.774382	-3.694175	-11.352761	8.315967	1.315276	-12.708870
-10.337686	0.233450	-2.711517	-3.708310	-11.312628	8.555514	1.285120	-12.760880
-10.386278	0.607218	-1.353956	-3.456287	-11.259163	8.811563	1.251742	-12.817594
8.757110	-0.423120	0.368887	-2.936363	-11.189678	9.060953	1.217965	-12.874101
11.234166	-0.407952	0.467751	-2.905616	-11.185910	9.072480	1.216372	-12.876746
-11.315487	-0.381086	0.568607	-2.874330	-11.182094	9.083983	1.214778	-12.879389
13.493989	0.533184	2.864543	-2.155935	-11.096619	9.304741	1.183591	-12.930725
12.257491	-1.444343	5.275092	-1.235781	-10.986248	9.519390	1.152077	-12.981880
-15.557274	-2.133991	6.396302	0.002171	-10.829247	9.748837	1.116923	-13.038110
-19.297812	1.752577	5.087278	1.432976	-10.628461	9.970164	1.081377	-13.094105
19.274243	2.123818	4.927401	1.523113	-10.614678	9.983358	1.079202	-13.097504
-14.432300	2.497648	4.758491	1.613349	-10.600704	9.996520	1.077025	-13.100901
-18.086066	4.918387	1.364903	2.914197	-10.373992	10.185128	1.045073	-13.150422
16.784635	-2.525598	-3.072621	4.086202	-10.101504	10.366767	1.012815	-13.199746
6.454187	-6.526909	-6.881580	5.102516	-9.719539	10.569352	0.974832	-13.256983
-15.462817	-2.596549	-6.678701	5.575741	-9.260793	10.761749	0.936436	-13.313941
4.122934	-2.478319	-6.647628	5.578579	-9.253374	10.764524	0.935863	-13.314784
15.449031	-2.358631	-6.615932	5.581293	-9.245951	10.767290	0.935292	-13.315625
-9.828513	4.692493	-3.843607	5.545852	-8.789626	10.921822	0.902418	-13.363671
-14.517041	5.367997	0.093246	5.157905	-8.271510	11.068503	0.869252	-13.411507
14.015144	0.039660	4.763558	4.282513	-7.572940	11.232951	0.829291	-13.468315
-4.073000	-2.030574	7.516950	3.021563	-6.794504	11.385477	0.788918	-13.524811
-13.648202	-2.048368	7.551579	2.981821	-6.771905	11.389527	0.787794	-13.526371
13.639375	-2.065798	7.583714	2.941838	-6.749252	11.393567	0.786671	-13.527930
7.333504	-2.450707	7.548913	1.607925	-6.027079	11.513192	0.751940	-13.575787
-13.181591	-1.979912	6.257606	0.128095	-5.259939	11.623600	0.716916	-13.623405
3.495981	-0.056067	4.622388	-1.612917	-4.348637	11.736679	0.677094	-13.676781
13.139875	2.029818	3.332507	-3.319281	-3.395800	11.837379	0.636902	-13.729843
-8.153425	2.134871	3.262573	-3.427625	-3.331790	11.843568	0.634243	-13.733327
-13.160460	2.226930	3.194637	-3.535280	-3.267638	11.849702	0.631581	-13.736809
13.251656	0.941508	2.382334	-4.913321	-2.382608	11.927543	0.595244	-13.784009
-12.933305	-4.744249	1.374718	-6.074147	-1.477691	11.994869	0.558626	-13.830949
-12.849499	-4.923085	-0.627107	-7.018836	-0.439335	12.057927	0.516948	-13.883644
11.252793	5.605439	-3.626832	-7.458122	0.607355	12.106838	0.474947	-13.935992
-0.949828	5.780663	-3.708218	-7.461580	0.633559	12.107877	0.473893	-13.937297
-11.225307	5.943269	-3.789683	-7.464644	0.659763	12.108907	0.472838	-13.938602
11.676312	-6.595828	-7.417464	-6.367782	2.651594	12.160320	0.391315	-14.038104
7.072965	-1.381480	-0.251852	-2.557095	4.534067	12.155312	0.308819	-14.136249
-13.656328	-0.040290	-0.034517	-2.450626	4.574628	12.154523	0.306941	-14.138456
-14.876317	1.298986	0.182290	-2.343585	4.615107	12.153704	0.305061	-14.140664
14.964247	2.661318	0.417984	-2.226177	4.659175	12.152775	0.303007	-14.143073
4.539988	3.838673	0.652362	-2.108239	4.703108	12.151809	0.300954	-14.145482
-16.147990	4.119497	4.095287	-0.114728	5.407440	12.130582	0.266982	-14.185112
15.840619	-3.053958	6.067233	1.863603	6.067648	12.099252	0.232884	-14.224506
6.080013	-2.579682	6.068243	4.178631	6.846065	12.043310	0.188522	-14.275199
-11.262621	0.833690	4.233713	6.029962	7.523174	11.969676	0.143988	-14.325480
-4.802401	0.839095	4.209500	6.046468	7.529655	11.968813	0.143522	-14.326003
11.233133	0.843463	4.185229	6.062914	7.536123	11.967947	0.143056	-14.326526
-10.390151	-0.615857	1.824637	7.233395	8.038651	11.886898	0.103306	-14.370898
-11.263910	-0.260276	-1.078763	7.922155	8.437808	11.791232	0.063454	-14.414930
11.409488	1.726649	-3.249159	8.078458	8.744130	11.669054	0.019609	-14.462868
-0.807991	-2.520071	-2.812437	7.543921	8.902918	11.528654	-0.024323	-14.510386
-10.261591	-2.665066	-2.744137	7.506386	8.906284	11.522638	-0.026089	-14.512286
10.188721	-2.796505	-2.672584	7.467581	8.909422	11.516597	-0.027853	-14.514183
-9.934449	4.392092	1.504545	4.263614	8.807000	11.190547	-0.113198	-14.605017
-9.886847	-0.173790	0.057948	-0.628189	8.262315	10.798857	-0.198639	-14.694201
-1.853923	-1.329780	0.014930	-0.733122	8.247316	10.790284	-0.200366	-14.695986
10.357345	-2.476786	-0.026567	-0.838046	8.232171	10.781686	-0.202092	-14.697770
-10.654886	-3.754417	-0.074850	-0.965732	8.213539	10.771185	-0.204194	-14.699941
-3.409297	-4.809251	-0.120482	-1.093358	8.194692	10.760645	-0.206295	-14.702110
15.865302	-1.471791	-0.481548	-3.136250	7.859356	10.584128	-0.240435	-14.737222
-18.786091	4.222824	-0.240690	-5.014117	7.472772	10.397811	-0.274555	-14.772058
-7.849761	1.212124	0.412539	-6.801147	6.894998	10.138148	-0.319389	-14.817454
15.996710	-2.935475	0.353016	-7.358144	6.249361	9.862301	-0.364151	-14.862364
-0.007838	0.059183	-0.740957	-6.698585	5.577214	9.583227	-0.406954	-14.904929
-11.992190	1.948726	-1.283878	-5.138171	4.859925	9.290104	-0.449651	-14.947032
3.004759	1.881781	-1.273337	-5.092004	4.842109	9.282850	-0.450681	-14.948044
12.022690	1.808275	-1.261334	-5.045565	4.824295	9.275597	-0.451710	-14.949054
-13.910783	-1.712541	0.185680	-2.978389	4.095655	8.978731	-0.492844	-14.989272
-12.913557	1.587018	2.221521	-0.748606	3.343249	8.669468	-0.533846	-15.029048
16.040727	1.638165	2.263498	-0.676297	3.318083	8.659039	-0.535199	-15.030355
-8.482934	1.675003	2.302456	-0.604216	3.292900	8.648597	-0.536551	-15.031661
-16.448865	-0.782244	2.206118	1.320100	2.571886	8.346303	-0.574929	-15.068598
15.394921	-2.053196	0.222795	2.925142	1.846168	8.033695	-0.613157	-15.105133
6.436299	2.728803	-3.008154	4.308561	1.023037	7.665209	-0.656528	-15.146276
-12.178810	3.102600	-4.232594	5.182060	0.213766	7.284132	-0.699666	-15.186886
12.153312	2.841419	-4.220757	5.206605	0.180851	7.268189	-0.701436	-15.188546
9.458009	2.556543	-4.203856	5.230199	0.147993	7.252236	-0.703204	-15.190203
-12.139812	-3.799763	-2.712428	5.511557	-0.541190	6.908838	-0.740628	-15.225165
-6.680115	0.536226	0.439935	5.387211	-1.212461	6.556493	-0.777845	-15.259709
12.467382	5.374577	3.888743	4.783438	-1.944116	6.148337	-0.819591	-15.298200
2.525667	-3.995382	5.115171	3.720398	-2.642710	5.729554	-0.861035	-15.336148
-11.847187	-4.554279	5.113909	3.644170	-2.682938	5.704421	-0.863480	-15.338379
11.800017	-5.067277	5.105214	3.566539	-2.723030	5.679251	-0.865924	-15.340608
10.510054	-7.077485	4.154169	2.268570	-3.305751	5.298478	-0.902353	-15.373723
-10.615704	-2.042142	1.990629	0.823793	-3.853781	4.909994	-0.938513	-15.406403
2.518566	5.521666	-0.890703	-0.803929	-4.432673	4.456928	-0.979495	-15.443211
11.443721	8.936568	-3.013832	-2.179947	-4.955436	3.994591	-1.020087	-15.479437
-8.608440	8.909376	-3.072302	-2.226249	-4.975030	3.975975	-1.021697	-15.480869
-11.535323	8.867678	-3.128575	-2.271796	-4.994541	3.957330	-1.023307	-15.482301
12.712298	6.122052	-3.864416	-3.028928	-5.387927	3.554748	-1.057633	-15.512742
-9.506034	4.112175	-3.936017	-3.283583	-5.732195	3.146017	-1.091645	-15.542746
-15.574872	3.190024	-3.494512	-2.871898	-6.079511	2.646240	-1.132150	-15.578280
17.008719	0.952208	-2.647742	-1.842646	-6.363227	2.138382	-1.172161	-15.613170
0.730940	0.789784	-2.615813	-1.804048	-6.371135	2.122543	-1.173391	-15.614240
-17.095362	0.619370	-2.583521	-1.765115	-6.379003	2.106682	-1.174622	-15.615309
13.286797	-5.503036	-1.565049	-0.608941	-6.578956	1.665827	-1.208408	-15.644602
19.088457	-8.022351	-0.318046	0.568702	-6.751199	1.219710	-1.241801	-15.673414
-15.395529	-0.242240	1.137655	1.672848	-6.922555	0.711310	-1.278922	-15.705283
-18.442562	5.897251	1.661510	2.267384	-7.080654	0.197018	-1.315507	-15.736530
18.359418	5.881597	1.641821	2.278626	-7.088392	0.171032	-1.317330	-15.738083
-18.272533	5.825480	1.616988	2.287870	-7.096121	0.145017	-1.319154	-15.739636
-14.885432	1.049145	0.575126	2.142579	-7.230048	-0.316803	-1.351127	-15.766802
14.107854	-3.525299	-0.759349	1.490060	-7.356719	-0.782620	-1.382645	-15.793467
9.374340	-0.510186	-1.282274	0.273318	-7.487774	-1.317166	-1.417938	-15.823193
-11.687143	1.901572	-0.191376	-1.199489	-7.600167	-1.856082	-1.452603	-15.852257
9.344537	1.818374	-0.131220	-1.242899	-7.603289	-1.872799	-1.453664	-15.853145
11.717072	1.722947	-0.069657	-1.285943	-7.606389	-1.889521	-1.454724	-15.854032
-12.729311	-1.907840	1.547522	-2.233049	-7.683004	-2.356483	-1.483990	-15.878463
-7.606983	0.897980	1.336857	-2.431200	-7.738792	-2.826070	-1.512761	-15.902394
15.209192	3.241872	-0.724995	-1.780742	-7.765239	-3.389147	-1.546408	-15.930275
1.403014	-4.073311	-2.589075	-0.490509	-7.703987	-3.955016	-1.579310	-15.957431
-15.052150	-4.142118	-2.602520	-0.457312	-7.701300	-3.967568	-1.580029	-15.958024
15.033841	-4.199886	-2.614125	-0.423926	-7.698546	-3.980137	-1.580750	-15.958618
5.691691	-0.226763	-1.830654	0.951069	-7.535415	-4.472225	-1.608618	-15.981536
-12.711649	5.217583	0.344409	2.294653	-7.246468	-4.965004	-1.635895	-16.003900
5.724889	0.131291	2.804659	3.459222	-6.739429	-5.518298	-1.665818	-16.028360
11.752092	-5.315515	4.384425	3.920553	-6.004047	-6.069726	-1.694953	-16.052105
-11.775461	-5.289321	4.419538	3.919385	-5.968859	-6.092038	-1.696119	-16.053054
-6.245663	-5.235111	4.452058	3.916461	-5.933237	-6.114343	-1.697283	-16.054002
12.644312	-0.315213	4.603828	3.436016	-5.084583	-6.584425	-1.721603	-16.073768
-12.952888	4.086658	3.924865	2.194534	-4.079230	-7.049980	-1.745313	-16.092999
-14.505384	4.821620	2.309725	0.038198	-2.720867	-7.599136	-1.772864	-16.115301
14.988279	0.184685	0.422912	-2.392262	-1.251830	-8.137321	-1.799502	-16.136822
1.006024	0.015577	0.371095	-2.454633	-1.212796	-8.151117	-1.800181	-16.137370
-15.009739	-0.154630	0.319146	-2.516783	-1.173775	-8.164888	-1.800858	-16.137917
10.580287	-5.093548	-1.519690	-4.423931	0.120635	-8.612632	-1.822791	-16.155611
15.643808	-4.046767	-3.536273	-5.861387	1.409715	-9.048994	-1.844028	-16.172727
-15.541796	5.992336	-5.225554	-6.548687	2.843882	-9.536347	-1.867649	-16.191752
-10.826331	4.993781	-5.228834	-5.825221	4.181294	-10.004178	-1.890304	-16.209995
14.451535	4.779050	-5.206361	-5.794475	4.207165	-10.013463	-1.890754	-16.210358
-8.613510	4.556332	-5.182949	-5.763125	4.232940	-10.022726	-1.891203	-16.210719
-12.567283	-6.901314	-3.303763	-3.868295	5.285488	-10.413833	-1.910202	-16.226023
10.611097	-5.753728	-0.158499	-1.211017	6.199843	-10.786517	-1.928428	-16.240717
-8.353699	5.533001	3.017806	1.954215	6.985929	-11.160088	-1.946907	-16.255636
-10.708243	6.785590	4.162273	4.962218	7.547648	-11.509253	-1.964482	-16.269856
14.555502	-6.223694	1.911999	7.470671	7.861797	-11.857131	-1.982434	-16.284429
-18.987264	-0.587859	-1.497135	8.767909	7.829520	-12.173335	-1.999290	-16.298172
-7.628017	-0.241979	-1.593095	8.785444	7.822169	-12.183073	-1.999819	-16.298605
19.176955	0.096455	-1.686968	8.801278	7.814413	-12.192769	-2.000347	-16.299036
-11.714383	4.913869	-3.109372	8.552427	7.465255	-12.437171	-2.013897	-16.310149
-18.589049	2.252514	-1.897090	6.947906	6.865737	-12.657107	-2.026604	-16.320638
16.035277	-4.282491	0.896936	3.854657	5.895498	-12.883395	-2.040421	-16.332144
2.465260	-3.697276	2.512996	0.240621	4.697085	-13.074678	-2.053035	-16.342777
-14.462082	-3.673268	2.527690	0.166033	4.670259	-13.078270	-2.053284	-16.342988
5.354381	-3.651463	2.541628	0.091477	4.643324	-13.081852	-2.053533	-16.343199
14.775623	-3.355950	2.491321	-2.859953	3.467358	-13.217131	-2.063403	-16.351647
-11.867957	-0.680264	1.448005	-5.428794	2.210497	-13.325278	-2.072344	-16.359433
-18.098519	3.932718	-0.445794	-7.672241	0.769466	-13.413022	-2.081164	-16.367296
18.931478	4.541879	-2.482542	-9.099947	-0.665686	-13.466138	-2.088801	-16.374329
-6.240829	4.123604	-2.589107	-9.159404	-0.756189	-13.468347	-2.089250	-16.374752
-18.912694	3.641410	-2.690372	-9.214717	-0.846425	-13.470412	-2.089693	-16.375171
18.121398	-4.099856	-3.234382	-9.554605	-2.064019	-13.484002	-2.095342	-16.380635
13.286705	-2.576124	-1.609509	-9.139821	-3.191629	-13.469144	-2.100025	-16.385432
-15.677288	2.469614	1.511406	-7.941636	-4.339699	-13.417212	-2.104188	-16.390062
-2.631333	-0.028197	4.018236	-6.194659	-5.342297	-13.327337	-2.107149	-16.393819
15.084327	-0.120924	4.072572	-6.134269	-5.371012	-13.323940	-2.107222	-16.393922
-15.074949	-0.208178	4.125172	-6.073580	-5.399585	-13.320505	-2.107294	-16.394023
-7.997782	-0.674105	4.804946	-4.211505	-6.167479	-13.204476	-2.108886	-16.396603
14.797848	0.318026	3.729277	-2.247123	-6.814549	-13.056644	-2.109546	-16.398466
-14.540374	-0.461149	0.994939	-0.016890	-7.391039	-12.854059	-2.109206	-16.399691
-14.471789	-0.119236	-2.821570	2.131662	-7.814137	-12.610749	-2.107750	-16.400022
14.238307	-0.045875	-2.946907	2.198462	-7.825298	-12.602145	-2.107684	-16.400018
11.228876	0.032035	-3.071581	2.265013	-7.836294	-12.593498	-2.107617	-16.400013
-14.136361	1.871663	-5.913660	3.960263	-8.071931	-12.341610	-2.105348	-16.399516
7.348724	-1.044025	-6.803149	5.371917	-8.183615	-12.057832	-2.102226	-16.398329
14.583855	-3.416545	-4.737437	6.549648	-8.157483	-11.699674	-2.097681	-16.396165
-14.897027	2.053588	0.161780	7.232496	-7.965503	-11.303454	-2.092068	-16.393137
-5.565166	2.276623	0.377069	7.248389	-7.954619	-11.287295	-2.091828	-16.393001
14.907605	2.489268	0.592326	7.263444	-7.943485	-11.271094	-2.091587	-16.392865
-12.450925	4.349988	5.149068	7.375613	-7.616387	-10.884458	-2.085611	-16.389378
-14.448067	1.585613	7.702861	7.017908	-7.151319	-10.470544	-2.078802	-16.385214
9.755208	-4.279087	7.328584	6.059064	-6.473561	-9.976930	-2.070208	-16.379762
13.407028	-4.874166	4.086365	4.639016	-5.647390	-9.452829	-2.060591	-16.373478
-13.394760	-4.699095	3.911395	4.576000	-5.612200	-9.431582	-2.060191	-16.373213
0.480123	-4.507219	3.733273	4.512497	-5.576802	-9.410274	-2.059789	-16.372947
13.243981	1.759285	-0.642682	3.000960	-4.742119	-8.922601	-2.050402	-16.366668
-8.170007	5.435554	-4.508201	1.395106	-3.839693	-8.414192	-2.040236	-16.359754
-13.290508	4.959095	-6.963310	-0.371363	-2.773711	-7.820496	-2.027907	-16.351247
13.438939	1.594438	-7.515366	-1.937240	-1.681483	-7.204215	-2.014617	-16.341956
-3.787559	1.307568	-7.496014	-2.022492	-1.614715	-7.165961	-2.013776	-16.341364
-13.471630	1.010884	-7.471081	-2.106365	-1.547965	-7.127629	-2.012932	-16.340770
14.405531	-7.738571	-4.003214	-4.061617	0.547242	-5.857743	-1.983931	-16.320148
-6.988697	-1.195639	2.625807	-4.594887	2.407148	-4.523337	-1.951365	-16.296613
-14.678746	-1.058001	2.712888	-4.592506	2.430431	-4.504456	-1.950889	-16.296267
-4.536117	-0.920947	2.799472	-4.589859	2.453662	-4.485544	-1.950412	-16.295919
14.604992	-0.555116	3.033109	-4.581280	2.516809	-4.433761	-1.949103	-16.294967
-12.899141	-0.214583	3.261837	-4.570747	2.579398	-4.381885	-1.947788	-16.294009
-13.223826	2.922670	5.257730	-4.347550	3.199892	-3.835151	-1.933739	-16.283749
10.345273	9.028117	6.219652	-3.930505	3.760556	-3.281570	-1.919145	-16.273044
-9.722841	0.317403	3.187368	-2.078273	4.986116	-1.786713	-1.877839	-16.242519
-9.835660	-6.968629	-1.921205	0.269506	5.887467	-0.266307	-1.832831	-16.208956
10.483185	-6.737118	-1.998984	0.324301	5.905753	-0.229528	-1.831703	-16.208111
6.390009	-6.271464	-2.073108	0.378779	5.923881	-0.192767	-1.830573	-16.207265
-11.804307	-5.470488	-2.143679	0.432897	5.941842	-0.156048	-1.829443	-16.206418
8.650237	-4.306621	-2.210930	0.486715	5.959659	-0.119324	-1.828310	-16.205570
13.219012	-2.590431	-2.290807	0.553787	5.981806	-0.073252	-1.826887	-16.204503
-15.080385	-0.921208	-2.365950	0.620355	6.003731	-0.027173	-1.825460	-16.203434
-19.120695	5.848543	-2.956592	1.312313	6.230047	0.478302	-1.809604	-16.191534
20.915513	-2.841966	-3.332506	1.918927	6.432351	0.983871	-1.793359	-16.179314
5.198685	-3.955572	-3.804321	2.611679	6.693141	1.731169	-1.768605	-16.160643
-18.392701	3.261847	-4.022422	2.993577	6.915105	2.475474	-1.743017	-16.141284
16.557369	2.613813	-2.936406	3.015727	7.104634	3.211268	-1.716735	-16.121344
5.760579	-3.021020	-0.917982	2.727918	7.266090	3.940298	-1.689649	-16.100739
-15.852270	-3.180867	-0.827712	2.710062	7.272300	3.970829	-1.688491	-16.099857
7.997326	-3.325209	-0.737731	2.691788	7.278464	4.001344	-1.687331	-16.098973
16.170587	-2.806417	1.012654	2.221468	7.397227	4.637902	-1.662667	-16.080164
-11.167259	2.743173	2.285875	1.619202	7.496502	5.266276	-1.637391	-16.060846
-17.759588	5.331409	2.759455	0.832491	7.587143	5.970109	-1.607873	-16.038240
18.203614	-2.771731	1.972606	-0.005540	7.655780	6.659703	-1.577579	-16.014990
-3.942979	-3.180319	1.911155	-0.046164	7.658592	6.692610	-1.576097	-16.013851
-18.208813	-3.569478	1.848217	-0.086741	7.661362	6.725479	-1.574613	-16.012711
17.887984	-7.434935	0.531830	-0.815791	7.705155	7.323504	-1.546976	-15.991456
12.854891	-7.632958	-0.704190	-1.477439	7.737669	7.907244	-1.518744	-15.969705
-15.579692	-5.350885	-1.479924	-2.084942	7.767703	8.547608	-1.486153	-15.944552
5.649522	-1.443075	-1.677132	-2.481812	7.799004	9.166067	-1.452822	-15.918782
14.259058	-1.329318	-1.676498	-2.489529	7.800011	9.183534	-1.451851	-15.918031
-14.231042	-1.216250	-1.675574	-2.497030	7.801028	9.201000	-1.450879	-15.917279
-5.254064	1.728284	-1.521523	-2.623738	7.837544	9.728112	-1.420684	-15.893894
13.638410	3.611067	-1.180883	-2.568298	7.885862	10.235020	-1.389924	-15.870038
-5.066824	4.756094	-0.678382	-2.325415	7.945540	10.772017	-1.355153	-15.843030
-14.313749	6.578796	-0.144393	-1.925468	8.000060	11.280604	-1.319708	-15.815457
14.327929	6.708266	-0.121430	-1.904480	8.002186	11.302642	-1.318108	-15.814212
2.873510	6.842160	-0.098635	-1.883267	8.004276	11.324604	-1.316508	-15.812966
-14.530713	9.423720	0.317102	-1.404786	8.037414	11.757730	-1.283692	-15.787401
0.567854	9.171396	0.601347	-0.854162	8.046613	12.164410	-1.250336	-15.761381
14.414036	6.966636	0.747111	-0.179732	8.017019	12.589389	-1.212105	-15.731519
-1.320840	4.669185	0.717542	0.515309	7.932630	12.977212	-1.173210	-15.701099
-14.049489	4.565547	0.714107	0.536012	7.929125	12.988225	-1.172036	-15.700180
14.035594	4.458249	0.710532	0.556676	7.925563	12.999193	-1.170863	-15.699261
-8.436476	-0.061356	0.545639	1.149100	7.791794	13.306166	-1.136069	-15.672012
-13.200628	-5.403891	0.281568	1.683246	7.595900	13.581890	-1.100776	-15.644341
13.101677	-8.260964	-0.107533	2.166323	7.285162	13.856858	-1.059941	-15.612287
-0.547407	-2.867775	-0.533176	2.461935	6.868102	14.088744	-1.018479	-15.579702
-13.399516	-2.692542	-0.541998	2.466136	6.857577	14.093379	-1.017556	-15.578976
-1.359555	-2.516475	-0.550769	2.470232	6.846994	14.097992	-1.016633	-15.578250
13.756814	4.119170	-0.838441	2.545790	6.376480	14.264873	-0.979583	-15.549097
-13.816170	7.366597	-0.931808	2.435330	5.812326	14.398568	-0.942064	-15.519546
-13.783540	7.737452	-0.673944	2.075025	5.086617	14.508403	-0.899864	-15.486272
13.305234	4.998105	0.037012	1.498892	4.272058	14.577884	-0.857104	-15.452520
-13.274782	4.682525	0.089549	1.458512	4.220701	14.580777	-0.854520	-15.450479
-10.514151	4.347423	0.142750	1.417553	4.169087	14.583526	-0.851934	-15.448437
12.913007	-1.317772	0.932107	0.777530	3.400678	14.607137	-0.814531	-15.418879
6.436539	-5.318609	1.601083	0.084702	2.590529	14.601118	-0.776726	-15.388977
-13.059470	-7.761035	1.906299	-0.744722	1.560108	14.553851	-0.730025	-15.352001
6.137727	-7.142771	1.349341	-1.466986	0.502768	14.463023	-0.682755	-15.314529
13.533410	-7.087380	1.338119	-1.474378	0.490583	14.461732	-0.682211	-15.314097
-13.539327	-7.030401	1.326796	-1.481747	0.478398	14.460436	-0.681667	-15.313665
-9.715418	0.293245	0.237826	-1.966296	-0.439019	14.346717	-0.640515	-15.280990
14.169960	7.431667	-1.118017	-2.289582	-1.349314	14.201190	-0.598993	-15.247958
-13.990552	6.623879	-2.524994	-2.417476	-2.327151	14.004753	-0.552945	-15.211236
-3.443035	-1.031536	-3.287077	-2.262720	-3.264430	13.770459	-0.506515	-15.174099
13.317816	-1.569362	-3.300646	-2.240119	-3.328163	13.752613	-0.503245	-15.171479
11.259257	-2.085133	-3.307847	-2.215908	-3.391596	13.734584	-0.499973	-15.168857
-12.549359	-5.950802	-2.782038	-1.799819	-4.141208	13.498734	-0.459756	-15.136570
9.853796	-4.340285	-1.015709	-1.210486	-4.829081	13.235405	-0.419309	-15.103989
11.497675	0.757386	1.722465	-0.397270	-5.531863	12.894369	-0.371945	-15.065683
-11.585489	3.518413	3.872727	0.448964	-6.105682	12.516653	-0.324333	-15.026994
-6.103195	0.333123	4.305214	1.227365	-6.530430	12.098330	-0.276037	-14.987544
12.816619	-1.971989	2.897022	1.838245	-6.782095	11.643254	-0.227558	-14.947720
-2.830018	-1.917948	2.813151	1.856771	-6.787864	11.626098	-0.225800	-14.946271
-12.862921	-1.850517	2.727034	1.875057	-6.793403	11.608880	-0.224041	-14.944821
13.332673	1.576252	0.206522	2.247827	-6.854915	11.162142	-0.179925	-14.908352
1.638813	1.238414	-2.019362	2.450953	-6.766208	10.685701	-0.135715	-14.871588
-13.572351	1.111019	-2.112611	2.456449	-6.757869	10.661348	-0.133525	-14.869761
0.063749	0.976872	-2.204132	2.461504	-6.749162	10.636941	-0.131336	-14.867934
13.554494	-1.701872	-3.643823	2.473464	-6.506461	10.146575	-0.088605	-14.832155
-9.880255	-1.372736	-4.379440	2.325141	-6.133751	9.629569	-0.045837	-14.796113
-12.751223	1.564081	-4.369737	1.974564	-5.562112	9.002523	0.003423	-14.754293
11.883987	3.231370	-3.864249	1.480583	-4.860514	8.344098	0.052663	-14.712140
-4.571684	3.162766	-3.839272	1.456792	-4.827769	8.315104	0.054781	-14.710319
-11.796283	3.078264	-3.814329	1.432836	-4.794852	8.286079	0.056898	-14.708498
6.695863	-0.778064	-3.277194	0.913159	-4.089121	7.687125	0.099751	-14.671481
10.240508	-4.109976	-2.554864	0.345818	-3.320147	7.068767	0.142538	-14.634223
-10.308297	-2.078870	-1.379943	-0.319630	-2.395500	6.349614	0.190747	-14.591865
11.356039	0.736244	-0.027104	-0.975422	-1.432987	5.611049	0.238807	-14.549213
8.376351	2.421109	1.201332	-1.578242	-0.465445	4.863810	0.286189	-14.506720
-14.093951	3.463084	2.036828	-2.098767	0.494932	4.103091	0.333360	-14.463955
-12.118431	3.506408	2.061452	-2.120384	0.539082	4.067408	0.335549	-14.461958
14.153529	3.549000	2.084586	-2.141740	0.583168	4.031703	0.337738	-14.459961
-9.910406	4.071037	2.196218	-2.519369	1.455056	3.306932	0.381775	-14.419549
-13.534873	3.723847	1.602027	-2.799768	2.281204	2.575207	0.425566	-14.378911
13.492019	3.671784	1.558304	-2.810876	2.321036	2.538431	0.427751	-14.376871
0.193410	3.614939	1.513644	-2.821668	2.360679	2.501668	0.429934	-14.374831
-12.683548	1.457460	0.552651	-2.962296	3.077031	1.804880	0.471076	-14.336168
5.737865	-2.271388	-0.400131	-2.965737	3.722591	1.106089	0.511944	-14.297317
12.830697	-2.855350	-1.052823	-2.769848	4.375327	0.292474	0.559142	-14.251861
-13.898670	2.579285	-0.841973	-2.328329	4.913530	-0.519587	0.605902	-14.206164
-10.201691	2.667621	-0.813059	-2.301879	4.935086	-0.556352	0.608012	-14.204086
13.990085	2.724103	-0.782680	-2.274863	4.956373	-0.593086	0.610119	-14.202009
-9.804065	-0.306888	-0.049331	-1.651791	5.311526	-1.289427	0.649965	-14.162458
-14.371513	-3.085636	0.480574	-0.822631	5.569368	-1.982198	0.689434	-14.122738
11.530358	4.495471	-0.324366	1.631415	5.758734	-3.624144	0.782485	-14.026760
5.725851	-6.200419	0.144931	3.135510	5.305044	-5.226426	0.872907	-13.929927
-12.463176	-6.081001	0.146860	3.136289	5.303519	-5.229565	0.873084	-13.929733
1.419256	-5.959635	0.148802	3.137062	5.301980	-5.232728	0.873262	-13.929538
12.783494	-3.407145	0.186290	3.149804	5.271629	-5.294068	0.876722	-13.925755
-6.712471	-0.625784	0.223061	3.158159	5.240372	-5.355327	0.880177	-13.921970
-13.189889	-0.002342	0.231417	3.159455	5.233015	-5.369483	0.880976	-13.921094
13.268248	0.597001	0.239692	3.160509	5.225622	-5.383613	0.881773	-13.920220
-14.967202	6.680737	0.443030	3.020456	4.917644	-5.907717	0.911343	-13.887549
-18.655144	-1.232424	0.308908	2.529339	4.554664	-6.425140	0.940565	-13.854795
19.609408	-2.843035	-0.243761	1.396804	3.967879	-7.145527	0.981331	-13.808270
5.835592	-3.756324	-0.750571	0.020616	3.323982	-7.850063	1.021341	-13.761588
-13.607166	-5.940206	-0.676798	-1.319485	2.648449	-8.543058	1.060893	-13.714357
3.803057	-5.496649	0.278465	-2.355509	1.978596	-9.216911	1.099604	-13.666983
9.890050	-5.474816	0.285583	-2.360433	1.974607	-9.220946	1.099837	-13.666694
-9.873472	-5.452678	0.292703	-2.365339	1.970619	-9.224980	1.100070	-13.666406
-8.232357	-0.374984	1.217538	-2.850348	1.414055	-9.798363	1.133268	-13.624776
8.836322	3.493261	1.452199	-2.807093	0.906835	-10.354832	1.165769	-13.583050
-9.264966	0.442373	0.247924	-1.989178	0.380543	-10.996884	1.203700	-13.533015
-13.399478	-1.948183	-1.577013	-0.691578	-0.057769	-11.611527	1.240557	-13.482858
13.405670	-1.943054	-1.580746	-0.688478	-0.058658	-11.612874	1.240639	-13.482745
-2.513905	-1.937789	-1.584523	-0.685338	-0.059558	-11.614238	1.240721	-13.482631
-15.733804	1.714533	-2.353275	0.462382	-0.371440	-12.121211	1.271633	-13.439253
-3.838122	0.090958	-1.016111	1.367081	-0.626786	-12.605341	1.301688	-13.395798
19.431730	-2.096731	1.505794	1.973947	-0.844822	-13.100220	1.333088	-13.348888
-16.463559	1.974995	3.432686	2.150092	-1.014212	-13.565862	1.363431	-13.301904
-19.762207	2.261633	3.495221	2.144884	-1.024782	-13.598023	1.365561	-13.298539
19.713059	2.515330	3.543518	2.137207	-1.035164	-13.630013	1.367684	-13.295176
-11.395539	2.483087	2.989929	1.842283	-1.154223	-14.023419	1.394228	-13.252314
-16.318169	-0.885281	0.890290	1.266413	-1.258775	-14.390177	1.419838	-13.209403
14.280657	-2.818178	-1.994564	0.438921	-1.376331	-14.768146	1.447393	-13.161272
7.679191	2.079285	-4.178288	-0.414897	-1.513689	-15.109837	1.473708	-13.113095
-13.151382	2.103055	-4.188067	-0.419690	-1.514601	-15.111750	1.473860	-13.112810
-5.498611	2.126517	-4.197807	-0.424479	-1.515516	-15.113662	1.474012	-13.112524
12.811671	2.219709	-5.302563	-1.076478	-1.675168	-15.391380	1.496838	-13.068653
-12.681079	-1.920743	-5.878598	-1.475859	-1.883175	-15.636687	1.518581	-13.024757
-9.280463	-1.762897	-5.955938	-1.508357	-2.181528	-15.865098	1.540942	-12.977057
12.471777	1.058924	-5.125880	-1.157420	-2.566106	-16.052509	1.561962	-12.929341
-4.442285	1.229188	-5.016324	-1.117937	-2.598937	-16.065253	1.563531	-12.925650
-12.489464	1.380445	-4.899857	-1.077044	-2.632132	-16.077737	1.565091	-12.921961
12.763081	2.047548	-3.129682	-0.552257	-3.018472	-16.198297	1.581734	-12.881297
9.995045	1.871533	-0.457710	0.042010	-3.427931	-16.286983	1.597354	-12.840636
-14.166309	-0.210359	3.228633	0.696833	-3.907772	-16.349028	1.614278	-12.793155
14.911164	-3.636806	5.876003	1.165082	-4.358008	-16.364992	1.629768	-12.745688
-15.295761	-2.125355	6.013747	1.298091	-4.749258	-16.333227	1.643880	-12.698028
-14.676246	4.221393	3.811481	1.009584	-5.057752	-16.252164	1.656558	-12.650399
15.284304	4.347639	3.668531	0.989031	-5.069138	-16.247474	1.657080	-12.648317
-15.279125	4.445313	3.521932	0.967941	-5.080342	-16.242688	1.657599	-12.646236
-13.206636	1.525783	0.005206	0.440009	-5.268780	-16.122268	1.667698	-12.603367
15.115863	-4.056434	-3.205756	-0.173173	-5.370455	-15.959921	1.676668	-12.560536
12.262407	-3.115131	-4.671396	-0.795820	-5.369113	-15.727715	1.685431	-12.512389
-15.580755	1.025580	-3.902441	-1.196347	-5.232412	-15.444123	1.692807	-12.464303
3.486236	1.146083	-3.834253	-1.207486	-5.223823	-15.431517	1.693079	-12.462347
15.617598	1.257919	-3.763727	-1.218227	-5.214997	-15.418839	1.693347	-12.460393
-16.064458	1.779039	-1.680448	-1.357532	-4.954601	-15.114129	1.698772	-12.416715
-13.470324	0.247690	0.863359	-1.304036	-4.578676	-14.770026	1.703085	-12.373103
16.391044	-0.741589	2.894589	-1.011371	-4.054296	-14.348612	1.706562	-12.325300
-8.325925	0.580438	2.829469	-0.461828	-3.439953	-13.883502	1.708743	-12.277592
-15.791159	0.603448	2.795855	-0.441466	-3.420477	-13.868935	1.708789	-12.276166
15.762954	0.623019	2.760605	-0.420864	-3.400927	-13.854317	1.708833	-12.274739
1.336865	0.006463	1.199064	0.251725	-2.801261	-13.405278	1.709634	-12.232572
-13.346117	-0.992781	-0.610953	0.916137	-2.173278	-12.924991	1.709453	-12.190492
-2.442393	-0.030215	-1.772061	1.418318	-1.446099	-12.340023	1.708065	-12.142547
11.074897	1.975380	-1.590472	1.450257	-0.735765	-11.718178	1.705439	-12.094732
-11.065740	2.033793	-1.566147	1.444377	-0.714031	-11.698062	1.705336	-12.093232
-10.107992	2.090849	-1.540860	1.438141	-0.692342	-11.677912	1.705233	-12.091732
11.318439	2.448279	-0.523135	1.144300	-0.111714	-11.108312	1.701904	-12.050369
-0.250306	-0.598250	0.809511	0.684918	0.432828	-10.513935	1.697676	-12.009114
-14.181842	-4.048448	1.773769	0.077587	1.019038	-9.794728	1.691660	-11.961368
11.864614	-1.626430	1.257785	-0.478255	1.555739	-9.046050	1.684475	-11.913780
15.598929	-1.399133	1.216316	-0.496437	1.574163	-9.018531	1.684195	-11.912067
-15.621492	-1.161667	1.173647	-0.514486	1.592537	-8.990954	1.683912	-11.910353
7.022685	5.678354	-0.095567	-0.903850	2.017122	-8.313480	1.676632	-11.868968
14.264328	7.646686	-1.393883	-1.195530	2.403624	-7.616672	1.668494	-11.827713
9.830206	-10.395452	-2.754080	-1.411981	3.159516	-5.934516	1.646403	-11.732586
-12.471450	11.881706	-3.371458	-0.802303	3.756195	-4.173368	1.619947	-11.638223
12.623711	11.873303	-3.392920	-0.781748	3.766567	-4.138725	1.619394	-11.636410
-4.275005	11.493332	-3.414847	-0.760854	3.776905	-4.104060	1.618840	-11.634597
-12.992171	10.102734	-3.441776	-0.735074	3.789392	-4.062008	1.618167	-11.632400
13.220690	7.410876	-3.468772	-0.708795	3.801831	-4.019924	1.617491	-11.630204
11.286068	3.903536	-3.495704	-0.681812	3.814317	-3.977484	1.616808	-11.627991
-13.734178	0.263384	-3.522040	-0.654305	3.826763	-3.934985	1.616122	-11.625777
17.911955	-11.776488	-3.630581	-0.228470	3.994749	-3.343306	1.606387	-11.595176
17.490508	2.614876	-2.820697	0.249095	4.156366	-2.745938	1.596213	-11.564663
-23.688847	10.568171	-0.276378	0.931446	4.389597	-1.851080	1.580333	-11.519591
-13.496278	0.320068	2.681280	1.412038	4.622451	-0.946990	1.563519	-11.474718
17.504331	-8.764333	4.026671	1.497909	4.864591	-0.029959	1.545675	-11.429773
-9.138186	0.537925	2.289940	1.062922	5.117637	0.892439	1.526921	-11.385035
-12.775929	0.895517	2.202385	1.042821	5.125396	0.920757	1.526332	-11.383668
12.676842	1.245668	2.113532	1.022378	5.133156	0.949106	1.525742	-11.382299
0.097979	7.716213	-0.634533	0.329694	5.349631	1.762780	1.508473	-11.343164
-12.131828	7.560144	-2.853228	-0.457124	5.543971	2.577588	1.490526	-11.304194
16.748410	-7.064277	-3.375228	-1.816915	5.823495	4.478700	1.446005	-11.213764
12.282242	3.101964	1.964084	-1.514669	5.723588	6.359934	1.397997	-11.124265
-15.767531	4.316480	2.046780	-1.486804	5.716133	6.403245	1.396841	-11.122196
-13.961102	5.359632	2.123871	-1.458058	5.708438	6.446532	1.395683	-11.120128
15.432957	5.983332	2.196984	-1.427608	5.700281	6.490986	1.394491	-11.118002
-3.948073	5.961446	2.263659	-1.396256	5.691874	6.535386	1.393298	-11.115879
-15.087124	5.487931	2.321407	-1.365436	5.683602	6.577797	1.392156	-11.113851
14.920906	4.801976	2.373408	-1.333784	5.675097	6.620184	1.391012	-11.111822
4.234634	-2.926831	2.493785	-0.691075	5.499672	7.319468	1.371791	-11.078250
-12.089045	-4.444413	1.564631	0.143223	5.258241	8.010457	1.352102	-11.044816
3.155170	-2.195936	-0.027533	1.167179	4.904286	8.778274	1.329335	-11.007258
13.325625	0.840086	-1.385506	2.039196	4.461291	9.531479	1.305997	-10.969880
-14.595860	1.790476	-1.610557	2.550788	3.845103	10.368567	1.278745	-10.927548
-2.854598	0.122651	-0.022466	2.404728	3.111695	11.181026	1.250784	-10.885454
15.133415	0.019040	0.065208	2.383017	3.075779	11.217473	1.249491	-10.883538
-9.002407	-0.084830	0.152225	2.360073	3.039674	11.253863	1.248197	-10.881623
-14.315285	-1.047348	1.384667	1.686637	2.306588	11.947204	1.222834	-10.844611
12.468376	1.162626	1.053166	0.652066	1.523965	12.616997	1.196943	-10.807790
1.955430	0.568684	-0.441456	-0.691134	0.619296	13.333175	1.167504	-10.767012
-8.811229	-1.859974	-1.445656	-1.950334	-0.292810	14.015862	1.137441	-10.726473
3.771352	-1.936681	-1.450033	-1.995943	-0.330005	14.043143	1.136193	-10.724814
8.803117	-2.006857	-1.450398	-2.040892	-0.367162	14.070363	1.134945	-10.723155
-9.754069	-1.337234	-0.608101	-2.850409	-1.187281	14.665229	1.106649	-10.686019
-9.466607	2.212520	0.906185	-3.207548	-1.965194	15.227723	1.077851	-10.649092
14.226491	2.832549	1.742097	-3.033083	-2.731661	15.794846	1.046314	-10.609588
-0.357841	-2.591343	0.676136	-2.279085	-3.408687	16.320156	1.014229	-10.570332
-15.622348	-2.725439	0.597035	-2.234477	-3.436597	16.342553	1.012787	-10.568589
15.642443	-2.833899	0.516386	-2.189089	-3.464308	16.364863	1.011344	-10.566846
1.990596	-0.897977	-1.212257	-1.111232	-3.990394	16.805433	0.981324	-10.530987
-14.225884	2.493796	-2.044434	0.126238	-4.423978	17.206856	0.950868	-10.495343
-11.176438	0.339546	-0.867596	1.487668	-4.782961	17.598074	0.917199	-10.456747
12.066505	-1.755789	1.143311	2.629608	-5.016331	17.940875	0.883041	-10.418408
-12.054622	-1.698898	1.223864	2.671031	-5.023639	17.954917	0.881519	-10.416719
-8.903658	-1.625052	1.302496	2.711478	-5.030682	17.968854	0.879998	-10.415032
12.291643	1.257756	2.308635	3.295643	-5.117074	18.233928	0.848636	-10.380574
-7.909729	1.123175	1.765293	3.334301	-5.089923	18.460498	0.816900	-10.346333
-14.542932	-0.469401	-0.143946	2.787561	-4.915706	18.673666	0.779937	-10.307202
16.261172	0.476797	-2.170049	1.787314	-4.602075	18.835805	0.742514	-10.268361
4.921934	0.497755	-2.205421	1.759266	-4.592966	18.839074	0.741609	-10.267431
-16.349597	0.516912	-2.239762	1.731069	-4.583788	18.842314	0.740703	-10.266500
6.204227	0.054682	-2.760018	0.624361	-4.203462	18.940189	0.707510	-10.232700
19.007487	-1.537188	-1.833831	-0.543683	-3.742469	18.998585	0.673991	-10.199129
-18.942955	-1.564142	0.573543	-1.722148	-3.154282	19.017063	0.636620	-10.162329
-17.674797	2.978458	2.895168	-2.580267	-2.498716	18.987121	0.598885	-10.125814
17.276348	3.122343	2.984273	-2.614387	-2.460573	18.984028	0.596775	-10.123790
-8.890461	3.234030	3.067003	-2.646827	-2.422275	18.980785	0.594663	-10.121767
-14.935842	1.129720	3.491195	-2.907855	-1.780178	18.906958	0.560206	-10.089015
12.843567	-4.173152	2.309088	-2.617091	-1.109260	18.793252	0.525496	-10.056502
6.189396	-2.798603	-0.252998	-1.814060	-0.359724	18.622799	0.487208	-10.021167
-11.129844	2.350396	-2.969195	-0.733409	0.384040	18.404200	0.448663	-9.986125
-4.467147	2.538366	-3.070448	-0.682774	0.416550	18.393387	0.446948	-9.984578
11.177405	2.717646	-3.169068	-0.632041	0.449026	18.382472	0.445231	-9.983030
-8.136486	4.327878	-4.385361	0.407399	1.109509	18.133438	0.409373	-9.950922
-13.710296	1.970685	-3.554060	1.319393	1.727700	17.842973	0.373339	-9.919069
14.937485	-2.804874	-1.002642	2.066365	2.329368	17.481674	0.334155	-9.884877
-4.738034	-4.140742	2.148618	2.478788	2.839555	17.071509	0.294814	-9.850992
-15.408328	-3.961035	2.333919	2.491147	2.867136	17.044997	0.292418	-9.848942
15.415553	-3.743087	2.516835	2.501929	2.894293	17.018304	0.290022	-9.846893
-1.215498	1.698765	4.717559	2.465901	3.241506	16.605447	0.254787	-9.816948
-15.092039	4.409837	5.282252	2.030923	3.485784	16.152926	0.219469	-9.787251
5.948062	-2.519789	3.092299	1.064731	3.639413	15.583373	0.178831	-9.753460
13.505187	-4.724873	-0.777247	-0.167287	3.661007	14.959514	0.138137	-9.720008
-13.442975	-4.426639	-0.963851	-0.225590	3.658882	14.929535	0.136266	-9.718479
-12.071209	-4.085555	-1.149573	-0.283783	3.656487	14.899460	0.134397	-9.716952
11.980169	4.610272	-4.170998	-1.321962	3.562420	14.316825	0.099496	-9.688582
-10.431964	4.350896	-5.589807	-2.145697	3.375673	13.693901	0.064592	-9.660463
-10.014484	-2.232979	-5.216479	-2.643416	3.037855	12.910836	0.023534	-9.627699
6.985746	-2.980339	-2.851955	-2.602086	2.575606	12.076100	-0.017474	-9.595293
8.551039	-2.857093	-2.695659	-2.588474	2.551846	12.036962	-0.019337	-9.593828
-8.568402	-2.723537	-2.535112	-2.573901	2.527846	11.997697	-0.021201	-9.592364
3.604002	0.506310	1.101587	-2.107742	2.013894	11.205371	-0.057806	-9.563716
10.975682	1.657483	4.368697	-1.349787	1.433925	10.375530	-0.094326	-9.535361
-12.531086	-1.235288	5.498446	-0.245909	0.733832	9.400746	-0.135224	-9.503862
-12.188357	0.402926	3.178190	0.999774	0.016830	8.383254	-0.175961	-9.472739
13.546528	0.409860	3.168326	1.003315	0.014811	8.380317	-0.176076	-9.472652
-10.384429	0.416775	3.158451	1.006856	0.012792	8.377379	-0.176191	-9.472564
-14.175763	1.211836	-0.276925	2.068446	-0.610216	7.437910	-0.212279	-9.445194
14.909953	-0.875917	-3.469507	2.921729	-1.192839	6.468339	-0.248194	-9.418128
6.989245	-1.769484	-5.246306	3.430601	-1.750436	5.389498	-0.286761	-9.389247
-16.911562	-1.466644	-4.309088	3.384903	-2.218825	4.279742	-0.325079	-9.360727
-1.789415	-1.410994	-4.148819	3.361070	-2.249857	4.196225	-0.327911	-9.358626
17.030276	-1.350487	-3.978864	3.334720	-2.280356	4.112586	-0.330741	-9.356527
-8.450692	-0.211000	-1.355014	2.837918	-2.607942	3.087170	-0.364898	-9.331262
-17.267724	1.699489	1.620144	2.089679	-2.856439	2.040397	-0.398811	-9.306296
16.049955	2.619626	4.182574	1.060913	-3.041359	0.811421	-0.437511	-9.277938
-1.347079	-2.529603	4.721047	-0.008897	-3.114603	-0.441432	-0.475838	-9.249981
-14.372924	-2.539401	4.719565	-0.012360	-3.114655	-0.445531	-0.475962	-9.249891
14.368319	-2.549066	4.718065	-0.015822	-3.114706	-0.449630	-0.476085	-9.249801
8.554471	-1.375295	3.757477	-0.958886	-3.081941	-1.588702	-0.510029	-9.225136
-13.371165	2.273585	2.424625	-1.855122	-2.954915	-2.742443	-0.543632	-9.200798
2.163744	2.087935	1.597855	-2.756612	-2.701606	-4.040407	-0.580637	-9.174073
14.875959	-0.979669	1.310744	-3.510293	-2.329991	-5.346311	-0.617164	-9.147762
-9.540437	-1.056140	1.306575	-3.525989	-2.319736	-5.377337	-0.618024	-9.147143
-14.929233	-1.131803	1.302433	-3.541574	-2.309415	-5.408364	-0.618884	-9.146524
15.964560	-2.395637	1.116477	-4.026959	-1.889662	-6.534294	-0.649891	-9.124233
-9.382866	0.474656	0.711680	-4.334941	-1.382815	-7.658279	-0.680504	-9.102253
-18.307264	3.022239	-0.089495	-4.415807	-0.672372	-8.998308	-0.716682	-9.076301
18.954400	-0.769810	-1.136452	-4.102089	0.115947	-10.319886	-0.752236	-9.050805
2.632240	-0.826071	-1.154416	-4.093042	0.129393	-10.341551	-0.752819	-9.050387
-18.957719	-0.880470	-1.172371	-4.083859	0.142846	-10.363209	-0.753402	-9.049969
0.567343	-1.828964	-2.045374	-3.422662	0.842958	-11.468132	-0.783223	-9.028578
17.163785	-2.190422	-2.649397	-2.386284	1.536972	-12.545170	-0.812548	-9.007525
-10.545844	-4.447132	-2.622460	-0.851672	2.272214	-13.708687	-0.844734	-8.984382
-11.346569	-1.537386	-1.553078	0.863065	2.927171	-14.819944	-0.876247	-8.961669
11.184991	-1.214126	-1.487264	0.943237	2.955124	-14.870352	-0.877700	-8.960620
-0.644926	-0.876984	-1.420786	1.023224	2.982815	-14.920625	-0.879152	-8.959572
-8.261533	4.637577	-0.174346	2.457172	3.449193	-15.838204	-0.906105	-8.940083
6.988427	2.403773	0.743428	3.647744	3.797838	-16.703537	-0.932503	-8.920929
-1.025264	-1.995040	1.301462	4.516785	4.026730	-17.666943	-0.963439	-8.898378
-10.880525	-4.272915	1.289593	4.514062	4.011364	-18.540601	-0.993518	-8.876316
1.472303	-4.280510	1.286391	4.508785	4.009839	-18.549041	-0.993821	-8.876094
10.952714	-4.287735	1.283124	4.503397	4.008286	-18.557471	-0.994123	-8.875871
-14.255241	-3.511478	0.772975	3.674570	3.776468	-19.236274	-1.019486	-8.857140
-16.740463	-0.026786	-0.068451	2.264194	3.364085	-19.839103	-1.044158	-8.838784
17.687298	4.036039	-0.741633	0.343551	2.742965	-20.402005	-1.070078	-8.819332
-0.378043	1.307521	-0.594975	-1.702454	1.971586	-20.866724	-1.095138	-8.800327
-16.156028	1.163442	-0.572272	-1.786885	1.936280	-20.884071	-1.096174	-8.799536
16.047862	1.026568	-0.548465	-1.871041	1.900739	-20.901247	-1.097210	-8.798746
10.403686	-0.510746	0.190102	-3.591766	1.067009	-21.233442	-1.119691	-8.781481
-9.623226	-1.118742	1.096151	-4.851317	0.158773	-21.472182	-1.141384	-8.764610
11.369149	-4.872866	1.998211	-4.602967	-2.008352	-21.647710	-1.187253	-8.728058
12.944284	5.329654	-1.172415	0.631546	-3.997836	-21.285675	-1.228818	-8.693553
-12.476993	5.380351	-1.182930	0.643126	-4.000956	-21.284512	-1.228889	-8.693493
-13.005723	5.431297	-1.193550	0.654803	-4.004099	-21.283337	-1.228960	-8.693432
13.723931	5.893598	-1.445111	0.925747	-4.076339	-21.255553	-1.230615	-8.692025
-8.699420	3.696271	-1.706224	1.196513	-4.147309	-21.226736	-1.232262	-8.690622
-14.542199	2.965425	-1.768736	1.260052	-4.163803	-21.219811	-1.232648	-8.690292
11.449979	2.233935	-1.831601	1.323528	-4.180224	-21.212829	-1.233034	-8.689963
16.974147	-6.496513	-3.888253	3.355441	-4.686965	-20.943918	-1.245776	-8.678998
-15.994912	4.000598	-4.958446	4.946464	-5.090506	-20.608255	-1.258043	-8.668266
-6.799146	8.353094	-3.118311	6.062675	-5.452563	-19.994238	-1.275148	-8.652976
8.707262	-2.143413	2.974515	5.735671	-5.495306	-19.236931	-1.291247	-8.638192
-11.821987	-11.387909	8.795728	4.104520	-5.221818	-18.339979	-1.306421	-8.623843
-13.313639	-3.040675	9.626096	1.427644	-4.670850	-17.317458	-1.320590	-8.610012
13.338167	-2.995209	9.620493	1.418729	-4.668863	-17.314273	-1.320630	-8.609972
-12.188773	-2.950132	9.614904	1.409902	-4.666894	-17.311121	-1.320670	-8.609932
-23.093918	10.936591	5.959923	-1.418703	-3.973929	-16.297334	-1.332502	-8.597995
6.279953	14.629230	-0.947840	-4.151512	-3.127062	-15.199138	-1.343540	-8.586479
50.238732	-14.267478	-13.711017	-7.404464	-0.784661	-12.401269	-1.365891	-8.561652
-20.459802	2.158139	5.959035	-3.704338	1.752032	-9.291347	-1.384148	-8.539075
-2.021220	2.447183	6.000884	-3.694181	1.756202	-9.285899	-1.384175	-8.539039
20.249381	2.734431	6.042333	-3.684106	1.760334	-9.280499	-1.384202	-8.539004
-18.370974	7.375986	6.764543	-3.506133	1.832756	-9.185576	-1.384675	-8.538376
-9.223783	10.095933	7.475159	-3.326224	1.904921	-9.090467	-1.385145	-8.537751
15.417035	10.858561	7.853367	-3.228360	1.943768	-9.039049	-1.385398	-8.537414
-14.426710	11.296905	8.227806	-3.129914	1.982570	-8.987530	-1.385649	-8.537078
-12.481584	-10.230354	14.429114	-0.983053	2.779948	-7.887629	-1.390727	-8.530106
4.526227	1.821552	15.504122	1.125192	3.522711	-6.767562	-1.395356	-8.523389
-10.737251	7.976235	9.479093	3.666705	4.445593	-5.154259	-1.401149	-8.514321
-6.890393	-0.963392	-1.527394	5.551261	5.171578	-3.517192	-1.406056	-8.505769
14.724402	-6.030360	-11.115603	6.675348	5.641890	-1.902594	-1.410005	-8.497908
-4.043090	0.553478	-14.594508	7.000821	5.832487	-0.283829	-1.413120	-8.490546
-14.316678	4.476534	-12.724477	6.440952	5.720639	1.393007	-1.415480	-8.483429
15.083634	-3.664937	-8.239096	5.161268	5.318135	3.056384	-1.416954	-8.476857
-4.268031	-3.736643	-8.067219	5.103204	5.298190	3.117727	-1.416991	-8.476623
-15.161770	-3.766906	-7.896657	5.044501	5.277910	3.179041	-1.417028	-8.476391
15.983274	2.039614	-4.203823	3.494448	4.704097	4.625774	-1.417540	-8.471092
-7.065676	3.095893	-0.923968	1.757805	3.975315	6.052306	-1.417375	-8.466220
-15.476489	-1.870407	2.749134	-0.313940	2.955315	7.711836	-1.416310	-8.461000
-0.273777	-3.469262	5.680104	-2.137567	1.817668	9.330619	-1.414311	-8.456384
14.193284	-3.459827	5.689091	-2.143804	1.813095	9.336814	-1.414301	-8.456367
-9.756147	-3.450172	5.698124	-2.150079	1.808487	9.343054	-1.414292	-8.456350
-13.669632	0.108965	7.105156	-3.286007	0.800089	10.668227	-1.411883	-8.452936
14.479429	1.804207	7.393021	-3.891513	-0.217318	11.952452	-1.408825	-8.449953
-11.151110	4.350480	6.302514	-3.832226	-1.387760	13.415253	-1.404361	-8.446972
-19.327158	5.923378	3.968916	-3.118851	-2.458741	14.803207	-1.399003	-8.444599
19.339776	5.922238	3.949934	-3.112436	-2.465455	14.812246	-1.398964	-8.444585
0.203106	5.920870	3.930830	-3.105974	-2.472192	14.821321	-1.398925	-8.444571
-20.370946	3.313669	1.274505	-2.143437	-3.279505	15.962955	-1.393516	-8.443003
5.311719	-3.839667	-1.187168	-1.032922	-3.943540	17.034129	-1.387442	-8.441896
19.288639	-6.403955	-2.668585	0.188821	-4.495035	18.152644	-1.379790	-8.441199
-17.266389	3.350581	-2.031692	1.108155	-4.809436	19.168979	-1.371313	-8.441089
-12.035883	3.376521	-2.027250	1.110489	-4.810043	19.172114	-1.371284	-8.441090
17.249822	3.402292	-2.022798	1.112818	-4.810647	19.175248	-1.371255	-8.441090
-14.697781	5.183095	-0.699203	1.562493	-4.869008	19.974124	-1.363195	-8.441475
-13.912253	1.031805	0.284683	1.625524	-4.709767	20.689763	-1.354525	-8.442302
6.992344	-3.141113	0.638717	1.208170	-4.260624	21.395094	-1.344059	-8.443759
7.975877	-2.499214	0.141874	0.438754	-3.554181	21.995752	-1.332846	-8.445770
-7.969665	-2.344648	0.115882	0.406349	-3.523193	22.016448	-1.332407	-8.445857
5.995658	-2.181818	0.089925	0.373857	-3.491933	22.036995	-1.331967	-8.445945
8.562723	1.290275	-0.334144	-0.353427	-2.712772	22.465439	-1.321642	-8.448164
-9.652298	-0.199174	-0.080684	-0.926745	-1.837236	22.816738	-1.310779	-8.450791
-3.549046	-0.654580	0.616531	-1.231073	-0.774851	23.124033	-1.297734	-8.454287
12.049250	0.382573	0.719921	-1.070963	0.299367	23.332040	-1.284014	-8.458309
-8.269677	0.414269	0.696865	-1.048935	0.353758	23.340030	-1.283294	-8.458529
-12.185976	0.441219	0.670640	-1.025535	0.408043	23.347761	-1.282572	-8.458751
13.531687	0.811024	-0.189163	-0.455270	1.316600	23.440234	-1.269921	-8.462759
-3.998760	2.106168	-1.347408	0.271579	2.160307	23.457145	-1.256771	-8.467167
-17.009383	0.679338	-1.842544	1.014073	3.010019	23.383542	-1.241018	-8.472734
-0.938495	-4.282836	-0.976546	1.454989	3.681795	23.210929	-1.224628	-8.478820
18.010358	-4.306910	-0.901694	1.467814	3.707896	23.200501	-1.223851	-8.479115
-18.012132	-4.292905	-0.823861	1.479988	3.733483	23.189868	-1.223072	-8.479412
-7.947938	1.021255	1.002386	1.596079	4.115111	22.951283	-1.208229	-8.485176
15.406607	6.321211	2.830141	1.518026	4.291973	22.639289	-1.192921	-8.491325
-6.885144	0.271770	3.881931	1.194858	4.222335	22.186645	-1.174444	-8.498998
-10.170702	-7.816490	3.534390	0.648410	3.857245	21.644195	-1.155355	-8.507186
10.117129	-7.912408	3.500384	0.629214	3.841863	21.626234	-1.154762	-8.507445
-1.083087	-7.993506	3.464969	0.609932	3.826265	21.608211	-1.154168	-8.507704
-9.249552	-5.604589	1.916517	0.031794	3.291692	21.061584	-1.137014	-8.515280
3.852182	0.860446	-0.355854	-0.543918	2.609490	20.453764	-1.119415	-8.523236
10.907722	7.288528	-3.042798	-1.083945	1.712399	19.700004	-1.099078	-8.532644
-11.243791	7.515022	-5.105098	-1.393241	0.731394	18.877082	-1.078201	-8.542521
-12.318185	7.304545	-5.171867	-1.399425	0.688884	18.840827	-1.077307	-8.542949
12.356921	7.072693	-5.236723	-1.404972	0.646326	18.804458	-1.076411	-8.543377
-0.389158	-0.640510	-6.008365	-1.355912	-0.251862	18.016436	-1.057435	-8.552548
-12.128730	-5.603198	-5.083244	-0.970993	-1.147883	17.181044	-1.038056	-8.562075
10.910101	0.075055	-1.526503	-0.324914	-2.109210	16.207837	-1.016216	-8.572995
3.791391	3.384685	2.834489	0.311633	-3.003822	15.184963	-0.993912	-8.584333
-9.499424	3.205773	3.118721	0.351264	-3.065833	15.107906	-0.992254	-8.585183
-9.778086	2.951158	3.392737	0.389397	-3.127241	15.030604	-0.990594	-8.586035
10.073373	-2.703036	5.603514	0.695063	-3.816636	14.075765	-0.970298	-8.596528
-11.724416	-2.411008	5.011137	0.645943	-4.387741	13.088294	-0.949658	-8.607340
-9.776747	2.771307	1.265229	0.305422	-4.868617	11.950734	-0.926215	-8.619781
16.727724	2.997006	-2.399599	-0.108411	-5.178009	10.780386	-0.902371	-8.632601
-3.383806	2.664366	-2.557116	-0.129731	-5.190655	10.711309	-0.900970	-8.633359
-16.886604	2.295714	-2.706235	-0.150444	-5.202704	10.642135	-0.899568	-8.634118
17.261114	-3.459380	-3.702058	-0.360757	-5.313624	9.526175	-0.877028	-8.646401
-3.242503	-0.294221	-1.888900	-0.271772	-5.265909	8.389109	-0.854167	-8.658994
-15.411050	3.983521	0.934488	0.053217	-5.011545	7.121423	-0.828747	-8.673150
-6.152086	-1.453191	1.959024	0.433805	-4.535661	5.834942	-0.802974	-8.687660
14.507122	-1.524166	1.959253	0.437847	-4.528766	5.819821	-0.802671	-8.687832
-14.500003	-1.594445	1.959246	0.441882	-4.521821	5.804657	-0.802367	-8.688004
-14.058428	-3.733570	1.330809	0.676681	-3.878634	4.609440	-0.778417	-8.701625
13.876675	0.454635	-0.011767	0.649187	-3.037425	3.402581	-0.754195	-8.715527
-13.246899	3.286433	-0.892018	0.149707	-1.894140	2.069321	-0.727353	-8.731076
-9.212880	-0.292999	-0.118486	-0.839799	-0.563970	0.728619	-0.700220	-8.746938
12.186600	-0.395242	-0.091942	-0.862570	-0.533796	0.699663	-0.699631	-8.747284
1.512051	-0.497039	-0.065277	-0.885311	-0.503531	0.670665	-0.699042	-8.747630
-11.129941	-3.512750	0.853556	-1.682081	0.809363	-0.555159	-0.674020	-8.762388
-0.880808	-2.374967	0.663944	-1.873510	2.145866	-1.777831	-0.648785	-8.777387
9.736269	5.187649	-1.833171	-0.327462	4.966382	-4.496763	-0.591237	-8.812010
-12.048471	-4.077620	-1.504905	2.488595	7.115276	-7.126077	-0.532844	-8.847699
-10.107364	-4.111259	-1.499920	2.492173	7.117488	-7.129521	-0.532765	-8.847747
12.059169	-4.144956	-1.494920	2.495749	7.119698	-7.132966	-0.532686	-8.847796
-10.153069	-5.138920	-1.336468	2.602817	7.185497	-7.236942	-0.530305	-8.849263
-12.388148	-5.895333	-1.163554	2.707805	7.249360	-7.340695	-0.527922	-8.850731
12.204572	-6.016272	-1.117618	2.733935	7.265158	-7.366827	-0.527321	-8.851102
12.470499	-6.105499	-1.070733	2.759919	7.280829	-7.392944	-0.526720	-8.851472
-13.708386	1.421357	0.943084	3.545301	7.740041	-8.283289	-0.505975	-8.864299
-9.043173	5.919653	2.988318	4.041459	8.028412	-9.154500	-0.485157	-8.877236
15.192602	1.590101	4.311392	4.055073	8.119471	-10.273440	-0.457558	-8.894486
-15.243640	-4.844485	3.765717	3.168638	7.881139	-11.355465	-0.429860	-8.911909
-8.341728	-2.312698	1.142662	1.555164	7.332755	-12.424384	-0.401421	-8.929910
14.431285	3.264155	-2.326287	-0.432684	6.521686	-13.453618	-0.372913	-8.948069
-2.741802	3.402826	-2.467330	-0.524447	6.480198	-13.498503	-0.371642	-8.948881
-14.394523	3.523910	-2.605640	-0.616243	6.438284	-13.543307	-0.370372	-8.949693
14.098305	2.940609	-4.811220	-2.458372	5.490005	-14.445686	-0.344262	-8.966431
6.370132	-0.002852	-5.807011	-4.039625	4.398668	-15.313914	-0.318125	-8.983279
-13.733321	-2.766944	-5.424354	-5.240271	3.040940	-16.250880	-0.288656	-9.002385
-1.598022	-2.743744	-3.362111	-5.764332	1.595749	-17.143322	-0.259190	-9.021605
13.551991	-2.700971	-3.283572	-5.769674	1.553415	-17.168309	-0.258343	-9.022159
-13.547399	-2.656067	-3.204208	-5.774488	1.511052	-17.193260	-0.257496	-9.022713
-9.358079	-0.419306	-0.499524	-5.676444	0.201311	-17.940650	-0.231526	-9.039753
13.519156	2.610040	2.242338	-5.141232	-1.112777	-18.652411	-0.205590	-9.056860
-13.841970	4.339196	4.508711	-4.053886	-2.606782	-19.423891	-0.175921	-9.076538
-12.036985	-0.658752	5.025730	-2.553245	-4.068800	-20.147367	-0.146334	-9.096277
14.099543	-0.808557	5.017965	-2.521728	-4.096260	-20.160704	-0.145770	-9.096655
7.207312	-0.959857	5.009554	-2.490079	-4.123745	-20.174044	-0.145206	-9.097032
-13.817221	-5.973366	3.942827	-0.949419	-5.375017	-20.773252	-0.119060	-9.114577
-0.789506	0.052424	1.779476	0.662735	-6.570527	-21.333776	-0.093009	-9.132148
11.985041	7.702849	-0.867431	2.415528	-7.819941	-21.912356	-0.064104	-9.151752
-4.809789	2.677609	-2.646412	3.981752	-8.962925	-22.441689	-0.035354	-9.171364
-11.535592	2.595779	-2.658784	3.996203	-8.973920	-22.446810	-0.035063	-9.171563
11.537644	2.514292	-2.671003	4.010578	-8.984870	-22.451911	-0.034773	-9.171762
4.374382	-3.951439	-3.298467	5.143719	-9.913273	-22.889248	-0.008773	-9.189598
-13.889055	-7.691878	-3.006237	5.911698	-10.722270	-23.284809	0.017065	-9.207419
15.856383	-8.639969	-1.807290	6.338524	-11.450345	-23.667600	0.045009	-9.226800
7.933410	-9.850899	-0.123762	6.406334	-12.001656	-23.999803	0.072724	-9.246136
-17.581021	-9.839679	-0.100658	6.405210	-12.007664	-24.003829	0.073086	-9.246390
1.303273	-9.827082	-0.077559	6.404038	-12.013640	-24.007847	0.073449	-9.246643
18.623695	-5.817103	1.348400	6.232533	-12.338000	-24.254955	0.097395	-9.263446
-19.114425	2.694985	2.190254	5.921891	-12.522976	-24.463616	0.121138	-9.280194
-8.669596	7.922874	1.717623	5.439854	-12.572298	-24.659471	0.148746	-9.299783
17.827512	4.027436	-0.449098	4.767044	-12.452988	-24.802052	0.176038	-9.319271
3.180228	3.515142	-0.571564	4.725505	-12.442537	-24.807946	0.177433	-9.320270
-17.665636	2.976909	-0.692480	4.683192	-12.431676	-24.813699	0.178826	-9.321269
16.133776	-5.131968	-2.144438	3.849326	-12.190861	-24.889406	0.201983	-9.337916
12.634574	-2.779815	-1.775937	2.755919	-11.842994	-24.927456	0.224875	-9.354467
-14.142508	2.574697	0.278720	1.248593	-11.320812	-24.926522	0.250810	-9.373337
9.134081	-1.555456	2.308389	-0.398954	-10.677418	-24.879933	0.276368	-9.392056
14.645428	-1.677268	2.340381	-0.466535	-10.648994	-24.877119	0.277394	-9.392810
-14.684047	-1.778119	2.366054	-0.534160	-10.620369	-24.874230	0.278420	-9.393564
-8.285469	-0.144783	1.607374	-1.973093	-9.957923	-24.794545	0.300465	-9.409817
16.717285	1.973861	-0.413904	-3.276499	-9.218383	-24.683001	0.322203	-9.425933
-5.134358	-2.668506	-2.227162	-4.434908	-8.287141	-24.518188	0.346679	-9.444187
-17.927567	-3.565658	-2.417949	-5.055697	-7.277816	-24.315702	0.370728	-9.462235
17.933258	-3.440467	-2.400008	-5.061126	-7.257954	-24.311488	0.371182	-9.462578
6.992340	-3.308348	-2.381173	-5.066295	-7.238073	-24.307260	0.371637	-9.462920
-18.266402	4.301946	-0.898820	-5.033397	-6.282861	-24.094068	0.392829	-9.478921
-0.980909	-0.254456	0.552152	-4.529551	-5.294966	-23.853875	0.413659	-9.494734
20.141944	-5.195647	1.550567	-3.530041	-4.153712	-23.553158	0.436660	-9.512296
-20.796330	5.326989	1.868932	-2.217340	-2.991445	-23.222385	0.459180	-9.529594
-12.326998	5.346869	1.869360	-2.213760	-2.988495	-23.221514	0.459236	-9.529638
20.795897	5.366606	1.869787	-2.210179	-2.985546	-23.220644	0.459292	-9.529681
-3.963125	5.233986	1.965349	-0.909980	-1.949830	-22.905117	0.478770	-9.544728
-18.136497	-1.570146	1.814138	0.411815	-0.913150	-22.569369	0.497855	-9.559548
15.552878	-5.122164	1.302132	1.782363	0.240246	-22.171154	0.518754	-9.575867
8.773639	-0.786345	0.481094	2.889251	1.375527	-21.751625	0.539136	-9.591875
-13.452926	-0.722279	0.468303	2.902319	1.391405	-21.745548	0.539420	-9.592099
4.772625	-0.659428	0.455527	2.915277	1.407244	-21.739481	0.539704	-9.592322
12.816395	1.812073	-0.353976	3.563689	2.389301	-21.351092	0.557312	-9.606230
-13.537081	3.305862	-1.100133	3.876176	3.341834	-20.949168	0.574495	-9.619872
-13.236819	3.874576	-1.719346	3.806475	4.368101	-20.483808	0.593265	-9.634855
17.542397	1.825599	-1.927159	3.264067	5.346528	-20.005348	0.611478	-9.649480
-9.515906	1.692477	-1.923844	3.237428	5.378366	-19.989189	0.612076	-9.649962
-17.661190	1.555093	-1.919748	3.210225	5.410155	-19.973017	0.612673	-9.650443
18.805756	-2.301155	-1.494631	2.279160	6.250875	-19.531716	0.628569	-9.663283
11.704646	-2.881626	-0.424172	1.048929	7.058516	-19.083124	0.643994	-9.675811
-18.114834	-0.142914	1.318252	-0.467013	7.915720	-18.580226	0.660503	-9.689296
2.429172	2.552242	2.798368	-1.859572	8.731737	-18.072375	0.676415	-9.702373
16.181281	2.542488	2.817484	-1.882954	8.746772	-18.062719	0.676711	-9.702617
-16.138152	2.529067	2.836114	-1.906154	8.761766	-18.053077	0.677006	-9.702860
-15.023490	-0.658628	3.110755	-2.827212	9.460789	-17.590845	0.690863	-9.714321
11.865698	-2.679843	1.899624	-3.320605	10.126489	-17.127849	0.704216	-9.725429
-5.778988	0.894175	-0.966204	-3.352205	10.802975	-16.635802	0.717869	-9.736857
-9.908625	3.072287	-3.627254	-2.869833	11.449876	-16.146476	0.730931	-9.747864
10.660623	-2.067326	-4.128007	-1.828609	12.089241	-15.644116	0.743837	-9.758816
10.603722	-3.202545	-1.941713	-0.336270	12.695889	-15.148748	0.756086	-9.769291
-12.247123	-3.102012	-1.868497	-0.301438	12.708608	-15.138155	0.756343	-9.769512
1.874367	-2.994854	-1.794219	-0.266510	12.721330	-15.127550	0.756600	-9.769732
13.650437	3.002588	1.750390	1.236419	13.258395	-14.671480	0.767456	-9.779092
-14.347493	0.501968	4.071587	2.489746	13.764933	-14.225198	0.777716	-9.788010
-9.982864	0.322225	4.118541	2.529482	13.784285	-14.207811	0.778108	-9.788352
14.368224	0.146787	4.161746	2.568295	13.803588	-14.190443	0.778500	-9.788694
-2.827046	-2.276768	4.093866	3.203414	14.252043	-13.779303	0.787612	-9.796687
-13.818930	-1.285174	2.097195	3.250546	14.671672	-13.380030	0.796172	-9.804264
13.223455	1.735085	-1.145213	2.715004	15.113312	-12.940688	0.805258	-9.812392
8.658010	0.710566	-2.824214	1.746890	15.509796	-12.520839	0.813605	-9.819955
-12.855595	0.689478	-2.828984	1.739013	15.512424	-12.517957	0.813662	-9.820006
-1.338346	0.668256	-2.833662	1.731125	15.515050	-12.515076	0.813718	-9.820057
12.802005	-1.809337	-2.721776	0.648978	15.832038	-12.155823	0.820583	-9.826365
-12.887228	-0.513592	-1.502228	-0.493700	16.112139	-11.815731	0.826832	-9.832194
-11.402583	2.726536	0.049399	-1.626857	16.371780	-11.474428	0.832834	-9.837898
12.538405	2.792719	0.790002	-2.494587	16.590101	-11.158869	0.838111	-9.843030
-6.444341	2.631411	0.793321	-2.524504	16.598937	-11.145344	0.838331	-9.843247
-12.484388	2.454541	0.793838	-2.553524	16.607691	-11.131875	0.838549	-9.843463
9.564866	-2.336053	0.407843	-2.964354	16.764513	-10.876090	0.842574	-9.847501
11.616854	-3.493732	-0.057247	-3.151079	16.888248	-10.643802	0.846007	-9.851068
-12.604323	3.797354	0.339880	-3.232531	16.989656	-10.406536	0.849224	-9.854587
1.371334	3.743832	1.817249	-3.214714	17.048504	-10.204585	0.851629	-9.857452
14.825000	3.596616	1.901918	-3.211913	17.050194	-10.196367	0.851717	-9.857566
-14.922752	3.446318	1.987752	-3.208952	17.051804	-10.188219	0.851805	-9.857678
-9.190488	0.557112	3.799516	-3.119282	17.067493	-10.041090	0.853202	-9.859637
17.674123	-1.324318	5.267753	-2.982403	17.052884	-9.926164	0.853922	-9.861044
-14.761190	-1.358269	5.797198	-2.794739	17.003261	-9.837835	0.853922	-9.861948
