-14.370871	-0.386227	1.873066	-1.691953	-3.774584	27.897511	0.924797	-23.516509
-12.328409	-1.121623	2.021714	-1.699652	-3.757400	27.856535	0.935943	-23.515757
13.358767	-1.808345	2.430841	-1.747763	-3.688543	27.785661	0.947180	-23.514966
-5.650414	-2.426375	3.346205	-1.861019	-3.536827	27.654452	0.961464	-23.513913
-12.037872	-2.910009	4.467026	-2.024507	-3.325946	27.477629	0.975889	-23.512799
11.995160	-2.929496	4.514709	-2.033100	-3.315038	27.468402	0.976557	-23.512746
4.436507	-2.951013	4.561514	-2.041775	-3.304044	27.459088	0.977225	-23.512694
-11.079046	-3.470877	5.172767	-2.218949	-3.082705	27.267534	0.989780	-23.511679
2.838001	-3.113050	4.942794	-2.415972	-2.838115	27.043858	1.002436	-23.510618
9.443185	-0.384502	3.350393	-2.635917	-2.533176	26.740856	1.017445	-23.509311
-9.214766	2.571645	0.560359	-2.794850	-2.223456	26.395808	1.032592	-23.507940
-8.382045	2.505366	0.399587	-2.800076	-2.208718	26.378213	1.033323	-23.507873
9.230407	2.416072	0.236705	-2.805040	-2.194004	26.360524	1.034054	-23.507805
-0.354279	-0.806689	-2.890454	-2.843425	-1.921439	26.009090	1.047916	-23.506501
-10.400370	-1.899407	-4.895370	-2.756521	-1.660798	25.625492	1.061890	-23.505144
11.128167	1.667751	-4.117235	-2.497042	-1.389790	25.174224	1.077174	-23.503611
3.392654	-1.553465	-0.565579	-2.065743	-1.127198	24.687791	1.092586	-23.502016
-11.481051	-1.594593	-0.384145	-2.042324	-1.115483	24.665038	1.093284	-23.501942
-9.390819	-1.604891	-0.203624	-2.018583	-1.103785	24.642231	1.093982	-23.501869
11.326565	1.351185	2.970665	-1.480131	-0.873428	24.176956	1.107852	-23.500387
-7.210281	1.905677	4.615172	-0.813843	-0.643321	23.685893	1.121820	-23.498854
-10.138404	-0.600593	3.719948	0.075672	-0.379314	23.099765	1.137760	-23.497058
9.558707	-2.376729	0.848168	1.031069	-0.107683	22.483276	1.153825	-23.495196
-1.296613	-2.309307	0.722502	1.066515	-0.097419	22.459874	1.154422	-23.495126
-9.530432	-2.229743	0.596148	1.101919	-0.087138	22.436432	1.155020	-23.495055
9.391301	1.143331	-2.348599	1.922467	0.163690	21.865323	1.169335	-23.493351
8.776705	2.407899	-4.252826	2.652201	0.426941	21.272691	1.183745	-23.491595
-9.989175	-1.190772	-4.200936	3.306935	0.745580	20.572861	1.200269	-23.489533
-0.629879	-1.948289	-1.531215	3.768094	1.088433	19.847871	1.216913	-23.487405
10.506146	-1.844550	-1.401983	3.781327	1.101193	19.821504	1.217511	-23.487327
-0.629978	-1.729890	-1.271205	3.794361	1.114002	19.795083	1.218109	-23.487250
-10.832758	1.752340	1.916140	4.055296	1.442840	19.131411	1.232963	-23.485304
10.845635	-0.063004	3.508231	4.215855	1.793782	18.450296	1.247908	-23.483305
-10.356819	-1.985520	2.232233	4.308032	2.211105	17.669228	1.264727	-23.481008
-9.686540	2.541495	-1.573632	4.334853	2.650811	16.869070	1.281657	-23.478644
9.265649	2.501283	-1.683947	4.334925	2.667307	16.839384	1.282280	-23.478556
5.386640	2.428507	-1.788704	4.334946	2.683841	16.809650	1.282904	-23.478468
-7.941262	-3.151725	-2.552820	4.322583	3.090533	16.084281	1.298013	-23.476313
-3.053199	-1.091292	-0.380159	4.238431	3.510736	15.346076	1.313208	-23.474106
5.532475	3.490548	1.925333	3.706080	4.003800	14.492987	1.330576	-23.471534
-3.450644	-1.085683	0.642742	2.370599	4.512576	13.626120	1.348051	-23.468894
-5.369916	-1.278725	0.554780	2.309065	4.531064	13.594860	1.348678	-23.468798
5.389210	-1.462792	0.465940	2.246763	4.549554	13.563612	1.349305	-23.468702
2.433271	-2.153165	-1.482160	0.478686	5.013279	12.785097	1.364870	-23.466304
-8.067129	0.350557	-1.532915	-1.591432	5.487937	11.998011	1.380517	-23.463852
11.647886	1.031851	0.393326	-3.840352	6.033028	11.105483	1.398178	-23.461036
11.784052	-1.596635	1.910565	-4.816366	6.590186	10.204916	1.415939	-23.458152
-11.834780	-1.404483	1.888286	-4.809911	6.615052	10.164988	1.416725	-23.458023
8.184940	-1.162938	1.855208	-4.798589	6.639919	10.125074	1.417511	-23.457894
12.224399	5.644416	-2.568784	-0.874612	7.681941	8.390231	1.451657	-23.452196
-4.556536	-10.205905	2.526028	4.366811	8.467602	6.641855	1.486147	-23.446249
-10.616367	-6.563942	2.642617	4.421608	8.480764	6.600352	1.486968	-23.446105
10.575361	-2.635626	2.752755	4.470917	8.493618	6.558847	1.487789	-23.445961
-7.486623	1.537950	2.861947	4.516924	8.506874	6.514946	1.488658	-23.445808
-10.489759	5.387634	2.963283	4.556412	8.519767	6.471072	1.489527	-23.445656
-8.197446	11.108184	2.942785	4.309521	8.685714	5.722792	1.504371	-23.443030
9.464580	-10.533150	-0.558730	2.758191	8.754468	4.974795	1.519274	-23.440358
-9.461981	-1.672188	-2.611447	0.010526	8.716213	4.060017	1.537613	-23.437023
6.786526	5.665629	-1.002830	-2.591437	8.554538	3.148711	1.556038	-23.433619
10.062308	5.502183	-0.876224	-2.675365	8.545861	3.113111	1.556762	-23.433484
-2.782787	5.297605	-0.745755	-2.757353	8.537015	3.077520	1.557485	-23.433349
-11.001012	-3.156565	2.018444	-3.967336	8.290102	2.266558	1.574059	-23.430238
11.976209	-1.925824	1.461676	-3.646466	7.961694	1.461364	1.590700	-23.427071
-1.361234	0.568366	-0.919184	-2.035367	7.507316	0.581676	1.609129	-23.423514
-12.358658	-0.143627	-1.529252	0.063558	6.966304	-0.287533	1.627635	-23.419890
12.304943	-0.215660	-1.501034	0.170196	6.936442	-0.331814	1.628587	-23.419702
8.487630	-0.294002	-1.467720	0.275999	6.906405	-0.376037	1.629538	-23.419514
-10.679520	-1.264369	-0.244945	1.945222	6.350923	-1.144948	1.646230	-23.416195
-10.011205	1.885012	1.429543	3.060371	5.746771	-1.902479	1.662983	-23.412820
6.217852	3.702095	2.096599	3.354555	5.025818	-2.738855	1.681887	-23.408961
-3.212890	-4.414602	0.095596	2.668067	4.275125	-3.557316	1.700865	-23.405032
-4.974586	-4.780181	-0.040225	2.614162	4.237322	-3.597181	1.701803	-23.404837
4.963613	-5.115101	-0.176698	2.558713	4.199438	-3.636998	1.702741	-23.404641
3.093479	-4.498821	-2.441812	1.353711	3.505248	-4.342750	1.719595	-23.401101
-7.153123	2.259424	-3.557713	-0.068244	2.779807	-5.031560	1.736503	-23.397506
7.461520	7.066797	-2.562408	-1.635556	1.905107	-5.796996	1.755909	-23.393327
11.829745	2.336551	1.010311	-2.841261	0.975073	-6.536650	1.775384	-23.389075
-11.914686	1.833929	1.202010	-2.883692	0.930595	-6.570201	1.776286	-23.388877
-6.323912	1.315679	1.393713	-2.924762	0.885952	-6.603715	1.777189	-23.388678
13.166629	-6.852215	4.599216	-3.405836	0.009857	-7.229646	1.794394	-23.384870
-8.160692	-2.842624	5.772656	-3.229775	-0.912856	-7.832637	1.811650	-23.381006
-13.615849	5.789513	3.814415	-2.308318	-1.953963	-8.476707	1.830961	-23.376628
13.141575	4.589834	-1.256205	-0.867436	-2.948683	-9.088757	1.850332	-23.372179
-3.513800	4.164172	-1.532845	-0.787674	-2.995647	-9.118196	1.851292	-23.371957
-13.079873	3.707837	-1.808075	-0.707372	-3.042343	-9.147553	1.852253	-23.371735
12.446660	-4.597162	-5.969047	0.812780	-3.839931	-9.668191	1.869804	-23.367651
7.246211	-1.895467	-6.928845	2.299803	-4.510210	-10.159718	1.887402	-23.363509
-10.979354	4.167985	-3.941221	3.657771	-5.062859	-10.670949	1.907043	-23.358830
2.001493	-0.038119	2.157068	4.377650	-5.368641	-11.142603	1.926739	-23.354080
10.303730	-0.320400	2.407577	4.388395	-5.375273	-11.160452	1.927521	-23.353891
-9.275526	-0.602390	2.655626	4.397594	-5.381471	-11.178221	1.928302	-23.353701
-9.861782	-4.640363	6.838559	4.154990	-5.410425	-11.564574	1.946075	-23.349360
9.586589	-0.074775	6.276464	3.006551	-5.242389	-11.918041	1.963890	-23.344961
-7.752449	5.357506	1.365330	0.978077	-4.852147	-12.276099	1.983832	-23.339979
-9.284357	2.656853	-4.420573	-1.365035	-4.279303	-12.599771	2.003824	-23.334923
9.281093	2.289086	-4.592278	-1.453699	-4.254367	-12.611455	2.004584	-23.334730
-1.342522	1.902633	-4.757851	-1.542156	-4.229194	-12.623105	2.005346	-23.334536
-9.228631	-5.385488	-6.137417	-3.467417	-3.582556	-12.884285	2.023182	-23.329970
9.258936	2.601998	-1.776842	-4.906442	-2.841026	-13.125715	2.041055	-23.325346
9.305024	4.192692	4.688142	-5.685254	-1.918069	-13.378791	2.061275	-23.320056
-10.127078	-2.902138	5.898176	-5.311043	-0.938621	-13.615893	2.081539	-23.314691
-5.691434	-2.997036	5.790711	-5.267751	-0.898559	-13.625203	2.082358	-23.314473
10.207503	-3.055585	5.670261	-5.222168	-0.858487	-13.634495	2.083178	-23.314254
-11.367096	0.890068	1.020248	-3.743870	0.013131	-13.833894	2.101112	-23.309448
-8.947091	1.224614	-3.515229	-1.671922	0.851109	-14.028310	2.119078	-23.304584
14.565666	-0.718144	-6.111176	0.825849	1.711276	-14.245967	2.139392	-23.299024
6.792050	0.901158	-5.625155	3.096878	2.430749	-14.466406	2.159744	-23.293388
-15.804062	0.934598	-5.564554	3.198286	2.461559	-14.477393	2.160745	-23.293110
-5.711096	0.952103	-5.503716	3.298569	2.491897	-14.488400	2.161746	-23.292831
16.118781	-0.533132	-4.262426	4.889181	2.951464	-14.691010	2.179831	-23.287763
-3.777778	-2.933891	-2.034290	5.970758	3.219237	-14.903352	2.197943	-23.282635
-13.900941	-4.813699	2.183485	6.411207	3.248179	-15.152956	2.217980	-23.276903
10.688417	-6.545096	6.245867	5.862319	2.969069	-15.420986	2.238048	-23.271097
-5.795735	-6.863265	6.378975	5.808204	2.949363	-15.433908	2.238980	-23.270826
-10.301433	-7.180768	6.503948	5.751345	2.929132	-15.446865	2.239912	-23.270555
7.223221	3.161406	5.046048	1.384874	1.659496	-16.046102	2.279927	-23.258774
8.042678	14.011051	-3.038535	-3.851102	0.002718	-16.739390	2.320045	-23.246703
-8.406868	13.597859	-3.173717	-3.925496	-0.026488	-16.752576	2.320755	-23.246487
-0.540079	12.561462	-3.307156	-3.998794	-0.055627	-16.765796	2.321466	-23.246271
9.330008	9.634861	-3.500800	-4.105180	-0.098610	-16.785417	2.322517	-23.245951
-9.872422	5.374938	-3.689133	-4.209035	-0.141428	-16.805112	2.323568	-23.245631
13.873427	-14.264364	-5.261191	-5.446549	-0.782545	-17.123452	2.340038	-23.240590
20.456502	10.330445	-2.999580	-5.819569	-1.340075	-17.460913	2.356523	-23.235499
-22.489324	12.493626	1.811172	-5.160540	-1.867908	-17.909240	2.377069	-23.229092
-4.601512	-10.364126	3.679572	-3.429428	-2.197578	-18.390372	2.397633	-23.222608
21.506944	-10.418125	3.645887	-3.329330	-2.207725	-18.412767	2.398557	-23.222315
10.708377	-10.296569	3.600812	-3.227506	-2.217468	-18.435216	2.399480	-23.222023
-18.931018	8.302558	1.297494	-0.946848	-2.328699	-18.893787	2.417740	-23.216200
-5.521428	7.304452	-0.997192	1.443762	-2.286228	-19.380465	2.436013	-23.210318
13.069599	-4.467098	-1.974729	3.589738	-2.056007	-19.966886	2.456838	-23.203544
-10.754475	2.472405	-0.983648	4.576632	-1.641458	-20.581807	2.477676	-23.196692
-10.991042	2.759568	-0.924422	4.590107	-1.621748	-20.606216	2.478487	-23.196424
10.941125	3.019376	-0.864772	4.601756	-1.601775	-20.630657	2.479298	-23.196156
-7.377738	2.471961	0.393469	4.397413	-1.090900	-21.185169	2.497441	-23.190123
-10.638176	-2.032473	0.948517	3.399826	-0.479899	-21.751026	2.515593	-23.184031
11.642426	-0.761033	0.298408	1.664383	0.286151	-22.409182	2.536567	-23.176919
4.677014	2.452945	-0.755954	-0.240874	1.038255	-23.060633	2.557549	-23.169727
-13.039596	2.329834	-0.780582	-0.333079	1.074315	-23.093079	2.558607	-23.169362
-9.172882	2.159890	-0.800526	-0.424429	1.110099	-23.125457	2.559664	-23.168998
14.186860	-3.013009	-0.543351	-1.796674	1.663385	-23.660663	2.577434	-23.162838
-11.882005	-1.279912	0.390570	-2.747830	2.092144	-24.174476	2.595206	-23.156621
-15.459694	4.271968	1.088970	-3.242756	2.372448	-24.746013	2.616189	-23.149207
15.066076	1.523940	0.299934	-3.025562	2.352547	-25.272564	2.637173	-23.141712
-6.847439	1.117282	0.243816	-3.001009	2.345038	-25.294107	2.638075	-23.141388
-14.985493	0.698010	0.186935	-2.975293	2.337009	-25.315540	2.638977	-23.141064
13.801798	-5.039094	-0.918734	-2.243280	2.069073	-25.728442	2.657224	-23.134474
6.987160	-0.023451	-1.376341	-1.235779	1.629520	-26.099190	2.675469	-23.127823
-10.435979	4.462864	-0.982619	0.122400	0.954165	-26.475177	2.696833	-23.119955
4.069886	-3.429098	0.215938	1.389880	0.171140	-26.783057	2.718192	-23.112003
9.207290	-3.476671	0.270251	1.433016	0.139369	-26.793608	2.719025	-23.111691
-4.015419	-3.474253	0.324727	1.475534	0.107518	-26.804055	2.719858	-23.111379
-9.019543	2.368756	1.314762	2.212853	-0.606337	-27.006451	2.738374	-23.104407
9.650212	1.670557	1.269991	2.453500	-1.303133	-27.149496	2.756884	-23.097372
-5.871507	-0.486262	0.241400	2.166781	-1.999714	-27.233812	2.777169	-23.089585
-12.472890	-0.023648	-0.943006	1.439312	-2.590107	-27.237634	2.797436	-23.081720
6.445875	0.107114	-0.982683	1.371941	-2.628801	-27.234575	2.798939	-23.081133
12.678442	0.226812	-1.010571	1.303047	-2.666715	-27.231043	2.800442	-23.080546
-13.680505	-0.189592	-0.592684	0.414141	-3.047479	-27.154024	2.817993	-23.073644
8.724934	-1.343662	0.350020	-0.516169	-3.297929	-27.008988	2.835477	-23.066684
14.355422	-0.486974	0.813143	-1.433680	-3.395728	-26.749352	2.855823	-23.058462
-13.739926	3.180132	0.528122	-2.029299	-3.245186	-26.392591	2.876003	-23.050160
-13.320945	4.933904	-0.172357	-2.248992	-2.816747	-25.947522	2.895792	-23.041855
10.645916	0.047916	-0.868782	-2.020709	-2.122218	-25.416365	2.915339	-23.033471
-3.471198	-0.520175	-0.893433	-1.991793	-2.076061	-25.383731	2.916440	-23.032993
-10.411398	-1.089897	-0.915402	-1.961080	-2.029299	-25.350855	2.917540	-23.032514
6.529672	-5.803259	-0.701999	-1.241946	-1.188068	-24.777461	2.935385	-23.024659
7.866680	-0.956199	0.689672	-0.252880	-0.244382	-24.138915	2.952952	-23.016736
-7.890293	-0.294725	0.777148	-0.187732	-0.184335	-24.097572	2.954023	-23.016246
6.289275	0.352128	0.861329	-0.122377	-0.124149	-24.055998	2.955094	-23.015756
9.393046	4.365556	1.329048	0.862053	0.796597	-23.397140	2.971194	-23.008281
-12.000638	-3.188684	-0.202472	1.706119	1.695722	-22.688595	2.986997	-23.000746
-9.121581	-1.816610	-1.701276	2.214474	2.659267	-21.793895	3.005210	-22.991785
17.069581	0.952278	-0.793352	1.930761	3.449803	-20.840136	3.022931	-22.982739
-2.424065	0.777612	-0.677800	1.901093	3.480221	-20.796620	3.023704	-22.982337
-17.119753	0.587847	-0.556443	1.870136	3.510234	-20.753000	3.024475	-22.981934
16.566602	-0.994897	1.961395	1.031271	4.014206	-19.877413	3.039384	-22.974007
-2.969310	1.970248	2.258948	-0.120676	4.348433	-18.965312	3.053860	-22.966016
-11.944415	2.962172	-0.725928	-1.475710	4.506146	-17.836431	3.070494	-22.956418
-1.363736	-3.949441	-2.602041	-2.193170	4.388996	-16.666219	3.086430	-22.946730
9.734092	-3.947610	-2.585887	-2.196268	4.384512	-16.644960	3.086709	-22.946556
-7.065109	-3.936178	-2.567334	-2.198961	4.379948	-16.623689	3.086986	-22.946382
-8.994498	2.206796	0.187252	-1.898963	4.071737	-15.586784	3.100065	-22.937980
9.363952	3.966391	2.899164	-0.940972	3.614712	-14.524608	3.112563	-22.929510
-10.533061	-3.129114	1.019421	0.528979	2.974057	-13.312010	3.125793	-22.919975
-8.463391	1.974505	-3.077664	1.828493	2.245367	-12.074336	3.138221	-22.910356
11.803280	2.097226	-3.213487	1.887777	2.198029	-11.996151	3.138971	-22.909751
11.314549	2.126429	-3.320463	1.943406	2.150536	-11.917843	3.139718	-22.909146
-12.423939	-1.814945	-2.219088	2.336895	1.474885	-10.806429	3.149883	-22.900587
-0.567638	0.187259	1.166946	2.091007	0.805348	-9.680832	3.159360	-22.891961
12.106247	2.839953	3.955927	1.251615	0.079495	-8.418620	3.169034	-22.882318
-7.975547	-3.304025	3.161594	0.033784	-0.620036	-7.144976	3.177791	-22.872594
-11.546040	-3.700838	2.992888	-0.065261	-0.671417	-7.048584	3.178413	-22.871857
11.511838	-4.029039	2.815219	-0.164672	-0.722608	-6.952105	3.179029	-22.871120
-10.260625	-1.964545	0.246843	-1.319338	-1.311218	-5.806403	3.185913	-22.862354
-11.053781	4.515802	-2.584632	-2.275567	-1.862120	-4.656697	3.192002	-22.853522
10.956765	6.731932	-4.619265	-2.829055	-2.432287	-3.361402	3.197868	-22.843509
-10.821222	-2.658595	-4.143779	-2.598281	-2.959051	-2.067115	3.202655	-22.833412
10.529770	-7.881717	-1.517907	-1.720931	-3.447337	-0.759221	3.206367	-22.823092
6.264972	-2.348069	2.135431	-0.458454	-3.884171	0.540950	3.208890	-22.812685
-10.029306	-2.010293	2.231793	-0.420546	-3.895485	0.576817	3.208943	-22.812396
-8.740268	-1.662560	2.327251	-0.382551	-3.906756	0.612675	3.208994	-22.812106
9.469266	8.393160	4.632553	0.879425	-4.252342	1.786772	3.210160	-22.802549
-4.946407	0.773358	4.525846	2.038066	-4.546476	2.949003	3.210273	-22.792921
-8.826323	-8.601847	2.016059	3.021261	-4.807466	4.219271	3.209132	-22.782176
9.322671	2.574631	-1.755452	3.563840	-4.996266	5.469840	3.206622	-22.771344
2.741650	2.717484	-1.794822	3.566894	-4.997909	5.483338	3.206587	-22.771226
-9.343403	2.859214	-1.834154	3.569890	-4.999547	5.496871	3.206552	-22.771107
3.396563	8.585445	-4.182431	3.578938	-5.101167	6.579102	3.203150	-22.761500
12.134362	3.514148	-4.088700	3.097098	-5.140337	7.643093	3.198627	-22.751826
-3.926414	-8.090780	-1.468418	1.981887	-5.101790	8.867739	3.191842	-22.740376
-15.725735	1.435824	2.118552	0.532947	-4.967526	10.061802	3.183427	-22.728834
15.739527	1.769900	2.154983	0.515501	-4.965426	10.075380	3.183320	-22.728700
-13.708399	2.101920	2.191163	0.498051	-4.963313	10.088954	3.183214	-22.728566
-16.446702	6.861677	3.841835	-0.774414	-4.771710	11.086604	3.174619	-22.718581
8.675875	-0.638529	2.738977	-1.887798	-4.513254	12.056904	3.164760	-22.708532
16.524131	-5.131729	-0.479965	-2.892594	-4.128389	13.140413	3.151767	-22.696848
-16.358765	0.816414	-3.379540	-3.540324	-3.645791	14.181080	3.137011	-22.685082
0.956859	0.859919	-3.392680	-3.543239	-3.642323	14.187697	3.136909	-22.685005
16.357784	0.903173	-3.405719	-3.546135	-3.638850	14.194313	3.136807	-22.684929
-16.390310	3.581444	-4.007902	-3.783299	-3.140897	15.049318	3.122701	-22.674778
-10.093083	-0.359392	-2.025902	-3.772748	-2.559003	15.868220	3.107240	-22.664571
16.844573	-3.064355	1.655407	-3.539117	-1.792543	16.761319	3.087783	-22.652782
-6.439739	3.105443	4.257961	-3.149807	-0.946312	17.600811	3.066465	-22.640924
-17.090403	3.277298	4.340529	-3.128111	-0.903239	17.640590	3.065370	-22.640340
7.846897	3.409496	4.418654	-3.106246	-0.860050	17.680231	3.064270	-22.639756
16.842232	-4.739745	4.068832	-2.097528	0.885214	19.121115	3.017520	-22.616748
-14.721129	5.142623	-1.662003	-0.782910	2.589567	20.327517	2.963445	-22.593515
1.349282	5.250122	-1.713277	-0.772763	2.601443	20.335479	2.963018	-22.593343
14.670101	5.354705	-1.764579	-0.762617	2.613305	20.343428	2.962592	-22.593171
-14.502602	5.824721	-2.093309	-0.697738	2.688855	20.393946	2.959852	-22.592071
-11.628884	5.724615	-2.422130	-0.632922	2.763834	20.443905	2.957094	-22.590969
12.688654	-5.863521	-4.715054	-0.093910	3.371324	20.843288	2.933073	-22.581631
4.702277	-3.544839	-4.992716	0.413465	3.920932	21.199830	2.907819	-22.572262
-9.112245	5.268418	-2.359091	0.990801	4.509547	21.585519	2.874242	-22.560424
5.094497	-4.080814	2.223625	1.464729	4.957767	21.898096	2.838645	-22.548542
8.129824	-4.487404	2.513788	1.493764	4.983918	21.917717	2.836001	-22.547684
-8.115826	-4.742932	2.787664	1.522016	5.009178	21.936934	2.833348	-22.546826
3.611189	-0.227192	4.748728	1.804936	5.247488	22.144286	2.799084	-22.536029
9.433540	3.917668	4.018144	1.947293	5.325023	22.287060	2.763104	-22.525199
-10.582913	-3.350387	0.820830	1.988008	5.196220	22.369923	2.720271	-22.512903
-9.684972	2.612682	-1.539764	1.956314	4.828458	22.370742	2.675169	-22.500569
11.246426	2.638520	-1.549505	1.955980	4.825224	22.370480	2.674863	-22.500487
2.498886	2.663384	-1.559166	1.955645	4.821980	22.370214	2.674558	-22.500406
-11.214140	0.478987	-2.304458	1.904240	4.266471	22.298987	2.630856	-22.488986
10.719895	-1.455978	-2.549086	1.855930	3.521464	22.161281	2.585248	-22.477539
10.412554	-0.277483	-2.977099	1.812696	2.543806	21.940189	2.533984	-22.465169
-10.246047	0.935817	-2.503118	1.768350	1.430164	21.645744	2.480608	-22.452772
-3.163723	0.916597	-2.485804	1.767595	1.415970	21.641718	2.479946	-22.452622
10.262271	0.896272	-2.468104	1.766829	1.401726	21.637673	2.479282	-22.452470
-11.344167	-1.058843	-0.577020	1.677920	0.312599	21.307801	2.429110	-22.441221
-10.132265	0.378358	1.148983	1.490832	-0.815157	20.920980	2.377292	-22.429954
14.633198	1.534780	1.418015	1.106851	-2.040089	20.439710	2.319379	-22.417738
1.660119	-1.505299	-0.077148	0.527296	-3.226725	19.895386	2.259635	-22.405507
-15.474724	-1.548064	-0.143650	0.498663	-3.278828	19.869288	2.256888	-22.404953
15.477405	-1.570620	-0.207239	0.469968	-3.330760	19.843065	2.254138	-22.404399
11.046238	-0.164322	-0.837900	-0.103554	-4.353515	19.276647	2.196808	-22.393007
-13.357285	1.241562	-0.359866	-0.539043	-5.267118	18.659022	2.137984	-22.381606
-1.837289	-0.809969	0.784503	-0.692976	-6.092505	17.934555	2.072674	-22.369256
9.218301	-1.271300	0.812075	-0.415432	-6.702130	17.153874	2.005716	-22.356902
3.409505	-1.078570	0.735539	-0.380853	-6.732745	17.101605	2.001339	-22.356104
-8.997756	-0.862251	0.648758	-0.344338	-6.762194	17.049136	1.996958	-22.355307
7.872284	1.646580	-0.917583	0.261955	-7.041262	16.312008	1.936603	-22.344445
2.813376	-0.403648	-1.508772	0.799420	-7.068557	15.534500	1.875057	-22.333581
-8.298806	-2.419604	-0.092990	0.977418	-6.748520	14.600975	1.803489	-22.321200
8.061349	1.908310	2.628180	0.621833	-6.022680	13.620714	1.730470	-22.308822
10.702842	2.194979	2.740310	0.581916	-5.962873	13.556387	1.725741	-22.308029
-10.904533	2.453512	2.835684	0.540024	-5.901510	13.491856	1.721005	-22.307236
6.151042	1.375505	2.511193	-0.179534	-4.928586	12.599122	1.656125	-22.296463
17.719131	-2.143271	-0.016491	-1.012845	-3.734617	11.678717	1.590226	-22.285698
1.893648	2.781007	-5.387242	-2.046208	-0.247522	9.358577	1.426491	-22.259645
-11.836871	-3.333423	4.096045	-0.091752	3.520820	6.959868	1.257480	-22.233668
11.622894	-3.469730	4.190861	-0.064229	3.556032	6.936895	1.255851	-22.233422
1.740172	-3.652262	4.284527	-0.036641	3.591216	6.913921	1.254221	-22.233175
-10.721481	-4.402743	4.570333	0.050451	3.701589	6.841715	1.249097	-22.232401
10.041988	-4.853843	4.840921	0.138079	3.811664	6.769495	1.243969	-22.231628
8.910779	-4.475870	5.027062	0.202252	3.891718	6.716833	1.240228	-22.231063
-9.087760	-3.736215	5.203369	0.266672	3.971655	6.664130	1.236482	-22.230499
-8.353965	3.044665	6.451810	1.224079	5.134168	5.881441	1.180611	-22.222125
0.850830	5.699281	4.673223	2.118530	6.238377	5.099560	1.124266	-22.213763
-0.342454	-5.602954	-1.660236	3.213373	7.706121	3.964007	1.041217	-22.201582
3.209834	-3.567366	-6.007410	3.957993	8.950549	2.840587	0.957239	-22.189430
6.104561	4.191502	-6.310534	4.240346	9.924826	1.719162	0.871149	-22.177133
0.375717	3.361669	-3.376807	3.976446	10.559281	0.620188	0.784215	-22.164871
-9.166540	3.299524	-3.157392	3.947190	10.584644	0.558844	0.779280	-22.164180
9.276188	3.257483	-2.936310	3.916593	10.608884	0.497583	0.774342	-22.163488
3.179708	2.062261	0.494610	3.285872	10.844461	-0.445788	0.697102	-22.152732
-9.846243	-0.083424	3.528513	2.428611	10.826374	-1.367806	0.619290	-22.142006
7.549889	-2.036652	5.277079	1.271293	10.514089	-2.410523	0.528300	-22.129597
8.004950	0.184128	4.060865	0.061788	9.919545	-3.422936	0.436651	-22.117235
-2.746178	0.252192	4.021967	0.042063	9.907764	-3.439089	0.435160	-22.117035
-7.991957	0.320546	3.982623	0.022336	9.895918	-3.455234	0.433670	-22.116835
8.049214	2.612913	1.422757	-1.043212	9.162434	-4.315144	0.352930	-22.106056
-8.702889	-0.020186	-1.221204	-2.098121	8.259763	-5.150755	0.271772	-22.095317
-2.011995	-3.835209	-3.361931	-3.263521	7.056659	-6.069791	0.179132	-22.083171
10.795821	-2.166992	-3.988508	-4.371942	5.694848	-6.956150	0.086061	-22.071082
10.152850	-2.024135	-3.989330	-4.402162	5.654436	-6.980676	0.083430	-22.070742
-10.841099	-1.876006	-3.989492	-4.432317	5.613924	-7.005175	0.080798	-22.070402
-2.741281	3.764247	-3.695995	-5.332773	4.309849	-7.752621	-0.001066	-22.059864
11.410589	4.785460	-2.954369	-6.150548	2.930949	-8.473941	-0.083175	-22.049374
-10.140090	-4.532650	-1.712168	-6.950578	1.310311	-9.256609	-0.176159	-22.037586
-10.279121	-3.953198	0.259319	-7.592799	-0.347916	-10.004659	-0.269351	-22.025865
10.236619	-3.368451	0.351795	-7.616384	-0.419388	-10.035949	-0.273351	-22.025364
-5.516848	-2.776948	0.444253	-7.639626	-0.490870	-10.067173	-0.277351	-22.024864
-9.200679	2.447619	2.182351	-8.037123	-1.955965	-10.693474	-0.359482	-22.014614
4.865164	2.829250	3.130717	-8.270219	-3.403463	-11.291936	-0.441689	-22.004419
7.270791	0.267131	2.787685	-8.309612	-5.006791	-11.939713	-0.535463	-21.992866
-6.999108	-2.327832	1.052868	-8.067528	-6.541043	-12.549985	-0.629228	-21.981391
-6.806581	-2.353023	0.956873	-8.050899	-6.601750	-12.573913	-0.633026	-21.980927
7.015103	-2.363237	0.859100	-8.033711	-6.662302	-12.597760	-0.636821	-21.980465
-7.535123	0.587768	-1.408866	-7.516225	-7.941081	-13.096409	-0.718587	-21.970522
-7.263775	3.368920	-2.800522	-6.688764	-9.170449	-13.565488	-0.800264	-21.960643
9.583813	0.353437	-1.817245	-5.349873	-10.506233	-14.061091	-0.892737	-21.949517
-3.554462	-5.767838	0.576363	-3.665299	-11.781458	-14.517389	-0.984990	-21.938477
-10.328051	-5.720983	0.716871	-3.558229	-11.854288	-14.542876	-0.990384	-21.937834
10.344980	-5.593897	0.855053	-3.450307	-11.926955	-14.568240	-0.995780	-21.937190
-9.706262	8.193367	2.505420	0.414172	-14.211699	-15.327305	-1.173242	-21.916122
3.079729	-8.993181	-2.081801	4.209459	-16.277645	-15.931898	-1.349274	-21.895405
8.909514	-9.037755	-2.136277	4.277937	-16.318266	-15.942789	-1.352914	-21.894978
8.553560	-9.004667	-2.185692	4.345709	-16.358763	-15.953603	-1.356551	-21.894552
-8.927334	-8.707727	-2.255772	4.455072	-16.424772	-15.971136	-1.362495	-21.893855
4.814967	-8.050831	-2.312931	4.562643	-16.490560	-15.988493	-1.368439	-21.893159
9.338683	8.726673	-2.187742	5.663439	-17.229342	-16.174845	-1.436665	-21.885180
-9.991556	4.431881	-1.104080	6.513364	-17.935157	-16.336506	-1.504582	-21.877258
-8.531950	-5.469256	0.818530	7.277859	-18.857401	-16.518669	-1.597847	-21.866413
5.510122	-5.816158	1.791112	7.571493	-19.720699	-16.652407	-1.690417	-21.855684
11.331698	-5.753680	1.790007	7.572564	-19.736867	-16.654516	-1.692204	-21.855477
-11.330450	-5.689516	1.787966	7.573461	-19.752990	-16.656604	-1.693988	-21.855271
-4.618441	-1.660187	0.974044	7.463807	-20.450546	-16.730897	-1.773306	-21.846104
10.052534	2.121489	-0.379289	7.160285	-21.102925	-16.767989	-1.852017	-21.837027
-9.038530	2.578459	-1.217136	6.776231	-21.758367	-16.765355	-1.937457	-21.827195
-8.033988	-0.238412	-1.137178	6.487577	-22.343803	-16.716895	-2.022063	-21.817476
8.418075	-0.401755	-1.115539	6.477558	-22.368016	-16.713673	-2.025796	-21.817048
-8.409664	-0.557252	-1.092564	6.467760	-22.392073	-16.710361	-2.029528	-21.816620
-6.810287	-1.303823	-0.382890	6.300996	-22.851338	-16.621781	-2.105907	-21.807857
9.266906	0.173771	0.493197	6.147061	-23.237676	-16.493961	-2.181470	-21.799193
6.999018	1.063432	0.904598	5.897697	-23.572191	-16.306219	-2.264102	-21.789721
-11.266011	0.469961	0.154981	5.463284	-23.799838	-16.069575	-2.345617	-21.780375
6.987253	-1.692965	-1.067390	4.736030	-23.910284	-15.788101	-2.424916	-21.771278
11.718165	-1.475871	-1.793400	3.592674	-23.896693	-15.460257	-2.503011	-21.762308
-11.695797	-1.356805	-1.797285	3.541048	-23.893676	-15.447315	-2.505866	-21.761980
-6.404072	-1.222600	-1.799045	3.488644	-23.890473	-15.434302	-2.508720	-21.761652
10.839400	2.974586	-1.089349	1.977156	-23.748482	-15.089321	-2.579599	-21.753496
-1.719475	-1.179954	0.964787	0.252855	-23.481491	-14.708358	-2.649351	-21.745454
-10.304120	-1.516002	1.081971	0.167052	-23.464933	-14.688671	-2.652761	-21.745061
10.308268	-1.848727	1.199390	0.081362	-23.448037	-14.668888	-2.656170	-21.744667
7.369359	-4.435607	3.269366	-1.515895	-23.049118	-14.264512	-2.722417	-21.737008
-12.326361	-1.309579	4.161909	-2.785936	-22.515865	-13.829714	-2.787520	-21.729459
-6.514932	4.518578	3.323832	-3.597529	-21.727115	-13.293883	-2.860943	-21.720912
14.125266	5.914687	0.642129	-3.733669	-20.749845	-12.722139	-2.932731	-21.712516
-13.542948	5.688327	0.418765	-3.721248	-20.682046	-12.684836	-2.937214	-21.711991
-14.038566	5.458144	0.190036	-3.706423	-20.613563	-12.647399	-2.941689	-21.711465
12.604962	3.771678	-3.270584	-3.254997	-19.587724	-12.109832	-3.003596	-21.704182
3.834398	-1.424202	-6.191459	-2.375669	-18.449629	-11.547784	-3.064124	-21.697020
-7.770480	-5.187104	-6.957474	-0.931924	-17.050489	-10.883750	-3.130949	-21.689059
6.555600	0.704834	-3.730734	0.787391	-15.562163	-10.192706	-3.195885	-21.681259
5.446084	0.830809	-3.651047	0.816611	-15.536272	-10.180744	-3.196971	-21.681128
-6.552994	0.954982	-3.570680	0.845835	-15.510317	-10.168754	-3.198059	-21.680997
-2.730880	3.584562	0.990854	2.239224	-14.139957	-9.535470	-3.253869	-21.674232
9.460129	1.361906	4.980561	3.155795	-12.743498	-8.884537	-3.308097	-21.667599
-11.166026	-2.047269	6.720553	3.197808	-11.172901	-8.136285	-3.366922	-21.660324
-13.973270	-1.004921	4.127099	1.939758	-9.623962	-7.370154	-3.423646	-21.653219
14.020944	-0.782160	3.892364	1.855254	-9.551704	-7.333478	-3.426278	-21.652887
-6.083411	-0.559933	3.648394	1.769031	-9.479523	-7.296744	-3.428908	-21.652555
-14.144931	1.609890	-1.622213	-0.041800	-8.164011	-6.607483	-3.476914	-21.646451
7.917099	-1.552511	-5.485819	-1.906842	-6.915059	-5.907828	-3.523195	-21.640482
11.836165	-2.751601	-5.110306	-3.487778	-5.602670	-5.100558	-3.573730	-21.633854
-10.920882	3.864325	0.128903	-3.978997	-4.438734	-4.284099	-3.621909	-21.627405
-2.308211	3.887083	0.382981	-3.972110	-4.392741	-4.248990	-3.623918	-21.627133
10.894502	3.867696	0.634830	-3.962858	-4.347077	-4.213870	-3.625921	-21.626862
-4.478640	-1.938943	4.819455	-3.251435	-3.471851	-3.490991	-3.666037	-21.621366
-12.568019	-6.113300	5.507983	-1.546659	-2.672438	-2.764497	-3.704241	-21.616013
15.382922	4.289091	0.552516	1.329516	-1.791192	-1.947558	-3.744749	-21.610184
-15.228177	8.305224	-6.143553	4.165399	-0.843440	-1.130245	-3.782738	-21.604539
-19.853188	7.609625	-6.406511	4.277715	-0.795115	-1.091291	-3.784486	-21.604274
-1.749747	6.797485	-6.659665	4.386874	-0.746435	-1.052341	-3.786229	-21.604010
23.416577	-9.247711	-9.077674	5.704553	0.231943	-0.331289	-3.817454	-21.599191
-23.418112	10.089706	-6.236722	5.416790	1.384939	0.386668	-3.846616	-21.594520
-18.444961	11.389174	1.706331	3.431091	2.954278	1.213888	-3.877812	-21.589288
10.881766	-11.144816	11.429591	0.342365	4.768314	2.032541	-3.906109	-21.584261
-4.322702	-12.239804	11.841335	0.195976	4.851412	2.067470	-3.907258	-21.584050
-10.165142	-13.239460	12.250418	0.049042	4.934861	2.102353	-3.908401	-21.583840
-10.125784	15.498465	19.706651	-6.347644	9.120594	3.660665	-3.954422	-21.574686
1.947001	19.290502	-10.771064	-8.825931	13.968152	5.159304	-3.988694	-21.566342
-3.961709	19.621888	-10.829633	-8.824535	13.975712	5.161463	-3.988735	-21.566330
4.018566	19.946276	-10.887585	-8.823136	13.983194	5.163598	-3.988777	-21.566319
6.357643	22.603632	-11.739555	-8.800504	14.093471	5.195023	-3.989380	-21.566149
-8.682402	18.695173	-12.585974	-8.774036	14.203970	5.226413	-3.989978	-21.565979
52.793492	-24.351108	-23.843784	-7.451091	16.368189	5.824274	-4.000388	-21.562779
47.041617	-9.761593	-17.053911	-4.549729	18.563763	6.407512	-4.008659	-21.559724
-59.706752	25.983788	23.434096	4.859502	23.725370	7.755249	-4.019634	-21.552912
-9.538606	-20.164970	5.493705	10.304955	28.084006	8.991659	-4.017315	-21.546969
11.728768	-21.223134	4.611632	10.367296	28.173239	9.019911	-4.017092	-21.546837
0.468597	-21.103364	3.727789	10.426569	28.261648	9.048105	-4.016860	-21.546705
-10.497201	-19.929780	2.957994	10.475647	28.337890	9.072590	-4.016651	-21.546590
9.966730	-17.990535	2.188944	10.522382	28.413450	9.097018	-4.016437	-21.546476
-3.883872	12.508875	-10.815801	10.973203	29.719150	9.553208	-4.011159	-21.544367
-3.632660	13.906481	-16.424601	10.600207	30.736422	9.987168	-4.003625	-21.542397
6.749912	-3.896828	-12.192665	9.021886	31.620401	10.504207	-3.990768	-21.540099
-3.518079	-5.738256	-1.524884	6.620119	32.095855	10.981238	-3.974166	-21.538025
-11.221464	-3.863498	-1.120751	6.507176	32.107877	11.000647	-3.973374	-21.537942
11.361817	-1.983277	-0.729282	6.393705	32.119260	11.019979	-3.972576	-21.537859
-11.189930	3.643841	4.880124	4.051529	32.219351	11.393629	-3.954956	-21.536271
-13.257498	-2.943920	7.254022	1.836057	32.095885	11.734393	-3.934473	-21.534848
12.278948	2.962511	6.219788	-0.330644	31.709345	12.093349	-3.906569	-21.533384
8.688103	0.579616	0.999669	-2.291216	31.114422	12.405656	-3.874558	-21.532151
-9.364306	-3.514284	-3.091834	-4.256817	30.436644	12.650363	-3.841751	-21.531228
3.111980	3.239348	-2.743577	-6.559995	29.671926	12.857784	-3.805431	-21.530496
8.100630	3.550287	-2.595282	-6.706311	29.621884	12.869597	-3.803029	-21.530456
-8.037765	3.794234	-2.436249	-6.851822	29.571670	12.881265	-3.800613	-21.530418
-5.639689	-0.052339	0.728364	-8.926343	28.767658	13.045914	-3.760769	-21.529906
7.165572	-4.597269	2.481383	-10.290565	27.963346	13.175741	-3.717391	-21.529581
2.930660	-4.495739	2.472902	-10.317916	27.939023	13.179191	-3.716000	-21.529574
-7.183845	-4.375015	2.459700	-10.344318	27.914739	13.182608	-3.714605	-21.529567
-2.152071	3.901635	0.376268	-10.680100	27.181646	13.273282	-3.669319	-21.529441
8.862305	6.073254	-2.498938	-10.021083	26.515234	13.333173	-3.620677	-21.529487
-9.990106	-6.900170	-3.349623	-8.005124	25.850906	13.364458	-3.562462	-21.529741
-3.825200	1.824745	-0.683403	-4.682023	25.260012	13.359260	-3.499988	-21.530208
10.651368	2.666308	-0.431179	-4.419520	25.221744	13.357583	-3.495525	-21.530248
-6.766739	3.443881	-0.176920	-4.154259	25.183793	13.355739	-3.491045	-21.530289
-10.476045	7.748354	2.777782	-0.553991	24.715214	13.316494	-3.430828	-21.530916
9.635114	4.198893	3.762756	2.913026	24.290141	13.249529	-3.367272	-21.531714
-1.145724	-2.041190	2.762992	5.959428	23.858911	13.143106	-3.292551	-21.532806
-6.555481	-6.323057	0.763531	7.695386	23.463637	13.004285	-3.213906	-21.534110
6.535910	-6.349515	0.735656	7.708926	23.458778	13.002307	-3.212876	-21.534128
5.624340	-6.375022	0.707834	7.722223	23.453934	13.000328	-3.211849	-21.534147
-0.901440	-6.012029	-1.274507	8.145930	23.117995	12.846104	-3.136911	-21.535523
-4.669043	-1.861767	-2.958789	7.600219	22.794314	12.666824	-3.058923	-21.537075
4.957635	4.027732	-3.351450	6.021005	22.431795	12.443031	-2.970243	-21.538974
-6.583052	2.587798	-1.404246	3.617457	22.028268	12.191356	-2.878154	-21.541081
-4.382122	1.978279	-1.204052	3.425344	21.997023	12.172373	-2.871460	-21.541240
6.935872	1.344857	-0.999362	3.231505	21.965395	12.153263	-2.864753	-21.541399
-3.192415	-3.556593	1.558094	0.841512	21.549672	11.913024	-2.782824	-21.543398
-12.494105	-2.552457	3.555397	-1.400106	21.053446	11.653901	-2.698569	-21.545549
-2.499441	4.732869	4.450459	-3.604352	20.286316	11.304169	-2.590003	-21.548458
16.192869	3.991635	3.134636	-4.880434	19.317102	10.927287	-2.478069	-21.551606
-16.182957	3.866079	3.108209	-4.889307	19.304852	10.922885	-2.476787	-21.551642
-3.198256	3.737649	3.081549	-4.898058	19.292570	10.918479	-2.475505	-21.551679
14.403622	-7.000809	0.602886	-5.209409	18.325725	10.593816	-2.382431	-21.554409
-0.913138	-5.986911	-2.669207	-4.913218	17.183553	10.252955	-2.287328	-21.557295
-7.871941	4.231861	-6.310388	-3.822964	15.596260	9.820679	-2.169875	-21.560989
6.319914	9.799501	-7.992628	-2.078794	13.824388	9.367063	-2.049721	-21.564912
1.134776	9.842279	-7.993539	-2.054210	13.801298	9.361272	-2.048205	-21.564962
-6.323600	9.883808	-7.993854	-2.029636	13.778241	9.355491	-2.046692	-21.565013
9.287738	7.438491	-6.615610	-0.229072	12.105553	8.940659	-1.939150	-21.568646
10.919512	-4.632971	-2.899805	1.506001	10.357241	8.511245	-1.829739	-21.572454
-17.258474	-8.759531	9.831652	3.604295	6.337619	7.504424	-1.579254	-21.581585
-12.735697	5.877862	5.748278	1.676458	2.383635	6.438557	-1.320986	-21.591585
11.389213	2.405309	4.903007	1.602043	2.296787	6.414105	-1.315127	-21.591819
-11.025530	-1.167534	4.024280	1.526947	2.210074	6.389644	-1.309268	-21.592053
-8.072206	-4.146923	3.050072	1.444779	2.116185	6.363106	-1.302914	-21.592307
10.213930	-5.578214	2.070197	1.361800	2.022329	6.336523	-1.296552	-21.592562
-5.015259	-5.268532	1.142814	1.281567	1.932421	6.311006	-1.290448	-21.592806
-9.442432	-4.060148	0.243703	1.200676	1.842540	6.285446	-1.284337	-21.593052
4.860596	4.431120	-8.110791	-0.028218	0.532233	5.906962	-1.194146	-21.596710
4.863611	-3.736305	-9.003632	-1.232306	-0.757829	5.523205	-1.103229	-21.600471
-0.823429	1.356451	-2.825905	-2.609069	-2.511391	4.982703	-0.975956	-21.605855
-3.167813	3.312804	4.901582	-3.386903	-4.218925	4.433758	-0.847477	-21.611434
6.499648	-3.473352	7.005578	-3.300652	-5.962360	3.847444	-0.710950	-21.617522
-0.762027	-3.086001	4.446258	-2.258238	-7.640609	3.254063	-0.573345	-21.623825
-10.186663	-2.941802	4.298855	-2.202015	-7.705186	3.230612	-0.567916	-21.624077
10.306436	-2.795341	4.149647	-2.144880	-7.769656	3.207151	-0.562486	-21.624329
-6.707565	-0.909634	0.611262	-0.701212	-9.168825	2.685880	-0.441976	-21.630000
-13.494137	-0.112266	-2.571547	0.891570	-10.514793	2.160991	-0.320845	-21.635834
13.831033	2.162035	-4.449871	2.556438	-12.014460	1.545817	-0.179029	-21.642836
10.084272	3.961586	-3.607371	3.652726	-13.438243	0.928018	-0.036631	-21.650058
-13.441327	3.882858	-3.554523	3.669556	-13.469137	0.914210	-0.033448	-21.650222
1.097726	3.795467	-3.500103	3.686067	-13.500033	0.900383	-0.030260	-21.650386
12.740397	-2.535028	-0.635475	4.057077	-14.682117	0.357110	0.095062	-21.656911
-5.075363	-3.916716	2.109161	3.863441	-15.801928	-0.186374	0.220627	-21.663606
-10.879373	1.020122	3.224540	2.973508	-16.963734	-0.788548	0.360097	-21.671229
9.890158	3.962235	1.658994	1.511946	-18.031369	-1.388865	0.499631	-21.679060
1.334895	3.758726	1.559034	1.450096	-18.069154	-1.411155	0.504823	-21.679355
-9.819514	3.524130	1.456746	1.387816	-18.106825	-1.433460	0.510020	-21.679651
9.036715	-4.115986	-1.146043	-0.126027	-18.939350	-1.949885	0.630601	-21.686602
3.455441	-1.265455	-2.942273	-1.631834	-19.687123	-2.463273	0.751042	-21.693706
-7.594354	4.671551	-2.654953	-3.131487	-20.441097	-3.055029	0.890702	-21.702155
-2.646318	-3.428030	0.270566	-4.223072	-21.062043	-3.640588	1.029939	-21.710812
6.965588	-4.266129	0.467435	-4.275941	-21.095842	-3.676563	1.038531	-21.711354
-6.934396	-5.046799	0.659798	-4.327068	-21.129092	-3.712510	1.047121	-21.711897
-6.917590	-4.277284	2.648293	-4.861360	-21.540402	-4.219476	1.168784	-21.719687
6.484285	5.426777	2.662537	-5.040978	-21.833830	-4.719915	1.289922	-21.727637
-6.721644	0.181288	0.050902	-4.897991	-22.019895	-5.284361	1.427982	-21.736944
-7.836339	-5.209282	-2.432875	-4.545153	-22.053021	-5.838080	1.565112	-21.746460
7.870337	-5.091963	-2.459990	-4.535498	-22.052015	-5.851364	1.568425	-21.746694
7.041421	-4.956818	-2.484841	-4.525828	-22.050925	-5.864640	1.571736	-21.746927
-9.462627	4.793956	-2.042580	-4.161696	-21.953434	-6.352094	1.694137	-21.755675
-5.112534	3.602005	0.107193	-3.801556	-21.751698	-6.829276	1.815576	-21.764592
13.207476	-3.568520	2.305564	-3.446475	-21.433616	-7.325614	1.943729	-21.774273
-8.477195	-2.879780	2.356110	-3.131465	-21.020985	-7.809245	2.070570	-21.784146
-14.619467	-2.694323	2.310962	-3.117680	-21.000528	-7.830557	2.076208	-21.784591
14.659666	-2.502921	2.262579	-3.103866	-20.979894	-7.851857	2.081846	-21.785038
-9.564011	0.931760	0.716118	-2.803599	-20.516743	-8.287664	2.198190	-21.794389
-14.773352	1.883755	-1.215617	-2.444314	-19.993672	-8.711243	2.313198	-21.803904
13.790070	-0.684216	-2.654790	-1.924319	-19.362196	-9.161495	2.437817	-21.814538
5.550564	-1.626294	-2.426325	-1.226425	-18.683567	-9.595516	2.560600	-21.825371
-12.244491	-1.536449	-2.368401	-1.189582	-18.650924	-9.615386	2.566290	-21.825882
5.842940	-1.430791	-2.306234	-1.152359	-18.618185	-9.635232	2.571980	-21.826394
10.596107	1.784732	-0.429648	-0.359350	-17.966563	-10.014962	2.682143	-21.836467
-9.053496	1.800775	1.980550	0.544743	-17.297607	-10.379855	2.790573	-21.846705
-8.231759	-1.777114	3.627222	1.659006	-16.541456	-10.769504	2.909634	-21.858345
6.915245	-1.954938	2.920371	2.826987	-15.790046	-11.139014	3.026284	-21.870189
-4.594448	-1.810489	2.851155	2.872658	-15.760368	-11.153324	3.030885	-21.870666
-6.895315	-1.657110	2.779470	2.918157	-15.730721	-11.167601	3.035482	-21.871143
7.060528	1.486757	0.589484	3.856883	-15.086695	-11.473737	3.135786	-21.881742
0.560052	1.098721	-2.417915	4.598939	-14.467435	-11.763037	3.234034	-21.892499
-8.896891	-0.349747	-4.870200	5.064115	-13.812424	-12.067548	3.341952	-21.904785
3.857171	0.319105	-3.947084	5.025214	-13.210227	-12.349226	3.447033	-21.917270
10.087873	0.292535	-3.812195	5.013510	-13.187691	-12.359764	3.451082	-21.917763
-10.128052	0.256529	-3.669043	5.001071	-13.165225	-12.370266	3.455127	-21.918255
-9.730236	-0.833106	1.108283	4.514379	-12.662611	-12.603258	3.547516	-21.929747
11.641708	1.509106	5.539608	3.674108	-12.187751	-12.816187	3.637369	-21.941402
-12.445069	0.873010	5.781650	2.413097	-11.690889	-13.024758	3.732328	-21.954292
-6.144168	-2.739979	1.939595	0.911266	-11.204172	-13.207990	3.824043	-21.967375
-2.262957	-2.658962	1.636510	0.819336	-11.175628	-13.217953	3.829329	-21.968150
13.525690	-2.512202	1.327989	0.727255	-11.147076	-13.227827	3.834604	-21.968926
-14.490635	3.181306	-3.230136	-0.633055	-10.719910	-13.363872	3.911652	-21.980537
7.312971	1.630672	-5.860682	-1.885389	-10.282371	-13.479384	3.986041	-21.992294
16.279134	-4.041637	-5.850491	-3.054408	-9.745691	-13.587923	4.069732	-22.006261
4.074006	-1.447490	-2.985789	-3.810890	-9.171038	-13.666704	4.149535	-22.020429
-16.511959	-1.129948	-2.825298	-3.834511	-9.145209	-13.669419	4.152886	-22.021045
16.501944	-0.799527	-2.663198	-3.857444	-9.119267	-13.672078	4.156233	-22.021661
0.761120	5.269058	0.663751	-4.178523	-8.568662	-13.713762	4.222806	-22.034303
-14.845953	4.264186	3.190817	-4.246507	-7.972461	-13.731221	4.286248	-22.047101
13.220148	-6.437022	4.605100	-4.070013	-7.243969	-13.721453	4.353486	-22.061598
7.075806	-1.621437	4.530406	-3.677260	-6.442928	-13.680110	4.416813	-22.076288
-9.647541	7.117591	3.381764	-3.092174	-5.555637	-13.604607	4.477460	-22.091490
-1.007071	1.287769	1.729049	-2.357102	-4.607745	-13.494770	4.534049	-22.106894
8.160690	1.214041	1.718328	-2.352113	-4.601651	-13.493974	4.534390	-22.106991
-4.213454	1.140391	1.707662	-2.347143	-4.595584	-13.493181	4.534729	-22.107088
-7.225476	-7.000416	0.241635	-1.574869	-3.684974	-13.361956	4.582802	-22.121325
6.792459	1.038696	-0.813915	-0.735682	-2.738983	-13.200992	4.627513	-22.135730
-6.785106	1.512066	-0.852877	-0.693820	-2.692397	-13.192432	4.629593	-22.136432
-6.338648	1.962220	-0.890746	-0.651840	-2.645713	-13.183795	4.631667	-22.137135
3.014999	6.343004	-1.407595	0.187310	-1.713622	-12.998995	4.670924	-22.151063
7.571749	4.054091	-1.511168	1.025720	-0.762666	-12.786064	4.707132	-22.165143
-8.961688	-2.850197	-1.278913	1.961906	0.373319	-12.498497	4.745884	-22.181925
8.393879	-5.014640	-0.815062	2.769560	1.516637	-12.170472	4.780425	-22.198918
10.961350	-4.969091	-0.810762	2.774573	1.524645	-12.168031	4.780652	-22.199038
2.517335	-4.922332	-0.806443	2.779577	1.532652	-12.165587	4.780879	-22.199158
-12.964991	4.078885	-0.209588	3.302251	2.502230	-11.853991	4.806881	-22.213765
14.943341	4.428204	0.297220	3.624483	3.463384	-11.512149	4.829860	-22.228525
5.292910	-3.094347	0.396479	3.678283	4.591003	-11.063818	4.853342	-22.246342
-17.163566	-4.179603	-0.095381	3.270835	5.679692	-10.570898	4.872540	-22.264376
17.162079	-4.158368	-0.097476	3.268857	5.682671	-10.569442	4.872588	-22.264427
15.943776	-4.137180	-0.099552	3.266894	5.685619	-10.568000	4.872636	-22.264478
-16.012405	4.203947	-0.652911	2.412915	6.553891	-10.107272	4.885716	-22.280172
2.078733	0.745412	-0.378879	1.092229	7.318944	-9.612422	4.895640	-22.296025
11.405997	-4.219477	0.742408	-0.643952	8.012033	-9.015980	4.903027	-22.314000
-9.560554	4.028149	1.757050	-2.245944	8.485275	-8.375242	4.906461	-22.332172
-9.219011	4.046281	1.757700	-2.250445	8.486396	-8.373101	4.906466	-22.332231
9.552994	4.064201	1.758323	-2.254941	8.487515	-8.370960	4.906471	-22.332290
4.298229	3.009240	1.101240	-3.240486	8.682252	-7.777771	4.906232	-22.348232
-9.507004	-2.876453	-0.600268	-3.722903	8.646310	-7.150151	4.903025	-22.364321
10.593521	-3.942462	-2.743383	-3.542864	8.283101	-6.358565	4.895351	-22.383651
2.904708	4.514688	-3.465859	-2.518658	7.602675	-5.520049	4.883492	-22.403182
-11.867697	4.557746	-3.462909	-2.512520	7.599086	-5.516303	4.883431	-22.403268
-3.422835	4.600762	-3.459891	-2.506369	7.595493	-5.512555	4.883371	-22.403353
13.763602	-0.020387	1.684282	0.846643	5.625840	-3.830853	4.849961	-22.440381
-2.980602	-9.012241	3.906236	3.477859	3.013863	-2.031547	4.802036	-22.478075
-14.236929	-8.629864	3.889245	3.481428	3.005418	-2.026040	4.801872	-22.478189
14.235576	-8.243383	3.872053	3.484962	2.996970	-2.020532	4.801707	-22.478302
-0.866089	-4.960945	3.722413	3.512848	2.927019	-1.974976	4.800340	-22.479240
-14.210664	-1.744793	3.559953	3.538384	2.856870	-1.929371	4.798964	-22.480179
-6.517568	9.420767	-0.330703	3.644694	1.647872	-1.153695	4.774435	-22.496066
13.150591	-9.232688	-3.432613	3.238403	0.406234	-0.367461	4.747411	-22.512063
-11.974909	1.409762	-1.352699	2.245880	-1.124108	0.613012	4.710639	-22.531947
-6.866776	6.691141	2.493858	0.999894	-2.594404	1.600213	4.670083	-22.551993
10.441755	6.251193	2.520805	0.984700	-2.611421	1.612073	4.669574	-22.552234
-10.421644	5.807050	2.546951	0.969516	-2.628419	1.623934	4.669064	-22.552476
0.198910	-4.997191	2.422344	-0.131914	-3.846406	2.514527	4.629224	-22.570670
7.473659	3.474351	-0.238848	-1.123821	-4.918336	3.402485	4.586329	-22.588991
-4.220746	2.905126	-1.477274	-2.043754	-5.861997	4.357145	4.536413	-22.608982
-7.104175	-1.726471	-1.263143	-2.729719	-6.522652	5.299289	4.482926	-22.629115
7.195014	-1.799087	-1.241116	-2.762767	-6.556874	5.364806	4.479038	-22.630534
6.077656	-1.775452	-1.221795	-2.793038	-6.589393	5.430231	4.475132	-22.631953
-9.181478	2.081686	-1.065449	-2.935907	-6.847911	6.256234	4.423749	-22.650124
6.736816	-0.327174	-0.616405	-2.711086	-6.806014	7.063156	4.369514	-22.668406
14.527135	-3.961957	0.299509	-2.127299	-6.432536	7.940736	4.305400	-22.689008
-16.290909	2.421171	1.288042	-1.293439	-5.761109	8.787451	4.237721	-22.709744
-13.432918	2.885313	1.317927	-1.249017	-5.722311	8.827169	4.234390	-22.710740
16.371400	3.332499	1.344994	-1.204301	-5.682973	8.866782	4.231053	-22.711736
-7.228181	5.789502	1.174307	-0.359248	-4.871683	9.575687	4.168699	-22.729976
-15.374134	1.413914	-0.400087	0.446340	-3.906319	10.255744	4.103636	-22.748313
10.828563	-5.967213	-2.122462	1.233090	-2.594795	11.028065	4.022256	-22.770375
12.285733	-4.890297	-1.448846	1.724052	-1.165252	11.751778	3.937017	-22.792570
-12.262814	-4.622665	-1.403617	1.732414	-1.127666	11.769601	3.934789	-22.793139
2.908118	-4.342774	-1.357292	1.740576	-1.089997	11.787410	3.932555	-22.793709
11.923037	4.570702	0.666696	1.893050	0.215590	12.375281	3.854630	-22.813246
-12.230611	-1.932422	2.733427	1.798409	1.528736	12.920041	3.773763	-22.832881
-10.966549	-3.046025	3.425415	1.418388	2.913596	13.459048	3.682733	-22.854286
13.371762	2.314512	2.033250	0.781711	4.198665	13.940779	3.588258	-22.875801
-7.680057	2.477194	1.943088	0.749551	4.252009	13.960652	3.584012	-22.876753
-13.395359	2.623808	1.851801	0.717152	4.305024	13.980406	3.579759	-22.877704
1.607065	2.627501	-0.224925	-0.000717	5.339041	14.370049	3.488234	-22.897883
12.989202	-0.864287	-2.244324	-0.696989	6.168553	14.703833	3.393723	-22.918153
-12.308106	-3.306053	-3.767485	-1.271047	6.759769	14.991382	3.291187	-22.939551
11.551659	0.692590	-4.280770	-1.542982	7.000304	15.210960	3.185367	-22.961045
-6.064244	3.292848	-3.975215	-1.390429	6.820256	15.367441	3.069194	-22.984014
-10.867627	5.006793	-3.142632	-0.863785	6.221179	15.446126	2.949332	-23.007084
10.871317	5.039914	-3.130803	-0.855745	6.211676	15.446608	2.947872	-23.007362
-0.899705	5.073522	-3.118977	-0.847690	6.202145	15.447079	2.946416	-23.007638
-12.470660	3.913933	-0.619460	0.685420	4.112156	15.387998	2.707731	-23.051909
13.648935	-5.457631	3.113928	1.976017	1.259638	15.074518	2.456872	-23.096519
12.579134	-4.869702	3.152239	1.985338	1.223829	15.069400	2.453859	-23.097044
-13.642576	-4.261373	3.190131	1.994461	1.188039	15.064255	2.450849	-23.097569
-3.057105	-2.404183	3.300424	2.020463	1.081479	15.048769	2.441889	-23.099131
13.610827	-0.639435	3.406804	2.044770	0.974656	15.032990	2.432911	-23.100693
-13.117216	4.968816	4.162573	2.198697	-0.270222	14.829780	2.328032	-23.118805
-9.088480	4.643598	3.582562	2.113886	-1.507814	14.589556	2.221435	-23.136968
11.368290	2.755661	1.080404	1.689556	-2.998671	14.239398	2.086012	-23.159719
-1.310247	-2.631628	-2.096371	0.939539	-4.377063	13.835720	1.948164	-23.182544
-11.036618	-2.806497	-2.235826	0.896739	-4.438207	13.815451	1.941622	-23.183620
11.048168	-2.960103	-2.373196	0.853257	-4.499013	13.795055	1.935071	-23.184696
3.743321	-1.014149	-4.263706	-0.136004	-5.615368	13.368802	1.804489	-23.206015
-12.850065	2.356870	-3.397609	-1.314962	-6.537063	12.900262	1.672054	-23.227393
-1.784215	-1.000498	0.807040	-2.552962	-7.268927	12.342215	1.525370	-23.250815
13.868081	-2.917763	4.518218	-3.397097	-7.656799	11.738414	1.376762	-23.274302
-6.321118	-2.840364	4.558940	-3.409028	-7.661191	11.724074	1.373339	-23.274840
-13.831561	-2.753751	4.596806	-3.420548	-7.665367	11.709731	1.369919	-23.275378
12.500495	3.521612	3.988929	-3.576711	-7.654471	11.127816	1.234700	-23.296552
12.214675	0.324455	0.218569	-3.216909	-7.287126	10.511482	1.098159	-23.317773
-8.914660	-4.844279	-4.166770	-2.220990	-6.468258	9.762968	0.940154	-23.342155
6.328092	2.325680	-4.876658	-0.658999	-5.300092	8.970530	0.780704	-23.366594
9.049254	2.347861	-4.873474	-0.653869	-5.296327	8.968202	0.780246	-23.366664
-9.053628	2.370197	-4.870231	-0.648682	-5.292520	8.965849	0.779783	-23.366735
-5.593682	5.469440	-2.904932	1.005337	-4.055464	8.243004	0.639939	-23.388052
14.881686	2.175513	0.323341	2.625219	-2.673410	7.492647	0.499240	-23.409408
-10.183173	-4.909137	3.606474	3.975865	-1.051899	6.638780	0.343585	-23.432945
-20.647406	-3.351672	4.382219	4.450378	0.603520	5.758942	0.187161	-23.456524
20.681981	-2.657027	4.336845	4.440270	0.712595	5.699825	0.176773	-23.458087
-12.778023	-1.953687	4.280099	4.424502	0.821531	5.640583	0.166378	-23.459652
-19.741702	3.294280	2.392381	3.728984	2.250296	4.841033	0.027358	-23.480555
17.126461	-2.507968	-1.080772	2.324882	3.604010	4.027235	-0.112038	-23.501486
12.793738	-1.179032	-3.607522	0.162303	5.033803	3.058887	-0.275763	-23.526052
-9.891264	1.515528	-2.316472	-2.101736	6.222289	2.078938	-0.439710	-23.550652
-2.208399	1.468767	-2.245453	-2.146721	6.244220	2.058164	-0.443171	-23.551171
9.785931	1.417187	-2.172839	-2.191440	6.265978	2.037417	-0.446627	-23.551690
-7.849901	-1.813603	1.233480	-3.752915	7.014387	1.202362	-0.585338	-23.572519
-8.222604	-1.738791	3.029967	-4.608296	7.489029	0.363680	-0.723990	-23.593367
9.051367	3.810093	2.176984	-4.386544	7.653608	-0.622802	-0.886437	-23.617845
0.069864	-2.202854	-0.732473	-3.136236	7.409428	-1.609637	-1.048521	-23.642345
-10.598940	-2.536520	-0.860187	-3.068830	7.390891	-1.650532	-1.055235	-23.643362
10.914295	-2.860728	-0.986653	-3.000420	7.371690	-1.691452	-1.061952	-23.644380
12.133279	-6.588557	-2.935705	-1.422071	6.833128	-2.540728	-1.201439	-23.665549
-13.887178	-3.992606	-2.752504	0.261514	6.058324	-3.385015	-1.340423	-23.686729
-15.528578	9.543648	1.843037	3.587877	3.540401	-5.348016	-1.666537	-23.736849
14.039146	-5.996701	3.415105	4.378297	0.542439	-7.238367	-1.987994	-23.786999
-13.910684	-7.507226	3.397041	4.345827	0.444868	-7.297847	-1.998282	-23.788618
-8.979785	-8.740920	3.375511	4.309435	0.347484	-7.357216	-2.008564	-23.790238
13.698927	-9.263697	3.361342	4.286431	0.290771	-7.391795	-2.014559	-23.791183
-7.701168	-9.626680	3.345980	4.262139	0.234128	-7.426336	-2.020552	-23.792128
-13.507528	-9.962475	3.321978	4.225272	0.153410	-7.475568	-2.029101	-23.793476
13.397010	-10.212964	3.295521	4.185866	0.072843	-7.524721	-2.037645	-23.794824
6.450171	-10.009422	2.777748	3.531069	-0.881936	-8.109586	-2.140061	-23.811043
-11.476643	-6.732350	1.895968	2.602327	-1.802572	-8.681943	-2.241782	-23.827260
2.689162	-2.450027	0.145452	0.887412	-3.093006	-9.513273	-2.392698	-23.851537
10.899418	1.858727	-1.702935	-0.958992	-4.244590	-10.310626	-2.541810	-23.875807
-11.401850	7.300581	-3.123953	-2.659137	-5.226662	-11.076105	-2.690090	-23.900253
-1.033324	8.583459	-3.375277	-3.902972	-5.991571	-11.799806	-2.836238	-23.924685
12.266880	8.573138	-3.373727	-3.905727	-5.993506	-11.801916	-2.836674	-23.924759
-0.402858	8.562812	-3.372179	-3.908447	-5.995418	-11.804004	-2.837106	-23.924831
-13.243415	2.257221	-2.338604	-4.428444	-6.465154	-12.416467	-2.966705	-23.946812
14.310601	-4.580363	-0.605579	-4.373482	-6.705179	-12.989432	-3.094343	-23.968778
12.333738	-8.018168	1.455728	-3.739489	-6.700266	-13.580628	-3.234751	-23.993347
-16.669629	-5.745303	2.959877	-2.631455	-6.418900	-14.115228	-3.372399	-24.017891
3.892617	-5.729453	2.963055	-2.627550	-6.417683	-14.116736	-3.372805	-24.017964
16.676044	-5.713708	2.966192	-2.623682	-6.416476	-14.118227	-3.373207	-24.018036
-18.232476	8.075160	2.742434	0.404452	-5.258879	-14.970751	-3.626927	-24.064663
2.331010	1.303262	-1.596656	3.681512	-3.535447	-15.611685	-3.868998	-24.111169
17.921888	0.680056	-1.687774	3.740244	-3.492995	-15.623560	-3.874231	-24.112200
5.051401	0.034047	-1.776977	3.797909	-3.450411	-15.635334	-3.879457	-24.113230
-17.835749	-0.767878	-1.882920	3.866685	-3.398350	-15.649543	-3.885815	-24.114486
5.467155	-1.566474	-1.985667	3.933780	-3.346103	-15.663603	-3.892165	-24.115741
16.798946	-7.746241	-3.017013	4.707820	-2.552415	-15.854797	-3.985299	-24.134364
-15.471027	2.709854	-2.886116	5.020538	-1.737636	-16.013482	-4.076294	-24.152962
-8.934748	6.923285	-1.271744	4.781356	-0.628518	-16.177435	-4.196098	-24.178130
11.539882	0.212016	1.138325	3.918006	0.464516	-16.283491	-4.311671	-24.203246
-5.082201	0.193580	1.144414	3.915253	0.467150	-16.283681	-4.311948	-24.203308
-11.531770	0.175163	1.150502	3.912498	0.469785	-16.283870	-4.312226	-24.203369
10.397675	-4.515825	3.063055	2.832903	1.345181	-16.328380	-4.404525	-24.224113
0.029602	-5.337324	4.318308	1.517379	2.179543	-16.334565	-4.493711	-24.244818
-10.004719	-4.230559	4.449901	-0.206214	3.089374	-16.293611	-4.594467	-24.269112
11.212446	-1.693138	3.437939	-1.950883	3.900832	-16.201410	-4.690671	-24.293345
2.669547	-1.301210	3.373613	-2.027295	3.934812	-16.196048	-4.694909	-24.294439
-3.151873	-0.877252	3.308111	-2.103316	3.968521	-16.190587	-4.699136	-24.295531
-13.227310	5.231442	1.908799	-3.450325	4.554523	-16.068607	-4.777008	-24.316092
15.503147	-5.203325	0.332823	-4.559794	5.037809	-15.910696	-4.851568	-24.336606
10.518426	-6.666322	-1.885653	-5.411870	5.456555	-15.679221	-4.935176	-24.360710
-19.622635	4.807013	-4.384152	-5.603919	5.694604	-15.399352	-5.014227	-24.384742
19.635572	5.072859	-4.425432	-5.600051	5.697380	-15.393484	-5.015707	-24.385205
-6.807480	5.336622	-4.466189	-5.595877	5.700088	-15.387598	-5.017185	-24.385667
-19.495388	8.639904	-5.518709	-5.097076	5.752979	-15.112664	-5.080256	-24.405896
18.236349	-9.251802	-4.500099	-3.974337	5.683576	-14.804401	-5.140115	-24.426070
15.356165	-7.581280	-0.742379	-2.063766	5.453565	-14.393950	-5.207440	-24.450095
-13.116216	8.854386	3.153460	0.100264	5.079238	-13.939884	-5.270232	-24.474034
-8.252078	9.085880	3.250995	0.174658	5.063979	-13.923500	-5.272315	-24.474858
12.936541	9.273022	3.344715	0.248876	5.048571	-13.907068	-5.274393	-24.475681
-10.918078	5.019457	4.542941	1.982419	4.622286	-13.486229	-5.324032	-24.495986
-8.983970	-0.402008	4.114794	3.390183	4.115836	-13.038300	-5.370422	-24.516224
8.275499	-2.456058	2.466959	4.505697	3.454310	-12.497020	-5.419384	-24.539221
3.618268	-2.913912	0.377644	5.120921	2.718793	-11.926216	-5.464167	-24.562125
-8.051950	-3.006528	0.287129	5.137347	2.684561	-11.900150	-5.466065	-24.563144
6.259382	-3.110612	0.197354	5.152878	2.650193	-11.874013	-5.467956	-24.564162
8.650743	-4.385221	-1.297027	5.279159	1.955321	-11.351125	-5.503389	-24.584105
-9.812737	0.354417	-1.980786	5.084739	1.228635	-10.810195	-5.535666	-24.603975
-6.975449	2.685600	-1.538876	4.530609	0.387800	-10.183817	-5.568168	-24.626195
13.341670	-0.034739	-0.027146	3.753304	-0.465184	-9.540155	-5.596733	-24.648317
-9.665162	-0.272771	0.057104	3.710202	-0.511412	-9.504880	-5.598167	-24.649511
-13.524085	-0.508868	0.139453	3.667372	-0.557603	-9.469585	-5.599589	-24.650705
14.867461	-2.178060	0.962168	3.026855	-1.333098	-8.868365	-5.621854	-24.670790
-7.584075	1.480516	0.239766	2.625728	-2.094035	-8.257617	-5.640880	-24.690788
-16.039109	3.045470	-1.003356	2.310205	-2.913295	-7.566678	-5.658328	-24.713024
15.398953	-3.726080	-0.989068	1.914322	-3.684983	-6.869619	-5.671781	-24.735145
3.605751	-3.785025	-0.978204	1.908537	-3.694029	-6.861100	-5.671921	-24.735414
-15.370335	-3.841959	-0.967041	1.902711	-3.703088	-6.852559	-5.672060	-24.735683
6.199172	-2.897334	0.400660	1.395690	-4.345466	-6.219459	-5.680720	-24.755583
12.156429	2.661493	1.967857	0.729745	-4.924707	-5.585934	-5.686152	-24.775384
-9.148619	5.708901	2.373303	-0.208679	-5.479000	-4.886557	-5.688424	-24.797157
-9.589242	1.486670	0.387602	-1.326216	-5.929641	-4.189442	-5.686800	-24.818803
9.588068	1.377972	0.357103	-1.338894	-5.934043	-4.181662	-5.686760	-24.819045
1.121454	1.267914	0.326524	-1.351563	-5.938430	-4.173883	-5.686719	-24.819286
-10.099325	-5.714880	-2.120049	-2.315236	-6.244766	-3.541513	-5.681785	-24.838907
11.384934	2.684740	-3.504233	-2.990155	-6.442802	-2.913149	-5.673651	-24.858420
-2.635698	4.544852	-3.089638	-3.203111	-6.524370	-2.233335	-5.661149	-24.879582
-14.058721	-0.701681	-0.456387	-2.941435	-6.462765	-1.560318	-5.644882	-24.900614
-4.722617	-0.738681	-0.430696	-2.937784	-6.461730	-1.554985	-5.644737	-24.900781
14.067571	-0.775354	-0.404982	-2.934111	-6.460687	-1.549652	-5.644592	-24.900948
-8.070536	-2.961169	2.400029	-2.398742	-6.294466	-0.956784	-5.626909	-24.919557
-13.468909	-1.406313	4.312850	-1.672650	-6.037864	-0.369939	-5.606275	-24.938063
12.345179	1.957699	4.375155	-0.726226	-5.652948	0.287869	-5.579325	-24.958923
-8.261059	-1.030495	1.712858	0.228860	-5.185278	0.937152	-5.548622	-24.979649
-11.140120	-1.289381	1.494012	0.283988	-5.154675	0.976210	-5.546642	-24.980900
4.765894	-1.540098	1.271409	0.338637	-5.123821	1.015255	-5.544647	-24.982152
10.372749	-2.235591	-2.027292	1.045816	-4.659423	1.569790	-5.514629	-24.999992
-10.031482	2.816176	-4.399186	1.551238	-4.159436	2.117306	-5.481825	-25.017731
6.669390	-2.256477	-3.883815	1.802637	-3.554152	2.739267	-5.440584	-25.038051
10.639495	-4.716179	-0.859030	1.754815	-2.933688	3.351208	-5.395682	-25.058238
-10.653453	-4.576415	-0.789667	1.751568	-2.921804	3.362769	-5.394791	-25.058622
-8.020659	-4.427136	-0.720125	1.748244	-2.909919	3.374327	-5.393899	-25.059005
11.447708	5.554774	2.333932	1.517284	-2.354397	3.909955	-5.350741	-25.076861
-9.252299	2.569841	3.948971	1.175182	-1.800182	4.437000	-5.304718	-25.094611
-13.339035	-6.783521	4.062507	0.735170	-1.199556	5.002619	-5.251184	-25.113881
5.156721	-6.992823	3.001645	0.276510	-0.607454	5.557333	-5.194266	-25.133027
14.164900	-6.869910	2.931519	0.255060	-0.579544	5.583460	-5.191472	-25.133935
-7.104037	-6.746838	2.860110	0.233700	-0.551680	5.609544	-5.188673	-25.134843
-14.627205	-4.649166	1.250438	-0.163239	-0.009466	6.117724	-5.132026	-25.152647
14.738437	-2.957580	-0.512041	-0.487182	0.518774	6.615674	-5.072449	-25.170342
-14.517969	2.061252	-2.198630	-0.708240	1.073457	7.144821	-5.004405	-25.189447
-10.751374	6.025278	-3.214346	-0.744891	1.605381	7.661147	-4.932940	-25.208423
14.005287	6.033657	-3.221000	-0.744009	1.612020	7.667644	-4.932007	-25.208664
-6.833582	6.040493	-3.227471	-0.743090	1.618655	7.674139	-4.931074	-25.208905
-13.367292	3.328638	-3.234671	-0.596987	2.082123	8.128795	-4.863533	-25.225929
12.642359	-2.089498	-2.427690	-0.332071	2.540639	8.572402	-4.793233	-25.242850
9.134240	-4.001652	-0.795487	0.018417	3.050782	9.044654	-4.713193	-25.261239
-11.010497	-1.420797	1.137244	0.350246	3.585229	9.502953	-4.629892	-25.279504
-4.759217	-1.227380	1.215424	0.362968	3.609306	9.522593	-4.626190	-25.280297
10.944987	-1.031024	1.292396	0.375478	3.633442	9.542192	-4.622484	-25.281089
-7.948919	2.520601	2.506786	0.579596	4.162509	9.948908	-4.542952	-25.297726
-9.921348	2.362634	2.477667	0.625777	4.738698	10.343252	-4.460709	-25.314258
9.838325	-1.643605	0.659243	0.445679	5.443941	10.766426	-4.366199	-25.332499
0.185497	1.525728	-1.654946	0.093001	6.208761	11.173597	-4.268382	-25.350612
-10.232340	1.545874	-1.687522	0.084397	6.225538	11.182078	-4.266267	-25.350996
9.035240	1.559194	-1.718803	0.075776	6.242310	11.190540	-4.264152	-25.351379
10.965736	-1.241787	-1.971125	-0.303039	6.961622	11.539636	-4.173909	-25.367439
-11.890974	-2.023159	-0.659206	-0.668098	7.698417	11.875354	-4.081066	-25.383396
3.996354	2.396386	1.238224	-0.940945	8.531654	12.237930	-3.973145	-25.401287
13.486292	2.889095	1.950479	-0.920332	9.345611	12.582703	-3.861949	-25.419048
-12.035046	2.780579	1.941643	-0.916090	9.360947	12.589151	-3.859780	-25.419388
-13.495197	2.666775	1.931759	-0.911679	9.376293	12.595603	-3.857607	-25.419729
13.395810	-3.188826	0.640634	-0.545966	10.071005	12.887322	-3.755502	-25.435467
6.754416	-0.040724	-1.198022	0.056152	10.724891	13.164239	-3.650820	-25.451102
-11.989244	3.402145	-2.253669	0.783891	11.371894	13.446241	-3.534934	-25.467865
2.863349	-2.972973	-1.292049	1.416934	11.943775	13.710283	-3.416086	-25.484508
11.039321	-3.180066	-1.197379	1.445052	11.971375	13.723604	-3.409783	-25.485375
-3.451605	-3.341479	-1.099553	1.472577	11.998744	13.736883	-3.403468	-25.486244
-10.292159	-0.941774	0.890832	1.841410	12.439717	13.963375	-3.290447	-25.501543
9.758339	3.100894	2.498032	1.927229	12.791317	14.173827	-3.174914	-25.516740
-0.266320	0.796371	2.712150	1.590136	13.066652	14.388255	-3.043776	-25.533486
-8.817376	-2.878442	1.655700	0.760663	13.223805	14.582170	-2.909590	-25.550104
8.811487	-2.891647	1.639333	0.749478	13.224890	14.584170	-2.908110	-25.550284
0.469607	-2.903904	1.622928	0.738287	13.225958	14.586162	-2.906634	-25.550464
-8.259535	-1.072946	0.027144	-0.292963	13.269256	14.743559	-2.782266	-25.565423
7.686768	3.131134	-1.632091	-1.399394	13.225016	14.883588	-2.655429	-25.580277
6.067083	0.929356	-2.590178	-2.478971	13.083420	15.015575	-2.515198	-25.596258
-6.975386	-3.981811	-2.551079	-3.239042	12.849953	15.126836	-2.372107	-25.612115
4.922617	-4.149041	-2.523087	-3.266916	12.835767	15.131924	-2.364774	-25.612917
6.976854	-4.289360	-2.492564	-3.293695	12.821360	15.136958	-2.357434	-25.613717
-7.195598	-1.397048	-1.589136	-3.594814	12.531686	15.216970	-2.226781	-25.627787
-3.398572	6.177858	-0.215266	-3.602295	12.176867	15.280589	-2.093868	-25.641759
10.244197	4.832343	1.365532	-3.310032	11.698452	15.333315	-1.940238	-25.657505
10.311221	-8.809751	1.846369	-2.760461	11.144752	15.365701	-1.783735	-25.673126
-10.382347	-8.808224	1.824390	-2.732409	11.119651	15.366633	-1.777024	-25.673787
10.597790	-8.709273	1.798295	-2.703998	11.094408	15.367529	-1.770303	-25.674448
12.023807	5.064001	0.608418	-2.068138	10.556172	15.378000	-1.632917	-25.687802
-13.689506	10.511943	-1.026649	-1.365399	9.970173	15.373971	-1.493432	-25.701063
15.480160	-10.736216	-1.847597	-0.558825	9.236905	15.351556	-1.329361	-25.716299
1.482570	-5.100193	-0.248474	0.177938	8.450006	15.310500	-1.162516	-25.731410
-17.264812	9.597115	1.988815	0.929548	7.621346	15.251737	-0.994188	-25.746289
16.542916	3.479935	2.792265	1.828866	6.750837	15.175464	-0.823211	-25.761046
-5.100874	3.100828	2.788557	1.859521	6.724076	15.172904	-0.818031	-25.761488
-16.453651	2.724300	2.783258	1.890453	6.697254	15.170327	-0.812842	-25.761930
14.516246	-4.911743	1.925699	2.919765	5.870693	15.085057	-0.654698	-25.775259
9.049038	-6.497078	-0.079035	4.044994	5.018384	14.985973	-0.494436	-25.788487
-8.823054	-3.148326	-3.068316	5.255504	4.047027	14.860197	-0.314084	-25.803053
-3.949024	2.399214	-5.391253	6.260780	3.054652	14.718262	-0.131219	-25.817496
6.394162	2.497788	-5.418422	6.277175	3.035165	14.715342	-0.127636	-25.817776
-6.359934	2.595307	-5.444719	6.293451	3.015642	14.712412	-0.124045	-25.818056
-5.986958	4.811008	-5.438473	6.868545	2.107319	14.570420	0.043024	-25.830968
5.192782	2.845981	-2.655087	7.033567	1.192012	14.416013	0.212047	-25.843779
-5.328380	-1.654526	2.208719	6.704224	0.199615	14.235438	0.396995	-25.857522
-6.359329	-5.721177	6.811708	5.818172	-0.792485	14.041163	0.584123	-25.871147
6.392546	-5.856620	6.987677	5.760719	-0.840405	14.031431	0.593224	-25.871803
3.949215	-5.988233	7.157529	5.701855	-0.888349	14.021661	0.602337	-25.872459
-6.990622	-6.567322	9.049872	4.310580	-1.807983	13.827980	0.778381	-25.885011
1.767650	-0.872853	8.036124	2.477493	-2.723263	13.623229	0.956192	-25.897461
8.002795	7.524279	3.860464	0.136419	-3.724192	13.385295	1.154041	-25.911059
-3.834083	8.704302	-2.567174	-2.308528	-4.715075	13.134821	1.353903	-25.924534
-8.616927	8.654121	-2.615943	-2.325902	-4.722158	13.132975	1.355348	-25.924630
8.621835	8.602844	-2.664698	-2.343268	-4.729240	13.131129	1.356792	-25.924727
6.309388	-2.379085	-8.065602	-4.384179	-5.589817	12.900817	1.534113	-25.936470
-9.948701	-9.027782	-10.592891	-6.152801	-6.438980	12.661499	1.712891	-25.948118
10.654533	3.160679	-7.555972	-7.738906	-7.435449	12.364438	1.928171	-25.961902
5.749729	8.026375	-0.487207	-8.781546	-8.410375	12.055526	2.145388	-25.975552
-11.132745	7.978097	-0.413183	-8.789076	-8.419501	12.052544	2.147456	-25.975680
-3.479519	7.927803	-0.339144	-8.796565	-8.428624	12.049561	2.149523	-25.975809
11.316757	-1.070201	5.936370	-9.308467	-9.241745	11.776535	2.336574	-25.987361
-8.453442	-6.588619	9.605667	-9.530247	-10.035207	11.495598	2.524934	-25.998815
-11.213361	-0.741321	8.540671	-9.486869	-10.899880	11.171682	2.737579	-26.011540
11.084545	5.469833	4.617092	-9.165644	-11.739831	10.838744	2.951723	-26.024142
-3.411651	5.415558	4.572573	-9.160693	-11.748885	10.835057	2.954072	-26.024280
-11.082510	5.357234	4.528294	-9.155725	-11.757910	10.831379	2.956414	-26.024416
11.049136	-5.325986	1.447318	-8.649260	-12.489861	10.526110	3.149232	-26.035584
9.349915	-5.101387	-0.154031	-7.959920	-13.205582	10.214342	3.343149	-26.046655
-11.315988	3.289993	-0.594404	-7.014460	-13.974582	9.864966	3.557262	-26.058697
-2.740588	5.717054	-0.919010	-5.895572	-14.727769	9.508606	3.772581	-26.070622
11.641508	5.599789	-0.956932	-5.836939	-14.764167	9.491037	3.783123	-26.071201
-11.649573	5.460143	-0.997857	-5.777954	-14.800532	9.473452	3.793668	-26.071780
-12.000439	0.131190	-2.120329	-4.630394	-15.465610	9.146347	3.988664	-26.082410
12.319148	-5.585394	-3.337693	-3.382436	-16.120662	8.814315	4.184527	-26.092945
2.773019	-4.313822	-3.922931	-1.881829	-16.849252	8.434211	4.406483	-26.104716
-12.360067	1.663840	-3.449776	-0.324454	-17.568502	8.048737	4.629405	-26.116367
4.884424	1.934649	-3.403458	-0.253718	-17.600482	8.031379	4.639397	-26.116885
12.323076	2.195538	-3.354980	-0.182886	-17.632447	8.014011	4.649391	-26.117403
-11.792681	3.981611	-1.995457	1.212432	-18.248430	7.675986	4.843163	-26.127382
-4.966524	0.347550	-0.016481	2.674076	-18.860127	7.334611	5.037572	-26.137271
10.597440	-2.607214	1.898479	4.468106	-19.557366	6.939679	5.261082	-26.148494
-10.681632	0.978968	2.232615	6.431081	-20.252284	6.541226	5.485292	-26.159598
-9.616037	1.082946	2.204411	6.527631	-20.284718	6.522534	5.495782	-26.160114
10.735672	1.172167	2.172426	6.624548	-20.317130	6.503849	5.506266	-26.160629
-4.194182	1.485844	0.996748	8.467742	-20.924509	6.152557	5.702957	-26.170236
-12.891123	0.342030	-0.742122	10.170074	-21.532774	5.799277	5.900077	-26.179752
13.726270	-1.114043	-2.257635	11.652170	-22.281277	5.364006	6.142203	-26.191294
15.392913	-0.595159	-1.825802	12.029325	-23.035265	4.926760	6.384833	-26.202700
-15.397194	-0.563367	-1.809537	12.025917	-23.044285	4.921545	6.387724	-26.202835
-6.335908	-0.530622	-1.793010	12.022303	-23.053328	4.916318	6.390622	-26.202970
15.272768	1.621301	-0.204419	11.284617	-23.678906	4.555332	6.590650	-26.212254
-5.460983	-1.373832	1.760234	9.550435	-24.304344	4.193721	6.790915	-26.221448
-13.345310	-2.748932	2.744354	6.294931	-25.022114	3.773959	7.023419	-26.231996
12.245079	3.425282	0.863908	1.962824	-25.723324	3.354275	7.256108	-26.242422
1.737801	3.426645	0.855255	1.948554	-25.725439	3.352989	7.256822	-26.242454
-12.239607	3.427774	0.846508	1.934140	-25.727574	3.351691	7.257542	-26.242486
4.503548	-1.984845	-1.680768	-2.262455	-26.329753	2.979076	7.464494	-26.251651
11.538036	-4.272132	-2.818139	-6.199584	-26.905661	2.607276	7.671477	-26.260719
-11.849998	2.255499	-0.853861	-9.760667	-27.520351	2.186226	7.906649	-26.270907
-2.003416	4.144161	2.002559	-12.105557	-28.084116	1.767169	8.141732	-26.280970
12.614119	4.129306	2.015912	-12.116342	-28.087554	1.764484	8.143242	-26.281034
-12.620326	4.114111	2.029151	-12.127071	-28.090991	1.761798	8.144752	-26.281099
-5.264617	0.060952	2.763489	-13.038252	-28.535433	1.396527	8.350691	-26.289817
14.473080	-3.126578	1.412223	-12.839334	-28.927468	1.033526	8.556454	-26.298440
8.298681	-0.310368	-1.662784	-11.599727	-29.296193	0.631481	8.785838	-26.307952
-14.722681	1.824772	-3.195753	-9.891228	-29.589628	0.233182	9.014865	-26.317345
10.289736	1.820107	-3.194482	-9.886671	-29.590295	0.232146	9.015463	-26.317370
14.717787	1.815363	-3.193176	-9.882114	-29.590962	0.231109	9.016062	-26.317394
-13.399098	-1.483299	-1.061889	-8.365026	-29.789711	-0.125286	9.222719	-26.325783
-7.402515	-0.131974	2.480680	-6.998473	-29.924429	-0.477887	9.428982	-26.334076
9.295458	1.546219	4.248699	-5.719185	-29.997597	-0.865175	9.657867	-26.343186
-5.347877	-1.940046	1.057810	-4.710187	-29.988387	-1.246904	9.886137	-26.352178
-7.727557	-1.941890	1.043293	-4.707349	-29.988231	-1.248062	9.886834	-26.352205
7.724484	-1.943599	1.028762	-4.704513	-29.988074	-1.249219	9.887530	-26.352232
5.204875	1.114912	-3.126020	-3.900825	-29.911348	-1.575931	10.085176	-26.359943
-7.746783	3.082322	-5.262964	-2.995457	-29.769767	-1.898174	10.282253	-26.367565
9.045074	-3.972098	-2.345342	-1.632203	-29.511869	-2.279504	10.518274	-26.376606
-3.754001	-1.553247	2.729368	-0.124252	-29.155893	-2.654362	10.753327	-26.385519
-10.885878	-1.512845	2.751431	-0.117023	-29.153939	-2.656150	10.754455	-26.385561
-5.571102	-1.472470	2.773306	-0.109840	-29.151994	-2.657927	10.755577	-26.385603
12.601031	5.638859	5.338519	1.103639	-28.772007	-2.969676	10.953431	-26.393036
-13.432662	3.970538	4.377660	2.144345	-28.318740	-3.276801	11.150488	-26.400376
-15.791413	-3.547114	0.841620	3.125868	-27.730108	-3.611209	11.367519	-26.408391
16.849484	-6.733895	-2.535126	4.012805	-27.048031	-3.939949	11.583441	-26.416293
6.462357	-0.735311	-3.524923	4.893814	-26.263241	-4.265848	11.800082	-26.424152
-16.918509	5.904599	-2.363792	5.819680	-25.379291	-4.585989	12.015469	-26.431898
8.195822	5.912553	-2.358701	5.822255	-25.376822	-4.586828	12.016036	-26.431918
16.914501	5.920426	-2.353601	5.824830	-25.374352	-4.587666	12.016603	-26.431938
-15.909795	3.137252	-0.165900	6.819643	-24.441553	-4.886086	12.219750	-26.439182
3.022057	-4.260546	1.745601	8.004866	-23.415865	-5.179331	12.421654	-26.446325
14.695018	-4.244398	1.757823	8.020318	-23.403181	-5.182765	12.424033	-26.446409
3.146498	-4.223764	1.769688	8.035807	-23.390483	-5.186200	12.426411	-26.446492
-13.725157	3.405880	1.712745	9.406212	-22.312290	-5.463305	12.619392	-26.453265
13.095144	0.809311	0.385349	10.921007	-21.145002	-5.735602	12.811105	-26.459944
1.923331	-2.044867	-0.895109	12.599857	-19.751995	-6.030433	13.021079	-26.467203
-12.261909	-0.879408	-0.625694	14.119113	-18.246556	-6.319425	13.229388	-26.474347
9.504954	-0.818467	-0.608234	14.146118	-18.216313	-6.324958	13.233400	-26.474484
12.242404	-0.756852	-0.590499	14.172976	-18.186076	-6.330479	13.237406	-26.474621
-9.623768	1.365338	0.398184	15.286437	-16.745798	-6.582608	13.421311	-26.480881
-11.091590	0.263717	1.162725	16.108651	-15.213210	-6.830117	13.603798	-26.487051
10.519538	-1.353522	0.889438	16.562028	-13.411473	-7.098116	13.803641	-26.493760
-10.232013	1.581353	-0.859000	16.329714	-11.494591	-7.360469	14.001623	-26.500360
-1.660560	1.543047	-0.971546	16.291552	-11.375836	-7.376051	14.013456	-26.500754
3.368948	1.456151	-1.081422	16.250598	-11.256744	-7.391605	14.025277	-26.501146
10.339459	-1.922046	-2.122153	15.327183	-9.475320	-7.616249	14.196962	-26.506827
-10.761015	-1.141313	-1.578018	13.794094	-7.618191	-7.836561	14.367118	-26.512425
11.563866	2.626992	0.384892	11.221545	-5.272800	-8.098425	14.571749	-26.519113
7.862150	0.035451	2.352738	8.035646	-2.847786	-8.353900	14.773983	-26.525678
-12.465682	0.015681	2.359775	8.020730	-2.837110	-8.354995	14.774856	-26.525706
-3.472662	-0.004099	2.366793	8.005805	-2.826432	-8.356091	14.775729	-26.525734
13.107770	-3.133183	3.305115	5.016247	-0.776413	-8.562292	14.940929	-26.531064
-11.884266	-2.813563	3.238920	1.748821	1.303376	-8.764126	15.104391	-26.536309
-13.676496	1.275909	1.808411	-2.209373	3.723758	-8.991407	15.290634	-26.542252
13.345103	3.743594	-0.498603	-6.165645	6.152097	-9.212882	15.474439	-26.548084
-2.920529	3.554741	-0.611242	-6.342100	6.262499	-9.222821	15.482743	-26.548347
-13.289591	3.333024	-0.723883	-6.518084	6.372881	-9.232748	15.491042	-26.548609
11.173698	-3.460265	-2.806787	-9.911029	8.576329	-9.428983	15.656102	-26.553815
11.687170	-3.983516	-3.947648	-12.943135	10.758177	-9.620395	15.819020	-26.558929
-10.941823	3.726847	-3.463557	-15.609196	13.051765	-9.819641	15.990718	-26.564293
2.181636	-0.910918	-1.925011	-17.550468	15.290868	-10.013386	16.159855	-26.569551
10.628184	-1.239917	-1.823484	-17.642989	15.423715	-10.024882	16.169961	-26.569864
-8.252928	-1.529492	-1.722583	-17.732650	15.556241	-10.036353	16.180053	-26.570177
-10.863094	-2.116074	-0.300003	-18.745647	17.529973	-10.207578	16.331664	-26.574867
11.446340	0.231304	0.928711	-19.109296	19.435962	-10.374230	16.481041	-26.579470
0.766287	0.528217	2.203418	-18.739383	21.494387	-10.556502	16.646589	-26.584552
-12.735304	-0.443816	3.369701	-17.545663	23.454337	-10.732970	16.809171	-26.589523
12.741894	-0.456948	3.400088	-17.491986	23.517618	-10.738724	16.814512	-26.589686
8.657756	-0.468877	3.429646	-17.437406	23.580785	-10.744472	16.819850	-26.589849
-12.626841	-0.444433	3.895429	-15.635106	25.233918	-10.896382	16.961889	-26.594176
-4.236824	0.297037	3.688654	-13.191922	26.803082	-11.043691	17.101471	-26.598416
11.196249	2.337355	2.654896	-9.823586	28.427899	-11.200311	17.252013	-26.602976
-5.658748	4.323585	0.804153	-5.862186	29.944455	-11.351372	17.399464	-26.607431
-10.204281	4.284316	0.701151	-5.669147	30.011488	-11.358180	17.406164	-26.607633
10.163513	4.225309	0.596775	-5.475316	30.078284	-11.364977	17.412858	-26.607835
-1.916438	0.020209	-1.529117	-1.591521	31.326174	-11.494436	17.541323	-26.611708
-9.047612	-5.632610	-3.246691	2.421805	32.482550	-11.619487	17.667238	-26.615497
8.994335	-5.368894	-3.727382	7.062239	33.714170	-11.759989	17.811042	-26.619819
-1.676828	4.877344	-2.297644	11.419300	34.813345	-11.894469	17.951229	-26.624027
-8.131148	5.106424	-2.225978	11.555093	34.847196	-11.898790	17.955777	-26.624164
-9.538333	5.314327	-2.153137	11.690321	34.880900	-11.903104	17.960321	-26.624300
10.409105	4.310614	0.066913	15.052515	35.722955	-12.015519	18.079776	-26.627883
-7.671916	-1.860890	2.226535	17.855548	36.457647	-12.123374	18.196402	-26.631379
-12.839590	-3.604014	3.421652	20.124665	37.143724	-12.237701	18.322426	-26.635156
13.948883	2.959031	2.896458	21.327845	37.690783	-12.346486	18.444914	-26.638827
2.954625	3.072186	2.818141	21.365774	37.720973	-12.353260	18.452632	-26.639058
-14.061426	3.112903	2.735883	21.398935	37.750578	-12.360011	18.460335	-26.639289
0.688427	-0.420408	1.336404	21.393301	38.100848	-12.451166	18.565469	-26.642441
14.758941	-2.777785	-0.029272	20.605038	38.342767	-12.538024	18.667777	-26.645510
-14.458239	2.742680	-0.874806	18.890554	38.493884	-12.632497	18.781745	-26.648931
-4.260387	-2.273327	-1.299582	16.485056	38.517857	-12.721374	18.891927	-26.652244
13.708837	-2.546027	-1.313329	16.395422	38.516573	-12.724230	18.895521	-26.652352
-8.533550	-2.817535	-1.327292	16.305151	38.515156	-12.727083	18.899114	-26.652460
-11.778743	-0.801381	-2.101965	10.308563	38.217397	-12.882921	19.101411	-26.658561
10.740926	3.992971	-0.955666	3.662393	37.539106	-13.017939	19.289057	-26.664253
-1.862940	3.110776	-0.928486	3.604684	37.531785	-13.019013	19.290611	-26.664300
-10.741623	2.212965	-0.900998	3.547092	37.524454	-13.020084	19.292160	-26.664348
5.502302	-1.091881	-0.796926	3.334979	37.497239	-13.024016	19.297862	-26.664521
10.751195	-4.056477	-0.689092	3.122972	37.469693	-13.027929	19.303551	-26.664695
-11.015717	-1.231857	0.668641	0.582192	37.110318	-13.073826	19.371505	-26.666769
-3.554435	4.536414	1.365249	-1.832681	36.708086	-13.116656	19.437234	-26.668782
12.332204	-2.012324	0.230136	-4.894770	36.084610	-13.171121	19.524893	-26.671480
-12.869888	-4.179722	-1.168046	-7.662757	35.395059	-13.219729	19.608232	-26.674061
-6.280290	-4.152819	-1.172491	-7.686445	35.388620	-13.220138	19.608959	-26.674084
12.874384	-4.125163	-1.176714	-7.710115	35.382176	-13.220546	19.609685	-26.674107
-0.569259	0.047498	-0.790363	-9.844397	34.764447	-13.256460	19.675647	-26.676163
-12.460314	3.010758	0.373596	-11.870510	34.113446	-13.288372	19.738604	-26.678139
4.155800	-0.235923	1.332286	-14.167415	33.295555	-13.321444	19.810235	-26.680406
10.709390	-1.963837	0.763528	-16.297509	32.447426	-13.348837	19.877530	-26.682558
-10.692815	-1.905845	0.734474	-16.332270	32.432646	-13.349259	19.878648	-26.682594
0.932642	-1.844061	0.704697	-16.366961	32.417860	-13.349678	19.879765	-26.682630
9.871753	2.127055	-1.107014	-18.012035	31.667001	-13.368667	19.934341	-26.684393
-6.401038	-1.274013	-1.797243	-19.422344	30.907321	-13.383490	19.985681	-26.686071
-8.535625	-3.676612	-0.809453	-20.682344	30.051624	-13.395227	20.039483	-26.687851
8.165621	4.664887	1.283382	-21.637911	29.201620	-13.401837	20.089237	-26.689524
-3.709253	4.690780	1.292163	-21.641845	29.197548	-13.401857	20.089468	-26.689531
-8.163523	4.716068	1.300851	-21.645748	29.193502	-13.401876	20.089696	-26.689539
-1.024274	3.775581	2.287169	-22.265745	28.455008	-13.403467	20.130246	-26.690924
8.182562	-0.374391	2.191699	-22.714955	27.734053	-13.401175	20.167683	-26.692225
-8.412363	-1.166072	1.179784	-23.071974	26.937226	-13.393846	20.206790	-26.693612
-2.611476	-7.550683	-0.271744	-23.318119	26.180625	-13.381576	20.241875	-26.694889
8.676703	-7.575523	-0.280348	-23.319286	26.176408	-13.381491	20.242065	-26.694896
2.970323	-7.599917	-0.288948	-23.320451	26.172193	-13.381406	20.242255	-26.694903
-8.880739	-4.660995	-1.530861	-23.472250	25.545981	-13.366496	20.269854	-26.695937
9.032297	8.310809	-2.444974	-23.583032	24.964650	-13.347864	20.294373	-26.696885
-9.142446	5.384560	-2.862742	-23.671894	24.384870	-13.323156	20.317801	-26.697828
-2.194904	-5.403873	-2.828994	-23.711555	23.875325	-13.294097	20.337566	-26.698668
9.212498	-5.556759	-2.825625	-23.711683	23.866255	-13.293495	20.337911	-26.698684
4.698205	-5.705090	-2.822187	-23.711783	23.857214	-13.292891	20.338255	-26.698699
-9.253936	-8.874262	-2.616481	-23.682634	23.466081	-13.262732	20.352897	-26.699367
-3.208671	-8.716691	-2.422765	-23.579409	23.144786	-13.229126	20.364584	-26.699951
6.610287	-7.054934	-2.267283	-23.392775	22.882532	-13.189726	20.373786	-26.700479
