-28.180497	-7.512479	-3.099501	9.588094	-12.457746	-34.738037	2.769994	5.716616	15.501782	-40.936129
-5.234530	-7.512167	-3.250453	9.833628	-12.533875	-34.730434	2.778100	5.714708	15.500537	-40.935471
4.058339	-6.939123	-3.570421	10.123790	-12.590265	-34.701520	2.786125	5.712202	15.499219	-40.934806
-3.307873	-1.226333	-5.271948	11.323228	-12.621738	-34.440370	2.813051	5.699028	15.494145	-40.932480
-4.877402	6.493977	-6.155238	12.475894	-12.363548	-33.940231	2.839054	5.678679	15.488213	-40.930080
4.908522	6.772218	-6.137605	12.518787	-12.343922	-33.911902	2.840223	5.677574	15.487921	-40.929968
4.290199	7.035970	-6.113076	12.560438	-12.323559	-33.883091	2.841390	5.676452	15.487626	-40.929857
-5.647245	7.709384	-4.383818	13.075326	-11.793214	-33.251547	2.863156	5.652291	15.481703	-40.927707
6.540355	-0.782632	-0.813676	12.947494	-10.966661	-32.466560	2.884164	5.622629	15.475127	-40.925501
4.741946	-7.925231	3.308424	11.823083	-9.649540	-31.407551	2.906949	5.582402	15.466889	-40.922937
-8.847916	-6.895898	5.387656	9.479956	-7.948936	-30.184813	2.928528	5.535176	15.457808	-40.920302
-4.827127	0.935367	5.433516	5.872688	-5.943670	-28.831402	2.948530	5.481639	15.447993	-40.917625
10.477229	7.929767	3.702145	1.256815	-3.697927	-27.352017	2.966999	5.421424	15.437348	-40.914879
-3.382652	8.088234	3.572066	1.023555	-3.586417	-27.278693	2.967837	5.418391	15.436820	-40.914747
-10.515091	8.225849	3.437288	0.789620	-3.474493	-27.205076	2.968672	5.415341	15.436290	-40.914614
-10.288083	7.278824	0.127064	-3.777684	-1.220979	-25.712300	2.984228	5.352444	15.425496	-40.911974
-1.371258	0.934633	-3.296443	-7.824533	1.090203	-24.139326	2.998081	5.283892	15.413970	-40.909273
1.332927	0.517322	-3.446497	-8.008415	1.211003	-24.055346	2.998754	5.280163	15.413348	-40.909130
6.426174	0.096478	-3.592038	-8.188913	1.331757	-23.971189	2.999422	5.276419	15.412725	-40.908988
9.738571	-6.942307	-5.176036	-10.796757	3.544495	-22.384586	3.010818	5.204446	15.400832	-40.906317
-8.889400	-8.046937	-3.658035	-11.718142	5.685233	-20.750224	3.020293	5.127401	15.388253	-40.903590
7.744037	1.343300	1.889098	-10.731045	7.970330	-18.876152	3.028431	5.035089	15.373328	-40.900463
-3.493337	7.502347	5.914617	-7.628062	9.989351	-16.975441	3.033714	4.936658	15.357533	-40.897265
-6.372902	7.464666	5.953760	-7.366636	10.101389	-16.857479	3.033941	4.930376	15.356528	-40.897065
-6.407937	7.362041	5.959515	-7.097091	10.211685	-16.739487	3.034157	4.924071	15.355520	-40.896864
-2.610143	0.920155	3.162228	-2.639234	11.552947	-15.081538	3.035901	4.833137	15.341008	-40.894022
4.827106	-6.663182	-2.342593	2.271401	12.425557	-13.430029	3.035132	4.737810	15.325837	-40.891125
1.767747	-3.121940	-7.171746	6.976221	12.695492	-11.528063	3.030846	4.621257	15.307314	-40.887678
-4.852754	5.453212	-6.165570	9.476274	11.983723	-9.668320	3.022665	4.499034	15.287890	-40.884158
4.887862	5.456874	-5.934602	9.535989	11.924146	-9.583855	3.022190	4.493265	15.286973	-40.883994
-4.924757	5.376361	-5.685858	9.590989	11.862068	-9.499513	3.021706	4.487484	15.286054	-40.883830
5.895402	-4.889064	0.872753	9.753369	10.215420	-7.930786	3.010858	4.376059	15.268320	-40.880697
1.677471	-3.065731	6.284571	8.228880	7.712986	-6.417132	2.996667	4.260563	15.249897	-40.877507
-8.581537	3.865590	7.535495	4.333968	4.062062	-4.755565	2.975956	4.122619	15.227818	-40.873763
9.502424	-2.980906	2.072319	-1.001457	-0.021185	-3.197186	2.950321	3.979580	15.204820	-40.869944
2.986520	-3.235187	1.766586	-1.227319	-0.193340	-3.135210	2.949152	3.973559	15.203849	-40.869785
-9.542390	-3.458869	1.458806	-1.452333	-0.365508	-3.073439	2.947973	3.967529	15.202876	-40.869625
-9.485774	-1.735775	-4.314237	-5.732351	-3.940321	-1.823015	2.921075	3.838695	15.182046	-40.866236
9.237793	3.201851	-5.564232	-8.219461	-7.238885	-0.674500	2.890063	3.706244	15.160515	-40.862790
4.107113	0.260149	-1.602442	-7.716156	-10.337721	0.506308	2.849099	3.549628	15.134891	-40.858757
-8.086768	-3.499883	3.111390	-4.580014	-12.354102	1.522269	2.802208	3.388539	15.108335	-40.854650
-6.105251	-3.447132	3.212943	-4.412128	-12.412473	1.560587	2.800133	3.381767	15.107214	-40.854478
8.064179	-3.367680	3.302841	-4.241838	-12.468861	1.598621	2.798045	3.374983	15.106090	-40.854306
-0.075805	2.087544	2.983092	-0.320143	-13.180862	2.321899	2.751799	3.231105	15.082173	-40.850668
-8.234306	4.207470	0.505906	3.573324	-12.986877	2.900274	2.700684	3.084077	15.057545	-40.846973
8.548405	-4.709775	-0.948966	6.478551	-11.643960	3.394682	2.635706	2.911361	15.028364	-40.842656
-0.786465	0.119480	-0.404975	6.653692	-9.106855	3.721488	2.563810	2.734794	14.998239	-40.838263
-8.643875	0.543675	-0.355328	6.594847	-8.963102	3.732616	2.560371	2.726672	14.996846	-40.838062
8.636440	0.964896	-0.304889	6.530406	-8.816828	3.743436	2.556914	2.718538	14.995450	-40.837860
6.940410	5.794362	0.459135	4.427520	-5.603231	3.892083	2.487687	2.560959	14.968281	-40.833954
-7.539168	1.971812	0.056388	1.406829	-1.852866	3.935310	2.412996	2.400683	14.940387	-40.829991
6.410253	-7.116122	-0.977943	-2.073330	2.599455	3.868821	2.321610	2.215303	14.907788	-40.825415
6.084578	-7.266302	-1.057745	-4.740136	6.791892	3.692959	2.223672	2.026729	14.874245	-40.820763
-0.557095	-6.523552	-0.998808	-4.881784	7.068192	3.676646	2.216460	2.013189	14.871822	-40.820429
-5.039107	-5.678865	-0.930541	-5.016234	7.340773	3.659849	2.209214	1.999627	14.869392	-40.820095
4.197767	5.763117	0.351966	-6.047845	10.265722	3.421924	2.119524	1.835097	14.839752	-40.816036
-3.696722	7.943212	1.491258	-5.897113	12.402130	3.124495	2.025540	1.668455	14.809415	-40.811923
8.094587	-4.859152	-0.603127	-1.170611	14.514007	2.244424	1.789508	1.269844	14.735504	-40.802056
9.062247	-8.124769	-2.069288	5.080573	13.330815	1.193351	1.533993	0.861465	14.657720	-40.791886
5.216022	-2.578758	-1.970963	5.212763	13.252819	1.159149	1.525865	0.848777	14.655268	-40.791568
-9.485665	3.168954	-1.861560	5.338732	13.172641	1.124837	1.517717	0.836074	14.652812	-40.791251
-4.783955	5.721632	-1.807390	5.395130	13.134647	1.108854	1.513924	0.830165	14.651669	-40.791103
9.684748	8.081493	-1.751399	5.450087	13.096241	1.092869	1.510131	0.824262	14.650526	-40.790955
-12.077159	4.648061	0.365768	6.392807	11.830682	0.627667	1.400169	0.654526	14.617468	-40.786699
-1.481904	-4.620854	2.572289	5.993361	10.324880	0.150745	1.287673	0.483474	14.583755	-40.782392
12.427190	-4.757655	2.695604	5.912513	10.210093	0.116403	1.279560	0.471231	14.581326	-40.782083
7.824990	-4.917822	2.811564	5.824741	10.094399	0.082025	1.271436	0.458981	14.578894	-40.781773
-10.150810	-6.941876	3.211022	3.874890	8.307630	-0.424191	1.151273	0.279070	14.542930	-40.777218
1.856811	-1.700294	0.437480	1.149792	6.377461	-0.933189	1.028829	0.097945	14.506251	-40.772607
2.823402	5.642101	-3.978799	-2.346075	3.985280	-1.529661	0.882031	-0.116754	14.462142	-40.767106
-1.015739	0.314918	-5.541791	-5.411701	1.537638	-2.115648	0.732750	-0.332834	14.417035	-40.761528
0.996253	-0.980295	-5.505684	-5.528875	1.425666	-2.142063	0.725871	-0.342744	14.414949	-40.761271
-0.980406	-2.249511	-5.458907	-5.643483	1.313748	-2.168439	0.718988	-0.352656	14.412861	-40.761014
0.899102	-4.004329	-2.551014	-7.303712	-0.773759	-2.656811	0.588626	-0.539729	14.373153	-40.756144
-1.146217	3.258371	3.292430	-7.984019	-2.790206	-3.126192	0.456957	-0.727588	14.332702	-40.751217
2.276656	-0.334315	8.531293	-7.536864	-4.987125	-3.638556	0.303452	-0.945555	14.285020	-40.745450
-4.015267	-1.732691	8.374697	-5.706128	-7.057848	-4.111303	0.148875	-1.164272	14.236339	-40.739607
-4.527960	-1.616692	8.186635	-5.589286	-7.148990	-4.131691	0.141842	-1.174212	14.234107	-40.739340
1.899121	-1.485639	7.981759	-5.469540	-7.239887	-4.151982	0.134806	-1.184153	14.231872	-40.739073
6.782099	1.218022	2.185610	-2.615599	-8.977618	-4.530565	-0.003988	-1.380155	14.187439	-40.733779
-8.341642	-0.953233	-2.940680	0.840744	-10.604983	-4.865413	-0.143069	-1.576506	14.142203	-40.728424
3.241674	0.227120	-8.332183	4.921066	-12.323351	-5.189977	-0.303387	-1.803094	14.089065	-40.722176
8.712987	1.161449	-12.747315	8.374282	-13.850403	-5.440830	-0.463342	-2.029808	14.034854	-40.715845
-3.347011	1.149430	-12.767048	8.389860	-13.858096	-5.441971	-0.464205	-2.031034	14.034558	-40.715811
-8.705020	1.137218	-12.786621	8.405312	-13.865741	-5.443103	-0.465063	-2.032253	14.034264	-40.715776
7.860738	-1.607494	-14.268002	10.299636	-15.008744	-5.593061	-0.602420	-2.227757	13.986634	-40.710250
-2.389376	0.219972	-10.015967	10.879606	-15.986291	-5.676554	-0.738959	-2.423116	13.938200	-40.704662
-6.113055	3.118565	-0.627602	10.095208	-16.885845	-5.685560	-0.886551	-2.635748	13.884492	-40.698502
4.464160	0.904321	9.840103	7.953940	-17.574273	-5.602303	-1.032524	-2.847917	13.829824	-40.692269
6.214568	0.717979	10.415536	7.780171	-17.608490	-5.594008	-1.041449	-2.860961	13.826427	-40.691883
1.513193	0.539330	10.975697	7.601780	-17.641662	-5.585340	-1.050361	-2.873996	13.823028	-40.691496
-7.514308	-2.425137	16.649311	4.533126	-17.997107	-5.418174	-1.177539	-3.061038	13.773781	-40.685916
9.863669	-6.394272	15.713596	0.645141	-18.097701	-5.169236	-1.302842	-3.247483	13.723782	-40.680279
8.258217	-0.001488	5.485320	-4.330753	-17.831630	-4.778135	-1.446359	-3.464175	13.664479	-40.673629
0.192441	8.886405	-7.783113	-8.995873	-17.076468	-4.288517	-1.586552	-3.679763	13.604143	-40.666901
-8.248819	9.018750	-8.314008	-9.184093	-17.029995	-4.264509	-1.592735	-3.689373	13.601421	-40.666598
-18.221821	9.112211	-8.833741	-9.369974	-16.982375	-4.240328	-1.598909	-3.698981	13.598697	-40.666295
-8.618679	4.272693	-16.414667	-12.416238	-15.817509	-3.736954	-1.717437	-3.885366	13.545297	-40.660374
14.699246	-6.725797	-18.357815	-14.004544	-14.166349	-3.176086	-1.832694	-4.070677	13.491110	-40.654394
25.089629	-12.367867	-12.038967	-13.533366	-11.653835	-2.469516	-1.960806	-4.282410	13.427795	-40.647441
-23.488661	1.728822	2.895755	-10.929082	-8.605687	-1.708410	-2.083611	-4.492414	13.363436	-40.640410
7.214220	2.678128	3.602939	-10.776045	-8.463635	-1.674319	-2.088813	-4.501487	13.360619	-40.640103
23.198873	3.625148	4.306630	-10.620047	-8.320876	-1.640149	-2.094004	-4.510557	13.357800	-40.639796
-19.100091	14.161259	16.108903	-6.939928	-5.332167	-0.940336	-2.195584	-4.691435	13.300924	-40.633615
-11.422887	2.069399	19.644210	-2.442627	-2.165944	-0.216332	-2.292387	-4.870774	13.243253	-40.627374
7.559122	-15.334410	13.671778	3.248817	1.559111	0.635326	-2.397239	-5.074729	13.176028	-40.620133
-1.672622	-4.859006	0.265139	8.843500	5.231933	1.497413	-2.494815	-5.276345	13.107751	-40.612814
-3.229459	-3.507032	-0.454759	9.094264	5.403018	1.538553	-2.499274	-5.285890	13.104471	-40.612463
3.119102	-2.158055	-1.175529	9.342754	5.573511	1.579663	-2.503712	-5.295423	13.101192	-40.612113
-2.549219	12.969280	-13.939177	13.516005	8.674924	2.352112	-2.583963	-5.473997	13.038937	-40.605472
-1.429001	16.193114	-21.840988	16.317117	11.488740	3.114551	-2.657523	-5.650428	12.975831	-40.598768
6.828495	13.478199	-21.985107	17.254940	14.117362	3.930932	-2.730195	-5.841690	12.905504	-40.591329
9.842538	7.719829	-14.240917	15.983761	16.144443	4.714236	-2.793841	-6.030073	12.834143	-40.583815
-9.952183	7.353203	-13.700061	15.869757	16.229366	4.752287	-2.796774	-6.039402	12.830552	-40.583437
-4.858889	6.985733	-13.147643	15.751414	16.312752	4.790227	-2.799683	-6.048723	12.826959	-40.583060
11.307756	0.453657	-1.740791	12.938794	17.560093	5.454028	-2.848005	-6.215567	12.761690	-40.576218
-6.167178	-5.877594	10.422473	9.079753	18.345388	6.073137	-2.888197	-6.379824	12.695577	-40.569313
-10.545594	-12.220248	21.200047	3.995583	18.720243	6.697831	-2.922827	-6.558855	12.621258	-40.561583
0.302817	-15.802714	25.184940	-1.454683	18.621045	7.247108	-2.946515	-6.734419	12.545893	-40.553776
8.751699	-15.779935	25.131844	-1.730949	18.604226	7.272836	-2.947417	-6.743245	12.542036	-40.553377
-8.649592	-15.728075	25.050333	-2.006618	18.586311	7.298346	-2.948290	-6.752061	12.538176	-40.552978
-6.472179	-9.988335	19.709211	-6.571222	18.118751	7.698748	-2.958544	-6.900645	12.472066	-40.546159
5.113833	3.090808	8.849051	-10.772384	17.361618	8.034930	-2.959887	-7.046406	12.405172	-40.539282
-3.790729	15.328872	-6.460044	-15.006560	16.133615	8.348616	-2.949618	-7.214173	12.325453	-40.531117
3.628059	7.188623	-19.678033	-18.195703	14.579262	8.574540	-2.926004	-7.377778	12.244643	-40.522872
1.473282	6.670834	-20.167059	-18.308230	14.503462	8.582533	-2.924639	-7.384930	12.241037	-40.522505
-1.898031	6.161526	-20.646624	-18.418178	14.427052	8.590362	-2.923247	-7.392079	12.237426	-40.522138
-4.630439	-3.692253	-27.795847	-20.001568	12.818479	8.709598	-2.890322	-7.530724	12.166086	-40.514888
6.233082	-14.534074	-29.631669	-20.357597	11.022016	8.763732	-2.846668	-7.666044	12.093913	-40.507578
5.729485	-14.842076	-23.798813	-19.118746	8.771022	8.746811	-2.783402	-7.816683	12.010312	-40.499141
-9.294659	-1.902088	-10.424219	-16.379567	6.355230	8.647167	-2.706061	-7.962733	11.925618	-40.490624
1.753272	-1.117803	-9.718382	-16.229071	6.245077	8.640862	-2.702314	-7.969103	11.921835	-40.490244
9.320443	-0.331213	-9.006576	-16.076376	6.134711	8.634398	-2.698541	-7.975465	11.918050	-40.489864
-7.210141	11.844095	5.553699	-12.675685	3.929034	8.475427	-2.619158	-8.098609	11.843212	-40.482367
-7.911851	14.509340	18.918230	-8.682125	1.679541	8.256702	-2.530228	-8.218075	11.767533	-40.474809
1.807910	10.203337	29.456302	-3.657244	-0.921965	7.932000	-2.416492	-8.351228	11.679173	-40.466013
7.300839	-2.096300	34.426851	1.456066	-3.475888	7.531904	-2.291626	-8.479263	11.589687	-40.457137
-4.748524	-2.788745	34.515044	1.675830	-3.585592	7.512724	-2.285926	-8.484743	11.585749	-40.456747
-7.436847	-3.495756	34.592100	1.894861	-3.695016	7.493417	-2.280209	-8.490209	11.581811	-40.456357
9.742704	-13.879325	33.698037	6.176247	-5.857513	7.073141	-2.160457	-8.598640	11.501677	-40.448436
-13.033355	-0.035290	28.221303	10.103973	-7.895352	6.597377	-2.033293	-8.702907	11.420660	-40.440453
-6.978869	13.157237	18.056114	14.138085	-10.053601	5.977280	-1.877077	-8.818668	11.325468	-40.431102
18.208425	5.605233	6.453298	17.525874	-11.929493	5.286836	-1.712541	-8.928601	11.229080	-40.421666
2.332920	5.420432	6.352220	17.552593	-11.944579	5.280450	-1.711058	-8.929543	11.228226	-40.421583
-18.207983	5.233585	6.251224	17.579255	-11.959638	5.274057	-1.709574	-8.930485	11.227371	-40.421499
16.949361	-12.137643	-2.998797	19.913167	-13.302189	4.620584	-1.561052	-9.020741	11.142969	-40.413263
2.886500	-3.847745	-10.365482	21.646483	-14.348266	3.917798	-1.407565	-9.106475	11.057664	-40.404962
-10.306192	10.982468	-17.424472	22.805059	-15.119176	3.088231	-1.233402	-9.195613	10.962626	-40.395742
7.341218	2.064643	-24.779764	23.117595	-15.450304	2.202836	-1.054708	-9.279072	10.866493	-40.386444
2.186586	1.504445	-25.117133	23.110792	-15.454217	2.161651	-1.046560	-9.282698	10.862134	-40.386023
-7.168620	0.956809	-25.454256	23.102155	-15.457154	2.120385	-1.038409	-9.286311	10.857776	-40.385603
-7.201355	-7.496530	-31.916070	22.569142	-15.323741	1.296491	-0.878496	-9.354234	10.772586	-40.377389
7.003401	-9.372903	-37.874334	21.345729	-14.841469	0.433554	-0.716236	-9.417699	10.686548	-40.369115
-1.644527	-4.414265	-42.629925	19.077659	-13.885553	-0.611709	-0.525407	-9.485787	10.585506	-40.359426
-9.792846	4.232249	-40.280586	15.946664	-12.558384	-1.693584	-0.332881	-9.547726	10.483314	-40.349656
9.833527	4.637391	-39.953546	15.794356	-12.493841	-1.740779	-0.324570	-9.550252	10.478890	-40.349234
-0.114671	5.036429	-39.605102	15.640597	-12.428680	-1.788050	-0.316251	-9.552769	10.474461	-40.348811
-10.299200	8.430015	-27.568887	12.281277	-10.996800	-2.750935	-0.147926	-9.601136	10.384520	-40.340238
10.315902	-0.990723	-6.302745	8.565872	-9.372321	-3.722675	0.020509	-9.644742	10.293707	-40.331604
-6.087322	-8.431808	20.429716	4.087490	-7.315890	-4.840748	0.213809	-9.688974	10.188115	-40.321591
-10.740537	-5.285113	39.335357	-0.340848	-5.117018	-5.946051	0.405781	-9.726772	10.081359	-40.311498
0.153108	-4.992430	39.890495	-0.526050	-5.020105	-5.993135	0.414001	-9.728253	10.076738	-40.311061
10.819833	-4.689731	40.422444	-0.710749	-4.922976	-6.040203	0.422223	-9.729724	10.072112	-40.310625
1.966828	2.789708	45.697072	-4.278665	-2.932324	-6.980969	0.587737	-9.756888	9.977977	-40.301750
-13.700459	8.690771	39.155882	-7.434597	-0.923064	-7.892504	0.751065	-9.779056	9.882949	-40.292812
-2.079387	9.528051	17.484564	-10.570085	1.345467	-8.887611	0.934434	-9.798217	9.773213	-40.282518
17.866609	5.034366	-10.919044	-13.294250	3.526144	-9.820043	1.113460	-9.810716	9.662312	-40.272143
-17.124442	4.762283	-12.104466	-13.401060	3.614878	-9.857622	1.120869	-9.811094	9.657631	-40.271706
-18.011694	4.485874	-13.281930	-13.507245	3.703284	-9.895040	1.128263	-9.811460	9.652952	-40.271269
5.814926	-1.933483	-35.276915	-15.652574	5.515449	-10.658407	1.283498	-9.816427	9.552783	-40.261924
15.577949	-8.018788	-46.376077	-17.622715	7.163157	-11.351200	1.434024	-9.815967	9.451681	-40.252514
19.396803	-10.620912	-37.375703	-19.768082	8.828064	-12.061039	1.603743	-9.808449	9.331962	-40.241400
-12.953309	-0.628952	-6.246991	-21.672821	10.139855	-12.646235	1.765328	-9.793325	9.210948	-40.230196
-17.605506	-0.556985	-6.090061	-21.680424	10.144678	-12.648482	1.766011	-9.793243	9.210420	-40.230147
17.594412	-0.484794	-5.933098	-21.688021	10.149494	-12.650725	1.766693	-9.793161	9.209892	-40.230098
-14.989873	10.525521	22.392948	-23.019590	10.919820	-13.031179	1.894360	-9.774646	9.108093	-40.220697
-4.535800	1.113480	40.011536	-24.062577	11.357349	-13.306023	2.015227	-9.750760	9.005400	-40.211232
8.037836	-9.817950	44.001098	-24.830680	11.401340	-13.482115	2.144369	-9.716828	8.886940	-40.200339
-4.935063	2.785283	32.232706	-25.033501	10.914238	-13.510866	2.263262	-9.675764	8.767323	-40.189365
4.838164	3.600766	31.596829	-25.026739	10.884122	-13.509067	2.267653	-9.674031	8.762670	-40.188939
-2.829072	4.389419	30.954840	-25.018737	10.853147	-13.507053	2.272028	-9.672287	8.758016	-40.188512
-3.169486	8.496057	17.019323	-24.492047	9.942958	-13.406662	2.365628	-9.630513	8.653603	-40.178953
2.803567	0.403693	8.033365	-23.215803	8.639699	-13.202185	2.451306	-9.583326	8.548338	-40.169334
3.215351	-6.880738	-2.286824	-20.638836	6.693715	-12.835959	2.541199	-9.521389	8.424465	-40.158034
-5.107074	-3.251668	-17.424483	-16.770015	4.409611	-12.336611	2.620204	-9.451982	8.299454	-40.146651
5.225918	-2.824334	-18.141606	-16.556140	4.297095	-12.310157	2.623621	-9.448563	8.293598	-40.146118
3.203043	-2.378020	-18.851469	-16.339188	4.184148	-12.283424	2.627014	-9.445127	8.287739	-40.145585
-7.987308	5.163986	-29.803318	-11.772932	2.041150	-11.741115	2.685303	-9.378842	8.179282	-40.135726
11.389400	2.436082	-34.205371	-6.081210	-0.158341	-11.107059	2.735462	-9.306960	8.070005	-40.125806
14.827330	-3.815358	-27.984111	1.854232	-2.681560	-10.255518	2.783643	-9.216008	7.941530	-40.114157
-17.999830	0.289874	-8.629276	10.191394	-5.030753	-9.287777	2.820654	-9.117352	7.811976	-40.102424
-1.145597	0.576118	-7.641706	10.544430	-5.126984	-9.243077	2.822011	-9.112881	7.806311	-40.101912
18.229090	0.853938	-6.652078	10.895793	-5.222619	-9.198166	2.823346	-9.108396	7.800645	-40.101399
-12.759442	2.924244	11.493827	17.329550	-6.969343	-8.270415	2.845317	-9.016976	7.688547	-40.091257
-20.875792	-0.702947	22.152806	22.294985	-8.394433	-7.263732	2.858981	-8.919821	7.575686	-40.081053
-10.687395	-2.653346	23.286481	25.140714	-9.493674	-6.060419	2.864402	-8.805425	7.449722	-40.069671
-7.526186	-0.048733	15.636514	24.447904	-9.998876	-4.774646	2.859582	-8.683973	7.322864	-40.058213
4.370642	2.947188	2.855969	20.201790	-9.911256	-3.323647	2.843104	-8.546476	7.186430	-40.045892
14.133220	-0.410715	-8.785711	13.100169	-9.251431	-1.809734	2.814949	-8.400979	7.049040	-40.033483
-10.031165	-0.853177	-9.252902	12.677706	-9.204116	-1.731522	2.813210	-8.393379	7.042039	-40.032850
-13.733898	-1.305133	-9.703644	12.250012	-9.155541	-1.653198	2.811440	-8.385760	7.035035	-40.032217
10.184769	-3.760950	-14.218309	4.517410	-8.179990	-0.345066	2.777911	-8.256946	6.918970	-40.021730
-6.728964	4.241239	-11.130583	-4.089327	-6.910750	0.981727	2.736340	-8.122719	6.802284	-40.011182
3.599463	-4.888031	2.024514	-14.172878	-5.086835	2.566564	2.676690	-7.956450	6.662916	-39.998573
-2.093753	0.698455	9.333205	-21.788589	-2.994238	4.143607	2.606090	-7.782980	6.522733	-39.985877
-0.725620	0.882672	9.367964	-21.887890	-2.954225	4.172073	2.604707	-7.779763	6.520179	-39.985645
0.286649	1.065580	9.399124	-21.985502	-2.914149	4.200530	2.603321	-7.776544	6.517624	-39.985414
2.239887	6.252783	6.974287	-24.710175	-0.950922	5.537068	2.533586	-7.621367	6.396259	-39.974408
-1.045553	0.919347	-0.983504	-23.908251	1.101037	6.841687	2.456043	-7.461200	6.274342	-39.963337
-7.548269	-7.589737	-7.235495	-19.286284	3.428645	8.266784	2.358895	-7.273834	6.135525	-39.950712
-8.914873	-3.557924	-2.110086	-12.040209	5.630428	9.618412	2.252105	-7.080490	5.996061	-39.938003
9.099521	-2.681033	-1.586421	-11.549813	5.755204	9.696530	2.245418	-7.068745	5.987702	-39.937240
1.431844	-1.743116	-1.055942	-11.054624	5.878962	9.774281	2.238702	-7.056985	5.979345	-39.936478
-11.832944	8.805633	5.632630	-3.580911	7.522324	10.844532	2.139346	-6.887194	5.860016	-39.925579
13.908992	-1.413222	6.957241	4.185606	8.884124	11.836854	2.033286	-6.713388	5.740261	-39.914620
-5.373134	-9.605574	3.023357	12.632222	10.017468	12.893901	1.899562	-6.503137	5.598303	-39.901598
-14.425165	-2.013490	-3.187367	19.192831	10.507704	13.809728	1.756881	-6.287731	5.455824	-39.888492
1.048631	-1.339945	-3.448170	19.423363	10.512429	13.846921	1.750327	-6.278029	5.449472	-39.887907
14.242763	-0.657308	-3.704177	19.647714	10.515598	13.883772	1.743760	-6.268325	5.443124	-39.887322
-4.256300	9.948350	-7.308305	22.791817	10.249577	14.537799	1.612162	-6.077005	5.319031	-39.875873
-8.071661	9.906631	-6.673863	23.626602	9.296745	15.062342	1.474123	-5.882141	5.194592	-39.864360
4.448808	-6.575831	0.043276	22.060166	7.250902	15.510546	1.304359	-5.649496	5.048361	-39.850787
-3.143861	-9.412302	5.749678	17.919693	4.429941	15.779872	1.126159	-5.412440	4.901719	-39.837127
3.160080	-8.744896	5.850159	17.757540	4.338884	15.785063	1.120824	-5.405445	4.897426	-39.836726
1.570434	-8.075076	5.946153	17.592932	4.247431	15.790102	1.115482	-5.398446	4.893132	-39.836326
-5.574768	-5.358606	7.033267	10.541973	0.993292	15.870959	0.931830	-5.161004	4.748521	-39.822800
0.486940	0.253530	5.139808	0.747750	-2.411079	15.779726	0.741076	-4.919788	4.603586	-39.809190
6.227927	7.794277	1.026820	-8.479334	-5.289510	15.558251	0.569028	-4.705554	4.476376	-39.797197
15.815468	5.250856	-4.679159	-16.505001	-7.867601	15.204404	0.393231	-4.488762	4.348967	-39.785139
-15.856165	4.700740	-4.912564	-16.826046	-7.978940	15.184365	0.384829	-4.478437	4.342930	-39.784567
-10.295873	4.122806	-5.137836	-17.140578	-8.089230	15.164013	0.376413	-4.468098	4.336888	-39.783993
15.206468	-6.467905	-6.733095	-21.935894	-10.156767	14.651472	0.193139	-4.243399	4.206225	-39.771573
-1.013905	1.230683	-0.326691	-22.078827	-11.478432	13.999764	0.007762	-4.016367	4.075404	-39.759084
-8.810701	5.215790	7.558505	-17.104919	-11.891250	13.108899	-0.200308	-3.760709	3.929396	-39.745080
5.702846	-4.562660	5.773797	-7.681199	-11.272364	12.046211	-0.408678	-3.502585	3.783248	-39.730991
-4.715467	-4.655136	5.559205	-7.363798	-11.240871	12.013146	-0.414669	-3.495120	3.779039	-39.730584
-5.577464	-4.723694	5.336097	-7.044558	-11.208660	11.979946	-0.420659	-3.487653	3.774829	-39.730177
2.690913	-0.014594	-3.629765	2.794222	-9.941086	10.932077	-0.598508	-3.264504	3.649464	-39.718027
4.574808	4.434206	-11.001955	11.519710	-8.152515	9.780133	-0.774849	-3.039879	3.524048	-39.705815
2.834716	-4.583569	-9.047430	18.156263	-5.512619	8.302100	-0.980794	-2.772003	3.375399	-39.691263
-6.019078	2.560757	1.866079	20.610739	-2.484503	6.726228	-1.182274	-2.502488	3.226733	-39.676623
6.031477	3.779300	2.515223	20.627739	-2.341800	6.653283	-1.191233	-2.490300	3.220029	-39.675960
-6.041733	4.942235	3.176572	20.636881	-2.198609	6.580147	-1.200187	-2.478101	3.213321	-39.675298
-5.145400	1.907638	15.442947	19.394278	0.529134	5.188927	-1.365318	-2.249457	3.087873	-39.662866
5.410004	-5.520054	19.746657	15.597453	3.269639	3.764201	-1.525498	-2.019987	2.962463	-39.650371
-4.887961	5.661852	9.620392	8.430429	6.325831	2.080688	-1.705091	-1.751423	2.816227	-39.635713
4.969406	5.504004	-8.357817	-0.219010	9.052306	0.398033	-1.875678	-1.482162	2.670102	-39.620969
4.996848	5.217441	-9.182292	-0.606162	9.161701	0.324459	-1.882953	-1.470310	2.663680	-39.620319
-5.024951	4.923540	-10.002986	-0.992402	9.270006	0.250988	-1.890203	-1.458466	2.657263	-39.619669
-2.986117	-1.024734	-24.240591	-8.311220	11.188113	-1.194926	-2.029989	-1.222956	2.529809	-39.606718
7.542052	-5.029987	-29.551612	-14.160545	12.576735	-2.603813	-2.161071	-0.987279	2.402497	-39.593702
7.522523	-5.023402	-18.541030	-17.930628	13.364029	-4.157033	-2.299381	-0.717520	2.256988	-39.578724
-11.589578	3.825549	4.390630	-18.728026	13.127412	-5.633727	-2.424094	-0.447875	2.111718	-39.563659
7.170880	3.956917	5.434749	-18.703420	13.092472	-5.693925	-2.429020	-0.436549	2.105619	-39.563024
11.735271	4.043052	6.476137	-18.674474	13.055458	-5.753923	-2.433917	-0.425231	2.099525	-39.562390
-12.975885	-0.352495	25.850076	-17.211378	11.850984	-6.956883	-2.529117	-0.191544	1.973760	-39.549246
-6.930549	-3.364543	35.569326	-14.491858	9.916060	-8.085383	-2.612470	0.041887	1.848227	-39.536038
3.414627	0.687447	29.341465	-10.440355	6.976520	-9.287989	-2.693120	0.311393	1.703376	-39.520681
12.751806	3.243359	10.798460	-5.792150	3.520466	-10.369958	-2.755791	0.580283	1.558898	-39.505238
-6.939930	3.142302	9.753475	-5.552418	3.340624	-10.420132	-2.758403	0.593561	1.551764	-39.504472
-12.603014	3.017521	8.705337	-5.311892	3.160057	-10.470012	-2.760970	0.606845	1.544626	-39.503705
-11.013304	-1.047219	-9.722626	-0.945623	-0.137780	-11.305520	-2.798779	0.844008	1.417191	-39.489963
-8.707136	-4.056617	-24.986183	3.394743	-3.446988	-12.029086	-2.820734	1.080454	1.290100	-39.476152
-4.762514	-1.954940	-34.067862	7.967218	-6.960706	-12.698839	-2.825494	1.345140	1.147737	-39.460552
-0.195244	4.038551	-32.354673	11.908569	-10.017845	-13.206293	-2.808067	1.608603	1.005872	-39.444866
4.778800	4.283652	-32.088575	12.045862	-10.125300	-13.222782	-2.806913	1.618939	1.000302	-39.444247
-4.737302	4.525057	-31.809379	12.181507	-10.231566	-13.238989	-2.805723	1.629264	0.994738	-39.443629
2.149333	7.034220	-22.568781	14.752239	-12.275758	-13.528392	-2.769828	1.858073	0.871340	-39.429855
4.483573	1.709989	-9.186412	16.312556	-13.601064	-13.677521	-2.715323	2.085667	0.748376	-39.416017
-5.168120	-9.581511	6.441520	16.589630	-14.056989	-13.667030	-2.630707	2.341919	0.609589	-39.400256
1.094435	-4.963336	17.403774	15.154689	-13.371403	-13.458423	-2.523104	2.596237	0.471409	-39.384409
3.056070	-4.468719	17.849074	15.024311	-13.301837	-13.441009	-2.516401	2.610485	0.463653	-39.383515
6.121099	-3.980526	18.275907	14.888875	-13.229251	-13.423022	-2.509635	2.624719	0.455902	-39.382621
1.576551	2.805533	22.571912	12.143411	-11.736492	-13.071165	-2.396149	2.844946	0.335762	-39.368697
1.365304	9.443558	22.447527	8.301814	-9.652288	-12.591590	-2.267733	3.063366	0.216141	-39.354710
-8.319935	14.682575	17.041549	2.938433	-6.680172	-11.892543	-2.101870	3.313878	0.078284	-39.338429
1.098721	-4.925102	8.315125	-2.764403	-3.312358	-11.057295	-1.919309	3.561566	-0.058815	-39.322062
8.979631	-6.841652	7.896743	-3.014246	-3.157271	-11.017414	-1.910858	3.572477	-0.064875	-39.321335
-9.005319	-8.743226	7.477721	-3.263350	-3.001843	-10.977303	-1.902377	3.583382	-0.070933	-39.320607
10.034380	-16.836238	-7.678010	-12.483298	3.793484	-9.043092	-1.509175	4.049887	-0.331895	-39.288909
0.410226	-6.336131	-8.810939	-15.736207	9.678370	-6.815246	-1.074161	4.503599	-0.589709	-39.256889
-3.137199	-4.773083	-8.706934	-15.715410	9.792169	-6.760722	-1.063592	4.514042	-0.595698	-39.256136
-11.187960	-3.141884	-8.599356	-15.689757	9.904587	-6.706111	-1.053007	4.524477	-0.601684	-39.255384
1.695873	-1.305448	-8.475894	-15.655636	10.027757	-6.645392	-1.041239	4.536050	-0.608327	-39.254548
11.250494	0.501074	-8.348406	-15.615647	10.149144	-6.584609	-1.029459	4.547607	-0.614964	-39.253712
-9.850801	16.176960	-5.959501	-14.274062	11.812121	-5.629518	-0.844272	4.725797	-0.717720	-39.240712
-11.971640	6.783753	-3.093537	-11.698135	13.048229	-4.659273	-0.655380	4.901539	-0.819909	-39.227658
11.686871	-14.285508	1.308126	-6.784538	13.993885	-3.388360	-0.405393	5.126400	-0.952011	-39.210593
2.467730	3.160535	5.551324	-0.458951	14.160594	-2.125773	-0.152360	5.346719	-1.083088	-39.193440
-10.400329	5.321646	5.674423	-0.114967	14.148012	-2.063652	-0.139752	5.357534	-1.089567	-39.192586
10.314753	7.422636	5.783598	0.231505	14.133428	-2.001602	-0.127140	5.368337	-1.096044	-39.191732
-8.672270	11.149207	4.840514	6.425287	13.557451	-0.938319	0.091795	5.553803	-1.207959	-39.176884
7.319160	-9.595509	-1.318100	12.057121	12.354106	0.094847	0.310348	5.735586	-1.319067	-39.161971
-6.718196	4.689249	-6.002902	15.770053	10.151589	1.240087	0.560772	5.940771	-1.446359	-39.144663
7.090175	6.178497	-2.429799	14.687350	7.098358	2.323981	0.807349	6.140638	-1.572514	-39.127268
5.843607	5.167817	-1.813518	14.438934	6.855313	2.398297	0.824652	6.154612	-1.581421	-39.126030
-7.191056	4.080120	-1.156849	14.170492	6.609469	2.472219	0.841918	6.168552	-1.590318	-39.124792
7.900622	-4.801026	6.737717	9.417589	3.395471	3.349443	1.051416	6.337493	-1.699134	-39.109553
-8.616011	3.897287	6.632530	2.685718	-0.034568	4.164943	1.255253	6.502060	-1.807032	-39.094246
-5.234233	3.617865	0.102668	-5.531364	-3.879887	4.997044	1.475392	6.681027	-1.926773	-39.077021
10.114694	-2.481436	-6.439553	-12.508492	-7.450809	5.734333	1.685290	6.854133	-2.045308	-39.059712
-0.457030	-2.603743	-6.750540	-12.932138	-7.703704	5.786411	1.700831	6.867089	-2.054298	-39.058388
-8.785387	-2.639952	-7.020288	-13.335716	-7.953098	5.837860	1.716295	6.880005	-2.063277	-39.057065
-10.939252	0.474586	-7.617872	-16.233901	-10.489276	6.374249	1.885482	7.023060	-2.163946	-39.042118
11.645562	2.184930	-5.675850	-15.587108	-12.428062	6.827026	2.044644	7.161492	-2.263679	-39.027108
3.144512	-0.761669	-2.868163	-10.990987	-13.954178	7.253417	2.221688	7.322042	-2.382634	-39.008931
-11.931971	-1.771185	0.026472	-3.829038	-14.647408	7.539615	2.380784	7.475463	-2.500166	-38.990662
1.943291	-1.642662	0.165444	-3.496321	-14.659255	7.548443	2.387066	7.481768	-2.505086	-38.989891
11.852004	-1.501080	0.306353	-3.162431	-14.669731	7.556998	2.393308	7.488054	-2.510000	-38.989119
-10.524454	1.521573	3.412472	3.757040	-14.595417	7.674104	2.512840	7.613548	-2.609777	-38.973334
-0.763246	0.781026	6.064280	10.133186	-14.006496	7.685128	2.616455	7.733455	-2.708456	-38.957480
5.901071	-0.925494	6.315436	15.554145	-12.694674	7.570447	2.718527	7.870006	-2.825601	-38.938331
-3.631495	0.642967	1.756091	17.113515	-10.815014	7.330958	2.795542	7.998022	-2.941083	-38.919084
-3.013399	0.643104	1.730522	17.111697	-10.806677	7.329796	2.795795	7.998506	-2.941532	-38.919009
-0.360572	0.643118	1.704906	17.109818	-10.798333	7.328632	2.796047	7.998989	-2.941980	-38.918933
2.411972	-0.501799	-3.723096	15.372892	-8.872746	7.044322	2.841350	8.098669	-3.036669	-38.902860
-1.915641	0.000579	-5.388321	11.092188	-6.693169	6.692052	2.870422	8.192138	-3.130162	-38.886719
-1.662485	0.626651	-0.202146	3.581574	-3.956402	6.211816	2.884547	8.292083	-3.236523	-38.868010
2.247003	-0.611551	5.026469	-4.724787	-1.087382	5.664563	2.878725	8.383330	-3.341225	-38.849212
-2.254870	-0.813317	5.072778	-5.075898	-0.959591	5.639093	2.878025	8.387147	-3.345802	-38.848382
-0.890675	-0.994690	5.094241	-5.424337	-0.831766	5.613518	2.877287	8.390948	-3.350376	-38.847551
2.306176	1.438766	1.315807	-11.833596	1.783847	5.067172	2.854164	8.465036	-3.443530	-38.830456
-2.323552	-1.833672	-4.503827	-16.305174	4.327897	4.486436	2.816272	8.531529	-3.535281	-38.813287
-1.145026	-2.600304	-5.488806	-18.082957	6.937306	3.822794	2.758590	8.595477	-3.634018	-38.794421
3.727389	2.961528	1.164697	-16.046665	9.296105	3.141340	2.684590	8.650235	-3.731032	-38.775468
1.137579	3.118859	1.393415	-15.924055	9.368846	3.118829	2.681895	8.651875	-3.734184	-38.774845
-3.833111	3.265667	1.617129	-15.798287	9.441355	3.096292	2.679180	8.653507	-3.737337	-38.774221
8.252310	-4.190663	6.726875	-4.806302	13.133870	1.784539	2.492047	8.731700	-3.918329	-38.737605
-3.855045	-4.234662	3.117438	7.960961	15.669638	0.540891	2.252010	8.776178	-4.092810	-38.700662
-11.855791	-3.167335	2.902968	8.394492	15.738852	0.497776	2.242280	8.777167	-4.099071	-38.699304
11.895455	-2.008707	2.685377	8.823502	15.806311	0.454890	2.232491	8.778111	-4.105320	-38.697946
0.381571	-1.381526	2.567329	9.052185	15.841852	0.431929	2.227203	8.778600	-4.108675	-38.697216
-9.078592	-0.771073	2.448639	9.279490	15.876891	0.409031	2.221897	8.779075	-4.112028	-38.696486
-11.770584	4.834741	0.029753	13.579415	16.485359	-0.047445	2.108598	8.785981	-4.180477	-38.681424
-2.665192	-1.125139	-2.140652	16.881746	16.872948	-0.471799	1.987777	8.787387	-4.247838	-38.666310
9.093338	-5.303854	-6.399794	18.920633	17.034698	-0.966450	1.820531	8.781046	-4.333501	-38.646646
-7.180441	5.761398	-10.891542	17.335783	16.799549	-1.394886	1.641822	8.765509	-4.417334	-38.626892
-3.999960	5.745641	-10.843520	17.163880	16.779761	-1.412228	1.633701	8.764614	-4.420983	-38.626020
7.027697	5.638129	-10.761860	16.982630	16.759160	-1.429442	1.625559	8.763702	-4.424628	-38.625148
-5.739450	-6.459366	-3.474082	11.556815	16.159072	-1.752782	1.455144	8.741223	-4.498152	-38.607337
4.989672	-6.956757	8.149425	3.996247	15.204004	-2.024361	1.276550	8.711371	-4.570196	-38.589452
-4.745048	7.639546	13.797843	-4.745177	13.736679	-2.262945	1.072846	8.670388	-4.647138	-38.569847
4.894715	-3.133498	3.824580	-12.272833	11.804764	-2.442492	0.860598	8.620658	-4.722305	-38.550155
-4.906471	-4.146797	3.106276	-12.580655	11.700379	-2.449622	0.850246	8.618062	-4.725854	-38.549211
4.044527	-5.118228	2.378812	-12.883012	11.594811	-2.456625	0.839869	8.615443	-4.729402	-38.548266
5.169268	-8.853013	-10.513398	-17.315791	9.432045	-2.562776	0.644254	8.563272	-4.794453	-38.530715
1.163751	-0.176041	-16.909776	-19.003142	6.869690	-2.624605	0.442891	8.504247	-4.858099	-38.513095
0.752148	9.587447	-16.618891	-16.901939	3.411471	-2.642054	0.202129	8.427025	-4.930323	-38.492524
-6.636545	6.901717	-10.670024	-11.279781	-0.374278	-2.602496	-0.045064	8.340575	-5.000642	-38.471860
0.928579	6.508665	-10.296727	-10.992026	-0.534781	-2.599657	-0.055421	8.336798	-5.003511	-38.471003
6.700277	6.099583	-9.912558	-10.700618	-0.695566	-2.596722	-0.065794	8.333002	-5.006380	-38.470144
-3.088810	-3.604121	-0.186128	-3.999752	-4.071417	-2.513913	-0.284800	8.249931	-5.065666	-38.452146
-4.426761	-9.551168	10.032050	3.177127	-7.370096	-2.391476	-0.506634	8.159951	-5.123514	-38.434076
-8.727805	-3.085248	18.145729	10.778851	-10.901923	-2.202965	-0.764925	8.047265	-5.188630	-38.413086
8.821007	8.717207	21.907671	16.172124	-13.917678	-1.967361	-1.022621	7.925381	-5.251807	-38.392003
-1.414908	8.660094	21.987703	16.345770	-14.043090	-1.955181	-1.034680	7.919422	-5.254730	-38.391009
-8.795521	8.515776	22.058883	16.510999	-14.166848	-1.942904	-1.046732	7.913443	-5.257649	-38.390015
-1.560993	-2.279409	21.579740	18.070298	-16.109848	-1.703900	-1.263778	7.801419	-5.309877	-38.371940
7.637077	-7.578137	17.158124	17.153820	-17.447480	-1.435705	-1.476474	7.682725	-5.360686	-38.353796
-6.989036	6.896451	6.440631	13.711507	-18.258968	-1.092273	-1.714647	7.537233	-5.417643	-38.332739
-0.792262	-1.610425	-8.017501	8.568139	-18.327131	-0.717381	-1.942031	7.382865	-5.472697	-38.311590
6.976486	-3.082260	-8.935805	8.197294	-18.306914	-0.692194	-1.956334	7.372553	-5.476200	-38.310216
-7.009761	-4.475468	-9.839316	7.823480	-18.283774	-0.666926	-1.970573	7.362209	-5.479693	-38.308843
0.029400	-5.661928	-19.415429	2.725304	-17.710797	-0.327574	-2.152299	7.222605	-5.524919	-38.290727
8.892358	5.248365	-22.038513	-2.320708	-16.655000	0.018591	-2.322281	7.076571	-5.568755	-38.272544
-1.218490	3.174261	-15.206506	-7.552132	-14.820701	0.423937	-2.505073	6.896063	-5.618673	-38.251008
-10.201190	-4.421987	-2.252519	-11.640459	-12.385494	0.812524	-2.665609	6.706659	-5.666645	-38.229381
9.444673	-4.527246	-1.659167	-11.789302	-12.265243	0.829001	-2.672105	6.698128	-5.668709	-38.228428
10.151690	-4.602866	-1.069414	-11.935333	-12.143909	0.845416	-2.678552	6.689580	-5.670770	-38.227475
-4.809532	-2.457584	9.374395	-14.200297	-9.541086	1.154040	-2.794920	6.518058	-5.710510	-38.208701
-7.234292	1.006054	16.385979	-15.193029	-6.528724	1.429931	-2.890473	6.339917	-5.748792	-38.189858
4.778296	2.921334	17.822176	-14.484083	-2.565042	1.697574	-2.973183	6.124949	-5.791375	-38.167908
-1.548116	4.301783	10.948741	-11.460103	1.657133	1.895949	-3.023306	5.901109	-5.831983	-38.145863
-2.665048	4.037758	10.562578	-11.294389	1.827249	1.902256	-3.024599	5.891966	-5.833567	-38.144979
2.605172	3.731556	10.171385	-11.125578	1.997279	1.908429	-3.025836	5.882809	-5.835148	-38.144095
-1.815199	-4.273022	0.604128	-6.867008	5.618767	2.007639	-3.038512	5.681144	-5.868588	-38.124917
1.973506	3.623528	-9.209846	-2.003641	8.995475	2.035104	-3.023192	5.472883	-5.900540	-38.105668
-3.208204	4.145319	-13.299357	3.332960	12.323992	1.967329	-2.969935	5.225364	-5.935459	-38.083432
5.317940	-4.024539	-8.110876	7.547926	14.772039	1.784499	-2.880724	4.969816	-5.968399	-38.061103
-5.426853	-2.953392	-7.633481	7.702726	14.855917	1.773541	-2.875959	4.958248	-5.969820	-38.060105
5.536720	-1.824672	-7.135284	7.854518	14.937429	1.762336	-2.871129	4.946665	-5.971238	-38.059108
-6.568796	3.898204	4.075164	10.240822	16.036136	1.481908	-2.759916	4.709342	-5.999053	-38.038904
-11.273347	-3.839440	9.339252	11.194694	15.935270	1.098911	-2.624341	4.466207	-6.025253	-38.018625
-11.372539	-3.108201	9.704522	10.495569	14.237519	0.569124	-2.446672	4.187989	-6.052620	-37.995869
11.062559	4.243007	9.294343	8.450687	11.177361	-0.040843	-2.244349	3.903366	-6.077959	-37.973020
-1.971025	4.250311	9.293672	8.444067	11.168020	-0.042507	-2.243794	3.902619	-6.078022	-37.972960
-11.055137	4.257489	9.293004	8.437440	11.158673	-0.044171	-2.243240	3.901872	-6.078085	-37.972901
3.774357	1.620398	8.777534	5.951876	7.743233	-0.615143	-2.050545	3.650750	-6.098362	-37.953052
6.107955	-4.753226	6.251970	3.099916	3.917041	-1.206672	-1.843761	3.395563	-6.117115	-37.933133
-2.812920	-6.917900	-0.605969	-0.219629	-0.555417	-1.878179	-1.595265	3.102242	-6.136500	-37.910497
0.683205	8.631108	-8.484510	-3.246645	-4.784447	-2.526175	-1.334377	2.804771	-6.153922	-37.887770
-2.929831	2.781376	-2.874959	-5.544951	-8.312780	-3.115418	-1.068354	2.508411	-6.169149	-37.865310
-3.454046	-12.386619	7.517830	-6.780377	-10.818755	-3.630928	-0.796114	2.209124	-6.182462	-37.842764
-1.564002	-12.797967	7.844973	-6.805802	-10.901774	-3.652128	-0.783680	2.195506	-6.183019	-37.841741
3.869370	-13.144023	8.147774	-6.828349	-10.981858	-3.673122	-0.771240	2.181882	-6.183573	-37.840717
-14.302412	-7.544065	9.394915	-6.628066	-11.922379	-4.041408	-0.525156	1.912523	-6.193679	-37.820514
-24.143280	7.391215	3.963281	-5.135449	-11.596382	-4.313393	-0.278660	1.641689	-6.202250	-37.800246
-25.065668	19.362769	-5.119050	-2.367756	-9.904951	-4.500100	0.003342	1.328154	-6.210220	-37.776800
10.296446	-18.102652	-10.871366	0.693207	-7.197012	-4.547747	0.280296	1.013774	-6.216137	-37.753272
29.861257	-19.551017	-10.952286	0.826336	-7.055281	-4.546563	0.292833	0.999359	-6.216359	-37.752192
33.455003	-20.846440	-11.012478	0.958100	-6.912412	-4.545084	0.305348	0.984952	-6.216576	-37.751112
27.192386	-22.219489	-7.542989	3.132929	-4.026140	-4.461057	0.539479	0.712111	-6.219877	-37.730637
-8.360396	-1.160894	4.117571	4.430223	-0.979735	-4.270085	0.767721	0.439509	-6.221623	-37.710104
-41.934598	22.736714	12.489750	4.326801	2.382516	-3.915776	1.022953	0.125726	-6.221700	-37.686337
-37.940680	19.274690	1.513604	2.275212	5.205273	-3.416831	1.268494	-0.186636	-6.219695	-37.662496
-33.312720	18.358496	0.784124	2.157197	5.310129	-3.392134	1.278812	-0.200016	-6.219562	-37.661470
-19.634038	17.376868	0.047902	2.037565	5.413541	-3.367151	1.289117	-0.213402	-6.219425	-37.660443
27.263671	-7.707650	-13.425101	-0.545900	7.147768	-2.797927	1.495058	-0.485805	-6.215783	-37.639450
27.845437	-19.116193	-13.535726	-2.703244	7.998516	-2.115445	1.692051	-0.756237	-6.210524	-37.618405
-18.066420	16.639088	9.235666	-3.527335	7.503113	-1.138992	1.918398	-1.081508	-6.201959	-37.592787
9.421608	-4.577102	13.813798	-2.030863	5.129568	-0.028182	2.129824	-1.403032	-6.190994	-37.567096
-9.401549	-6.074062	13.787478	-2.022662	5.119215	-0.024396	2.130487	-1.404071	-6.190954	-37.567012
-5.980083	-7.555758	13.761164	-2.014514	5.108938	-0.020642	2.131143	-1.405101	-6.190915	-37.566929
6.580324	-11.592031	0.876345	0.441457	2.151562	0.959108	2.292399	-1.665223	-6.180130	-37.545841
-7.400355	9.609151	-13.638761	2.785972	-1.021077	1.974636	2.442498	-1.922269	-6.167725	-37.524709
10.600446	-7.931982	-4.701935	3.905489	-3.977010	3.121259	2.596431	-2.205635	-6.151935	-37.501038
8.999787	6.855052	1.556102	3.101689	-5.692431	4.246273	2.735059	-2.484497	-6.134108	-37.477316
-14.189270	6.917026	1.646849	3.043340	-5.731252	4.285869	2.739748	-2.494432	-6.133429	-37.476462
-10.955501	6.889218	1.733826	2.983250	-5.768651	4.325423	2.744420	-2.504370	-6.132747	-37.475608
16.346759	-6.012649	3.863665	1.057706	-6.269546	5.277367	2.853391	-2.748388	-6.115012	-37.454432
3.547761	-6.664457	8.222604	-1.339266	-6.098172	6.166896	2.949093	-2.988288	-6.095649	-37.433219
-14.066457	-3.512534	11.325758	-3.987473	-5.354100	7.113405	3.042642	-3.260502	-6.071198	-37.408624
-15.334412	7.604455	4.805526	-5.650634	-4.384060	7.969068	3.117033	-3.526573	-6.044552	-37.383985
-10.880394	7.324524	4.186845	-5.684265	-4.344132	8.003989	3.119807	-3.537934	-6.043350	-37.382919
-7.009184	6.935024	3.539254	-5.713973	-4.304706	8.038737	3.122543	-3.549284	-6.042144	-37.381853
0.021887	-8.069211	-9.771464	-5.395668	-3.617337	8.702779	3.169742	-3.775751	-6.016922	-37.360313
11.324823	-0.930988	-9.628099	-3.156572	-3.110598	9.294910	3.201338	-3.997136	-5.990015	-37.338744
-9.183851	8.479628	0.826687	1.543677	-2.689942	9.903971	3.218032	-4.253678	-5.955807	-37.313051
-6.002307	-2.743543	7.395076	6.252419	-2.406098	10.407518	3.211378	-4.502598	-5.919200	-37.287321
4.679094	-2.803533	7.405461	6.269663	-2.405029	10.409549	3.211294	-4.503704	-5.919029	-37.287205
7.701211	-2.863303	7.415651	6.286852	-2.403962	10.411578	3.211210	-4.504810	-5.918858	-37.287089
-3.332978	-8.130969	5.973250	8.257207	-2.230168	10.740256	3.187991	-4.700832	-5.887386	-37.266199
-7.065086	-0.751174	-0.879115	7.379609	-2.058239	10.997105	3.148545	-4.891513	-5.854326	-37.245290
1.649337	7.322254	-6.134215	2.832418	-1.731960	11.207770	3.079850	-5.111411	-5.812877	-37.220366
8.487323	-0.116293	0.167694	-4.193521	-1.114405	11.313106	2.987012	-5.323272	-5.769162	-37.195420
-8.533442	-0.677139	0.548328	-4.492282	-1.079277	11.315208	2.982543	-5.332068	-5.767260	-37.194362
3.765005	-1.237938	0.927045	-4.788188	-1.043312	11.317117	2.978030	-5.340848	-5.765353	-37.193305
9.648052	-6.482383	6.065632	-9.611377	-0.101025	11.313066	2.876217	-5.517430	-5.725393	-37.171631
-10.975383	6.264985	2.276113	-10.661184	1.319600	11.224854	2.757332	-5.687578	-5.683714	-37.149945
0.913421	4.328663	-4.768397	-7.784545	3.688455	11.007721	2.595996	-5.880552	-5.632121	-37.124246
11.832874	-6.228914	-7.119197	-1.895204	6.281396	10.664068	2.414173	-6.064004	-5.578100	-37.098535
11.936920	-6.246936	-7.112645	-1.873690	6.289171	10.662785	2.413572	-6.064564	-5.577926	-37.098454
14.553879	-6.264772	-7.105984	-1.852162	6.296942	10.661501	2.412971	-6.065125	-5.577753	-37.098373
10.009673	-5.069976	-2.442618	4.010953	8.122528	10.277461	2.248254	-6.209497	-5.531192	-37.077087
-16.257830	3.171015	4.524518	9.163100	9.245454	9.801002	2.071866	-6.347005	-5.482957	-37.055796
-14.507782	7.013720	8.573896	12.121531	9.121606	9.108174	1.846873	-6.502359	-5.423013	-37.030306
13.627914	2.889465	2.656793	9.833917	6.993856	8.290795	1.608517	-6.647384	-5.360657	-37.004815
3.585190	2.402313	2.289202	9.650184	6.872410	8.255640	1.598722	-6.652971	-5.358110	-37.003794
-13.364894	1.894245	1.917099	9.460658	6.748502	8.220277	1.588900	-6.658546	-5.355557	-37.002773
4.493681	-7.669408	-5.745461	4.441666	3.671669	7.434858	1.377979	-6.771976	-5.300889	-36.981262
5.824175	-7.585633	-9.836324	-1.512834	0.002975	6.576592	1.160040	-6.877688	-5.244492	-36.959753
-5.212782	8.189112	-1.724910	-12.218277	-8.419528	4.319178	0.627997	-7.094293	-5.105511	-36.909366
-5.499689	-6.877315	10.766743	-10.349844	-12.990435	1.789405	0.077559	-7.265553	-4.956956	-36.859025
5.886694	-7.954377	10.614254	-10.094585	-13.039400	1.729755	0.065011	-7.268884	-4.953487	-36.857887
-6.280961	-7.956738	10.429079	-9.828841	-13.085998	1.670014	0.052461	-7.272191	-4.950013	-36.856750
-4.044920	-6.421588	10.196880	-9.535458	-13.132917	1.606453	0.039128	-7.275677	-4.946317	-36.855541
7.113741	-4.093575	9.929494	-9.231127	-13.177187	1.542790	0.025793	-7.279136	-4.942615	-36.854333
3.409202	-1.967700	9.647087	-8.935082	-13.216452	1.482766	0.013237	-7.282367	-4.939126	-36.853196
-3.412400	-0.058435	9.336304	-8.630208	-13.253390	1.422654	0.000681	-7.285574	-4.935631	-36.852059
-12.341172	7.687832	2.253938	-3.325209	-13.534130	0.517315	-0.186448	-7.330439	-4.882991	-36.835118
14.683294	-4.726889	-6.240590	2.443088	-13.330538	-0.403973	-0.373290	-7.369796	-4.829272	-36.818188
14.528816	-6.926661	-10.872842	9.426090	-12.087494	-1.891026	-0.667830	-7.420729	-4.741838	-36.791348
-12.347198	6.417062	2.658106	11.032577	-9.821294	-3.398284	-0.958155	-7.457232	-4.651726	-36.764536
9.954924	-6.032900	10.699474	8.209665	-7.374489	-4.608456	-1.185863	-7.475793	-4.577759	-36.743116
2.592564	1.911561	5.335258	2.394840	-4.532571	-5.814456	-1.408400	-7.484694	-4.502134	-36.721717
-8.027120	2.480529	4.862283	2.065896	-4.385474	-5.873655	-1.419216	-7.484879	-4.498364	-36.720663
0.421473	3.017663	4.382630	1.735228	-4.237879	-5.932823	-1.430016	-7.485041	-4.494590	-36.719609
7.076167	5.316986	-5.318906	-4.920241	-1.139480	-7.137127	-1.647724	-7.483025	-4.416400	-36.698022
-6.952223	-5.003216	-9.992015	-9.564813	1.972425	-8.320405	-1.857776	-7.470712	-4.336604	-36.676461
7.228028	-0.120456	-4.335895	-9.885152	5.515374	-9.724311	-2.102093	-7.441419	-4.237115	-36.650187
-5.795947	3.664528	5.311425	-5.684616	8.531646	-11.070404	-2.331249	-7.396072	-4.135387	-36.623959
-7.288676	3.669823	5.338302	-5.665094	8.541281	-11.074991	-2.332021	-7.395885	-4.135027	-36.623867
1.630111	3.675144	5.365301	-5.645392	8.550988	-11.079615	-2.332799	-7.395696	-4.134665	-36.623775
6.897226	3.975093	8.392537	-0.785001	10.628729	-12.112275	-2.504979	-7.347093	-4.051074	-36.602667
-6.130450	1.155682	4.416660	3.928748	12.468711	-13.090208	-2.664854	-7.287613	-3.966126	-36.581593
5.021450	-3.361667	-3.115361	7.986296	14.391759	-14.143026	-2.832879	-7.205102	-3.866239	-36.557262
-4.001521	-0.440986	-6.179785	9.048912	16.197772	-15.100624	-2.981028	-7.107738	-3.764661	-36.532981
3.803505	-0.237870	-6.166785	9.013652	16.257238	-15.130779	-2.985604	-7.104233	-3.761245	-36.532172
3.943878	-0.032305	-6.145873	8.973199	16.316736	-15.160842	-2.990160	-7.100709	-3.757825	-36.531362
-3.318076	2.802392	-3.111096	6.394421	17.815243	-15.897890	-3.099716	-7.003356	-3.668412	-36.510370
2.815314	-2.616133	2.329062	2.001901	19.086101	-16.546332	-3.191639	-6.894674	-3.577828	-36.489419
-2.287829	-0.406971	3.882504	-3.234863	19.998919	-17.171249	-3.273602	-6.756128	-3.472511	-36.465435
1.828931	2.498995	1.122426	-7.034456	20.034756	-17.659813	-3.328385	-6.602975	-3.365780	-36.441509
-1.811176	2.029930	0.959569	-7.158698	20.010498	-17.678877	-3.330207	-6.595617	-3.360860	-36.440415
-0.040528	1.532658	0.796884	-7.278091	19.983745	-17.697650	-3.331967	-6.588229	-3.355938	-36.439322
1.555660	-2.669037	-1.783708	-8.543271	18.957375	-18.000048	-3.353394	-6.441631	-3.261534	-36.418487
-1.556133	0.903898	-2.255181	-7.732651	16.879918	-18.195667	-3.350776	-6.284402	-3.166149	-36.397702
1.927017	3.488009	-0.818204	-4.687547	13.358109	-18.286138	-3.316428	-6.090531	-3.055040	-36.373806
-2.382956	-0.249471	1.325637	-0.467469	8.947372	-18.228336	-3.247630	-5.883787	-2.942750	-36.349979
-2.775685	-0.552633	1.412442	-0.254105	8.716672	-18.221607	-3.243412	-5.873372	-2.937236	-36.348817
2.826660	-0.862235	1.495493	-0.041373	8.485104	-18.214512	-3.239118	-5.862935	-2.931724	-36.347657
-4.563159	-4.931190	2.056268	3.504576	4.239997	-18.025841	-3.150152	-5.672692	-2.833316	-36.327052
-5.082908	-1.472299	0.417860	6.185535	-0.123545	-17.715478	-3.038277	-5.473797	-2.734121	-36.306503
-0.434787	6.071944	-2.384718	7.873024	-5.070353	-17.199769	-2.882679	-5.234037	-2.618693	-36.282856
7.674819	7.551339	-3.332796	7.840666	-9.676048	-16.508440	-2.701013	-4.984044	-2.502339	-36.259289
-6.218386	7.328360	-3.288486	7.798137	-9.861970	-16.474865	-2.692703	-4.973141	-2.497346	-36.258284
-8.361843	7.077607	-3.235823	7.752175	-10.046858	-16.440957	-2.684350	-4.962220	-2.492351	-36.257278
-8.434569	-1.651322	-0.770244	6.145752	-13.574758	-15.673136	-2.504373	-4.735156	-2.389868	-36.236750
8.695543	-9.644433	2.723124	3.616020	-16.525235	-14.760283	-2.308051	-4.501318	-2.286777	-36.216286
2.719595	-9.859477	5.248265	0.220811	-19.095394	-13.476246	-2.054952	-4.214440	-2.163187	-36.191985
-2.640598	1.372644	4.598262	-2.909269	-20.412350	-11.974106	-1.783615	-3.919399	-2.038877	-36.167783
-6.588461	10.736145	1.095576	-5.172137	-20.347071	-10.439766	-1.525436	-3.646895	-1.926182	-36.146036
-3.388430	3.353171	-4.332408	-6.530697	-19.042276	-8.756918	-1.256610	-3.368981	-1.813023	-36.124375
5.148541	2.522227	-4.496713	-6.555079	-18.979171	-8.700329	-1.247762	-3.359911	-1.809357	-36.123676
-5.099400	1.681482	-4.658270	-6.578066	-18.914814	-8.643672	-1.238915	-3.350846	-1.805694	-36.122978
3.680897	-10.776597	-7.423222	-6.566157	-16.367756	-6.875865	-0.967486	-3.074448	-1.694750	-36.101911
-1.171107	3.529120	-4.601862	-5.119093	-12.769754	-5.020059	-0.689769	-2.794021	-1.583472	-36.080929
-3.034513	5.045508	-4.402033	-5.027291	-12.589909	-4.936027	-0.677320	-2.781484	-1.578525	-36.080000
3.041319	6.515887	-4.200300	-4.933565	-12.408587	-4.851875	-0.664864	-2.768941	-1.573576	-36.079070
-3.910917	10.028044	-0.446809	-2.567929	-8.236729	-3.030679	-0.397137	-2.499568	-1.467791	-36.059266
5.814438	-0.972918	0.123594	0.154333	-3.678540	-1.178170	-0.127156	-2.227576	-1.361806	-36.039543
-3.571814	-8.689156	0.192393	3.043911	1.610858	0.932215	0.179710	-1.916576	-1.241444	-36.017280
-11.484989	-4.217554	4.655961	5.027443	6.644915	3.022006	0.485156	-1.603465	-1.120942	-35.995126
7.184335	-3.280434	4.987584	5.101462	6.928730	3.145429	0.503299	-1.584717	-1.113744	-35.993807
11.801776	-2.283252	5.317172	5.169545	7.210270	3.268720	0.521438	-1.565955	-1.106542	-35.992487
-13.797954	7.006668	8.899451	5.390950	10.960143	5.026330	0.782024	-1.294031	-1.002326	-35.973440
15.135781	-6.307673	7.340548	4.054710	13.961036	6.720573	1.038143	-1.021527	-0.898101	-35.954479
2.788564	-3.655273	-2.309659	1.188850	16.416299	8.603615	1.331610	-0.700907	-0.775580	-35.932291
-14.442753	4.998385	-8.984212	-1.974165	17.631455	10.336058	1.614420	-0.380801	-0.653179	-35.910226
7.611147	4.937039	-8.956963	-2.099936	17.654789	10.407163	1.626391	-0.366960	-0.647881	-35.909274
14.258189	4.810647	-8.895024	-2.223939	17.675637	10.477919	1.638336	-0.353122	-0.642585	-35.908321
-11.753629	-4.602664	-2.865533	-4.267035	17.579192	11.817421	1.872134	-0.076475	-0.536554	-35.889289
-2.468890	-4.188905	4.808368	-5.283342	16.538232	12.993814	2.094373	0.198761	-0.430708	-35.870353
-1.566915	4.271609	8.035575	-4.850275	14.248379	14.128846	2.334148	0.513677	-0.308985	-35.848646
3.819400	1.993134	1.745254	-2.737039	10.997417	15.021989	2.554034	0.825375	-0.187643	-35.827073
-3.808692	1.355132	1.378577	-2.628109	10.844234	15.054360	2.562848	0.838461	-0.182527	-35.826165
-0.898742	0.711898	1.011617	-2.518712	10.690142	15.086272	2.571616	0.851530	-0.177415	-35.825257
4.689185	-4.421322	-5.137634	-0.353867	7.363497	15.641431	2.741269	1.116175	-0.073451	-35.806823
-6.900039	-4.510691	-5.498519	1.312216	3.784397	16.014507	2.892742	1.377431	0.030135	-35.788491
2.185115	1.186375	-1.050448	3.041122	-0.633219	16.219475	3.047631	1.684269	0.153248	-35.766742
12.371520	4.850374	3.116386	4.773676	-4.975817	16.160293	3.171982	1.984879	0.275690	-35.745144
-12.310612	4.761177	3.170331	4.821683	-5.089051	16.155010	3.174895	1.992891	0.278982	-35.744563
-12.443060	4.660259	3.219839	4.869729	-5.201875	16.149538	3.177782	2.000890	0.282269	-35.743984
-10.230957	-1.174156	2.958697	6.328700	-8.579920	15.875069	3.257200	2.251521	0.386110	-35.725685
1.104003	-5.018226	0.753841	7.266704	-11.402907	15.401957	3.313754	2.496549	0.489357	-35.707501
3.639098	-3.094947	-1.596859	7.199565	-13.700506	14.612020	3.351613	2.769339	0.606667	-35.686844
7.152549	0.456474	-2.205174	5.616004	-14.931957	13.550674	3.362301	3.033465	0.723071	-35.666342
5.060971	0.631891	-2.178644	5.525475	-14.956494	13.506432	3.362196	3.042995	0.727330	-35.665591
-6.970690	0.811610	-2.148173	5.432552	-14.979548	13.461814	3.362056	3.052512	0.731587	-35.664841
-1.171216	4.753031	-0.447542	2.702404	-15.096191	12.327680	3.349406	3.268473	0.829424	-35.647597
3.947114	3.695346	2.697649	-0.799876	-14.408275	10.994261	3.319236	3.477326	0.926511	-35.630468
-4.256582	-4.190608	5.908133	-5.027709	-12.565149	9.189390	3.261970	3.714737	1.040260	-35.610371
7.037365	1.580171	4.053023	-8.518877	-9.641841	7.192959	3.182342	3.941616	1.152843	-35.590438
-3.609113	1.927064	3.875295	-8.644248	-9.492894	7.103878	3.178437	3.951122	1.157652	-35.589586
-7.410122	2.251735	3.692009	-8.767323	-9.342063	7.014565	3.174493	3.960608	1.162458	-35.588734
-6.175803	3.327789	-1.227795	-10.674252	-5.966186	5.191851	3.087706	4.145691	1.257858	-35.571799
11.148952	0.035547	-8.435919	-11.252656	-2.028253	3.318433	2.985946	4.322751	1.352301	-35.554990
26.498870	-2.399934	-15.744318	-9.560291	2.847786	1.129286	2.849635	4.518380	1.460834	-35.535608
11.767570	0.209381	-16.804160	-4.858904	7.569421	-1.012454	2.694780	4.702976	1.567946	-35.516401
7.957051	0.351622	-16.641828	-4.580434	7.775501	-1.109117	2.687200	4.711228	1.572854	-35.515519
6.521352	0.488362	-16.458730	-4.297341	7.980293	-1.205603	2.679577	4.719461	1.577761	-35.514637
-12.033302	1.541196	-9.278877	1.725806	11.575608	-3.006227	2.525748	4.873230	1.671520	-35.497741
-26.038434	-1.272935	3.053060	7.837504	14.282510	-4.672087	2.358587	5.018260	1.764051	-35.480988
-39.493037	-0.121354	21.035539	14.234663	15.361411	-7.768622	1.932837	5.314905	1.969221	-35.443507
10.510857	1.654439	-15.557700	2.549044	7.980862	-9.754579	1.448128	5.566370	2.167260	-35.406790
-9.485545	-0.600201	-16.457744	2.158229	7.740451	-9.786716	1.436355	5.571615	2.171721	-35.405955
8.450165	-1.702242	-17.304983	1.765738	7.497963	-9.818247	1.424554	5.576835	2.176177	-35.405122
7.632943	-1.492937	-18.001496	1.407216	7.275485	-9.846424	1.413788	5.581567	2.180231	-35.404363
-6.580465	-0.789210	-18.599079	1.047446	7.051240	-9.874119	1.402991	5.586282	2.184284	-35.403604
-0.366627	-0.250439	-19.186624	0.590334	6.764798	-9.908500	1.389275	5.592229	2.189415	-35.402643
4.317710	-0.031762	-19.597053	0.132064	6.475809	-9.942093	1.375515	5.598148	2.194545	-35.401681
2.434066	2.234526	-16.424188	-5.640917	2.618113	-10.300594	1.196387	5.671034	2.259661	-35.389435
0.856310	-2.706677	-10.507518	-10.709668	-1.376653	-10.527206	1.011613	5.738698	2.323860	-35.377281
0.635242	3.380859	5.276491	-15.361951	-6.832241	-10.622563	0.739632	5.825927	2.413535	-35.360156
-0.469743	-2.637114	13.959093	-15.520787	-11.414617	-10.452047	0.457776	5.902589	2.501250	-35.343221
-3.560246	-4.529177	12.577035	-10.123677	-14.595829	-10.010340	0.164588	5.969436	2.588000	-35.326270
11.625423	4.742983	6.981265	-1.120412	-16.222726	-9.300315	-0.133619	6.025436	2.672608	-35.309518
0.988841	4.880446	6.737210	-0.663499	-16.262172	-9.259669	-0.147959	6.027842	2.676600	-35.308722
-12.237430	4.963057	6.501849	-0.207675	-16.298141	-9.218416	-0.162305	6.030224	2.680587	-35.307926
12.721484	0.749927	3.628895	7.464579	-16.346323	-8.370169	-0.422923	6.069119	2.752027	-35.293572
17.696327	-5.322507	2.325759	12.798786	-15.242359	-7.355414	-0.683022	6.099838	2.821757	-35.279373
-7.384533	-2.955786	1.028867	14.837015	-12.503314	-6.014597	-0.981662	6.125232	2.900467	-35.263092
-15.788398	4.243377	-0.192441	12.708465	-8.270531	-4.549719	-1.274077	6.139608	2.976751	-35.247025
15.706038	4.532475	-0.243162	12.531501	-8.051685	-4.481923	-1.287009	6.139995	2.980117	-35.246309
-3.046622	4.807881	-0.293506	12.348477	-7.830750	-4.413991	-1.299921	6.140360	2.983478	-35.245593
-13.966455	5.234976	-1.137477	7.794636	-3.175621	-3.064241	-1.548434	6.143025	3.048227	-35.231675
12.307637	-4.071936	-1.473097	2.228678	1.797179	-1.700661	-1.787642	6.137178	3.111009	-35.217926
10.024623	-4.960528	-1.156393	-4.000731	7.270597	-0.171850	-2.047111	6.120023	3.180347	-35.202417
-9.430470	-0.582699	-0.470567	-8.833169	11.834163	1.272702	-2.288790	6.091640	3.247081	-35.187132
0.198265	-0.484088	-0.439880	-8.999029	12.003220	1.333056	-2.298899	6.090142	3.249938	-35.186469
9.360827	-0.398735	-0.409484	-9.160526	12.169221	1.393100	-2.308960	6.088624	3.252788	-35.185808
-1.099039	-0.149973	0.093985	-11.430037	14.795884	2.523468	-2.500236	6.053986	3.308380	-35.172747
-7.136496	0.215789	0.262504	-11.768913	15.971829	3.510058	-2.673697	6.010787	3.362012	-35.159860
-9.175920	4.680158	-0.138208	-9.891434	15.496929	4.434179	-2.849509	5.950080	3.421599	-35.145174
9.289770	3.569746	-0.936092	-6.217611	13.395619	5.121068	-2.995843	5.877754	3.478594	-35.130725
-9.287807	2.816322	-0.954066	-6.037788	13.278932	5.144707	-3.001255	5.874487	3.480913	-35.130128
5.666767	2.038565	-0.969591	-5.856225	13.160086	5.167973	-3.006615	5.871197	3.483229	-35.129531
9.102303	-5.026350	-0.676949	-1.828986	10.269066	5.565481	-3.104856	5.798130	3.530397	-35.117210
-8.782665	2.684712	0.758331	2.254427	6.762950	5.804634	-3.176465	5.716173	3.575654	-35.105070
-1.598396	5.854708	2.696383	6.398892	2.056528	5.896291	-3.225120	5.603774	3.628423	-35.090475
7.907520	-4.300259	3.026679	8.492181	-2.533380	5.785538	-3.229287	5.477863	3.678391	-35.076158
2.215541	-4.335666	3.023457	8.494794	-2.548944	5.784800	-3.229223	5.477385	3.678566	-35.076107
-7.904553	-4.370933	3.020200	8.497367	-2.564499	5.784060	-3.229159	5.476906	3.678741	-35.076056
7.572167	-7.157919	1.151444	8.139326	-5.826260	5.558252	-3.200407	5.363765	3.717520	-35.064561
3.117803	1.760132	-2.657744	6.212694	-8.512008	5.225866	-3.144472	5.241480	3.754468	-35.053256
-6.701878	8.651379	-4.205367	2.910543	-10.680457	4.763856	-3.055506	5.099584	3.792225	-35.041297
-1.256385	1.207771	-0.011609	-0.999479	-12.014353	4.209910	-2.938616	4.947200	3.827901	-35.029563
5.390745	-10.258515	4.857323	-4.543597	-12.419767	3.534494	-2.785341	4.773217	3.863769	-35.017268
-4.683729	5.057094	3.634965	-6.100574	-11.667799	2.793415	-2.605665	4.588491	3.897311	-35.005236
4.646863	8.023502	3.415957	-6.130581	-11.586709	2.748997	-2.594519	4.577485	3.899182	-35.004547
-4.610880	11.027988	3.187382	-6.154719	-11.501466	2.704441	-2.583295	4.566446	3.901045	-35.003860
5.413006	-0.892947	-5.571391	-3.866294	-6.877232	1.194308	-2.174705	4.185994	3.958012	-34.981771
5.919024	-11.407480	-1.999448	2.350424	-0.512471	-0.294174	-1.702332	3.774290	4.006877	-34.960659
3.680038	-5.632340	-1.592455	2.481048	-0.368385	-0.326468	-1.691008	3.764605	4.007895	-34.960190
-6.064236	0.338147	-1.173097	2.609446	-0.224905	-0.358640	-1.679671	3.754913	4.008908	-34.959723
6.144035	6.326631	-0.717539	2.744218	-0.072124	-0.392921	-1.667527	3.744539	4.009987	-34.959223
-5.882184	11.301051	-0.261843	2.876212	0.079908	-0.427062	-1.655366	3.734155	4.011060	-34.958725
-7.638902	-1.626560	5.660283	4.568128	2.501305	-0.980993	-1.447597	3.557480	4.028399	-34.950440
8.779477	-9.911570	5.085532	4.988755	4.548517	-1.490174	-1.234218	3.376814	4.044438	-34.942323
3.759172	8.745119	-5.281177	3.931729	6.427001	-2.062959	-0.952804	3.138335	4.063233	-34.932098
0.285079	5.135610	-4.864634	1.787309	7.487885	-2.518721	-0.667195	2.894439	4.079915	-34.922156
-9.277751	4.239843	-4.599999	1.673281	7.517984	-2.535971	-0.654383	2.883427	4.080611	-34.921718
-1.839245	3.327731	-4.323848	1.557979	7.546688	-2.552938	-0.641568	2.872405	4.081303	-34.921281
8.436632	-6.370222	1.550241	-0.784813	7.841470	-2.822144	-0.393825	2.657655	4.093868	-34.912948
3.516822	-2.693504	4.043838	-2.864499	7.697023	-2.973620	-0.147192	2.439890	4.104897	-34.904830
-5.983832	4.400404	2.436340	-4.248270	7.101659	-3.010960	0.136916	2.182505	4.115851	-34.895629
5.238901	-1.339185	-0.882048	-4.564064	6.198911	-2.915815	0.414997	1.922336	4.124765	-34.886725
-5.227958	-1.608834	-1.006484	-4.557212	6.154077	-2.908798	0.427222	1.910693	4.125115	-34.886335
1.747392	-1.854517	-1.125827	-4.548752	6.108987	-2.901563	0.439423	1.899053	4.125461	-34.885946
5.425942	-2.929298	-2.395783	-4.055824	5.153211	-2.716105	0.676635	1.668959	4.131469	-34.878406
-6.071220	-0.744496	-1.829885	-2.972090	4.049590	-2.457942	0.907134	1.437805	4.135950	-34.871100
-5.168320	1.241765	-0.179160	-1.253457	2.699456	-2.101269	1.154600	1.179994	4.139165	-34.863248
7.364315	1.969818	1.091568	0.770226	1.301976	-1.688834	1.391466	0.922125	4.140542	-34.855689
-0.967316	1.972224	1.114786	0.860619	1.241944	-1.670072	1.401423	0.911015	4.140560	-34.855370
-7.379463	1.973160	1.134603	0.951107	1.181988	-1.651241	1.411357	0.899905	4.140575	-34.855051
6.781747	-0.414501	-0.085859	4.405534	-1.330779	-0.754987	1.834557	0.401409	4.137794	-34.841265
2.116852	-2.377972	-0.720078	4.360926	-3.063570	0.145847	2.204095	-0.089908	4.128372	-34.828613
-6.221525	-2.025273	-0.683090	4.301527	-3.091208	0.166846	2.212397	-0.101809	4.128060	-34.828318
6.232059	-1.641770	-0.642915	4.239235	-3.118032	0.187766	2.220661	-0.113702	4.127744	-34.828023
1.535345	-1.092002	-0.583552	4.150011	-3.153213	0.216088	2.231840	-0.129866	4.127307	-34.827623
-6.268649	-0.547739	-0.519262	4.055785	-3.186913	0.244258	2.242948	-0.146015	4.126864	-34.827225
0.399617	2.887628	0.425239	2.617818	-3.481307	0.568652	2.370476	-0.338377	4.120997	-34.822548
7.166059	2.920199	1.014023	0.865719	-3.593844	0.865567	2.487349	-0.528453	4.114116	-34.818053
-7.578466	1.913421	0.284730	-1.388369	-3.518942	1.208787	2.623170	-0.773034	4.103607	-34.812450
2.341389	-1.446798	-1.167727	-3.204176	-3.262225	1.501652	2.738625	-1.012557	4.091405	-34.807154
7.336246	-1.673905	-1.224526	-3.267417	-3.248076	1.513304	2.743179	-1.022879	4.090835	-34.806930
-3.701374	-1.908397	-1.279791	-3.329100	-3.233724	1.524870	2.747695	-1.033198	4.090261	-34.806707
-6.458194	-3.982722	-1.864876	-4.175823	-2.916520	1.736415	2.829050	-1.236739	4.078149	-34.802368
5.204290	4.283084	-0.959522	-4.195058	-2.579843	1.912015	2.893265	-1.435593	4.064788	-34.798261
-1.714145	3.569659	1.484896	-3.392387	-2.239404	2.071437	2.945347	-1.659253	4.047801	-34.793798
-2.829506	-4.092245	2.584076	-2.140149	-1.947222	2.184927	2.973233	-1.875702	4.029188	-34.789640
-1.849120	-4.546066	2.555567	-2.050186	-1.928405	2.191021	2.974248	-1.890207	4.027858	-34.789367
2.794595	-4.936494	2.510778	-1.960284	-1.909689	2.196905	2.975149	-1.904677	4.026521	-34.789096
-3.082791	-3.284122	0.869623	-0.854713	-1.684650	2.252179	2.976882	-2.079687	4.009467	-34.785873
0.522678	3.471358	-1.550159	0.250028	-1.458923	2.276159	2.961315	-2.249139	3.991298	-34.782863
5.366648	5.529501	-2.960762	1.556861	-1.170227	2.264475	2.920802	-2.442741	3.968341	-34.779569
7.319186	-4.881192	-1.031631	2.811143	-0.835276	2.208897	2.857647	-2.628515	3.943861	-34.776571
-1.186369	-5.301448	-0.894883	2.863318	-0.818558	2.205319	2.854265	-2.636772	3.942712	-34.776442
-7.455074	-5.685768	-0.756450	2.914856	-0.801692	2.201649	2.850839	-2.645012	3.941561	-34.776313
8.668351	-4.470274	2.067901	3.794248	-0.413684	2.104495	2.770079	-2.812570	3.916941	-34.773776
-9.616426	5.826778	3.312186	4.137110	0.063785	1.967116	2.671944	-2.973157	3.891004	-34.771499
3.740488	4.837645	1.526957	3.731035	0.654624	1.787421	2.556768	-3.127973	3.863547	-34.769465
10.859937	-2.788888	-1.728984	2.591743	1.296375	1.565817	2.426593	-3.275719	3.834792	-34.767691
-4.971599	-2.897373	-1.796276	2.560519	1.309830	1.560708	2.423707	-3.278748	3.834174	-34.767657
-10.874617	-3.001430	-1.863062	2.529055	1.323250	1.555587	2.420819	-3.281768	3.833556	-34.767622
6.000182	-4.942529	-4.062504	0.891271	1.883956	1.314379	2.289397	-3.410318	3.806113	-34.766238
10.992230	-5.596722	-3.755246	-1.145010	2.356772	1.037668	2.147642	-3.532962	3.777620	-34.765070
-9.960001	-0.454936	5.401657	-4.428314	2.754400	0.267772	1.780167	-3.797631	3.706706	-34.763164
8.426991	4.535048	0.467145	-1.359821	1.733539	-0.599858	1.374541	-4.029855	3.630280	-34.762420
2.721225	1.245735	-0.173684	-1.203495	1.686184	-0.625942	1.362118	-4.036220	3.627941	-34.762415
-8.350267	-1.682873	-0.836861	-1.045556	1.638127	-0.652008	1.349680	-4.042553	3.625599	-34.762412
1.473179	-3.442137	-1.416031	-0.908422	1.596209	-0.674432	1.338960	-4.047981	3.623580	-34.762410
8.287540	-4.347669	-1.994547	-0.770274	1.553784	-0.696849	1.328225	-4.053387	3.621557	-34.762408
6.454530	-4.434505	-2.519350	-0.642357	1.514311	-0.717467	1.318333	-4.058344	3.619693	-34.762407
1.534817	-4.081299	-3.030632	-0.513845	1.474457	-0.738064	1.308435	-4.063279	3.617827	-34.762407
-0.992797	4.155899	-6.937279	1.315949	0.877314	-1.025920	1.168034	-4.130796	3.591292	-34.762472
-4.550309	-2.118573	-2.198571	3.022581	0.232120	-1.308082	1.025627	-4.194822	3.564193	-34.762660
-7.705146	-3.528354	5.760930	4.755426	-0.709975	-1.692717	0.820381	-4.279937	3.524662	-34.763138
-6.998856	-2.063878	7.763088	5.030022	-1.603650	-2.047900	0.613367	-4.357982	3.484026	-34.763861
2.951222	2.991116	2.909252	3.297291	-2.412138	-2.378606	0.394880	-4.432547	3.440048	-34.764888
8.415614	-2.158931	-4.583835	0.320308	-3.021015	-2.652707	0.177480	-4.499283	3.394886	-34.766183
-8.430087	-2.537448	-4.871239	0.169090	-3.043722	-2.663995	0.167311	-4.502228	3.392734	-34.766250
8.550410	-2.887459	-5.145614	0.017891	-3.065834	-2.675122	0.157155	-4.505154	3.390580	-34.766318
8.664955	-2.278872	-7.753662	-2.617439	-3.360509	-2.849980	-0.027242	-4.555596	3.350767	-34.767666
-8.728705	3.067319	-6.222135	-4.582117	-3.421400	-2.965363	-0.208576	-4.600266	3.310114	-34.769209
8.528528	2.373409	-1.757162	-5.668309	-3.143998	-3.017205	-0.414667	-4.645038	3.261705	-34.771253
5.920736	-1.404780	2.899561	-5.571049	-2.455337	-2.982738	-0.613810	-4.681980	3.212198	-34.773559
-0.971786	-1.564542	3.072829	-5.542094	-2.418208	-2.979469	-0.622099	-4.683376	3.210072	-34.773663
-7.985478	-1.722519	3.243083	-5.511142	-2.380522	-2.976058	-0.630373	-4.684757	3.207944	-34.773767
4.125543	-4.335190	5.892314	-4.413501	-1.483937	-2.873388	-0.799872	-4.710383	3.163060	-34.776050
6.569351	-4.682735	6.030402	-2.473064	-0.441069	-2.714337	-0.962805	-4.729857	3.117348	-34.778536
3.126110	-1.075957	2.561510	0.557411	0.796368	-2.473743	-1.138334	-4.744451	3.064783	-34.781585
-4.275821	4.903831	-2.193469	3.696948	1.970554	-2.175651	-1.304535	-4.751217	3.011209	-34.784889
-4.625473	5.018471	-2.296915	3.766314	1.997729	-2.167593	-1.308535	-4.751285	3.009868	-34.784974
4.602009	5.129385	-2.398867	3.835003	2.024782	-2.159503	-1.312529	-4.751349	3.008526	-34.785060
2.367406	6.419789	-4.631036	5.696502	2.866900	-1.862972	-1.446487	-4.750601	2.961958	-34.788093
-1.673225	3.031633	-3.675475	6.373507	3.479265	-1.534604	-1.573385	-4.744151	2.914685	-34.791310
-2.906874	-3.827105	-0.241250	5.783026	3.826991	-1.116492	-1.712621	-4.729383	2.858554	-34.795301
3.135773	-7.926574	2.798491	3.879945	3.817906	-0.668261	-1.841917	-4.706822	2.801495	-34.799540
-0.137079	-7.856656	2.875522	3.768801	3.810420	-0.648007	-1.847362	-4.705653	2.798969	-34.799732
-3.187853	-7.760335	2.946071	3.655483	3.802386	-0.627710	-1.852788	-4.704469	2.796442	-34.799924
-2.900523	-2.246131	3.178184	1.076527	3.540286	-0.218779	-1.955971	-4.677998	2.746151	-34.803817
4.871054	5.356649	1.783915	-1.768126	3.113006	0.201512	-2.051446	-4.645658	2.695183	-34.807893
-5.762398	8.655574	-0.637396	-4.673226	2.480880	0.689101	-2.151225	-4.601392	2.635970	-34.812787
1.485695	3.836968	-2.509054	-6.452560	1.764106	1.174199	-2.240611	-4.549413	2.575889	-34.817918
3.781470	3.314992	-2.554077	-6.491150	1.733095	1.194449	-2.244148	-4.547052	2.573338	-34.818139
6.102192	2.760977	-2.595442	-6.526294	1.702064	1.214676	-2.247666	-4.544679	2.570786	-34.818361
-5.759096	-8.474519	-2.330681	-6.482911	1.053812	1.628364	-2.316400	-4.492351	2.517473	-34.823059
4.948984	-1.814672	0.303751	-5.101950	0.397081	2.026044	-2.376796	-4.434285	2.463528	-34.827936
-3.829496	7.713450	2.531832	-2.441804	-0.347480	2.451907	-2.435169	-4.361266	2.401267	-34.833714
3.110072	1.597721	0.360470	0.709277	-1.066592	2.839404	-2.482009	-4.281215	2.338241	-34.839720
-3.098447	1.260910	0.195459	0.853683	-1.098133	2.855857	-2.483847	-4.277436	2.335376	-34.839997
2.998115	0.948156	0.028188	0.997898	-1.129597	2.872222	-2.485662	-4.273640	2.332507	-34.840275
3.298953	-2.025537	-2.928015	3.581695	-1.715793	3.168105	-2.515929	-4.197537	2.276748	-34.845730
-4.031035	-5.708743	-2.962727	5.338643	-2.249799	3.420613	-2.536853	-4.116383	2.220460	-34.851358
-0.457160	4.873876	1.744315	6.029346	-2.779337	3.648800	-2.549056	-4.017242	2.155263	-34.858025
1.866121	1.822853	3.557616	5.536565	-3.199942	3.802242	-2.548221	-3.911944	2.089437	-34.864915
5.883913	0.197393	3.507974	5.479412	-3.220468	3.808604	-2.547767	-3.905700	2.085629	-34.865318
-5.907127	-1.397277	3.441573	5.419526	-3.240583	3.814688	-2.547268	-3.899434	2.081817	-34.865723
5.958815	-3.327658	0.449579	4.247482	-3.489079	3.870943	-2.534385	-3.803342	2.024512	-34.871864
-0.933524	2.807400	-4.232426	2.722100	-3.631555	3.857689	-2.511132	-3.703105	1.966792	-34.878170
-4.855186	0.817713	-2.587571	0.807694	-3.650085	3.747483	-2.470872	-3.582069	1.899446	-34.885676
4.106123	-2.193513	2.824383	-1.019120	-3.499300	3.531083	-2.416826	-3.456026	1.831614	-34.893397
-2.472724	-2.086375	3.030274	-1.100137	-3.488009	3.518395	-2.413949	-3.449962	1.828403	-34.893766
-4.044954	-1.949657	3.225562	-1.180515	-3.476353	3.505502	-2.411044	-3.443891	1.825193	-34.894136
2.324465	2.231948	5.186125	-2.557803	-3.190132	3.226694	-2.351418	-3.328299	1.764893	-34.901148
3.547466	1.298510	4.699734	-3.627861	-2.777580	2.883487	-2.282210	-3.209257	1.704271	-34.908325
-4.033559	-2.852051	2.391445	-4.375422	-2.171372	2.435145	-2.194121	-3.072315	1.636136	-34.916544
2.737374	0.156151	-0.670142	-4.559461	-1.422377	1.931372	-2.095427	-2.931589	1.567661	-34.924966
5.354455	0.408099	-0.814704	-4.552480	-1.384610	1.906857	-2.090599	-2.924968	1.564474	-34.925362
-5.434940	0.660526	-0.958696	-4.544031	-1.346633	1.882269	-2.085754	-2.918345	1.561289	-34.925758
2.019180	3.943971	-3.493241	-4.082693	-0.587361	1.398724	-1.989533	-2.790813	1.500512	-34.933382
9.412229	2.456570	-5.211593	-2.980946	0.209804	0.892338	-1.886153	-2.660761	1.439525	-34.941163
5.250764	-5.158937	-5.190001	-0.946850	1.114228	0.294323	-1.759220	-2.508520	1.369241	-34.950290
-13.297022	-5.457721	-1.712116	1.300739	1.941693	-0.307937	-1.624260	-2.353505	1.298747	-34.959620
7.188257	-4.997309	-1.467881	1.395991	1.976529	-0.335310	-1.617919	-2.346367	1.295524	-34.960051
13.382898	-4.492660	-1.217363	1.490082	2.011080	-0.362679	-1.611559	-2.339218	1.292299	-34.960482
-13.672461	5.741556	3.222000	2.953760	2.603111	-0.879660	-1.487253	-2.201702	1.230617	-34.968804
2.762995	2.006571	3.553021	3.434853	3.034962	-1.379149	-1.357972	-2.062518	1.168831	-34.977277
11.997747	-5.850001	0.979518	2.411769	3.284772	-1.918203	-1.204570	-1.901445	1.098028	-34.987157
-8.024082	0.475931	-1.333582	0.390462	3.259091	-2.413037	-1.046064	-1.738732	1.027154	-34.997231
-10.515950	0.877141	-1.401421	0.292718	3.251466	-2.433826	-1.038925	-1.731479	1.024008	-34.997683
10.454732	1.269206	-1.465492	0.194905	3.243280	-2.454524	-1.031772	-1.724218	1.020860	-34.998135
-4.607696	5.501842	-1.797643	-1.603422	2.969151	-2.838208	-0.889750	-1.581208	0.959061	-35.007087
-8.532922	1.879117	-0.369710	-2.770171	2.476238	-3.174894	-0.744976	-1.437390	0.897263	-35.016184
7.998629	-5.033709	0.910612	-2.721485	1.649007	-3.496122	-0.575819	-1.271335	0.826262	-35.026817
-2.758039	3.887326	-0.229907	-1.008601	0.624491	-3.738371	-0.404461	-1.104768	0.755333	-35.037638
-7.946191	4.413652	-0.313299	-0.856816	0.546113	-3.752677	-0.391923	-1.092631	0.750173	-35.038433
-1.903153	4.827215	-0.384988	-0.705512	0.467551	-3.766513	-0.379378	-1.080493	0.745014	-35.039229
8.242253	2.538397	-0.414612	0.892516	-0.432921	-3.891157	-0.233990	-0.940187	0.685445	-35.048498
-8.659305	-4.772452	0.174384	1.956465	-1.251943	-3.947173	-0.088179	-0.799930	0.625976	-35.057897
-2.775267	-0.196491	0.369447	2.181380	-2.008499	-3.916814	0.085244	-0.633248	0.555333	-35.069257
9.369975	5.155551	0.073089	1.460698	-2.494054	-3.772143	0.257511	-0.467179	0.484899	-35.080797
-9.371032	5.048674	0.053875	1.413895	-2.509466	-3.762996	0.265056	-0.459882	0.481801	-35.081310
9.371233	4.917902	0.034342	1.366155	-2.524395	-3.753609	0.272596	-0.452588	0.478705	-35.081823
-9.249989	1.206819	-0.391103	0.290970	-2.722838	-3.518953	0.420557	-0.308875	0.417628	-35.092026
1.407493	-3.783153	-0.799497	-0.822029	-2.745098	-3.192567	0.566102	-0.166067	0.356763	-35.102364
8.725017	-6.384996	-1.072663	-1.742599	-2.557880	-2.717951	0.729373	-0.003439	0.287163	-35.114399
2.741635	0.190646	-0.991726	-1.944339	-2.152279	-2.157102	0.887520	0.157443	0.217912	-35.126609
-3.147556	0.618429	-0.980581	-1.937614	-2.130346	-2.131108	0.894262	0.164392	0.214911	-35.127144
-4.372136	1.046923	-0.968878	-1.929756	-2.108109	-2.105013	0.900987	0.171333	0.211912	-35.127678
-8.574085	7.476033	-0.627800	-1.559999	-1.602656	-1.559527	1.033209	0.309605	0.151954	-35.138463
-5.413784	5.941417	-0.103293	-0.884373	-1.010712	-0.981357	1.160007	0.446116	0.092316	-35.149377
9.217914	-8.468626	0.669722	0.081195	-0.276667	-0.296717	1.297886	0.600278	0.024332	-35.162053
-9.856422	-7.878570	1.252536	1.042356	0.458686	0.389841	1.426696	0.751570	-0.043164	-35.174896
9.888551	-5.379793	1.276383	1.082326	0.491092	0.420666	1.432306	0.758358	-0.046212	-35.175482
1.478018	-2.848938	1.300284	1.121819	0.523372	0.451447	1.437895	0.765140	-0.049260	-35.176068
-10.555331	9.221141	1.809393	1.759803	1.110772	1.031087	1.540990	0.894001	-0.107541	-35.187394
3.856886	2.446546	2.474334	2.071517	1.609876	1.579569	1.635680	1.020252	-0.165398	-35.198842
11.662745	-9.491207	3.175928	1.853624	2.009266	2.154663	1.733580	1.162389	-0.231581	-35.212200
-0.010349	-5.361127	3.202536	0.962013	2.122025	2.646806	1.818343	1.300491	-0.297129	-35.225717
-11.885479	-2.996372	3.166516	0.910044	2.120425	2.666586	1.821821	1.306588	-0.300054	-35.226328
11.885614	-0.608262	3.126127	0.857351	2.118294	2.686140	1.825269	1.312672	-0.302976	-35.226938
-11.707506	9.248054	1.275869	-0.253845	1.979193	3.019370	1.886014	1.428229	-0.359047	-35.238763
11.165869	-8.996933	-2.160751	-1.358317	1.673951	3.262964	1.935420	1.540339	-0.414591	-35.250706
9.070767	-7.857419	-3.377781	-2.264556	1.149399	3.426061	1.977381	1.664908	-0.477864	-35.264601
-8.723731	3.266265	-1.566424	-2.454986	0.467264	3.465377	2.002348	1.784391	-0.540371	-35.278648
-8.798570	3.721295	-1.445217	-2.445710	0.433870	3.464315	2.003041	1.789558	-0.543119	-35.279273
1.906386	4.164532	-1.322053	-2.434983	0.400260	3.463019	2.003699	1.794712	-0.545863	-35.279898
7.460347	8.058621	1.316627	-1.929482	-0.308019	3.387257	2.009475	1.896297	-0.600767	-35.292541
-6.156353	-0.886002	3.276890	-0.943276	-1.010651	3.217485	2.001525	1.993773	-0.655008	-35.305301
-0.396174	-8.015611	2.889053	0.570600	-1.667800	2.915627	1.977059	2.098490	-0.715149	-35.319782
4.415475	-1.601620	-0.794181	2.094683	-2.044347	2.497553	1.937061	2.198178	-0.774382	-35.334407
-2.092916	-0.915566	-0.981703	2.152629	-2.052685	2.475098	1.934818	2.202735	-0.777139	-35.335097
-4.436183	-0.207881	-1.165965	2.208607	-2.060074	2.452376	1.932541	2.207284	-0.779896	-35.335788
5.087059	8.839506	-3.215832	2.757956	-2.011058	1.996670	1.885765	2.287960	-0.829553	-35.348376
-1.448719	0.711063	-1.479156	2.195107	-1.589430	1.463477	1.829026	2.365139	-0.878499	-35.361067
-5.655610	-8.282845	2.505714	0.552056	-0.729966	0.756569	1.749743	2.452108	-0.935513	-35.376228
-1.274958	-11.366248	3.504926	-1.368106	0.318471	0.010677	1.658257	2.534381	-0.991460	-35.391528
2.407033	-11.546250	3.413487	-1.436551	0.359122	-0.017773	1.654557	2.537414	-0.993562	-35.392112
-4.953928	-11.681898	3.309772	-1.504340	0.399757	-0.046231	1.650836	2.540442	-0.995665	-35.392696
-6.620026	3.327319	-1.079969	-2.723671	1.283371	-0.682848	1.562091	2.607467	-1.042993	-35.406023
-6.995399	13.830053	-3.910319	-2.889337	2.022279	-1.279825	1.465640	2.671156	-1.089474	-35.419451
-7.554777	-15.944324	4.509630	0.933559	2.913183	-2.375370	1.212033	2.808191	-1.195288	-35.451417
-9.423977	16.320660	-5.134044	2.818645	1.656836	-2.873782	0.927245	2.928219	-1.296049	-35.483923
-5.853985	2.900414	-4.864445	2.775708	1.597462	-2.877765	0.920789	2.930640	-1.298175	-35.484633
11.295083	-9.538187	-4.549202	2.728241	1.536564	-2.881469	0.914318	2.933054	-1.300300	-35.485344
-12.288412	-16.245812	-4.164997	2.673268	1.470508	-2.885085	0.907453	2.935603	-1.302547	-35.486097
13.247794	-13.476831	-3.729670	2.613705	1.402941	-2.888384	0.900580	2.938142	-1.304791	-35.486850
4.328149	-5.868874	-3.225388	2.546729	1.330705	-2.891498	0.893384	2.940787	-1.307133	-35.487638
-3.234659	1.422378	-2.678420	2.475225	1.256938	-2.894268	0.886179	2.943422	-1.309470	-35.488425
-21.660098	15.481836	5.397044	1.124812	0.088275	-2.897422	0.783577	2.979511	-1.342018	-35.499525
6.497138	-7.952895	4.793351	-0.451470	-1.206317	-2.835031	0.678780	3.013847	-1.373959	-35.510684
11.194453	-12.841578	-3.562139	-2.225556	-2.881843	-2.644438	0.530987	3.058500	-1.417103	-35.526205
-3.908380	5.994981	-5.898716	-2.635315	-4.009892	-2.337574	0.380876	3.099991	-1.459056	-35.541835
1.855699	9.038612	-1.033855	-1.130905	-4.234812	-1.920636	0.228963	3.138600	-1.499988	-35.557645
-2.813704	-7.292855	6.067149	1.035943	-3.605228	-1.416355	0.077178	3.174239	-1.539683	-35.573563
0.979934	-0.881627	0.219169	2.440350	-2.134081	-0.802504	-0.086159	3.209730	-1.581397	-35.590978
6.855484	4.627109	-6.152043	2.194073	-0.060880	-0.156599	-0.246291	3.241998	-1.621616	-35.608515
-0.803358	4.610180	-6.148036	2.184507	-0.042604	-0.151377	-0.247561	3.242245	-1.621933	-35.608657
-6.906355	4.592001	-6.142718	2.174815	-0.024311	-0.146156	-0.248831	3.242491	-1.622250	-35.608798
9.752625	-1.393073	-0.522164	0.636251	1.943549	0.399021	-0.380996	3.267423	-1.655185	-35.623781
0.188992	-3.917210	6.278273	-1.135428	3.729819	0.916838	-0.508724	3.290232	-1.687020	-35.638850
-10.206417	4.187098	4.458266	-2.195120	5.071747	1.441857	-0.646963	3.313642	-1.721776	-35.656040
6.043672	-1.893316	-1.688444	-2.008665	5.382191	1.868611	-0.776829	3.334570	-1.755088	-35.673336
-5.879271	-3.427977	-1.902003	-1.981225	5.374635	1.882780	-0.781696	3.335336	-1.756356	-35.674012
5.720735	-4.915085	-2.109414	-1.952582	5.365747	1.896738	-0.786545	3.336099	-1.757620	-35.674687
-4.072373	-0.417276	-5.334242	-1.060748	4.845457	2.157756	-0.890685	3.352201	-1.785256	-35.689794
-1.294080	6.536214	-6.950373	0.077648	3.802448	2.327448	-0.986432	3.366627	-1.811781	-35.704978
6.723521	-7.407156	-6.634820	1.247170	2.177200	2.419283	-1.084139	3.381114	-1.840601	-35.722349
-7.723381	-7.134630	0.898853	1.932857	0.355427	2.414985	-1.169459	3.393676	-1.867960	-35.739815
7.729601	-5.207896	1.304281	1.948036	0.274440	2.412767	-1.172967	3.394192	-1.869142	-35.740594
2.815311	-3.255213	1.707377	1.961759	0.193649	2.410386	-1.176451	3.394704	-1.870320	-35.741372
-7.197855	8.522984	7.671479	1.927518	-1.346035	2.331705	-1.240461	3.404106	-1.892992	-35.756778
6.052945	4.090704	6.549188	1.343587	-2.736225	2.198781	-1.295626	3.412226	-1.914522	-35.772255
-4.535055	-8.672343	-0.071947	0.269848	-4.067053	1.990167	-1.348645	3.420099	-1.937881	-35.790155
3.310970	3.576857	-6.272968	-0.855984	-5.015479	1.734929	-1.390990	3.426526	-1.959707	-35.808145
-2.491174	4.296174	-6.479855	-0.902787	-5.048458	1.722221	-1.392699	3.426790	-1.960679	-35.808979
-3.234248	4.971636	-6.677234	-0.948848	-5.080420	1.709435	-1.394388	3.427052	-1.961649	-35.809814
0.719518	7.953639	-8.169709	-1.620240	-5.475104	1.457924	-1.422176	3.431470	-1.979251	-35.825538
1.668756	0.118971	-4.859776	-1.821120	-5.451538	1.190960	-1.442718	3.434995	-1.995678	-35.841328
3.234493	-6.711660	2.399143	-1.589307	-4.889998	0.848275	-1.458693	3.438262	-2.014429	-35.861026
-2.203797	0.891312	7.619747	-1.094979	-3.883833	0.500127	-1.464762	3.440460	-2.031343	-35.880821
-3.343340	0.939150	7.628988	-1.092812	-3.879066	0.498711	-1.464767	3.440467	-2.031408	-35.880902
2.817062	0.987352	7.638163	-1.090630	-3.874261	0.497284	-1.464772	3.440474	-2.031474	-35.880983
3.113569	5.455183	6.540397	-0.656045	-2.894745	0.228100	-1.463039	3.441527	-2.043286	-35.896373
1.857531	-5.025005	-0.288525	-0.107751	-1.827069	-0.037555	-1.456011	3.442016	-2.053983	-35.911820
-2.280091	4.637101	-6.424993	0.699257	-0.487462	-0.359918	-1.440072	3.441740	-2.065771	-35.931193
1.334739	-3.029931	0.512842	1.469843	0.717786	-0.666368	-1.416469	3.440322	-2.075801	-35.950650
2.518711	-3.713914	0.598127	1.475586	0.727961	-0.669144	-1.416213	3.440303	-2.075887	-35.950832
-2.525918	-4.392074	0.683060	1.481287	0.738111	-0.671919	-1.415956	3.440283	-2.075972	-35.951015
3.504948	2.308712	5.422805	1.759676	1.539829	-0.912856	-1.390257	3.438050	-2.083015	-35.967452
-4.710976	4.146009	1.728815	1.421419	2.114752	-1.134935	-1.359522	3.434776	-2.088803	-35.983946
5.766936	-3.989998	-4.700208	0.370571	2.558980	-1.359764	-1.318841	3.429740	-2.093845	-36.002731
-6.197820	-0.755860	-0.692944	-1.016221	2.858629	-1.550852	-1.272365	3.423280	-2.097264	-36.021584
6.201865	0.101112	-0.375994	-1.070760	2.869714	-1.558443	-1.270182	3.422961	-2.097377	-36.022420
-4.854215	0.954916	-0.058106	-1.123912	2.880669	-1.565957	-1.267989	3.422640	-2.097488	-36.023255
-6.113575	3.530865	4.422278	-1.741075	3.076834	-1.696227	-1.223338	3.415832	-2.099002	-36.039510
6.014822	-3.276230	1.907979	-1.298762	3.252764	-1.794390	-1.174972	3.407953	-2.099317	-36.055814
-6.130019	2.972313	-3.959565	-0.011652	3.355006	-1.864065	-1.114208	3.397399	-2.098169	-36.074889
-0.333447	2.922259	-4.591985	1.203489	3.230853	-1.882628	-1.049146	3.385367	-2.095391	-36.094027
6.390190	2.652842	-4.374867	1.244645	3.218228	-1.882325	-1.046153	3.384796	-2.095230	-36.094881
-6.398731	2.367202	-4.134181	1.284282	3.204918	-1.881930	-1.043153	3.384222	-2.095065	-36.095736
-6.358753	-2.473142	2.365610	1.732765	2.791570	-1.856870	-0.982878	3.372371	-2.091180	-36.112514
6.356174	0.133341	4.594573	1.439700	2.077213	-1.802932	-0.919998	3.359376	-2.086057	-36.129336
-4.416071	2.207191	1.081928	0.082618	1.027719	-1.713018	-0.844854	3.343019	-2.078645	-36.148726
-5.543261	0.502301	-2.955323	-1.397689	-0.118024	-1.601950	-0.767036	3.325135	-2.069611	-36.168168
3.631358	0.394675	-3.076540	-1.445105	-0.167647	-1.596804	-0.763614	3.324326	-2.069183	-36.169011
5.495641	0.288225	-3.191243	-1.490278	-0.217177	-1.591636	-0.760187	3.323515	-2.068753	-36.169854
4.645065	-1.545021	-3.739897	-1.766122	-1.168561	-1.485090	-0.690986	3.306722	-2.059532	-36.186689
-4.461014	-2.164647	-0.709494	-0.644819	-1.973058	-1.375995	-0.620388	3.288782	-2.049115	-36.203558
3.862964	2.206664	2.631071	1.143724	-2.501684	-1.253970	-0.537083	3.266531	-2.035543	-36.223166
-3.266914	-1.161427	1.201287	1.839722	-2.327556	-1.143060	-0.452666	3.242730	-2.020385	-36.242811
3.241138	-1.728553	1.095811	1.835771	-2.301537	-1.138730	-0.449195	3.241723	-2.019732	-36.243616
-3.215094	-2.256186	0.991036	1.829195	-2.273890	-1.134409	-0.445720	3.240714	-2.019075	-36.244421
2.625069	2.284630	-0.771191	1.144702	-1.370815	-1.045219	-0.371964	3.218728	-2.004560	-36.261469
-2.117522	2.100037	-0.948386	-0.310149	-0.094553	-0.957804	-0.297977	3.195578	-1.988877	-36.278539
-2.026570	-2.250007	0.655581	-1.949938	1.400297	-0.849900	-0.209213	3.166241	-1.968517	-36.299056
2.036556	2.137359	-0.631643	-1.317680	2.404567	-0.732644	-0.120959	3.135224	-1.946505	-36.319595
3.110217	2.136843	-0.635426	-1.312749	2.406777	-0.732243	-0.120676	3.135121	-1.946432	-36.319662
-3.116198	2.136076	-0.639174	-1.307807	2.408979	-0.731841	-0.120392	3.135018	-1.946358	-36.319728
5.158327	-1.976323	-0.550269	0.189038	2.726932	-0.622497	-0.047765	3.107949	-1.926811	-36.336812
-2.348558	-1.652126	0.833819	1.613017	2.503482	-0.499494	0.023918	3.079723	-1.906151	-36.353902
-10.719198	1.451542	1.474444	2.103054	1.523355	-0.342507	0.105163	3.045694	-1.880928	-36.373639
7.617660	-0.319139	-0.724271	0.601307	-0.073251	-0.173231	0.184382	3.010130	-1.854260	-36.393375
12.696097	-0.529374	-0.908742	0.453543	-0.196811	-0.161041	0.189833	3.007587	-1.852343	-36.394754
-12.756974	-0.728484	-1.088113	0.304038	-0.320958	-0.148812	0.195271	3.005036	-1.850419	-36.396133
-7.530134	-0.782572	-2.232151	-1.367334	-1.790667	0.000487	0.259523	2.973861	-1.826797	-36.412675
11.847037	-0.033416	-0.500019	-2.211989	-3.009014	0.152976	0.321780	2.941615	-1.802192	-36.429209
-10.061147	0.322014	2.398715	-2.211364	-3.728696	0.335473	0.392963	2.901836	-1.771636	-36.448877
-2.547386	-0.261078	3.012593	-1.560331	-3.406331	0.515350	0.460574	2.860551	-1.739729	-36.468527
8.113110	-0.241457	3.014009	-1.517058	-3.369859	0.523338	0.463532	2.858654	-1.738259	-36.469412
-0.266697	-0.213523	3.015917	-1.472523	-3.331739	0.531312	0.466482	2.856754	-1.736786	-36.470298
-6.795781	0.411850	2.537119	-0.350969	-2.319904	0.681616	0.521596	2.819614	-1.707933	-36.487321
6.075244	-0.777166	-0.602404	1.153571	-0.927374	0.824313	0.573419	2.781361	-1.678106	-36.504320
-5.937435	1.485848	-3.640774	2.274200	0.868399	0.976261	0.628776	2.735851	-1.642508	-36.523902
-6.324253	-1.713968	3.333919	1.792614	2.593763	1.110954	0.678990	2.688887	-1.605673	-36.543444
5.456775	-2.118536	3.658985	1.741329	2.665643	1.116389	0.681062	2.686801	-1.604035	-36.544297
6.384708	-2.541971	3.967686	1.688227	2.737136	1.121780	0.683121	2.684713	-1.602396	-36.545150
-8.404161	1.989569	3.059257	-1.748534	5.504958	1.325120	0.768069	2.582408	-1.521930	-36.585552
-0.337854	6.642535	-5.335288	-2.427877	6.096959	1.402046	0.825261	2.474110	-1.436610	-36.625712
9.934603	6.188355	-5.344226	-2.421640	6.094921	1.402051	0.825350	2.473875	-1.436426	-36.625797
-3.363466	5.728313	-5.353160	-2.415317	6.092853	1.402054	0.825439	2.473639	-1.436240	-36.625882
-9.936500	5.363770	-5.360198	-2.410271	6.091202	1.402057	0.825509	2.473452	-1.436092	-36.625949
5.631247	4.998626	-5.367254	-2.405155	6.089526	1.402059	0.825580	2.473263	-1.435943	-36.626017
9.957860	-6.920420	-5.007585	-0.984023	5.575622	1.393769	0.837791	2.435850	-1.406452	-36.639350
-7.265056	5.753295	0.297477	0.796321	4.751997	1.369188	0.846612	2.397823	-1.376472	-36.652648
-9.186682	6.738090	5.677557	2.602242	3.138779	1.305775	0.853714	2.340133	-1.330985	-36.672369
8.557339	-6.133005	-3.050683	1.972556	1.284100	1.214774	0.853961	2.281160	-1.284486	-36.692006
-8.534457	-6.031821	-3.382543	1.904613	1.207239	1.210648	0.853834	2.278784	-1.282613	-36.692787
1.201838	-5.850427	-3.692876	1.834276	1.130265	1.206490	0.853697	2.276408	-1.280740	-36.693567
8.099015	5.373880	-5.468727	-0.049227	-0.518626	1.111277	0.848475	2.225936	-1.240944	-36.709956
-7.016765	4.270351	-0.268854	-2.063007	-2.180860	1.003507	0.838917	2.174669	-1.200499	-36.726279
-7.468404	-3.820043	5.028325	-3.096165	-4.059853	0.865772	0.822512	2.113905	-1.152489	-36.745249
0.794012	3.018202	-2.478157	-1.602543	-5.767568	0.719749	0.800747	2.052269	-1.103675	-36.764117
7.167160	3.117278	-2.620081	-1.555431	-5.798115	0.716848	0.800270	2.051058	-1.102714	-36.764485
-7.161154	3.208472	-2.757294	-1.507899	-5.828531	0.713945	0.799792	2.049846	-1.101753	-36.764852
4.884885	1.341911	-4.546742	0.850429	-7.057673	0.581261	0.776088	1.994490	-1.057788	-36.781497
6.504045	-2.908830	-1.037036	2.829328	-7.932178	0.449262	0.748665	1.938573	-1.013257	-36.798055
2.760649	-0.843032	2.770978	3.866771	-8.384126	0.310514	0.714967	1.877225	-0.964278	-36.815940
-5.333060	3.623326	3.975876	3.248561	-8.257037	0.180085	0.677540	1.815262	-0.914708	-36.833713
5.289451	3.538410	3.931145	3.155769	-8.234081	0.172904	0.675295	1.811701	-0.911856	-36.834725
-3.038371	3.393433	3.872939	3.056704	-8.209609	0.165754	0.673038	1.808137	-0.909003	-36.835738
-4.569054	-1.684830	1.702299	0.926942	-7.663282	0.059662	0.637035	1.753139	-0.864939	-36.851247
4.157021	-2.390349	-1.430500	-1.721189	-6.866805	-0.039460	0.598701	1.697695	-0.820486	-36.866661
-4.420029	-5.541937	-3.523050	-4.268198	-5.750853	-0.147020	0.551125	1.632153	-0.767923	-36.884606
1.106941	-6.874442	-1.604715	-5.127088	-4.602056	-0.245558	0.501065	1.566031	-0.714911	-36.902412
5.708209	-6.658190	-1.438759	-5.124433	-4.554027	-0.249684	0.498815	1.563113	-0.712573	-36.903191
5.840275	-6.408713	-1.267691	-5.118628	-4.506337	-0.253793	0.496561	1.560195	-0.710234	-36.903970
4.675232	3.188626	2.298753	-4.439347	-3.631378	-0.331192	0.451489	1.502607	-0.664107	-36.919218
-9.712429	8.464920	3.300054	-2.947651	-2.852649	-0.402293	0.405129	1.444614	-0.617713	-36.934356
11.781300	-9.153330	-1.081125	-0.712302	-2.028169	-0.476962	0.350201	1.377015	-0.563733	-36.951732
-8.770703	6.303958	-3.516623	1.513167	-1.237030	-0.543747	0.294269	1.308910	-0.509485	-36.968950
-12.446645	7.227060	-3.523892	1.609751	-1.199225	-0.546742	0.291581	1.305647	-0.506890	-36.969768
12.414572	8.087105	-3.520923	1.705011	-1.161373	-0.549721	0.288892	1.302382	-0.504294	-36.970585
-3.743931	9.903097	-1.704275	3.239493	-0.453705	-0.601228	0.239472	1.242441	-0.456699	-36.985481
-7.913772	-2.174362	2.459919	4.513684	0.305563	-0.647163	0.189866	1.182140	-0.408970	-37.000248
0.607996	-9.730402	4.591610	5.940039	1.304092	-0.694050	0.132000	1.111225	-0.353057	-37.017341
1.338410	-1.537751	-0.719157	7.270777	2.474384	-0.733909	0.074643	1.039855	-0.297052	-37.034250
-0.079905	-1.202803	-0.878585	7.290667	2.503375	-0.734735	0.073350	1.038230	-0.295780	-37.034632
-1.261212	-0.864917	-1.038026	7.309823	2.532521	-0.735558	0.072056	1.036602	-0.294506	-37.035014
0.703820	8.628086	-5.657763	7.316882	3.689009	-0.763698	0.024411	0.976038	-0.247222	-37.049123
-1.432998	6.038506	-5.052992	5.609174	4.948783	-0.787256	-0.022316	0.915179	-0.199943	-37.063094
4.254652	-1.045963	-0.140797	2.012079	6.456061	-0.809531	-0.076237	0.842590	-0.143879	-37.079488
4.930954	-5.327871	4.660484	-2.127611	7.826062	-0.825936	-0.128104	0.769623	-0.087912	-37.095675
1.752148	-5.415760	4.788497	-2.257504	7.866537	-0.826375	-0.129753	0.767242	-0.086093	-37.096199
-5.023533	-5.495278	4.914254	-2.386632	7.906692	-0.826808	-0.131399	0.764861	-0.084274	-37.096722
5.962661	-2.949583	6.804277	-5.472308	8.813592	-0.835974	-0.172855	0.703391	-0.037473	-37.110119
-6.830280	3.308733	3.503064	-7.889491	9.411500	-0.841436	-0.212317	0.641679	0.009196	-37.123365
8.350254	-2.107293	-6.024353	-7.741162	9.582953	-0.843361	-0.255375	0.569657	0.063238	-37.138567
-10.797272	-0.247940	-2.426782	-2.728240	8.996264	-0.840479	-0.295153	0.497346	0.117011	-37.153554
10.931027	0.421727	-2.092789	-2.431877	8.948842	-0.840222	-0.296855	0.494102	0.119412	-37.154220
-6.808710	1.067145	-1.760807	-2.132609	8.899450	-0.839954	-0.298550	0.490857	0.121811	-37.154885
-15.312229	-0.707104	3.071032	7.774521	4.665153	-0.815608	-0.364736	0.351428	0.223931	-37.182963
3.622248	3.578327	-1.298249	-0.899716	-3.292577	-0.759547	-0.418376	0.211142	0.324551	-37.210195
-3.038950	-1.701156	-0.668396	-1.254963	-3.473631	-0.757864	-0.419428	0.208014	0.326769	-37.210791
2.444306	-3.809629	-0.034042	-1.612491	-3.653764	-0.756159	-0.420474	0.204883	0.328988	-37.211386
-1.774536	-0.841742	0.627212	-2.016426	-3.855968	-0.754206	-0.421648	0.201344	0.331494	-37.212059
1.123205	4.081931	1.187809	-2.417777	-4.056743	-0.752226	-0.422816	0.197802	0.334001	-37.212731
-0.007183	-6.518762	-0.869068	-7.327664	-7.010682	-0.716055	-0.440738	0.140048	0.374667	-37.223608
-1.182215	6.867729	-0.009733	-6.734266	-9.066125	-0.672035	-0.456598	0.082184	0.414996	-37.234333
-1.356792	12.314621	1.296415	6.659141	-9.098211	-0.519210	-0.488221	-0.068776	0.518165	-37.261503
5.051033	-5.900493	-2.181336	2.674396	-3.096253	-0.321085	-0.505742	-0.220270	0.618522	-37.287592
-4.852704	-0.207838	-0.095781	2.485756	-2.938879	-0.316594	-0.505959	-0.223488	0.620617	-37.288133
4.640729	5.209267	1.535761	2.298777	-2.781203	-0.312096	-0.506169	-0.226707	0.622711	-37.288674
-4.397689	4.360951	2.233930	2.095417	-2.607293	-0.307135	-0.506394	-0.230251	0.625016	-37.289269
4.153103	-3.126500	1.792089	1.895174	-2.433082	-0.302163	-0.506610	-0.233798	0.627320	-37.289864
-3.911683	-4.006260	0.344606	1.695821	-2.256550	-0.297121	-0.506822	-0.237391	0.629652	-37.290466
3.680946	3.605613	-1.798761	1.499828	-2.079904	-0.292070	-0.507025	-0.240986	0.631983	-37.291067
-4.627261	3.346753	-2.856487	-3.344232	3.663100	-0.114825	-0.509024	-0.366817	0.712320	-37.311699
-5.726622	3.070405	3.476033	-4.951705	7.149629	0.050472	-0.500952	-0.492841	0.790192	-37.331529
5.817825	2.995964	3.331985	-4.956082	7.194805	0.054472	-0.500604	-0.496149	0.792200	-37.332038
-5.906283	2.880920	3.160988	-4.958590	7.237258	0.058452	-0.500248	-0.499459	0.794207	-37.332547
-2.322792	2.057051	-4.130443	-4.557405	7.489611	0.136320	-0.491167	-0.568945	0.835910	-37.343102
6.973695	0.860313	-4.351511	-3.313027	6.585608	0.201706	-0.479009	-0.638389	0.876754	-37.353400
-5.166777	0.749917	-4.196494	-3.245880	6.525548	0.204188	-0.478427	-0.641323	0.878461	-37.353830
-6.903283	0.641431	-4.034812	-3.177805	6.463920	0.206646	-0.477840	-0.644257	0.880167	-37.354259
5.619672	0.770144	0.560814	-1.538630	4.785113	0.254682	-0.463678	-0.708219	0.916979	-37.363509
5.115532	2.364818	5.176846	0.113780	2.674514	0.292169	-0.446945	-0.772027	0.952994	-37.372535
-1.593994	-3.091065	4.082589	1.597043	0.079669	0.322819	-0.424335	-0.845843	0.993776	-37.382729
0.198024	3.133705	-2.474657	2.481205	-2.263541	0.340071	-0.398429	-0.919235	1.033398	-37.392611
-0.166607	3.343538	-2.731413	2.506820	-2.356052	0.340534	-0.397210	-0.922471	1.035124	-37.393041
0.138203	3.470187	-2.976082	2.531338	-2.447404	0.340973	-0.395986	-0.925706	1.036848	-37.393470
-0.102601	-3.653309	-5.716459	2.815748	-3.987013	0.344606	-0.370787	-0.989043	1.070248	-37.401786
0.790979	3.719021	-6.403015	2.827162	-4.978805	0.339024	-0.343574	-1.051810	1.102702	-37.409858
-1.980158	1.777839	-5.291811	2.699957	-5.411196	0.321668	-0.310029	-1.123116	1.138825	-37.418838
-3.458746	-3.679561	-2.139760	2.454293	-5.174644	0.293488	-0.274496	-1.193215	1.173608	-37.427486
-1.463272	-3.616387	-1.933950	2.438928	-5.147895	0.291865	-0.272716	-1.196606	1.175274	-37.427900
3.587381	-3.502342	-1.723574	2.423232	-5.119817	0.290221	-0.270931	-1.199996	1.176937	-37.428313
-4.603727	2.691889	2.337844	2.098046	-4.427763	0.257913	-0.238765	-1.259444	1.205849	-37.435508
0.299770	3.654659	5.619296	1.706846	-3.448890	0.220611	-0.205782	-1.317597	1.233687	-37.442447
5.972491	-1.366773	6.448648	1.215313	-2.113122	0.173121	-0.166967	-1.383080	1.264536	-37.450155
-6.219739	-3.550976	4.537963	0.738084	-0.734925	0.123202	-0.127926	-1.446322	1.293855	-37.457509
-2.970881	-3.237222	4.409518	0.719050	-0.677183	0.121024	-0.126240	-1.449002	1.295088	-37.457819
6.225768	-2.884221	4.277955	0.700213	-0.619718	0.118845	-0.124554	-1.451677	1.296317	-37.458128
-6.198640	3.433559	1.061537	0.369289	0.462228	0.075154	-0.090694	-1.504635	1.320499	-37.464225
6.144044	-3.292946	-2.654945	0.144957	1.342591	0.033025	-0.057353	-1.555489	1.343445	-37.470046
-6.165325	3.099968	-5.525673	-0.027550	2.090481	-0.013010	-0.018738	-1.613082	1.369125	-37.476613
6.216331	0.735449	-4.544796	-0.192524	2.545619	-0.052096	0.018222	-1.667179	1.392955	-37.482775
-6.216330	0.710455	-4.534079	-0.193235	2.547025	-0.052243	0.018374	-1.667401	1.393052	-37.482801
-5.843729	0.685659	-4.523397	-0.193942	2.548417	-0.052389	0.018525	-1.667620	1.393149	-37.482826
6.156743	-2.715726	-1.918194	-0.332938	2.757413	-0.077606	0.047544	-1.709595	1.411446	-37.487620
-3.408039	-1.246115	0.829488	-0.465897	2.869122	-0.094802	0.074820	-1.748843	1.428404	-37.492129
-5.764532	1.972332	3.269415	-0.573042	2.913699	-0.103107	0.103905	-1.790743	1.446354	-37.496997
5.545354	2.176589	4.093480	-0.565680	2.890639	-0.098669	0.129895	-1.828557	1.462417	-37.501471
-4.602467	2.163425	4.079711	-0.561649	2.888395	-0.098209	0.130936	-1.830084	1.463063	-37.501654
-5.530134	2.149401	4.061486	-0.557268	2.886057	-0.097727	0.131972	-1.831603	1.463705	-37.501837
-1.659961	1.142846	2.889102	-0.402214	2.821545	-0.083659	0.151667	-1.860716	1.475975	-37.505380
5.357490	-1.049167	0.752395	-0.151773	2.734661	-0.062675	0.168814	-1.886424	1.486743	-37.508617
-5.322972	-1.686345	-3.320667	0.556447	2.519894	-0.002166	0.198492	-1.931914	1.505635	-37.514881
5.277371	1.563890	-1.608878	1.148082	2.358494	0.045393	0.214572	-1.957300	1.516063	-37.519472
1.851787	0.734888	-1.551493	1.158492	2.356068	0.045992	0.214770	-1.957618	1.516193	-37.519553
-0.609547	-0.099748	-1.495218	1.168779	2.353700	0.046565	0.214961	-1.957925	1.516319	-37.519633
-5.271546	-0.887197	-1.439648	1.179054	2.351364	0.047118	0.215148	-1.958226	1.516442	-37.519714
5.269569	-1.557531	-1.385588	1.189209	2.349087	0.047645	0.215328	-1.958515	1.516561	-37.519793
-5.240583	3.479865	-0.711810	1.347329	2.319237	0.052117	0.217405	-1.961872	1.517941	-37.521053
-0.556478	7.623540	-0.545832	1.464493	2.310347	0.046497	0.217418	-1.961898	1.517980	-37.522054
