-1.980073	5.039164	4.204468	4.628870	-7.559847	0.980425	-6.966269	3.019544	-33.439664
-4.115510	5.316904	4.473463	4.863460	-7.797575	1.022291	-6.972696	3.020894	-33.440412
-6.430821	5.327409	4.503632	4.872136	-7.807037	1.024080	-6.972917	3.020928	-33.440451
6.451874	5.337242	4.535470	4.880737	-7.816478	1.025875	-6.973135	3.020960	-33.440490
-4.640001	4.621863	5.567601	5.042229	-8.008147	1.064742	-6.976932	3.021247	-33.441459
-7.953679	0.287716	7.130067	5.166028	-8.187609	1.106311	-6.979291	3.020789	-33.442706
9.172815	-5.882143	8.790424	5.256929	-8.376398	1.157431	-6.980221	3.019332	-33.444479
-1.024414	3.386034	9.326662	5.284877	-8.541470	1.212286	-6.979251	3.016871	-33.446613
-11.660158	6.584573	7.794138	5.237985	-8.677103	1.272259	-6.976303	3.013318	-33.449163
11.495942	-6.952868	3.722382	5.108316	-8.770305	1.336293	-6.971388	3.008714	-33.452084
12.584445	-6.941306	3.700207	5.107540	-8.770613	1.336589	-6.971362	3.008691	-33.452098
-0.091236	-6.928368	3.678008	5.106763	-8.770920	1.336885	-6.971335	3.008668	-33.452112
-13.027320	7.224953	-1.069429	4.905542	-8.810906	1.400256	-6.964970	3.003418	-33.455173
12.910798	-1.593284	-4.940042	4.623000	-8.797871	1.466749	-6.956913	2.997260	-33.458553
-4.118619	-1.858322	-4.994984	4.617367	-8.797130	1.467923	-6.956759	2.997145	-33.458614
-12.894965	-2.119162	-5.049490	4.611709	-8.796371	1.469098	-6.956604	2.997030	-33.458676
12.204082	-7.201446	-7.267714	4.276652	-8.729227	1.531900	-6.947741	2.990597	-33.462043
2.059986	-0.119363	-8.172759	3.866764	-8.604560	1.596051	-6.937490	2.983414	-33.465671
-9.589204	6.002566	-7.994298	3.289045	-8.378296	1.671680	-6.923805	2.974100	-33.470226
8.081872	-1.175461	-6.827061	2.599108	-8.055305	1.747319	-6.908261	2.963778	-33.475131
6.300407	-1.384301	-6.738106	2.564535	-8.037744	1.750825	-6.907493	2.963273	-33.475367
-7.952801	-1.571726	-6.645243	2.529764	-8.019950	1.754328	-6.906720	2.962766	-33.475605
-7.906717	-3.547629	-4.117764	1.852659	-7.646629	1.818772	-6.891675	2.952972	-33.480146
2.472742	-0.487702	-0.121060	1.125890	-7.186586	1.881794	-6.875276	2.942443	-33.484943
5.324655	1.237605	4.437438	0.240587	-6.533640	1.952491	-6.854510	2.929281	-33.490844
-4.859217	-0.753763	6.244746	-0.661644	-5.744460	2.019412	-6.831956	2.915150	-33.497087
4.845370	-0.386586	6.224655	-0.698010	-5.709620	2.022018	-6.831009	2.914560	-33.497346
-0.294848	-0.006670	6.196454	-0.734326	-5.674569	2.024614	-6.830059	2.913968	-33.497605
-4.625689	1.161211	4.231210	-1.494706	-4.868273	2.078184	-6.809060	2.900944	-33.503286
-4.270364	-2.462851	1.360242	-2.182244	-3.957163	2.127509	-6.786760	2.887219	-33.509217
0.972535	-4.276446	-1.898166	-2.844410	-2.686271	2.181867	-6.757296	2.869219	-33.516923
4.681811	0.017656	-3.846544	-3.186112	-1.268855	2.227480	-6.725880	2.850168	-33.525008
4.804170	0.132628	-3.859019	-3.187552	-1.253389	2.227905	-6.725543	2.849965	-33.525094
0.137261	0.249577	-3.871336	-3.188944	-1.237908	2.228328	-6.725205	2.849761	-33.525180
-1.662713	7.994951	-4.334006	-3.163138	-0.076025	2.256208	-6.700034	2.834587	-33.531576
-5.174009	1.061865	-3.881921	-2.896109	1.126710	2.277790	-6.673764	2.818825	-33.538186
5.383798	-9.405513	-1.824066	-2.264387	2.632512	2.295037	-6.639439	2.798351	-33.546729
-2.322478	-0.044968	1.448771	-1.353175	4.083136	2.300489	-6.603309	2.776985	-33.555600
-5.522560	1.109739	1.519305	-1.327715	4.117559	2.300464	-6.602397	2.776448	-33.555823
5.524521	2.259948	1.588587	-1.302090	4.151950	2.300432	-6.601482	2.775911	-33.556046
-5.549129	7.149244	2.662207	-0.270254	5.359466	2.293590	-6.566938	2.755704	-33.564401
5.498050	-5.097325	0.260367	0.851219	6.414898	2.275171	-6.530774	2.734784	-33.573022
-5.393253	2.914696	-1.778582	1.796409	7.301175	2.242667	-6.491225	2.712188	-33.582307
5.270911	1.121572	-0.566672	2.151965	7.911438	2.195659	-6.449798	2.688838	-33.591877
1.083956	0.916555	-0.495651	2.150601	7.926982	2.193754	-6.448325	2.688014	-33.592215
-5.262854	0.718761	-0.424739	2.148228	7.942110	2.191833	-6.446851	2.687189	-33.592552
0.868045	-0.574333	0.951093	1.717518	8.189880	2.136676	-6.408643	2.665962	-33.601233
5.361015	0.753023	0.776003	0.577194	8.171738	2.068890	-6.368891	2.644166	-33.610132
-6.056079	-2.458142	-0.221511	-1.058263	7.804694	1.973362	-6.320319	2.617927	-33.620830
1.142462	-2.711948	-0.435327	-2.153066	7.054730	1.861465	-6.269517	2.590932	-33.631822
7.664166	-2.377957	-0.402194	-2.174324	7.013359	1.856260	-6.267261	2.589744	-33.632305
-7.754896	-2.010157	-0.364977	-2.192796	6.971246	1.851026	-6.265001	2.588555	-33.632789
-2.058412	3.129728	0.655035	-1.949585	5.980432	1.740238	-6.218743	2.564398	-33.642615
12.126615	3.150773	0.436449	-0.608156	4.761660	1.618993	-6.170702	2.539689	-33.652659
2.854952	-2.132779	-1.941179	1.508460	3.197410	1.467441	-6.113081	2.510542	-33.664502
-13.836942	-0.411516	-2.527333	2.884555	1.605923	1.304485	-6.052979	2.480686	-33.676629
13.772650	0.101924	-2.471264	2.905293	1.536782	1.296994	-6.050247	2.479342	-33.677175
5.996271	0.573299	-2.407399	2.921714	1.467880	1.289484	-6.047511	2.477997	-33.677721
-11.373160	1.307168	0.303264	2.473818	0.176491	1.139228	-5.993134	2.451488	-33.688488
1.534296	-2.030973	4.154484	0.906527	-1.006642	0.982339	-5.936798	2.424465	-33.699464
3.985232	2.702194	3.453685	-1.569715	-2.216121	0.794986	-5.869588	2.392788	-33.712335
-1.607743	5.712432	-1.590903	-3.752907	-3.246656	0.601336	-5.799679	2.360457	-33.725477
1.563584	4.851545	-1.864103	-3.826046	-3.288275	0.592546	-5.796487	2.358995	-33.726072
0.214541	3.960966	-2.138259	-3.896276	-3.329496	0.583746	-5.793289	2.357532	-33.726667
-1.886217	-7.222794	-6.248269	-4.542750	-4.047803	0.411269	-5.730168	2.328906	-33.738311
4.725112	5.144169	-4.904350	-3.567475	-4.609897	0.235985	-5.664923	2.299807	-33.750155
6.589809	8.337559	1.089345	-1.036495	-5.092964	0.031496	-5.586998	2.265675	-33.764060
1.264217	-8.016961	6.501746	1.990363	-5.441139	-0.174270	-5.506134	2.230939	-33.778226
-8.984584	-8.167252	6.623292	2.115421	-5.453749	-0.183121	-5.502592	2.229433	-33.778840
9.049113	-8.222488	6.731565	2.239446	-5.466203	-0.191979	-5.499042	2.227924	-33.779456
7.496337	-2.523932	6.263766	4.585364	-5.704146	-0.385302	-5.420060	2.194690	-33.793026
-9.154188	3.228189	2.308391	6.031577	-5.901466	-0.577394	-5.338374	2.160946	-33.806823
-8.530774	6.524750	-2.546111	6.484588	-6.100056	-0.772204	-5.251631	2.125778	-33.821220
6.970732	2.577067	-5.306610	5.844106	-6.322115	-0.963388	-5.161925	2.090096	-33.835851
5.512898	2.503404	-5.315777	5.832547	-6.324287	-0.965174	-5.161062	2.089756	-33.835991
-6.954706	2.428978	-5.324572	5.820882	-6.326458	-0.966960	-5.160200	2.089416	-33.836130
6.445936	-4.409599	-4.166470	4.192762	-6.538814	-1.141043	-5.073671	2.055638	-33.850002
-5.716166	0.383074	0.568568	1.881298	-6.730756	-1.309954	-4.984465	2.021431	-33.864073
-6.911791	2.486917	4.146704	-0.645503	-6.886473	-1.484661	-4.885533	1.984192	-33.879418
4.210545	-2.379895	1.070049	-2.555992	-6.960186	-1.651090	-4.783396	1.946479	-33.894989
7.816188	-2.226727	0.755731	-2.642362	-6.961256	-1.659942	-4.777709	1.944400	-33.895848
4.397886	-1.984615	0.433213	-2.727160	-6.961984	-1.668771	-4.772008	1.942318	-33.896709
-8.852274	3.426561	-3.772676	-3.913427	-6.921592	-1.808117	-4.677900	1.908268	-33.910797
9.866538	-5.330419	-1.386799	-4.843043	-6.768296	-1.938605	-4.581159	1.873860	-33.925060
-10.832216	8.102463	3.758201	-5.741421	-6.421307	-2.077341	-4.465643	1.833530	-33.941814
-4.102695	-0.262665	2.801895	-6.519759	-5.861074	-2.200966	-4.346475	1.792746	-33.958797
11.234806	-2.036012	2.642732	-6.548797	-5.830926	-2.206046	-4.341132	1.790937	-33.959551
-11.232029	-3.818529	2.478055	-6.577182	-5.800317	-2.211090	-4.335786	1.789127	-33.960306
7.706408	-12.815609	-1.153317	-6.973848	-5.094977	-2.303608	-4.228895	1.753282	-33.975270
9.977543	3.436884	-3.488229	-6.929250	-4.194358	-2.382201	-4.119150	1.717113	-33.990403
7.235532	14.728371	-3.848523	-6.053720	-2.965334	-2.453895	-3.989416	1.675144	-34.008006
-1.225103	7.101116	-2.045072	-4.170927	-1.597257	-2.504002	-3.855809	1.632770	-34.025828
-7.484301	6.509873	-1.938068	-4.072239	-1.536319	-2.505648	-3.849969	1.630936	-34.026600
7.441293	5.914230	-1.829828	-3.972512	-1.475304	-2.507249	-3.844127	1.629103	-34.027372
1.992602	-2.151249	0.427452	-1.786777	-0.226966	-2.530063	-3.724663	1.591949	-34.043043
-6.257237	-5.632023	2.216965	0.498143	1.021167	-2.533956	-3.602318	1.554508	-34.058876
4.550445	-9.706647	3.173749	2.816644	2.398657	-2.513431	-3.457756	1.511005	-34.077323
5.324424	-10.204502	2.491317	4.357859	3.642136	-2.464371	-3.309477	1.467148	-34.095978
-5.301566	-9.773045	2.423893	4.397597	3.686023	-2.461906	-3.303739	1.465466	-34.096695
3.646300	-9.283455	2.353244	4.435822	3.729606	-2.459396	-3.297997	1.463783	-34.097412
4.619754	8.667169	0.025113	4.906264	4.694503	-2.383379	-3.155160	1.422246	-34.115139
-2.235456	6.421641	-2.044944	4.513580	5.416023	-2.278819	-3.009263	1.380418	-34.133044
-3.298849	-5.880787	-2.222377	3.261372	5.860643	-2.140608	-2.856889	1.337319	-34.151553
2.995960	-5.027469	0.214737	1.287831	6.002571	-1.969166	-2.701541	1.293939	-34.170244
0.839359	-4.916962	0.247464	1.263594	6.002457	-1.967025	-2.699763	1.293445	-34.170457
-2.994060	-4.804979	0.280041	1.239417	6.002304	-1.964886	-2.697989	1.292953	-34.170669
3.112582	3.273104	2.200093	-0.640999	5.863253	-1.776762	-2.552830	1.252894	-34.187987
-3.551001	-1.343192	1.441714	-2.045784	5.478262	-1.561934	-2.405358	1.212616	-34.205453
-3.089223	-1.511534	-1.368936	-2.895268	4.764608	-1.294195	-2.237676	1.167290	-34.225177
0.601077	1.235035	-3.094573	-2.931541	3.762285	-1.002680	-2.067334	1.121714	-34.245084
5.278154	1.191897	-3.044332	-2.910907	3.704288	-0.987446	-2.058676	1.119410	-34.246093
-3.438582	1.119213	-2.976033	-2.888130	3.645594	-0.972165	-2.050012	1.117104	-34.247102
-6.165505	-1.224251	0.251226	-2.210988	2.531765	-0.700714	-1.898884	1.077068	-34.264658
6.947906	1.129546	4.154883	-1.204741	1.285249	-0.419053	-1.745926	1.036862	-34.282348
-5.986214	0.024853	3.788730	0.014521	-0.215928	-0.085386	-1.566969	0.990192	-34.302960
-8.171030	-0.839410	-0.533698	1.080525	-1.661420	0.251823	-1.385811	0.943318	-34.323745
-5.426342	-0.719644	-0.765835	1.121579	-1.721769	0.266657	-1.377791	0.941252	-34.324664
8.197370	-0.587000	-0.999060	1.162045	-1.781755	0.281487	-1.369768	0.939184	-34.325583
-8.319892	1.250550	-5.187356	1.828009	-2.879956	0.572702	-1.210586	0.898304	-34.343789
8.243510	-1.979315	-6.774364	2.203157	-3.780206	0.858618	-1.049928	0.857288	-34.362123
7.006167	-0.711013	-4.254005	2.245768	-4.536168	1.176510	-0.863308	0.809925	-34.383381
-2.752473	3.763207	0.667463	1.934162	-4.999818	1.477271	-0.674979	0.762406	-34.404804
-7.711540	3.836430	0.903191	1.912616	-5.014518	1.490683	-0.666226	0.760204	-34.405799
7.699339	3.886588	1.137109	1.890524	-5.028629	1.504036	-0.657476	0.758003	-34.406794
1.402391	1.913990	5.060891	1.383060	-5.188862	1.745348	-0.492613	0.716632	-34.425531
-7.343599	-1.917819	7.754141	0.739192	-5.160948	1.967695	-0.326660	0.675165	-34.444389
2.418326	-3.946267	9.114072	-0.098208	-4.915000	2.198843	-0.133757	0.627165	-34.466314
7.100565	-5.286835	8.485212	-0.955517	-4.462982	2.400284	0.060360	0.579058	-34.488394
-7.096454	-5.379944	8.413416	-0.991120	-4.439734	2.408097	0.068577	0.577026	-34.489329
-6.690451	-5.472187	8.337949	-1.026610	-4.416180	2.415847	0.076790	0.574995	-34.490264
7.022327	-3.994203	5.713097	-1.782410	-3.814619	2.572954	0.259768	0.529820	-34.511106
-7.041107	6.106221	1.693405	-2.437158	-3.080934	2.699817	0.443571	0.484578	-34.532078
7.218053	5.400830	-2.261405	-2.943295	-2.219279	2.796585	0.633031	0.438066	-34.553744
-0.977665	3.388354	-5.467983	-3.216221	-1.280165	2.857366	0.823129	0.391504	-34.575542
-7.608085	3.355533	-5.528745	-3.219095	-1.258804	2.858287	0.827337	0.390475	-34.576025
-6.459863	3.322492	-5.589118	-3.221825	-1.237394	2.859191	0.831552	0.389443	-34.576510
8.155015	1.066189	-7.626706	-3.195007	-0.347534	2.879894	1.004739	0.347106	-34.596433
5.971608	-4.069001	-8.691609	-2.860520	0.541771	2.867555	1.178241	0.304747	-34.616460
-9.745951	-7.623528	-8.464870	-2.085423	1.508343	2.811710	1.375220	0.256679	-34.639306
5.289877	-1.358236	-6.735650	-1.002191	2.383774	2.709458	1.571971	0.208605	-34.662282
10.778475	-0.534810	-6.601990	-0.920715	2.439002	2.700736	1.585383	0.205324	-34.663855
-3.521438	0.332663	-6.470285	-0.838574	2.493542	2.691791	1.598785	0.202044	-34.665428
-11.629385	6.662149	-5.271317	0.224755	3.111272	2.561151	1.765460	0.161183	-34.685076
12.287451	-5.741894	-5.234857	1.299165	3.594092	2.394093	1.931392	0.120336	-34.704815
-0.200570	-4.638400	-4.701607	2.462433	3.951017	2.147213	2.126780	0.071954	-34.728324
-12.677824	3.224599	-1.842116	3.363283	4.026848	1.846215	2.320417	0.023616	-34.751956
12.659106	3.292340	-1.654109	3.394553	4.022894	1.831748	2.328896	0.021489	-34.753000
-0.002294	3.297609	-1.460940	3.424987	4.018288	1.817192	2.337365	0.019364	-34.754042
-11.975955	-2.969067	2.558043	3.837132	3.788884	1.510432	2.503841	-0.022618	-34.774698
-8.390455	-2.299222	4.341633	3.792702	3.296617	1.172073	2.668409	-0.064545	-34.795442
9.395750	5.164800	3.243368	3.030534	2.471698	0.752539	2.855096	-0.112713	-34.819417
-2.310974	5.428035	-0.131604	1.713760	1.464661	0.310710	3.038546	-0.160787	-34.843505
-7.729416	5.013242	-0.280217	1.651012	1.419988	0.291879	3.046151	-0.162798	-34.844516
-1.375622	4.553426	-0.427131	1.587844	1.375177	0.273027	3.053749	-0.164808	-34.845527
6.410454	-6.548140	-2.640440	0.224416	0.429325	-0.120121	3.209463	-0.206356	-34.866488
-5.430020	-2.479538	-2.346933	-1.107874	-0.508554	-0.514651	3.362170	-0.247811	-34.887528
0.841331	7.420178	-0.170110	-2.319101	-1.499074	-0.963746	3.534708	-0.295630	-34.911958
4.926759	7.757854	1.588749	-2.822983	-2.293713	-1.395062	3.702501	-0.343302	-34.936487
0.186044	7.366820	1.615858	-2.822037	-2.322081	-1.413118	3.709631	-0.345356	-34.937548
-4.977216	6.922380	1.637464	-2.818914	-2.349910	-1.431133	3.716757	-0.347412	-34.938610
5.894894	-7.283450	1.008266	-2.291206	-2.814088	-1.804367	3.867775	-0.391589	-34.961517
-7.258371	-2.286590	-0.695031	-1.170284	-3.030126	-2.143888	4.014018	-0.435617	-34.984507
3.167930	6.038327	-1.658240	0.167553	-3.013488	-2.455197	4.162038	-0.481660	-35.008724
9.979879	4.357058	-0.303025	1.166329	-2.771282	-2.714328	4.304085	-0.527513	-35.033027
-8.918297	4.338609	-0.297688	1.168216	-2.770404	-2.714913	4.304435	-0.527629	-35.033088
-9.984435	4.319869	-0.292280	1.170123	-2.769513	-2.715505	4.304789	-0.527745	-35.033150
0.368464	-3.784957	1.646045	1.616852	-2.365702	-2.905946	4.429063	-0.569481	-35.055437
10.568738	-5.021609	2.345541	1.535888	-1.802911	-3.052829	4.547765	-0.611040	-35.077791
-10.226196	4.518751	0.299296	0.845496	-1.037798	-3.164191	4.670834	-0.656261	-35.102304
3.227046	-3.226859	-2.652780	-0.095348	-0.205145	-3.224807	4.786547	-0.701245	-35.126892
9.590992	-3.402493	-2.734773	-0.135034	-0.168614	-3.226329	4.791495	-0.703231	-35.127982
-2.305437	-3.516872	-2.809001	-0.174195	-0.132203	-3.227753	4.796428	-0.705217	-35.129073
-8.903493	0.718411	-2.823876	-0.785162	0.556472	-3.235760	4.892074	-0.744897	-35.150951
8.213771	1.282269	-1.007291	-0.919133	1.120011	-3.205197	4.981671	-0.784374	-35.172886
1.655484	-0.468819	1.611407	-0.570782	1.567835	-3.122986	5.077547	-0.829657	-35.198259
-6.691684	0.262856	2.705330	0.051029	1.813612	-2.991569	5.165408	-0.874643	-35.223701
-3.744018	0.375462	2.713647	0.079994	1.820204	-2.984705	5.169074	-0.876607	-35.224817
6.630853	0.484039	2.719031	0.108921	1.826470	-2.977743	5.172728	-0.878572	-35.225934
-4.782646	0.146079	2.326591	0.658334	1.885937	-2.820305	5.242188	-0.917512	-35.248170
-5.680691	-2.076286	1.369746	1.121033	1.834329	-2.627192	5.305593	-0.956209	-35.270455
5.516380	-1.077465	0.109071	1.466113	1.664503	-2.363979	5.370749	-1.000189	-35.296017
-5.780278	4.741835	-0.970050	1.526295	1.405755	-2.059486	5.428008	-1.043825	-35.321636
1.268754	4.788319	-1.000386	1.521640	1.393789	-2.046476	5.430140	-1.045567	-35.322665
5.823533	4.815046	-1.029267	1.516396	1.381709	-2.033406	5.432260	-1.047309	-35.323693
-2.320611	3.455754	-1.304698	1.249396	1.096133	-1.737788	5.474939	-1.084784	-35.345926
-7.474650	0.424515	-1.017444	0.677001	0.774909	-1.420517	5.511735	-1.121986	-35.368198
3.781683	-2.661621	-0.297369	-0.273912	0.379871	-1.032796	5.547085	-1.164814	-35.394095
10.346462	-7.261664	0.435960	-1.381752	-0.013593	-0.632841	5.574551	-1.207252	-35.420040
8.371585	-7.536583	0.460647	-1.429446	-0.029832	-0.615757	5.575541	-1.209042	-35.421141
-10.472399	-7.816118	0.484521	-1.477077	-0.046019	-0.598669	5.576517	-1.210831	-35.422241
11.776051	-8.851261	0.733841	-2.466502	-0.380522	-0.227773	5.594239	-1.249499	-35.446157
-12.840515	6.680623	0.323809	-3.290682	-0.668671	0.138247	5.605332	-1.287825	-35.470107
-12.456637	8.609228	-0.685980	-3.958488	-0.903513	0.518077	5.609888	-1.328500	-35.495803
13.496110	-1.073903	-1.711329	-4.399256	-1.038396	0.878058	5.606883	-1.368761	-35.521534
7.540827	-1.100796	-1.712657	-4.400116	-1.038598	0.878977	5.606865	-1.368867	-35.521602
-13.493784	-1.127652	-1.713973	-4.400974	-1.038800	0.879895	5.606847	-1.368973	-35.521670
9.917267	-7.058113	-1.276996	-4.577580	-1.055545	1.173652	5.597962	-1.403941	-35.544271
11.665749	-4.344603	1.165562	-4.466473	-0.968670	1.443332	5.583282	-1.438566	-35.566894
-10.224199	4.927219	4.225028	-3.903879	-0.773209	1.712587	5.560465	-1.476228	-35.591793
8.911165	-4.150792	4.937383	-2.768591	-0.501921	1.954952	5.530668	-1.513447	-35.616716
-1.262438	-0.100571	1.449173	-0.915620	-0.167582	2.182644	5.491831	-1.552080	-35.642941
-8.055360	4.306751	-3.875052	1.326120	0.183088	2.384504	5.445312	-1.590187	-35.669185
8.089014	3.962884	-4.145421	1.450917	0.201802	2.394701	5.442583	-1.592228	-35.670602
2.124474	3.582777	-4.410605	1.575637	0.220447	2.404823	5.439834	-1.594266	-35.672018
-9.116010	-3.439571	-7.915126	3.502374	0.503422	2.556072	5.393363	-1.626307	-35.694432
4.872042	-6.126234	-10.040881	5.182031	0.748882	2.691361	5.341320	-1.657937	-35.716856
12.192557	-3.522350	-10.691944	6.579346	0.959801	2.831213	5.273284	-1.694452	-35.743136
-13.101037	3.773694	-9.516425	7.285516	1.055175	2.952871	5.197629	-1.730371	-35.769425
-2.088963	4.265996	-9.427051	7.300674	1.056174	2.957820	5.194137	-1.731932	-35.770578
13.122487	4.746271	-9.334687	7.314516	1.056880	2.962739	5.190631	-1.733492	-35.771731
-2.421153	7.867285	-6.996941	7.310528	1.008755	3.055426	5.116837	-1.764678	-35.794973
-11.546125	8.282167	-3.858313	6.753656	0.847239	3.136081	5.037100	-1.795370	-35.818218
7.032960	-5.594392	12.695191	3.231694	0.171830	3.277130	4.832961	-1.863475	-35.871256
-2.853611	-3.675054	13.416032	-2.869573	-0.693165	3.362056	4.598120	-1.928781	-35.924274
2.794515	1.733014	12.206841	-2.998300	-0.711157	3.363261	4.592892	-1.930114	-35.925381
-2.737269	3.077388	10.921862	-3.126278	-0.729102	3.364443	4.587651	-1.931446	-35.926487
2.674568	-0.732002	9.373035	-3.271635	-0.749567	3.365768	4.581639	-1.932968	-35.927754
-2.615460	-3.117008	7.765638	-3.415754	-0.769964	3.367063	4.575611	-1.934488	-35.929020
-0.181544	-1.093124	6.004607	-3.569303	-0.791830	3.368424	4.569105	-1.936122	-35.930382
2.501731	3.183476	4.252914	-3.721089	-0.813607	3.369750	4.562579	-1.937754	-35.931745
-2.195889	-4.153191	-12.547478	-5.584423	-1.109836	3.384918	4.467928	-1.960680	-35.951060
2.842514	6.338294	-9.604187	-6.668538	-1.372883	3.393393	4.369373	-1.983205	-35.970367
3.798522	6.384264	3.738406	-6.939548	-1.628633	3.394869	4.243784	-2.010168	-35.993945
-5.241875	-6.253203	8.999317	-6.205595	-1.793243	3.386747	4.112726	-2.036507	-36.017509
-6.994596	0.177758	4.315331	-4.460602	-1.870168	3.366681	3.961204	-2.064988	-36.043640
8.066547	2.797734	-2.167072	-2.278596	-1.843600	3.335187	3.803638	-2.092664	-36.069747
2.727626	2.497159	-2.358230	-2.185002	-1.840278	3.333589	3.796770	-2.093830	-36.070863
-8.114708	2.184061	-2.538336	-2.091801	-1.836781	3.331969	3.789890	-2.094994	-36.071979
1.006015	-1.140104	-4.201049	-0.363722	-1.729251	3.294719	3.648104	-2.118288	-36.094616
7.816664	-0.845225	-3.384151	0.872226	-1.555589	3.249195	3.502305	-2.140949	-36.117231
-5.926826	0.135557	-1.352273	1.800759	-1.279123	3.186410	3.328961	-2.166356	-36.143361
-6.925377	-0.432382	0.229185	2.456151	-0.929475	3.113101	3.150942	-2.190880	-36.169457
1.262423	-0.667227	0.266598	2.481047	-0.913809	3.109903	3.143598	-2.191860	-36.170519
6.933433	-0.895838	0.301264	2.505950	-0.898048	3.106691	3.136253	-2.192838	-36.171580
-7.345398	0.487860	0.452263	3.076240	-0.538505	3.034635	2.978273	-2.213289	-36.194150
8.217333	3.029758	-0.095635	3.710369	-0.136842	2.955914	2.817325	-2.233051	-36.216690
6.406032	-4.117068	-0.308089	3.972574	0.368640	2.858108	2.629262	-2.254866	-36.242520
-10.803084	-3.644603	0.506270	3.419579	0.910764	2.753176	2.437971	-2.275741	-36.268304
-4.776123	-2.977927	0.551687	3.372635	0.937019	2.748041	2.428830	-2.276707	-36.269525
10.913718	-2.277666	0.596273	3.323862	0.963305	2.742892	2.419683	-2.277670	-36.270746
-11.791896	5.459610	1.032791	2.118420	1.448261	2.645975	2.250630	-2.294977	-36.293145
2.202573	-2.327584	0.268569	0.457358	1.926475	2.544979	2.079680	-2.311544	-36.315505
12.970540	-6.406283	-1.350974	-1.419023	2.446397	2.424725	1.881340	-2.329639	-36.341131
-11.790890	7.045923	-2.227401	-2.496294	2.911684	2.300739	1.681170	-2.346723	-36.366703
-13.312571	6.890464	-2.211941	-2.512673	2.930317	2.295271	1.672421	-2.347444	-36.367814
-8.127534	6.601780	-2.190570	-2.526076	2.948798	2.289798	1.663670	-2.348162	-36.368926
13.465657	-7.764516	-0.755040	-2.229587	3.300067	2.175114	1.481450	-2.362632	-36.391974
-13.450311	6.803813	1.371271	-1.186705	3.599612	2.058648	1.298320	-2.376249	-36.414974
-10.634471	8.725754	2.490923	0.221142	3.889801	1.927170	1.094471	-2.390336	-36.440423
12.498102	-4.986101	0.946289	1.311852	4.156085	1.792825	0.890207	-2.403337	-36.465805
-9.913403	-5.281208	0.900438	1.327972	4.161116	1.790208	0.886272	-2.403577	-36.466293
-12.462685	-5.571734	0.854334	1.343891	4.166146	1.787589	0.882338	-2.403816	-36.466782
11.448642	-8.065442	-1.215442	1.846556	4.401529	1.664466	0.699546	-2.414474	-36.489429
-10.168529	7.048682	-2.137736	1.829719	4.645115	1.538331	0.516986	-2.424235	-36.512018
-2.217674	5.168950	-1.563950	1.163878	4.913475	1.393432	0.313616	-2.434064	-36.537187
7.164959	-3.822304	-0.059408	0.009136	5.156370	1.243894	0.111229	-2.442737	-36.562278
6.369558	-3.867799	-0.030957	-0.013246	5.160301	1.241206	0.107661	-2.442880	-36.562720
-7.118215	-3.906572	-0.002565	-0.035645	5.164216	1.238516	0.104095	-2.443022	-36.563163
6.126347	-0.929801	1.281840	-1.100072	5.335050	1.104749	-0.070048	-2.449550	-36.584825
4.388946	1.925336	2.260351	-1.901213	5.455074	0.966838	-0.242939	-2.455186	-36.606425
-2.995204	0.527037	2.645624	-2.142137	5.511620	0.801419	-0.441380	-2.460585	-36.631374
-6.253848	-1.750712	1.190632	-1.405639	5.461524	0.629600	-0.637451	-2.464752	-36.656235
6.317262	-1.778150	1.062919	-1.351072	5.456343	0.621267	-0.646726	-2.464919	-36.657417
2.924884	-1.754507	0.929515	-1.295160	5.450904	0.612922	-0.655995	-2.465084	-36.658599
-7.913316	2.469938	-2.005314	-0.116406	5.307843	0.460034	-0.822478	-2.467567	-36.679935
11.008517	-0.574125	-4.340218	1.154605	5.078620	0.303913	-0.986662	-2.469110	-36.701202
12.032958	-4.712973	-4.185151	2.371974	4.703051	0.120202	-1.173506	-2.469704	-36.725727
-13.657897	-0.607910	-0.074520	3.142825	4.207485	-0.065604	-1.356588	-2.469004	-36.750153
7.895756	0.244849	0.158171	3.164455	4.182897	-0.073833	-1.364575	-2.468942	-36.751229
13.754622	1.114571	0.392387	3.184942	4.158083	-0.082064	-1.372554	-2.468879	-36.752304
-14.262099	7.282333	4.916548	3.335261	3.607803	-0.248873	-1.532294	-2.467038	-36.774032
-1.085117	-5.679589	7.418436	2.913275	2.970769	-0.415457	-1.688454	-2.464134	-36.795678
13.265411	-9.261058	6.374653	1.750329	2.194028	-0.595960	-1.854453	-2.459736	-36.819200
-7.301709	10.040041	1.035393	0.098704	1.353394	-0.774071	-2.015546	-2.454039	-36.842621
-12.082035	9.986404	0.742504	0.015984	1.313422	-0.782213	-2.022855	-2.453744	-36.843700
-11.880677	9.738535	0.449530	-0.067004	1.273391	-0.790343	-2.030149	-2.453447	-36.844777
10.857657	-10.583273	-4.978967	-1.768829	0.446566	-0.953342	-2.175531	-2.446815	-36.866569
-9.699017	3.946531	-8.083364	-3.328492	-0.397185	-1.112277	-2.316020	-2.439015	-36.888269
-6.559938	10.639843	-9.346780	-4.554015	-1.310331	-1.278959	-2.462497	-2.429220	-36.911693
7.279013	3.110736	-9.612467	-4.969196	-2.199428	-1.438640	-2.602543	-2.418017	-36.935006
-7.255776	2.944692	-9.611419	-4.967023	-2.216200	-1.441645	-2.605180	-2.417787	-36.935455
-7.075333	2.783008	-9.610171	-4.964422	-2.232954	-1.444648	-2.607815	-2.417556	-36.935904
-1.821439	-0.881466	-9.300465	-4.427805	-2.973611	-1.577503	-2.724640	-2.406526	-36.956219
5.343177	-3.317599	-8.315825	-3.211817	-3.673625	-1.703293	-2.836017	-2.394387	-36.976448
-4.778245	-7.177640	-5.851635	-1.167133	-4.458193	-1.843633	-2.961974	-2.378364	-37.000573
0.974343	5.394152	-1.827136	1.157477	-5.184206	-1.971376	-3.079360	-2.360708	-37.024571
5.026218	5.557933	-1.756374	1.194083	-5.195117	-1.973270	-3.081129	-2.360419	-37.024946
-5.038259	5.715910	-1.685353	1.230731	-5.206035	-1.975164	-3.082898	-2.360128	-37.025321
0.420951	4.961421	2.068502	3.093030	-5.763318	-2.070323	-3.173322	-2.344170	-37.045145
7.356492	-2.426302	5.115005	4.658452	-6.281063	-2.155081	-3.257315	-2.327058	-37.064878
2.684320	-2.833264	6.653230	5.815162	-6.833402	-2.239479	-3.346508	-2.305714	-37.087689
-9.879520	2.336017	5.913105	5.981438	-7.334008	-2.307610	-3.426343	-2.282775	-37.110377
9.898784	2.535592	5.844287	5.964616	-7.354235	-2.310133	-3.429532	-2.281762	-37.111340
-3.547449	2.693644	5.773200	5.945829	-7.374373	-2.312625	-3.432702	-2.280746	-37.112304
-9.853956	-0.695552	3.847806	5.145625	-7.773465	-2.357146	-3.494692	-2.258907	-37.132332
7.939937	-4.012088	1.306134	3.701891	-8.131891	-2.386978	-3.548734	-2.235782	-37.152259
8.377737	-0.152851	-1.665623	1.587592	-8.479554	-2.401817	-3.599173	-2.208580	-37.174267
-7.809909	6.940252	-3.507497	-0.799834	-8.771295	-2.396025	-3.639478	-2.179755	-37.196149
0.771340	7.126620	-3.537678	-0.908422	-8.782966	-2.395261	-3.641041	-2.178430	-37.197123
7.790590	7.313318	-3.562198	-1.016985	-8.794519	-2.394454	-3.642584	-2.177102	-37.198096
-7.893118	7.467839	-2.887805	-3.080087	-8.996872	-2.369430	-3.668809	-2.150398	-37.217134
8.327448	-7.855374	-0.305166	-4.763335	-9.151808	-2.326096	-3.687512	-2.122423	-37.236072
-8.859438	7.621069	2.903475	-5.620467	-9.272417	-2.248028	-3.700340	-2.087101	-37.258708
8.887542	6.432352	2.060627	-4.651514	-9.322198	-2.139926	-3.702954	-2.049936	-37.281196
-8.314029	6.287893	2.034495	-4.633705	-9.322390	-2.138695	-3.702930	-2.049557	-37.281419
-8.879259	6.142258	2.008124	-4.615760	-9.322576	-2.137461	-3.702905	-2.049177	-37.281643
1.577148	-5.302495	-0.784101	-2.650714	-9.320701	-2.019448	-3.697028	-2.015597	-37.300938
7.111965	-5.317870	-3.130414	-0.276322	-9.290949	-1.880997	-3.683978	-1.980702	-37.320120
-5.951282	5.056526	-3.108643	2.242538	-9.239391	-1.706334	-3.661351	-1.940514	-37.341260
5.345607	-4.144935	0.177695	4.099096	-9.183587	-1.512485	-3.630399	-1.898807	-37.362258
-3.222413	-4.337068	0.275710	4.135866	-9.182133	-1.506871	-3.629426	-1.897631	-37.362837
-5.338889	-4.516170	0.372576	4.171737	-9.180686	-1.501239	-3.628445	-1.896452	-37.363418
5.640604	-5.886356	2.709633	4.754105	-9.141653	-1.317298	-3.594289	-1.858615	-37.381698
-6.554215	1.654388	3.611189	4.033530	-9.112219	-1.123248	-3.554124	-1.819687	-37.399868
-0.957703	6.915471	2.547799	1.506797	-9.033950	-0.888889	-3.500386	-1.773329	-37.420751
9.727023	1.761150	-1.175189	-1.672275	-8.830093	-0.647089	-3.439113	-1.725611	-37.441482
3.156436	1.199352	-1.354933	-1.809253	-8.816406	-0.635884	-3.436129	-1.723393	-37.442428
-9.873674	0.629116	-1.531634	-1.944334	-8.802275	-0.624671	-3.433130	-1.721172	-37.443374
9.360925	-6.763085	-3.656464	-3.929254	-8.449534	-0.415326	-3.374714	-1.679442	-37.460879
12.133834	-5.143014	-2.355533	-4.489575	-7.898163	-0.205181	-3.311227	-1.636802	-37.478271
-12.901026	5.577000	1.624635	-3.439243	-6.986718	0.038385	-3.230949	-1.585935	-37.498425
9.744014	-4.162880	4.285366	-0.941418	-5.780874	0.277115	-3.144258	-1.533925	-37.518423
13.143692	-4.522602	4.276567	-0.812569	-5.724436	0.286863	-3.140528	-1.531745	-37.519249
0.594795	-4.839073	4.253967	-0.682074	-5.667525	0.296589	-3.136791	-1.529564	-37.520074
-12.852398	-3.199737	1.215873	2.248911	-4.354776	0.496924	-3.056032	-1.483409	-37.537312
12.129615	3.915509	-3.754294	4.746885	-2.811845	0.688897	-2.970825	-1.436469	-37.554429
11.434376	-2.584992	-6.445208	5.514482	-0.742003	0.897175	-2.867264	-1.381405	-37.574019
-8.787280	-3.168689	-2.233313	3.027797	1.605703	1.088330	-2.758288	-1.325395	-37.593445
-0.029751	-2.514812	-1.906215	2.863013	1.711462	1.096202	-2.753432	-1.322939	-37.594286
8.588743	-1.847587	-1.569910	2.694994	1.817296	1.104030	-2.748569	-1.320484	-37.595126
-3.562751	3.059239	5.656019	-1.121824	3.935872	1.252499	-2.649005	-1.270873	-37.611911
-5.051444	-0.137135	9.436848	-4.859926	5.917126	1.383180	-2.545727	-1.220623	-37.628569
8.777744	-3.867586	6.288484	-7.474927	7.759990	1.507145	-2.424356	-1.162916	-37.647303
8.792163	2.816290	-3.817339	-7.442312	8.959294	1.602403	-2.298698	-1.104482	-37.665872
-9.079272	3.947622	-4.327386	-7.360225	9.001258	1.606343	-2.292330	-1.101552	-37.666793
-0.143008	4.940290	-4.824946	-7.269993	9.041549	1.610203	-2.285951	-1.098621	-37.667713
16.031178	2.772815	-10.826683	-4.305478	9.477914	1.664464	-2.172893	-1.047126	-37.683733
5.027268	-6.054174	-10.120265	1.058491	9.414833	1.692901	-2.056971	-0.995155	-37.699625
-35.060982	4.023331	8.562692	10.727047	7.254295	1.662057	-1.766380	-0.867921	-37.737463
11.111704	2.221452	-5.431575	-1.682624	2.687507	1.509571	-1.463082	-0.738588	-37.774533
-2.332628	0.493402	-5.390155	-1.830927	2.646601	1.507960	-1.460664	-0.737567	-37.774820
-10.306378	-0.847199	-5.342399	-1.979396	2.605661	1.506343	-1.458245	-0.736546	-37.775108
8.529495	-0.238571	-5.060253	-2.625559	2.427506	1.499251	-1.447735	-0.732111	-37.776356
-3.610439	0.826581	-4.655193	-3.272629	2.248817	1.492049	-1.437215	-0.727673	-37.777603
-6.370215	0.194154	-4.543548	-3.422672	2.207296	1.490363	-1.434773	-0.726643	-37.777892
5.974524	-0.828859	-4.425635	-3.572640	2.165751	1.488670	-1.432330	-0.725614	-37.778182
5.726952	1.450642	2.319903	-9.356915	0.431515	1.413211	-1.330310	-0.682704	-37.790163
5.380171	-4.358465	3.362773	-13.009990	-1.263461	1.328434	-1.227514	-0.639638	-37.802059
4.988989	-5.394041	-1.634338	-13.221128	-3.421094	1.195914	-1.082724	-0.579181	-37.818554
3.481960	7.897510	-2.197683	-8.845760	-5.178504	1.049305	-0.937093	-0.518501	-37.834881
3.153144	-10.041356	1.395574	-1.784189	-6.575193	0.883339	-0.784152	-0.454782	-37.851792
-8.103993	-5.145451	2.493303	5.385051	-7.547636	0.707340	-0.631170	-0.390922	-37.868515
6.400371	-3.839611	2.472138	5.665318	-7.581126	0.699412	-0.624448	-0.388111	-37.869246
8.564806	-2.512373	2.446547	5.941086	-7.613855	0.691471	-0.617727	-0.385300	-37.869977
-10.869276	12.636830	1.052533	10.424180	-8.107909	0.532237	-0.485282	-0.329782	-37.884327
-11.321973	7.535124	-1.696186	13.070618	-8.325828	0.369524	-0.353472	-0.274236	-37.898532
10.454624	-13.138097	-4.450030	14.288234	-8.261043	0.181185	-0.203632	-0.210602	-37.914629
-9.377884	-3.684068	-4.775364	14.197166	-7.886004	-0.006535	-0.055617	-0.147030	-37.930534
4.656660	-3.394556	-4.737946	14.171568	-7.861041	-0.015308	-0.048712	-0.144044	-37.931277
9.282702	-3.153804	-4.696945	14.144539	-7.835435	-0.024074	-0.041813	-0.141057	-37.932019
-2.010291	0.055502	-3.386760	13.382321	-7.248433	-0.185555	0.085389	-0.085587	-37.945747
-7.996420	4.048416	-1.427289	12.153242	-6.473307	-0.343236	0.210292	-0.030242	-37.959325
5.120574	8.977201	0.677321	10.423842	-5.400381	-0.516779	0.349569	0.032746	-37.974642
7.106228	-0.424678	1.869864	8.581214	-4.173828	-0.681428	0.484785	0.095476	-37.989761
-7.072934	-0.974708	1.906242	8.496117	-4.117096	-0.688439	0.490635	0.098229	-37.990421
-3.088569	-1.496287	1.941787	8.410578	-4.060205	-0.695423	0.496473	0.100980	-37.991081
6.175457	-5.606259	2.563330	6.593103	-2.893735	-0.829747	0.610772	0.155560	-38.004124
3.717006	-0.893356	3.306837	4.511252	-1.683055	-0.954487	0.721487	0.209865	-38.017012
-4.435045	3.391330	4.844468	1.654781	-0.247881	-1.087181	0.846758	0.273289	-38.031961
4.563867	-3.113704	6.689814	-1.501840	1.150250	-1.202965	0.966490	0.336229	-38.046694
-4.580489	-3.165437	6.710120	-1.571826	1.179645	-1.205265	0.969012	0.337583	-38.047010
-3.556188	-3.211711	6.728917	-1.641856	1.208998	-1.207555	0.971532	0.338936	-38.047326
5.773272	-2.219817	6.289715	-4.481210	2.366771	-1.293445	1.072233	0.394081	-38.060154
-5.081048	1.358208	3.990253	-7.033023	3.415857	-1.363145	1.168128	0.448763	-38.072811
-9.418262	5.335651	0.227188	-9.132498	4.402669	-1.419585	1.268018	0.508464	-38.086565
10.666590	3.297269	-3.493902	-10.083407	5.164016	-1.452857	1.361510	0.567507	-38.100107
6.148655	3.073699	-3.549626	-10.087774	5.176304	-1.453264	1.363269	0.568652	-38.100370
-10.692461	2.845136	-3.604402	-10.091548	5.188506	-1.453661	1.365028	0.569799	-38.100632
8.365658	-5.694117	-4.567018	-9.669328	5.632917	-1.461453	1.441776	0.621286	-38.112398
10.208514	-5.699978	-1.864885	-8.238340	5.882049	-1.448647	1.513294	0.672184	-38.123998
-9.179630	4.445679	2.367742	-5.732019	5.952717	-1.408116	1.587908	0.728961	-38.136908
0.837616	-2.548572	2.796301	-2.655820	5.827001	-1.339278	1.656025	0.784886	-38.149601
8.160640	-2.613900	2.709683	-2.525553	5.818268	-1.335939	1.658633	0.787119	-38.150108
-1.917801	-2.622883	2.615016	-2.395020	5.809269	-1.332557	1.661231	0.789351	-38.150614
-7.593396	1.494803	-0.360056	0.425319	5.551792	-1.248846	1.715217	0.837548	-38.161542
7.444196	-1.129499	-1.938498	2.927934	5.191111	-1.147059	1.764386	0.885017	-38.172302
-3.579715	2.826971	0.235258	6.435973	4.062711	-0.848069	1.861234	0.993291	-38.196871
-9.891870	-3.316482	1.319382	6.053627	2.734877	-0.484193	1.932963	1.096907	-38.220494
2.217552	-4.337563	1.301871	6.011651	2.704821	-0.475716	1.934255	1.099112	-38.220999
9.956058	-5.173536	1.282589	5.968587	2.674735	-0.467219	1.935535	1.101314	-38.221503
-9.988745	-5.606619	1.260765	5.922859	2.643551	-0.458400	1.936849	1.103592	-38.222024
-8.804106	-5.504594	1.237057	5.875989	2.612339	-0.449562	1.938150	1.105867	-38.222545
-0.741989	-4.972652	1.210304	5.825907	2.579759	-0.440324	1.939495	1.108237	-38.223088
10.086813	-4.212073	1.181431	5.774577	2.547130	-0.431059	1.940827	1.110606	-38.223631
-10.492854	6.204684	0.523084	4.918215	2.079457	-0.296790	1.958378	1.144079	-38.231313
-7.095200	6.064123	-0.544537	3.857770	1.610425	-0.159221	1.973254	1.176950	-38.238886
11.015214	-6.157292	-1.762154	1.509810	0.757897	0.099349	1.993751	1.235782	-38.252526
-10.848435	5.392075	0.354351	-1.040331	-0.059892	0.360259	2.005556	1.292420	-38.265791
10.593077	-4.865735	1.870133	-2.238501	-0.476133	0.499449	2.008389	1.321915	-38.272764
-1.388917	-4.020178	2.432178	-3.157255	-0.871019	0.636775	2.008816	1.350731	-38.279627
-9.476026	3.583556	1.306431	-3.878597	-1.392408	0.828791	2.005293	1.390856	-38.289282
8.480848	-2.145306	-1.367561	-3.844525	-1.850361	1.012525	1.996996	1.429499	-38.298708
0.667269	-2.600623	-1.486109	-3.824216	-1.869537	1.020650	1.996506	1.431222	-38.299132
-8.377781	-3.025624	-1.602066	-3.802220	-1.888575	1.028757	1.996006	1.432943	-38.299555
7.307777	-1.878889	-3.120835	-3.023292	-2.231407	1.182982	1.984247	1.466091	-38.307776
5.717772	3.035749	-2.564598	-1.626810	-2.514515	1.326406	1.968834	1.497974	-38.315811
3.978787	-2.050813	0.734048	0.321672	-2.763793	1.474729	1.946829	1.532836	-38.324769
-5.863599	-4.435681	3.448222	2.097538	-2.932328	1.603655	1.920240	1.565968	-38.333481
5.903154	-4.003522	3.505107	2.169094	-2.938403	1.609346	1.918841	1.567525	-38.333895
-3.217910	-3.496514	3.552916	2.238804	-2.944282	1.614980	1.917432	1.569076	-38.334309
-7.154763	5.341136	2.862601	3.162154	-3.017678	1.707985	1.890062	1.596513	-38.341715
8.901803	-0.801799	-0.275493	3.394902	-3.028567	1.783418	1.859279	1.622614	-38.348930
6.496234	-6.681890	-3.645790	2.856258	-2.967451	1.848713	1.819861	1.650899	-38.356966
-12.564351	-0.830322	-3.542247	1.572278	-2.838217	1.892276	1.776225	1.677437	-38.364748
12.611186	-0.171337	-3.462286	1.500598	-2.831045	1.893732	1.774179	1.678583	-38.365090
12.415631	0.483213	-3.377310	1.427889	-2.823762	1.895147	1.772125	1.679725	-38.365432
-13.082517	7.065571	-1.020267	-0.119146	-2.662444	1.914499	1.730783	1.701175	-38.371949
3.292184	-1.385539	1.682817	-1.699025	-2.468242	1.918966	1.686617	1.721318	-38.378274
12.030650	-7.110135	3.241701	-3.122819	-2.214071	1.906480	1.632367	1.742923	-38.385326
-11.001128	6.836674	1.843196	-3.729683	-1.939377	1.876056	1.574764	1.762795	-38.392117
-1.163940	7.159205	1.734613	-3.737452	-1.925679	1.874132	1.571875	1.763720	-38.392442
10.902105	7.405864	1.625320	-3.743274	-1.911971	1.872169	1.568979	1.764640	-38.392765
-0.685385	3.170652	-0.454575	-3.489229	-1.643754	1.826369	1.511432	1.781655	-38.398913
-9.231035	-6.470931	-1.989082	-2.596294	-1.373960	1.766389	1.451280	1.797133	-38.404827
8.554946	-8.619100	-2.286763	-1.198284	-1.112797	1.694681	1.389999	1.810808	-38.410391
7.971868	-3.597295	-1.034079	0.536784	-0.859337	1.610954	1.326560	1.823014	-38.415728
-7.915864	-3.075391	-0.954399	0.619402	-0.847974	1.606839	1.323602	1.823538	-38.415968
7.889023	-2.532420	-0.873931	0.701958	-0.836645	1.602704	1.320642	1.824059	-38.416206
3.280980	8.312085	0.848257	2.471453	-0.591593	1.504476	1.253545	1.834883	-38.421405
-6.849944	8.311716	1.535767	3.843662	-0.364665	1.395420	1.184565	1.844177	-38.426362
-0.037005	-0.181847	0.743679	4.503973	-0.160074	1.275950	1.113635	1.851967	-38.431093
6.424903	-5.205384	-0.551554	4.382474	0.017687	1.147245	1.041173	1.858221	-38.435579
-3.428943	-4.911668	-0.638198	4.338793	0.030784	1.136560	1.035309	1.858655	-38.435928
-6.430726	-4.528820	-0.719522	4.290082	0.043714	1.125824	1.029439	1.859080	-38.436275
6.566103	0.525494	-1.210780	3.419787	0.175648	1.004201	0.964303	1.863103	-38.439987
2.830691	2.648667	-0.819429	1.968364	0.289811	0.876501	0.898267	1.865940	-38.443506
-0.648073	1.396213	0.586600	-0.207494	0.403359	0.719664	0.819856	1.867760	-38.447388
-7.247954	-0.477242	1.612308	-2.421136	0.497578	0.555920	0.740574	1.867957	-38.451007
7.248644	-0.513773	1.617787	-2.517700	0.501561	0.548096	0.736843	1.867927	-38.451170
-2.301027	-0.554792	1.617976	-2.613206	0.505505	0.540265	0.733112	1.867893	-38.451332
-7.141636	-1.459244	0.736580	-4.205422	0.574079	0.388645	0.661761	1.866570	-38.454316
6.899329	0.417346	-1.174873	-5.230661	0.631350	0.233035	0.590037	1.863965	-38.457092
-6.579065	4.304435	-2.627884	-5.457650	0.685240	0.051212	0.507764	1.859423	-38.460011
-2.875600	3.892356	-1.484093	-4.514083	0.728708	-0.133681	0.425401	1.853219	-38.462661
6.318825	3.756303	-1.379485	-4.451773	0.730324	-0.141574	0.421908	1.852919	-38.462768
5.942953	3.611030	-1.270988	-4.387962	0.731919	-0.149465	0.418418	1.852617	-38.462874
-6.227842	-3.423314	1.475283	-2.794436	0.760319	-0.311544	0.347072	1.845774	-38.464939
6.289683	-11.697708	3.874610	-0.835805	0.780340	-0.474229	0.275970	1.837692	-38.466806
-6.534434	13.691673	3.794641	1.550222	0.792587	-0.662527	0.194092	1.826789	-38.468726
6.918614	2.647800	-0.278935	3.736467	0.792674	-0.849744	0.112943	1.814240	-38.470387
-6.935511	0.955300	-0.475658	3.813405	0.792427	-0.857018	0.109794	1.813717	-38.470446
0.984041	-0.728680	-0.672584	3.889546	0.792161	-0.864288	0.106646	1.813191	-38.470506
7.394086	-14.487769	-4.785089	5.461144	0.779597	-1.042238	0.029643	1.799468	-38.471842
-3.805514	-0.773660	-5.537181	6.264581	0.755331	-1.217716	-0.046279	1.784241	-38.472945
-7.748282	11.184339	-3.696264	6.144227	0.722050	-1.379313	-0.116274	1.768613	-38.473770
-8.557487	6.318039	-0.823788	5.284793	0.679726	-1.537581	-0.184991	1.751677	-38.474395
-6.629861	5.748176	-0.672944	5.226525	0.677435	-1.545272	-0.188336	1.750810	-38.474421
-5.881362	5.161862	-0.521987	5.166955	0.675127	-1.552948	-0.191676	1.749941	-38.474446
8.786963	-5.950045	2.520224	3.653547	0.623086	-1.710902	-0.260548	1.731077	-38.474863
5.979030	-3.873136	4.971175	1.754134	0.564686	-1.864108	-0.327724	1.710850	-38.475075
-8.690160	2.657452	6.933137	-0.380850	0.499894	-2.015444	-0.394577	1.688731	-38.475083
8.314834	-1.485225	7.567056	-2.445815	0.431683	-2.160518	-0.459287	1.665197	-38.474881
-8.038537	-2.182010	7.379637	-2.649416	0.424315	-2.175512	-0.466017	1.662619	-38.474847
-8.203303	-2.721087	7.117872	-2.849021	0.416932	-2.190423	-0.472719	1.660025	-38.474811
7.645402	0.927210	2.524449	-4.332406	0.355923	-2.309701	-0.526683	1.638147	-38.474430
-6.994226	4.662449	-3.920522	-5.523320	0.294915	-2.423221	-0.578737	1.615210	-38.473894
6.240381	-5.433272	-8.524282	-6.525672	0.223784	-2.550273	-0.638050	1.586528	-38.473057
-5.688757	3.199514	-4.537203	-7.065367	0.156007	-2.667850	-0.694286	1.556359	-38.472008
5.667683	4.175867	-4.151054	-7.083790	0.152321	-2.674185	-0.697362	1.554613	-38.471942
-5.647900	5.077758	-3.758185	-7.101090	0.148650	-2.680490	-0.700429	1.552862	-38.471876
-2.664028	4.092404	2.621575	-7.241170	0.094374	-2.773572	-0.746406	1.525237	-38.470770
5.637555	-3.071373	7.991020	-7.200858	0.045307	-2.858384	-0.789740	1.496497	-38.469508
-6.095782	2.596700	9.563264	-7.037205	-0.004422	-2.946480	-0.836908	1.461463	-38.467835
2.435047	-3.504788	6.170560	-6.837346	-0.045136	-3.021854	-0.880065	1.424916	-38.465952
6.838583	-3.575043	5.904065	-6.827326	-0.046694	-3.024802	-0.881830	1.423308	-38.465867
1.847076	-3.574334	5.626629	-6.817118	-0.048238	-3.027728	-0.883588	1.421697	-38.465780
-7.612681	5.570212	-1.228500	-6.561601	-0.076125	-3.081119	-0.917242	1.388707	-38.463968
-3.803663	5.186729	-7.313807	-6.167821	-0.098463	-3.123847	-0.947570	1.354594	-38.462004
9.087504	-10.305304	-9.959820	-5.464745	-0.118124	-3.159122	-0.978114	1.314041	-38.459563
4.384433	7.117032	-6.857885	-4.432030	-0.132335	-3.178934	-1.003874	1.272024	-38.456928
-9.532800	9.417344	-6.662237	-4.375992	-0.132885	-3.179472	-1.004963	1.270014	-38.456800
9.542143	11.638226	-6.468852	-4.319377	-0.133426	-3.179974	-1.006040	1.268002	-38.456671
-9.529698	10.711025	-3.287340	-3.112563	-0.142112	-3.182509	-1.024727	1.228388	-38.454091
-9.284522	-10.273988	-0.990757	-1.736301	-0.147822	-3.170987	-1.039251	1.187574	-38.451355
8.592860	-7.237764	1.192875	-0.152458	-0.150996	-3.142960	-1.050157	1.142890	-38.448280
-7.818352	5.752539	3.815587	1.488434	-0.150927	-3.098916	-1.056449	1.096867	-38.445034
-0.830089	5.860042	3.948863	1.559379	-0.150844	-3.096665	-1.056618	1.094854	-38.444891
1.196349	5.900957	4.084168	1.630244	-0.150753	-3.094387	-1.056777	1.092839	-38.444747
6.963726	-1.618163	7.160169	3.160352	-0.146876	-3.037608	-1.058153	1.048215	-38.441527
-2.201777	-2.710737	8.862893	4.616853	-0.138876	-2.967904	-1.055506	1.002418	-38.438161
-5.637327	2.100682	7.683684	6.031237	-0.124541	-2.877620	-1.048104	0.950981	-38.434313
5.372730	-0.357884	4.702508	7.074458	-0.103452	-2.773541	-1.036139	0.898198	-38.430297
-5.370591	-1.194472	4.501624	7.121036	-0.101995	-2.767067	-1.035304	0.895080	-38.430058
-2.843082	-2.014464	4.299048	7.165924	-0.100511	-2.760550	-1.034454	0.891958	-38.429818
4.942938	-2.804454	1.307402	7.613955	-0.076012	-2.661602	-1.020530	0.846366	-38.426292
5.891957	-1.240422	-1.470288	7.646683	-0.045404	-2.554072	-1.003595	0.799883	-38.422650
-6.484069	3.680560	-4.349294	7.052922	-0.000331	-2.413915	-0.979354	0.742775	-38.418114
-1.961451	2.326191	-6.436111	5.674627	0.051215	-2.262959	-0.951081	0.684489	-38.413417
7.077613	1.186539	-6.483045	5.592778	0.053630	-2.255942	-0.949720	0.681846	-38.413203
-7.099325	0.041645	-6.524227	5.509085	0.056052	-2.248901	-0.948351	0.679199	-38.412988
7.428234	-3.262123	-5.975425	3.625270	0.102579	-2.112374	-0.921071	0.628820	-38.408869
3.971167	2.719512	-2.652431	1.314942	0.149281	-1.969348	-0.891161	0.577697	-38.404639
-7.691573	0.909912	2.366859	-1.572436	0.201711	-1.793793	-0.852834	0.516765	-38.399531
-6.474615	-1.740284	4.567260	-4.229777	0.248506	-1.610918	-0.811244	0.454951	-38.394275
0.525735	-1.677254	4.541639	-4.335738	0.250381	-1.602737	-0.809346	0.452219	-38.394041
7.632504	-1.590220	4.504139	-4.440566	0.252240	-1.594543	-0.807443	0.449485	-38.393807
-7.514172	1.871790	2.093130	-6.208366	0.284954	-1.430617	-0.768747	0.395288	-38.389132
3.132710	-0.084727	-1.152894	-7.168149	0.308803	-1.262520	-0.727906	0.340558	-38.384351
7.180712	-2.993482	-2.964292	-6.818981	0.322846	-1.064801	-0.678461	0.277031	-38.378726
-7.034302	1.685977	-1.061025	-4.645594	0.320771	-0.863194	-0.626561	0.212960	-38.372966
7.028754	2.522515	-0.915097	-4.501348	0.320223	-0.853196	-0.623949	0.209798	-38.372679
-4.144008	3.339228	-0.768007	-4.354393	0.319632	-0.843191	-0.621332	0.206634	-38.372392
-6.961901	3.726354	1.470274	-1.444999	0.301962	-0.666363	-0.574515	0.150901	-38.367301
-5.310624	-3.596876	1.710326	1.688900	0.269662	-0.487766	-0.526179	0.094904	-38.362115
4.051503	-1.079860	-0.173013	4.826432	0.211968	-0.278001	-0.468115	0.029394	-38.355953
7.274196	2.832576	-1.473927	6.401778	0.130963	-0.067240	-0.408397	-0.036288	-38.349667
-7.285610	2.761394	-1.464618	6.417875	0.126990	-0.058302	-0.405834	-0.039073	-38.349398
6.533079	2.672884	-1.448345	6.429285	0.122971	-0.049363	-0.403268	-0.041858	-38.349129
7.604673	0.365919	0.115937	5.642218	0.024817	0.146179	-0.346527	-0.102804	-38.343186
-4.041003	-2.913012	1.989287	3.409685	-0.088206	0.341131	-0.288758	-0.163710	-38.337142
-8.543385	-1.047525	1.553098	0.417494	-0.217036	0.547127	-0.226312	-0.228430	-38.330597
9.177465	4.062792	-1.106712	-2.480142	-0.346249	0.750386	-0.163124	-0.292903	-38.323945
-1.647508	3.932484	-1.207105	-2.556778	-0.349949	0.756282	-0.161266	-0.294785	-38.323749
-9.217615	3.778777	-1.308360	-2.632750	-0.353642	0.762174	-0.159408	-0.296666	-38.323553
9.631294	-4.616323	-4.102982	-4.500954	-0.458595	0.934820	-0.104267	-0.352168	-38.317705
10.509450	-4.979432	-4.261362	-5.418534	-0.551580	1.103873	-0.048888	-0.407332	-38.311781
-11.269835	5.088563	1.004557	-5.305746	-0.637578	1.291566	0.014353	-0.469721	-38.304938
8.253875	-4.969726	5.306017	-4.358683	-0.701603	1.473241	0.077506	-0.531483	-38.298001
11.996670	-4.947493	5.308310	-4.302568	-0.704047	1.481505	0.080428	-0.534329	-38.297677
7.745738	-4.806802	5.286459	-4.245740	-0.706444	1.489755	0.083349	-0.537173	-38.297353
-12.500283	4.855453	1.502993	-3.048764	-0.743442	1.644390	0.138965	-0.591164	-38.291131
12.763996	-4.862056	-4.120728	-1.738986	-0.764013	1.793260	0.194190	-0.644510	-38.284840
11.962921	-4.750968	-5.784781	-0.273651	-0.767785	1.957914	0.257487	-0.705415	-38.277469
-12.051607	4.587388	-2.213079	0.954228	-0.750747	2.113679	0.319833	-0.765252	-38.270012
12.009101	4.904590	-1.993044	1.001465	-0.749544	2.120278	0.322532	-0.767840	-38.269684
7.410638	5.156919	-1.770836	1.048124	-0.748304	2.126856	0.325227	-0.770425	-38.269356
-10.878023	0.639184	2.587812	1.856174	-0.716306	2.253082	0.377912	-0.820949	-38.262858
-6.140453	-5.331814	5.093276	2.444781	-0.670456	2.372460	0.429566	-0.870525	-38.256301
7.937970	-1.882075	3.335740	2.859564	-0.600488	2.502873	0.488289	-0.927034	-38.248583
-5.030196	5.217539	-0.893499	3.046385	-0.513847	2.623714	0.545180	-0.982048	-38.240791
-6.607599	4.919819	-1.066047	3.050397	-0.509903	2.628527	0.547501	-0.984301	-38.240466
0.028235	4.544566	-1.236043	3.054162	-0.505928	2.633327	0.549821	-0.986552	-38.240140
5.950494	-5.047429	-3.652649	3.085807	-0.418351	2.728343	0.596724	-1.032247	-38.233410
-5.808743	0.060534	-3.030736	3.057620	-0.320340	2.816148	0.641957	-1.076690	-38.226630
3.315630	4.598162	-0.197310	2.970883	-0.195024	2.908988	0.692217	-1.126659	-38.218694
6.823153	-4.365529	2.051796	2.839742	-0.058780	2.991848	0.739805	-1.174740	-38.210696
-6.857022	-4.378508	2.098422	2.833192	-0.052573	2.995253	0.741828	-1.176804	-38.210344
4.753766	-4.305151	2.139290	2.826586	-0.046348	2.998638	0.743845	-1.178865	-38.209991
7.594401	4.286712	2.023344	2.680369	0.082755	3.062637	0.783246	-1.219525	-38.202873
-8.249899	-0.186448	1.022168	2.499807	0.218375	3.118638	0.820214	-1.258546	-38.195712
6.440432	-4.551645	-0.146863	2.223447	0.376292	3.171695	0.858495	-1.300168	-38.187653
9.057252	-3.363276	-0.652676	1.828184	0.537424	3.214491	0.893316	-1.339542	-38.179545
-9.060154	-3.174343	-0.660355	1.801400	0.546564	3.216605	0.895179	-1.341701	-38.179085
-1.454126	-2.979730	-0.666067	1.774079	0.555706	3.218686	0.897032	-1.343855	-38.178624
8.936626	0.942222	-0.553427	1.303078	0.693817	3.246186	0.923696	-1.375630	-38.171605
0.931937	6.486859	-0.224608	0.765604	0.828729	3.265893	0.947481	-1.405590	-38.164555
-7.993158	6.563305	0.123919	0.126620	0.979407	3.278953	0.971512	-1.438305	-38.156262
7.324013	-6.076893	0.149009	-0.440718	1.118456	3.281071	0.991262	-1.468418	-38.147932
2.077753	-6.671799	0.142463	-0.462602	1.124173	3.280913	0.992021	-1.469667	-38.147569
-1.265628	-7.254410	0.135352	-0.484211	1.129861	3.280734	0.992771	-1.470911	-38.147206
-6.246521	-4.179470	-0.360701	-1.133184	1.346911	3.251470	1.017678	-1.520981	-38.131093
5.993851	8.416047	0.326532	-1.091723	1.480833	3.178902	1.026737	-1.561356	-38.114880
6.325855	5.755095	0.373254	-1.082771	1.482764	3.176785	1.026765	-1.562142	-38.114519
-5.558458	2.981851	0.421595	-1.073469	1.484649	3.174644	1.026787	-1.562924	-38.114159
-6.369725	0.142096	0.473083	-1.063486	1.486552	3.172405	1.026801	-1.563728	-38.113786
6.393559	-2.510997	0.525899	-1.053136	1.488406	3.170142	1.026807	-1.564527	-38.113413
2.290968	-8.070965	1.475246	-0.810381	1.513668	3.126159	1.025643	-1.577838	-38.106813
-7.648246	7.570953	1.690602	-0.457617	1.526130	3.074769	1.022106	-1.589614	-38.100201
8.450201	-1.931779	-0.248832	0.120239	1.526407	2.998762	1.014198	-1.602494	-38.091718
1.162295	-6.099186	-2.779007	0.696104	1.512910	2.911937	1.002610	-1.612937	-38.083222
-8.806932	-5.640404	-2.859338	0.718135	1.512085	2.907973	1.002032	-1.613332	-38.082857
8.805295	-5.121409	-2.935630	0.739840	1.511243	2.903986	1.001446	-1.613723	-38.082491
6.398642	5.754119	-3.373130	1.084367	1.490908	2.818982	0.988139	-1.620712	-38.075059
-7.930693	3.628497	-1.372108	1.187326	1.467048	2.726619	0.972205	-1.625908	-38.067622
4.498167	-4.363121	2.313360	1.003001	1.439760	2.611301	0.950636	-1.629718	-38.059030
7.487633	-6.809512	4.927224	0.535390	1.405381	2.487320	0.925796	-1.631224	-38.050439
-7.513619	-6.661735	4.973500	0.510500	1.403639	2.481986	0.924694	-1.631238	-38.050082
2.396520	-6.525769	5.013422	0.485204	1.401866	2.476638	0.923587	-1.631247	-38.049724
8.538742	-5.060431	4.539921	-0.126281	1.355364	2.359919	0.898813	-1.630537	-38.042143
-6.338230	1.095384	2.171599	-0.796365	1.286891	2.237396	0.871682	-1.628105	-38.034564
-11.700247	8.803971	-1.520992	-1.454380	1.177457	2.096505	0.839237	-1.623486	-38.026237
12.888879	4.942685	-4.994235	-1.871889	1.022734	1.949678	0.804161	-1.616873	-38.017915
-12.923903	4.102025	-5.120417	-1.883036	1.014037	1.942521	0.802420	-1.616508	-38.017517
-4.850821	3.237713	-5.241077	-1.893243	1.005212	1.935351	0.800674	-1.616138	-38.017119
13.169068	-8.847429	-6.169679	-1.891510	0.818604	1.799907	0.767177	-1.608460	-38.009729
3.402451	-1.122712	-4.141607	-1.494297	0.593293	1.660660	0.731782	-1.599277	-38.002345
-11.885846	6.997907	-0.192405	-0.666380	0.298112	1.496254	0.688813	-1.586891	-37.993857
4.722107	-5.238138	2.805483	0.372276	-0.020879	1.327949	0.643560	-1.572604	-37.985379
10.756773	-5.295617	2.905142	0.423626	-0.036386	1.319856	0.641352	-1.571877	-37.984976
0.038246	-5.230916	3.000747	0.474991	-0.051910	1.311755	0.639140	-1.571147	-37.984573
-9.853717	3.789973	4.246060	1.393418	-0.337377	1.162170	0.597776	-1.557036	-37.977197
9.204496	-2.709963	4.995307	2.181482	-0.618092	1.010517	0.554860	-1.541553	-37.969829
-8.630679	-0.667289	4.732992	2.945290	-1.202839	0.656740	0.450911	-1.500992	-37.952953
-3.247434	0.975850	3.756523	1.939244	-1.653647	0.299030	0.340193	-1.453755	-37.936134
9.245066	1.148405	3.711291	1.901945	-1.661267	0.291207	0.337705	-1.452651	-37.935767
2.695936	1.335960	3.664412	1.864185	-1.668767	0.283389	0.335217	-1.451545	-37.935401
-9.307440	1.648998	3.589858	1.805739	-1.679972	0.271479	0.331420	-1.449854	-37.934843
-7.691858	1.990655	3.511673	1.746224	-1.690905	0.259570	0.327617	-1.448157	-37.934284
9.839646	4.742827	2.416612	1.005310	-1.794785	0.124184	0.283898	-1.428349	-37.927936
-10.375845	-0.470286	1.113915	0.185712	-1.856527	-0.010733	0.239417	-1.407665	-37.921598
11.038283	-8.899433	-0.492350	-0.932730	-1.862509	-0.189152	0.179127	-1.378816	-37.913178
10.378794	-9.068101	-1.400430	-1.964074	-1.767822	-0.365796	0.117710	-1.348504	-37.904779
-11.518544	-8.652801	-1.416273	-2.005988	-1.761020	-0.373622	0.114946	-1.347119	-37.904404
11.531823	-8.189791	-1.429734	-2.047460	-1.753987	-0.381444	0.112181	-1.345731	-37.904030
2.500830	4.962687	-1.281262	-2.740777	-1.571260	-0.531303	0.058428	-1.318394	-37.896818
-11.565182	11.195557	-0.556082	-3.164952	-1.293147	-0.678378	0.004020	-1.290044	-37.889622
10.671541	-11.388304	1.570116	-2.687358	-0.304368	-1.008721	-0.126407	-1.219365	-37.872721
1.527480	7.132564	-0.449630	0.072714	0.806364	-1.305946	-0.258983	-1.143638	-37.855923
-9.170378	8.814293	-0.647650	0.170064	0.837319	-1.314367	-0.263053	-1.141251	-37.855412
-0.506491	7.899533	-0.855545	0.267065	0.867947	-1.322745	-0.267124	-1.138860	-37.854901
9.094995	5.413904	-0.977145	0.321905	0.885180	-1.327481	-0.269435	-1.137501	-37.854611
-9.067689	1.373939	-1.100771	0.376557	0.902301	-1.332203	-0.271746	-1.136140	-37.854321
-0.412508	-4.095626	-1.257219	0.444473	0.923513	-1.338078	-0.274631	-1.134440	-37.853959
3.038758	-8.428235	-1.415176	0.512002	0.944543	-1.343930	-0.277517	-1.132738	-37.853598
8.481310	-0.166644	-3.587444	1.467417	1.243098	-1.431539	-0.322191	-1.106147	-37.848010
-8.001286	5.932694	-3.821684	2.128588	1.479871	-1.513404	-0.366932	-1.079060	-37.842435
5.300344	-1.544922	0.692841	2.366423	1.674839	-1.617363	-0.429532	-1.040381	-37.834662
7.037544	-3.187128	5.564913	1.926014	1.682166	-1.708080	-0.492080	-1.000804	-37.826916
-6.830794	2.466192	6.526500	0.948955	1.510680	-1.788262	-0.557460	-0.958406	-37.818828
3.978726	-2.218861	1.694203	-0.187653	1.193226	-1.851989	-0.622541	-0.915117	-37.810771
6.856035	-2.332365	1.394110	-0.237457	1.175935	-1.854473	-0.625491	-0.913129	-37.810405
4.666726	-2.402857	1.091017	-0.286888	1.158411	-1.856922	-0.628443	-0.911137	-37.810040
-7.046237	0.807304	-4.713898	-1.113682	0.785341	-1.896465	-0.684747	-0.872680	-37.803052
6.849716	2.971570	-8.847036	-1.568095	0.357799	-1.921452	-0.740643	-0.833619	-37.796089
7.600317	5.398449	-9.263008	-1.396717	-0.162008	-1.931006	-0.803777	-0.788380	-37.788182
-7.768126	3.797692	-4.304069	-0.495424	-0.665062	-1.919069	-0.866151	-0.742444	-37.780310
1.842654	3.490840	-3.945043	-0.443306	-0.687058	-1.917960	-0.869054	-0.740274	-37.779941
7.772944	3.143604	-3.575730	-0.390839	-0.708849	-1.916799	-0.871956	-0.738103	-37.779573
-7.722418	-8.274627	4.046307	0.565549	-1.068204	-1.885724	-0.925740	-0.697311	-37.772716
7.552351	-10.834291	9.224913	1.171774	-1.302251	-1.836174	-0.978710	-0.656058	-37.765886
-7.321338	12.309930	8.013888	1.046121	-1.371338	-1.755729	-1.038248	-0.608267	-37.758097
7.185597	9.080046	-0.242779	0.322189	-1.258098	-1.650128	-1.096385	-0.559958	-37.750348
-7.183921	5.246124	-0.681987	0.280628	-1.249013	-1.644537	-1.099103	-0.557656	-37.749981
7.085708	1.371768	-1.117217	0.238780	-1.239630	-1.638895	-1.101817	-0.555353	-37.749615
7.229571	-13.072314	-7.091453	-0.521213	-1.021108	-1.527047	-1.150858	-0.513010	-37.742926
-0.208307	8.570232	-6.539375	-1.091801	-0.734967	-1.400377	-1.198579	-0.470346	-37.736267
-7.283244	10.899336	-0.926388	-1.302978	-0.360823	-1.237710	-1.252076	-0.420546	-37.728591
6.913327	-8.131949	3.905018	-0.897453	0.011243	-1.060968	-1.303474	-0.370393	-37.720958
-6.887494	-8.594303	3.991476	-0.865574	0.026264	-1.053332	-1.305571	-0.368293	-37.720640
-1.251674	-8.973742	4.064468	-0.832437	0.041230	-1.045678	-1.307663	-0.366193	-37.720322
4.911736	-3.196961	3.079147	0.072507	0.337257	-0.882598	-1.350268	-0.322386	-37.713736
5.162568	6.420796	0.005933	1.099141	0.594076	-0.713526	-1.391032	-0.278376	-37.707185
-4.010685	-3.175208	-1.957634	1.884320	0.821576	-0.514547	-1.435444	-0.227598	-37.699701
3.064154	-5.408086	-1.450155	1.803782	0.959646	-0.313457	-1.477110	-0.176621	-37.692265
-3.032570	-4.995823	-1.382683	1.782842	0.963471	-0.304937	-1.478812	-0.174457	-37.691951
-0.185414	-4.553286	-1.312255	1.760716	0.967132	-0.296425	-1.480507	-0.172294	-37.691638
0.167642	5.475007	0.359259	1.083559	1.009085	-0.122661	-1.514112	-0.127878	-37.685222
2.388825	4.648239	1.298507	0.127932	0.996515	0.048065	-1.545396	-0.083366	-37.678844
-1.783630	-5.406946	1.133048	-1.067879	0.931115	0.238356	-1.578484	-0.031884	-37.671527
-2.821406	-6.140475	0.084390	-2.185352	0.829868	0.418249	-1.608160	0.019659	-37.664261
-0.095899	-5.901232	0.030141	-2.227374	0.825190	0.425415	-1.609308	0.021785	-37.663963
2.855393	-5.648258	-0.024647	-2.268976	0.820483	0.432561	-1.610449	0.023910	-37.663664
-3.269025	-0.132744	-1.238503	-3.029977	0.716351	0.578693	-1.633138	0.068860	-37.657377
3.790567	2.411474	-2.305530	-3.491204	0.611370	0.714795	-1.652981	0.113802	-37.651132
0.726975	6.106516	-2.870661	-3.511191	0.502896	0.857202	-1.672054	0.165190	-37.644035
-5.464883	3.053478	-2.346449	-2.887204	0.410922	0.984205	-1.687084	0.216501	-37.636993
2.194731	2.594516	-2.295132	-2.842724	0.406847	0.989924	-1.687704	0.218974	-37.636654
5.564654	2.113523	-2.241638	-2.797066	0.402799	0.995607	-1.688315	0.221449	-37.636316
-6.523413	-5.604985	-0.960513	-1.812159	0.334637	1.090506	-1.697551	0.265648	-37.630286
7.541517	-5.088870	0.773406	-0.597837	0.272107	1.172142	-1.703521	0.309730	-37.624298
6.268338	0.663285	2.867003	0.906110	0.202964	1.248350	-1.706202	0.360044	-37.617494
-9.625662	4.557018	4.531267	2.342123	0.131510	1.304961	-1.704280	0.410125	-37.610747
-8.298888	2.344873	5.323950	3.491954	0.054405	1.340250	-1.697779	0.458845	-37.604204
10.527043	-3.243389	5.355858	4.233230	-0.034902	1.354759	-1.686543	0.507255	-37.597719
4.437692	-3.503672	5.340849	4.256158	-0.039301	1.354919	-1.685923	0.509426	-37.597428
-10.526102	-3.743235	5.324453	4.278186	-0.043738	1.355037	-1.685293	0.511597	-37.597138
3.507070	-1.973282	4.609580	4.551988	-0.147298	1.347625	-1.669631	0.557362	-37.591018
9.793797	3.124636	3.019449	4.529276	-0.270651	1.321411	-1.649516	0.602768	-37.584952
-7.970143	3.227819	2.865547	4.518857	-0.280099	1.318821	-1.647907	0.606000	-37.584520
-9.711215	3.231831	2.706088	4.507453	-0.289611	1.316137	-1.646276	0.609229	-37.584089
9.131996	-3.269527	0.151824	4.278236	-0.421115	1.271442	-1.622430	0.651967	-37.578380
6.054209	-2.572160	-2.653344	3.960454	-0.557086	1.210112	-1.594572	0.694312	-37.572721
-7.773109	4.041239	-4.389338	3.602324	-0.704497	1.122914	-1.559024	0.740738	-37.566510
6.992257	3.436351	-3.617909	3.300795	-0.839243	1.015750	-1.518607	0.786596	-37.560362
-1.883743	2.761778	-3.490337	3.279627	-0.847929	1.007535	-1.515609	0.789775	-37.559935
-6.880014	2.030590	-3.355976	3.258175	-0.856501	0.999229	-1.512590	0.792948	-37.559509
5.509350	-5.383482	-1.313214	2.945852	-0.952668	0.887813	-1.473096	0.832243	-37.554224
5.528253	-2.959645	0.768217	2.482118	-1.024793	0.761951	-1.430248	0.871046	-37.548987
-4.923946	6.209879	2.199852	1.602203	-1.070513	0.594593	-1.375372	0.916326	-37.542850
-2.698792	2.831240	1.748282	0.285169	-1.063353	0.407930	-1.316266	0.960827	-37.536783
4.613584	1.867388	1.693215	0.217055	-1.061585	0.398891	-1.313450	0.962854	-37.536506
-4.609627	0.926080	1.636128	0.148505	-1.059683	0.389814	-1.310625	0.964880	-37.536229
4.672357	-2.483486	0.347750	-1.186011	-0.998012	0.212230	-1.255937	1.002666	-37.531041
4.649433	-3.067585	-0.773351	-2.474783	-0.884461	0.023910	-1.198455	1.039797	-37.525908
-2.362264	-4.430808	-0.759972	-3.659668	-0.684089	-0.202340	-1.128629	1.081933	-37.520034
-4.833333	2.791893	0.783915	-4.141136	-0.405860	-0.430838	-1.055539	1.123103	-37.514235
-4.867300	3.006895	0.827084	-4.135205	-0.392077	-0.440617	-1.052324	1.124852	-37.513987
4.847604	3.169467	0.864700	-4.126504	-0.378144	-0.450386	-1.049103	1.126600	-37.513739
-4.245396	-2.228896	0.310906	-3.316039	-0.053259	-0.653883	-0.979712	1.163122	-37.508532
1.109829	1.836489	-1.595900	-1.539699	0.312154	-0.847747	-0.908046	1.198763	-37.503388
3.515187	-2.616212	-0.545771	0.895054	0.742253	-1.048542	-0.824617	1.237912	-37.497657
1.315165	-3.340246	2.479781	2.937695	1.156239	-1.222836	-0.738809	1.275842	-37.492010
-4.744310	-3.045256	2.490882	2.944899	1.158064	-1.223570	-0.738407	1.276015	-37.491984
4.754207	-2.750179	2.501916	2.952077	1.159888	-1.224304	-0.738004	1.276188	-37.491958
-7.013621	4.429586	3.291234	3.711214	1.457853	-1.340462	-0.667025	1.305936	-37.487452
-0.114931	-5.320511	1.835900	3.328654	1.703404	-1.430270	-0.594844	1.334824	-37.483003
1.709145	5.774337	-1.008311	1.720060	1.912370	-1.498496	-0.504928	1.369072	-37.477618
13.333893	5.105395	-3.691094	-0.408390	1.996390	-1.513301	-0.414004	1.401930	-37.472320
-6.086350	4.631835	-3.738142	-0.457132	1.996657	-1.512953	-0.411909	1.402668	-37.472200
-13.293317	4.150939	-3.784198	-0.505725	1.996846	-1.512574	-0.409814	1.403404	-37.472079
11.278183	-4.910925	-4.577256	-2.154731	1.943564	-1.474694	-0.329644	1.430947	-37.467514
9.673429	1.022909	-3.026092	-3.144125	1.766862	-1.393508	-0.249128	1.457350	-37.463018
-3.835237	3.640250	0.697551	-3.422887	1.411664	-1.255425	-0.158416	1.485592	-37.458051
1.651233	-3.196554	4.263037	-2.908742	0.892070	-1.074457	-0.067469	1.512308	-37.453173
-1.644935	-3.274111	4.279770	-2.900022	0.886172	-1.072455	-0.066558	1.512568	-37.453125
1.638993	-3.349063	4.295948	-2.891210	0.880243	-1.070443	-0.065644	1.512828	-37.453076
-2.322490	3.085514	3.618476	-1.914397	0.330691	-0.884714	0.013031	1.534613	-37.448935
4.538884	3.213330	0.077345	-0.641530	-0.272872	-0.677386	0.091730	1.555191	-37.444860
-1.072807	-2.829404	-3.555428	0.864202	-0.990816	-0.417450	0.182512	1.577401	-37.440241
-8.844258	0.896139	-2.943238	2.083152	-1.679933	-0.142431	0.273126	1.597914	-37.435714
8.845830	1.505515	-2.845591	2.127429	-1.708043	-0.130401	0.277010	1.598756	-37.435521
-4.624981	2.037371	-2.744669	2.171039	-1.735997	-0.118357	0.280893	1.599594	-37.435329
-7.660224	0.166050	-0.310499	2.909504	-2.261381	0.127498	0.359394	1.615871	-37.431477
5.145426	-0.938173	1.850478	3.369199	-2.685276	0.373911	0.437612	1.630795	-37.427694
2.230739	0.995722	2.942566	3.551298	-3.004928	0.650470	0.526715	1.646178	-37.423452
-0.397109	-1.383001	3.674992	3.383744	-3.122418	0.914762	0.615252	1.659699	-37.419304
0.382356	-1.561259	3.671539	3.368926	-3.122749	0.925961	0.619106	1.660247	-37.419125
-0.373521	-1.631108	3.659120	3.353502	-3.122671	0.937135	0.622962	1.660791	-37.418946
3.275311	2.634274	-4.859082	1.854354	-2.744773	1.389899	0.790476	1.680997	-37.411283
-2.801952	-1.417526	2.275975	-1.363987	-1.744334	1.749970	0.954756	1.693852	-37.403977
2.635317	1.355891	3.316911	-1.441258	-1.714807	1.757033	0.958553	1.694062	-37.403810
-2.461601	0.175806	4.363891	-1.517952	-1.685030	1.764027	0.962347	1.694268	-37.403644
2.282008	-1.240527	5.380744	-1.595778	-1.654309	1.771113	0.966227	1.694474	-37.403474
-2.106087	1.196185	6.289924	-1.672907	-1.623332	1.778126	0.970105	1.694676	-37.403304
-1.819098	-1.922674	7.263101	-2.830167	-1.060097	1.885878	1.035612	1.697426	-37.400453
-0.471747	-5.138024	-3.605814	-3.558522	-0.434426	1.970702	1.100400	1.698880	-37.397663
0.044848	9.280385	-8.471214	-3.652992	0.442537	2.042952	1.182883	1.698804	-37.394151
-1.516928	6.962529	-5.860278	-2.679500	1.347415	2.069143	1.263988	1.696483	-37.390741
1.584015	6.562236	-5.671475	-2.618735	1.385666	2.069169	1.267421	1.696333	-37.390597
-1.650830	6.149988	-5.478866	-2.556723	1.423834	2.069102	1.270851	1.696179	-37.390454
2.967506	-2.137077	-1.014642	-1.051770	2.188481	2.046237	1.341440	1.692022	-37.387518
2.345914	-7.010653	3.196907	0.632854	2.864438	1.980441	1.410512	1.686018	-37.384660
-5.270601	-11.828308	6.756220	2.283096	3.444291	1.855236	1.484294	1.677252	-37.381610
-4.264406	-14.577612	8.712568	3.283130	3.788380	1.670769	1.555645	1.666168	-37.378653
6.264142	-14.638969	8.753473	3.304815	3.796938	1.661358	1.558684	1.665634	-37.378526
-4.507741	-14.695576	8.790399	3.324395	3.804925	1.651820	1.561721	1.665095	-37.378400
-7.008035	-14.476968	8.602490	3.296434	3.838891	1.430960	1.622761	1.653067	-37.375853
7.614994	-11.511026	6.592095	2.627539	3.628481	1.165248	1.681551	1.639134	-37.373376
-8.219878	-8.094536	2.884478	1.363373	3.128823	0.815288	1.746101	1.620738	-37.370619
-6.285851	-3.390862	-1.218545	-0.113503	2.413363	0.430115	1.807267	1.599736	-37.367953
8.758040	-2.922787	-1.406577	-0.183211	2.375131	0.411196	1.810081	1.598675	-37.367829
-1.722079	-2.423301	-1.593070	-0.252614	2.336562	0.392230	1.812886	1.597607	-37.367705
-9.120910	6.408422	-4.364441	-1.425763	1.579919	0.038722	1.862709	1.577027	-37.365473
1.682883	2.204077	-5.010702	-2.269329	0.753550	-0.321700	1.909661	1.554414	-37.363307
9.284323	-3.844837	-3.046625	-2.610556	-0.236409	-0.736208	1.960241	1.525652	-37.360883
-8.863096	3.074029	0.789701	-2.248724	-1.201733	-1.134934	2.006551	1.494073	-37.358545
-4.724133	3.122985	0.934774	-2.218466	-1.240926	-1.151183	2.008404	1.492680	-37.358448
8.806584	3.118217	1.075196	-2.187034	-1.279933	-1.167367	2.010249	1.491283	-37.358352
-8.044781	-2.843173	2.747724	-1.274799	-2.042081	-1.487936	2.046504	1.461310	-37.356396
-1.770217	-1.373288	1.907420	0.060171	-2.694451	-1.776818	2.079207	1.429137	-37.354504
4.736598	3.107221	-1.497410	2.466179	-3.545764	-2.279199	2.140940	1.345140	-37.350320
-0.001295	-3.681500	1.545196	0.427027	-3.185995	-2.474479	2.180043	1.248973	-37.346467
-4.001953	-1.481212	1.495324	0.344581	-3.165468	-2.475459	2.180667	1.246576	-37.346380
-1.259806	0.810189	1.433052	0.261629	-3.144512	-2.476284	2.181277	1.244173	-37.346294
4.042696	2.709264	1.357667	0.177132	-3.122847	-2.476962	2.181881	1.241733	-37.346207
-0.489317	3.683724	1.270292	0.092281	-3.100760	-2.477483	2.182470	1.239288	-37.346120
-4.091876	3.738639	1.172199	0.007856	-3.078443	-2.477844	2.183039	1.236858	-37.346034
4.119609	3.119933	1.063318	-0.076807	-3.055713	-2.478053	2.183595	1.234421	-37.345948
0.095150	-3.830666	-0.998927	-1.277369	-2.685734	-2.464368	2.189996	1.198495	-37.344729
-5.672935	2.558478	-2.149440	-2.267663	-2.253824	-2.420792	2.193232	1.161246	-37.343545
7.198005	3.227767	-1.575661	-2.963972	-1.602021	-2.315847	2.192382	1.107941	-37.341977
5.359660	-1.022381	0.964881	-2.926155	-0.935377	-2.163715	2.185275	1.052338	-37.340474
-9.695329	-1.534889	3.566165	-2.266796	-0.248507	-1.959163	2.170935	0.991630	-37.338968
-2.497831	0.925784	4.672380	-1.159050	0.403875	-1.714883	2.149395	0.928682	-37.337532
9.766772	0.662170	4.645887	-1.089730	0.437913	-1.700595	2.148015	0.925200	-37.337456
-9.732963	0.339844	4.607835	-1.019707	0.471763	-1.686218	2.146614	0.921715	-37.337380
-7.700464	-0.939070	2.337320	0.177662	0.988398	-1.443344	2.121187	0.865041	-37.336193
7.131089	1.519035	-2.468906	1.421688	1.446741	-1.179804	2.090073	0.806894	-37.335058
1.968531	-2.558460	-6.660110	2.719735	1.879955	-0.859549	2.047547	0.738956	-37.333826
-0.965208	2.349325	-7.074801	3.736875	2.198089	-0.523976	1.997349	0.669381	-37.332659
-3.899058	3.367641	-7.021664	3.780532	2.210696	-0.506771	1.994614	0.665834	-37.332602
3.865110	4.335739	-6.964054	3.823505	2.222954	-0.489544	1.991859	0.662284	-37.332545
-3.768853	4.500523	-5.620340	4.459413	2.377284	-0.188420	1.940965	0.600215	-37.331583
4.402050	-3.168046	-4.500669	4.891706	2.412439	0.115126	1.884001	0.537124	-37.330669
2.615714	-5.389338	-3.330447	5.136493	2.290192	0.463403	1.810458	0.463047	-37.329670
-6.951420	-4.842084	-1.690144	5.086284	1.998465	0.801446	1.728514	0.387883	-37.328731
7.002806	-4.621993	-1.604554	5.076635	1.982397	0.815814	1.724751	0.384586	-37.328692
6.099816	-4.384890	-1.517700	5.066316	1.966066	0.830157	1.720969	0.381285	-37.328652
-7.901983	1.650358	0.460412	4.713079	1.591739	1.108602	1.641899	0.314924	-37.327887
-7.563896	5.658925	2.857371	4.053522	1.144688	1.368020	1.556208	0.247958	-37.327166
8.742655	-6.253909	7.421042	0.973643	-0.069177	1.887230	1.322027	0.084795	-37.325604
8.191617	-1.742168	1.548096	-3.786767	-1.175957	2.205603	1.047778	-0.079890	-37.324281
-7.881048	-1.436047	1.527827	-3.795083	-1.177679	2.205967	1.047232	-0.080195	-37.324279
7.878641	-1.128233	1.507531	-3.803392	-1.179399	2.206329	1.046687	-0.080501	-37.324276
4.121792	1.320946	1.343574	-3.869860	-1.193150	2.209207	1.042298	-0.082959	-37.324258
-7.839642	3.478689	1.178060	-3.935845	-1.206794	2.212025	1.037900	-0.085416	-37.324241
-4.188859	6.216589	0.827034	-4.072467	-1.235025	2.217738	1.028658	-0.090565	-37.324203
-2.160106	7.227100	0.471878	-4.206695	-1.262751	2.223184	1.019381	-0.095712	-37.324166
1.699331	-5.043393	-3.054613	-5.426153	-1.518349	2.263631	0.921001	-0.149027	-37.323794
6.755270	-7.250184	-5.010765	-6.223816	-1.707367	2.273347	0.818538	-0.202298	-37.323445
5.049902	6.784767	-3.316331	-6.448310	-1.836149	2.230557	0.668459	-0.276820	-37.322994
-1.610668	3.657744	0.239904	-5.788942	-1.783939	2.116455	0.511976	-0.351025	-37.322586
-4.330283	-5.096138	2.629283	-4.394378	-1.552294	1.921263	0.343060	-0.428057	-37.322205
3.605274	-0.338190	1.600013	-2.519504	-1.175233	1.658021	0.169992	-0.504452	-37.321869
1.123547	0.001261	1.502799	-2.429528	-1.155796	1.644991	0.162264	-0.507814	-37.321855
-1.705509	0.330505	1.403609	-2.339163	-1.136154	1.631853	0.154531	-0.511174	-37.321841
-3.045157	3.998957	-0.504933	-0.530488	-0.708047	1.350011	-0.000224	-0.577695	-37.321585
2.701946	2.202881	-1.078963	1.054529	-0.229000	1.037049	-0.155992	-0.643500	-37.321361
-2.549466	-4.509928	-0.217407	2.283022	0.327196	0.666768	-0.328996	-0.715626	-37.321149
2.670806	4.737163	0.978489	3.213970	0.869995	0.287660	-0.500690	-0.786606	-37.320976
-3.086870	6.281889	1.146984	4.150734	1.365166	-0.089552	-0.671812	-0.857165	-37.320837
-0.594218	-5.108429	-0.273378	4.966441	1.765579	-0.445482	-0.838797	-0.926263	-37.320735
0.210731	-5.612578	-0.355104	4.997075	1.780389	-0.460421	-0.846024	-0.929266	-37.320732
3.859851	-6.087583	-0.437176	5.027156	1.794925	-0.475280	-0.853234	-0.932263	-37.320728
0.733967	-7.899956	-1.944096	5.502561	2.026308	-0.757715	-0.995971	-0.991955	-37.320670
-5.699818	0.368741	-2.531526	5.675086	2.123446	-1.002147	-1.133299	-1.050281	-37.320638
6.979258	8.093373	-1.718064	5.436095	2.052761	-1.230209	-1.282910	-1.115372	-37.320633
1.036826	-6.373924	0.555855	4.689151	1.804693	-1.403917	-1.422659	-1.178385	-37.320660
-8.393039	-6.921114	0.674030	4.644249	1.790268	-1.410318	-1.428520	-1.181089	-37.320662
8.452534	-7.414298	0.792816	4.598322	1.775575	-1.416617	-1.434355	-1.183788	-37.320664
4.513235	-6.541392	3.099570	3.460087	1.429759	-1.521992	-1.545692	-1.236545	-37.320716
-10.595886	2.516459	4.579594	1.865078	0.996096	-1.590881	-1.647423	-1.287511	-37.320790
-7.779120	4.823201	4.041530	-0.502694	0.412448	-1.627688	-1.751827	-1.344089	-37.320902
11.524946	-3.247575	0.727149	-2.857003	-0.228453	-1.621492	-1.840613	-1.397987	-37.321042
-2.007547	-3.862054	0.527918	-2.955626	-0.259564	-1.620189	-1.844392	-1.400461	-37.321049
-11.501304	-4.446038	0.326682	-3.052540	-0.290727	-1.618798	-1.848133	-1.402929	-37.321057
10.956716	-3.702582	-3.334192	-4.461391	-0.883403	-1.576306	-1.911426	-1.448241	-37.321205
-0.033305	5.443759	-4.922133	-4.730719	-1.470702	-1.503953	-1.960774	-1.491196	-37.321374
-8.631020	3.435209	-2.388748	-3.386271	-2.071851	-1.392958	-1.998352	-1.535112	-37.321578
7.259210	-7.972126	2.348152	-0.928895	-2.580726	-1.249362	-2.019536	-1.575976	-37.321803
3.279990	-7.077934	2.625010	-0.729768	-2.612458	-1.237704	-2.020450	-1.578817	-37.321821
-0.821730	-5.922712	2.880776	-0.529488	-2.643372	-1.225879	-2.021280	-1.581642	-37.321838
-6.043593	9.107842	3.906179	1.862250	-2.943699	-1.070105	-2.024812	-1.614401	-37.322054
5.257652	4.015444	0.882000	3.804578	-3.081469	-0.891003	-2.016599	-1.644610	-37.322284
-4.673767	-9.531732	-3.050194	4.677965	-2.980460	-0.655595	-1.992555	-1.676602	-37.322570
-0.325096	7.824906	-2.426748	3.440447	-2.555621	-0.400996	-1.953402	-1.704950	-37.322873
4.394888	8.194391	-2.309108	3.338330	-2.527983	-0.388489	-1.951153	-1.706217	-37.322888
-4.388572	8.422204	-2.187217	3.233297	-2.499773	-0.375971	-1.948873	-1.707475	-37.322903
-4.360058	-1.087324	0.379341	0.888994	-1.879714	-0.140979	-1.900367	-1.729364	-37.323187
4.377105	-5.242218	1.885561	-1.684191	-1.121922	0.093118	-1.840507	-1.748403	-37.323483
0.177357	-0.830200	0.628302	-4.038871	-0.189765	0.344749	-1.760531	-1.766338	-37.323825
-4.335026	2.205647	-1.213759	-5.083056	0.751374	0.576174	-1.667109	-1.780784	-37.324180
3.751798	2.122066	-1.259024	-5.087308	0.799924	0.587632	-1.661814	-1.781450	-37.324199
4.316401	2.007485	-1.296348	-5.085739	0.848327	0.599010	-1.656479	-1.782106	-37.324218
-4.093269	-1.604838	-1.003440	-4.310337	1.612383	0.772382	-1.563662	-1.791524	-37.324535
3.827362	-1.639503	0.195275	-2.469321	2.296296	0.915581	-1.461300	-1.798369	-37.324859
2.996287	1.857528	0.979127	0.357505	2.953483	1.035990	-1.329764	-1.803141	-37.325246
1.721839	-0.613831	-0.139128	3.127515	3.409702	1.095556	-1.185907	-1.804459	-37.325639
-3.731145	-0.847052	-0.206469	3.234028	3.424304	1.096608	-1.179340	-1.804438	-37.325657
3.746018	-1.083322	-0.273397	3.338715	3.438422	1.097523	-1.172750	-1.804411	-37.325674
-4.214693	-2.615803	-1.170039	4.933150	3.612081	1.086235	-1.038295	-1.802547	-37.326018
-2.358544	1.684654	-0.543763	5.422353	3.562553	1.017223	-0.895585	-1.798169	-37.326366
5.949724	3.136004	1.234156	4.757735	3.182500	0.869891	-0.717542	-1.789772	-37.326782
4.728362	-3.497946	2.076764	3.110515	2.514664	0.665442	-0.531548	-1.777925	-37.327204
-6.965515	-3.456831	2.061190	3.068167	2.497586	0.660475	-0.527434	-1.777630	-37.327213
-3.714119	-3.399140	2.043647	3.025651	2.480414	0.655489	-0.523317	-1.777332	-37.327222
7.691215	3.924175	0.163999	1.214466	1.719002	0.439741	-0.355401	-1.763992	-37.327596
-8.259876	-0.297898	-2.299629	-0.613186	0.863294	0.202704	-0.185258	-1.748050	-37.327973
-8.266705	-4.381532	-3.210959	-2.343491	-0.118288	-0.070433	0.002457	-1.727518	-37.328393
7.909637	3.562092	-0.843650	-3.525343	-1.065879	-0.342828	0.188214	-1.703898	-37.328817
3.662386	3.786810	-0.668785	-3.574270	-1.115415	-0.357496	0.198315	-1.702512	-37.328841
-7.838354	3.962828	-0.494019	-3.621615	-1.164573	-0.372110	0.208396	-1.701117	-37.328864
-1.482848	-2.260691	3.913447	-4.428266	-2.554255	-0.832141	0.546045	-1.647174	-37.329684
4.999874	-1.215471	1.026658	-3.923913	-3.094410	-1.139011	0.851056	-1.582436	-37.330519
-5.006377	-0.741683	0.834928	-3.894762	-3.097035	-1.143849	0.858036	-1.580711	-37.330540
-0.625396	-0.290107	0.637911	-3.864729	-3.099191	-1.148541	0.864994	-1.578979	-37.330561
4.387152	0.141790	0.423730	-3.831805	-3.100975	-1.153371	0.872370	-1.577127	-37.330583
5.039909	0.507117	0.206206	-3.797888	-3.102237	-1.158029	0.879715	-1.575269	-37.330605
-5.509804	-0.206156	-2.869225	-3.120742	-3.056464	-1.208370	0.991972	-1.544812	-37.330958
2.881820	0.052037	-3.407019	-2.185027	-2.899348	-1.214049	1.095684	-1.512554	-37.331313
7.324664	0.549806	-1.223317	-0.767544	-2.561460	-1.161209	1.215327	-1.468830	-37.331769
-7.946802	-1.375157	1.514813	0.635326	-2.097139	-1.048592	1.320978	-1.422239	-37.332230
-5.667190	-1.081498	1.597481	0.694774	-2.073185	-1.042096	1.325512	-1.420023	-37.332252
7.965867	-0.765327	1.673887	0.753536	-2.049029	-1.035491	1.330018	-1.417802	-37.332273
-7.805435	2.504042	2.057164	1.699994	-1.556366	-0.890669	1.409976	-1.374522	-37.332680
-7.455951	0.815193	0.969542	2.212751	-1.011984	-0.712492	1.479547	-1.329103	-37.333090
6.386547	-4.800526	-0.461816	2.178617	-0.352563	-0.475152	1.546490	-1.274629	-37.333563
-4.646863	-3.296088	-0.696872	1.566557	0.312696	-0.209608	1.600261	-1.217429	-37.334039
-5.780892	-3.143188	-0.682656	1.530073	0.341639	-0.197250	1.602353	-1.214818	-37.334061
5.768169	-2.988461	-0.666984	1.493070	0.370460	-0.184862	1.604419	-1.212203	-37.334082
-4.158282	2.417671	-0.178841	0.703916	0.905233	0.065047	1.639771	-1.159820	-37.334502
-6.122270	6.196791	0.243067	-0.037451	1.344635	0.324238	1.665376	-1.105409	-37.334926
6.927642	5.186226	0.105413	-0.564119	1.669541	0.628959	1.683032	-1.039865	-37.335420
7.417255	-1.313634	-0.330730	-0.677947	1.752196	0.930341	1.687997	-0.971667	-37.335919
-7.437114	-1.539670	-0.341941	-0.676714	1.750393	0.940858	1.687942	-0.969202	-37.335937
1.873522	-1.756555	-0.352488	-0.675242	1.748260	0.951368	1.687872	-0.966731	-37.335955
6.471016	-4.369234	-0.322303	-0.576704	1.600521	1.204542	1.681206	-0.904738	-37.336395
7.981771	-3.389015	0.370844	-0.395156	1.301655	1.441232	1.665152	-0.840783	-37.336838
-7.858260	0.099644	1.412229	-0.162505	0.848153	1.677927	1.636195	-0.766801	-37.337339
7.403563	2.587639	1.945794	0.015351	0.345804	1.874409	1.595903	-0.690503	-37.337844
-3.883348	2.285107	1.941797	0.025211	0.303945	1.888643	1.592043	-0.684046	-37.337886
-7.294920	1.896745	1.928434	0.034173	0.262244	1.902526	1.588106	-0.677572	-37.337928
6.632101	-3.096692	1.230983	0.079620	-0.141623	2.021396	1.544114	-0.611389	-37.338357
3.756665	-3.845438	-0.612500	0.062774	-0.493187	2.097367	1.492503	-0.543730	-37.338788
-5.059257	5.713564	-3.653283	0.006921	-0.809312	2.123379	1.421019	-0.460946	-37.339307
4.563819	2.415521	-4.338492	-0.032364	-0.972229	2.068643	1.339466	-0.376299	-37.339830
-4.553261	0.252686	-4.300213	-0.032798	-0.975248	2.064177	1.335633	-0.372508	-37.339854
0.720029	-1.945119	-4.256447	-0.033089	-0.977884	2.059530	1.331782	-0.368713	-37.339877
4.573046	-10.523977	-2.311331	-0.013841	-0.954422	1.929762	1.252133	-0.293063	-37.340339
1.505990	12.254962	1.080677	0.041032	-0.803320	1.727106	1.166148	-0.216201	-37.340803
-5.721111	11.030023	4.222699	0.134267	-0.522499	1.413925	1.060388	-0.126541	-37.341341
4.696693	-5.449792	5.937334	0.239763	-0.185543	1.032343	0.948100	-0.035570	-37.341882
6.757320	-6.009501	5.991536	0.244913	-0.168420	1.011956	0.942375	-0.031024	-37.341909
2.657698	-6.509819	6.043255	0.250032	-0.151324	0.991460	0.936641	-0.026479	-37.341936
-7.731178	-9.233958	6.617646	0.329619	0.139246	0.616696	0.834540	0.053260	-37.342408
-0.226518	-10.336665	6.802169	0.371429	0.398222	0.217509	0.728999	0.133748	-37.342882
9.427173	-11.703221	6.965073	0.339189	0.628715	-0.260505	0.603190	0.227854	-37.343436
-2.690503	-9.372279	7.341994	0.194210	0.762947	-0.738792	0.474594	0.322681	-37.343994
-9.903787	-9.088219	7.355413	0.185668	0.766160	-0.757523	0.469459	0.326448	-37.344016
9.912026	-8.785396	7.368323	0.176884	0.769215	-0.776244	0.464317	0.330219	-37.344038
-4.060305	-0.547452	7.416709	-0.069790	0.796219	-1.182314	0.350219	0.413679	-37.344529
-9.549819	6.029475	6.629055	-0.381335	0.749322	-1.570874	0.235470	0.497456	-37.345023
-5.723639	4.749421	4.101521	-0.745711	0.606781	-2.003007	0.099571	0.596990	-37.345612
7.765414	-2.107332	0.294285	-0.998264	0.380378	-2.398569	-0.035217	0.696653	-37.346205
-7.761188	-2.119813	0.278504	-0.998858	0.379387	-2.399973	-0.035718	0.697026	-37.346208
2.801544	-2.132080	0.262715	-0.999450	0.378395	-2.401377	-0.036220	0.697399	-37.346210
6.760401	-1.306452	-3.305317	-1.040979	0.130269	-2.701357	-0.148085	0.781334	-37.346713
-4.312076	0.722028	-5.948935	-0.857655	-0.160637	-2.967178	-0.257717	0.865133	-37.347218
-4.613075	-0.074950	-5.916988	-0.353101	-0.515448	-3.221176	-0.377789	0.959295	-37.347791
-2.008857	-1.780385	-3.341518	0.331887	-0.861557	-3.421679	-0.493245	1.053005	-37.348368
1.639597	-1.609007	-3.106418	0.383346	-0.885215	-3.433968	-0.501395	1.059764	-37.348410
3.540025	-1.367987	-2.868874	0.434668	-0.908609	-3.445947	-0.509515	1.066519	-37.348452
-2.966861	3.066725	-0.145472	1.003572	-1.159392	-3.563065	-0.602880	1.145886	-37.348947
2.646652	0.162832	1.782937	1.421552	-1.347575	-3.633504	-0.691522	1.224711	-37.349444
2.260015	-5.681266	2.749451	1.560064	-1.463094	-3.651915	-0.789955	1.317596	-37.350039
-3.129663	-3.182090	2.339609	1.204987	-1.455585	-3.595410	-0.880088	1.409433	-37.350638
3.161691	-2.592032	2.297306	1.180125	-1.452572	-3.591304	-0.883780	1.413360	-37.350664
-0.987761	-1.971039	2.253307	1.154577	-1.449338	-3.587059	-0.887458	1.417288	-37.350689
-4.033175	7.192009	1.084043	0.522367	-1.338306	-3.473801	-0.958151	1.495770	-37.351211
0.719825	4.083490	-0.276923	-0.254282	-1.140335	-3.310745	-1.022711	1.573283	-37.351735
6.395562	-6.619149	-0.910152	-1.189007	-0.798484	-3.062512	-1.090823	1.662946	-37.352353
-1.778018	3.014888	0.203841	-1.915502	-0.342909	-2.760650	-1.150809	1.751053	-37.352975
-7.534793	4.295574	0.240584	-1.929213	-0.328211	-2.751222	-1.152422	1.753572	-37.352993
7.561061	5.547397	0.276638	-1.942387	-0.313416	-2.741746	-1.154030	1.756092	-37.353011
-8.169153	3.450236	0.878198	-2.024712	0.155056	-2.446174	-1.198499	1.829792	-37.353544
8.488042	-3.576446	0.286762	-1.400296	0.666762	-2.122872	-1.237347	1.902233	-37.354079
7.515747	1.596603	-1.471242	-0.103346	1.270578	-1.722565	-1.275315	1.984070	-37.354700
-2.695744	2.485868	-1.928195	1.210485	1.844676	-1.299789	-1.306231	2.064123	-37.355323
-8.375311	2.269943	-1.874287	1.261989	1.868783	-1.280579	-1.307447	2.067642	-37.355351
-1.232291	2.030184	-1.812743	1.312640	1.892733	-1.261339	-1.308648	2.071158	-37.355379
8.057453	-2.690361	0.348455	2.100547	2.323921	-0.880128	-1.329487	2.139213	-37.355924
-7.669524	1.011700	2.571962	2.389700	2.662679	-0.493278	-1.345340	2.205859	-37.356472
-4.341332	3.853852	3.219264	1.881014	2.905078	-0.045958	-1.357674	2.281079	-37.357109
6.666307	1.679075	0.802943	0.388932	2.978970	0.394338	-1.363855	2.354386	-37.357748
-6.645174	1.430305	0.657083	0.310824	2.978494	0.413217	-1.363989	2.357532	-37.357776
-3.782970	1.166450	0.509846	0.232165	2.977719	0.432080	-1.364111	2.360677	-37.357804
6.218815	-4.577153	-2.301920	-1.329135	2.900875	0.801946	-1.364277	2.422617	-37.358362
-3.297460	-4.559004	-3.607319	-2.484954	2.710417	1.159435	-1.360233	2.483120	-37.358923
-5.337398	1.430064	-2.124528	-2.768842	2.361573	1.550179	-1.350769	2.550142	-37.359563
4.781441	3.578064	0.881724	-2.098823	1.882516	1.924230	-1.336398	2.615323	-37.360206
1.200559	3.081132	1.069028	-2.032137	1.848569	1.947270	-1.335333	2.619374	-37.360247
-4.704127	2.516675	1.252173	-1.963056	1.814233	1.970242	-1.334250	2.623418	-37.360287
4.145016	-3.038640	2.811906	-0.827162	1.312338	2.276489	-1.317703	2.677784	-37.360843
-3.585572	2.719654	1.706674	0.519689	0.762248	2.570202	-1.297944	2.730806	-37.361401
3.037660	-2.650373	-0.813235	2.050504	0.078632	2.901933	-1.270612	2.791912	-37.362065
-2.751335	-0.844173	-1.755399	3.065760	-0.604010	3.215734	-1.239319	2.851141	-37.362732
2.747094	-0.614688	-1.751818	3.090502	-0.632731	3.228804	-1.237892	2.853643	-37.362760
2.259771	-0.384784	-1.744935	3.113392	-0.661379	3.241841	-1.236457	2.856140	-37.362789
-2.824401	3.299615	-1.067597	3.220526	-1.214509	3.494231	-1.206557	2.905117	-37.363362
-0.735910	3.256742	0.114095	2.825819	-1.732728	3.733320	-1.174189	2.952739	-37.363936
3.860780	0.370560	1.295011	2.051978	-2.290699	3.994882	-1.133626	3.006503	-37.364609
-4.810592	-3.355177	1.708639	1.280876	-2.799077	4.238113	-1.090259	3.058448	-37.365284
4.413792	-3.563390	1.702707	1.252838	-2.819295	4.247905	-1.088384	3.060586	-37.365312
4.900085	-3.768381	1.694678	1.225298	-2.839411	4.257659	-1.086506	3.062719	-37.365341
-5.869053	-5.535483	1.059900	0.751919	-3.232952	4.450752	-1.047012	3.105821	-37.365924
2.667671	-3.914603	-0.399444	0.405747	-3.588970	4.630052	-1.005866	3.147589	-37.366510
7.707454	0.508796	-2.503806	0.067794	-3.956392	4.821657	-0.956024	3.194639	-37.367196
-8.117095	6.085897	-3.922545	-0.306744	-4.271646	4.994179	-0.904485	3.239888	-37.367884
3.045625	6.338481	-3.948960	-0.325092	-4.283826	5.001055	-0.902272	3.241763	-37.367914
8.122514	6.570069	-3.971851	-0.343715	-4.295910	5.007897	-0.900056	3.243635	-37.367943
-3.241054	3.947708	-3.665122	-0.775157	-4.519616	5.138635	-0.854821	3.280738	-37.368534
-7.337641	-4.575057	-1.910056	-1.293193	-4.704494	5.255281	-0.808770	3.316539	-37.369127
6.381074	-6.265370	1.763376	-1.961510	-4.870637	5.373521	-0.754425	3.356549	-37.369819
-1.238523	5.413305	5.973266	-2.649964	-4.984228	5.473430	-0.699514	3.394817	-37.370514
-5.288304	5.627770	6.124092	-2.679649	-4.987989	5.477380	-0.697109	3.396447	-37.370545
-3.405538	5.778842	6.269815	-2.709288	-4.991653	5.481299	-0.694701	3.398076	-37.370575
4.436600	0.675034	7.954457	-3.281523	-5.043952	5.552655	-0.646452	3.429977	-37.371185
-0.632225	-4.748759	6.970165	-3.776654	-5.056365	5.610895	-0.598208	3.460557	-37.371798
-3.663035	-3.740262	2.220823	-4.118917	-5.022348	5.662187	-0.543432	3.493837	-37.372499
3.045132	3.236599	-4.904012	-4.062244	-4.939212	5.698660	-0.489204	3.525414	-37.373202
4.146025	3.516584	-5.234749	-4.046098	-4.933970	5.700095	-0.486554	3.526925	-37.373237
-4.189293	3.770080	-5.558722	-4.028543	-4.928628	5.701498	-0.483907	3.528431	-37.373272
5.457739	1.649211	-9.771184	-3.472143	-4.820078	5.720864	-0.437983	3.554108	-37.373880
6.397582	-3.681777	-10.033247	-2.382430	-4.686520	5.730933	-0.392883	3.578538	-37.374489
-7.525335	-3.421342	-4.274519	-0.482409	-4.505640	5.731601	-0.341454	3.605524	-37.375205
-7.300845	4.302190	4.052703	1.648449	-4.305859	5.720954	-0.291691	3.630821	-37.375923
7.737393	4.000203	4.500919	1.767393	-4.293886	5.720005	-0.288866	3.632234	-37.375964
-7.706376	3.554755	4.938517	1.885175	-4.281878	5.719020	-0.286048	3.633642	-37.376006
-4.285802	-4.602658	9.468895	3.424627	-4.100927	5.700320	-0.245072	3.653841	-37.376624
-0.487248	-2.895056	8.916300	4.359920	-3.917902	5.674177	-0.205645	3.672812	-37.377244
3.176313	4.608077	3.541573	4.440980	-3.711482	5.635329	-0.162321	3.693122	-37.377960
-0.179452	2.769380	-3.670913	3.476339	-3.515593	5.587512	-0.121233	3.711822	-37.378678
-1.755148	2.285905	-3.949066	3.411645	-3.507317	5.585228	-0.119492	3.712601	-37.378710
1.722787	1.770103	-4.220210	3.345110	-3.499062	5.582928	-0.117755	3.713377	-37.378741
-1.581767	-3.679418	-7.436116	1.631970	-3.338118	5.533413	-0.083824	3.728290	-37.379371
2.168758	3.108894	-4.992074	-0.721917	-3.185668	5.477561	-0.051566	3.741987	-37.380003
0.567319	1.619815	1.920980	-3.973837	-3.013807	5.402610	-0.015089	3.756803	-37.380762
-2.592940	-1.909588	6.032598	-7.144229	-2.853311	5.319284	0.019045	3.769889	-37.381525
-4.865311	-1.901700	6.032721	-7.154104	-2.852790	5.318990	0.019156	3.769930	-37.381527
6.026668	-1.893602	6.032722	-7.163972	-2.852268	5.318696	0.019267	3.769971	-37.381530
6.016104	1.575311	3.026273	-9.376638	-2.727023	5.243157	0.045914	3.779545	-37.382166
-6.986528	-1.332446	-2.940294	-11.145926	-2.609074	5.162312	0.070978	3.787931	-37.382805
8.015889	9.431915	-9.479131	-12.976893	-2.448658	5.034555	0.104929	3.798099	-37.383745
-0.273865	23.951961	-12.270335	-13.948243	-2.302549	4.896580	0.135573	3.805740	-37.384689
-11.901638	28.311681	-12.366818	-14.135932	-2.228614	4.817304	0.150909	3.808848	-37.385205
