-28.885507	-226.499992	342.434751	-70.147429	222.889586	-460.985471	210.473537	-106.562739
-1153.895473	-284.128230	331.110067	-68.997428	223.323402	-460.321315	210.451261	-106.567107
1156.107547	-290.923995	329.985068	-68.902078	223.318999	-460.269938	210.449396	-106.567249
1049.782484	-298.093199	328.805240	-68.803061	223.312297	-460.216780	210.447458	-106.567383
-1171.878020	-429.984392	297.128968	-66.333148	222.782896	-458.926634	210.399166	-106.568780
449.719433	-391.602487	245.770082	-62.586503	221.476650	-457.031091	210.326335	-106.568148
1054.554740	488.006201	75.364532	-48.498739	215.310124	-450.198425	210.056583	-106.558604
-1377.996684	444.166788	-70.400003	-26.696881	204.842021	-440.164484	209.648145	-106.537708
-888.943213	362.372160	-72.784034	-26.070770	204.536783	-439.884220	209.636542	-106.537062
1299.405769	275.470175	-75.095763	-25.439896	204.229118	-439.602232	209.624857	-106.536409
-77.994282	189.701057	-77.217327	-24.838014	203.935498	-439.333582	209.613715	-106.535784
-1207.759491	103.838669	-79.273119	-24.231453	203.639512	-439.063216	209.602492	-106.535154
1159.434789	20.905434	-81.278402	-23.615027	203.338632	-438.788834	209.591093	-106.534511
1123.812587	-55.693819	-83.213059	-22.994223	203.035539	-438.512889	209.579618	-106.533863
-734.769122	-548.860679	-102.581408	-13.549194	198.418716	-434.360670	209.405749	-106.523829
682.334707	-354.771180	-104.950670	-3.201887	193.348177	-429.893924	209.216212	-106.512524
1359.559713	258.686946	-85.733708	12.606722	185.471803	-423.108031	208.923417	-106.494497
-1573.509347	532.085839	-50.988074	29.425783	176.730905	-415.750210	208.599477	-106.473958
-1081.279111	398.021290	-9.894808	47.435946	166.723260	-407.506146	208.228681	-106.449880
1345.036149	39.757829	29.105358	65.334691	155.815857	-398.703305	207.823739	-106.423064
-117.074261	20.850472	30.805949	66.172557	155.275113	-398.271332	207.803630	-106.421721
-1329.046862	1.949796	32.488691	67.009246	154.732033	-397.837893	207.783431	-106.420370
1234.685774	-294.968235	59.100077	81.895092	144.476477	-389.724811	207.401215	-106.394639
1227.063375	-384.977797	75.270368	95.784299	133.572144	-381.237579	206.993016	-106.366836
-1345.820677	-221.042451	77.864030	110.063967	120.180752	-370.991481	206.488821	-106.332124
-42.584053	104.132179	67.351925	122.010277	105.960455	-360.305617	205.949615	-106.294636
1294.724316	116.577576	66.663261	122.491642	105.305381	-359.817909	205.924677	-106.292894
-1291.034627	128.506481	65.959720	122.968714	104.648691	-359.329389	205.899669	-106.291147
-975.408870	258.525306	50.069432	131.400321	91.619100	-349.715470	205.401619	-106.256224
1160.547427	223.388882	31.901350	138.449041	77.997384	-339.818834	204.877069	-106.219212
-140.436272	46.899579	10.567932	145.148686	61.550662	-328.068042	204.238334	-106.173876
-1135.237295	-133.992548	-8.787978	150.607462	44.367823	-316.000556	203.563980	-106.125748
1140.590061	-139.983367	-9.621620	150.841840	43.529413	-315.416233	203.530844	-106.123377
1045.941493	-145.584907	-10.444828	151.073991	42.689552	-314.831262	203.497627	-106.120999
-1282.312771	-170.301404	-23.217030	154.917171	27.269191	-304.147588	202.882934	-106.076912
183.892608	-50.125859	-31.192580	158.195409	11.450784	-293.273971	202.241368	-106.030730
1375.967132	125.215983	-34.307553	161.481856	-7.225498	-280.502133	201.466556	-105.974761
-1278.089859	167.146547	-31.080002	164.372195	-26.214812	-267.535903	200.655535	-105.915985
-836.726112	164.643392	-30.766695	164.497499	-27.125487	-266.913221	200.615950	-105.913111
1268.302127	161.731107	-30.439388	164.621401	-28.035891	-266.290572	200.576306	-105.910233
-114.746937	54.299280	-22.504831	166.671567	-44.631507	-254.902386	199.840591	-105.856757
-1180.992606	-95.881615	-12.569589	168.428594	-61.207424	-243.415414	199.077417	-105.801162
1231.323354	-204.205230	-1.947610	170.273349	-80.185543	-230.045436	198.161159	-105.734274
1032.806382	-129.256654	4.719018	172.120959	-98.802784	-216.603442	197.207917	-105.664549
-1339.352841	-120.260895	4.941953	172.219185	-99.739765	-215.916222	197.158283	-105.660915
262.854699	-110.797479	5.153951	172.317997	-100.675316	-215.228901	197.108552	-105.657274
1377.203087	87.469957	7.212293	174.024921	-116.199023	-203.638648	196.256170	-105.594814
-1375.143057	253.899283	6.906884	175.614157	-131.196067	-192.041729	195.376213	-105.530250
-985.280866	270.977416	4.362046	177.090820	-147.776920	-178.599486	194.320103	-105.452664
1335.382114	82.819350	0.271582	178.400250	-163.222790	-165.207643	193.226529	-105.372233
-122.814093	68.289028	0.070082	178.467109	-163.956559	-164.543442	193.171155	-105.368158
-1324.737881	53.348480	-0.128339	178.534400	-164.686369	-163.879854	193.115723	-105.364079
1233.660893	-204.933112	-2.719686	179.825515	-176.797083	-152.362266	192.135557	-105.291915
1165.327360	-284.675009	-2.275406	181.443336	-187.647535	-140.928996	191.127040	-105.217609
-1339.007832	-134.966829	3.515530	183.668002	-198.356291	-127.798287	189.921383	-105.128717
-13.478442	145.320602	11.291933	186.074935	-206.693531	-114.842459	188.677295	-105.036936
1306.949561	155.872887	11.620569	186.188663	-207.019874	-114.240156	188.618048	-105.032564
-1303.786707	165.849392	11.941958	186.302306	-207.340158	-113.638314	188.558717	-105.028186
-971.439218	250.500716	15.926590	188.345325	-212.094440	-102.685052	187.455422	-104.946750
1182.692220	183.996820	14.684861	190.001528	-214.564299	-91.907502	186.323529	-104.863174
-107.037419	-4.739123	6.468660	189.696872	-214.259204	-79.585107	184.967392	-104.763013
-1150.196741	-176.650383	-8.176599	184.552842	-210.250962	-67.546092	183.571956	-104.659925
1154.388507	-181.457659	-8.972736	184.186405	-209.984786	-67.019191	183.509173	-104.655287
1012.921650	-185.909540	-9.781507	183.807328	-209.711012	-66.492888	183.446313	-104.650642
-1275.477989	-195.561218	-27.969920	173.848925	-202.925630	-56.418519	182.213323	-104.559542
244.713367	-65.366110	-49.891929	158.504584	-193.398205	-46.582727	180.951173	-104.466282
1370.108565	124.920398	-72.474965	133.148686	-179.072559	-35.467100	179.447373	-104.355164
-1288.968829	190.330379	-81.714781	99.028600	-161.642961	-24.710517	177.903804	-104.241114
-837.668496	188.669198	-81.628023	96.970345	-160.644765	-24.152822	177.821179	-104.235010
1278.952504	186.464241	-81.474417	94.886123	-159.639233	-23.596187	177.738442	-104.228897
-128.822592	91.292782	-70.100136	58.046529	-142.436451	-14.754410	176.386580	-104.129023
-1174.868964	-58.574978	-43.329642	16.775046	-123.615889	-6.202421	175.005537	-104.027009
1215.024228	-188.087295	4.950974	-34.171577	-99.892116	3.428241	173.350864	-103.904805
994.058527	-158.440763	66.176803	-84.498380	-74.779680	12.624689	171.655798	-103.779651
-1335.232222	-152.773924	69.331804	-86.932545	-73.496213	13.072558	171.570019	-103.773319
276.192421	-146.752814	72.482167	-89.357145	-72.209673	13.519559	171.484087	-103.766975
1386.395730	-13.896199	123.428566	-128.813616	-49.818125	21.014313	169.992819	-103.656903
-1357.279494	99.021420	161.038603	-162.593684	-27.049906	28.160133	168.471507	-103.544646
-933.610242	141.221767	174.036365	-191.698450	-0.750748	35.931541	166.684343	-103.412818
1184.440384	88.329879	144.472643	-208.638472	25.316200	43.204942	164.857188	-103.278095
-113.477112	-39.983966	80.917916	-213.441862	50.257062	49.821265	163.030495	-103.143466
-1141.221476	-150.467155	-6.272803	-207.002876	74.316348	55.924353	161.165203	-103.006055
1149.086191	-153.527215	-11.156088	-206.381141	75.513096	56.221294	161.069111	-102.998978
1007.159143	-156.177720	-16.068958	-205.731733	76.705972	56.516671	160.972978	-102.991898
-1329.485985	-93.195084	-108.431161	-188.888504	98.001268	61.691730	159.190033	-102.860623
45.543048	187.734395	-190.977285	-162.944175	117.972369	66.385788	157.373127	-102.726912
1317.006565	201.323083	-194.654718	-161.337376	118.979250	66.618605	157.276821	-102.719827
-1313.020163	214.236249	-198.248451	-159.705424	119.982391	66.850202	157.180360	-102.712730
-945.384933	326.811676	-245.160540	-125.828423	137.438998	70.825527	155.407343	-102.582321
1182.123655	241.794835	-249.363591	-84.505933	153.207985	74.333295	153.602972	-102.449673
-161.328313	-17.321080	-207.969031	-29.663746	169.034610	77.786763	151.479251	-102.293636
-1149.219025	-364.751193	-130.213169	29.018881	181.972089	80.579132	149.313367	-102.134600
1150.201766	-382.653906	-125.685772	31.933662	182.528431	80.699190	149.205636	-102.126693
986.264363	-400.548549	-121.104857	34.847126	183.076900	80.817596	149.097801	-102.118778
-1182.663832	-686.071974	-34.009868	85.081720	191.356130	82.619179	147.194572	-101.979122
433.846578	-835.752031	60.266714	132.089680	196.995211	83.901244	145.259888	-101.837233
1445.820375	-709.814739	168.542165	180.136342	199.963428	84.731805	142.916472	-101.665423
-1789.556725	-182.915598	252.524145	215.322784	198.501993	84.796373	140.530375	-101.490440
-2512.718061	976.452571	264.290719	229.798048	182.115799	82.904611	135.826213	-101.144758
1288.640473	-359.112547	30.554054	158.858523	148.383906	78.639214	130.987140	-100.787257
-127.910017	-447.856838	24.004991	156.420875	147.427690	78.514847	130.873486	-100.778829
-1211.536985	-535.253053	17.474183	153.957927	146.465218	78.389471	130.759844	-100.770400
1181.477669	-620.353120	10.633285	151.342274	145.446796	78.256592	130.640394	-100.761539
1098.495914	-692.984951	3.813205	148.696594	144.420272	78.122434	130.520799	-100.752665
-1154.435425	-753.145896	-3.233561	145.921297	143.347006	77.981928	130.396595	-100.743447
539.667480	-797.243745	-10.242211	143.116946	142.265871	77.840144	130.272315	-100.734221
1522.975086	-380.775905	-99.699594	102.487869	126.823565	75.787503	128.574585	-100.607986
-1630.063623	299.981089	-171.814371	58.574486	110.156920	73.512840	126.863592	-100.480342
-1154.474438	510.686426	-226.930485	-7.992378	83.828206	69.785669	124.320032	-100.289719
1333.048586	164.603923	-205.478116	-71.648251	56.005834	65.649536	121.751331	-100.096046
-175.831582	145.368636	-202.876845	-74.532544	54.656286	65.443237	121.628492	-100.086753
-1321.514750	126.387443	-200.159172	-77.402537	53.304130	65.235981	121.505523	-100.077447
1268.081781	-153.223204	-135.308957	-126.257827	28.569266	61.340084	119.266841	-99.907493
1221.906271	-274.386068	-56.211388	-167.685527	3.731597	57.202523	117.012401	-99.735259
-1409.828138	3.026217	95.021474	-223.793544	-52.915995	46.601272	111.617786	-99.318235
3.832793	240.821315	131.135062	-202.855485	-102.160477	35.170329	106.159043	-98.888328
1289.295589	224.357129	130.199009	-201.399920	-103.191065	34.896180	106.030812	-98.878124
-1294.949030	206.212749	129.176811	-199.901204	-104.215543	34.621785	105.902555	-98.867913
-791.357682	186.599221	128.086420	-198.380821	-105.220341	34.350816	105.775987	-98.857831
1307.196859	165.551288	126.917301	-196.819647	-106.219167	34.079616	105.649394	-98.847743
-199.713645	143.763623	125.689347	-195.240221	-107.198615	33.811865	105.524490	-98.837784
-1317.153244	121.482210	124.389705	-193.622269	-108.172228	33.543897	105.399563	-98.827818
1282.007826	-159.641578	98.757810	-165.942816	-121.730210	29.605263	103.571046	-98.681393
1184.149432	-249.450072	65.969366	-131.965123	-134.005180	25.634904	101.738178	-98.533529
-1216.559391	-132.688115	19.805172	-76.996135	-149.031368	20.023198	99.154177	-98.323126
244.419332	71.707336	-19.841470	-18.191472	-161.352795	14.414075	96.564856	-98.109888
1323.619596	224.208579	-48.263633	42.005048	-171.262343	8.576934	93.846137	-97.883256
-1280.209691	208.538931	-57.653625	94.851495	-177.982222	2.827571	91.125398	-97.653485
-775.330318	203.318063	-57.585764	97.403988	-178.252869	2.519626	90.978064	-97.640954
1272.036098	197.733634	-57.460209	99.920431	-178.513820	2.212074	90.830731	-97.628414
-169.359588	73.966200	-49.099293	134.823111	-181.330840	-2.573931	88.510920	-97.429723
-1169.205058	-75.887989	-32.948188	160.938263	-181.670104	-7.233892	86.192538	-97.228739
1208.837566	-193.005293	-12.355111	180.548715	-178.816397	-12.503001	83.479392	-96.990305
931.513212	-134.384882	2.510166	188.657656	-172.321370	-17.551261	80.772108	-96.748721
-1324.630445	-126.629566	3.076111	188.776724	-171.899153	-17.797307	80.637172	-96.736581
307.613146	-118.451911	3.626404	188.869695	-171.467480	-18.042785	80.502257	-96.724432
1379.150951	58.872462	10.763026	186.559702	-162.553235	-22.172867	78.186241	-96.514356
-1387.252317	209.207209	13.823622	177.656432	-150.843711	-26.129337	75.877488	-96.301953
-921.453368	229.934041	12.380929	161.327472	-134.072161	-30.517040	73.196074	-96.051322
1336.755141	66.885666	6.703455	140.861623	-114.520965	-34.653779	70.528260	-95.797510
-182.751334	54.837559	6.384640	139.840450	-113.548867	-34.840929	70.403885	-95.785564
-1326.597036	42.436040	6.063798	138.814641	-112.571443	-35.027632	70.279464	-95.773604
1236.114605	-185.187912	0.315818	119.583186	-93.900776	-38.347728	68.005573	-95.553171
1103.936875	-257.845521	-3.584632	100.491065	-74.055250	-41.471602	65.744679	-95.330398
-1330.349120	-128.913802	-3.754404	79.783914	-49.924537	-44.861605	63.124895	-95.067511
64.696646	121.824907	-0.934434	60.564184	-25.321453	-47.969375	60.526693	-94.801435
1318.644543	131.947584	-0.773054	59.681454	-24.155219	-48.109372	60.404256	-94.788759
-1316.455913	141.620167	-0.611503	58.801267	-22.990076	-48.248629	60.281950	-94.776084
-883.701285	240.135308	2.032727	43.047781	-1.913713	-50.666792	58.067080	-94.544314
1207.555285	208.352877	3.309547	27.457538	18.757196	-52.864370	55.871098	-94.310170
-158.943318	54.450039	3.306650	9.040229	41.831915	-55.127511	53.352589	-94.035964
-1150.652390	-114.082560	2.094418	-10.003104	63.594014	-57.079782	50.863135	-93.758554
1154.959291	-120.262981	1.999124	-10.917426	64.592581	-57.164850	50.745357	-93.745265
965.741648	-126.150472	1.899795	-11.831173	65.586889	-57.249141	50.627726	-93.731977
-1279.842188	-170.347966	-0.728827	-28.379945	83.038299	-58.657258	48.497177	-93.488609
298.691952	-82.143763	-4.811147	-44.418490	99.121018	-59.819798	46.391593	-93.242839
1385.817626	73.633717	-9.147092	-61.645249	115.739415	-60.847497	43.999673	-92.956858
-1310.932319	143.472200	-10.075101	-76.860040	130.093480	-61.534788	41.644528	-92.667673
-769.743655	143.175835	-9.968822	-77.598251	130.787979	-61.561621	41.520497	-92.652223
1300.506228	142.430194	-9.844483	-78.328711	131.475372	-61.587471	41.396576	-92.636764
-196.950558	78.005912	-5.696172	-89.048297	141.605576	-61.868357	39.401383	-92.384647
-1178.073730	-44.622518	1.097087	-97.451005	149.701419	-61.884716	37.436395	-92.130133
1227.804268	-166.007359	9.629133	-103.929744	156.347060	-61.565985	35.198999	-91.832234
962.876073	-129.339568	16.286723	-106.548855	159.891392	-60.876528	33.005234	-91.531119
-1349.520581	-122.440170	16.548525	-106.571958	159.984698	-60.831957	32.896213	-91.515910
300.576727	-115.053355	16.802897	-106.584358	160.069807	-60.786400	32.787238	-91.500683
1392.731102	57.378315	19.904562	-105.113654	160.265886	-59.851895	30.928505	-91.237206
-1386.132182	212.615001	20.240456	-100.431123	158.177481	-58.637835	29.103555	-90.971303
-886.404074	237.340551	16.449319	-90.882535	153.126028	-56.894610	27.031247	-90.660084
1323.438004	72.646845	8.316026	-77.293543	145.515016	-54.814720	25.005471	-90.345599
-205.335424	60.102690	7.851006	-76.553413	145.093587	-54.707760	24.910193	-90.330545
-1313.194750	47.189887	7.381224	-75.805635	144.667296	-54.600171	24.815083	-90.315493
1224.934490	-189.937550	-1.743979	-60.831728	136.048924	-52.523752	23.102947	-90.040290
1101.925560	-267.590433	-10.883224	-43.450219	125.922805	-50.234557	21.426353	-89.762628
-1328.210896	-137.050469	-20.030840	-20.880200	112.629785	-47.357445	19.539978	-89.439818
86.422769	120.586789	-28.430520	3.421498	97.856385	-44.248282	17.701689	-89.113760
1307.639426	131.079258	-28.820512	4.585822	97.123913	-44.095566	17.615736	-89.098220
-1304.777794	141.122252	-29.210016	5.749512	96.388766	-43.942391	17.529891	-89.082674
-883.850503	246.172753	-36.257274	26.631532	82.496421	-41.061232	15.978008	-88.796829
1171.253428	221.079369	-42.722528	45.612301	67.899204	-38.044801	14.462930	-88.508524
-241.428628	77.409387	-46.666587	62.960370	50.392621	-34.413909	12.758541	-88.172334
-1136.614687	-89.944131	-43.562143	73.344083	32.472582	-30.652583	11.104055	-87.832838
1142.607396	-97.143435	-43.175436	73.683551	31.536405	-30.454185	11.019504	-87.815117
912.042046	-104.062015	-42.765157	74.003644	30.599453	-30.255395	10.935039	-87.797376
-1288.955813	-160.900752	-32.461987	76.482862	15.111228	-26.931984	9.558241	-87.502747
285.931017	-86.816853	-15.569206	73.870242	-0.254547	-23.551545	8.219005	-87.205689
1395.777437	56.627547	9.839533	65.431459	-17.806169	-19.569614	6.708549	-86.857024
-1303.024827	113.092227	37.840601	52.503214	-34.830349	-15.560397	5.249675	-86.505048
-744.533675	111.962330	39.242090	51.763111	-35.665064	-15.359532	5.178033	-86.487347
1290.845809	110.406400	40.639634	51.015372	-36.497965	-15.158669	5.106520	-86.469637
-196.253222	31.986720	63.133609	37.060168	-50.557144	-11.697399	3.893438	-86.162828
-1136.063887	-82.925884	79.110738	21.617508	-63.949769	-8.255061	2.719395	-85.853532
1218.006866	-130.665081	82.805537	2.766699	-78.524700	-4.299094	1.403694	-85.490751
841.700925	33.024962	65.554896	-16.010670	-91.844954	-0.419659	0.141701	-85.124624
-1413.983694	42.277958	64.433154	-16.781050	-92.372312	-0.259357	0.090058	-85.109226
245.680765	51.551033	63.284131	-17.549622	-92.897128	-0.099238	0.038509	-85.093823
1380.906177	188.398833	34.462173	-32.881462	-103.125691	3.157145	-1.002919	-84.774991
-1052.077057	88.651542	-0.787028	-46.851237	-112.146215	6.317194	-2.003757	-84.453652
-204.660174	-177.138829	-41.207367	-60.027473	-120.566294	9.677600	-3.062652	-84.095472
460.347414	-309.985342	-76.578687	-70.080529	-127.196820	12.875255	-4.071205	-83.734219
-783.178217	-96.304506	-102.257102	-76.410533	-132.027942	16.011260	-5.069007	-83.354178
1256.603707	186.564036	-116.375235	-77.606585	-134.582637	18.917814	-6.011228	-82.970774
984.754361	196.233556	-116.775935	-77.519317	-134.646175	19.048167	-6.054085	-82.952693
-1287.414540	205.425003	-117.153954	-77.418377	-134.704653	19.177869	-6.096791	-82.934616
260.060632	316.687511	-120.072318	-73.082435	-134.899990	21.484018	-6.868270	-82.597182
1395.726118	390.977425	-114.908644	-64.406392	-133.481954	23.585942	-7.596814	-82.257177
-1375.868790	496.595242	-98.292163	-50.137875	-130.052723	25.738567	-8.375374	-81.866028
-791.467703	417.889572	-69.871864	-32.350464	-124.874939	27.636270	-9.097196	-81.471525
1247.058380	405.036890	-68.211417	-31.410009	-124.579856	27.722772	-9.131073	-81.452123
-308.396836	391.164780	-66.529490	-30.464695	-124.281246	27.808628	-9.164791	-81.432726
-608.803418	-522.837931	13.540393	9.430501	-109.872535	30.721236	-10.379466	-80.665051
1259.184948	-253.190068	100.284514	49.098963	-91.128500	32.778945	-11.379996	-79.884991
960.031144	-195.603931	102.300633	50.119229	-90.557424	32.824544	-11.404767	-79.863088
-1363.627111	-136.247211	104.278393	51.132622	-89.984058	32.869524	-11.429369	-79.841175
247.441598	-91.748391	105.734918	51.887615	-89.552794	32.902834	-11.447700	-79.824744
1438.318113	-48.174152	107.168593	52.638567	-89.120272	32.935797	-11.465936	-79.808307
-1738.037046	461.873867	129.691526	66.312357	-80.488725	33.507818	-11.801245	-79.488039
-1208.077680	421.037939	140.240684	77.873709	-71.476844	33.952788	-12.100604	-79.165729
1237.767145	28.790926	137.004687	88.966785	-59.411871	34.345568	-12.433895	-78.746162
-105.616090	-224.219640	116.725802	95.610742	-47.054356	34.540025	-12.706303	-78.323228
-1146.064661	-231.254670	115.410898	95.814300	-46.481915	34.544328	-12.717363	-78.303688
1147.658119	-237.984994	114.063637	96.009195	-45.909284	34.548228	-12.728294	-78.284141
958.776225	-308.026668	82.845572	98.114967	-35.112413	34.547488	-12.909838	-77.914658
-1300.245339	-263.471962	42.025231	97.430623	-24.376278	34.409336	-13.044960	-77.542716
232.254279	-87.093947	-10.391704	93.505097	-12.218155	34.087061	-13.142860	-77.111568
1309.876911	102.896966	-60.289994	86.529250	-0.368083	33.598492	-13.179549	-76.677292
-1307.760120	109.772068	-62.457516	86.125500	0.187996	33.571220	-13.179802	-76.656512
-767.066331	116.327286	-64.597219	85.715770	0.742866	33.543613	-13.179920	-76.635738
1255.036605	176.628438	-97.847781	77.193421	10.697009	32.980129	-13.158911	-76.255992
-260.590317	124.122489	-117.549209	66.793914	20.329051	32.306911	-13.095064	-75.874034
-1163.736123	-21.244715	-124.157620	52.646150	31.034888	31.399784	-12.969736	-75.429202
1243.516249	-143.678442	-115.956732	36.515955	41.218250	30.365897	-12.791566	-74.981594
984.507330	-144.966865	-115.228075	35.686942	41.699463	30.312560	-12.781594	-74.959751
-1254.749912	-145.603540	-114.471735	34.854687	42.179020	30.258983	-12.771509	-74.937915
340.955882	-71.226529	-96.972778	19.558586	50.442927	29.266158	-12.573487	-74.550106
1393.696665	70.445286	-73.783582	3.453494	58.249192	28.195187	-12.339841	-74.160405
-1355.963419	163.542712	-43.801418	-15.747952	66.677296	26.866397	-12.026798	-73.706817
-749.936980	120.328012	-14.390945	-35.021001	74.402823	25.452910	-11.670497	-73.250877
1269.529119	114.727803	-13.016445	-35.948164	74.758835	25.382387	-11.652158	-73.228705
-332.107895	108.817409	-11.647903	-36.874152	75.113076	25.311691	-11.633723	-73.206528
-1200.124541	-31.873362	11.476120	-53.040122	81.097704	24.030039	-11.291024	-72.812189
1211.729818	-174.237297	31.827016	-68.470288	86.492746	22.701327	-10.919807	-72.416260
940.573099	-206.251119	50.918892	-85.068404	91.997566	21.102003	-10.453080	-71.952747
-1423.731441	-75.289311	63.885495	-99.643916	96.610874	19.459119	-9.952184	-71.487306
202.943500	-65.727478	64.316854	-100.247209	96.797903	19.383869	-9.928733	-71.466186
1423.770975	-55.892387	64.734664	-100.845590	96.983123	19.308504	-9.905201	-71.445047
-1372.043726	136.195485	70.005648	-111.155594	100.129046	17.865295	-9.446052	-71.042705
-843.827865	220.235472	70.102218	-119.304935	102.544446	16.405569	-8.965119	-70.639081
1240.048025	136.598306	64.093380	-125.940680	104.391480	14.699314	-8.381291	-70.168790
-115.099084	-85.550651	53.684038	-129.602119	105.160389	12.994077	-7.772648	-69.696973
-1131.225295	-95.106633	53.137147	-129.701735	105.169095	12.915010	-7.743786	-69.674999
1128.950095	-104.333488	52.586764	-129.795157	105.175360	12.835971	-7.714875	-69.653023
992.596984	-210.012156	42.122810	-130.419885	104.847034	11.381938	-7.172612	-69.246630
-1224.787851	-195.537683	31.978303	-129.000334	103.656515	9.940709	-6.615608	-68.839282
310.170587	-53.676942	21.022376	-124.870806	101.159291	8.283010	-5.950666	-68.363952
1298.576695	109.565829	11.116160	-118.269370	97.519843	6.651436	-5.270302	-67.887523
-1297.665757	115.327341	10.689079	-117.911081	97.326965	6.577280	-5.238756	-67.865639
-697.458908	120.842909	10.264232	-117.547879	97.131762	6.503140	-5.207161	-67.843738
1256.907076	174.368831	2.777581	-109.897866	93.074927	5.125006	-4.609730	-67.432507
-312.844026	129.569283	-3.777414	-100.767952	88.312446	3.773117	-4.004419	-67.020620
-1173.519479	-9.910117	-10.400382	-88.549317	81.997948	2.243848	-3.295426	-66.542755
1258.501866	-149.438559	-16.231011	-74.836866	74.922431	0.758482	-2.580370	-66.064192
962.796161	-152.025949	-16.501213	-74.127203	74.554557	0.686250	-2.544895	-66.040510
-1269.342412	-153.955371	-16.769617	-73.415415	74.185305	0.614183	-2.509434	-66.016841
342.904087	-99.702907	-20.969152	-60.638929	67.489153	-0.624889	-1.888902	-65.603168
1383.352946	38.225461	-23.308523	-47.467682	60.372063	-1.824327	-1.267434	-65.189146
-1359.687605	158.231730	-21.915532	-32.178705	51.683946	-3.160537	-0.548255	-64.709089
-752.089862	141.966522	-14.942547	-17.210608	42.616848	-4.434809	0.167647	-64.228759
1293.734454	136.838374	-14.469588	-16.466067	42.152343	-4.497214	0.203544	-64.204581
-360.910207	131.286230	-13.987557	-15.722688	41.687423	-4.559412	0.239404	-64.180418
-1220.799413	-9.956055	-4.623876	-3.121040	33.652647	-5.594981	0.849268	-63.767689
1219.797422	-159.853996	5.787813	9.359059	25.482195	-6.578148	1.453254	-63.354888
936.328142	-193.923163	17.115963	23.839372	15.886056	-7.652642	2.146924	-62.874443
-1423.697705	-64.641200	25.241877	38.393182	6.292066	-8.647761	2.828470	-62.394121
272.926048	-55.061537	25.503239	39.074862	5.846996	-8.692094	2.859877	-62.371758
1423.817370	-45.224894	25.752369	39.756993	5.402158	-8.736245	2.891252	-62.349395
-1372.325275	139.742018	27.866134	52.549020	-2.820848	-9.524010	3.469118	-61.933363
-861.881766	214.070122	24.263236	65.492001	-10.895629	-10.245621	4.034655	-61.517566
1250.074204	125.266045	12.550250	80.101563	-19.919306	-10.990324	4.668291	-61.039497
-129.913190	-90.894269	-4.503697	93.885082	-28.561570	-11.639130	5.281508	-60.561944
-1156.433833	-100.486572	-5.405320	94.524326	-28.969755	-11.668114	5.310724	-60.538772
1154.722442	-109.724910	-6.310663	95.160346	-29.376795	-11.696861	5.339887	-60.515602
933.828206	-209.552679	-22.673579	105.926456	-36.451765	-12.170455	5.852209	-60.101404
-1263.267230	-188.225086	-37.967114	115.303900	-43.092018	-12.565124	6.345872	-59.687765
292.708095	-40.875755	-52.659159	123.942827	-50.116243	-12.918163	6.889499	-59.212180
1318.232899	121.224188	-62.743910	129.775094	-56.378812	-13.158723	7.404772	-58.737535
-1316.622423	126.793120	-63.075913	129.969943	-56.650567	-13.167129	7.428076	-58.715430
-729.387108	132.082181	-63.394376	130.157522	-56.920447	-13.175281	7.451315	-58.693327
1262.764664	177.879981	-66.669758	132.283376	-61.620503	-13.280612	7.873761	-58.280331
-312.940056	125.208199	-64.586127	131.700097	-65.658571	-13.294926	8.272512	-57.868223
-1175.568713	-17.120088	-56.921822	127.852445	-69.480259	-13.197621	8.698802	-57.398502
1266.701316	-153.370775	-45.685019	120.960545	-72.482785	-12.977229	9.094076	-56.930121
943.468151	-155.661983	-45.085115	120.554364	-72.608445	-12.963334	9.112524	-56.907367
-1278.119917	-157.312110	-44.482544	120.142207	-72.732157	-12.949152	9.130888	-56.884632
380.326284	-97.885563	-33.186577	111.725491	-74.639977	-12.643703	9.448592	-56.476691
1396.586703	40.396755	-21.040268	101.573166	-75.962976	-12.241555	9.743203	-56.069945
-1353.132544	147.803750	-6.136470	88.136658	-76.781368	-11.662090	10.052859	-55.605241
-699.078076	129.574630	9.904611	73.154397	-76.869765	-10.964520	10.332932	-55.142288
1269.384688	125.467515	10.688279	72.427493	-76.856367	-10.929435	10.345227	-55.120830
-325.246839	121.074521	11.476607	71.697660	-76.841416	-10.894096	10.357468	-55.099363
-1198.130228	2.204691	27.130821	57.619103	-76.277306	-10.190919	10.575235	-54.697859
1202.231574	-121.222077	44.869010	42.952989	-75.180112	-9.415264	10.771158	-54.297840
874.185696	-147.517819	68.618924	25.697026	-73.270774	-8.443830	10.969808	-53.839741
-1419.324062	-46.841851	96.010632	8.401846	-70.681657	-7.398875	11.140311	-53.383818
259.705123	-39.192070	97.382284	7.569741	-70.539183	-7.346587	11.147864	-53.361786
1422.368424	-31.345191	98.753798	6.739035	-70.395238	-7.294188	11.155348	-53.339773
-1400.401181	110.576136	122.987195	-7.971706	-67.547886	-6.330880	11.278662	-52.945581
-802.608896	168.648208	144.716571	-22.127414	-64.206924	-5.329696	11.381320	-52.553167
1271.150442	90.067320	163.095350	-37.392403	-59.763309	-4.140992	11.474220	-52.103928
-180.312961	-107.133679	169.916572	-51.257776	-54.691211	-2.924438	11.540510	-51.657247
-1160.327923	-115.925306	169.876311	-51.874873	-54.437191	-2.866686	11.542982	-51.636285
1157.961190	-124.457261	169.799869	-52.489162	-54.181643	-2.808862	11.545397	-51.615316
939.693912	-226.014103	161.305097	-63.192829	-49.230450	-1.738786	11.579543	-51.229995
-1252.570951	-213.008171	137.553823	-72.582105	-43.825945	-0.665430	11.594229	-50.846782
358.490486	-58.839365	90.873554	-81.503172	-37.039402	0.566743	11.587340	-50.407395
1319.596540	170.779034	29.510910	-88.056483	-29.682963	1.780937	11.555301	-49.971004
-1317.409314	182.226245	26.292113	-88.307832	-29.312513	1.839168	11.553114	-49.949914
-714.322449	193.599087	23.057386	-88.552699	-28.940859	1.897328	11.550869	-49.928831
1205.628255	340.953000	-36.342593	-91.777937	-22.124670	2.920857	11.501110	-49.554114
-339.038499	281.954497	-95.353622	-92.650954	-15.002408	3.913421	11.433097	-49.181748
-535.189385	-429.413104	-195.941471	-83.596148	2.511495	6.094720	11.200718	-48.309902
1322.912666	-40.768345	-188.374506	-57.696922	19.738731	7.956007	10.870514	-47.452183
903.778287	28.014265	-186.872412	-56.941696	20.122631	7.994536	10.861724	-47.432472
-1346.110376	98.947447	-185.313270	-56.180621	20.505794	8.032861	10.852877	-47.412756
271.006317	166.820709	-183.767703	-55.446794	20.871817	8.069349	10.844357	-47.393881
1351.609989	231.649487	-182.171163	-54.708243	21.236904	8.105626	10.835790	-47.375014
-1346.539986	294.164757	-180.415262	-53.916686	21.624632	8.144022	10.826616	-47.354931
-747.825149	348.592347	-178.602118	-53.119999	22.011260	8.182174	10.817389	-47.334855
1032.284548	510.538844	-147.229583	-41.447322	27.317067	8.691844	10.682155	-47.053606
-485.710626	295.059613	-105.872257	-29.109673	32.346157	9.149405	10.536610	-46.774017
-1135.352276	-76.434773	-36.391239	-11.134070	38.886510	9.700847	10.313093	-46.380980
1304.333997	-324.951832	36.750522	6.602499	44.604350	10.129548	10.069435	-45.991341
1083.895889	-600.736886	155.588748	38.395202	53.107591	10.579223	9.507306	-45.201377
-1395.498447	-368.890053	176.632026	57.285985	56.110355	10.368177	8.868016	-44.426346
309.323025	-354.835695	175.867764	57.512324	56.103614	10.354318	8.851953	-44.408115
1426.239510	-340.297658	175.047333	57.727123	56.092967	10.340023	8.835840	-44.389881
-2058.030014	573.796787	90.692697	57.416189	52.387402	9.380751	8.128638	-43.635010
-842.868044	212.761687	-63.145595	43.239211	43.341404	7.798107	7.362301	-42.895779
1246.391202	134.194319	-66.572653	42.787527	43.074979	7.754081	7.343511	-42.878470
-321.785486	51.155145	-69.956095	42.331721	42.806436	7.709775	7.324693	-42.861170
-1208.325956	-38.041974	-73.440586	41.851386	42.523740	7.663208	7.305010	-42.843113
1196.891188	-126.377332	-76.870290	41.367047	42.238957	7.616368	7.285308	-42.825077
928.041890	-206.974390	-80.148581	40.892604	41.960217	7.570590	7.266145	-42.807568
-1191.115630	-279.735688	-83.372431	40.414280	41.679385	7.524531	7.246952	-42.790069
750.737958	-444.663937	-122.480151	33.109325	37.392599	6.827410	6.965996	-42.537789
1342.025519	127.328231	-143.691675	25.276209	32.735696	6.077021	6.679445	-42.287470
-1338.733322	159.420646	-144.449721	24.725962	32.404115	6.023695	6.659581	-42.270362
-668.062842	188.552983	-145.117970	24.174928	32.071329	5.970178	6.639706	-42.253274
1157.471994	342.790172	-141.420296	13.874755	25.680034	4.940934	6.267506	-41.938646
-369.593813	191.800204	-109.563015	3.751372	18.940044	3.845668	5.887679	-41.627246
-1146.786266	-49.504159	-52.609794	-7.002662	10.944640	2.520922	5.443340	-41.273907
1263.707418	-180.206760	7.182957	-16.124595	2.860241	1.138890	4.991050	-40.924932
899.226616	-181.231231	9.680657	-16.493332	2.488911	1.074102	4.970040	-40.908961
-1274.895788	-181.736450	12.141295	-16.856962	2.117831	1.009228	4.949016	-40.893000
399.975888	-114.011427	51.612086	-22.668182	-4.814460	-0.229517	4.549612	-40.593484
1410.561018	20.051492	78.543337	-26.147210	-11.521231	-1.488174	4.145820	-40.297329
-1380.837971	123.202662	95.384874	-26.629494	-18.799039	-2.949379	3.676131	-39.960346
-694.906077	106.751992	98.975093	-22.854251	-25.412555	-4.407272	3.202708	-39.627929
1301.146507	102.559636	98.870025	-22.562188	-25.719552	-4.479043	3.179205	-39.611600
-413.770129	98.050877	98.742007	-22.260834	-26.024498	-4.550764	3.155696	-39.595282
-1223.122068	-16.544742	93.436328	-15.695153	-31.013244	-5.796797	2.743123	-39.311363
1213.999389	-134.974869	84.664143	-7.489532	-35.269854	-7.016857	2.329393	-39.030949
849.410685	-157.163283	74.660808	2.513105	-39.149622	-8.381141	1.850687	-38.711243
-1402.853645	-51.854146	68.659225	11.354268	-41.769629	-9.680824	1.372549	-38.396337
312.346767	-44.323143	68.479517	11.703254	-41.857298	-9.738746	1.350605	-38.381979
1405.509064	-36.598546	68.306924	12.045841	-41.941973	-9.796497	1.328664	-38.367632
-1386.757722	113.480772	66.016323	17.233308	-42.958853	-10.851062	0.915853	-38.099071
-777.716157	187.777933	64.117641	19.886016	-42.807424	-11.834226	0.505134	-37.834202
1269.905891	131.378542	60.044882	19.897498	-41.051513	-12.870475	0.035537	-37.533700
-237.570339	-52.242251	53.823792	16.931853	-37.522900	-13.800835	-0.429216	-37.238186
-1164.146465	-60.795388	53.485441	16.728270	-37.316117	-13.841999	-0.450960	-37.224395
1161.990873	-69.121908	53.143587	16.519623	-37.106060	-13.882899	-0.472677	-37.210625
896.702389	-175.062707	46.221729	11.829497	-32.662463	-14.594825	-0.871039	-36.958441
-1258.363263	-181.206896	38.340655	5.880336	-27.306682	-15.224232	-1.264106	-36.710092
368.350311	-69.868248	28.558561	-1.893473	-20.321715	-15.844852	-1.708909	-36.429104
1325.644586	78.148742	18.899345	-9.953722	-12.801314	-16.352835	-2.144609	-36.153299
-1324.649450	84.316672	18.450312	-10.340080	-12.428259	-16.374633	-2.165543	-36.140021
-632.065919	90.295102	18.004062	-10.725282	-12.054831	-16.396159	-2.186453	-36.126756
1282.179863	156.790812	10.631560	-17.315811	-5.368576	-16.734789	-2.555662	-35.891932
-395.794966	129.829978	4.681876	-23.028708	1.189719	-16.985798	-2.916329	-35.661112
-1181.986694	5.912704	-0.604456	-27.913480	8.298891	-17.164828	-3.320248	-35.400233
1263.454762	-132.196674	-4.631441	-30.362755	14.647208	-17.224278	-3.710763	-35.144756
865.568836	-135.047882	-4.797102	-30.409263	14.924584	-17.224098	-3.728895	-35.132799
-1273.942320	-137.338586	-4.960774	-30.449128	15.199697	-17.223646	-3.746995	-35.120854
408.108025	-96.029495	-7.668049	-29.982076	19.872276	-17.166151	-4.075064	-34.902636
1397.661202	25.099103	-9.942732	-27.210502	23.792771	-17.014253	-4.391738	-34.688613
-1372.242316	129.821190	-12.206106	-21.305764	27.368252	-16.723957	-4.738357	-34.450048
-673.840079	126.474746	-14.063909	-12.824627	30.026848	-16.305920	-5.070136	-34.217039
1300.545661	123.139098	-14.140087	-12.365499	30.130778	-16.282851	-5.085517	-34.206118
-399.450907	119.505485	-14.215181	-11.901605	30.232717	-16.259488	-5.100865	-34.195210
-1226.786907	13.906359	-15.472031	-2.588580	31.758707	-15.775828	-5.377770	-33.996476
1219.285091	-103.792251	-16.700580	7.843551	32.630555	-15.189950	-5.643525	-33.802066
812.046918	-135.986021	-18.470754	20.608669	32.851222	-14.385214	-5.936129	-33.583390
-1399.914417	-50.435563	-20.926468	33.416682	32.263604	-13.439935	-6.214165	-33.370559
309.060932	-43.940055	-21.057207	34.004377	32.216874	-13.392236	-6.226833	-33.360735
1402.011555	-37.272015	-21.189088	34.589965	32.168489	-13.344265	-6.239461	-33.350930
-1377.695954	89.508498	-23.817134	44.989585	30.979289	-12.406510	-6.466855	-33.172303
-757.191938	151.627875	-26.724226	54.275587	29.249872	-11.375595	-6.683578	-32.998112
1284.656586	113.129025	-30.059268	62.664665	26.749704	-10.139665	-6.910694	-32.810877
-1228.582331	-26.706170	-33.117370	68.543289	23.672547	-8.814200	-7.124987	-32.629160
1236.533926	-175.989041	-35.593873	71.478562	19.887565	-7.344014	-7.335769	-32.444837
811.375604	-178.243077	-37.098065	70.745176	15.624017	-5.803992	-7.532754	-32.266665
-1324.433900	-174.053768	-37.140549	70.618358	15.419966	-5.732254	-7.541420	-32.258678
449.711504	-169.493089	-37.180590	70.483126	15.215194	-5.660401	-7.550057	-32.250705
1370.315271	-35.365297	-37.453180	66.309701	11.205572	-4.275945	-7.708717	-32.101728
-1376.927366	111.006009	-36.729431	59.075009	7.025438	-2.860306	-7.857202	-31.957451
-731.403895	190.107745	-34.571492	46.920688	2.089730	-1.196337	-8.016386	-31.796462
1297.942314	137.415323	-30.830730	30.899772	-2.827356	0.482032	-8.162256	-31.641810
-404.260708	131.924243	-30.621269	30.133344	-3.034870	0.553788	-8.168190	-31.635348
-1287.490601	126.170866	-30.406766	29.359820	-3.242246	0.625594	-8.174105	-31.628893
1166.083634	-15.622759	-24.942653	12.439462	-7.353599	2.073898	-8.288474	-31.500984
857.267488	-127.574847	-17.075510	-6.517551	-11.258742	3.511577	-8.393191	-31.377801
-1165.242313	-195.456778	12.007214	-54.622179	-19.182436	6.815354	-8.603172	-31.105238
253.159747	116.386708	52.868298	-97.017849	-24.351721	9.882659	-8.761459	-30.859082
1325.875624	131.635242	53.744225	-97.748873	-24.423084	9.944042	-8.764258	-30.854163
-1323.972403	147.251950	54.617361	-98.470757	-24.492703	10.005263	-8.767036	-30.849256
-628.190829	164.333316	55.589970	-99.266829	-24.568458	10.073513	-8.770114	-30.843785
1315.118032	179.713194	56.557985	-100.050650	-24.641958	10.141514	-8.773163	-30.838331
-426.070637	191.983879	57.501204	-100.806173	-24.711738	10.207861	-8.776120	-30.833008
-1297.599387	201.165243	58.439507	-101.549632	-24.779334	10.273965	-8.779048	-30.827703
1085.411812	94.298432	71.246681	-110.896105	-25.508533	11.205357	-8.818391	-30.752629
808.404667	-85.420742	81.659699	-117.286740	-25.745129	12.088335	-8.852240	-30.680495
-1161.427743	-210.762662	89.470495	-120.305342	-25.169551	13.237550	-8.890552	-30.584326
506.757650	-149.533035	86.581711	-115.506414	-23.494413	14.291460	-8.918349	-30.493931
1411.446752	1.446782	72.278454	-102.672923	-20.713093	15.303313	-8.936330	-30.405699
-1335.904289	118.572040	47.617599	-82.932403	-17.072835	16.238080	-8.943211	-30.323759
-619.361155	123.404268	46.173162	-81.815895	-16.876027	16.282108	-8.943266	-30.319909
1322.604085	128.191756	44.708213	-80.686920	-16.677658	16.325985	-8.943295	-30.316074
-523.237119	233.756113	-23.346199	-31.050158	-8.291231	17.885102	-8.925561	-30.182561
-1131.871033	9.090879	-101.215637	24.994713	1.032539	19.319167	-8.872005	-30.070373
1427.072039	-265.588446	-132.147326	56.050270	6.352821	20.123415	-8.825325	-30.015272
753.617892	-69.761586	-140.968957	84.108597	11.331664	20.931194	-8.767449	-29.967154
-1386.867302	-40.246285	-140.771544	85.217726	11.532443	20.965913	-8.764741	-29.965260
316.750274	-8.701396	-140.524750	86.319094	11.732151	21.000669	-8.762014	-29.963378
1348.414101	25.454105	-140.214623	87.458615	11.939139	21.036935	-8.759150	-29.961429
-1328.781900	59.760594	-139.850129	88.589451	12.144923	21.073245	-8.756264	-29.959495
-619.063250	91.872078	-139.446963	89.671193	12.342133	21.108289	-8.753463	-29.957643
1293.790703	122.602081	-138.992924	90.743914	12.538056	21.143353	-8.750643	-29.955804
-807.639451	356.078805	-83.203718	123.547204	18.806069	22.483325	-8.632623	-29.896525
-1149.364299	-273.171373	39.931279	138.934542	22.519756	23.949722	-8.488919	-29.853976
1154.710158	-289.438387	43.587975	139.055935	22.577028	23.992667	-8.484596	-29.853033
721.128647	-305.262812	47.230775	139.159407	22.631608	24.035760	-8.480255	-29.852102
-1247.587314	-481.833995	112.450454	137.370992	23.170102	24.907238	-8.391838	-29.836403
310.327111	-314.499459	157.435929	127.541056	22.775727	25.834890	-8.296581	-29.825345
1328.078321	-296.795127	159.152682	126.758227	22.730010	25.886412	-8.291243	-29.824878
-1336.399598	-278.372039	160.791758	125.948338	22.681914	25.938062	-8.285886	-29.824425
-1357.704700	565.310970	151.995902	76.757272	19.146456	28.030910	-8.062750	-29.816991
1288.214216	61.405711	0.342003	7.276254	13.059636	30.222996	-7.812435	-29.829000
-415.745051	15.531730	-3.630663	5.646122	12.901660	30.272634	-7.806520	-29.829487
-1205.823108	-30.857304	-7.594769	4.015422	12.742813	30.322310	-7.800588	-29.829984
1161.713777	-81.019778	-11.969484	2.210151	12.565995	30.377336	-7.794003	-29.830545
740.771451	-128.316670	-16.326946	0.405063	12.388163	30.432399	-7.787398	-29.831119
-864.902032	-492.429242	-81.627819	-28.477198	9.384070	31.326513	-7.677867	-29.842055
755.205826	-293.564975	-129.111466	-55.528171	6.213934	32.214437	-7.564381	-29.856002
1400.476883	181.800057	-158.799064	-85.555070	1.974885	33.344688	-7.411833	-29.878444
-1363.995859	313.998739	-149.520888	-107.500007	-2.281157	34.441343	-7.253168	-29.905746
-584.575592	313.501819	-148.025388	-108.320270	-2.482377	34.492665	-7.245441	-29.907171
1349.873788	312.735659	-146.430315	-109.119080	-2.683283	34.543880	-7.237700	-29.908606
-416.979793	262.347496	-102.804667	-119.973293	-6.248616	35.450976	-7.095263	-29.936454
-1178.090175	149.385133	-40.574837	-124.335645	-9.610683	36.313744	-6.948664	-29.967790
1222.455434	-22.017985	36.418166	-121.971919	-13.119056	37.241664	-6.774861	-30.008128
768.120506	-116.765751	99.150316	-112.384225	-16.161874	38.086451	-6.596075	-30.052905
-1326.789195	-117.588581	101.435946	-111.756539	-16.295014	38.124536	-6.587407	-30.055155
419.825011	-118.005264	103.640290	-111.113960	-16.427006	38.162399	-6.578729	-30.057415
1371.613992	-69.821881	129.976533	-96.960638	-18.618167	38.809076	-6.419514	-30.100110
-1374.659911	29.061966	132.622777	-78.368418	-20.413008	39.374090	-6.256974	-30.145992
-710.138264	107.463648	110.483555	-52.084408	-21.972061	39.914860	-6.064983	-30.202976
1277.568726	68.553336	68.106651	-22.416139	-22.950895	40.323349	-5.869084	-30.264035
-452.741022	62.090845	65.641978	-20.876513	-22.984452	40.340298	-5.859127	-30.267213
-1266.928374	55.169724	63.157442	-19.334777	-23.016486	40.356898	-5.849161	-30.270402
1189.361306	-87.955918	19.245183	7.018949	-23.326470	40.586085	-5.677488	-30.326430
789.342557	-155.675534	-21.801827	32.282706	-23.180384	40.711119	-5.503332	-30.385326
-1296.297837	-108.230531	-57.428867	58.131207	-22.422552	40.722306	-5.298115	-30.457270
296.556202	33.468327	-79.534809	77.799684	-21.015065	40.585379	-5.090056	-30.532894
1329.752793	40.186524	-80.247851	78.512676	-20.934572	40.575469	-5.080441	-30.536451
-1329.343883	46.801837	-80.935595	79.207170	-20.852671	40.565238	-5.070820	-30.540016
-669.023908	146.358085	-89.565905	88.746121	-19.036275	40.310698	-4.887835	-30.608836
1226.543861	179.308289	-91.487169	91.299971	-16.703360	39.938276	-4.702946	-30.680277
-500.242958	115.600745	-88.763502	86.327579	-13.398979	39.361434	-4.488390	-30.765486
-1148.695247	-21.887960	-82.712481	74.548833	-9.549028	38.621235	-4.271697	-30.853960
1153.526454	-29.471423	-82.369041	73.848956	-9.353777	38.581660	-4.261281	-30.858273
699.970594	-37.068298	-82.022386	73.138803	-9.157767	38.541726	-4.250866	-30.862590
-1293.014914	-146.885509	-75.353391	58.630632	-5.461260	37.748720	-4.060874	-30.942285
485.950369	-133.802235	-68.491921	41.988808	-1.577767	36.826196	-3.869555	-31.024296
1407.490004	-18.172333	-59.876885	21.703185	3.009598	35.596077	-3.647131	-31.121801
-1356.875083	92.750449	-49.412064	1.839422	7.560727	34.185277	-3.423302	-31.222207
-605.514132	95.902094	-48.864196	0.959314	7.767001	34.115860	-3.412960	-31.226901
1349.440966	98.799575	-48.309485	0.083403	7.972857	34.046050	-3.402615	-31.231600
-435.020261	107.557128	-36.359858	-15.497337	11.747288	32.659463	-3.207623	-31.321077
-1217.112653	42.150827	-21.208781	-29.088609	15.269241	31.131044	-3.011874	-31.412580
1247.150090	-76.069155	-1.815500	-42.034728	18.881849	29.192127	-2.785736	-31.520349
739.875159	-119.024414	16.622658	-51.918087	21.875667	27.057420	-2.558970	-31.630610
-1344.336471	-117.744366	17.428836	-52.312260	22.001156	26.949994	-2.548077	-31.635962
473.285780	-116.112138	18.225423	-52.698952	22.124854	26.842107	-2.537182	-31.641319
1396.139870	-39.335387	30.902587	-58.381732	24.035050	24.808810	-2.339858	-31.739216
-1410.351858	75.661095	39.992281	-61.490274	25.255952	22.619018	-2.142339	-31.838848
-660.686641	157.566848	45.435508	-61.703794	25.705255	19.883782	-1.913738	-31.956200
1305.818526	97.778843	45.077860	-58.183735	25.119552	16.932314	-1.685260	-32.075678
-471.848287	89.828626	44.935284	-57.926411	25.066733	16.784701	-1.674239	-32.081496
-1293.279391	81.386604	44.782816	-57.661572	25.011760	16.636635	-1.663219	-32.087320
1191.629442	-98.636071	40.634950	-51.743324	23.682788	13.918447	-1.466512	-32.192127
793.337610	-190.381845	34.639020	-43.852559	21.752103	11.072756	-1.270181	-32.298367
-1282.771224	-146.933275	26.619990	-32.785708	18.872282	7.641062	-1.043564	-32.423047
314.852943	7.238384	17.307448	-20.242149	15.420304	4.085869	-0.817832	-32.549453
1320.117616	14.143020	16.875215	-19.685031	15.262604	3.932216	-0.808248	-32.554869
-1320.003119	20.960835	16.439736	-19.126420	15.104105	3.778386	-0.798666	-32.560288
-638.167004	134.661570	6.822433	-7.523249	11.723976	0.615881	-0.604312	-32.671087
1231.806199	183.254576	-4.461610	4.271522	8.099000	-2.601973	-0.410917	-32.783024
-532.813934	138.014473	-19.322928	17.607493	3.712234	-6.367417	-0.188826	-32.913691
-1153.911546	12.183914	-33.353873	30.033543	-0.767394	-10.159565	0.031615	-33.045688
1157.787668	5.146769	-33.921010	30.571668	-0.973123	-10.333799	0.041688	-33.051775
659.761981	-1.943521	-34.478761	31.106503	-1.178771	-10.508034	0.051756	-33.057865
-1277.511788	-116.397470	-42.811141	40.509583	-5.031324	-13.795246	0.241134	-33.173335
513.898366	-125.512239	-45.389626	48.280656	-8.769278	-17.065385	0.428986	-33.289657
1395.947552	-34.048793	-39.040417	54.599784	-12.828431	-20.789051	0.643278	-33.424594
-1368.715315	78.642979	-23.824300	57.832803	-16.516701	-24.443081	0.855176	-33.560470
-532.878981	82.286760	-22.915363	57.906432	-16.680585	-24.614274	0.865166	-33.566938
1361.763847	85.655637	-21.990493	57.972730	-16.843478	-24.785361	0.875157	-33.573412
-480.822577	98.092249	-2.629523	57.874715	-19.627450	-27.871238	1.056707	-33.692058
-1192.930441	28.695269	19.833212	55.266758	-22.049955	-30.867522	1.236163	-33.811262
1210.785470	-99.098816	43.416740	49.106212	-24.401737	-34.184873	1.440014	-33.949106
736.374876	-132.430931	56.696114	39.568886	-26.297079	-37.336608	1.640721	-34.087500
-1316.775204	-130.002700	56.933498	39.020369	-26.378152	-37.485827	1.650438	-34.094270
456.247086	-127.150817	57.126764	38.464399	-26.458167	-37.634588	1.660146	-34.101041
1373.080287	-23.916061	53.797900	27.426345	-27.707194	-40.203214	1.831628	-34.221752
-1384.064025	114.997733	39.759207	14.648274	-28.629356	-42.609485	2.000447	-34.342731
-684.405977	228.400444	14.217464	-1.490012	-29.298487	-45.167285	2.192122	-34.482835
1288.539464	251.219786	-16.641879	-18.189198	-29.553682	-47.460420	2.379851	-34.623097
-528.903552	249.566925	-18.139779	-18.975161	-29.555705	-47.561667	2.388609	-34.629718
-1276.299743	247.654778	-19.636804	-19.760169	-29.556836	-47.662265	2.397358	-34.636339
1132.711783	173.133160	-45.904735	-33.787985	-29.422059	-49.379913	2.555231	-34.757072
742.586322	42.239376	-67.160316	-46.862962	-28.996142	-50.867428	2.709897	-34.877774
-876.948448	-323.687199	-71.514387	-70.529958	-26.838119	-53.411940	3.062670	-35.163137
433.646104	73.254800	5.321518	-78.889800	-23.025492	-54.529349	3.395054	-35.447095
1341.596949	113.709704	7.407048	-78.889232	-22.915962	-54.538807	3.402515	-35.453664
-1346.456364	155.915674	9.481926	-78.879913	-22.805445	-54.547539	3.409965	-35.460232
-533.866691	198.145115	11.545851	-78.861826	-22.693879	-54.555549	3.417408	-35.466803
1347.204603	237.739355	13.594557	-78.834990	-22.581411	-54.562830	3.424833	-35.473369
-527.790660	273.670830	15.709512	-78.797771	-22.463378	-54.569638	3.432546	-35.480198
-1329.433561	303.415279	17.805853	-78.751065	-22.344308	-54.575665	3.440246	-35.487026
1020.715298	246.624343	44.232106	-77.127036	-20.593321	-54.579722	3.545520	-35.581421
669.815662	-19.769898	63.714067	-73.672754	-18.665935	-54.438605	3.648267	-35.675515
-1107.022478	-262.608864	73.556786	-65.724555	-15.705405	-54.004200	3.788057	-35.806911
648.778012	-221.078259	58.540721	-54.167823	-12.496288	-53.304243	3.922740	-35.937561
1425.055889	-22.148533	24.398107	-38.647656	-8.954487	-52.306407	4.057393	-36.072638
-1367.723677	147.817589	-16.504928	-20.538185	-5.270505	-51.046820	4.186338	-36.206706
-527.663583	154.507626	-18.413680	-19.628566	-5.092272	-50.980401	4.192347	-36.213076
1358.112824	161.078903	-20.306988	-18.716320	-4.913983	-50.913459	4.198338	-36.219439
-561.626573	248.388083	-50.698361	-1.695367	-1.647546	-49.598172	4.305077	-36.334813
-1259.240590	225.887006	-69.214162	15.671772	1.630353	-48.105150	4.407388	-36.449282
1471.396526	-282.881690	-61.378230	55.088397	9.171475	-43.924172	4.631081	-36.715624
722.949451	-184.609930	4.764593	85.703264	15.983444	-38.913554	4.829128	-36.975822
-1351.071742	-154.231593	6.506920	86.245898	16.129261	-38.787593	4.833440	-36.981817
407.499821	-122.104776	8.242715	86.779107	16.274370	-38.661244	4.837737	-36.987808
1337.185654	-88.756324	9.968740	87.302123	16.418581	-38.534668	4.842014	-36.993787
-1331.502584	-54.857254	11.685078	87.815203	16.561980	-38.407789	4.846275	-36.999759
-535.864864	-21.342361	13.393971	88.319213	16.704834	-38.280364	4.850526	-37.005735
1322.663395	11.073870	15.093260	88.813701	16.847044	-38.152474	4.854766	-37.011710
-859.576583	296.980296	59.931707	99.119611	21.340887	-33.401483	4.995235	-37.220250
-1158.245680	-158.778333	55.568456	93.717892	24.692071	-28.237757	5.117434	-37.423646
1163.404379	-169.260510	54.780180	93.350044	24.771748	-28.085777	5.120633	-37.429341
613.408488	-179.221091	53.961540	92.971350	24.850647	-27.933517	5.123817	-37.435032
-1288.221939	-250.215061	33.348362	83.838378	26.206705	-24.993305	5.181390	-37.542158
368.919137	-97.440320	6.004598	71.386613	27.317805	-21.962821	5.233522	-37.647625
1312.758604	-86.972546	4.491218	70.649784	27.370141	-21.800990	5.236115	-37.653129
-1311.741422	-76.559887	2.977286	69.905381	27.421897	-21.638937	5.238692	-37.658629
-615.812159	88.747232	-23.283331	55.282427	28.260807	-18.681758	5.282536	-37.756937
1221.586974	182.385178	-43.666615	38.700874	28.941326	-15.661672	5.321407	-37.853660
-588.729867	164.355006	-54.249717	17.535271	29.572803	-12.073533	5.360399	-37.964344
-1145.816339	43.163475	-51.363848	-4.792574	30.073499	-8.424702	5.392557	-38.072775
1150.074594	35.252413	-50.909075	-5.929244	30.096144	-8.239019	5.393999	-38.078191
587.905922	27.252248	-50.427234	-7.065473	30.118577	-8.053217	5.395424	-38.083602
-1270.133004	-93.158986	-38.464781	-26.121210	30.472788	-4.881662	5.416936	-38.174574
555.860113	-116.545012	-20.558807	-44.158988	30.796200	-1.684653	5.433370	-38.263824
1398.662964	-41.881258	5.001706	-62.884785	31.172172	2.060019	5.446086	-38.365578
-1374.595253	65.811057	30.332230	-78.048033	31.590468	5.814117	5.451869	-38.464926
-488.735808	69.788544	31.426557	-78.659547	31.612142	5.992309	5.451971	-38.469581
1367.801710	73.551349	32.505463	-79.259926	31.634004	6.170376	5.452058	-38.474228
-527.762706	102.401181	48.828881	-88.173165	32.073459	9.411770	5.450895	-38.557947
-1199.335228	56.486615	56.674561	-92.731095	32.610827	12.640837	5.444547	-38.639851
1208.200544	-60.849946	53.738308	-91.809894	33.365981	16.336170	5.430800	-38.731995
668.340548	-119.613853	38.148132	-84.418471	34.191862	19.990284	5.410168	-38.821706
-1295.028789	-119.206982	37.114772	-83.926489	34.231122	20.162332	5.409019	-38.825900
525.325268	-118.449491	36.056701	-83.422912	34.270309	20.334256	5.407854	-38.830089
1348.413837	-54.110315	13.390321	-72.383958	34.960313	23.448170	5.383879	-38.905556
-1372.049814	61.947345	-12.197318	-58.494531	35.559129	26.511802	5.354751	-38.979189
-588.783493	163.693847	-38.858264	-40.110532	36.054888	29.985174	5.314589	-39.062150
1293.625942	130.455442	-56.063441	-20.648646	36.244240	33.366335	5.267525	-39.142635
-572.798405	124.008681	-56.593055	-19.739886	36.243950	33.521112	5.265168	-39.146318
-1283.172574	117.088154	-57.098093	-18.831820	36.242773	33.675660	5.262796	-39.149995
1191.866856	-53.005576	-61.964504	-2.212652	36.047324	36.503441	5.216022	-39.217331
716.023267	-179.462168	-58.119278	13.516805	35.479311	39.242527	5.164098	-39.282808
-1267.439865	-224.825910	-42.592787	29.864555	34.278236	42.284542	5.097614	-39.356217
423.983208	-153.438192	-16.299751	43.419385	32.408785	45.168964	5.024243	-39.427121
1310.661414	-146.410804	-14.911194	43.967958	32.304087	45.298918	5.020662	-39.430359
-1308.975387	-138.998723	-13.514109	44.508556	32.197746	45.428473	5.017065	-39.433591
-651.453536	45.118295	13.063470	53.008346	29.906710	47.764670	4.947395	-39.492770
1032.404772	213.151002	37.251941	58.161961	26.983315	49.948939	4.872563	-39.550054
-870.085277	224.250003	55.091477	59.292470	22.955289	52.169653	4.783917	-39.611114
921.514850	39.316752	58.715860	55.090674	18.087231	54.172632	4.688983	-39.669845
529.409713	-152.150866	49.086028	45.539866	12.285654	56.010999	4.583296	-39.728600
-1367.346993	-184.489390	28.678191	32.247514	5.959826	57.575059	4.470771	-39.784811
450.943207	-179.696321	27.451623	31.531649	5.640693	57.644214	4.465089	-39.787496
1376.298073	-174.254114	26.207035	30.811207	5.320857	57.712663	4.459392	-39.790175
-1377.078464	-17.906478	2.389938	17.485299	-0.445084	58.807818	4.355531	-39.836707
-602.038901	117.943180	-20.237601	3.924482	-6.280341	59.667440	4.246517	-39.881305
1258.409580	154.509658	-37.655318	-10.495833	-12.898730	60.349172	4.114594	-39.930263
-511.281739	45.782906	-43.639360	-21.966141	-19.197917	60.682545	3.975845	-39.976638
-1163.337388	38.943409	-43.673786	-22.406474	-19.484477	60.689365	3.969108	-39.978769
1161.311639	32.089432	-43.688499	-22.836102	-19.769806	60.695360	3.962356	-39.980895
648.734759	-84.915576	-40.625926	-28.853842	-24.784841	60.655242	3.835075	-40.019067
-1237.548585	-153.647287	-31.762382	-31.480965	-29.226493	60.320191	3.702867	-40.055258
551.701764	-132.901799	-15.988861	-31.005082	-33.397021	59.562394	3.546604	-40.094065
1312.030768	-23.279056	1.884978	-27.638840	-36.408701	58.385432	3.384713	-40.130285
-1311.947906	-16.405920	2.705156	-27.420949	-36.519760	58.318924	3.376908	-40.131937
-438.966254	-9.417773	3.519080	-27.198396	-36.627843	58.251430	3.369092	-40.133583
1284.623213	115.032205	16.806209	-22.341811	-38.082238	56.826640	3.222842	-40.162906
-643.486882	162.182461	24.679035	-16.363292	-38.493376	55.052275	3.072900	-40.190238
-1184.446461	83.145501	24.412846	-8.680712	-37.647542	52.571413	2.896342	-40.219187
1282.223373	-95.732801	16.686640	-0.841083	-35.386362	49.635859	2.715681	-40.245487
638.777699	-102.230961	16.206160	-0.483685	-35.244978	49.486797	2.707078	-40.246660
-1293.074337	-108.277678	15.718812	-0.128399	-35.100551	49.336881	2.698473	-40.247826
584.102526	-144.837864	5.909411	5.987993	-31.856866	46.389944	2.537479	-40.268391
1394.054965	-79.057310	-3.620459	10.748552	-27.549111	43.146030	2.373967	-40.286926
-1375.572289	43.116988	-11.414584	13.665519	-21.338554	39.111557	2.184312	-40.305621
-517.684102	121.109503	-12.976573	12.955062	-13.807791	34.771361	1.992140	-40.321646
1300.838039	121.987258	-12.837535	12.810057	-13.402988	34.548986	1.982553	-40.322371
-604.023336	122.490822	-12.675552	12.654226	-12.995691	34.326109	1.972967	-40.323089
-1212.732691	76.522910	-6.688359	8.405846	-5.462637	30.306816	1.803551	-40.334642
1190.390984	-34.847410	2.529723	2.374907	2.475407	26.121092	1.632840	-40.344154
658.032060	-126.717094	11.955683	-4.705454	11.508330	21.165124	1.436277	-40.352525
-1346.359837	-116.854642	15.519116	-9.911818	19.878916	16.072698	1.238771	-40.358208
517.093335	-112.930353	15.519277	-10.093352	20.264782	15.817838	1.228977	-40.358419
1352.071721	-108.663018	15.503078	-10.266697	20.647399	15.562755	1.219181	-40.358624
-1372.779320	3.124052	12.723196	-12.015714	26.807170	11.036351	1.046389	-40.361146
-547.315539	119.037612	5.888793	-11.481927	31.743094	6.471253	0.873483	-40.361608
1268.392599	161.198891	-5.730029	-8.600452	35.882538	1.206251	0.674715	-40.359584
-544.629503	51.032902	-19.309342	-3.977997	38.408846	-4.035886	0.476570	-40.354816
-1149.446780	43.432017	-19.952948	-3.717397	38.492490	-4.293472	0.466812	-40.354510
1146.746812	35.779867	-20.589295	-3.454387	38.572307	-4.550917	0.457056	-40.354197
634.521949	-92.017783	-29.901131	1.465166	39.355791	-9.044589	0.286228	-40.347601
-1237.891368	-169.408665	-33.294525	6.613774	38.988960	-13.473365	0.116473	-40.338931
587.951990	-145.274219	-26.727179	12.186295	37.176395	-18.486467	-0.078092	-40.326314
1323.340296	-24.016856	-11.323548	16.896995	33.956700	-23.355297	-0.270445	-40.310909
-1323.220441	-16.297249	-10.402481	17.100017	33.762999	-23.591308	-0.279874	-40.310076
-404.361425	-8.471931	-9.470286	17.299784	33.566229	-23.826744	-0.289290	-40.309237
1293.522348	120.502234	8.336449	20.246352	29.601059	-27.891840	-0.453733	-40.293375
-686.369719	160.867997	27.110346	21.922611	24.739528	-31.803185	-0.615906	-40.275403
-1183.635538	60.699303	46.446667	21.844548	18.196879	-36.092812	-0.799586	-40.252073
1284.055915	-140.769259	58.522046	19.056480	10.914446	-40.121152	-0.979484	-40.225926
602.356601	-147.838991	58.821729	18.849946	10.560352	-40.302816	-0.987806	-40.224633
-1295.134122	-154.399716	59.093460	18.636162	10.205315	-40.483836	-0.996118	-40.223334
577.212333	-188.557878	58.229179	13.464692	3.493290	-43.717981	-1.148433	-40.198134
1391.400067	-97.957428	44.634302	6.457085	-3.339415	-46.710428	-1.297301	-40.170801
-1364.025462	77.650114	17.355074	-3.029459	-11.120458	-49.836493	-1.464420	-40.136606
-577.144968	237.838640	-15.468843	-13.028939	-18.508768	-52.583415	-1.626176	-40.099554
1296.162519	243.373077	-17.069885	-13.506922	-18.850490	-52.705938	-1.633845	-40.097692
-645.780259	248.615061	-18.667262	-13.983870	-19.190785	-52.827577	-1.641505	-40.095823
-1237.900270	280.757894	-45.787018	-22.167752	-24.969036	-54.839363	-1.776331	-40.061208
1205.612958	171.037308	-67.793786	-29.215039	-30.017352	-56.521994	-1.906526	-40.024443
1086.375015	-335.315719	-80.157992	-37.479270	-37.952455	-59.080583	-2.195179	-39.928640
-1320.539037	54.652351	-21.313215	-29.489886	-38.929095	-59.412103	-2.452760	-39.820631
502.239283	84.033000	-19.690759	-29.180863	-38.882821	-59.393575	-2.457733	-39.818269
1339.361593	114.235057	-18.062438	-28.866989	-38.834132	-59.373970	-2.462693	-39.815900
-1351.043494	148.200148	-16.246186	-28.512435	-38.777178	-59.350912	-2.468195	-39.813258
-429.256866	181.207141	-14.425947	-28.152337	-38.717310	-59.326545	-2.473679	-39.810609
1374.355360	212.776335	-12.553312	-27.776826	-38.652808	-59.300161	-2.479292	-39.807882
-597.432707	240.938694	-10.678535	-27.395679	-38.585271	-59.272404	-2.484885	-39.805148
-1334.315095	329.440774	15.372327	-21.486116	-37.322413	-58.737886	-2.561674	-39.765890
1149.261763	108.308775	38.935356	-14.778476	-35.517841	-57.944272	-2.634693	-39.725266
724.759833	-169.812342	64.315158	-4.632799	-32.194954	-56.424214	-2.730556	-39.666183
-1153.383658	-283.002727	76.950348	5.668564	-28.079247	-54.456071	-2.819308	-39.604424
632.808701	-211.924402	73.474893	15.874260	-23.070110	-51.942383	-2.905055	-39.536651
1323.052508	-29.946997	56.515398	25.078182	-17.537007	-49.011067	-2.983251	-39.465945
-1323.853218	-20.745732	55.504869	25.471496	-17.274538	-48.867760	-2.986647	-39.462643
-398.982367	-11.549416	54.477803	25.862265	-17.011368	-48.723668	-2.990027	-39.459336
1298.709675	141.737169	32.701874	32.708651	-11.941451	-45.865191	-3.050880	-39.395848
-709.754097	202.831889	8.733236	38.412732	-6.743359	-42.753889	-3.106338	-39.330214
-1188.418310	120.938060	-17.462229	43.293964	-0.713975	-38.867492	-3.163935	-39.251545
1281.284763	-80.866346	-38.249298	45.987787	5.154209	-34.714991	-3.214531	-39.170067
614.334210	-88.650646	-39.026089	46.054199	5.421055	-34.515427	-3.216722	-39.166198
-1291.241459	-96.000425	-39.782293	46.115013	5.686970	-34.315503	-3.218897	-39.162326
628.850015	-156.981438	-49.714788	46.190828	10.464393	-30.519388	-3.256587	-39.089335
1379.775874	-105.371660	-50.898676	44.152525	14.869281	-26.581419	-3.289211	-39.014301
-1375.661121	28.389400	-42.830404	39.243652	19.434734	-21.881696	-3.320739	-38.924974
-559.490248	126.989285	-27.740298	32.189099	23.429123	-17.065526	-3.345711	-38.832995
1313.352121	128.419964	-26.949396	31.832384	23.595743	-16.846533	-3.346683	-38.828791
-653.278889	129.491177	-26.151912	31.473076	23.761116	-16.627534	-3.347642	-38.824585
-1219.686036	88.610655	-10.084576	24.163308	26.699948	-12.424775	-3.363451	-38.743328
1184.787550	-26.404924	5.741849	16.302926	29.229115	-8.192907	-3.374597	-38.660185
594.846388	-128.250806	20.269420	7.051366	31.664134	-3.255124	-3.381806	-38.560902
-1342.227001	-129.191928	27.029409	-1.604376	33.549781	1.649169	-3.382896	-38.459138
538.441875	-125.935027	27.127546	-1.989115	33.625887	1.881047	-3.382797	-38.454234
1349.255798	-122.355674	27.204955	-2.370787	33.700758	2.112755	-3.382685	-38.449325
-1385.139026	-17.711515	25.414295	-8.769198	34.845360	6.282937	-3.378305	-38.359290
-546.049290	103.577390	19.046308	-14.243516	35.585985	10.370444	-3.369534	-38.267474
1277.831764	157.688432	8.864136	-19.543436	35.941573	14.938062	-3.354109	-38.159668
-605.907534	50.727918	-1.383348	-23.936843	35.767813	19.325355	-3.333087	-38.049592
-1141.319040	43.250961	-1.826852	-24.125348	35.746387	19.528186	-3.331954	-38.044322
1137.903740	35.692979	-2.264646	-24.312217	35.723761	19.730540	-3.330809	-38.039047
576.872682	-101.401199	-8.992310	-27.476771	35.092806	23.361575	-3.307596	-37.941231
-1210.667971	-191.575567	-12.163961	-30.206917	34.046679	26.817855	-3.280315	-37.841767
617.046625	-175.848175	-10.284590	-32.880364	32.307204	30.574158	-3.243907	-37.725065
1315.384144	-43.438101	-4.609279	-34.807339	29.972260	34.075536	-3.202310	-37.606263
-1316.183467	-35.334452	-4.316654	-34.870529	29.854449	34.224841	-3.200346	-37.600944
-381.424147	-27.071368	-4.022492	-34.931637	29.735330	34.373729	-3.198371	-37.595617
1304.466450	132.557656	1.615289	-35.659067	27.159171	37.176193	-3.157803	-37.490773
-701.103768	199.224277	5.717502	-35.358162	24.095816	39.774569	-3.113506	-37.384416
-1191.126347	114.700401	6.718821	-33.487844	19.970430	42.502659	-3.058152	-37.260490
1280.537015	-92.394966	4.493241	-29.832961	15.260350	44.955550	-2.998098	-37.134654
599.464997	-100.361953	4.336712	-29.619428	15.025589	45.064378	-2.995152	-37.128674
-1290.685458	-107.865112	4.176994	-29.402442	14.789790	45.172588	-2.992195	-37.122689
647.983935	-166.794744	0.893758	-24.834459	10.282636	47.054713	-2.935935	-37.011720
1382.113167	-111.398877	-2.311530	-19.346411	5.542155	48.724819	-2.876301	-36.899382
-1370.655715	20.821519	-4.932781	-12.154606	-0.070478	50.386059	-2.803392	-36.768088
-490.528520	123.411721	-5.519911	-4.252238	-5.669597	51.759481	-2.726212	-36.635062
1306.325647	125.655631	-5.480703	-3.846588	-5.942726	51.819807	-2.722291	-36.628448
-700.507101	127.531463	-5.434194	-3.439749	-6.215378	51.879424	-2.718361	-36.621829
-1221.589469	104.703940	-3.580055	3.759260	-10.902908	52.810246	-2.647704	-36.504951
1189.910458	6.426644	-0.528134	10.579349	-15.323717	53.520311	-2.574005	-36.386836
565.678091	-96.914634	3.012902	17.045368	-19.936614	54.062017	-2.485471	-36.249334
-1310.802502	-117.581697	4.947852	20.996347	-23.872917	54.305562	-2.393117	-36.110276
541.599647	-115.449852	4.970950	21.103700	-24.040994	54.309683	-2.388613	-36.103598
1316.962093	-112.996238	4.986766	21.202738	-24.207011	54.313114	-2.384104	-36.096921
-1353.305372	-25.601056	4.211592	21.632352	-26.873897	54.255601	-2.300711	-35.974982
-497.203040	89.905427	2.057750	19.790826	-28.857982	53.969532	-2.214633	-35.851942
1259.959784	149.196143	-0.932147	15.515062	-30.315629	53.352318	-2.112071	-35.708510
-617.782316	50.756742	-3.232701	9.713378	-30.912864	52.425020	-2.006369	-35.563706
-1130.402135	43.451867	-3.311927	9.410439	-30.920493	52.372654	-2.001220	-35.556720
1127.116691	36.044250	-3.387734	9.106141	-30.926221	52.319600	-1.996067	-35.549736
576.224867	-99.703959	-4.099919	3.454325	-30.708131	51.238272	-1.902014	-35.423242
-1198.181514	-194.711672	-3.304128	-2.141911	-29.895917	49.919388	-1.805959	-35.295782
666.489051	-187.265369	-0.441721	-7.858263	-28.250179	48.100258	-1.692533	-35.147146
1303.992586	-51.409420	2.915531	-12.081335	-25.901772	45.985142	-1.576883	-34.997310
-1304.720086	-41.976019	3.053111	-12.233335	-25.773603	45.877563	-1.571329	-34.990152
-334.265753	-32.298432	3.187106	-12.380433	-25.643911	45.769307	-1.565767	-34.982986
1286.784138	147.201796	4.749745	-14.115944	-23.048874	43.700485	-1.464002	-34.852394
-779.056010	228.798705	3.926140	-13.919797	-20.043688	41.449221	-1.360934	-34.720978
-1168.343365	134.841019	-0.340104	-11.496988	-16.158449	38.645694	-1.240512	-34.568255
1283.833560	-114.571105	-5.826800	-7.622825	-11.937943	35.648943	-1.118798	-34.414516
583.623511	-124.799005	-6.072162	-7.416036	-11.726153	35.498750	-1.112850	-34.407014
-1296.329566	-134.464879	-6.312937	-7.208451	-11.513856	35.348167	-1.106900	-34.399510
682.122548	-214.480256	-9.468923	-3.491140	-7.656793	32.600201	-1.000390	-34.265294
1389.976417	-155.631268	-9.599822	-0.073680	-3.717517	29.746431	-0.893262	-34.130378
-1381.916638	4.764620	-6.389222	3.238495	0.754872	26.403800	-0.771210	-33.976550
-552.644237	151.440781	-0.523539	5.864119	5.126697	22.973160	-0.648795	-33.821907
1230.814630	169.656252	6.938328	7.698076	9.237548	19.524430	-0.527795	-33.668459
-623.838543	14.548150	14.835052	8.694254	13.037764	16.039521	-0.406891	-33.514308
-1104.521101	5.216961	15.205156	8.720900	13.220071	15.862484	-0.400774	-33.506482
1103.114821	-4.004181	15.569818	8.745171	13.401297	15.685421	-0.394657	-33.498654
525.649074	-135.212829	20.892942	8.753116	16.536884	12.414662	-0.281884	-33.353797
-1318.889871	-152.768089	21.961637	7.920271	19.225442	9.155790	-0.169593	-33.208406
537.026853	-149.420977	21.851916	7.854606	19.355607	8.982838	-0.163627	-33.200645
1329.536510	-145.613935	21.723276	7.786936	19.484521	8.809864	-0.157659	-33.192877
-1371.866558	-27.606102	16.608222	6.280825	21.564682	5.737519	-0.051399	-33.053887
-513.079268	103.025847	7.419923	4.330204	23.229226	2.708823	0.054084	-32.914480
1258.218937	163.401052	-5.878633	1.744976	24.651157	-0.724519	0.174977	-32.752673
-642.006542	66.422225	-19.430785	-0.936597	25.549473	-4.063130	0.294379	-32.590392
-1126.727534	59.518871	-20.039411	-1.061416	25.579363	-4.218560	0.299991	-32.582698
1123.596781	52.539812	-20.643295	-1.185824	25.608128	-4.373740	0.305599	-32.575003
547.578807	-75.071469	-30.571527	-3.352759	25.938770	-7.163607	0.407358	-32.434231
-1216.333994	-169.661610	-37.448097	-5.199388	25.911541	-9.862211	0.507648	-32.293169
712.365328	-189.862870	-39.790288	-6.690012	25.471022	-12.815089	0.619717	-32.132438
1380.962340	-117.543417	-35.128561	-7.349705	24.627410	-15.643289	0.729454	-31.971417
-1375.953913	28.980495	-25.540340	-7.241413	23.436128	-18.307485	0.835064	-31.812535
-535.152107	179.535591	-13.590141	-6.495621	21.922415	-20.849951	0.937961	-31.653465
1267.103942	183.916315	-12.961139	-6.442371	21.836803	-20.977069	0.943162	-31.645301
-756.279360	187.749468	-12.333064	-6.387775	21.750452	-21.103866	0.948354	-31.637138
-1185.680032	147.938021	-1.133938	-5.172477	20.049276	-23.364009	1.041832	-31.487921
1266.095828	-62.824607	9.323250	-3.612205	18.137021	-25.516698	1.132532	-31.338617
550.561595	-72.697994	9.841412	-3.523391	18.032321	-25.625816	1.137174	-31.330842
-1277.289782	-82.049249	10.356666	-3.433924	17.927145	-25.734643	1.141808	-31.323068
673.530944	-163.334222	19.214124	-1.699290	15.925161	-27.673496	1.225115	-31.180858
1369.734568	-116.319005	26.939025	0.162442	13.795181	-29.514598	1.305571	-31.038625
-1352.595536	13.822138	34.926180	2.350384	11.222753	-31.516731	1.394637	-30.874558
-475.865800	125.940681	42.642835	4.448018	8.577198	-33.388044	1.479454	-30.710553
1292.358116	129.373428	43.030641	4.546898	8.445451	-33.477153	1.483532	-30.702448
-716.503061	132.531520	43.419718	4.645200	8.313661	-33.565941	1.487600	-30.694344
-1149.162960	65.011280	58.251708	7.853118	3.223368	-36.754083	1.636199	-30.381092
1297.632700	-116.300430	67.539928	9.343355	-1.703896	-39.460036	1.766609	-30.068590
555.785693	-114.589369	67.634181	9.351345	-1.821312	-39.520567	1.769577	-30.060907
-1309.675161	-112.422244	67.720401	9.357773	-1.938417	-39.580766	1.772531	-30.053229
552.437626	-109.764465	67.801412	9.362779	-2.059671	-39.642914	1.775582	-30.045264
1321.584337	-106.780068	67.873758	9.366073	-2.180593	-39.704707	1.778619	-30.037305
-1373.979201	-34.071614	67.840330	9.189868	-4.060604	-40.641230	1.824955	-29.911352
-412.300472	58.322659	65.466433	8.598188	-5.871420	-41.498431	1.867907	-29.785601
1265.113359	129.980574	58.555247	7.286180	-8.112100	-42.493041	1.918457	-29.622622
-684.918306	73.815411	47.031171	5.467439	-10.217735	-43.353276	1.962870	-29.460063
-1153.252355	67.944823	46.348164	5.366944	-10.317650	-43.392120	1.964893	-29.452078
1150.741920	61.830422	45.654599	5.265519	-10.417211	-43.430637	1.966899	-29.444094
510.851211	-64.713489	31.883415	3.358366	-12.097962	-44.050782	1.999424	-29.304829
-1217.268120	-165.182951	15.139390	1.245459	-13.663923	-44.571188	2.027066	-29.165945
728.414557	-152.541506	-7.610662	-1.378624	-15.335557	-45.051606	2.052914	-29.004584
1323.612946	9.730442	-32.021762	-4.064809	-16.831646	-45.396055	2.071672	-28.843831
-1326.682120	20.797952	-33.147129	-4.190449	-16.897363	-45.408889	2.072375	-28.836301
-254.329885	32.118742	-34.267928	-4.316037	-16.962709	-45.421433	2.073061	-28.828769
1338.465752	212.904725	-53.324592	-6.578144	-18.084619	-45.598833	2.082736	-28.691067
-653.841603	179.278237	-67.940974	-8.716980	-19.058254	-45.678417	2.086820	-28.553883
-884.094020	-40.712498	-77.029026	-10.854862	-19.953780	-45.655017	2.084715	-28.402363
820.553270	-246.215769	-76.811363	-12.649680	-20.643063	-45.517623	2.075684	-28.251558
-1055.363860	-190.913208	-65.626219	-14.084994	-21.129231	-45.256260	2.058977	-28.094622
614.285119	36.759285	-46.313304	-15.091375	-21.359650	-44.880086	2.035017	-27.938554
1310.046506	47.015927	-45.265290	-15.129248	-21.363917	-44.859529	2.033703	-27.931175
-1316.363927	56.966824	-44.208685	-15.166266	-21.367568	-44.838732	2.032374	-27.923798
-386.933181	188.815614	-24.008350	-15.693222	-21.327098	-44.419755	2.005440	-27.789999
1257.059123	244.344605	-3.750106	-15.951444	-21.088775	-43.926428	1.973358	-27.656902
-800.173715	231.943718	16.785897	-15.926906	-20.578036	-43.263800	1.929761	-27.503191
-1165.656902	106.633681	32.535416	-15.566683	-19.834402	-42.508796	1.879524	-27.350494
1169.562157	97.461458	33.139856	-15.542329	-19.795019	-42.472010	1.877063	-27.343514
378.530550	87.992403	33.734138	-15.517298	-19.755189	-42.435038	1.874588	-27.336536
-1283.705663	-100.342557	43.009431	-14.926221	-18.930239	-41.709870	1.825814	-27.206442
739.986431	-194.774149	48.905352	-14.107664	-17.961780	-40.922458	1.772384	-27.077139
1402.009901	-143.368093	52.090396	-12.877082	-16.667322	-39.928816	1.704321	-26.927354
-1415.457826	35.635760	53.311915	-11.362504	-15.213869	-38.857971	1.630221	-26.778697
-348.195988	44.130864	53.361910	-11.283867	-15.141332	-38.805346	1.626560	-26.771677
1410.759660	52.422208	53.413198	-11.204572	-15.068438	-38.752522	1.622883	-26.764655
-764.304267	155.481881	54.867925	-9.658426	-13.690873	-37.763765	1.553741	-26.637411
-1212.315080	147.201394	57.953110	-7.920823	-12.223364	-36.723391	1.480331	-26.511045
1204.273906	3.649766	62.784606	-5.694131	-10.438310	-35.464749	1.390636	-26.366629
546.375083	-133.170891	67.570291	-3.238742	-8.569784	-34.145068	1.295565	-26.223418
-1284.751382	-137.064534	67.777408	-3.112933	-8.476525	-34.078981	1.290777	-26.216441
666.135636	-140.583403	67.980700	-2.986610	-8.383114	-34.012757	1.285976	-26.209466
1343.373012	-142.047953	70.799974	-0.660317	-6.702081	-32.814992	1.198688	-26.086139
-1371.303752	-43.048428	71.700006	1.818695	-4.986400	-31.576980	1.107557	-25.963747
-497.557251	113.613148	69.969815	4.841103	-2.984450	-30.105107	0.997997	-25.823997
1256.054582	161.445968	65.005797	7.976632	-0.972286	-28.587209	0.883607	-25.685507
-828.184274	158.043631	64.682007	8.128142	-0.875812	-28.513290	0.877999	-25.678895
-1245.526285	154.012417	64.350251	8.279655	-0.779361	-28.439274	0.872381	-25.672285
1169.961818	14.823518	57.027842	11.009471	0.959549	-27.083799	0.768875	-25.553185
467.402142	-122.493803	47.405709	13.673477	2.677760	-25.699508	0.661937	-25.435055
-1265.854543	-190.121671	33.859187	16.576994	4.614168	-24.073302	0.534675	-25.300246
617.518281	-123.057846	18.173017	19.212730	6.487331	-22.416313	0.403121	-25.166739
1323.001012	-116.024900	17.299463	19.342727	6.584193	-22.327970	0.396052	-25.159721
-1324.329975	-108.679625	16.422344	19.471691	6.680823	-22.239552	0.388972	-25.152705
-352.638304	38.318120	1.721353	21.417829	8.222077	-20.786954	0.271833	-25.038766
1272.606599	172.779303	-13.323427	23.023728	9.688380	-19.317206	0.151698	-24.925799
-860.222893	212.749434	-30.481063	24.380393	11.281748	-17.591277	0.008453	-24.795761
-1160.476103	98.642914	-46.186975	25.097083	12.738188	-15.849520	-0.138605	-24.667027
1163.728968	88.800446	-46.888757	25.114169	12.806206	-15.763187	-0.145962	-24.660705
350.367836	78.591944	-47.581888	25.129456	12.873883	-15.676774	-0.153332	-24.654382
-1269.411500	-112.445440	-57.957517	25.088693	13.998427	-14.156489	-0.284094	-24.543966
759.537966	-203.923478	-63.880757	24.410692	15.004638	-12.630207	-0.417531	-24.434529
1389.699756	-142.242725	-63.789212	22.767285	16.026238	-10.861962	-0.574995	-24.309250
-1415.284827	50.438925	-57.212723	20.282929	16.902242	-9.093603	-0.735789	-24.185278
-335.103510	59.026576	-56.787447	20.152860	16.938505	-9.013724	-0.743136	-24.179704
1411.882865	67.400773	-56.352270	20.021357	16.974483	-8.933854	-0.750489	-24.174133
-787.510169	176.016792	-46.345755	17.254187	17.607073	-7.411908	-0.892054	-24.068315
-1223.014313	169.686071	-33.801202	14.058797	18.138785	-5.896352	-1.035912	-23.963467
1213.341347	26.113693	-17.527023	9.945543	18.631484	-4.154850	-1.205068	-23.843395
493.540991	-115.980001	-1.151242	5.516317	18.996663	-2.429441	-1.377067	-23.724609
-1292.679226	-120.535658	-0.373088	5.291593	19.011473	-2.344624	-1.385642	-23.718769
672.881770	-124.760471	0.400857	5.066312	19.025988	-2.259804	-1.394229	-23.712930
1344.086298	-146.855716	12.954941	1.068751	19.231603	-0.782042	-1.545738	-23.611119
-1353.545251	-83.049436	23.101060	-2.962379	19.346494	0.678286	-1.699193	-23.510272
-398.125833	48.975793	32.426800	-7.488683	19.369174	2.320945	-1.876583	-23.396363
1220.328536	155.256514	40.601836	-11.808202	19.278747	3.935599	-2.056276	-23.283705
-879.583483	151.967899	48.354724	-15.697210	19.083694	5.482189	-2.233773	-23.174947
-1141.101742	17.775749	55.137385	-19.137868	18.785015	6.997707	-2.413233	-23.067375
1145.891768	7.087877	55.431837	-19.301387	18.766774	7.075244	-2.422570	-23.061841
312.874691	-3.916402	55.718932	-19.463356	18.748261	7.152691	-2.431912	-23.056310
-1269.954631	-189.320607	59.357632	-22.115369	18.364862	8.543678	-2.602433	-22.956407
661.182717	-180.258324	59.156716	-24.165119	17.893142	9.903757	-2.774477	-22.857551
1296.479654	-174.019508	59.022028	-24.259189	17.864895	9.977037	-2.783905	-22.852187
-1296.016487	-167.299940	58.873999	-24.351482	17.836372	10.050266	-2.793343	-22.846824
-354.251097	-0.554106	54.088981	-25.667100	17.297320	11.312036	-2.958667	-22.753755
1230.542766	168.711854	44.898441	-26.428019	16.680409	12.543360	-3.125201	-22.661628
-899.855925	226.591905	28.283380	-26.621673	15.870418	13.930645	-3.319536	-22.556074
-1122.913229	102.989283	5.697279	-26.085779	14.962902	15.274538	-3.515257	-22.451781
1127.413617	92.112403	4.504400	-26.040897	14.915980	15.339197	-3.524873	-22.446707
284.381189	80.832072	3.307933	-25.994279	14.868825	15.403749	-3.534492	-22.441636
-1262.623244	-129.480833	-17.732387	-24.888757	14.000589	16.524537	-3.704637	-22.352687
794.770504	-220.290914	-36.367184	-23.254774	13.069003	17.610974	-3.875629	-22.264674
1381.587054	-143.155883	-51.436824	-20.704371	11.916689	18.830399	-4.075459	-22.163485
-1385.206964	59.283317	-58.554546	-17.471600	10.701761	20.002131	-4.276196	-22.063558
-312.487927	67.822651	-58.682755	-17.313105	10.646756	20.052863	-4.285095	-22.059167
1380.489172	76.132362	-58.795011	-17.153314	10.591651	20.103502	-4.293995	-22.054778
-813.395977	183.707880	-57.759654	-13.803613	9.500501	21.070909	-4.467591	-21.969807
-1187.923947	175.504617	-50.548875	-10.079678	8.379912	22.002897	-4.641680	-21.885764
1179.927450	35.872428	-35.451678	-5.472114	7.061041	23.033566	-4.842928	-21.790006
452.244148	-102.461327	-16.033257	-0.698710	5.724655	24.017010	-5.044588	-21.695481
-1264.986075	-107.221765	-14.977926	-0.451049	5.655395	24.066503	-5.055008	-21.690634
666.631480	-111.645853	-13.921450	-0.203589	5.586161	24.115841	-5.065424	-21.685793
1328.155157	-137.172481	3.565293	3.903723	4.427657	24.922343	-5.239689	-21.605328
-1348.117163	-78.738256	19.488041	7.874625	3.272413	25.694221	-5.414083	-21.525775
-377.193896	50.702133	35.120185	12.160582	1.945050	26.547197	-5.616495	-21.434607
1242.485087	132.846178	47.137692	15.930536	0.642098	27.355086	-5.818829	-21.344668
-860.645953	133.340318	47.630929	16.101503	0.578079	27.394132	-5.828894	-21.340224
-1236.618734	133.385288	48.113692	16.270729	0.514149	27.433068	-5.838960	-21.335783
1207.985030	-71.289249	57.918679	21.230726	-1.862760	28.847804	-6.225283	-21.167381
482.824263	-171.363639	47.274494	22.657846	-4.032524	30.107106	-6.609946	-21.003441
-1285.959603	-167.596530	46.731975	22.650545	-4.080230	30.134772	-6.618924	-20.999656
645.777719	-163.449278	46.175106	22.641511	-4.127782	30.162357	-6.627900	-20.995874
1288.102032	-158.773982	45.586828	22.630406	-4.176592	30.190680	-6.637143	-20.991982
-1289.041527	-153.680435	44.983412	22.617474	-4.225270	30.218935	-6.646391	-20.988089
-322.139054	-23.170337	32.863864	22.137763	-5.018988	30.680973	-6.801594	-20.923047
1241.565568	123.297538	17.817645	21.198293	-5.767627	31.118934	-6.956305	-20.858735
-914.214945	203.463527	-4.002692	19.392161	-6.669028	31.648697	-7.154948	-20.776892
-1117.353614	108.729135	-25.945896	17.018372	-7.501924	32.139962	-7.352548	-20.696257
1121.042665	99.247591	-26.930430	16.892937	-7.539975	32.162432	-7.361938	-20.692443
268.728828	89.336031	-27.905901	16.766476	-7.577879	32.184816	-7.371326	-20.688633
-1244.446060	-112.227068	-43.497024	14.308511	-8.240342	32.576113	-7.541127	-20.619987
802.942335	-216.046264	-53.246563	11.588497	-8.856876	32.939878	-7.709958	-20.552242
1375.000735	-163.443378	-54.811613	8.208306	-9.515990	33.327141	-7.903981	-20.474980
-1384.983792	31.940831	-47.519158	4.681810	-10.120386	33.679158	-8.096471	-20.398918
-284.741581	43.109581	-46.919046	4.487743	-10.151771	33.697316	-8.106897	-20.394814
1378.790752	54.049681	-46.301117	4.293666	-10.182987	33.715362	-8.117312	-20.390716
-855.297070	182.084847	-34.451112	1.222730	-10.656856	33.987217	-8.281262	-20.326414
-1172.527878	192.276342	-19.807923	-1.811657	-11.095575	34.234288	-8.443892	-20.262995
1174.240040	40.169973	-1.383586	-5.216787	-11.565315	34.491546	-8.631544	-20.190238
456.283911	-129.215372	16.166129	-8.388992	-11.994133	34.716792	-8.817174	-20.118673
-1261.156835	-134.655179	16.935843	-8.532083	-12.013530	34.726702	-8.825931	-20.115306
699.428842	-139.728752	17.698308	-8.674509	-12.032855	34.736547	-8.834690	-20.111940
1315.927761	-166.594990	29.873106	-11.112729	-12.369136	34.902979	-8.992610	-20.051374
-1336.714701	-78.307653	38.283662	-13.235274	-12.680349	35.046933	-9.148845	-19.991689
-404.674983	89.880016	44.129940	-15.224790	-13.014113	35.186929	-9.328482	-19.923319
1210.293457	163.076632	47.244685	-16.602166	-13.320721	35.298134	-9.505649	-19.856134
-883.054709	160.958796	47.354338	-16.651938	-13.335039	35.302836	-9.514222	-19.852888
-1200.458982	158.183820	47.461211	-16.700037	-13.349311	35.307474	-9.522795	-19.849644
1137.052363	38.894955	48.746763	-17.255115	-13.591788	35.378376	-9.672633	-19.793015
384.401544	-98.808420	48.464839	-17.224679	-13.819058	35.429417	-9.820575	-19.737252
-1230.709689	-186.092340	45.366411	-16.449697	-14.064983	35.464644	-9.990490	-19.673388
671.596876	-137.652970	38.702069	-14.982947	-14.292122	35.474736	-10.157791	-19.610699
1279.795923	-131.563155	38.283216	-14.894966	-14.302876	35.474601	-10.165978	-19.607637
-1280.663314	-125.131656	37.856013	-14.805577	-14.313596	35.474408	-10.174163	-19.604575
-295.995230	23.848977	29.120679	-13.037731	-14.494891	35.461635	-10.316432	-19.551440
1219.230280	171.074577	18.198261	-10.943220	-14.664979	35.431559	-10.456762	-19.499177
-933.572845	225.691901	3.276105	-8.236109	-14.848538	35.376345	-10.615931	-19.440085
-1124.994142	111.671735	-13.254108	-5.334582	-15.020784	35.300041	-10.772546	-19.382145
1129.088806	101.245373	-14.055361	-5.190174	-15.028937	35.295793	-10.780128	-19.379345
254.773673	90.383643	-14.853588	-5.045531	-15.037073	35.291494	-10.787708	-19.376547
-1250.579883	-121.171104	-27.981677	-2.474123	-15.177824	35.207487	-10.921051	-19.327402
831.671811	-230.746463	-37.657926	0.055080	-15.312882	35.109121	-11.052492	-19.279116
1377.062979	-173.726064	-42.398386	2.820041	-15.463665	34.978225	-11.202215	-19.224315
-1399.983429	38.104581	-40.724226	5.307642	-15.610378	34.829958	-11.349407	-19.170660
-259.127251	48.934309	-40.496839	5.422765	-15.617567	34.822186	-11.356626	-19.168035
1395.470967	59.543239	-40.256808	5.537190	-15.624755	34.814370	-11.363843	-19.165410
-886.276119	193.543493	-34.213953	7.408244	-15.749648	34.671619	-11.488824	-19.120052
-1186.595308	200.932480	-25.227648	9.033073	-15.874299	34.517339	-11.611931	-19.075544
1177.892710	42.599890	-12.389471	10.590946	-16.019815	34.325323	-11.752016	-19.025114
447.080354	-133.023373	1.102028	11.787150	-16.168554	34.119737	-11.889603	-18.975820
-1258.462818	-139.052744	1.747879	11.836653	-16.176033	34.109228	-11.896348	-18.973410
706.455760	-144.692839	2.390099	11.885256	-16.183529	34.098682	-11.903090	-18.971001
1313.698922	-177.655824	12.671437	12.581332	-16.316646	33.909816	-12.019774	-18.929412
-1333.953613	-90.484608	20.575481	12.982312	-16.455159	33.712274	-12.134605	-18.888666
-380.990422	88.014507	27.171287	13.063798	-16.624106	33.473734	-12.265159	-18.842575
1204.650636	179.397832	31.983956	12.715694	-16.801302	33.225421	-12.393254	-18.797608
-939.629932	178.196517	32.194000	12.686863	-16.810277	33.212864	-12.399546	-18.795406
-1195.796850	176.307460	32.402107	12.656903	-16.819273	33.200277	-12.405836	-18.793205
1144.792022	65.326709	35.561005	11.954888	-16.978094	32.977976	-12.514298	-18.755362
380.914379	-87.475635	37.388927	10.901862	-17.140499	32.749851	-12.620930	-18.718356
-1237.179048	-205.523238	36.942527	9.246527	-17.331708	32.479065	-12.742214	-18.676518
735.141142	-174.892108	32.903862	7.210241	-17.524511	32.202303	-12.861063	-18.635797
1291.605181	-168.811816	32.615309	7.103184	-17.533915	32.188683	-12.866791	-18.633841
-1293.163003	-162.288632	32.318743	6.995560	-17.543313	32.175060	-12.872511	-18.631889
-258.624018	4.451419	25.738778	4.993296	-17.709837	31.931407	-12.973082	-18.597682
1257.881372	177.442959	16.835414	2.865327	-17.875007	31.684759	-13.071843	-18.564307
-971.094672	243.285571	3.968418	0.340727	-18.062773	31.396770	-13.183752	-18.526762
-1128.603308	121.768620	-10.767509	-2.150268	-18.245512	31.106628	-13.293262	-18.490323
1131.905204	110.504404	-11.496311	-2.270861	-18.254402	31.092218	-13.298624	-18.488547
229.683484	98.788724	-12.221349	-2.391019	-18.263270	31.077814	-13.303977	-18.486775
-1243.870538	-125.596087	-23.887889	-4.416404	-18.415121	30.826121	-13.396456	-18.456276
871.965272	-244.997457	-32.104952	-6.258521	-18.560698	30.574261	-13.487162	-18.426596
1376.307958	-190.397807	-35.088707	-8.072108	-18.720077	30.283044	-13.590059	-18.393227
-1412.623365	30.614884	-31.627612	-9.458293	-18.867795	29.993469	-13.690586	-18.360954
-270.015929	41.937518	-31.313564	-9.515006	-18.874706	29.979334	-13.695453	-18.359400
1409.310056	53.039159	-30.987062	-9.570683	-18.881584	29.965206	-13.700315	-18.357849
-916.243560	197.177339	-23.343645	-10.383689	-18.997214	29.717530	-13.785014	-18.330956
-1206.487665	212.543853	-12.641065	-10.886523	-19.101617	29.472535	-13.867959	-18.304878
1189.611599	56.583099	2.230550	-11.095132	-19.207035	29.192984	-13.961840	-18.275688
420.946559	-128.547412	16.930682	-10.917962	-19.294430	28.918878	-14.053387	-18.247585
-1260.492040	-135.205594	17.586427	-10.899719	-19.298222	28.905666	-14.057792	-18.246242
735.377626	-141.496037	18.233245	-10.880608	-19.301968	28.892477	-14.062189	-18.244902
1319.112956	-187.359817	27.864211	-10.398448	-19.361172	28.661678	-14.139120	-18.221614
-1353.067848	-104.522022	33.080589	-9.649962	-19.407440	28.436402	-14.214320	-18.199131
-356.270869	80.592252	33.935548	-8.460967	-19.445879	28.183110	-14.299303	-18.174084
1230.781912	179.406207	30.256438	-6.948719	-19.469162	27.939078	-14.381984	-18.150113
-958.660924	178.374929	29.981060	-6.867801	-19.469930	27.927450	-14.385951	-18.148974
-1220.133473	176.655746	29.697786	-6.786266	-19.470664	27.915846	-14.389913	-18.147836
1145.283624	67.448347	23.566599	-5.245827	-19.478361	27.714158	-14.459298	-18.128083
353.434080	-76.867808	16.069414	-3.558209	-19.476484	27.520839	-14.526977	-18.109129
-1211.592976	-183.877933	7.102436	-1.485247	-19.463412	27.308926	-14.602988	-18.088241
768.669231	-158.110986	-0.919946	0.656172	-19.439771	27.109999	-14.676742	-18.068412
1279.184200	-152.907325	-1.286634	0.762927	-19.438344	27.100490	-14.680341	-18.067456
-1282.067727	-147.324923	-1.650637	0.869740	-19.436893	27.091009	-14.683937	-18.066503
-203.413535	-8.594300	-7.553495	2.728449	-19.407908	26.930810	-14.745949	-18.050237
1306.393092	133.774906	-12.592302	4.537266	-19.372591	26.781757	-14.806271	-18.034766
-956.909223	192.720688	-17.357447	6.500093	-19.324941	26.624626	-14.873645	-18.017935
-1124.787972	134.669545	-21.044927	8.269200	-19.270746	26.483764	-14.938797	-18.002152
1123.036390	128.834496	-21.208024	8.354894	-19.267756	26.476876	-14.942135	-18.001357
167.472966	122.756824	-21.368320	8.439914	-19.264749	26.470030	-14.945469	-18.000565
-1216.718272	-155.971465	-25.253078	10.968561	-19.145049	26.251942	-15.063410	-17.973514
893.496428	-254.484386	-25.427857	12.150061	-19.008948	26.098730	-15.173324	-17.950265
