-833.487295	-312.421301	-40.299303	144.595706	-5.908334	8.301487	0.517271	38.579294	-96.595708
962.628613	-312.691768	-40.343972	144.461262	-5.937973	8.294699	0.517675	38.580146	-96.596178
986.706002	-312.714497	-40.392752	144.307137	-5.967856	8.287740	0.518076	38.580986	-96.596648
-980.177399	-254.937701	-41.288673	138.161058	-6.540721	8.134965	0.524451	38.594018	-96.605094
3.588797	-59.687398	-39.474591	125.267717	-7.187713	7.927167	0.529371	38.603344	-96.613651
944.297661	194.675691	-29.817555	102.962692	-7.986769	7.631878	0.533086	38.609294	-96.623257
-929.259612	305.059547	-8.554763	73.354522	-8.868806	7.266888	0.534939	38.610594	-96.633004
928.304675	133.993762	26.168168	37.591711	-9.880879	6.806786	0.534812	38.606900	-96.643396
70.808150	-145.336060	62.395902	2.677262	-10.975193	6.267013	0.532442	38.598014	-96.653931
-947.834398	-156.658471	63.900286	1.161933	-11.028805	6.239540	0.532273	38.597466	-96.654432
863.379611	-167.587636	65.373305	-0.334904	-11.082554	6.211903	0.532098	38.596908	-96.654933
977.875441	-274.607681	85.310745	-23.908132	-12.089141	5.677792	0.527964	38.584755	-96.664088
-1009.490841	-172.326815	88.048779	-39.145455	-13.149344	5.083089	0.521962	38.568824	-96.673337
-19.166594	56.375512	66.664498	-46.280237	-14.450565	4.311161	0.512456	38.545487	-96.684247
1044.573618	202.046857	17.919349	-43.352155	-15.792579	3.454128	0.500091	38.517088	-96.695272
-1044.153553	203.437902	15.104509	-43.015661	-15.851447	3.414025	0.499472	38.515709	-96.695765
-746.007157	204.351224	12.232906	-42.662872	-15.910138	3.373750	0.498847	38.514320	-96.696258
1024.032500	177.279953	-50.671622	-32.867457	-16.984009	2.561554	0.485568	38.485529	-96.705827
-76.950442	168.550230	-111.452901	-18.204244	-17.852179	1.684526	0.469926	38.453073	-96.715471
-966.437902	91.581177	-147.999015	3.404338	-18.426991	0.583304	0.448648	38.410818	-96.726761
956.179956	-89.017206	-111.641263	27.348174	-18.338006	-0.607654	0.423861	38.363713	-96.738138
945.786424	-91.605309	-107.191424	28.500577	-18.312527	-0.669332	0.422531	38.361240	-96.738707
-956.444839	-93.044569	-102.459215	29.642848	-18.284864	-0.731232	0.421192	38.358756	-96.739277
16.014198	-1.569943	10.020568	46.861826	-17.442045	-1.830135	0.396681	38.314115	-96.749107
985.206172	73.203354	128.201925	56.451631	-15.824784	-2.983903	0.369341	38.265981	-96.758991
-1007.510544	-80.644344	176.917862	52.301596	-12.896507	-4.373527	0.333866	38.205695	-96.770540
-674.679594	-22.345009	75.957071	28.610145	-9.046665	-5.791185	0.294250	38.140782	-96.782148
1034.990194	-13.152120	68.279036	27.119690	-8.844789	-5.859065	0.292254	38.137571	-96.782703
-122.642421	-3.571125	60.438807	25.607338	-8.641613	-5.926904	0.290249	38.134352	-96.783258
-1071.882405	130.638829	-86.655950	-4.452640	-4.720616	-7.161590	0.251938	38.073811	-96.793399
1003.887946	-28.739568	-173.752258	-33.805515	-0.518444	-8.379401	0.210240	38.009847	-96.803574
1166.946763	-184.909166	-154.626793	-57.748422	4.410787	-9.733866	0.158089	37.932296	-96.815283
-1189.028010	84.126235	-10.525621	-66.951893	9.190430	-11.018520	0.101163	37.850333	-96.827025
41.054782	97.789213	-2.795053	-66.995700	9.401952	-11.075467	0.098429	37.846461	-96.827565
1188.458147	110.712309	4.906966	-67.005635	9.612547	-11.132209	0.095685	37.842580	-96.828105
-1158.982928	207.422728	124.192386	-60.744500	13.377737	-12.161999	0.041892	37.767584	-96.838315
-871.881871	143.082694	144.930094	-41.905685	16.611742	-13.101719	-0.015748	37.689340	-96.848539
1021.458667	39.010600	68.956248	-6.262285	19.435393	-14.053427	-0.087268	37.594951	-96.860360
-8.261518	-12.565118	-45.427870	33.106848	20.998569	-14.837134	-0.164238	37.496323	-96.872187
-963.954658	-18.075930	-51.078274	35.011628	21.040099	-14.873038	-0.168419	37.491046	-96.872806
772.790260	-24.207318	-56.623934	36.888216	21.077346	-14.908431	-0.172619	37.485755	-96.873425
953.801297	-138.188246	-122.976354	61.819091	21.037408	-15.414062	-0.243946	37.397050	-96.883612
-977.051631	-95.692052	-122.098355	71.582041	19.649047	-15.776126	-0.319573	37.305269	-96.893793
21.295250	57.005605	-55.757884	65.941063	16.259778	-16.017950	-0.412690	37.195154	-96.905571
1048.875275	76.364264	42.431006	46.780522	11.344465	-16.071356	-0.511887	37.081012	-96.917327
-1049.163149	69.471003	47.305650	45.590346	11.076114	-16.069195	-0.516856	37.075373	-96.917897
-729.928459	61.880569	52.139245	44.380933	10.805609	-16.066597	-0.521838	37.069729	-96.918466
1038.598350	-73.763453	111.356849	19.964797	5.636071	-15.946460	-0.613493	36.967116	-96.928642
-136.566778	26.399913	75.412295	-7.326072	0.075646	-15.687976	-0.709804	36.861537	-96.938791
-1029.542037	105.133340	-28.935724	-36.404978	-6.289062	-15.229005	-0.824438	36.738067	-96.950280
1074.720225	-137.275055	-111.931505	-57.144111	-12.234757	-14.596885	-0.944127	36.610860	-96.961721
1024.737336	-99.009054	-103.188499	-64.436128	-17.217698	-13.805028	-1.066824	36.481545	-96.972974
-1170.383833	156.495129	-32.114870	-59.585345	-20.928502	-12.849725	-1.193394	36.348678	-96.984167
-7.278762	169.522483	-27.899568	-59.090403	-21.077704	-12.798348	-1.199737	36.342024	-96.984718
1169.454410	182.041175	-23.663470	-58.574773	-21.223756	-12.746579	-1.206089	36.335361	-96.985269
-1126.139436	253.500417	52.328895	-45.515360	-23.404219	-11.693846	-1.327690	36.207703	-96.995663
-726.970570	68.756074	99.813391	-28.271287	-24.516169	-10.503316	-1.451737	36.077025	-97.005993
1058.595810	59.223762	101.419944	-27.297881	-24.546384	-10.436340	-1.458379	36.070007	-97.006539
-150.859890	50.239657	102.940957	-26.321145	-24.573770	-10.368943	-1.465031	36.062977	-97.007085
-1027.273166	-94.902301	116.425800	-8.746857	-24.584918	-9.090301	-1.586009	35.934623	-97.016914
1048.436703	-321.664375	106.298932	7.215376	-23.702237	-7.707384	-1.708419	35.803566	-97.026675
951.721140	-282.335634	70.643299	22.363797	-21.630718	-6.017455	-1.850094	35.649962	-97.037779
-1158.574375	3.590246	19.097375	33.523510	-18.474018	-4.244246	-1.992578	35.492901	-97.048780
95.449385	18.078906	16.620036	33.916946	-18.309583	-4.164096	-1.998909	35.485853	-97.049265
1159.948364	32.420961	14.132861	34.301580	-18.142995	-4.083785	-2.005246	35.478794	-97.049751
-1144.067989	238.073116	-34.687315	39.922711	-14.484017	-2.496804	-2.129092	35.339486	-97.059197
-766.786942	276.155803	-78.881869	41.673620	-10.079254	-0.889449	-2.252709	35.197645	-97.068556
1018.127400	182.509383	-114.202508	38.435408	-4.164920	0.962388	-2.394299	35.031204	-97.079217
24.822996	24.002132	-120.788482	29.246502	2.368327	2.787632	-2.534520	34.861497	-97.089748
-964.390581	14.321496	-120.154178	28.646138	2.693273	2.875011	-2.541278	34.853181	-97.090255
839.669796	4.418632	-119.421025	28.031825	3.018529	2.962256	-2.548032	34.844858	-97.090762
957.145396	-151.013948	-88.509670	15.210051	8.825321	4.496549	-2.667974	34.694714	-97.099777
-983.147515	-141.549255	-25.186195	0.742668	14.389382	5.968362	-2.786043	34.542184	-97.108684
14.844063	-9.328737	61.764976	-14.555551	20.101899	7.569709	-2.919910	34.362650	-97.118853
1060.423328	46.805740	125.832426	-24.343405	24.551169	9.033026	-3.050184	34.180017	-97.128863
-1060.784500	43.909560	127.623776	-24.598925	24.721145	9.098066	-3.056222	34.171338	-97.129331
-752.989018	40.501630	129.267990	-24.832743	24.887255	9.162775	-3.062256	34.162647	-97.129798
1048.152758	-36.884567	123.335921	-25.472842	27.218341	10.280572	-3.171291	34.001881	-97.138313
-104.026284	12.604766	35.992924	-20.483577	28.202745	11.252325	-3.276789	33.838865	-97.146699
-982.592983	53.390767	-94.171704	-10.414262	27.825308	12.167283	-3.392929	33.649204	-97.156148
970.221628	-67.037610	-145.374936	1.376880	26.024898	12.867439	-3.503358	33.456681	-97.165414
934.418188	-68.248048	-143.643619	1.940367	25.904399	12.896141	-3.508567	33.447258	-97.165859
-970.635552	-68.499838	-141.409949	2.500805	25.780916	12.924381	-3.513763	33.437823	-97.166305
63.846455	25.803323	-36.271762	11.673379	23.097219	13.350547	-3.604318	33.267571	-97.174205
1004.945549	81.615691	103.852131	18.157573	19.604067	13.630854	-3.689727	33.095211	-97.181955
-1019.671073	-85.397800	160.297712	20.308033	14.760339	13.783850	-3.781356	32.894363	-97.190681
-672.283925	-3.960292	52.782152	15.452152	9.300437	13.767918	-3.865717	32.690825	-97.199194
1028.517260	5.227793	44.926632	15.065092	9.018307	13.762961	-3.869701	32.680669	-97.199610
-121.503609	14.521499	36.978495	14.667310	8.735296	13.757622	-3.873666	32.670506	-97.200026
-1048.273296	103.108568	-97.775327	6.367392	3.644713	13.602897	-3.940204	32.490728	-97.207249
1062.001661	-84.581326	-172.475852	-2.834961	-1.554467	13.338781	-4.000449	32.308982	-97.214300
1131.034446	-145.828623	-159.442099	-12.030355	-7.446188	12.912404	-4.061271	32.098346	-97.222163
-1162.045872	134.844660	-49.614648	-18.939426	-13.044628	12.365906	-4.112793	31.885218	-97.229789
41.542161	147.107050	-42.988653	-19.212252	-13.305597	12.336458	-4.115054	31.874781	-97.230154
1162.657968	158.381918	-36.324758	-19.478993	-13.565293	12.306756	-4.117291	31.864338	-97.230518
-1143.994543	207.788629	77.082027	-23.190338	-17.959698	11.735130	-4.153242	31.676835	-97.236928
-799.486411	130.053635	149.441072	-24.807353	-21.786296	11.091364	-4.181337	31.487523	-97.243147
1018.569524	-5.280209	178.762362	-23.861508	-25.316605	10.268770	-4.203535	31.266639	-97.250088
-19.387822	-152.066904	162.916389	-19.782980	-27.788363	9.373631	-4.214204	31.043427	-97.256761
-960.788577	-160.463184	161.286362	-19.520158	-27.879788	9.329589	-4.214414	31.032783	-97.257071
820.728153	-169.069070	159.587726	-19.251506	-27.968999	9.285384	-4.214597	31.022127	-97.257380
949.352556	-289.289573	118.567516	-13.449546	-29.207990	8.456672	-4.213069	30.826727	-97.262917
-974.467907	-185.971169	64.504984	-6.285195	-29.744511	7.592256	-4.202066	30.629663	-97.268242
9.650311	85.473964	-5.399869	3.006818	-29.558469	6.561396	-4.177220	30.400731	-97.274107
1057.591005	255.606406	-74.756233	12.687152	-28.579824	5.496186	-4.138874	30.169796	-97.279679
-1058.029953	256.510854	-77.952832	13.154047	-28.513346	5.443640	-4.136659	30.158530	-97.279942
-728.784035	256.685713	-81.128150	13.619980	-28.445177	5.391024	-4.134412	30.147259	-97.280205
1044.400620	205.781796	-132.429550	21.683538	-26.952302	4.440603	-4.088633	29.945211	-97.284770
-105.843075	195.237305	-164.895764	28.916220	-24.972667	3.474400	-4.031993	29.741854	-97.289104
-968.121045	109.247786	-162.683783	35.651235	-22.153174	2.349416	-3.952859	29.506012	-97.293806
951.121750	-117.086789	-100.073587	40.327019	-18.830920	1.221089	-3.858454	29.268721	-97.298186
920.663902	-120.999023	-95.071261	40.499793	-18.654687	1.165290	-3.853374	29.256934	-97.298395
-951.356047	-123.570449	-89.873863	40.666853	-18.477309	1.109472	-3.848252	29.245137	-97.298603
52.420393	-25.051991	20.472275	42.608465	-15.219938	0.137807	-3.752447	29.038490	-97.302104
987.836764	74.674175	123.791396	42.562645	-11.693753	-0.822463	-3.644540	28.831002	-97.305354
-1002.845132	-62.188034	155.669975	39.725761	-7.292953	-1.917592	-3.503335	28.588606	-97.308815
-630.403190	19.388153	55.120061	33.663399	-2.656773	-2.979361	-3.344891	28.345381	-97.311923
1007.227264	26.646192	48.558258	33.308149	-2.440935	-3.027009	-3.337218	28.334229	-97.312056
-186.324656	33.853486	41.922300	32.946134	-2.224885	-3.074566	-3.329508	28.323077	-97.312189
-1023.024011	79.510099	-80.664862	24.919344	1.845520	-3.947550	-3.178133	28.113893	-97.314539
1061.983209	-125.173794	-156.369245	14.553211	5.900040	-4.782119	-3.013425	27.904343	-97.316619
1020.991204	-134.728157	-146.461141	-0.002675	10.460832	-5.692195	-2.805741	27.661457	-97.318682
-1155.941220	67.029554	-52.561534	-15.686177	14.752503	-6.533182	-2.579361	27.418381	-97.320371
53.148502	78.821603	-46.740363	-16.464798	14.957419	-6.573205	-2.567556	27.406238	-97.320445
1156.036042	90.379453	-40.876892	-17.241238	15.161315	-6.613032	-2.555703	27.394095	-97.320518
-1128.966695	205.856831	58.491486	-30.128618	18.521042	-7.271721	-2.342280	27.183328	-97.321639
-798.932154	150.015512	129.130697	-41.053970	21.481912	-7.864507	-2.114124	26.972638	-97.322468
991.268041	1.626186	166.694516	-49.593372	24.282391	-8.456973	-1.833002	26.730446	-97.323053
-29.163089	-127.050182	165.193600	-52.471824	26.308294	-8.944675	-1.531491	26.488599	-97.323237
-939.190161	-135.633359	164.262575	-52.469686	26.388995	-8.966721	-1.515447	26.476190	-97.323236
814.889236	-144.616064	163.259299	-52.453702	26.467307	-8.988464	-1.499348	26.463783	-97.323233
937.952520	-284.282665	136.945702	-50.222174	27.429494	-9.308318	-1.219579	26.254809	-97.323028
-971.400247	-229.183647	97.156602	-44.711585	27.721280	-9.535797	-0.923815	26.046279	-97.322511
14.946137	52.235834	38.154109	-35.015680	27.232936	-9.679344	-0.559899	25.804760	-97.321515
1058.391748	240.687508	-31.161423	-22.704273	25.884734	-9.700542	-0.174058	25.564095	-97.320087
-1058.666924	240.742673	-34.959492	-22.014643	25.792265	-9.698498	-0.153522	25.551677	-97.320002
-763.024031	239.720580	-38.777113	-21.320751	25.697592	-9.696154	-0.132928	25.539262	-97.319915
1039.937976	155.477298	-102.140854	-9.219686	23.793716	-9.613789	0.219313	25.332215	-97.318288
-42.572515	145.039979	-152.626153	3.407219	21.297105	-9.453666	0.586009	25.125999	-97.316327
-951.908399	98.454389	-171.890486	17.830198	17.702836	-9.179029	1.025954	24.888892	-97.313641
931.711975	-91.921342	-123.115900	30.899169	13.379399	-8.816376	1.481416	24.653141	-97.310497
910.546084	-95.273684	-118.808527	31.428729	13.165292	-8.797868	1.502533	24.642419	-97.310343
-931.822475	-97.655134	-114.304956	31.950239	12.949884	-8.779208	1.523664	24.631708	-97.310188
76.704346	-22.025520	-3.175957	40.063472	8.601961	-8.395794	1.928867	24.429451	-97.307062
971.790994	55.925577	110.017116	43.723769	3.765784	-7.959067	2.342701	24.228390	-97.303584
-991.862509	-52.024944	153.184730	40.163997	-2.324979	-7.392449	2.832179	23.996611	-97.299099
-685.496252	56.651353	47.987410	26.931337	-8.539188	-6.769848	3.329488	23.766691	-97.294126
1001.657292	63.827194	41.199889	26.122281	-8.830686	-6.738917	3.353354	23.755780	-97.293877
-158.240237	70.722672	34.403843	25.301861	-9.121375	-6.707880	3.377233	23.744874	-97.293627
-1021.037087	87.033480	-77.754979	9.134630	-14.211126	-6.125538	3.813733	23.547233	-97.288872
1062.443418	-131.861346	-130.397050	-6.763173	-18.717840	-5.513673	4.253100	23.351192	-97.283739
979.326787	-139.216219	-81.951342	-20.570675	-22.786953	-4.781903	4.759404	23.128180	-97.277374
-1162.778469	53.041412	27.319192	-28.191389	-25.241516	-4.026981	5.265702	22.907528	-97.270499
53.661247	63.037251	32.696565	-28.391393	-25.312181	-3.989642	5.290410	22.896807	-97.270150
1163.475035	72.718819	38.001411	-28.574746	-25.377899	-3.952245	5.315128	22.886086	-97.269799
-1143.095365	170.999781	107.648994	-28.922150	-25.689572	-3.289334	5.749687	22.698126	-97.263414
-820.474993	170.971494	106.973677	-23.355855	-24.380035	-2.624729	6.181306	22.512111	-97.256639
1010.866494	104.007810	36.273106	-9.206033	-20.861198	-1.819506	6.700083	22.288764	-97.247875
-5.247348	-0.353958	-52.835819	6.960557	-15.615686	-1.020630	7.210332	22.068550	-97.238519
-955.193902	-7.265653	-56.284451	7.617272	-15.344084	-0.984685	7.233187	22.058660	-97.238081
866.756422	-14.447737	-59.635376	8.261829	-15.069829	-0.948761	7.256019	22.048776	-97.237643
950.765403	-126.075025	-96.233459	16.801848	-9.911249	-0.327313	7.649576	21.877857	-97.229809
-979.294043	-94.111549	-79.672900	18.688778	-4.162310	0.285692	8.035118	21.709066	-97.221599
51.898568	34.716288	-10.273252	13.761162	3.262359	1.015029	8.490268	21.507345	-97.211134
1066.836826	62.364152	73.184247	4.626890	10.591037	1.725890	8.929973	21.308984	-97.200104
-1067.233617	57.594947	76.844075	4.147505	10.931013	1.759783	8.950837	21.299466	-97.199555
-701.464973	52.281631	80.421565	3.668158	11.268980	1.793626	8.971660	21.289957	-97.199005
1051.681911	-51.446806	112.301325	-4.357204	16.860343	2.387470	9.335466	21.121943	-97.188982
-125.022773	-4.200045	48.480183	-9.956962	21.313051	2.962693	9.684838	20.956620	-97.178527
-967.835763	53.391294	-78.689270	-12.216214	24.487612	3.606879	10.072158	20.767410	-97.165790
947.981859	-60.718591	-136.786939	-9.326868	25.183043	4.219432	10.436041	20.582111	-97.152453
914.079056	-61.907078	-135.363427	-9.060940	25.158189	4.247695	10.452714	20.573405	-97.151804
-948.086201	-62.205229	-133.440214	-8.783907	25.128441	4.275877	10.469330	20.564709	-97.151154
93.423041	24.329113	-32.029960	-2.365977	23.799012	4.771101	10.759792	20.408918	-97.139150
985.524696	74.418241	106.016698	4.908753	21.160923	5.235657	11.029974	20.256203	-97.126692
-1001.664806	-78.793696	161.478359	10.950919	16.818111	5.732068	11.316830	20.082653	-97.111632
-666.387546	22.740863	52.464988	11.523624	11.507104	6.175819	11.572448	19.913513	-97.095946
1006.562356	31.408438	44.398981	11.424957	11.231274	6.195910	11.584022	19.905419	-97.095169
-114.082658	39.965261	36.195301	11.316501	10.953900	6.215874	11.595525	19.897331	-97.094389
-1023.080218	93.619423	-106.878532	8.076293	5.856464	6.545543	11.785883	19.755937	-97.080344
1064.010319	-108.903984	-178.686402	3.354654	0.546568	6.827585	11.950183	19.618000	-97.065826
999.170463	-102.172194	-135.087082	-2.348387	-5.611930	7.090221	12.106516	19.462320	-97.048374
-1167.303803	99.542037	-12.400318	-7.677242	-11.457460	7.277569	12.223955	19.311536	-97.030269
43.629784	109.303419	-5.781315	-7.919790	-11.727472	7.284639	12.228628	19.304348	-97.029374
1167.852095	118.653137	0.832869	-8.160544	-11.995952	7.291517	12.233204	19.297172	-97.028478
-1144.325415	194.515814	107.579753	-12.081816	-16.458149	7.380798	12.298018	19.172025	-97.012339
-781.175556	144.226998	170.005611	-15.191321	-20.223853	7.405739	12.331296	19.050671	-96.995710
1003.904733	12.574143	184.470493	-17.478107	-23.461893	7.347856	12.329323	18.914085	-96.975702
-35.422602	-138.071592	154.258098	-18.143528	-25.153006	7.189810	12.282563	18.782675	-96.955015
-944.776140	-146.631950	152.031199	-18.141713	-25.190001	7.179504	12.279150	18.776446	-96.953997
831.273032	-155.362556	149.753501	-18.137282	-25.222612	7.168953	12.275632	18.770233	-96.952977
938.059733	-271.363097	102.971943	-17.630005	-25.101437	6.937899	12.194822	18.661173	-96.934495
-970.278602	-170.315828	52.089939	-16.348373	-23.765480	6.626932	12.080275	18.555698	-96.915494
66.957540	81.308302	-7.119509	-13.984570	-20.954632	6.176021	11.907481	18.438566	-96.892985
1066.985420	236.008680	-64.972378	-10.746500	-17.039214	5.633268	11.691722	18.325720	-96.869776
-1067.558652	236.798443	-67.671689	-10.570904	-16.828652	5.605116	11.680329	18.320421	-96.868647
-719.498321	236.952436	-70.366146	-10.393384	-16.616070	5.576754	11.668833	18.315127	-96.867516
1054.256495	189.230865	-116.384864	-6.867864	-12.465990	5.029982	11.443624	18.220647	-96.846706
-103.285365	170.768784	-148.817446	-2.801612	-7.882470	4.425930	11.187355	18.129050	-96.825358
-972.237848	89.788827	-153.751882	2.436709	-2.290341	3.665235	10.854086	18.026793	-96.800065
958.433397	-100.062968	-106.198265	7.933846	3.370241	2.843688	10.481283	17.927908	-96.774042
900.119716	-103.060639	-102.211077	8.202448	3.643473	2.802183	10.462095	17.923164	-96.772753
-959.620492	-104.975716	-98.057369	8.470780	3.916187	2.760553	10.442816	17.918428	-96.771462
68.702576	-24.563862	-5.652013	13.130491	8.622124	2.004375	10.086604	17.835817	-96.748335
1019.973351	55.816761	88.807553	17.469711	12.981189	1.214831	9.702305	17.755363	-96.724653
-1031.396932	-41.000880	135.344961	21.630987	17.191738	0.307990	9.244720	17.668598	-96.697776
1002.024396	16.387770	80.405139	24.758319	20.524184	-0.626097	8.754277	17.584070	-96.670206
-148.495946	38.117916	-20.621963	26.245831	22.816117	-1.627235	8.205488	17.497584	-96.640538
-913.093876	-35.034434	-116.394544	25.039573	23.684126	-2.642537	7.622429	17.413078	-96.610096
912.753342	-40.369890	-120.113783	24.894270	23.691355	-2.691504	7.593602	17.409068	-96.608615
887.793327	-45.689110	-123.712046	24.740000	23.695595	-2.740458	7.564718	17.405064	-96.607134
-986.335176	-61.588921	-116.907405	12.264153	21.685104	-4.675083	6.358754	17.249185	-96.546923
-90.082200	66.932071	111.843678	-6.875449	16.279603	-6.517466	5.039260	17.097791	-96.483830
1050.329790	47.559979	112.373318	-7.312185	16.117439	-6.559894	5.006003	17.094172	-96.482268
-1049.644897	26.523957	112.427258	-7.744633	15.954048	-6.602198	4.972685	17.090554	-96.480705
-706.950485	5.046546	112.017711	-8.173800	15.789012	-6.644487	4.939215	17.086928	-96.479135
1047.890049	-15.344393	111.157195	-8.598694	15.622669	-6.686676	4.905661	17.083301	-96.477563
-10.321242	-65.706718	42.409656	-14.936980	12.665434	-7.374793	4.332601	17.022578	-96.450890
-995.370435	66.153049	-67.891388	-19.348710	9.460660	-8.018293	3.742325	16.962176	-96.423726
993.709142	-73.271070	-104.920657	-21.218640	5.121887	-8.766152	2.960150	16.884929	-96.388133
844.335534	-43.713282	-39.035916	-18.204277	0.686249	-9.410659	2.151270	16.807776	-96.351716
-1035.638586	-34.889472	-34.326075	-17.944347	0.460884	-9.440309	2.109520	16.803858	-96.349846
171.180226	-25.501099	-29.560352	-17.676081	0.235609	-9.469647	2.067704	16.799939	-96.347973
1080.119350	138.875285	50.002329	-12.101071	-3.565135	-9.919644	1.344867	16.733055	-96.315725
-1101.979388	150.638858	95.777297	-5.610697	-7.198744	-10.267551	0.603451	16.665883	-96.282850
-779.499147	160.313034	83.608836	1.453426	-11.017594	-10.528485	-0.277105	16.587568	-96.244011
1079.325446	67.099343	26.675896	7.315260	-14.220411	-10.621225	-1.180753	16.508417	-96.204322
-114.767468	55.629245	23.197809	7.574271	-14.364385	-10.621136	-1.227767	16.504325	-96.202260
-1077.785144	43.362029	19.701770	7.828523	-14.506069	-10.620557	-1.274812	16.500232	-96.200198
1050.754903	-196.097499	-37.874635	11.362247	-16.539951	-10.534669	-2.078438	16.430599	-96.164998
1072.962411	-226.597124	-76.839253	13.234513	-17.810848	-10.298207	-2.897092	16.359971	-96.129147
-1084.185049	32.276737	-78.539652	12.985145	-18.244844	-9.826883	-3.855984	16.277161	-96.087029
-64.519468	238.098356	-48.922933	10.085401	-17.589760	-9.135581	-4.827581	16.192575	-96.044032
1090.889783	242.227384	-47.086579	9.887706	-17.532031	-9.096031	-4.875745	16.188353	-96.041888
-1090.676586	245.654085	-45.237064	9.685888	-17.472099	-9.055987	-4.923928	16.184126	-96.039743
-737.824735	227.553609	-11.701263	5.609840	-16.085394	-8.274075	-5.773652	16.108971	-96.001667
1054.919707	148.744945	20.785446	1.046358	-14.162634	-7.354764	-6.625992	16.032122	-95.962920
-199.740009	92.047329	49.760673	-3.784314	-11.501886	-6.161697	-7.593709	15.942564	-95.918084
-1014.718834	-24.306779	62.564323	-7.190688	-8.527178	-4.830254	-8.556842	15.850382	-95.872370
1018.498877	-208.519410	51.731306	-8.335301	-5.484858	-3.400955	-9.498640	15.756620	-95.826394
820.748453	-88.474171	16.410147	-7.479425	-2.525840	-1.876890	-10.427863	15.659851	-95.779550
-1037.355975	-74.402305	14.283359	-7.392226	-2.378939	-1.797007	-10.474830	15.654833	-95.777138
232.699603	-59.775282	12.148331	-7.301306	-2.232385	-1.716882	-10.521783	15.649803	-95.774723
1052.973339	189.641714	-24.038469	-5.083565	0.363105	-0.220112	-11.372471	15.556246	-95.730123
-1052.751230	184.730923	-44.507649	-2.142721	2.765550	1.324018	-12.205057	15.459673	-95.684756
-648.609597	182.279193	-45.145270	-1.965934	2.893789	1.411772	-12.251190	15.454158	-95.682187
1051.621903	180.146212	-45.732631	-1.788569	3.021198	1.499568	-12.297227	15.448637	-95.679616
-215.575696	164.531570	-48.757276	1.263183	5.062568	3.002663	-13.068278	15.353287	-95.635584
-1023.725145	67.301374	-40.988324	4.186347	6.845904	4.518483	-13.816746	15.254856	-95.590844
1029.548296	-186.368649	-23.016109	7.097822	8.541135	6.274591	-14.653054	15.136592	-95.538046
873.623489	-104.667480	-0.703616	9.155120	9.778072	8.007258	-15.450748	15.013719	-95.484280
-1058.043365	-92.805030	0.398972	9.227846	9.825927	8.091298	-15.488821	15.007566	-95.481617
141.447741	-80.509656	1.497593	9.297659	9.872555	8.175279	-15.526814	15.001398	-95.478949
1080.418995	128.986636	19.267919	9.994258	10.481818	9.629129	-16.176453	14.891133	-95.431722
-1082.150801	180.838166	31.483161	9.512956	10.688138	11.033746	-16.790924	14.777081	-95.383765
-747.268505	215.272648	33.532013	7.130336	10.466090	12.578249	-17.453982	14.640248	-95.327384
1040.121051	99.368420	19.670703	2.712363	9.850690	14.015328	-18.061757	14.497904	-95.270018
-169.006650	84.986960	18.674980	2.448598	9.811046	14.084999	-18.091051	14.490527	-95.267080
-1038.908041	69.607467	17.661383	2.181964	9.770672	14.154375	-18.120209	14.483131	-95.264138
1039.122119	-219.888565	-0.753854	-2.619635	8.988304	15.282006	-18.591993	14.355012	-95.213689
995.053715	-232.804699	-16.255673	-7.404175	8.068884	16.307591	-19.016099	14.222414	-95.162492
-1069.649755	-3.123190	-23.422904	-11.922097	6.916716	17.362031	-19.443344	14.063295	-95.102351
-18.780066	196.850233	-21.096723	-14.360706	5.760880	18.271045	-19.798645	13.897739	-95.041197
1065.626293	202.149734	-20.818313	-14.414522	5.707743	18.310362	-19.813595	13.889745	-95.038279
-1064.496744	206.963045	-20.527672	-14.462543	5.654822	18.349343	-19.828373	13.881736	-95.035359
-741.155227	232.645727	-13.355587	-14.361523	4.716797	19.006498	-20.069346	13.731537	-94.981177
977.414289	177.680389	-4.095609	-12.563444	3.833973	19.546490	-20.249204	13.576091	-94.926217
-128.906453	68.514318	6.246517	-8.710039	2.867074	20.020869	-20.377210	13.389603	-94.861685
-896.831819	-98.435993	12.748463	-3.342078	1.944975	20.330260	-20.415659	13.195733	-94.796098
896.843705	-108.002640	12.897643	-3.061959	1.902899	20.340601	-20.415225	13.186523	-94.793018
840.229466	-117.588235	13.030302	-2.779479	1.860890	20.350578	-20.414592	13.177296	-94.789935
-917.144799	-216.479456	12.099224	2.774317	1.095829	20.469334	-20.367063	13.004056	-94.732641
130.329321	-24.861158	4.715030	8.568540	0.344097	20.464268	-20.251793	12.825088	-94.674557
1001.267059	213.159238	-5.404208	14.343339	-0.521183	20.305911	-20.036125	12.610545	-94.606303
-1023.542362	120.413605	-9.644830	17.587456	-1.393773	19.986960	-19.735734	12.388148	-94.536975
-646.179969	115.136768	-9.667043	17.650647	-1.435063	19.968131	-19.719643	12.377535	-94.533701
1023.957985	110.305987	-9.674138	17.704818	-1.476401	19.948956	-19.703374	12.366905	-94.530423
-163.501954	68.355271	-7.510033	17.216491	-2.241971	19.535194	-19.373003	12.168360	-94.469732
-1007.339901	-15.175135	-2.436064	14.377784	-3.004372	19.006868	-18.985086	11.964019	-94.408235
1014.640325	-223.000311	4.337753	9.015205	-3.862094	18.250111	-18.464048	11.718813	-94.335609
804.881927	-90.270119	9.283509	2.442867	-4.658203	17.344060	-17.871902	11.465780	-94.261874
-1046.187994	-77.211814	9.449203	2.114921	-4.694226	17.297016	-17.841847	11.453476	-94.258318
157.714197	-63.888863	9.607791	1.786336	-4.730056	17.249608	-17.811620	11.441146	-94.254757
1071.930881	149.310252	11.147176	-4.096477	-5.333032	16.341648	-17.242983	11.216670	-94.190366
-1075.812476	191.266543	9.916895	-9.615426	-5.845825	15.327964	-16.627137	10.986434	-94.125144
-700.407714	233.205866	4.357014	-14.862019	-6.302931	14.018076	-15.854243	10.711294	-94.048199
1029.356783	121.763439	-5.211795	-18.009030	-6.580409	12.571083	-15.024365	10.428395	-93.970115
-125.172740	107.554528	-5.700379	-18.093380	-6.588795	12.497179	-14.982565	10.414422	-93.966284
-1027.638170	92.353006	-6.185899	-18.170618	-6.596683	12.422912	-14.940613	10.400422	-93.962447
1022.178503	-206.016721	-13.387842	-18.251344	-6.649346	11.067526	-14.183901	10.151599	-93.894638
987.215206	-225.144514	-15.321210	-15.599712	-6.527372	9.617210	-13.390831	9.897132	-93.825987
-1045.709408	-3.530388	-7.636862	-9.080510	-6.145793	7.811682	-12.421753	9.592828	-93.744742
-59.093396	176.597499	5.487283	-0.441969	-5.490814	5.899525	-11.410033	9.280876	-93.662338
1047.563972	181.166114	6.122208	-0.009555	-5.452440	5.805768	-11.360672	9.265774	-93.658370
-1046.920283	185.287545	6.751553	0.423002	-5.413412	5.711811	-11.311221	9.250655	-93.654399
-748.514694	204.263505	16.168397	7.967316	-4.600505	3.994415	-10.409252	8.976382	-93.582694
988.105863	151.028315	19.823713	14.250215	-3.570162	2.226812	-9.481243	8.696507	-93.510125
-134.635848	43.376628	17.257133	18.605967	-2.087762	0.122238	-8.369935	8.363263	-93.424449
-930.679250	-103.408801	8.177004	19.373749	-0.292364	-2.010607	-7.230170	8.022446	-93.337586
930.756767	-112.174072	7.521191	19.319310	-0.188543	-2.123736	-7.169321	8.004256	-93.332970
805.632262	-120.867768	6.847302	19.255772	-0.083739	-2.236988	-7.108368	7.986034	-93.328348
-947.221454	-190.178967	-6.546161	17.026650	1.734304	-4.080813	-6.110957	7.687642	-93.252943
193.814871	-22.581792	-22.700432	12.771350	3.739905	-5.937159	-5.098044	7.383732	-93.176657
1008.884736	200.274148	-32.395526	5.681690	6.251838	-8.119819	-3.897562	7.021527	-93.086366
-1020.596967	168.832774	-20.093050	-2.981952	8.864843	-10.312824	-2.682852	6.651833	-92.994863
-714.452445	165.850149	-19.030715	-3.412920	8.991312	-10.418234	-2.624281	6.633909	-92.990442
1020.250348	163.097398	-17.935271	-3.843865	9.117812	-10.523660	-2.565686	6.615967	-92.986019
-215.912375	124.159873	5.964496	-11.393272	11.392635	-12.426011	-1.505954	6.289640	-92.905806
-996.612148	5.357133	32.407260	-17.778793	13.620558	-14.330857	-0.441017	5.957736	-92.824674
1003.656717	-239.745293	55.828475	-22.255903	16.049923	-16.517160	0.784542	5.569944	-92.730416
816.099753	-140.859235	62.244226	-22.113735	18.279045	-18.700149	2.010143	5.174846	-92.634932
-1036.584307	-128.682922	62.043349	-21.957442	18.384607	-18.808792	2.071158	5.154965	-92.630142
194.887255	-116.196120	61.792035	-21.786139	18.489586	-18.917351	2.132127	5.135077	-92.625351
1065.897474	88.390749	49.465941	-16.641079	20.245469	-20.815483	3.198006	4.783827	-92.540942
-1074.804978	151.759663	23.093581	-8.499920	21.849509	-22.705865	4.258488	4.427033	-92.455588
-727.040288	234.582373	-22.666294	2.526636	23.511352	-24.861516	5.465067	4.010993	-92.356517
1049.419299	161.836723	-77.627968	13.119911	24.991762	-26.998943	6.657667	3.587714	-92.256193
-173.538368	149.059010	-80.055644	13.579708	25.058679	-27.101445	6.714791	3.567109	-92.251321
-1049.155256	135.242446	-82.433478	14.032793	25.125184	-27.203879	6.771874	3.546487	-92.246446
1057.850759	-154.423196	-112.319131	20.742534	26.252245	-29.035148	7.792064	3.172329	-92.158167
955.697726	-172.708951	-102.652118	24.017470	27.243256	-30.832639	8.796295	2.792739	-92.068931
-1095.714831	-13.598493	-29.180466	23.879927	28.202027	-32.824883	9.930967	2.348460	-91.964875
-11.799377	55.161103	73.160472	20.401194	28.977264	-34.676956	11.037592	1.897002	-91.859535
1068.364089	56.775202	78.448135	20.138553	29.013889	-34.770720	11.095788	1.872709	-91.853877
-1064.940635	58.374365	83.664398	19.869033	29.050054	-34.863907	11.153893	1.848395	-91.848216
-770.415912	91.460408	151.553611	14.668679	29.572248	-36.281560	12.080317	1.452441	-91.756166
892.277667	73.343370	171.357067	8.269814	29.980681	-37.500006	12.980457	1.051187	-91.663152
-130.426262	-74.709220	128.629110	0.093273	30.318405	-38.603253	13.990078	0.578393	-91.553879
-897.102697	-94.291542	22.039629	-7.963912	30.516558	-39.301258	14.957435	0.098452	-91.443284
904.826896	-85.734451	15.325336	-8.338376	30.522882	-39.323820	15.003666	0.074761	-91.437833
801.343071	-75.948920	8.495343	-8.710099	30.528900	-39.345237	15.049787	0.051053	-91.432379
-1119.134448	132.229747	-111.695057	-14.683386	30.586257	-39.526021	15.843482	-0.369186	-91.335820
332.108534	10.558684	-185.367340	-19.145329	30.557558	-39.306279	16.601381	-0.794700	-91.238271
1790.843577	-326.407284	-231.653653	-19.860631	30.064498	-36.981290	18.247257	-1.825146	-91.002873
-1096.633902	431.574485	-233.669813	-3.737447	28.117669	-31.819868	19.662739	-2.885028	-90.761814
-698.296644	400.576028	-231.421231	-3.252737	28.039050	-31.663708	19.692792	-2.910059	-90.756133
1024.279980	355.132894	-228.986144	-2.766550	27.958467	-31.505870	19.722709	-2.935105	-90.750448
-153.422878	285.731056	-226.273657	-2.265158	27.873491	-31.341747	19.753342	-2.960888	-90.744597
-948.885211	198.397961	-223.335712	-1.762499	27.786323	-31.175744	19.783850	-2.986703	-90.738739
914.135386	107.423377	-220.303510	-1.281044	27.700905	-31.015278	19.812897	-3.011413	-90.733132
891.816697	21.913269	-217.040457	-0.798957	27.613416	-30.853076	19.841831	-3.036155	-90.727519
-558.910551	-442.495989	-137.228385	6.034765	26.109571	-28.328786	20.244748	-3.395268	-90.646096
134.673909	-42.833227	8.622201	12.061377	24.107189	-25.470040	20.619055	-3.757585	-90.564041
602.079455	397.169097	203.253178	17.613014	20.309575	-20.894667	21.097403	-4.274607	-90.447102
-809.324817	-345.752782	220.892525	17.624129	15.260093	-15.771942	21.515135	-4.797988	-90.328893
-390.528947	-213.439372	55.764259	10.370582	8.589791	-9.950070	21.884818	-5.352021	-90.203925
1071.275909	222.498196	-137.004834	-1.132576	0.724935	-3.787999	22.183470	-5.912880	-90.077558
-171.265743	223.034232	-142.820565	-1.677988	0.349651	-3.506412	22.195139	-5.938146	-90.071868
-1075.604119	220.906322	-148.241848	-2.222865	-0.027406	-3.224434	22.206661	-5.963426	-90.066175
1093.632075	-81.968534	-185.866868	-12.108008	-7.626946	2.285322	22.400093	-6.454716	-89.955582
1015.620773	-143.461378	-134.141668	-19.238247	-15.686648	7.845914	22.536731	-6.950982	-89.843928
-1088.576698	39.927677	-29.972230	-22.966658	-25.317415	14.213988	22.621633	-7.530185	-89.713630
-11.950879	104.968329	69.930476	-21.244775	-34.962362	20.390211	22.625641	-8.115330	-89.581904
1072.866375	105.064108	73.561212	-21.029905	-35.391438	20.663229	22.623856	-8.141968	-89.575902
-1071.591331	105.056482	77.079487	-20.802863	-35.819399	20.935555	22.621899	-8.168616	-89.569898
-736.517486	102.928591	120.649977	-14.018101	-43.757569	26.015952	22.550297	-8.682560	-89.453948
986.034048	83.937270	116.436667	-2.728800	-50.915894	30.744135	22.412608	-9.199738	-89.336905
-155.102148	8.931089	71.171691	13.915014	-57.702763	35.604413	22.171204	-9.794752	-89.201626
-905.186340	-111.995095	10.255119	31.397249	-62.490950	39.745598	21.837231	-10.392324	-89.064907
905.065770	-118.930475	7.257700	32.248517	-62.672044	39.935023	21.817657	-10.422855	-89.057895
820.781674	-125.730115	4.300261	33.092083	-62.846411	40.122091	21.797845	-10.453372	-89.050883
-923.151219	-165.622523	-36.347615	45.860632	-64.740825	42.946012	21.423672	-10.971205	-88.931455
134.661343	17.745789	-50.749226	54.219079	-64.456678	45.110123	20.975669	-11.489646	-88.810943
1006.855868	205.407326	-40.383839	56.247747	-61.092558	46.826452	20.359594	-12.092096	-88.669535
-1029.622905	90.508465	-15.704279	50.723879	-54.293210	47.729653	19.638444	-12.693743	-88.526640
-607.608069	84.573859	-14.298051	50.278147	-53.863706	47.754575	19.599123	-12.724178	-88.519363
1030.000400	79.204828	-12.886871	49.818439	-53.426533	47.777530	19.559534	-12.754608	-88.512083
-175.152254	37.239642	10.547135	40.120376	-44.880486	47.871837	18.844465	-13.272024	-88.387501
-1009.177662	-47.889749	28.122637	27.852390	-34.520326	47.423562	18.054053	-13.787540	-88.261802
1014.527426	-262.714794	31.858896	12.326388	-20.655598	46.246544	17.042736	-14.385900	-88.113710
827.028383	-120.739490	11.093766	-2.478645	-5.464942	44.400740	15.943362	-14.979970	-87.964082
-1047.381731	-107.058518	9.668144	-3.178769	-4.722117	44.297236	15.889182	-15.008019	-87.956949
210.274088	-93.114856	8.216503	-3.880597	-3.977763	44.192315	15.834823	-15.036056	-87.949812
1077.831340	136.833940	-20.319804	-17.092087	9.615416	42.064765	14.826206	-15.538887	-87.820675
-1089.330491	208.750923	-46.152646	-32.363170	23.298878	39.502590	13.765096	-16.037262	-87.690416
-750.014223	273.170628	-59.201224	-54.236836	38.838020	36.001855	12.469974	-16.611298	-87.537295
1063.336299	152.399516	-44.257417	-79.956068	53.373636	31.979783	11.118599	-17.177661	-87.382629
-184.664034	137.134334	-42.916355	-81.233291	54.037914	31.773547	11.052234	-17.204729	-87.375141
-1062.361217	120.845425	-41.526632	-82.511218	54.698804	31.566060	10.985716	-17.231794	-87.367644
1061.144314	-203.526575	-10.034296	-104.824710	65.748912	27.690388	9.784338	-17.710010	-87.233625
958.836544	-243.495145	29.909246	-124.877520	75.188416	23.484265	8.553274	-18.181261	-87.098466
-1081.271735	-49.056640	77.461441	-142.623963	83.666519	18.181612	7.083935	-18.722359	-86.939077
1.182241	96.847656	109.706784	-151.040269	88.813323	12.496160	5.589062	-19.252309	-86.778107
1076.577424	100.885328	110.574473	-151.153857	88.969254	12.208249	5.515263	-19.277987	-86.770175
-1075.603492	104.638616	111.359610	-151.236693	89.115684	11.919516	5.441424	-19.303636	-86.762239
-711.841056	145.073710	109.709705	-147.589794	90.132308	6.748421	4.144317	-19.747439	-86.622814
1004.549737	158.739596	72.126346	-133.847779	88.244028	1.395246	2.840171	-20.181734	-86.482220
-172.723603	154.215395	-15.978286	-104.452069	82.632270	-4.969775	1.318813	-20.674929	-86.316949
-911.571617	49.660559	-102.388157	-59.973996	73.698018	-11.355981	-0.197065	-21.153559	-86.150073
910.195309	40.267887	-105.464730	-57.411514	73.184695	-11.665247	-0.270575	-21.176471	-86.141909
809.239723	30.560806	-108.382374	-54.811533	72.664411	-11.974257	-0.344052	-21.199346	-86.133741
-896.934552	-100.188973	-125.971347	-2.791631	62.400080	-17.361890	-1.632316	-21.596273	-85.989183
156.246319	14.673108	-67.969209	59.014495	50.219337	-22.587587	-2.904839	-21.981176	-85.843438
950.092496	105.689571	43.207597	129.407284	33.912021	-28.370417	-4.361349	-22.413866	-85.672058
-1033.029267	-129.328482	109.234420	179.130875	15.682922	-33.704306	-5.781408	-22.828547	-85.499052
-634.333548	-134.633384	108.925103	180.704589	14.736424	-33.954683	-5.850665	-22.848606	-85.490439
1043.565688	-138.141263	108.140702	182.177108	13.786154	-34.203641	-5.919812	-22.868618	-85.481822
-292.139711	23.658053	34.585188	191.910674	-3.236797	-38.279482	-7.100235	-23.208114	-85.331768
-1252.161056	230.940012	-75.987905	173.833870	-21.004215	-41.845912	-8.242007	-23.533008	-85.180507
1363.867222	-354.725595	-87.044550	39.473979	-60.815514	-47.728143	-10.715167	-24.227814	-84.824673
751.380336	195.630115	96.132296	-149.610924	-90.105657	-49.468077	-12.888261	-24.833777	-84.462231
-1128.989933	253.655815	94.852265	-152.903962	-90.615779	-49.449912	-12.938543	-24.847826	-84.453020
32.383959	313.735533	93.002260	-156.060960	-91.112696	-49.428472	-12.988624	-24.861822	-84.443798
1108.012043	368.446511	90.721831	-158.912612	-91.568884	-49.405241	-13.035651	-24.874967	-84.435096
-1097.660087	416.967868	87.910741	-161.640267	-92.012476	-49.379094	-13.082441	-24.888050	-84.426396
-283.590615	206.352211	-11.948411	-189.107574	-97.385622	-48.528533	-13.815565	-25.093438	-84.284129
824.116379	-371.543093	-120.714680	-185.211207	-99.039805	-46.836411	-14.493810	-25.283939	-84.140860
-830.219659	302.233844	-111.870609	-137.608118	-96.209764	-43.361363	-15.289233	-25.507434	-83.954197
963.338171	103.972741	33.620864	-59.502681	-88.584721	-38.591075	-15.993196	-25.704470	-83.765854
877.777810	78.067491	41.730024	-55.239439	-88.098986	-38.325871	-16.025570	-25.713492	-83.756515
-977.203828	53.164713	49.762220	-50.956942	-87.603697	-38.058052	-16.057722	-25.722448	-83.747173
293.335362	-130.390574	163.220316	24.389934	-77.493246	-32.974054	-16.584468	-25.868284	-83.582997
1110.787231	-39.098506	199.802675	90.968717	-65.022036	-27.233080	-17.043203	-25.993073	-83.417561
-1087.773895	21.160825	173.335205	142.148090	-48.371730	-19.959108	-17.488712	-26.110300	-83.224821
-635.045572	-11.915958	89.780658	163.004828	-30.110278	-12.199923	-17.843643	-26.197745	-83.030411
1029.362837	-10.441374	82.580918	163.342329	-29.136555	-11.788997	-17.859552	-26.201444	-83.020303
-214.993726	-8.293101	75.030972	163.613056	-28.160841	-11.377363	-17.875219	-26.205061	-83.010190
-1008.963799	34.290892	-82.289093	159.098148	-11.700508	-4.428933	-18.100961	-26.253160	-82.840734
1043.435487	-69.019381	-224.618675	140.377656	4.698703	2.573136	-18.259299	-26.277713	-82.670038
950.623840	-32.563580	-253.175868	106.234659	23.029118	10.567282	-18.358418	-26.276091	-82.470906
-1177.897698	132.145920	-168.895343	64.132155	40.124017	18.241941	-18.366796	-26.241948	-82.270119
101.982746	139.934733	-163.310460	62.011380	40.894519	18.594291	-18.364931	-26.239518	-82.260559
1178.781312	147.402100	-157.639899	59.882360	41.660959	18.945430	-18.362861	-26.237015	-82.250995
-1147.130845	209.943695	-47.442823	19.815429	54.937978	25.148696	-18.288265	-26.178026	-82.074787
-737.293429	179.379026	49.294131	-20.441191	66.466252	30.797546	-18.143769	-26.094459	-81.897342
970.074083	56.138791	129.675118	-63.773233	77.091725	36.427109	-17.890108	-25.968550	-81.691828
-100.493110	-152.952262	173.722080	-100.389286	84.383940	40.931237	-17.541401	-25.811384	-81.484690
-917.218809	-165.695483	174.939653	-102.005159	84.655931	41.126531	-17.521086	-25.802562	-81.474105
802.385091	-178.609588	176.055700	-103.593906	84.917798	41.318337	-17.500520	-25.793661	-81.463515
946.439806	-328.905452	180.053533	-126.881069	87.750004	44.017125	-17.112740	-25.630452	-81.282984
-1035.726105	-183.600892	158.776090	-144.195814	87.279533	45.572557	-16.651744	-25.444886	-81.101249
-38.716252	206.708796	49.536954	-151.104943	70.312748	44.551396	-15.266469	-24.919129	-80.666318
1108.653529	270.190633	-54.623739	-89.445457	29.399333	37.893133	-13.483843	-24.276543	-80.224801
-1094.134574	265.962876	-56.041365	-86.996279	28.209985	37.672081	-13.435923	-24.259471	-80.213958
-640.897148	259.303574	-57.377165	-84.503052	27.016258	37.448660	-13.387835	-24.242343	-80.203117
1065.242299	245.815268	-58.551509	-82.130257	25.895458	37.237459	-13.342685	-24.226266	-80.192974
-260.485597	221.304084	-59.651753	-79.718031	24.770670	37.024102	-13.297364	-24.210131	-80.182829
-1037.700887	187.069848	-60.703195	-77.198892	23.611112	36.802666	-13.250623	-24.193493	-80.172401
817.286099	148.618692	-61.672706	-74.638826	22.447835	36.578989	-13.203705	-24.176796	-80.161970
891.411952	-116.086476	-65.242654	-34.306424	5.663645	33.169508	-12.518453	-23.933076	-80.013384
-845.466545	-198.419462	-44.834001	11.538035	-11.107781	29.362728	-11.800259	-23.677387	-79.864077
95.744732	-12.185692	22.095036	79.024618	-33.274331	23.443273	-10.741182	-23.298455	-79.653154
921.999822	115.714032	71.739249	141.695367	-52.026188	16.984006	-9.630346	-22.896960	-79.440839
-944.480810	-96.417257	38.632990	191.095307	-65.905802	9.754199	-8.412928	-22.450379	-79.215734
-649.018953	106.315787	-63.965306	209.226230	-71.490495	2.249958	-7.155632	-21.980146	-78.989107
945.714224	120.255543	-69.812276	209.169571	-71.510530	1.874934	-7.092623	-21.956307	-78.977868
-266.421206	133.644040	-75.669653	209.019492	-71.504949	1.499896	-7.029577	-21.932426	-78.966632
-1016.756979	155.864456	-164.731712	191.401176	-67.603188	-5.038475	-5.921168	-21.507788	-78.770422
1181.621944	-225.424035	-206.487482	145.289022	-57.551508	-11.480437	-4.796300	-21.066683	-78.573102
886.326208	96.176911	-254.095721	56.480360	-40.317466	-18.566825	-3.485635	-20.537940	-78.344095
-1183.431349	400.546018	-195.562881	-65.229596	-19.294395	-25.027140	-2.169416	-19.988550	-78.113624
112.216212	388.753198	-187.588218	-71.537131	-18.219906	-25.319737	-2.105624	-19.961406	-78.102415
1136.262849	373.111948	-179.062089	-77.849092	-17.143000	-25.610019	-2.041880	-19.934232	-78.091209
-476.415606	-259.792658	46.526079	-186.234098	2.254816	-30.388632	-0.909369	-19.442612	-77.891108
-123.504921	-427.148096	375.499530	-268.066456	21.035242	-34.309968	0.214441	-18.936644	-77.689937
492.982566	279.631167	586.275367	-194.789622	54.776287	-39.180761	2.815682	-17.680036	-77.207904
551.504780	-231.370243	-696.375125	248.588449	58.959495	-35.940591	5.263810	-16.350903	-76.719965
-701.789030	74.439284	-622.102921	256.060900	58.512936	-35.726077	5.325283	-16.315192	-76.707115
854.088994	241.250186	-538.948728	262.990186	58.033646	-35.504402	5.386645	-16.279416	-76.694253
641.009378	211.295214	-464.221883	268.320693	57.610677	-35.314973	5.437506	-16.249662	-76.683566
-1098.971341	81.065810	-385.682334	273.257200	57.165063	-35.120803	5.488263	-16.219877	-76.672876
281.199538	-96.355911	-296.513194	278.234687	56.647357	-34.901281	5.544110	-16.187000	-76.661086
1344.570691	-262.442781	-206.657177	282.717055	56.101508	-34.675992	5.599864	-16.154065	-76.649286
-2378.338080	401.926758	720.937327	287.950610	45.669560	-31.004039	6.360747	-15.692766	-76.485053
-1775.773600	486.548033	599.365836	182.997685	30.389861	-26.452075	7.095090	-15.224380	-76.320178
2293.076964	-604.043207	-481.259865	-56.822330	4.183286	-18.936757	8.078344	-14.554523	-76.087376
852.367831	-52.053702	-652.835127	-248.864920	-22.348373	-10.599176	8.999321	-13.871731	-75.853331
-1177.696122	580.275255	-83.798084	-261.802963	-44.135084	-1.611450	9.886766	-13.146961	-75.608077
941.135208	-407.676073	448.584377	-136.292056	-54.824181	7.082845	10.693866	-12.409467	-75.361485
832.357752	-439.106852	457.972460	-128.516377	-55.046607	7.478074	10.730079	-12.374146	-75.349743
-930.587657	-464.974390	465.153318	-120.653284	-55.244349	7.871224	10.766095	-12.338798	-75.337999
55.646094	-196.179352	286.293977	28.374291	-54.737805	14.666061	11.389059	-11.687919	-75.122776
869.062871	276.215038	-86.680386	152.950669	-47.240605	20.645332	11.941864	-11.028495	-74.906567
-715.905836	-216.050296	-169.622423	200.571737	-31.449389	26.402977	12.487713	-10.256472	-74.655517
-790.699585	83.080108	61.749417	113.010978	-10.149469	30.773326	12.927687	-9.474332	-74.403169
788.428087	141.686536	72.945343	106.702665	-8.919558	30.965330	12.948155	-9.432133	-74.389606
-517.429137	199.948461	83.323142	100.416252	-7.684932	31.152863	12.968300	-9.389907	-74.376038
-784.438697	-237.198452	73.712757	-77.633536	34.229603	34.714791	13.465621	-7.872681	-73.891509
1036.210322	-216.809034	-13.382952	-111.479934	53.582523	31.481338	13.519751	-6.326258	-73.402361
840.719339	-119.179016	-13.949596	-109.820506	53.539380	31.308815	13.515655	-6.288438	-73.390443
-1054.134780	-19.609593	-14.444611	-108.031231	53.467086	31.131541	13.511307	-6.250580	-73.378515
100.641848	77.952941	-14.867805	-106.091787	53.364625	30.947257	13.506646	-6.212209	-73.366428
1072.376817	167.140935	-15.207231	-104.029629	53.233254	30.758315	13.501730	-6.173823	-73.354337
-1206.373396	309.426973	-4.372772	-56.528348	47.341699	27.017433	13.384174	-5.538849	-73.154573
-374.268381	-185.489777	40.225508	1.902061	35.962799	22.258270	13.199283	-4.900405	-72.954059
1351.534142	-334.044690	81.956256	59.202401	16.784437	14.986415	12.864456	-4.071676	-72.694036
-520.228601	305.671123	30.322867	65.827328	-3.337417	6.911874	12.425803	-3.239255	-72.432796
-1354.662589	325.767109	25.773235	65.023602	-4.262374	6.516616	12.402447	-3.199613	-72.420348
435.554103	342.839118	21.074832	64.139239	-5.182959	6.120484	12.378853	-3.159940	-72.407888
1268.511747	-348.034875	-161.476128	-3.588412	-36.627851	-9.717623	11.248592	-1.558673	-71.903680
-1102.588878	130.570635	-36.980618	-41.143873	-51.368351	-22.923947	9.790514	0.042565	-71.395120
105.170198	186.394136	-31.687086	-41.477743	-51.448139	-23.183440	9.751113	0.081576	-71.382653
1092.447545	240.770538	-26.385126	-41.790463	-51.512863	-23.439364	9.711511	0.120607	-71.370175
-1087.232591	290.646537	-20.968120	-42.088482	-51.563266	-23.697033	9.670852	0.160497	-71.357418
-720.988398	331.711904	-15.557615	-42.365288	-51.597629	-23.950847	9.629986	0.200406	-71.344651
1004.320351	198.226160	68.429638	-44.107258	-49.911673	-27.507937	8.940434	0.848412	-71.136674
-120.748328	-59.702039	138.536266	-41.261440	-44.235991	-30.009494	8.205213	1.494291	-70.927989
-938.440869	-170.579231	193.404470	-31.541996	-32.346048	-31.778564	7.197321	2.319990	-70.658865
970.120120	-264.508378	190.500169	-15.522547	-17.034478	-32.069373	6.122659	3.139976	-70.388595
826.958009	-264.016997	188.427116	-14.536875	-16.191439	-32.047342	6.065809	3.181871	-70.374698
-974.956517	-262.474536	186.150626	-13.536172	-15.344624	-32.021859	6.008798	3.223748	-70.360797
131.670464	-106.000559	122.200650	4.861568	-0.745142	-31.093908	5.025137	3.926579	-70.126066
1048.175541	102.063331	29.715463	23.612463	13.632393	-29.298223	4.003770	4.623144	-69.890500
-1048.856781	169.656279	-75.656079	40.917904	28.410494	-26.271394	2.782716	5.421528	-69.616394
-614.851867	202.951244	-138.348803	47.969899	39.344058	-22.388337	1.533268	6.208754	-69.341186
1015.905786	202.247861	-139.592418	47.950462	39.751227	-22.177052	1.470959	6.247367	-69.327549
-294.842322	201.118459	-140.627413	47.891044	40.144426	-21.963968	1.408572	6.285972	-69.313901
-989.687747	95.529507	-129.375559	40.939556	44.785374	-17.997236	0.314980	6.954568	-69.075262
991.485120	-133.745135	-81.361778	25.472632	45.585628	-13.635382	-0.782286	7.612691	-68.835818
836.110946	-189.815470	-13.535373	2.348801	42.557258	-8.304889	-2.028582	8.349417	-68.561708
-1073.352878	-105.793902	45.974976	-21.165071	36.162034	-2.714454	-3.258167	9.069854	-68.286577
139.819292	-48.791937	82.184387	-39.237084	27.414569	2.911511	-4.446792	9.765088	-68.013431
1073.643954	39.476763	83.949916	-47.635585	17.152524	8.463405	-5.596892	10.441694	-67.739290
-1070.173035	46.779492	82.981767	-47.785142	16.613976	8.736863	-5.653362	10.475114	-67.725514
-584.719417	54.554653	81.905942	-47.909582	16.073637	9.009856	-5.709740	10.508504	-67.711727
972.509483	167.127524	42.057749	-46.067247	5.937930	13.911720	-6.726636	11.115936	-67.456640
-109.909053	-6.753947	-28.188018	-37.725350	-4.146307	18.454616	-7.691090	11.704952	-67.200730
-881.258282	-19.516453	-32.343438	-37.078437	-4.723789	18.706040	-7.745623	11.738768	-67.185756
878.327243	-31.769707	-36.435198	-36.415984	-5.299733	18.955895	-7.799976	11.772537	-67.170770
873.908395	-126.316960	-84.038262	-23.871554	-14.304391	22.750518	-8.651593	12.311379	-66.927019
-914.862620	-92.479184	-75.337921	-9.175105	-22.355569	25.970741	-9.439570	12.831616	-66.682543
111.341764	15.520713	-13.025507	8.096862	-29.966227	28.847942	-10.268529	13.413933	-66.396410
1053.286927	47.988643	66.207958	22.494637	-35.003217	30.603518	-10.989436	13.968955	-66.109290
-1055.001104	44.532646	69.953801	23.095267	-35.178907	30.659755	-11.023174	13.996577	-66.094588
-686.270220	40.618927	73.621215	23.679704	-35.345985	30.712559	-11.056599	14.024125	-66.079883
1061.028619	-33.974598	108.086141	30.699062	-36.779387	31.062570	-11.571966	14.477820	-65.831372
-248.524251	-3.331196	58.732819	31.586877	-35.314841	30.333604	-11.992027	14.910094	-65.582148
-1008.055607	34.639406	-55.437907	26.747790	-29.885117	28.180845	-12.359511	15.382395	-65.293215
992.287945	-44.160292	-124.837953	19.536401	-21.507188	24.824870	-12.603404	15.824700	-65.003341
781.556315	-44.227689	-124.746329	19.175414	-21.013578	24.620738	-12.612818	15.846996	-64.988153
-992.189741	-43.457145	-124.148208	18.820283	-20.516133	24.414127	-12.621898	15.869195	-64.972972
198.583414	36.692817	-56.167795	13.694370	-11.855155	20.656143	-12.724686	16.223609	-64.721831
1013.512819	65.418414	58.302035	9.629999	-2.851606	16.353773	-12.739935	16.554623	-64.470019
-1017.000620	-80.545996	130.295604	5.474182	7.210152	10.874615	-12.650981	16.909944	-64.176534
-587.152277	54.703761	57.089416	1.198050	16.051697	5.111834	-12.451517	17.234165	-63.882150
1012.361548	64.728477	50.928321	0.978271	16.458108	4.813890	-12.438425	17.249924	-63.867067
-306.998379	74.447320	44.675310	0.758811	16.859471	4.515872	-12.425055	17.265603	-63.851982
-1025.631818	117.062020	-60.573821	-2.908451	22.859370	-0.487168	-12.158631	17.517906	-63.597404
1067.530280	-121.239742	-126.697872	-6.588884	27.414960	-5.348080	-11.816557	17.747907	-63.342174
910.660043	-149.376511	-118.412307	-10.780497	30.897638	-10.607521	-11.330551	17.986474	-63.046310
-1173.579546	22.545940	-28.719726	-13.985517	32.538222	-15.327694	-10.751636	18.196262	-62.749593
161.166565	31.388582	-23.439979	-14.094139	32.572461	-15.537265	-10.721795	18.205553	-62.735428
1173.758138	39.947860	-18.134330	-14.197798	32.602821	-15.745353	-10.691754	18.214780	-62.721261
-1142.633603	133.632296	72.920824	-15.076808	32.513526	-19.275221	-10.110301	18.371632	-62.463005
-829.986313	162.665222	118.136341	-13.566398	31.353364	-22.321353	-9.465396	18.507619	-62.204132
969.482628	111.863260	71.609153	-8.403437	28.969420	-25.252363	-8.644655	18.639285	-61.904139
-31.391541	-65.757148	-29.146791	-0.632209	25.584088	-27.564962	-7.747414	18.744116	-61.603337
-902.120857	-73.603760	-34.352553	-0.191996	25.385708	-27.666702	-7.699640	18.748758	-61.587960
900.858783	-80.933245	-39.488654	0.250797	25.185033	-27.766812	-7.651707	18.753329	-61.572590
878.389771	-117.879940	-106.546204	7.967324	21.444900	-29.221105	-6.815438	18.820212	-61.312980
-959.486542	-55.933628	-114.396051	15.517477	17.066258	-30.238952	-5.928990	18.868026	-61.052789
126.743513	51.111581	-59.017799	23.131952	11.243038	-30.885488	-4.841083	18.900084	-60.750062
1077.624212	58.397484	38.020452	29.494135	4.691146	-30.970986	-3.694533	18.907489	-60.446560
-1078.540135	53.615490	43.202291	29.770594	4.360805	-30.961247	-3.638341	18.907235	-60.432028
-648.668979	48.406137	48.395744	30.044867	4.028757	-30.950248	-3.581993	18.906926	-60.417486
1071.934071	-47.854977	118.174279	34.638260	-2.247268	-30.534297	-2.540082	18.891813	-60.153313
-228.445283	-3.378708	84.014893	38.658751	-8.928092	-29.712647	-1.465381	18.858941	-59.888583
-1002.862207	47.541265	-37.213764	43.141815	-16.797290	-28.273682	-0.196128	18.799620	-59.583289
988.971971	-53.621488	-129.296385	48.141930	-24.403030	-26.316046	1.099176	18.717828	-59.277275
815.881165	-54.484186	-129.812957	48.421577	-24.773301	-26.202131	1.165971	18.713050	-59.261600
-989.592686	-54.415801	-129.719902	48.703996	-25.141062	-26.086886	1.232809	18.708214	-59.245924
168.262539	28.145748	-54.405570	53.614890	-30.867919	-23.947519	2.363607	18.618247	-58.981653
1031.013575	69.192224	77.454503	57.722357	-35.404603	-21.437475	3.500206	18.512409	-58.716861
-1043.456426	-77.319532	149.186551	59.369025	-38.571520	-18.076960	4.819225	18.370088	-58.408791
-598.184195	34.523798	46.496498	55.251682	-38.859787	-14.301807	6.128658	18.207415	-58.100059
1038.209632	42.778339	38.973164	54.855317	-38.794536	-14.107360	6.192543	18.198913	-58.084883
-297.588038	50.756999	31.397099	54.438796	-38.721849	-13.912269	6.256342	18.190369	-58.069715
-1040.754162	89.706889	-97.671643	43.468416	-36.274792	-10.351284	7.374622	18.031634	-57.801476
1065.477857	-92.556627	-174.782092	24.794696	-31.870240	-6.615374	8.471889	17.858432	-57.532773
889.906413	-90.510758	-141.547530	-6.590818	-24.796631	-2.152635	9.707455	17.640421	-57.221260
-1128.831870	35.204260	-9.696431	-42.941465	-16.127784	2.371033	10.897355	17.404089	-56.909151
172.371175	39.440592	-2.345290	-44.668403	-15.686603	2.585393	10.952464	17.392441	-56.894342
1127.651377	43.217728	5.036410	-46.391023	-15.242847	2.799809	11.007483	17.380746	-56.879523
-1090.311480	58.842733	132.314585	-75.842590	-6.856768	6.666561	11.983433	17.161569	-56.610262
-737.704927	99.478978	207.436525	-98.760885	1.914055	10.443641	12.911875	16.929627	-56.340585
944.557044	88.003647	175.778877	-112.140957	12.072664	14.627437	13.919760	16.645563	-56.027792
-55.066152	-105.770736	44.547515	-109.301852	21.681093	18.519463	14.846606	16.345414	-55.714456
-913.049074	-112.908653	36.701243	-108.729108	22.126585	18.699487	14.889402	16.330434	-55.699222
913.654009	-119.264137	28.776344	-108.115062	22.569813	18.878595	14.931984	16.315418	-55.683987
896.445280	-94.186935	-114.670887	-90.050665	30.058493	21.910279	15.654955	16.041241	-55.411782
-1019.715640	65.217151	-221.518452	-58.010173	36.590683	24.586387	16.303196	15.755796	-55.139198
88.871085	173.783228	-224.973629	-4.225126	42.638662	27.149613	16.949250	15.413574	-54.824818
1066.347628	-22.004782	-52.515364	60.347132	46.782364	29.069693	17.478821	15.057460	-54.509980
-1063.193098	-41.676549	-40.609669	63.681904	46.936459	29.148717	17.502542	15.038932	-54.493907
-561.304530	-61.676022	-28.570289	67.003816	47.084581	29.225770	17.525921	15.020380	-54.477844
979.698223	-220.601401	161.529612	119.677813	48.657589	30.227653	17.871079	14.700760	-54.205406
-917.904124	237.128122	218.501298	158.621076	48.296249	30.627649	18.115621	14.371594	-53.932660
-825.166565	-256.629503	-207.482793	162.840388	39.230834	29.292715	18.279428	13.555237	-53.284788
1078.211850	-200.114146	-199.436449	55.579243	21.323908	25.238764	17.890187	12.693024	-52.635478
834.951704	-112.088239	-190.657710	51.999598	20.831377	25.114505	17.874593	12.672016	-52.620030
-1081.954139	-22.131818	-181.529635	48.383132	20.336823	24.989074	17.858715	12.650984	-52.604581
128.854574	62.913879	-172.309441	44.824011	19.852773	24.865662	17.842960	12.630457	-52.589518
1085.277611	139.503434	-162.781895	41.232036	19.366626	24.741073	17.826924	12.609895	-52.574445
-1086.883023	203.065087	-152.827643	37.560409	18.871866	24.613611	17.810388	12.589021	-52.559159
-746.449313	251.079705	-142.594961	33.861903	18.375412	24.485035	17.793574	12.568124	-52.543872
1109.964546	-33.062783	17.239270	-20.225870	11.183372	22.543442	17.525272	12.268970	-52.326686
-18.998197	-244.352830	146.807631	-72.679614	3.869013	20.402230	17.203050	11.965514	-52.109372
-1172.541992	65.525099	172.571971	-132.679475	-6.214678	17.103847	16.662999	11.532519	-51.804045
642.388862	242.635819	71.189090	-169.840218	-15.567556	13.523257	16.025023	11.091905	-51.498511
1249.557855	-253.512315	-148.513801	-166.888340	-31.230022	5.437216	14.401860	10.151187	-50.861094
-1136.794308	102.895283	-30.112394	-64.188820	-42.088286	-3.005070	12.418566	9.183952	-50.223011
86.613718	149.893514	-25.505329	-61.064751	-42.295214	-3.206420	12.367104	9.160539	-50.207749
1125.611034	195.824384	-20.934319	-57.927860	-42.499821	-3.407629	12.315462	9.137113	-50.192486
-1119.666667	238.217850	-16.281443	-54.691072	-42.707752	-3.614319	12.262187	9.113019	-50.176796
-715.343430	272.918026	-11.684131	-51.443434	-42.913251	-3.820843	12.208723	9.088911	-50.161105
1017.969543	147.708096	51.545823	0.057303	-45.836673	-7.044141	11.342470	8.707631	-49.914002
-957.237382	-134.045472	94.661290	48.565183	-48.200635	-10.190099	10.432090	8.323377	-49.666842
957.841777	-290.574196	113.835237	98.280063	-50.500303	-14.100011	9.189581	7.820915	-49.346154
704.945351	-248.456531	85.992479	124.908353	-52.015988	-17.748020	7.882710	7.314454	-49.025410
-1019.412391	-239.837658	83.616866	125.587813	-52.068904	-17.910156	7.820424	7.290799	-49.010485
206.641931	-230.508803	81.154239	126.220641	-52.120324	-18.071557	7.758012	7.267137	-48.995559
1071.678034	-2.480979	24.260535	130.047775	-52.849916	-20.915203	6.581371	6.828186	-48.719455
-1090.269555	159.122272	-38.847084	120.749179	-53.286882	-23.457030	5.365176	6.387110	-48.443354
-768.049789	283.964114	-90.243611	96.840786	-53.369535	-25.960431	3.914869	5.875133	-48.124254
1058.689803	194.612367	-93.916705	62.320556	-52.818851	-27.958381	2.421929	5.361341	-47.805189
-256.923652	181.739313	-92.957786	60.476429	-52.772886	-28.040899	2.349944	5.336865	-47.790013
-1058.087368	167.990870	-91.909448	58.618240	-52.724946	-28.122246	2.277922	5.312402	-47.774847
1066.046976	-134.414286	-59.139480	22.703373	-51.464609	-29.414736	0.948824	4.865283	-47.497933
976.128608	-246.637703	-8.656990	-14.130274	-49.359470	-30.353083	-0.404214	4.417640	-47.221090
-1152.221769	46.779868	98.991576	-73.906481	-40.068877	-31.255016	-3.675125	3.360091	-46.567405
75.929537	160.687050	42.138939	-58.384710	-23.902604	-30.481656	-7.010161	2.306373	-45.914335
1069.099832	158.267218	38.207004	-57.400600	-23.485641	-30.447449	-7.083890	2.283247	-45.899961
-1064.411545	155.713994	34.153535	-56.398259	-23.066377	-30.412516	-7.157671	2.260110	-45.885578
-637.752287	153.051105	29.505873	-55.261095	-22.596717	-30.372753	-7.239912	2.234326	-45.869547
1053.693585	150.208178	24.733264	-54.103788	-22.124647	-30.332122	-7.322153	2.208547	-45.853516
-224.824215	146.752610	20.098528	-52.987465	-21.674385	-30.292756	-7.400216	2.184083	-45.838300
-1043.724456	141.752559	15.375367	-51.855283	-21.222336	-30.252640	-7.478227	2.159639	-45.823094
990.017356	-59.284498	-55.742601	-34.388425	-14.589343	-29.599204	-8.588205	1.812275	-45.606698
939.904741	-127.680210	-113.701505	-15.909095	-7.676646	-28.797291	-9.695874	1.466115	-45.390404
-970.405145	-7.636187	-130.488424	7.415125	2.331315	-27.423560	-11.256244	0.978494	-45.084407
124.772410	99.312080	-68.124907	21.765500	12.263330	-25.790352	-12.802820	0.494153	-44.778658
1036.915416	58.065026	56.727152	26.165075	22.127316	-23.836925	-14.393652	-0.006384	-44.460432
-1054.221428	-80.590744	153.441898	20.476683	30.920957	-21.650657	-15.958288	-0.502273	-44.142512
-563.034473	-81.503841	154.547309	19.954801	31.308324	-21.536699	-16.035044	-0.526716	-44.126766
1054.235609	-81.467146	155.164057	19.411297	31.690143	-21.422163	-16.111768	-0.551161	-44.111011
-291.748217	5.248627	100.861824	7.622006	37.255661	-19.362261	-17.426539	-0.972133	-43.838461
-1029.152941	67.517348	-31.687249	-4.926831	40.410209	-17.166323	-18.714104	-1.388883	-43.566161
1030.844202	-57.130142	-166.949456	-13.238923	40.175130	-14.439681	-20.179009	-1.869871	-43.248419
754.862119	-8.409831	-110.882394	-9.261079	35.151343	-11.523342	-21.596361	-2.344008	-42.931084
-1058.457097	-2.462137	-103.383375	-8.781445	34.765715	-11.361742	-21.670941	-2.369238	-42.914073
222.918363	3.447513	-95.588161	-8.283560	34.370024	-11.199644	-21.745368	-2.394446	-42.897064
1084.019933	43.814137	49.614036	1.068366	26.918479	-8.554186	-22.909264	-2.792948	-42.626342
-1090.950859	-49.209037	161.048454	9.522051	18.014137	-5.799239	-24.030527	-3.185646	-42.355944
-664.308404	37.033410	127.977849	13.005159	7.048401	-2.466078	-25.280825	-3.636231	-42.040738
1056.649316	87.905777	-0.204645	10.109194	-3.557960	0.969391	-26.462794	-4.077862	-41.726017
-258.291901	81.644881	-7.428773	9.819218	-4.088401	1.151948	-26.522804	-4.100770	-41.709522
-1055.301319	74.169381	-14.597838	9.517553	-4.615433	1.334713	-26.582611	-4.123652	-41.693029
1052.665252	-109.180190	-110.640719	3.138047	-12.692611	4.368032	-27.536493	-4.496234	-41.421901
912.545427	-101.852645	-132.253343	-5.008965	-19.292655	7.440425	-28.431381	-4.861310	-41.151178
-1072.744842	50.106240	-76.703974	-14.770774	-24.399655	11.022690	-29.388523	-5.273869	-40.838474
53.123739	124.503973	16.857535	-22.244827	-26.018508	14.608438	-30.256513	-5.675351	-40.526343
1064.799990	125.986953	21.653870	-22.511002	-25.992659	14.790294	-30.298183	-5.695467	-40.510481
-1063.458381	127.346803	26.402887	-22.763390	-25.955549	14.972057	-30.339607	-5.715553	-40.494621
-645.401294	146.287579	92.709520	-24.439422	-23.667239	18.016291	-31.000837	-6.049844	-40.227250
976.878885	147.810659	109.663645	-19.277749	-18.576291	20.987275	-31.588449	-6.375154	-39.960344
-252.379014	106.002234	43.143113	-2.688680	-10.252666	24.328909	-32.180810	-6.745893	-39.646956
-900.386970	-8.637421	-57.967750	17.252882	-1.011721	27.436392	-32.660881	-7.103161	-39.334236
900.577076	-16.251580	-62.220829	18.094189	-0.582938	27.575567	-32.680599	-7.119622	-39.319545
784.891287	-23.930419	-66.363763	18.918218	-0.156044	27.714057	-32.700056	-7.136052	-39.304856
-924.822849	-114.267749	-112.639056	29.582292	7.064663	30.102081	-33.007318	-7.429049	-39.038265
185.353291	-10.324426	-83.181735	29.353707	12.577479	32.216792	-33.224550	-7.711382	-38.772204
1016.298435	85.273590	21.221803	18.511269	15.951852	34.269277	-33.359140	-8.025224	-38.464081
-1038.350242	-63.688502	126.872970	1.154698	16.335807	35.823024	-33.362090	-8.323756	-38.156713
-603.904936	-67.807671	129.196869	0.160315	16.283843	35.889112	-33.358516	-8.338917	-38.140690
1038.473981	-70.825693	130.994589	-0.838591	16.225243	35.953673	-33.354565	-8.354045	-38.124660
-280.904108	-12.907154	93.210770	-16.920643	14.371734	36.786377	-33.234343	-8.597469	-37.860661
-1010.725246	52.900195	-24.027059	-28.732477	11.067121	37.165383	-33.007520	-8.829689	-37.597241
1011.855187	-44.214363	-148.460624	-30.265459	5.830720	37.004323	-32.605192	-9.085728	-37.291801
723.858822	3.159193	-97.028865	-14.462916	-0.312033	36.164900	-32.052336	-9.327078	-36.987175
-1040.811041	7.717663	-91.015815	-13.434894	-0.603069	36.108907	-32.023038	-9.337948	-36.973029
246.683706	12.240097	-84.789759	-12.390961	-0.893665	36.051388	-31.993427	-9.348787	-36.958885
1068.348124	43.056560	52.238072	8.274928	-6.064549	34.702612	-31.387373	-9.544445	-36.696529
-1076.680945	-54.988001	158.369063	25.690212	-10.292815	32.810424	-30.677795	-9.729509	-36.434793
-676.596583	35.673450	117.567185	33.296605	-13.023227	29.921747	-29.733296	-9.930635	-36.132721
1045.023205	94.269465	-24.112148	27.321520	-12.649783	26.279357	-28.662850	-10.118034	-35.831502
-258.720881	88.517810	-31.962444	26.711018	-12.553992	26.075949	-28.605383	-10.127168	-35.816263
-1043.948241	81.601990	-39.780887	26.073649	-12.451475	25.870693	-28.547576	-10.136273	-35.801017
1043.657217	-99.168054	-149.298923	11.642443	-9.800278	22.142411	-27.520843	-10.285544	-35.542619
903.724233	-98.664027	-166.770113	-8.128661	-5.797832	18.016962	-26.410736	-10.425007	-35.284872
-1071.361106	22.221135	-61.029768	-33.730314	-0.159365	12.846769	-25.020727	-10.575056	-34.985978
70.309746	57.247097	91.872657	-52.825497	5.728905	7.418719	-23.530626	-10.712298	-34.687988
1072.338004	55.713264	98.323653	-53.378458	5.995986	7.161300	-23.458669	-10.718402	-34.674087
-1071.673642	53.912807	104.620708	-53.892220	6.261502	6.903829	-23.386557	-10.724474	-34.660197
-622.059461	3.449946	183.771877	-55.018814	10.826481	2.107966	-22.013280	-10.832155	-34.402962
1008.890554	-21.054056	165.306433	-37.835289	14.418426	-2.660528	-20.574990	-10.930589	-34.146433
-244.512748	20.439132	31.929049	-2.138121	17.206955	-8.007945	-18.840200	-11.032897	-33.851289
-918.450768	9.052382	-131.700703	39.424309	18.521971	-13.078137	-17.031501	-11.123348	-33.557104
916.946420	4.506419	-138.442123	41.331493	18.547477	-13.308528	-16.944554	-11.127322	-33.543265
735.025482	-0.383882	-145.016215	43.224605	18.569706	-13.538077	-16.857460	-11.131271	-33.529427
-898.157571	-63.531910	-223.461825	73.970578	18.408610	-17.597264	-15.235417	-11.199120	-33.276141
210.281990	80.972367	-192.458161	93.186108	17.214819	-21.377963	-13.568093	-11.258481	-33.023583
947.492880	136.896753	-28.823133	98.595743	14.630470	-25.414416	-11.586959	-11.316809	-32.732107
-1053.573987	-177.280357	195.525398	84.748508	10.878042	-29.093512	-9.557783	-11.364214	-32.441631
-590.004161	-184.064039	203.541612	83.594123	10.675153	-29.258828	-9.460727	-11.366190	-32.427917
1067.531395	-188.829037	211.072379	82.393517	10.470169	-29.423365	-9.363579	-11.368142	-32.414204
-501.694126	2.148874	263.423741	52.044421	6.374743	-32.300916	-7.568414	-11.399711	-32.163387
-1389.734120	275.721917	166.520251	6.997477	1.743171	-34.922599	-5.747233	-11.423438	-31.913347
1596.700754	-352.381420	-279.435495	-109.076450	-10.387794	-40.122881	-1.376045	-11.449258	-31.326972
759.987088	144.333467	-52.184565	-160.885604	-22.544522	-44.006067	3.058275	-11.434499	-30.744999
-1131.654183	205.958552	-41.552853	-161.187448	-22.828617	-44.086305	3.168607	-11.433635	-30.730619
138.178246	268.418190	-30.936016	-161.445023	-23.111420	-44.165781	3.278943	-11.432748	-30.716241
1088.746129	314.098139	-21.746487	-161.632896	-23.355828	-44.234152	3.374722	-11.431959	-30.703763
-1068.604101	343.176532	-12.593780	-161.787746	-23.599218	-44.301950	3.470503	-11.431152	-30.691288
-634.792598	354.252427	-2.843931	-161.917160	-23.858781	-44.373940	3.573104	-11.430268	-30.677926
1026.513529	352.103661	6.837337	-162.009042	-24.117134	-44.445275	3.675708	-11.429363	-30.664567
-95.401261	14.522010	135.964170	-159.201737	-27.739751	-45.409947	5.168739	-11.413918	-30.470422
-696.727667	-305.553214	228.779718	-148.980211	-31.113817	-46.239361	6.660310	-11.394256	-30.276780
698.473018	54.290936	276.617913	-123.305010	-35.441377	-47.175287	8.732032	-11.360001	-30.007938
336.937904	213.089004	266.995263	-85.672760	-39.398203	-47.864625	10.793741	-11.317943	-29.740081
-1101.803027	-140.703502	172.339530	20.912509	-46.922891	-48.558987	15.150226	-11.202988	-29.171253
82.168340	127.289858	-85.249027	128.131063	-53.730724	-48.280013	19.421739	-11.055570	-28.606986
1081.100322	125.708290	-91.332980	130.325082	-53.889070	-48.262440	19.521921	-11.051694	-28.593646
-1073.183330	123.327689	-97.341512	132.495550	-54.047494	-48.244368	19.622104	-11.047798	-28.580301
-591.449783	121.228776	-103.261016	134.637819	-54.205708	-48.225834	19.722101	-11.043889	-28.566974
1056.662845	119.661039	-109.096709	136.754046	-54.363919	-48.206817	19.822036	-11.039964	-28.553651
-286.650259	118.400162	-114.695666	138.788864	-54.517961	-48.187839	19.919275	-11.036126	-28.540681
-1040.697915	116.263903	-120.207211	140.796614	-54.671917	-48.168419	20.016393	-11.032275	-28.527723
950.213009	-53.327905	-189.738355	166.830002	-56.925519	-47.834064	21.426905	-10.974256	-28.338876
896.101512	-148.418768	-234.174698	185.591627	-59.209226	-47.407223	22.824015	-10.912908	-28.150545
-903.184462	-77.415128	-247.250587	196.446675	-62.475841	-46.669322	24.739047	-10.822409	-27.890050
170.432246	86.564605	-216.513438	187.088824	-65.829142	-45.772276	26.624135	-10.725881	-27.630582
999.043661	191.645576	-163.294668	158.810406	-69.031856	-44.675142	28.568587	-10.618287	-27.359275
-1035.436129	150.109257	-111.522588	116.732359	-71.367222	-43.450785	30.474914	-10.504538	-27.089102
-623.138283	148.927293	-109.301828	114.642748	-71.441467	-43.394492	30.557969	-10.499390	-27.077227
1036.809565	147.978566	-107.080966	112.536866	-71.512906	-43.338026	30.640945	-10.494231	-27.065355
-243.767440	138.671455	-62.353888	68.354160	-72.278420	-42.193926	32.260187	-10.390212	-26.831750
-1025.182707	47.063648	-12.551595	21.413855	-71.576357	-41.002914	33.846813	-10.281920	-26.599001
1027.881618	-180.204918	56.946950	-31.395061	-68.525771	-39.583561	35.622856	-10.152768	-26.333309
729.324881	-127.739530	139.892992	-78.251718	-62.588974	-38.104156	37.351127	-10.018470	-26.068754
-1054.211924	-120.716490	143.776000	-80.244520	-62.226155	-38.032281	37.432069	-10.011960	-26.056203
256.332422	-113.649538	147.623654	-82.210495	-61.855845	-37.960312	37.512846	-10.005444	-26.043663
1078.197523	-10.359547	207.945638	-113.001291	-53.658421	-36.619325	38.969370	-9.884379	-25.814825
-1082.196870	9.056091	234.352223	-131.715149	-42.528143	-35.229985	40.385853	-9.759806	-25.586867
-710.092648	117.762767	196.096618	-135.529690	-25.720694	-33.567581	41.965928	-9.612148	-25.325330
1039.770426	114.832210	70.849982	-122.974463	-4.906135	-31.837074	43.487973	-9.460299	-25.064968
-290.147983	105.581662	62.981216	-122.004438	-3.824050	-31.751681	43.560015	-9.452859	-25.052416
-1038.437863	95.344015	54.987853	-121.003697	-2.737282	-31.666178	43.631870	-9.445414	-25.039873
1039.060587	-105.034610	-98.992130	-97.995546	17.463422	-30.101079	44.898903	-9.310067	-24.814906
856.041102	-7.418462	-225.923782	-66.594763	38.060649	-28.481460	46.118395	-9.171924	-24.590818
-1108.650555	122.594572	-229.850953	-22.812172	60.809999	-26.529674	47.473098	-9.008148	-24.331606
160.166160	-125.954131	-33.880584	20.916674	80.397368	-24.500440	48.758523	-8.841087	-24.073610
1154.355122	-135.896218	-24.303620	22.550046	81.097436	-24.416369	48.809219	-8.834237	-24.063159
-958.786223	-145.257805	-14.760819	24.166302	81.788884	-24.332166	48.859797	-8.827382	-24.052710
-1148.940203	190.706412	222.269518	68.348339	102.067246	-20.254990	51.084155	-8.502342	-23.567452
964.808502	122.713999	-142.275140	30.537185	92.983456	-15.846754	53.031222	-8.168227	-23.086592
-281.140995	29.902328	-150.376543	28.937583	92.386909	-15.730758	53.076285	-8.159755	-23.074601
-951.967374	-62.535344	-158.061507	27.325561	91.773967	-15.614523	53.121135	-8.151283	-23.062621
945.833418	-144.665339	-165.085678	25.753321	91.164652	-15.501687	53.164378	-8.143077	-23.051024
832.133080	-214.298611	-171.681045	24.169874	90.539366	-15.388478	53.207476	-8.134861	-23.039423
-868.792350	-135.217410	-215.442113	-2.844020	77.774497	-13.438170	53.905460	-7.996157	-22.844818
23.180479	197.723446	-144.033253	-26.917804	61.017166	-11.389291	54.552737	-7.856386	-22.650960
941.948557	129.285415	48.275283	-46.125940	34.218438	-8.588461	55.308592	-7.675268	-22.402770
-1034.280677	-137.625792	212.500299	-43.547973	2.407679	-5.574802	55.975952	-7.492824	-22.155812
-603.940225	-139.162281	214.991866	-42.764670	0.853945	-5.431183	56.004362	-7.484438	-22.144528
1040.307315	-139.296280	216.835080	-41.917351	-0.705713	-5.287152	56.032562	-7.476055	-22.133254
-347.078310	-8.735588	149.722366	-15.855633	-30.989185	-2.460538	56.530112	-7.316936	-21.920265
-1058.474729	90.389591	-35.635610	19.870698	-60.625665	0.567184	56.957266	-7.157190	-21.708211
1041.363837	-74.907765	-222.257896	54.939803	-89.805374	4.337832	57.360726	-6.972139	-21.464489
742.455123	36.872715	-176.365868	66.540519	-109.204163	8.429056	57.665357	-6.786722	-21.222023
-1040.532019	45.182806	-168.533057	66.419137	-109.877674	8.646624	57.678185	-6.777269	-21.209702
197.559152	53.059833	-160.308724	66.229853	-110.519419	8.865231	57.690757	-6.767810	-21.197377
1050.930239	77.505364	18.921620	53.249186	-116.720393	12.722578	57.863655	-6.607069	-20.988445
-1057.968101	-86.035495	188.552873	23.938949	-114.769035	16.846357	57.958458	-6.446425	-20.780465
-694.255655	-0.894991	204.063342	-25.381327	-103.791187	21.828387	57.968793	-6.262410	-20.542976
1076.764831	94.413348	63.187453	-82.343320	-84.915516	26.967826	57.871387	-6.078960	-20.306757
-314.662492	90.206805	54.325764	-84.865742	-83.873671	27.208044	57.864212	-6.070470	-20.295836
-1079.465074	84.878325	45.350341	-87.358851	-82.818933	27.448186	57.856804	-6.061987	-20.284924
1115.228602	-85.318597	-110.067979	-126.259222	-60.665538	31.961648	57.673060	-5.902830	-20.080373
846.930116	-26.103802	-154.269994	-140.096290	-34.818905	36.424439	57.403475	-5.744189	-19.876787
-1161.517194	74.134072	-79.066242	-112.026597	-2.137027	41.415385	56.982995	-5.561677	-19.642937
109.566127	-97.592597	55.675342	-46.642483	31.188226	46.121940	56.442729	-5.379890	-19.410391
1060.728274	-102.361846	60.253967	-42.986097	32.698113	46.330235	56.414875	-5.371524	-19.399697
-1052.135400	-106.066068	64.510832	-39.287854	34.202620	46.537531	56.386779	-5.363164	-19.389014
-765.787165	11.059239	90.233504	36.353644	61.302118	50.253816	55.810676	-5.206569	-19.189005
531.875463	234.222855	46.489746	115.786347	85.092356	53.587340	55.140720	-5.050546	-18.989976
-835.404529	202.731463	-63.553371	227.006436	118.487525	59.513172	53.171907	-4.683898	-18.523157
-875.884279	-491.598416	61.709779	115.541256	108.571191	62.115297	50.644886	-4.320751	-18.061886
919.578820	-537.866068	65.601572	110.799657	107.890940	62.136735	50.579261	-4.312339	-18.051212
757.178587	-557.964180	69.446703	105.994174	107.194149	62.156454	50.513368	-4.303934	-18.040547
-1013.348921	-526.532252	73.749479	100.454812	106.381827	62.176804	50.438093	-4.294382	-18.028429
135.417380	-426.930712	77.946614	94.834620	105.547744	62.194973	50.362376	-4.284828	-18.016308
1092.700550	-331.176193	80.870638	90.753209	104.935801	62.206672	50.307754	-4.277969	-18.007606
-1131.224972	-231.968289	83.703984	86.632612	104.312678	62.217254	50.252884	-4.271105	-17.998899
-1412.419253	544.961575	101.672849	9.393853	91.632117	62.220383	49.246759	-4.149706	-17.844947
1416.567348	-414.788712	27.341478	-70.144164	76.328735	61.883150	48.177986	-4.028734	-17.691625
352.498818	-418.285866	-125.497352	-170.722886	52.189554	60.881859	46.603393	-3.862449	-17.481008
-1044.693956	312.074233	-169.759064	-244.569537	26.230424	59.289637	44.918730	-3.697021	-17.271613
943.808514	106.874866	-37.901830	-278.999835	-1.007630	57.014715	43.034397	-3.524016	-17.052749
750.532684	-108.027036	141.745588	-273.557156	-26.220565	54.162301	41.040459	-3.352000	-16.835242
-991.305525	-105.252371	148.373633	-272.464646	-27.332258	54.014465	40.944011	-3.343928	-16.825038
262.484738	-101.069154	154.716585	-271.304461	-28.435567	53.865537	40.847397	-3.335864	-16.814843
1075.681312	48.954928	232.996599	-238.705114	-47.346471	50.920301	39.031009	-3.187983	-16.627924
-1109.101037	-23.723802	261.674964	-187.959399	-63.613804	47.600050	37.141737	-3.040877	-16.442025
-544.926348	2.877015	205.996934	-113.426431	-79.015075	43.342905	34.880114	-2.872385	-16.229132
1024.283582	43.754664	48.632157	-30.001435	-90.770948	38.660021	32.533290	-2.704967	-16.017607
-235.213748	40.617021	38.724524	-25.953430	-91.239249	38.426725	32.419351	-2.697010	-16.007554
-1021.632028	36.703815	28.634146	-21.909104	-91.698793	38.192704	32.305307	-2.689061	-15.997511
1022.572676	-78.701237	-161.277896	50.420024	-98.580184	33.782171	30.197678	-2.544724	-15.815134
792.716723	5.218426	-286.494229	116.213996	-102.606725	29.108173	28.035113	-2.401240	-15.633807
-1085.827186	173.646441	-291.057247	177.027668	-103.641683	23.409173	25.471744	-2.236438	-15.425482
5.438006	59.289558	-131.354553	216.650535	-100.728665	17.434866	22.846406	-2.072810	-15.218556
1077.308319	43.817810	-121.043485	217.976273	-100.493383	17.147896	22.721419	-2.065138	-15.208851
-1075.415726	27.417802	-110.579396	219.253941	-100.249237	16.860459	22.596311	-2.057469	-15.199150
-492.916309	-292.557941	84.512052	234.214684	-94.203395	11.521341	20.283804	-1.917466	-15.022002
977.678073	-268.628842	219.969311	233.384080	-85.153496	6.071615	17.934367	-1.778374	-14.845907
-981.249163	331.476996	256.747921	214.430745	-71.668261	-0.064834	15.281163	-1.624670	-14.651173
94.802000	427.656866	158.849604	178.419664	-55.286334	-6.211298	12.592679	-1.472134	-14.457750
1232.656177	-446.024503	-219.985078	70.076446	-14.757072	-18.996490	6.787967	-1.151987	-14.051126
-1105.262860	166.725986	-213.741330	-37.486157	26.804377	-30.873025	0.901692	-0.837413	-13.650492
211.811906	229.754825	-210.004793	-39.734918	27.758694	-31.144960	0.758036	-0.829837	-13.640828
1083.129657	285.849236	-206.216687	-41.957676	28.708082	-31.415800	0.614452	-0.822269	-13.631174
-1072.648035	323.615719	-202.694242	-43.978760	29.576704	-31.663894	0.482475	-0.815317	-13.622304
-626.580049	345.939173	-199.136334	-45.980241	30.442042	-31.911353	0.350398	-0.808364	-13.613432
1051.687849	357.385276	-195.460128	-48.010595	31.325195	-32.164243	0.214962	-0.801237	-13.604337
-404.421127	362.490554	-191.764174	-50.017477	32.203522	-32.416112	0.079602	-0.794117	-13.595252
-929.944009	141.202964	-136.670032	-76.737150	44.474153	-35.989014	-1.896432	-0.690583	-13.463047
882.258259	71.383607	-82.065674	-98.506972	55.513428	-39.353903	-3.872880	-0.587704	-13.331517
799.989503	-48.580298	-13.286426	-120.376676	68.402912	-43.700474	-6.658055	-0.443697	-13.147114
-950.574605	-147.942113	36.101752	-131.340482	77.376925	-47.517165	-9.434687	-0.301025	-12.964058
192.513781	-40.054404	63.714694	-130.675865	81.757930	-50.840029	-12.291308	-0.154906	-12.776172
1050.892367	52.127435	97.549403	-117.904430	81.034926	-53.496387	-15.126659	-0.010268	-12.589744
-1051.133284	50.497072	99.897175	-117.032603	80.887387	-53.603630	-15.257231	-0.003612	-12.581154
-554.662521	48.221538	102.321602	-116.136670	80.730389	-53.709527	-15.387744	0.003041	-12.572567
1033.492981	-32.581153	139.989309	-94.934264	76.123324	-55.456215	-17.828958	0.127479	-12.411751
-279.820170	-4.730149	110.233130	-66.423838	68.735528	-56.763309	-20.245007	0.250764	-12.252046
-966.702607	36.082514	3.142190	-28.758667	57.407899	-57.772057	-23.005719	0.392048	-12.068523
964.219751	-45.011116	-111.803636	8.084586	43.892310	-58.289330	-25.721133	0.531744	-11.886494
751.541269	-45.563056	-114.301162	9.651654	43.234870	-58.302099	-25.844223	0.538099	-11.878199
-965.774848	-45.494438	-116.384079	11.203646	42.574657	-58.313953	-25.967205	0.544451	-11.869907
208.109720	23.350687	-88.264477	37.306346	29.685816	-58.372656	-28.269183	0.663798	-11.713861
1016.726197	55.891930	9.357932	56.170582	16.369929	-58.140623	-30.528278	0.781925	-11.558938
-1024.691307	-61.310666	94.726058	66.775844	1.165942	-57.553995	-33.080823	0.916879	-11.381328
-603.501781	58.320212	61.660095	63.930553	-13.087757	-56.673837	-35.567368	1.050153	-11.205237
1008.875135	65.846520	57.623863	63.429066	-13.831947	-56.618165	-35.701507	1.057399	-11.195641
-326.835153	72.740062	53.497353	62.896088	-14.571669	-56.561802	-35.835363	1.064636	-11.186056
-1002.268575	68.279981	-14.853115	50.853574	-25.603268	-55.589816	-37.906452	1.177432	-11.036371
1023.240253	-106.988585	-66.020045	33.482873	-35.448005	-54.472513	-39.925116	1.288957	-10.887810
815.836414	-39.605760	-71.289087	9.644275	-45.175701	-53.028316	-42.208219	1.417168	-10.716284
-1126.991751	150.702501	-33.136106	-14.598282	-52.769549	-51.474215	-44.418627	1.543611	-10.546291
159.663177	156.279351	-30.751187	-15.677355	-53.066533	-51.399918	-44.519805	1.549457	-10.538411
1130.189051	161.274896	-28.333554	-16.749144	-53.358248	-51.325488	-44.620825	1.555299	-10.530534
-1119.851267	246.061735	65.266264	-49.978834	-60.430196	-48.212259	-48.631035	1.791685	-10.210135
-652.550839	251.594512	63.259960	-51.690062	-57.404603	-45.147315	-52.376353	2.021352	-9.895400
1012.688351	214.538474	62.054297	-51.368108	-57.217831	-45.073510	-52.464767	2.026891	-9.887763
-288.036553	174.643986	60.809318	-51.031516	-57.026268	-44.999764	-52.553023	2.032427	-9.880129
-1007.257143	131.101845	59.458340	-50.661373	-56.819362	-44.922154	-52.645811	2.038252	-9.872093
804.790712	87.950853	58.069645	-50.275431	-56.607236	-44.844610	-52.738422	2.044073	-9.864060
972.800698	-254.052786	33.700147	-42.334023	-52.636136	-43.637560	-54.167375	2.134729	-9.738622
-975.460510	-27.567954	10.293442	-31.437546	-47.578680	-42.446560	-55.553317	2.224249	-9.614115
89.474686	189.998447	-17.603532	-14.374179	-39.724106	-40.928687	-57.283273	2.338379	-9.454394
1062.898020	208.720462	-45.590284	4.283590	-30.762899	-39.436325	-58.942216	2.450554	-9.296255
-1063.763862	207.207180	-47.006518	5.199115	-30.305655	-39.364350	-59.021133	2.455961	-9.288601
-550.200994	205.783679	-48.428557	6.113721	-29.846788	-39.292432	-59.099883	2.461364	-9.280951
1054.167745	193.883489	-73.007231	22.004789	-21.455406	-38.021466	-60.474382	2.556784	-9.145359
-281.145110	174.279838	-90.255451	36.383107	-12.825085	-36.768316	-61.796640	2.650705	-9.010958
-959.941767	67.142579	-90.161348	49.999164	-2.926086	-35.345919	-63.255820	2.757030	-8.857598
932.282607	-93.247481	-56.664940	59.433861	6.543928	-33.945578	-64.646901	2.861318	-8.705834
743.564954	-94.156137	-54.028473	59.760290	6.976574	-33.879555	-64.711335	2.866224	-8.698660
-932.112503	-94.099929	-51.290440	60.074779	7.407307	-33.813578	-64.775618	2.871125	-8.691491
183.938559	3.431582	11.109429	63.584321	14.890476	-32.616230	-65.923596	2.959862	-8.561105
980.693237	66.048795	76.681300	62.340601	21.496498	-31.434192	-67.021257	3.047029	-8.431929
-1006.310205	-66.231267	110.580305	53.841094	27.950072	-30.089986	-68.224615	3.145533	-8.284539
-621.513490	70.623070	50.497144	37.165142	33.211424	-28.764482	-69.362411	3.241907	-8.138765
1013.451208	78.457487	46.165778	36.239294	33.425719	-28.704003	-69.413134	3.246284	-8.132104
-319.659442	85.871392	41.760891	35.302108	33.637652	-28.643562	-69.463721	3.250657	-8.125448
-1022.322933	98.243038	-45.981649	15.896287	37.208683	-27.507974	-70.394299	3.332458	-8.000257
1049.755540	-120.519685	-110.727047	-5.157046	39.984802	-26.385201	-71.276420	3.412615	-7.876294
846.906965	-77.878770	-116.779663	-28.545936	42.263575	-25.102987	-72.235996	3.503175	-7.734581
-1121.795418	127.273450	-67.992238	-48.054862	43.614590	-23.836191	-73.132196	3.591499	-7.594512
140.468956	133.685488	-65.153475	-48.787271	43.652989	-23.782027	-73.169338	3.595248	-7.588523
1121.595840	139.586210	-62.272654	-49.510988	43.689834	-23.727851	-73.206390	3.598996	-7.582534
-1094.454611	182.133625	0.329893	-62.051264	44.103918	-22.642281	-73.927814	3.673557	-7.462581
-682.020818	216.000709	57.729999	-70.465030	43.925335	-21.566344	-74.602642	3.746404	-7.343871
950.765981	166.765439	97.163466	-74.549903	43.055350	-20.347764	-75.318651	3.827685	-7.209484
-175.463286	-77.820183	110.775909	-72.167883	41.536817	-19.143480	-75.974795	3.906667	-7.076746
-892.020462	-89.744803	110.911864	-71.885575	41.449796	-19.086952	-76.004312	3.910340	-7.070518
890.806853	-101.339790	111.008448	-71.587474	41.361430	-19.030455	-76.033697	3.914007	-7.064294
796.595961	-234.247377	106.810882	-63.268699	39.505550	-17.994618	-76.551733	3.980668	-6.950250
-928.517701	-227.841070	94.242650	-49.880147	37.266194	-16.968757	-77.025440	4.045552	-6.837464
240.405125	-93.084634	71.040312	-29.772808	34.293250	-15.795620	-77.518073	4.118275	-6.708744
1020.987128	42.072829	39.305567	-6.899462	31.008911	-14.634651	-77.952874	4.188586	-6.581708
-1021.820984	45.675160	37.651548	-5.817205	30.851885	-14.581456	-77.971521	4.191766	-6.575897
-529.368987	49.027228	35.981229	-4.734215	30.694437	-14.528286	-77.990047	4.194941	-6.570089
1020.876612	92.468438	1.590840	15.501570	27.664572	-13.531634	-78.316332	4.253758	-6.461408
-356.338822	143.746190	-38.017721	34.407412	24.558870	-12.543306	-78.600125	4.310725	-6.354004
-980.011372	102.719366	-82.818815	52.561056	20.981100	-11.415438	-78.874786	4.373987	-6.231956
975.173244	-82.384311	-93.648621	64.651947	17.502404	-10.297461	-79.094449	4.434755	-6.111606
719.658177	-85.547284	-92.664213	65.026632	17.345632	-10.245970	-79.103292	4.437505	-6.106080
-975.966844	-87.740193	-91.516638	65.383743	17.189209	-10.194466	-79.112024	4.440252	-6.100554
225.283597	-12.058606	-44.689210	68.904682	14.357532	-9.233764	-79.254128	4.490687	-5.997758
1005.069332	58.921291	28.381303	66.876110	11.742500	-8.279633	-79.355963	4.539244	-5.896247
-1002.636497	-57.664733	91.539411	58.567540	8.981233	-7.184427	-79.424129	4.593051	-5.780511
-570.135634	56.589975	58.328318	45.110317	6.469739	-6.096905	-79.439876	4.644399	-5.666501
982.718907	63.859570	54.896571	44.388796	6.358328	-6.046435	-79.439345	4.646731	-5.661233
-361.753172	70.835243	51.357285	43.660476	6.247386	-5.995980	-79.438701	4.649058	-5.655969
-977.167649	90.403108	-24.339458	29.133669	4.264946	-5.060069	-79.406419	4.691403	-5.558730
1000.991181	-114.936691	-85.413368	13.673559	2.422761	-4.129030	-79.335915	4.731978	-5.462791
826.606106	-75.032847	-95.340261	-3.571902	0.443280	-3.059789	-79.207629	4.776644	-5.353658
-1093.930679	126.214790	-55.638578	-18.505962	-1.409071	-1.995988	-79.029800	4.819005	-5.246271
121.424741	133.073070	-53.183181	-19.103706	-1.488664	-1.948997	-79.020792	4.820828	-5.241556
1095.246142	139.435271	-50.690371	-19.695528	-1.568019	-1.902047	-79.011694	4.822646	-5.236848
-1084.103808	191.553613	2.370015	-30.134264	-3.086314	-0.986182	-78.814783	4.857275	-5.145510
-742.025916	222.738455	51.242639	-38.345347	-4.556452	-0.073496	-78.581886	4.890223	-5.055482
973.309487	152.554762	85.179506	-44.907184	-6.222633	0.977782	-78.268543	4.926225	-4.953082
-160.458772	-111.794753	100.212177	-48.158731	-7.884275	2.025897	-77.908524	4.960032	-4.852444
-927.056459	-123.084302	100.631583	-48.226087	-7.961578	2.074327	-77.890748	4.961543	-4.847830
926.283502	-133.859753	101.034871	-48.285916	-8.038893	2.122719	-77.872886	4.963049	-4.843223
743.849176	-233.351325	107.037273	-48.008857	-9.495804	3.026218	-77.521082	4.990345	-4.757818
-971.022468	-198.366765	112.848799	-45.018613	-10.974621	3.928189	-77.135511	5.016040	-4.673740
182.960740	-87.220060	114.472210	-37.967242	-12.727805	4.980012	-76.643176	5.044043	-4.577245
1055.064463	15.394693	102.199854	-27.249690	-14.507795	6.030870	-76.106217	5.069917	-4.482569
-1055.382440	17.992923	101.367747	-26.792978	-14.575063	6.070278	-76.085217	5.070846	-4.479053
-559.394562	20.504767	100.505826	-26.333549	-14.642314	6.109654	-76.064172	5.071772	-4.475543
1043.554289	65.071123	71.499192	-15.154020	-16.194550	7.012897	-75.564576	5.092204	-4.395715
-296.721383	99.446353	21.565465	-3.492219	-17.764242	7.916291	-75.033084	5.111103	-4.317241
-971.145642	81.837201	-58.069990	9.094042	-19.589151	8.955619	-74.383234	5.130960	-4.228695
955.368893	-24.736069	-118.341199	19.213610	-21.434209	9.996266	-73.692583	5.148843	-4.141946
753.219510	-27.858677	-119.773297	19.594856	-21.520073	10.044477	-73.659639	5.149623	-4.137974
-955.927176	-30.628674	-121.043276	19.967093	-21.605977	10.092692	-73.626609	5.150399	-4.134006
199.633270	2.542645	-42.024729	27.211071	-25.199637	12.100117	-72.187158	5.178872	-3.973374
1059.320572	-26.323180	117.275515	17.749565	-28.579212	14.173716	-70.606536	5.200419	-3.819388
-1058.184654	-29.023682	116.991812	17.298654	-28.645944	14.224833	-70.566856	5.200853	-3.815769
-558.170248	-31.050045	116.333991	16.837175	-28.711610	14.276021	-70.527098	5.201283	-3.812154
1055.552174	-31.844398	115.199595	16.339664	-28.779660	14.330068	-70.485096	5.201732	-3.808348
-315.237564	-30.825328	113.589442	15.831705	-28.846424	14.384162	-70.443034	5.202177	-3.804548
-1034.960240	57.976295	36.431158	6.651294	-29.719477	15.260611	-69.758414	5.208711	-3.744342
1047.656566	-84.520419	-74.180157	-3.107500	-30.133593	16.155857	-69.051910	5.214155	-3.685237
861.413797	-70.905724	-110.708673	-13.254806	-29.757798	17.323431	-68.106318	5.219603	-3.610432
-1151.221195	94.135162	-41.191774	-17.475911	-28.059362	18.468575	-67.125445	5.223280	-3.537477
168.452206	100.384705	-36.481801	-17.527706	-27.939453	18.522162	-67.077637	5.223412	-3.534032
1152.183585	106.089617	-31.713005	-17.566848	-27.815777	18.575606	-67.029751	5.223540	-3.530592
-1126.590518	134.719587	54.747511	-16.172438	-24.946821	19.516272	-66.146837	5.225173	-3.468880
-733.088293	160.174714	104.744196	-11.097896	-21.027878	20.383991	-65.238438	5.225512	-3.408575
955.740680	141.372416	72.829530	-1.862562	-15.495236	21.256811	-64.166672	5.224333	-3.341196
-162.007731	-40.946160	-12.907885	7.796113	-9.129203	21.964100	-63.062772	5.221507	-3.275674
-886.419082	-49.233271	-17.128241	8.190259	-8.819283	21.992204	-63.010928	5.221337	-3.272687
885.130949	-57.163697	-21.321433	8.576763	-8.508231	22.019871	-62.959017	5.221164	-3.269704
828.482859	-123.901509	-86.788253	13.920315	-2.511678	22.452356	-61.974686	5.217277	-3.214589
-938.681168	-79.302178	-105.413968	13.969533	3.681974	22.705790	-60.967313	5.212194	-3.160876
143.073807	34.388133	-61.035690	5.852266	10.776557	22.743240	-59.767945	5.204807	-3.100200
1051.042636	56.982769	31.205074	-6.063441	16.974956	22.468019	-58.538940	5.195855	-3.041428
-1051.764127	52.751825	36.248573	-6.606911	17.230343	22.446660	-58.480202	5.195394	-3.038700
-590.666322	48.068084	41.314975	-7.143213	17.481645	22.424518	-58.421401	5.194930	-3.035977
1041.351002	-45.057525	112.925273	-14.848913	21.246610	21.876254	-57.334672	5.185834	-2.986897
-316.787540	-4.446240	87.156908	-16.478724	23.090397	21.040405	-56.228288	5.175611	-2.939244
-966.721835	45.129499	-24.503790	-11.130681	22.589907	19.704249	-54.930638	5.162449	-2.886077
954.149493	-51.219144	-116.651579	-0.304466	19.710705	18.008635	-53.612607	5.147839	-2.834817
744.320860	-52.001288	-117.838921	0.381180	19.500896	17.908750	-53.541535	5.147016	-2.832126
-955.236322	-51.814480	-118.449638	1.074523	19.286185	17.808057	-53.470458	5.146190	-2.829442
161.491220	26.682555	-64.053186	12.550023	15.228835	16.080933	-52.324317	5.132378	-2.787117
1009.961000	64.335712	43.173060	21.790770	10.278652	14.168427	-51.169896	5.117537	-2.746206
-1032.712373	-71.909549	111.778398	24.120072	3.893241	11.751003	-49.817494	5.098957	-2.700292
-618.327543	48.985438	53.989701	13.432371	-2.522549	9.184578	-48.462875	5.079031	-2.656310
1036.519262	57.030842	49.372913	12.675890	-2.817389	9.059531	-48.398365	5.078049	-2.654263
-354.988015	64.775415	44.694187	11.903217	-3.110864	8.934198	-48.333819	5.077063	-2.652219
-1043.334492	94.430590	-38.925714	-3.830164	-8.085488	6.628203	-47.162910	5.058629	-2.615850
1068.590783	-109.074360	-88.904537	-19.126938	-12.078676	4.291991	-45.997477	5.039225	-2.580937
806.848143	-101.904455	-85.511703	-29.847230	-14.884344	1.609403	-44.665435	5.015687	-2.542515
-1129.166369	68.864706	-37.307758	-29.553028	-15.283913	-1.010472	-43.349641	4.990912	-2.506036
208.083083	75.838313	-34.568474	-29.294243	-15.245345	-1.129374	-43.289177	4.989735	-2.504394
1128.142281	82.412355	-31.815716	-29.016446	-15.202039	-1.247943	-43.228799	4.988556	-2.502757
-1092.529621	144.675097	17.790674	-20.627124	-13.596552	-3.418789	-42.106441	4.965994	-2.472852
-682.759571	180.779625	46.740628	-7.469170	-10.788167	-5.480541	-41.003407	4.942541	-2.444416
934.293257	136.615073	34.477738	10.606142	-6.627110	-7.703839	-39.756783	4.914351	-2.413382
-170.853169	-73.790462	-2.151468	25.795554	-2.140383	-9.729591	-38.544952	4.885020	-2.384315
-875.912428	-83.526485	-3.826169	26.308444	-1.936904	-9.817792	-38.489983	4.883640	-2.383022
874.956321	-92.950998	-5.471101	26.799106	-1.734259	-9.905512	-38.435099	4.882258	-2.381733
773.402435	-194.361264	-26.180553	30.961043	1.824214	-11.457409	-37.422378	4.855902	-2.358337
-929.640132	-175.860899	-18.899961	24.042481	4.695089	-12.820816	-36.442795	4.828721	-2.336405
205.690712	-48.396768	7.431615	7.462695	7.065580	-14.139785	-35.354587	4.796247	-2.312846
1036.090420	58.714679	29.396831	-9.957102	8.412919	-15.154593	-34.319548	4.762697	-2.291235
-1036.857853	60.527438	29.917730	-10.632754	8.450129	-15.193386	-34.273434	4.761133	-2.290291
-531.408626	62.064865	30.378214	-11.290978	8.485184	-15.231481	-34.227439	4.759568	-2.289351
1030.525919	74.992440	25.096778	-20.431807	8.742455	-15.816220	-33.382355	4.729607	-2.272378
-330.405021	120.553304	-9.217955	-23.888018	8.239498	-16.143551	-32.581390	4.698866	-2.256856
-969.079049	90.536759	-57.271703	-21.893516	6.804533	-16.236223	-31.711496	4.662394	-2.240724
958.721800	-77.040891	-69.773090	-14.854660	4.720689	-16.076460	-30.900676	4.624912	-2.226517
736.848876	-79.426103	-68.714471	-14.434323	4.614500	-16.063989	-30.864838	4.623166	-2.225911
-959.479911	-80.881918	-67.477217	-14.006822	4.507632	-16.051111	-30.829124	4.621418	-2.225309
188.784170	1.003378	-17.763676	-5.105866	2.408545	-15.739934	-30.179708	4.588133	-2.214726
1002.053844	65.268795	55.856229	3.718671	0.281321	-15.323316	-29.573262	4.554118	-2.205575
-1014.226077	-67.720054	111.793634	10.576897	-1.951370	-14.757623	-28.924057	4.513840	-2.196763
-611.511214	44.811908	67.012316	11.207718	-3.638086	-14.156981	-28.330816	4.472613	-2.189859
1008.213660	52.285864	62.982482	11.102896	-3.696995	-14.129641	-28.305042	4.470707	-2.189589
-376.410127	59.514115	58.829864	10.988242	-3.754166	-14.102335	-28.279365	4.468799	-2.189323
-1008.943894	91.162981	-34.991811	7.336556	-4.526559	-13.599390	-27.813808	4.432211	-2.185025
1031.920336	-103.733275	-126.015227	2.204812	-4.795784	-13.140407	-27.389119	4.394936	-2.182156
814.608693	-83.568751	-162.065601	-3.019738	-4.672054	-12.677751	-26.950014	4.351178	-2.180615
-1118.948283	94.965081	-113.142051	-5.325723	-4.309370	-12.285601	-26.563498	4.306539	-2.180956
180.228113	102.142771	-109.408380	-5.360061	-4.291137	-12.269496	-26.547240	4.304499	-2.181015
1120.905219	108.923619	-105.574759	-5.388999	-4.272912	-12.253533	-26.531088	4.302457	-2.181079
-1123.422241	135.809573	-18.635894	-5.042493	-3.930770	-11.975781	-26.243222	4.263180	-2.183028
-535.594759	0.289514	76.041972	-3.470707	-3.605881	-11.747931	-25.993277	4.223270	-2.186371
1081.598907	-145.099720	160.461198	-1.041503	-3.263899	-11.544590	-25.750071	4.176183	-2.191991
-322.373157	-110.907079	187.742836	0.987758	-2.974608	-11.405121	-25.556350	4.128277	-2.199477
-1070.004876	-109.108896	187.663677	1.052986	-2.962911	-11.400247	-25.548670	4.126070	-2.199863
707.825220	-107.604852	187.481026	1.115172	-2.951351	-11.395499	-25.541086	4.123859	-2.200254
