224.754815	71.430841	-24.354587	-14.674953	85.831329	-33.197530	-90.449263	-21.036197
1133.806551	83.709706	-24.717208	-13.502753	85.971632	-33.420297	-90.403441	-21.030002
-1160.718491	128.850486	-23.524851	-11.668332	86.152637	-33.643144	-90.343422	-21.024204
-610.142514	177.694566	-19.299280	-8.542303	86.440252	-33.924391	-90.247153	-21.017453
1107.592163	111.126618	-11.812794	-4.725087	86.794783	-34.205064	-90.127791	-21.011340
-361.544767	102.936646	-11.388445	-4.526526	86.813680	-34.218642	-90.121416	-21.011060
-1095.611833	94.248018	-10.960256	-4.327030	86.832725	-34.232209	-90.114991	-21.010782
992.194895	-89.296845	-2.821045	-0.598760	87.201496	-34.475048	-89.990429	-21.006047
806.976856	-172.727054	5.362283	3.312458	87.622339	-34.716818	-89.848075	-21.001797
-1096.330312	-114.647200	13.338180	7.848302	88.172364	-34.993524	-89.661900	-20.997505
155.260354	39.376355	18.348809	12.200149	88.793441	-35.268000	-89.451668	-20.993861
1151.212741	46.536873	18.492505	12.403670	88.825563	-35.281320	-89.440796	-20.993700
-1151.990761	53.494987	18.625606	12.606184	88.857856	-35.294633	-89.429867	-20.993540
-664.952071	140.455066	19.038040	16.017499	89.462360	-35.530801	-89.225340	-20.990955
1096.926057	153.139444	15.083871	18.966584	90.122156	-35.764653	-89.002259	-20.988863
-408.983772	79.637433	4.917164	21.624101	90.950765	-36.030483	-88.722416	-20.987066
-1012.899222	-40.089020	-7.320607	23.056751	91.854622	-36.292181	-88.417791	-20.985926
1015.323911	-46.012872	-7.877864	23.086036	91.900288	-36.304728	-88.402421	-20.985887
597.528332	-51.876078	-8.427572	23.111180	91.946133	-36.317264	-88.386993	-20.985850
-1095.442663	-126.360726	-16.376982	22.789255	92.801805	-36.540796	-88.099479	-20.985449
331.415817	-98.700076	-18.960321	20.814597	93.715358	-36.760159	-87.793195	-20.985549
1166.997180	11.972187	-15.036090	16.518656	94.827974	-37.005790	-87.419179	-20.986282
-1152.385031	105.641162	-4.724886	10.582287	96.003384	-37.244505	-87.020693	-20.987677
-622.483223	107.387366	-4.011234	10.229457	96.068199	-37.257125	-86.998581	-20.987771
1147.755752	108.635710	-3.282927	9.874092	96.133136	-37.269716	-86.976412	-20.987867
-394.494360	70.374943	9.685492	3.873960	97.197062	-37.468809	-86.610633	-20.989667
-1029.887855	-29.424024	21.852581	-2.382785	98.296433	-37.661518	-86.226846	-20.991964
1030.917571	-123.172847	28.836715	-9.428333	99.614422	-37.877116	-85.757462	-20.995268
661.963403	-91.075535	23.183229	-15.616229	100.965787	-38.082440	-85.264000	-20.999249
-1132.076850	-86.676389	22.642103	-15.877216	101.029921	-38.091811	-85.240245	-20.999452
290.962505	-82.067526	22.079999	-16.135358	101.094152	-38.101164	-85.216421	-20.999658
1209.559484	23.637187	8.632353	-20.305266	102.290014	-38.269391	-84.766779	-21.003721
-1216.785837	121.275138	-8.326010	-23.134238	103.499291	-38.428452	-84.299410	-21.008299
-592.596917	184.610904	-27.783438	-24.346212	104.896529	-38.598924	-83.741294	-21.014191
1118.336080	140.384282	-42.687323	-22.951505	106.291986	-38.755531	-83.160320	-21.020765
-358.687967	134.673295	-43.207338	-22.816062	106.356440	-38.762441	-83.132823	-21.021086
-1117.073365	128.599249	-43.709318	-22.674088	106.420816	-38.769316	-83.105295	-21.021409
1231.879418	-218.851930	-43.328268	-12.006807	109.034971	-39.024328	-81.924377	-21.036057
586.493608	-29.881349	3.773432	3.779612	111.484038	-39.216971	-80.663194	-21.053241
-1206.603181	-11.612426	5.387917	4.241891	111.550359	-39.221469	-80.626128	-21.053768
168.692266	7.310713	6.998772	4.703076	111.616461	-39.225911	-80.589000	-21.054297
1180.070953	21.286766	8.180105	5.041424	111.664927	-39.229140	-80.561657	-21.054687
-1168.669606	34.981407	9.358052	5.379043	111.713273	-39.232339	-80.534281	-21.055078
-698.591385	196.750835	30.577969	11.668220	112.620848	-39.287887	-79.999681	-21.062844
933.068046	198.953393	45.989474	17.250938	113.476534	-39.331389	-79.452677	-21.071027
-445.620585	58.355637	52.386284	22.779292	114.502220	-39.369128	-78.721917	-21.082315
-985.102545	-101.571636	44.860025	25.696419	115.413693	-39.384372	-77.970909	-21.094316
989.119583	-106.521253	44.252629	25.764671	115.450717	-39.384507	-77.937611	-21.094857
637.053562	-111.194296	43.623469	25.828173	115.487492	-39.384596	-77.904276	-21.095400
-1082.921706	-147.544466	27.077460	26.150552	116.159253	-39.376953	-77.240270	-21.106362
356.194366	-90.571590	4.375284	24.845659	116.725595	-39.350897	-76.561985	-21.117856
1197.851035	24.573261	-22.426119	21.586101	117.239841	-39.297042	-75.763166	-21.131762
-1177.667413	105.913460	-40.986555	16.738972	117.598480	-39.216550	-74.946303	-21.146379
-549.087639	107.487386	-41.537537	16.456755	117.612363	-39.211742	-74.904452	-21.147138
1171.590269	108.731833	-42.042187	16.171290	117.625826	-39.206863	-74.862556	-21.147899
-341.478547	84.235500	-43.953344	10.852262	117.789502	-39.112687	-74.142535	-21.161139
-1029.157889	-0.149437	-35.778383	4.827312	117.825964	-38.996969	-73.409783	-21.174912
1027.049890	-107.747859	-18.584176	-2.638772	117.701088	-38.833817	-72.539939	-21.191641
675.464454	-117.539269	1.057145	-10.033150	117.388500	-38.639215	-71.653752	-21.209099
-1112.546619	-114.951230	1.918326	-10.362099	117.369478	-38.629491	-71.612606	-21.209919
339.548345	-112.093169	2.771334	-10.689624	117.350041	-38.619697	-71.571426	-21.210741
1180.184850	-22.461157	16.900882	-16.501258	116.907357	-38.423006	-70.792307	-21.226459
-1214.037999	85.971901	26.168761	-21.421057	116.313539	-38.201575	-70.001727	-21.242723
-664.565312	152.246678	28.411370	-25.543539	115.435905	-37.915239	-69.077277	-21.262136
1134.903727	84.889409	20.533305	-27.775214	114.343963	-37.594826	-68.138503	-21.282279
-440.053477	75.915866	19.890061	-27.844803	114.278078	-37.576357	-68.086877	-21.283399
-1121.168053	66.378117	19.231410	-27.909265	114.211534	-37.557785	-68.035210	-21.284521
1020.814934	-106.749254	7.489849	-28.278017	113.065205	-37.249156	-67.209037	-21.302641
762.612280	-179.736934	-3.943402	-27.527155	111.750221	-36.915255	-66.372849	-21.321312
-1111.176141	-112.111373	-12.677952	-25.506635	110.040261	-36.501417	-65.400896	-21.343429
195.355305	54.250602	-16.407838	-22.498956	108.127511	-36.055725	-64.416611	-21.366279
1145.455131	62.088880	-16.472571	-22.330879	108.028817	-36.033089	-64.368090	-21.367417
-1145.338421	69.721640	-16.526805	-22.161107	107.929666	-36.010378	-64.319540	-21.368557
-614.500695	166.764776	-15.825058	-18.873092	106.088024	-35.593362	-63.449823	-21.389160
1068.849305	181.520351	-12.303156	-15.143208	104.109641	-35.153255	-62.571425	-21.410325
-423.850007	94.691480	-5.685537	-10.409694	101.673317	-34.618752	-61.550001	-21.435384
-985.347312	-51.624968	1.550122	-5.325356	99.078392	-34.055178	-60.518058	-21.461189
988.287275	-58.881703	1.865202	-5.078962	98.952267	-34.027888	-60.469127	-21.462425
585.935277	-66.090896	2.175719	-4.832240	98.825899	-34.000552	-60.420205	-21.463662
-1085.296236	-168.137100	6.816053	-0.196266	96.431198	-33.483658	-59.511236	-21.486838
369.576692	-158.133615	8.640539	4.519075	93.933768	-32.945834	-58.594975	-21.510587
1208.182526	-46.559570	7.809103	9.801151	91.002786	-32.314593	-57.552893	-21.538068
-1228.235663	90.918577	5.092593	14.785318	87.962507	-31.658125	-56.502372	-21.566282
-651.362669	159.485701	1.733497	19.182373	84.840813	-30.980768	-55.449369	-21.595078
1140.363944	82.398245	-1.330106	22.854101	81.633597	-30.279959	-54.388963	-21.624604
-427.959830	74.742800	-1.449418	22.993256	81.494269	-30.249382	-54.343314	-21.625887
-1129.932182	66.717852	-1.567653	23.130812	81.354805	-30.218763	-54.297653	-21.627171
1033.006834	-126.169829	-3.857568	25.709476	78.297512	-29.544345	-53.303978	-21.655364
724.220109	-165.663420	-5.585456	27.469904	75.185799	-28.850920	-52.304690	-21.684193
-1085.318932	-162.684573	-5.658311	27.537308	75.024092	-28.814672	-52.253034	-21.685696
387.569924	-159.278604	-5.729516	27.602363	74.862265	-28.778375	-52.201365	-21.687201
1184.592586	-45.005142	-6.728567	28.372392	71.849069	-28.098578	-51.243591	-21.715332
-1236.947408	87.753566	-7.060952	28.293059	68.798738	-27.402641	-50.281408	-21.744042
-651.492499	174.417538	-6.532258	27.126056	65.246769	-26.580855	-49.166928	-21.777868
1129.996496	112.909651	-4.954549	24.817093	61.671749	-25.739105	-48.047498	-21.812470
-444.109080	104.764167	-4.849047	24.675939	61.497524	-25.697665	-47.992928	-21.814173
-1115.713376	96.121275	-4.740760	24.532123	61.323282	-25.656180	-47.938349	-21.815878
1000.934369	-85.500984	-2.331961	21.530799	58.222421	-24.910681	-46.965659	-21.846515
752.236756	-173.286437	1.023246	17.724775	55.126263	-24.151407	-45.989982	-21.877736
-1097.858446	-126.102280	5.761458	12.505760	51.561987	-23.256264	-44.857619	-21.914596
248.433854	19.618117	10.013812	6.659866	48.031989	-22.344171	-43.722171	-21.952243
1150.708768	27.225444	10.191382	6.341237	47.848443	-22.295977	-43.662662	-21.954235
-1151.175173	34.652337	10.362785	6.021594	47.665034	-22.247739	-43.603145	-21.956229
-567.252749	126.306175	12.086187	0.641178	44.665653	-21.446938	-42.621873	-21.989393
1069.692970	148.789926	10.980622	-4.832593	41.713697	-20.634711	-41.639026	-22.023144
-435.181950	81.564138	5.378868	-10.957935	38.370004	-19.681359	-40.500292	-22.062932
-977.886672	-37.814094	-2.972662	-16.468860	35.117575	-18.714198	-39.360360	-22.103513
981.563302	-43.563053	-3.382647	-16.702137	34.969587	-18.669140	-39.307612	-22.105409
591.229062	-49.264023	-3.792972	-16.933333	34.821731	-18.624026	-39.254827	-22.107308
-1101.002660	-123.732553	-11.174002	-20.804393	32.092131	-17.772578	-38.264319	-22.143255
400.878126	-89.571214	-16.873533	-23.606142	29.453380	-16.911897	-37.273628	-22.179802
1219.513778	24.120830	-19.695357	-25.160054	26.531987	-15.907191	-36.129788	-22.222756
-1175.970772	108.926368	-16.597439	-24.640502	23.750961	-14.891702	-34.986658	-22.266514
-543.854338	110.692076	-16.240807	-24.562176	23.614181	-14.840298	-34.929125	-22.268739
1168.397309	112.139645	-15.862487	-24.479154	23.477677	-14.788869	-34.871596	-22.270965
-408.295628	92.253779	-6.518790	-22.374530	21.181960	-13.905518	-33.888253	-22.309364
-1033.604775	10.881878	6.060138	-19.122211	18.945180	-13.015286	-32.906092	-22.348365
1044.187206	-101.251985	20.484675	-14.187990	16.394647	-11.973703	-31.767626	-22.394406
656.269374	-126.646472	29.926164	-8.328237	13.863350	-10.924413	-30.631750	-22.441260
-1129.632434	-124.698025	30.171534	-8.024754	13.739878	-10.873079	-30.576453	-22.443564
356.971135	-122.431539	30.393380	-7.719712	13.616294	-10.821696	-30.521128	-22.445873
1189.476261	-42.623527	30.525110	-2.134274	11.418236	-9.909332	-29.542857	-22.487063
-1216.979038	66.167842	23.933479	3.630085	9.187074	-8.992403	-28.567246	-22.528863
-627.936885	144.910433	8.894183	10.094652	6.534252	-7.925463	-27.441107	-22.578037
1141.228180	96.098587	-11.884167	15.810632	3.776345	-6.853823	-26.319371	-22.628035
-433.539522	89.524290	-12.872575	16.044899	3.647352	-6.804781	-26.268254	-22.630338
-1130.905827	82.541471	-13.859360	16.276563	3.517982	-6.755699	-26.217113	-22.632645
1041.441925	-76.553673	-31.173770	20.075354	1.008091	-5.824403	-25.250239	-22.676668
745.512022	-153.538917	-42.515413	22.509873	-1.628162	-4.890788	-24.287413	-22.721313
-1128.141004	-105.372462	-43.450219	23.154368	-4.851462	-3.810737	-23.181293	-22.773629
253.428606	41.330481	-32.596162	21.130518	-8.270171	-2.729092	-22.081486	-22.826777
1160.458791	48.113973	-31.860664	20.976809	-8.433791	-2.678727	-22.030462	-22.829271
-1160.533898	54.746021	-31.107610	20.818296	-8.597795	-2.628359	-21.979453	-22.831767
-575.777254	144.500818	-14.363214	17.071414	-11.716885	-1.691019	-21.033132	-22.878531
1095.659453	155.714298	5.916403	12.087230	-14.954974	-0.753696	-20.092298	-22.925922
-430.364057	62.832572	30.030951	5.329782	-18.819524	0.326567	-19.014515	-22.981354
-988.377742	-78.175624	48.854625	-1.917903	-22.804190	1.405391	-17.944867	-23.037627
990.661222	-84.672052	49.506182	-2.266204	-22.997405	1.456934	-17.893925	-23.040339
611.746229	-91.058553	50.129373	-2.614143	-23.190845	1.508471	-17.843004	-23.043054
-1081.824295	-172.131920	55.635075	-8.807151	-26.753651	2.446856	-16.918358	-23.092864
413.175444	-152.392142	48.386501	-14.449123	-30.377019	3.382959	-16.000618	-23.143318
1220.778471	-39.424372	27.969499	-19.897310	-34.586789	4.452368	-14.957681	-23.201937
-1189.203656	107.082187	0.609653	-23.926006	-38.837406	5.517211	-13.924805	-23.261400
-527.240812	114.400827	-0.842336	-24.085483	-39.052710	5.570834	-13.872936	-23.264425
1180.882520	121.650373	-2.295274	-24.240415	-39.268064	5.624444	-13.821093	-23.267452
-487.349561	217.834344	-26.482463	-26.142014	-42.953763	6.538476	-12.939262	-23.319515
-1057.712375	206.157100	-46.874736	-26.480788	-46.639968	7.447967	-12.065610	-23.372213
1364.243316	-246.896560	-62.259675	-19.852961	-55.193360	9.584481	-10.027522	-23.499776
614.005689	1.086834	-17.424462	-2.786275	-62.798182	11.685747	-8.041394	-23.630936
-1219.067457	28.584536	-16.015722	-2.321511	-62.954537	11.733474	-7.996483	-23.633987
278.304310	57.192827	-14.602320	-1.855109	-63.109920	11.781178	-7.951602	-23.637039
1176.013345	89.261201	-13.024841	-1.334251	-63.281693	11.834243	-7.901688	-23.640439
-1154.802320	120.128780	-11.442801	-0.811342	-63.452335	11.887310	-7.851782	-23.643842
-555.364336	145.493453	-10.024541	-0.341924	-63.604021	11.934788	-7.807142	-23.646891
1122.624696	168.319029	-8.605997	0.128359	-63.754599	11.982212	-7.762560	-23.649940
-555.832780	248.671456	11.660059	7.033911	-65.824228	12.669395	-7.117516	-23.694495
-1066.301403	67.224781	29.763870	13.834354	-67.646206	13.351568	-6.478895	-23.739450
1061.751229	-166.728331	49.104930	22.591459	-69.728825	14.302610	-5.591348	-23.803395
748.860812	-224.933522	58.551412	29.566966	-71.167440	15.242465	-4.717226	-23.868138
-1099.700491	-147.829256	55.797849	34.103352	-71.886346	16.216937	-3.813395	-23.937051
279.679054	-16.564923	42.919108	35.469560	-71.688527	17.175659	-2.925398	-24.006849
1133.540215	-10.113759	42.142774	35.457701	-71.655469	17.219519	-2.884758	-24.010095
-1133.877665	-3.656234	41.352810	35.439385	-71.620201	17.263366	-2.844126	-24.013346
-517.224189	107.763031	24.762323	33.968400	-70.568928	18.069252	-2.096205	-24.074037
1045.793408	168.209669	6.134619	30.503087	-68.776534	18.857937	-1.360639	-24.135386
-479.789758	128.205209	-15.036388	24.293430	-65.819456	19.750760	-0.520487	-24.207620
-934.201077	-0.687947	-32.405278	16.133912	-62.008195	20.612615	0.301992	-24.280748
938.607909	-8.328905	-33.091961	15.696133	-61.803326	20.653518	0.341388	-24.284315
633.327708	-16.014230	-33.761021	15.255065	-61.596795	20.694313	0.380717	-24.287881
-1074.872052	-127.986389	-42.384259	6.839119	-57.622276	21.407697	1.075136	-24.351856
446.758775	-117.901408	-43.778396	-2.431204	-53.137132	22.091943	1.755642	-24.416504
1198.841905	-4.536111	-37.196085	-13.729945	-47.412159	22.840372	2.521670	-24.491788
-1162.155349	102.878816	-23.803312	-24.855885	-41.169912	23.542544	3.268300	-24.567964
-498.275537	105.867621	-22.966744	-25.407541	-40.835223	23.577461	3.306307	-24.571921
1154.973306	108.480590	-22.118524	-25.955691	-40.499595	23.612222	3.344238	-24.575878
-438.056947	100.954077	-6.555018	-34.538293	-34.721003	24.173843	3.971505	-24.642491
-1017.502766	21.226815	9.753183	-41.563531	-28.680933	24.695000	4.583595	-24.709777
1027.168675	-96.555467	25.287176	-46.926760	-21.433972	25.244028	5.272408	-24.788464
631.344656	-126.514409	32.211026	-48.397291	-13.987413	25.731295	5.939946	-24.868050
-1115.455809	-124.615269	32.236746	-48.351850	-13.616988	25.753633	5.972275	-24.871994
371.448961	-122.373979	32.229334	-48.294565	-13.246317	25.775811	6.004551	-24.875940
1177.640893	-39.515708	27.308196	-45.379478	-6.681359	26.140298	6.565348	-24.945940
-1203.107361	77.796179	15.724934	-39.109923	-0.129168	26.452086	7.109337	-25.016621
-627.960970	164.875988	-0.861355	-28.641054	7.276167	26.741904	7.713395	-25.098703
1092.250898	109.217159	-15.693039	-15.773295	14.425131	26.954582	8.294386	-25.181695
-487.140881	101.514178	-16.281555	-15.124936	14.754082	26.962647	8.321232	-25.185635
-1079.090723	93.329531	-16.856849	-14.474173	15.081950	26.970524	8.348008	-25.189575
968.955410	-91.986552	-24.734650	-2.076992	20.967861	27.082991	8.833327	-25.262744
669.610972	-199.892550	-25.823369	10.534954	26.466772	27.130787	9.300357	-25.336604
-1083.219192	-197.897176	-17.287667	24.330406	32.183278	27.102579	9.812707	-25.422103
221.916386	-90.183583	-2.552432	36.474597	37.152003	26.981791	10.300253	-25.508515
1145.714752	-82.530154	-1.772003	37.010111	37.373971	26.973420	10.323497	-25.512772
-1144.602596	-74.672088	-0.991637	37.538894	37.593685	26.964821	10.346666	-25.517028
-712.534812	82.991273	12.193619	45.736606	41.125850	26.772885	10.747969	-25.592959
889.456323	203.441428	21.529430	51.245585	43.903055	26.504588	11.130260	-25.669585
-732.105391	186.759941	24.246909	53.439049	45.995091	26.115119	11.531125	-25.755202
766.000776	17.928812	20.732616	50.993974	46.983061	25.624439	11.908736	-25.841674
533.961988	-135.349925	12.338354	44.198815	46.916553	25.002917	12.277400	-25.932635
-1168.757807	-158.421471	0.698275	34.101363	45.848148	24.271929	12.621145	-26.024529
297.936726	-154.935854	0.083696	33.549936	45.773402	24.234081	12.637068	-26.028976
1176.708626	-151.011076	-0.533779	32.993752	45.696660	24.196019	12.652924	-26.033423
-1170.202548	-37.994011	-11.659626	22.206054	43.974039	23.468655	12.929403	-26.114100
-575.787078	66.721239	-20.673004	10.478093	41.664217	22.668434	13.187299	-26.195483
1038.143457	125.527618	-24.478953	-3.640926	38.283385	21.636037	13.467978	-26.292473
-487.370179	96.123271	-17.913000	-17.042140	34.310951	20.515637	13.723066	-26.390453
-1000.268660	1.321417	-6.011589	-27.911598	30.281919	19.424839	13.933262	-26.480553
1092.011336	-108.745430	7.255155	-36.882917	25.956907	18.272699	14.122486	-26.571476
674.795331	-111.554248	7.887721	-37.275253	25.731468	18.212761	14.131522	-26.576107
-1100.982804	-113.891370	8.512460	-37.660928	25.505519	18.152681	14.140505	-26.580740
351.087804	-80.740080	18.575579	-43.658949	21.080167	16.971183	14.302771	-26.670203
1145.807744	29.589625	23.730420	-46.638122	16.556627	15.742373	14.445379	-26.760450
-1144.576374	35.611344	23.838833	-46.708442	16.315157	15.675853	14.452409	-26.765268
-475.614072	41.544378	23.929213	-46.769877	16.073512	15.609172	14.459388	-26.770091
1103.078433	119.862616	22.319535	-46.422348	11.737494	14.390983	14.575464	-26.857177
-480.037139	114.736351	14.759765	-43.619343	7.454421	13.139130	14.673804	-26.944988
-999.869734	14.245580	2.094777	-37.935483	2.668234	11.671314	14.764689	-27.046346
1070.723210	-119.684498	-10.315973	-30.201565	-1.945069	10.171990	14.832623	-27.148646
665.803299	-123.531959	-10.851403	-29.766870	-2.172937	10.095363	14.835454	-27.153850
-1080.867210	-126.863940	-11.373727	-29.328345	-2.400333	10.018628	14.838229	-27.159060
412.082324	-113.761557	-18.187894	-21.323876	-6.201267	8.692135	14.876759	-27.248884
1204.917419	-20.896518	-21.058468	-12.721678	-9.777569	7.351875	14.898123	-27.339396
-1197.884274	91.027269	-19.676868	-2.626959	-13.580794	5.789428	14.901537	-27.444988
-571.281647	127.896069	-13.613197	7.052445	-16.961927	4.221266	14.882213	-27.551466
1123.403461	126.504747	-13.212897	7.495468	-17.111979	4.146224	14.880721	-27.556582
-476.635918	124.768868	-12.803491	7.935915	-17.260814	4.071232	14.879178	-27.561696
-1027.113250	45.000256	-4.221567	15.454413	-19.757357	2.712645	14.842255	-27.654785
996.770417	-72.397101	4.916448	21.832891	-21.840692	1.359807	14.788434	-27.748512
633.519835	-131.417386	13.013202	27.286128	-23.671401	-0.183849	14.705714	-27.857123
-1175.759206	-79.051335	15.940963	30.188668	-24.834292	-1.707173	14.600871	-27.966535
319.220591	-73.725205	15.958977	30.254230	-24.872173	-1.779599	14.595289	-27.971802
1182.084598	-68.161548	15.967192	30.312663	-24.908371	-1.851963	14.589657	-27.977071
-1205.467704	51.472065	14.555712	30.166990	-25.274043	-3.150058	14.478983	-28.072747
-598.440372	140.966679	10.605977	27.901148	-25.105034	-4.422703	14.351829	-28.168997
1104.621911	131.260293	3.726377	23.203302	-24.309545	-5.856466	14.184316	-28.281023
-365.098424	-16.960663	-3.699675	16.993310	-22.956714	-7.242708	13.994994	-28.393781
-972.397352	-24.513021	-4.025583	16.675577	-22.880622	-7.306840	13.985525	-28.399120
969.262364	-31.911736	-4.347454	16.356226	-22.803498	-7.370852	13.976007	-28.404459
681.607123	-131.265639	-9.249106	10.308475	-21.217643	-8.522600	13.792954	-28.502645
-1061.324777	-149.658017	-11.254532	4.228900	-19.345593	-9.630248	13.593773	-28.601346
385.782254	-66.918435	-8.884567	-2.245708	-16.910947	-10.846202	13.344603	-28.715595
1156.095539	58.992753	-3.343191	-7.791949	-14.261408	-11.993532	13.074308	-28.830484
-1155.221468	64.613902	-3.042306	-8.029154	-14.130629	-12.046665	13.060835	-28.836002
-476.789347	70.127687	-2.740323	-8.263520	-13.999568	-12.099629	13.047314	-28.841521
1107.224077	141.970267	2.592355	-11.980164	-11.588419	-13.028665	12.794119	-28.941725
-496.316264	136.932214	6.730858	-14.567559	-9.145435	-13.898088	12.525218	-29.042382
-987.482788	34.441551	9.225345	-15.902079	-6.356856	-14.825350	12.194467	-29.159438
1064.826759	-113.634815	8.663612	-15.194121	-3.696554	-15.662530	11.842908	-29.277064
605.242633	-117.833437	8.558161	-15.112201	-3.581099	-15.697805	11.826689	-29.282342
-1074.486529	-121.629919	8.445409	-15.025884	-3.465887	-15.732911	11.810418	-29.287624
441.096097	-124.223599	4.888921	-12.601751	-1.302877	-16.373291	11.487641	-29.389978
1212.696231	-39.596748	-0.760514	-9.115816	0.730064	-16.938045	11.149445	-29.492729
-1218.449079	77.335978	-7.303351	-4.480322	2.905211	-17.491953	10.739396	-29.611983
-548.933001	124.659590	-10.474162	0.008203	4.878326	-17.934473	10.309014	-29.731719
1150.107643	123.611793	-10.481474	0.194888	4.962533	-17.951763	10.289074	-29.737144
-511.043049	122.219213	-10.474987	0.379637	5.046294	-17.968813	10.269093	-29.742571
-1052.077581	41.821038	-8.071578	3.530621	6.557617	-18.247610	9.879871	-29.846306
1024.121230	-82.229537	-2.625953	5.958798	7.896664	-18.435456	9.475691	-29.950372
620.572127	-141.760589	4.979139	7.842892	9.215763	-18.534579	8.990545	-30.070916
-1213.123717	-77.732861	11.421386	8.718739	10.277455	-18.502290	8.485704	-30.191862
339.682512	-71.433298	11.669071	8.735143	10.322079	-18.497296	8.460757	-30.197729
1218.084062	-64.858429	11.909492	8.749129	10.366093	-18.491976	8.435749	-30.203600
-1221.943176	70.613784	14.735620	8.587173	11.042323	-18.342018	7.981272	-30.308649
-635.897778	162.152292	13.977692	7.671060	11.504582	-18.085732	7.512413	-30.413967
1102.231163	144.008305	7.741213	5.871809	11.781173	-17.650630	6.950662	-30.536531
-371.412225	-13.714411	-2.006080	3.566487	11.794075	-17.063581	6.370845	-30.659418
-966.084488	-21.270266	-2.473044	3.456795	11.788806	-17.033870	6.344620	-30.664897
962.621780	-28.698084	-2.940921	3.346643	11.783049	-17.003834	6.318344	-30.670381
667.681239	-137.673943	-11.713959	1.180664	11.580198	-16.364796	5.804437	-30.776379
-1022.398204	-168.944761	-18.650695	-0.929459	11.215139	-15.616957	5.278803	-30.882590
419.652701	-100.405874	-22.548668	-3.051803	10.615015	-14.623885	4.657209	-31.005738
1137.593706	30.816413	-22.708157	-4.583468	9.854402	-13.505181	4.022747	-31.129125
-1138.390458	37.859336	-22.639948	-4.641987	9.812748	-13.446180	3.990704	-31.135302
-438.717639	44.881271	-22.565536	-4.698721	9.770781	-13.386901	3.958633	-31.141479
1122.573157	143.523083	-20.421053	-5.412085	9.000088	-12.320020	3.399890	-31.248364
-544.402945	149.911199	-17.081253	-5.671386	8.158175	-11.180128	2.833740	-31.355397
-1012.704907	37.535314	-12.628841	-5.493831	7.111762	-9.781381	2.170244	-31.479493
1086.206535	-129.481421	-8.911895	-4.887967	5.991738	-8.311773	1.499618	-31.603751
670.657432	-134.386294	-8.779200	-4.850146	5.936878	-8.240464	1.467617	-31.609656
-1095.737023	-138.754542	-8.651797	-4.811611	5.881914	-8.169075	1.435625	-31.615558
440.178989	-135.811578	-7.094446	-3.993738	4.858849	-6.849714	0.851368	-31.723015
1209.384137	-34.357410	-6.260154	-2.998599	3.798853	-5.498740	0.264018	-31.830560
-1211.541404	96.927837	-4.813617	-1.710516	2.538798	-3.909501	-0.417702	-31.955002
-561.841395	135.302816	-1.293180	-0.369074	1.254912	-2.304939	-1.100765	-32.079526
1155.323069	133.299596	-1.047141	-0.305801	1.193666	-2.228708	-1.133167	-32.085433
-525.097434	130.890208	-0.793150	-0.242681	1.132437	-2.152527	-1.165547	-32.091336
-1059.880707	32.173873	5.027646	0.879668	0.010414	-0.760754	-1.757574	-32.199344
1022.171380	-98.020539	12.177299	1.896837	-1.109259	0.621155	-2.348372	-32.307378
639.397916	-147.165217	20.350974	2.854514	-2.384375	2.188366	-3.026064	-32.431830
-1199.087709	-72.555340	26.655040	3.489388	-3.630848	3.715563	-3.699319	-32.556277
310.821594	-66.262525	26.881876	3.509781	-3.688914	3.786623	-3.731054	-32.562167
1204.549541	-59.756313	27.101157	3.529223	-3.746886	3.857560	-3.762777	-32.568058
-1216.598246	72.972661	29.613679	3.708486	-4.795903	5.135133	-4.342140	-32.676109
-613.069626	161.478607	28.640527	3.541430	-5.819070	6.361228	-4.915953	-32.784129
1099.506117	140.994312	22.475782	2.987973	-6.945219	7.706983	-5.573546	-32.909418
-375.802683	-18.376904	12.610495	2.160297	-7.963708	8.955850	-6.220757	-33.034617
-960.780561	-25.850469	12.127264	2.119351	-8.005431	9.008431	-6.249019	-33.040132
957.377538	-33.178161	11.641927	2.078140	-8.046827	9.060758	-6.277238	-33.045643
656.280254	-139.783695	1.982743	1.230622	-8.788769	10.035273	-6.822365	-33.153009
-1025.814846	-166.575521	-7.046180	0.349475	-9.388443	10.917313	-7.357672	-33.260284
388.882255	-92.776500	-15.171533	-0.618000	-9.870663	11.814466	-7.965868	-33.384761
1142.020456	37.813748	-20.453106	-1.414138	-10.086865	12.566608	-8.557950	-33.509071
-1142.342639	44.102681	-20.630509	-1.445220	-10.089903	12.598144	-8.585208	-33.514877
-395.730994	50.344130	-20.801600	-1.475641	-10.092284	12.629334	-8.612410	-33.520680
1117.373680	142.074213	-22.844949	-1.906891	-10.015424	13.145377	-9.106083	-33.627412
-530.303201	150.124688	-22.789947	-2.045668	-9.697736	13.552062	-9.585840	-33.733988
-1006.804943	48.039961	-20.220383	-1.796441	-9.012333	13.890789	-10.124727	-33.857601
1079.414290	-111.141650	-15.638518	-1.203036	-8.003295	14.090365	-10.642572	-33.980964
654.308504	-116.240406	-15.380468	-1.167701	-7.946973	14.096573	-10.667051	-33.986921
-1089.163222	-120.857911	-15.119590	-1.131827	-7.889956	14.102472	-10.691493	-33.992880
457.727653	-130.497128	-10.132136	-0.420643	-6.769695	14.155750	-11.117978	-34.098882
1207.688047	-50.510856	-4.839457	0.377971	-5.469692	14.113434	-11.527661	-34.204669
-1205.329388	65.213268	1.136429	1.320130	-3.769622	13.948956	-11.982470	-34.327344
-546.060818	115.870645	6.320872	2.168688	-1.908074	13.666052	-12.414014	-34.449691
1136.142508	115.199507	6.525480	2.202855	-1.821192	13.650627	-12.432885	-34.455190
-547.125368	114.212600	6.727154	2.236590	-1.734076	13.634974	-12.451709	-34.460688
-1038.578212	46.037452	9.955065	2.785807	-0.024466	13.291682	-12.803241	-34.565925
1004.650726	-61.173876	11.722517	3.099890	1.741600	12.868704	-13.137028	-34.670880
590.425963	-111.903755	11.469768	3.073351	3.817507	12.285082	-13.500676	-34.791888
-1184.256966	-64.393171	8.555069	2.546161	5.882468	11.605605	-13.840099	-34.912488
348.632086	-59.848275	8.366001	2.508763	5.979457	11.570921	-13.855668	-34.918226
1190.450355	-55.121981	8.173572	2.470295	6.076251	11.536032	-13.871182	-34.923963
-1209.929812	44.372901	4.290228	1.594374	7.786832	10.869779	-14.142398	-35.027665
-534.455204	120.123630	0.288139	0.394422	9.392761	10.140542	-14.395151	-35.131030
1106.687901	122.275515	-3.361172	-1.375061	11.079241	9.222216	-14.664546	-35.250292
-444.447746	16.149845	-5.162512	-3.525760	12.533586	8.230146	-14.908660	-35.369061
-992.002875	10.110669	-5.197856	-3.637669	12.596483	8.180962	-14.919694	-35.374727
988.686394	4.115913	-5.228500	-3.750312	12.658693	8.131654	-14.930663	-35.380388
673.320498	-88.778680	-5.003408	-5.886389	13.665388	7.214858	-15.118746	-35.482470
-1018.889114	-134.413245	-3.422984	-8.055687	14.428453	6.251475	-15.287579	-35.584154
442.656606	-104.116474	-0.342746	-10.281856	14.967690	5.076918	-15.459655	-35.702023
1127.674521	1.687657	2.757514	-11.768597	15.081516	3.853908	-15.605108	-35.819312
-1129.391156	8.111716	2.877864	-11.813021	15.075493	3.795422	-15.611284	-35.824809
-425.626954	14.631538	2.994718	-11.854832	15.068404	3.736855	-15.617400	-35.830305
1135.662829	123.361664	4.367210	-12.148625	14.744821	2.654497	-15.718600	-35.930431
-547.629722	142.585216	3.801297	-11.546395	14.039188	1.552960	-15.799789	-36.030102
-1023.813710	41.614360	0.328321	-9.804161	12.768289	0.263769	-15.868549	-36.144907
1079.709449	-120.165108	-4.634382	-7.058101	11.060192	-1.029018	-15.909962	-36.259058
632.866794	-125.215264	-4.874683	-6.903399	10.968264	-1.090877	-15.911255	-36.264513
-1087.958349	-129.766456	-5.113489	-6.746693	10.875462	-1.152715	-15.912485	-36.269967
471.289715	-135.641230	-8.910511	-3.589640	9.058362	-2.264595	-15.923732	-36.368195
1192.868463	-48.473483	-11.031957	0.120925	7.008292	-3.361764	-15.914072	-36.465903
-1192.931318	73.422633	-11.053143	5.002909	4.402597	-4.606715	-15.876399	-36.578646
-527.326582	122.924959	-8.364271	10.367308	1.628580	-5.809516	-15.810026	-36.690651
1132.786778	121.982424	-8.167034	10.628634	1.494684	-5.865095	-15.806176	-36.695924
-527.776354	120.678360	-7.963415	10.890440	1.360594	-5.920551	-15.802261	-36.701195
-1041.770581	46.028634	-3.261190	15.721996	-1.112858	-6.910538	-15.719320	-36.797180
1009.040063	-67.371318	2.811820	20.522462	-3.597615	-7.851620	-15.614590	-36.892585
603.859471	-120.331198	10.574753	25.780359	-6.410340	-8.865689	-15.466586	-37.001824
-1168.604370	-62.652111	18.332105	30.476387	-9.094146	-9.792651	-15.289106	-37.110250
407.432420	-56.986690	18.711957	30.687579	-9.221240	-9.835712	-15.279628	-37.115552
1173.497431	-51.081629	19.091969	30.896712	-9.347828	-9.878532	-15.270078	-37.120852
-1184.306314	66.871722	25.825533	34.197506	-11.477988	-10.589667	-15.090712	-37.213563
-606.291050	141.620001	32.804471	36.674803	-13.400019	-11.218814	-14.889055	-37.305631
1099.103199	110.293304	40.956364	38.288718	-15.312650	-11.836946	-14.626461	-37.411802
-381.187837	-50.020784	46.904936	38.315902	-16.846468	-12.322255	-14.333247	-37.517064
-982.917681	-58.109987	47.085955	38.274320	-16.910287	-12.341864	-14.318505	-37.522057
979.773590	-66.051763	47.255448	38.228661	-16.973325	-12.361156	-14.303683	-37.527051
634.774608	-174.835171	47.942080	36.697995	-17.975987	-12.651789	-14.023170	-37.617094
-1036.982838	-203.951293	42.794179	33.848715	-18.728394	-12.826002	-13.719532	-37.706430
431.142032	-127.696661	27.921696	29.015372	-19.310749	-12.871388	-13.339512	-37.809002
1134.563584	21.624049	5.453451	22.691522	-19.608322	-12.737138	-12.930338	-37.910583
-1134.838686	29.594414	4.235478	22.353749	-19.615827	-12.726044	-12.910017	-37.915427
-418.796454	37.590092	3.007042	22.012943	-19.622733	-12.714518	-12.889632	-37.920268
1119.622031	175.635329	-20.601255	15.359344	-19.645294	-12.432806	-12.510863	-38.007265
-570.020423	265.509693	-45.634181	7.828138	-19.476577	-12.015754	-12.112306	-38.093486
-1070.413935	246.833419	-73.299127	-1.836375	-19.043074	-11.376963	-11.627959	-38.192198
1081.747080	67.114011	-93.906667	-12.370966	-18.352700	-10.585213	-11.119747	-38.289831
578.078663	56.122683	-94.621871	-12.906657	-18.312249	-10.542761	-11.094257	-38.294587
-1079.274427	45.098502	-95.303480	-13.443694	-18.271204	-10.500009	-11.068728	-38.299337
787.832958	-275.430374	-88.642367	-34.863648	-16.190887	-8.600835	-10.034969	-38.482159
1131.829533	91.414618	-7.486623	-54.242271	-13.163808	-6.316638	-8.929675	-38.660812
-1148.921507	115.566083	-4.872686	-54.660441	-13.076643	-6.256034	-8.901441	-38.665188
-435.756107	139.496811	-2.244035	-55.074706	-12.988889	-6.195261	-8.873168	-38.669561
1180.741417	161.757642	0.359156	-55.478969	-12.901858	-6.135223	-8.845277	-38.673867
-528.426783	181.814463	2.974663	-55.879320	-12.814257	-6.075024	-8.817349	-38.678170
-1154.124284	228.560547	47.532808	-61.926776	-11.268406	-5.048453	-8.346131	-38.749583
980.387133	-12.910866	90.672364	-66.589934	-9.563124	-3.985023	-7.865438	-38.820264
647.102797	-179.486774	136.335730	-70.095459	-7.143529	-2.578040	-7.235708	-38.909883
-1185.802686	-130.684955	162.911115	-70.242853	-4.488271	-1.137898	-6.592806	-38.998259
354.164466	-123.240774	163.744098	-70.138042	-4.332990	-1.056152	-6.556249	-39.003197
1198.163951	-115.449472	164.502933	-70.020393	-4.177178	-0.974352	-6.519654	-39.008131
-1227.755506	15.954306	166.536287	-66.566204	-1.752873	0.273818	-5.958917	-39.082642
-596.264065	101.783681	149.636771	-59.868050	0.741618	1.523927	-5.390513	-39.156212
1109.879936	97.381223	106.106644	-48.534201	3.677264	2.973182	-4.718215	-39.240910
-443.356774	-14.680341	43.197760	-34.336317	6.562285	4.396270	-4.038042	-39.324278
-982.293871	-21.346523	39.325427	-33.487098	6.718742	4.473877	-4.000235	-39.328848
978.199444	-27.847364	35.421834	-32.632240	6.874789	4.551354	-3.962407	-39.333414
573.695768	-99.166856	-28.311529	-18.705796	9.243602	5.739923	-3.370577	-39.404027
-1018.297029	-100.591562	-93.590765	-4.067909	11.459448	6.886355	-2.774937	-39.473618
444.763177	-5.072935	-162.431480	13.031510	13.777289	8.153521	-2.078592	-39.553246
1136.782597	143.010285	-207.795044	29.286450	15.740963	9.334751	-1.379665	-39.631451
-1138.906089	150.234199	-209.069539	30.025564	15.824590	9.388787	-1.346221	-39.635152
-381.290224	157.390747	-210.247606	30.760427	15.907219	9.442589	-1.312774	-39.638850
1139.567464	236.757273	-212.678614	43.301681	17.222563	10.375930	-0.705850	-39.705351
-450.435687	133.500429	-175.675285	54.195823	18.155048	11.221764	-0.099012	-39.770751
-847.408492	-133.983023	-100.678939	63.917389	18.677574	12.040845	0.568961	-39.841572
794.298727	-415.571592	-7.503958	70.789223	18.602270	12.727972	1.234504	-39.911014
-904.256323	-495.166525	90.305740	74.426207	17.805854	13.294200	1.926155	-39.982093
320.432929	-255.353501	171.690745	73.882243	16.226075	13.701990	2.612475	-40.051625
1134.651363	-236.260201	174.999854	73.733339	16.128520	13.718179	2.646465	-40.055044
-1149.424392	-216.605798	178.222430	73.572189	16.029300	13.733982	2.680439	-40.058460
-1265.826992	594.006130	213.746036	57.067995	11.118704	14.053192	3.974771	-40.187054
1105.932237	57.690360	53.138849	20.667381	4.765366	13.823293	5.234926	-40.309712
-486.464002	12.529134	48.499174	19.719153	4.614832	13.812057	5.262611	-40.312381
-1022.828701	-33.107451	43.856058	18.768035	4.464091	13.800557	5.290277	-40.315046
976.698165	-84.293677	38.524856	17.672798	4.290793	13.787031	5.322013	-40.318103
544.551842	-132.526996	33.196855	16.574303	4.117253	13.773159	5.353722	-40.321155
-661.113409	-503.782151	-47.739954	-1.085272	1.340333	13.506443	5.854051	-40.369126
790.356173	-324.980734	-112.606626	-18.310966	-1.425622	13.153514	6.347426	-40.416075
1197.330266	132.629127	-164.973524	-37.831483	-4.840468	12.578123	6.968172	-40.474636
-1206.797944	300.977334	-178.414954	-52.224016	-7.983982	11.866074	7.576627	-40.531480
-442.819539	302.807919	-178.038759	-52.697444	-8.112925	11.831889	7.602922	-40.533924
1197.197210	304.415303	-177.578632	-53.156078	-8.240978	11.797472	7.629175	-40.536363
-547.782910	294.426430	-150.357101	-59.404737	-10.606413	11.059245	8.146804	-40.584234
-1018.042707	201.934954	-90.866439	-60.648263	-12.556797	10.221405	8.654463	-40.630775
1027.595982	28.150675	-4.075953	-56.784272	-14.193947	9.136032	9.225955	-40.682670
569.850709	-99.659928	72.860272	-48.157370	-15.181007	7.923384	9.783365	-40.732761
-1114.519258	-102.936253	75.836199	-47.628412	-15.213073	7.860736	9.810308	-40.735169
442.414247	-105.862220	78.713479	-47.090002	-15.243655	7.797750	9.837233	-40.737574
1183.105440	-104.528860	113.304649	-36.158559	-15.539039	6.632692	10.308297	-40.779441
-1217.354751	-27.644221	119.904554	-23.001799	-15.378722	5.375572	10.768026	-40.819913
-561.067745	82.125329	98.761707	-6.051932	-14.652691	3.819531	11.282767	-40.864753
1109.753946	96.814196	55.667166	11.141013	-13.380874	2.160694	11.781618	-40.907703
-605.716273	92.428108	53.087995	12.010740	-13.300213	2.071593	11.807253	-40.909896
-1097.227262	87.439288	50.491752	12.876155	-13.218144	1.982233	11.832859	-40.912085
1009.267273	-38.831723	7.200485	26.250117	-11.669054	0.477119	12.249937	-40.947543
568.286919	-126.277586	-30.057052	36.994905	-9.780788	-1.065916	12.654430	-40.981553
-1091.396031	-126.710636	-54.947739	44.518334	-7.217629	-2.872581	13.105753	-41.019030
380.115116	-24.983256	-57.729052	44.976350	-4.291988	-4.678137	13.539396	-41.054532
1135.357330	-18.612389	-57.370801	44.785051	-4.141068	-4.765574	13.560059	-41.056210
-1135.975495	-12.192802	-56.972598	44.572803	-3.989425	-4.852940	13.580679	-41.057884
-422.273279	98.657242	-44.547076	37.638133	-1.186589	-6.396409	13.941343	-41.086953
1065.565202	161.032480	-26.945005	26.058237	1.712428	-7.897819	14.287949	-41.114497
-569.921041	119.398418	-8.066841	9.467549	5.004452	-9.550773	14.669224	-41.144303
-937.644123	-7.371412	6.301397	-7.835820	8.062085	-11.096003	15.030981	-41.172045
941.205935	-14.426779	6.835694	-8.619836	8.196840	-11.165545	15.047503	-41.173298
485.188424	-21.499109	7.355592	-9.398507	8.330543	-11.234740	15.063971	-41.174546
-1070.796140	-128.941259	14.303455	-22.659730	10.603209	-12.455702	15.360322	-41.196777
443.374054	-131.217150	15.852691	-32.976142	12.412345	-13.554258	15.641261	-41.217419
1239.699028	-40.903831	11.494520	-40.237442	13.757384	-14.645266	15.945677	-41.239228
-1206.063039	61.428911	4.199207	-41.871837	14.125134	-15.523855	16.228691	-41.258879
-381.962330	65.588919	3.818863	-41.790278	14.113987	-15.563843	16.242961	-41.259851
1197.125394	69.543950	3.443341	-41.691416	14.099669	-15.603204	16.257171	-41.260818
-520.676249	101.341652	-1.450336	-37.591705	13.442258	-16.158407	16.480739	-41.275754
-1018.893429	65.726224	-2.845582	-28.932297	12.075313	-16.550529	16.687853	-41.289067
1023.707619	-39.797806	-1.488677	-14.506621	9.757876	-16.807040	16.908117	-41.302519
569.029215	-102.172647	0.547806	2.425783	6.855547	-16.853673	17.105238	-41.313723
-1115.652833	-102.569999	0.616130	3.241356	6.708748	-16.850825	17.113899	-41.314192
434.496926	-102.691335	0.680067	4.057128	6.561135	-16.847533	17.122509	-41.314656
1188.064498	-61.607001	1.095253	18.900108	3.707869	-16.707263	17.272805	-41.322345
-1225.208457	33.581393	0.187644	32.263020	0.715788	-16.419741	17.406174	-41.328314
-521.588583	133.147945	-2.501550	44.185774	-2.725718	-15.913014	17.539229	-41.333032
1104.778488	109.141089	-6.948859	51.194760	-5.972718	-15.225034	17.651088	-41.335431
-603.304119	102.632496	-7.184391	51.399335	-6.122695	-15.186940	17.656017	-41.335488
-1090.473849	95.567008	-7.419826	51.590805	-6.271703	-15.148433	17.660897	-41.335540
976.239297	-70.399331	-11.411831	52.876761	-8.743364	-14.397520	17.739424	-41.335526
615.898437	-171.180061	-14.464808	50.418551	-10.868556	-13.521528	17.803009	-41.333739
-1061.954695	-157.867425	-15.914165	43.401970	-12.886818	-12.356391	17.858556	-41.329433
367.448874	-33.114585	-14.937087	32.514017	-14.424991	-11.037139	17.895271	-41.322705
1127.120637	-26.014152	-14.832612	31.921019	-14.485164	-10.971741	17.896539	-41.322331
-1128.372587	-18.885335	-14.722877	31.320750	-14.544315	-10.905981	17.897768	-41.321950
-433.439329	106.944740	-11.799089	19.128319	-15.442996	-9.638178	17.913384	-41.313975
1070.187115	187.183494	-7.293071	5.213990	-15.971214	-8.273495	17.915914	-41.304161
-618.826197	173.621890	-0.135170	-12.176526	-16.107553	-6.588987	17.903072	-41.290497
-964.972840	56.586681	10.065793	-29.884300	-15.717429	-4.812137	17.873955	-41.274359
967.984013	49.118020	10.628660	-30.689000	-15.686442	-4.728225	17.872229	-41.273554
431.765185	41.521235	11.200091	-31.491051	-15.654320	-4.644216	17.870472	-41.272745
-1073.090584	-94.220854	23.718944	-45.989314	-14.832026	-3.036802	17.831303	-41.256540
517.677434	-137.526613	39.911767	-58.619020	-13.589585	-1.388700	17.780890	-41.238494
1191.338765	-77.981045	61.909007	-69.441507	-11.630800	0.538418	17.709694	-41.215508
-1178.057763	35.282235	79.559592	-74.778709	-9.088981	2.483570	17.624951	-41.190128
-390.966560	39.865482	80.128473	-74.869160	-8.952110	2.577021	17.620557	-41.188850
1171.738964	44.236232	80.663635	-74.943080	-8.813869	2.670466	17.616133	-41.187567
-556.898401	83.808847	83.280081	-73.208967	-6.104002	4.353591	17.531312	-41.163475
-988.375813	51.092577	69.731088	-65.289245	-3.065128	6.022049	17.437358	-41.137617
989.076198	-48.009660	35.740275	-49.714857	0.713680	7.919304	17.317751	-41.105486
570.181652	-87.593084	-13.585633	-29.363865	4.601994	9.761179	17.187191	-41.071019
-1086.623939	-86.536416	-16.158065	-28.345378	4.781178	9.844541	17.180912	-41.069372
450.344133	-85.183891	-18.750030	-27.322288	4.960081	9.927686	17.174615	-41.067721
1159.634631	-15.375960	-68.658401	-7.412707	8.266105	11.456444	17.052444	-41.035816
-1188.758162	98.598799	-111.193268	12.852612	11.392778	12.915416	16.923079	-41.002187
-521.878296	197.017979	-132.572156	34.840609	14.621967	14.493482	16.765708	-40.961320
1070.803597	144.004492	-110.152254	53.764112	17.282522	15.943137	16.600087	-40.918200
-595.293456	135.544914	-108.022046	54.607889	17.396836	16.011537	16.591648	-40.915998
-1059.053916	126.471926	-105.809130	55.442327	17.509353	16.079611	16.583184	-40.913788
962.027948	-94.162833	-56.356315	68.295872	19.145696	17.202894	16.433017	-40.874453
647.418183	-319.408550	6.491235	77.687941	20.094990	18.201695	16.277689	-40.833458
-968.604507	-440.511618	81.835662	83.640587	20.184935	19.185546	16.092392	-40.784042
332.107129	-291.102906	144.666525	83.620041	19.077192	19.977310	15.901487	-40.732442
1138.268079	-276.210455	147.092067	83.453145	18.995537	20.010343	15.892240	-40.729923
-1150.574705	-260.593676	149.452643	83.270242	18.911396	20.042944	15.882983	-40.727399
-1213.773366	549.228445	170.732843	62.317500	13.750525	21.001948	15.503574	-40.622184
1111.658605	88.831067	28.291087	17.455946	6.080559	21.309641	15.111277	-40.509173
-533.177925	36.481025	23.577637	16.105746	5.858901	21.309318	15.100863	-40.506107
-1015.811401	-16.490088	18.868902	14.752836	5.636676	21.308576	15.090449	-40.503037
972.890938	-64.638040	14.488107	13.489871	5.429082	21.307510	15.080745	-40.500172
527.913214	-110.225195	10.115407	12.224516	5.220924	21.306082	15.071035	-40.497304
-663.794016	-493.798574	-58.136097	-8.729611	1.720535	21.230826	14.909989	-40.449269
799.621383	-350.206339	-111.414872	-28.792606	-1.833044	21.060184	14.747591	-40.399998
1184.465516	84.224324	-153.352084	-51.177847	-6.382876	20.700028	14.534066	-40.334007
-1210.681806	264.428124	-162.110792	-66.368978	-10.651865	20.189963	14.318133	-40.265955
-432.239977	267.133958	-161.683950	-66.835521	-10.835422	20.163385	14.308282	-40.262821
1201.690375	269.585753	-161.183086	-67.281079	-11.018073	20.136495	14.298419	-40.259680
-564.402135	270.807059	-136.934652	-71.931976	-14.250576	19.573792	14.111056	-40.199531
-1014.744081	183.238913	-84.950016	-70.284638	-16.984121	18.910419	13.921826	-40.137897
1019.738219	6.208985	-7.196119	-62.024667	-19.444930	18.015258	13.698723	-40.064158
564.663294	-120.720970	63.564532	-48.668177	-21.115141	16.995544	13.472930	-39.988428
-1108.465504	-123.729418	66.256687	-47.948762	-21.174091	16.944918	13.462303	-39.984838
434.466465	-126.415401	68.871488	-47.222784	-21.231301	16.894067	13.451677	-39.981245
1165.731623	-127.138628	103.723044	-32.858956	-21.980994	15.915158	13.255411	-39.914501
-1177.454181	-66.123007	116.063047	-17.322444	-22.164383	14.854079	13.057064	-39.846318
-521.130368	28.821263	107.117424	0.570418	-21.684945	13.539177	12.826812	-39.766313
1063.274623	88.010610	78.341094	17.304800	-20.471842	12.119700	12.593696	-39.684449
-583.842734	62.136150	36.835225	31.417881	-18.569266	10.622858	12.361709	-39.602193
-977.656123	-32.864498	-6.877323	42.017859	-15.975959	9.034251	12.126817	-39.518174
981.970851	-38.793957	-8.874720	42.428241	-15.830616	8.953812	12.115168	-39.513989
468.509767	-44.771677	-10.846720	42.827061	-15.683637	8.873179	12.103513	-39.509800
-1103.059254	-120.907829	-41.619176	48.024557	-12.574879	7.302448	11.880169	-39.429230
375.172909	-39.154527	-54.989490	47.994055	-8.886144	5.671085	11.654159	-39.347141
1129.426637	-33.203820	-55.201318	47.844494	-8.695062	5.591554	11.643262	-39.343170
-1129.197959	-27.261152	-55.377045	47.680708	-8.502838	5.511962	11.632366	-39.339198
-473.375907	79.376129	-52.121820	41.397579	-4.442163	3.901398	11.413700	-39.259250
1103.037829	138.728340	-39.088498	29.729063	-0.092581	2.252778	11.192494	-39.177942
-606.238669	116.775171	-18.588812	11.793435	5.085197	0.286132	10.930360	-39.081089
-1005.992400	23.821773	1.777841	-7.300660	10.041284	-1.708681	10.664608	-38.982409
1033.239049	-76.596339	15.652491	-22.689579	14.097819	-3.547268	10.418257	-38.890553
550.201641	-117.164586	20.851830	-33.397976	17.435532	-5.388798	10.168748	-38.797196
-1116.479709	-116.850374	20.822377	-33.784926	17.582845	-5.483278	10.155847	-38.792361
454.813124	-116.279229	20.761946	-34.154609	17.727554	-5.577737	10.142937	-38.787522
1187.657432	-62.850829	14.702506	-38.050291	19.938387	-7.369003	9.895743	-38.694734
-1201.604878	36.529403	2.823014	-36.583519	21.018986	-9.144158	9.645427	-38.600547
-393.357567	41.047528	2.182704	-36.392863	21.043602	-9.230446	9.633106	-38.595906
1197.338476	45.437938	1.540905	-36.191984	21.065719	-9.316741	9.620769	-38.591259
-568.857378	97.704572	-10.296905	-30.468941	21.017513	-10.983905	9.379296	-38.500207
-1009.845394	74.679385	-18.465055	-21.993880	20.137320	-12.625797	9.134897	-38.407915
1001.529750	-31.883425	-21.427346	-10.238453	18.239079	-14.473122	8.849930	-38.300176
540.392123	-99.318262	-16.391358	2.263499	15.554478	-16.261688	8.560945	-38.190826
-1092.088750	-99.939204	-15.925412	2.869532	15.406613	-16.347033	8.546769	-38.185460
455.278809	-100.255458	-15.438465	3.474289	15.257303	-16.432204	8.532584	-38.180091
1166.052168	-61.572982	-3.783764	13.909504	12.368646	-17.922224	8.277581	-38.083559
-1205.400378	31.726551	11.196601	23.120032	9.135821	-19.346755	8.019438	-37.985837
-533.664419	128.823548	28.214030	31.189909	5.138344	-20.891261	7.718775	-37.872058
1103.805032	102.462003	40.711833	35.444557	0.998554	-22.322873	7.413832	-37.756742
-629.615840	96.380340	41.125952	35.527765	0.811115	-22.384525	7.399983	-37.751508
-1092.170782	89.826311	41.525527	35.600701	0.623844	-22.445877	7.386135	-37.746274
991.993272	-78.566946	46.180221	34.884535	-2.959134	-23.576233	7.117420	-37.644771
577.183465	-182.963572	43.815065	29.987680	-6.422539	-24.600602	6.845372	-37.542138
-1069.118158	-159.189440	29.700272	20.180349	-10.152767	-25.641952	6.526213	-37.421928
373.556501	-2.448770	5.098861	7.558365	-13.437143	-26.514557	6.202454	-37.300237
1115.422135	6.009533	3.802280	6.934450	-13.575765	-26.550605	6.187364	-37.294572
-1116.536570	14.453835	2.496325	6.307914	-13.713180	-26.586283	6.172254	-37.288900
-422.591669	161.117369	-22.604397	-5.600199	-16.024099	-27.179095	5.887858	-37.182266
1112.199502	264.638817	-45.865928	-17.117799	-17.776118	-27.624443	5.599910	-37.074551
-612.534121	290.619830	-64.995771	-28.402835	-18.967849	-27.941301	5.265809	-36.949912
-964.665461	179.229272	-73.101852	-36.069193	-19.147511	-28.038696	4.926903	-36.823894
957.961618	168.101845	-73.204650	-36.359510	-19.124486	-28.037367	4.907669	-36.816756
452.472112	156.429706	-73.268894	-36.632797	-19.097748	-28.035299	4.888420	-36.809614
-745.325557	-318.015968	-47.950179	-36.770958	-16.120079	-27.530446	4.222389	-36.563498
423.209117	-36.725632	27.434116	-23.814596	-9.902929	-26.212703	3.537633	-36.312481
1136.628182	-10.396757	29.294857	-23.397236	-9.724266	-26.171269	3.520888	-36.306368
-1161.171912	16.934057	31.137231	-22.976301	-9.544545	-26.129389	3.504132	-36.300252
-402.875187	46.466680	33.090249	-22.521195	-9.350733	-26.084001	3.486158	-36.293693
1212.590732	75.134896	35.019991	-22.061920	-9.155633	-26.038074	3.468160	-36.287127
-790.942934	290.481978	60.623950	-14.486016	-5.981619	-25.256499	3.185911	-36.184339
-1222.289504	182.184575	74.484891	-6.433272	-2.624982	-24.353911	2.900601	-36.080787
1028.692314	-129.810789	74.321015	3.979963	1.835619	-23.010790	2.526733	-35.945624
628.972415	-230.777715	55.061890	13.557115	6.235653	-21.476478	2.147715	-35.809214
-1071.827018	-228.683312	53.635189	13.997129	6.448158	-21.395699	2.128825	-35.802431
525.708738	-225.987497	52.167261	14.433135	6.659853	-21.314520	2.109933	-35.795650
1173.283770	-109.850361	21.236532	21.410764	10.244228	-19.814432	1.775724	-35.675930
-1217.470010	46.445401	-13.256958	26.814459	13.475021	-18.179502	1.437605	-35.555294
-531.121156	176.559016	-45.750926	30.570946	16.579892	-16.135804	1.043477	-35.415287
1099.998363	159.725865	-60.270994	31.110922	18.828405	-13.925610	0.644148	-35.274101
-638.517205	153.941824	-60.491139	31.048334	18.907970	-13.819858	0.625621	-35.267567
-1088.742756	147.682798	-60.674163	30.977555	18.985273	-13.713766	0.607083	-35.261030
999.729989	-14.611429	-57.769274	28.203973	20.025907	-11.645788	0.254640	-35.137031
582.417717	-132.219676	-45.073197	23.186233	20.293004	-9.461279	-0.101764	-35.012165
-1086.631208	-151.006207	-22.657683	15.517303	19.711529	-6.806538	-0.517711	-34.867104
392.868809	-50.547467	2.917758	6.842017	18.276692	-4.030951	-0.938936	-34.720930
1132.138435	-44.078845	4.110828	6.420777	18.188708	-3.895940	-0.959174	-34.713924
-1132.773849	-37.546021	5.295870	5.999766	18.099037	-3.760724	-0.979425	-34.706917
-454.878858	79.238764	24.425609	-1.404682	16.211214	-1.296776	-1.345813	-34.580423
1067.781945	154.015343	36.537707	-8.029171	13.850234	1.213587	-1.716116	-34.453132
-642.978845	131.041947	38.055205	-14.010547	10.589564	4.175620	-2.153129	-34.303622
-950.301257	7.728953	28.797150	-17.811705	6.888595	7.144018	-2.595479	-34.153067
953.635455	-0.064770	28.162828	-17.940073	6.701734	7.286154	-2.616849	-34.145813
425.142182	-7.969275	27.514765	-18.063683	6.514005	7.428321	-2.638245	-34.138552
-1067.325144	-135.133560	14.253350	-19.475950	3.039212	9.960075	-3.023444	-34.008149
556.589833	-157.670248	-0.041148	-19.434655	-0.602450	12.452242	-3.412602	-33.877001
1194.837414	-66.278831	-14.290289	-17.689762	-4.945731	15.272897	-3.869829	-33.723674
-1170.315773	77.067547	-23.415908	-14.293439	-9.270813	17.983303	-4.332429	-33.569374
-390.630065	83.096774	-23.678517	-14.096931	-9.470503	18.107237	-4.354263	-33.562112
1163.280967	88.950210	-23.924394	-13.897257	-9.669767	18.230858	-4.376109	-33.554848
-626.030552	156.836385	-25.128146	-9.769720	-13.214447	20.430597	-4.777324	-33.421761
-986.753657	131.954890	-19.636486	-5.033762	-16.503337	22.505641	-5.182511	-33.287983
986.987505	-3.639006	-8.187581	0.441249	-19.737918	24.649621	-5.639184	-33.137958
-1044.462795	-135.218710	5.055392	5.547584	-22.369919	26.587768	-6.100804	-32.987109
483.178597	-158.596707	16.523618	9.849117	-24.314374	28.364643	-6.588602	-32.828574
1115.387397	-55.057863	21.902384	12.426510	-25.269131	29.860423	-7.081855	-32.669167
-1116.925133	-47.361217	21.989174	12.493641	-25.286967	29.923312	-7.105085	-32.661682
-336.447982	-39.453005	22.061322	12.555403	-25.302271	29.985513	-7.128312	-32.654200
1129.944304	107.140613	20.715676	12.757103	-25.118069	31.015210	-7.557542	-32.516289
-678.487949	158.316808	13.986498	11.330572	-24.025058	31.832045	-7.990801	-32.377767
-1020.238003	71.503569	0.007103	8.070547	-21.727200	32.520147	-8.498773	-32.216227
1081.067066	-104.502598	-15.421245	3.655424	-18.522755	32.936629	-9.012198	-32.053898
529.484407	-110.728794	-16.083075	3.426491	-18.351114	32.949832	-9.036797	-32.046145
-1089.851629	-116.491488	-16.732508	3.196516	-18.178037	32.962430	-9.061393	-32.038394
528.784282	-147.679167	-25.619256	-1.099832	-14.802262	33.088366	-9.509059	-31.897695
1206.750221	-79.659136	-27.136848	-5.378615	-11.065126	33.023840	-9.960575	-31.756433
-1214.114287	48.528002	-20.230405	-9.853480	-6.453225	32.715917	-10.489092	-31.591663
-487.074082	129.377481	-5.807489	-13.417029	-1.745682	32.164377	-11.021009	-31.426163
1141.373932	129.921316	-4.954056	-13.560140	-1.519184	32.131746	-11.046727	-31.418165
-642.839067	130.047843	-4.087122	-13.700429	-1.292720	32.098545	-11.072466	-31.410159
-1031.162998	72.481821	12.707926	-15.672904	2.687105	31.417797	-11.530588	-31.267641
989.721938	-46.279848	29.105964	-16.544138	6.536693	30.568153	-11.989723	-31.124612
527.915682	-123.335152	41.829517	-15.967245	10.797294	29.369324	-12.525819	-30.957107
-1163.458329	-86.115908	42.522003	-13.474143	14.762080	27.953827	-13.061340	-30.788949
410.568744	-81.241840	42.257802	-13.305109	14.941739	27.881546	-13.086667	-30.780970
1169.469891	-76.099827	41.968965	-13.131492	15.120516	27.808842	-13.111975	-30.772995
-1190.334605	41.491728	32.795841	-9.233248	18.229784	26.407135	-13.571019	-30.627846
-481.709093	136.618583	17.562193	-4.180907	21.056102	24.855536	-14.028137	-30.482242
1098.968766	143.431324	-4.875130	2.651117	23.949574	22.868633	-14.556433	-30.312359
-543.582709	14.279093	-28.461923	9.952083	26.377442	20.692544	-15.080190	-30.141895
-972.287238	7.581321	-29.462204	10.272194	26.472060	20.593425	-15.102922	-30.134445
968.801914	0.927266	-30.458543	10.592254	26.565766	20.493893	-15.125660	-30.126988
506.064797	-111.478997	-48.790761	16.785822	28.210470	18.458414	-15.572474	-29.979479
-1003.202197	-168.589108	-63.141687	22.476648	29.442029	16.294953	-16.014390	-29.831571
546.439930	-139.361623	-72.804344	27.941572	30.311776	13.639323	-16.518950	-29.659874
1139.569033	-16.637245	-75.676936	31.736915	30.537309	10.833559	-17.015056	-29.487664
-1141.839307	-8.831304	-75.672329	31.872060	30.531094	10.697657	-17.038257	-29.479520
-343.399564	-0.876725	-75.656529	32.003215	30.523312	10.561466	-17.061438	-29.471374
1153.616403	138.076716	-73.669370	33.723298	30.103117	8.035199	-17.479552	-29.322903
-681.036770	182.165448	-69.374547	34.286014	29.147573	5.432009	-17.889900	-29.174090
-1021.087816	87.819905	-62.635394	33.638067	27.391219	2.318665	-18.358376	-28.999897
1067.829190	-99.855539	-53.171936	31.731434	25.020491	-0.846887	-18.814341	-28.825265
527.363064	-106.925095	-52.618760	31.609423	24.891193	-1.001434	-18.836145	-28.816775
-1075.459181	-113.536877	-52.055351	31.484736	24.760571	-1.156130	-18.857930	-28.808278
540.648804	-158.736658	-40.287119	28.869695	22.256403	-3.896368	-19.237665	-28.657893
1176.776654	-102.142923	-24.857255	25.542810	19.420038	-6.634074	-19.606658	-28.507212
-1189.354383	22.352964	-3.690405	20.927861	15.791728	-9.776406	-20.019521	-28.332429
-431.584833	113.135628	19.079236	15.634532	11.872123	-12.863213	-20.416072	-28.157284
1132.475033	114.579535	20.149912	15.372700	11.682961	-13.005824	-20.434211	-28.149080
-654.425692	115.677171	21.219430	15.109723	11.493350	-13.148250	-20.452312	-28.140875
-1033.365441	81.380207	40.650254	10.049999	7.910529	-15.749298	-20.780580	-27.988766
986.778870	-14.347044	58.810257	4.698551	4.230580	-18.267356	-21.095069	-27.836418
459.775926	-89.788552	77.059644	-1.682084	-0.045561	-21.033068	-21.438354	-27.661188
-1137.168143	-86.808210	91.623132	-8.175172	-4.297812	-23.637958	-21.761597	-27.485666
457.362426	-84.336042	92.229472	-8.487505	-4.500139	-23.758604	-21.776607	-27.477225
1145.962360	-81.639981	92.827722	-8.799760	-4.702214	-23.878812	-21.791569	-27.468783
-1200.816401	-2.909896	102.525911	-14.433614	-8.303526	-25.974039	-22.053660	-27.315974
-432.134962	93.961747	111.052401	-20.036343	-11.765832	-27.906744	-22.299095	-27.162976
1086.359548	125.423763	121.317344	-26.488110	-15.536583	-29.920739	-22.561996	-26.985318
-554.289615	-0.639750	132.509096	-32.882787	-18.965104	-31.663538	-22.800560	-26.807440
-930.666830	-8.246723	132.962840	-33.173323	-19.112148	-31.736193	-22.810857	-26.799312
926.985049	-15.867206	133.406428	-33.463915	-19.258395	-31.808269	-22.821107	-26.791178
544.128165	-145.600354	138.927162	-38.937054	-21.848509	-33.051249	-23.005099	-26.637040
-1015.232365	-206.509817	135.738512	-44.291162	-24.059933	-34.049615	-23.169331	-26.482770
527.456725	-140.951825	116.913888	-49.977972	-26.059133	-34.869452	-23.332395	-26.305808
1126.391885	25.245917	83.827446	-54.789120	-27.408631	-35.316401	-23.467608	-26.128707
-1126.765380	34.568735	81.944776	-54.990654	-27.455603	-35.327986	-23.473372	-26.120215
-331.443796	43.958254	80.037963	-55.189181	-27.500886	-35.338649	-23.479069	-26.111723
1115.473955	213.215789	41.722134	-58.215278	-28.018705	-35.368199	-23.570843	-25.957653
-719.789535	336.557867	-2.053037	-59.966055	-27.919061	-35.079888	-23.640657	-25.803514
-1075.895517	340.277844	-55.333914	-60.000907	-26.968425	-34.362936	-23.694096	-25.625126
1076.721783	142.972452	-102.273296	-57.286387	-25.199939	-33.261945	-23.718343	-25.446686
519.910140	130.182097	-104.150621	-57.076957	-25.097309	-33.200435	-23.718772	-25.438187
-1071.871682	117.225188	-105.986391	-56.859535	-24.993036	-33.138084	-23.719135	-25.429682
938.243787	-334.989620	-128.657922	-41.283306	-19.668046	-30.020393	-23.679626	-25.089192
1119.924979	58.473819	-31.292830	-13.053696	-12.647692	-25.828862	-23.535312	-24.748741
-1141.098250	87.159409	-28.266636	-12.304464	-12.469672	-25.719573	-23.530687	-24.740775
-353.023925	115.743286	-25.233428	-11.553291	-12.291180	-25.609811	-23.526006	-24.732809
1181.955137	144.033249	-22.072999	-10.770064	-12.105034	-25.495145	-23.521076	-24.724524
-600.900990	169.719218	-18.909005	-9.985050	-11.918400	-25.379974	-23.516084	-24.716239
-1169.267748	255.233098	32.552852	3.238054	-8.741251	-23.385200	-23.423681	-24.577928
949.254493	-7.088742	75.255922	16.172432	-5.486164	-21.264212	-23.314208	-24.439657
500.891627	-196.339409	104.938474	31.194070	-1.271611	-18.371997	-23.148357	-24.261833
-1133.604821	-158.566095	96.993423	43.066037	2.865259	-15.323118	-22.954493	-24.084102
412.353118	-153.047886	95.818856	43.535787	3.058120	-15.174691	-22.944576	-24.075650
1147.711927	-147.313339	94.585083	43.996358	3.250531	-15.025980	-22.934596	-24.067199
-1215.498223	-24.280523	63.627605	50.786010	6.666706	-12.266732	-22.741473	-23.913067
-472.801964	83.687817	23.471723	54.513383	9.852549	-9.432920	-22.527454	-23.759025
1105.094222	122.277178	-21.192289	55.003815	13.136161	-6.103154	-22.255300	-23.581811
-568.911983	37.548750	-52.017810	51.401037	15.913377	-2.729349	-21.955701	-23.404749
-971.882926	31.797428	-53.098094	51.116896	16.036068	-2.562847	-21.940265	-23.396047
968.044641	26.029329	-54.136076	50.822821	16.157366	-2.396416	-21.924772	-23.387351
502.425276	-68.911896	-65.490328	43.937794	18.082252	0.548728	-21.639883	-23.233621
-1007.492074	-126.033355	-63.197703	33.872160	19.579974	3.483567	-21.334463	-23.080029
572.915200	-110.189742	-44.802298	18.898179	20.757146	6.826396	-20.957318	-22.903293
1126.561076	-11.216924	-17.181564	2.150728	21.326640	10.100501	-20.553197	-22.726777
-1128.228073	-4.404958	-15.739930	1.313644	21.338668	10.260399	-20.532477	-22.718038
-320.042381	2.561315	-14.298929	0.477311	21.349154	10.420152	-20.511678	-22.709294
1129.097667	120.227292	9.432095	-13.650163	21.279623	13.167571	-20.137727	-22.556646
-706.492561	155.834085	26.259746	-25.894470	20.722585	15.819806	-19.743737	-22.404183
-1015.055016	68.547097	31.489031	-35.982934	19.456525	18.735531	-19.264472	-22.228555
1079.428817	-104.860276	24.471310	-40.741769	17.500353	21.470536	-18.758792	-22.053204
504.555713	-111.370255	23.917235	-40.842149	17.385472	21.600400	-18.733155	-22.044558
-1088.390913	-117.414788	23.349555	-40.930479	17.268841	21.729762	-18.707454	-22.035913
522.401545	-152.744824	11.985394	-40.605750	14.932715	23.921803	-18.244597	-21.883854
1188.457732	-90.168716	0.576373	-37.070627	12.092670	25.943041	-17.762007	-21.732030
-1184.413286	33.903851	-9.837086	-29.747253	8.328319	28.044465	-17.181316	-21.557315
-451.854696	125.528287	-14.690355	-19.895715	4.212256	29.882940	-16.574655	-21.382944
1116.932640	127.232778	-14.729877	-19.387297	4.010878	29.963483	-16.545166	-21.374662
-663.723311	128.605204	-14.749373	-18.876145	3.809005	30.043437	-16.515599	-21.366375
-1026.897536	99.204182	-11.990881	-9.265375	0.078211	31.389576	-15.964930	-21.215070
992.394125	-2.671108	-5.276021	0.313132	-3.649011	32.508789	-15.394803	-21.064043
471.873422	-103.714037	3.645212	10.276734	-7.782456	33.500496	-14.714088	-20.890439
-1112.734264	-115.893995	9.664972	17.939437	-11.570285	34.155478	-14.007811	-20.717238
463.196173	-113.250793	9.804679	18.225429	-11.738382	34.177872	-13.973656	-20.709027
1118.510164	-110.282229	9.928466	18.503385	-11.905268	34.199462	-13.939443	-20.700818
-1153.285987	-17.020807	9.840344	22.091114	-14.700824	34.449278	-13.308676	-20.552013
-436.078704	91.120564	6.666102	22.894957	-16.987914	34.421665	-12.659166	-20.403529
1095.788792	138.099225	1.112543	20.925201	-18.944236	34.024896	-11.880869	-20.231334
-624.559398	39.870001	-4.479705	16.717593	-20.114271	33.218083	-11.078020	-20.059606
-981.347930	33.119519	-4.720025	16.477651	-20.149854	33.169187	-11.039241	-20.051453
978.021070	26.314744	-4.956755	16.235015	-20.183573	33.119352	-11.000433	-20.043306
467.749579	-94.874206	-8.485758	11.456130	-20.472240	32.044677	-10.287232	-19.895706
-1019.517229	-179.740819	-9.970613	6.371451	-20.138752	30.641013	-9.557328	-19.748483
577.064958	-182.597070	-7.866820	0.754734	-18.965085	28.599564	-8.688405	-19.577660
1147.354981	-68.811883	-0.936558	-4.151723	-16.972859	26.155162	-7.800049	-19.407383
-1149.246907	-61.116654	-0.574805	-4.342160	-16.868598	26.040852	-7.761123	-19.400014
-267.450556	-53.208577	-0.211454	-4.530315	-16.762954	25.925965	-7.722192	-19.392651
1157.777686	111.465964	6.783236	-7.759939	-14.376973	23.522830	-6.944784	-19.247092
-747.614418	190.239464	11.344076	-9.856504	-11.449104	20.897864	-6.155491	-19.101955
-1034.920400	119.860872	10.745147	-10.536711	-7.410620	17.606464	-5.222884	-18.933503
1103.042898	-81.632075	5.100384	-9.225679	-2.831063	14.112994	-4.277337	-18.765660
467.074058	-89.873194	4.754501	-9.120937	-2.602570	13.942385	-4.231987	-18.757677
-1111.647961	-97.695588	4.404196	-9.012888	-2.373313	13.771443	-4.186610	-18.749696
571.086472	-167.282236	-2.272585	-6.583385	1.858034	10.644885	-3.365901	-18.606316
1202.542297	-123.864649	-8.429231	-3.515400	6.201669	7.445824	-2.538086	-18.463404
-1212.928968	14.525670	-13.119914	0.325103	11.235872	3.669524	-1.565506	-18.297408
-444.723265	132.330415	-13.219427	3.829662	16.044512	-0.106888	-0.586407	-18.132081
1152.674046	134.863860	-13.074162	3.976120	16.264629	-0.286003	-0.539601	-18.124217
-724.585943	136.987621	-12.913670	4.120057	16.483610	-0.464877	-0.492815	-18.116359
-1044.804212	111.469125	-7.772075	6.281944	20.239150	-3.664863	0.353192	-17.974827
985.931949	3.505029	-0.075474	7.552652	23.533944	-6.788490	1.201606	-17.833807
415.038854	-106.710465	8.795643	7.782519	26.615780	-10.282036	2.190341	-17.670390
-1101.374614	-129.121162	13.843106	6.505635	28.716771	-13.575231	3.179150	-17.507705
530.903587	-127.046661	13.921318	6.403464	28.790357	-13.725812	3.226060	-17.500001
1109.488119	-124.650790	13.982441	6.297369	28.861524	-13.875840	3.272967	-17.492299
-1167.938837	-37.479253	12.523991	3.772757	29.734240	-16.487912	4.119748	-17.353406
-380.597546	83.811963	7.525942	0.358565	29.838661	-18.902932	4.964182	-17.215071
1098.738406	152.318182	-0.201504	-4.232133	29.032776	-21.461697	5.943514	-17.054637
-605.643061	56.231076	-7.293471	-8.907111	27.280284	-23.744330	6.916511	-16.894995
-952.625339	49.027526	-7.580272	-9.121811	27.174012	-23.846234	6.962716	-16.887403
948.257101	41.722909	-7.860931	-9.335262	27.065719	-23.947505	7.008902	-16.879814
458.482999	-91.200943	-11.648367	-12.895386	24.772415	-25.665056	7.838451	-16.743258
-976.672492	-182.527123	-12.206168	-15.688469	21.858019	-27.175594	8.660854	-16.607316
570.766717	-172.311055	-7.927118	-17.784872	17.731282	-28.670963	9.607324	-16.449929
1094.154067	-42.259376	-0.841860	-18.569977	12.865213	-29.882488	10.540974	-16.293402
-1097.102493	-33.644316	-0.499703	-18.573013	12.620876	-29.932083	10.584222	-16.286116
-318.651276	-24.838126	-0.159051	-18.572960	12.374892	-29.981087	10.627467	-16.278827
1135.369591	133.654767	5.371255	-18.013122	7.598925	-30.770865	11.416915	-16.145128
-745.813672	190.355750	8.094509	-16.458419	2.399004	-31.348898	12.194978	-16.012094
-1049.789221	102.909200	6.360671	-13.745856	-4.046505	-31.753978	13.085130	-15.858162
1096.208124	-84.450354	1.635114	-9.828885	-10.737138	-31.870311	13.958150	-15.705160
500.478426	-91.489325	1.398629	-9.613446	-11.047126	-31.868697	13.997843	-15.698151
-1102.586939	-98.157909	1.162912	-9.394597	-11.357169	-31.866471	14.037498	-15.691144
555.547588	-157.004235	-2.725392	-4.595435	-17.171079	-31.710314	14.776164	-15.559712
1183.833939	-113.616917	-4.583697	1.666515	-22.851074	-31.336650	15.500658	-15.428996
-1189.358145	10.155675	-4.196309	10.928925	-29.050872	-30.634011	16.318534	-15.279023
-468.798638	112.486639	-1.106727	22.042142	-34.655756	-29.639549	17.115922	-15.130035
1122.201745	114.380133	-0.891595	22.571404	-34.891647	-29.587645	17.151495	-15.123319
-693.901859	115.929001	-0.669211	23.101967	-35.125842	-29.535141	17.187025	-15.116604
-1015.209912	85.679654	4.534665	33.336158	-39.252378	-28.414931	17.858303	-14.988532
968.178882	-18.327539	9.634509	43.133651	-42.606067	-27.074527	18.512944	-14.861227
432.912604	-110.522819	11.741378	52.769918	-45.328149	-25.251755	19.247500	-14.715181
-1124.445990	-116.075735	5.965001	59.054337	-46.600077	-23.137283	19.958298	-14.570183
478.538350	-113.617928	5.457334	59.221027	-46.619833	-23.032751	19.990572	-14.563505
1132.617910	-110.902369	4.927822	59.374526	-46.635936	-22.927708	20.022772	-14.556833
-1182.946934	-21.919025	-8.061230	59.690598	-46.226311	-20.845859	20.619255	-14.431615
-408.499913	95.459850	-22.818549	54.705304	-44.401704	-18.583487	21.196491	-14.307210
1081.871804	161.844064	-34.436875	41.964158	-40.717392	-15.800611	21.833359	-14.165711
-617.056186	76.173997	-33.499782	21.622756	-35.570074	-12.847920	22.443343	-14.025317
-948.617883	69.335707	-33.100951	20.478647	-35.290701	-12.702641	22.471910	-14.018611
945.090931	62.355920	-32.669717	19.320836	-35.008565	-12.557058	22.500413	-14.011908
456.790798	-72.545529	-19.437012	-3.571421	-29.452842	-9.872453	23.005443	-13.890959
-1001.516499	-178.301298	3.347033	-28.461800	-23.163272	-7.112657	23.488940	-13.770863
605.446215	-196.620483	38.928526	-56.356274	-15.197207	-3.861195	24.020007	-13.633188
1115.405982	-96.844540	75.541180	-79.496938	-6.722853	-0.576962	24.520698	-13.496688
-1117.238973	-89.094501	77.042228	-80.422824	-6.306036	-0.418508	24.544041	-13.490141
-277.284869	-81.101818	78.501602	-81.327357	-5.888918	-0.260166	24.567298	-13.483601
1125.200249	69.389704	95.301250	-93.520192	1.656728	2.573314	24.972005	-13.366765
-743.390464	141.233851	86.302676	-96.900817	9.217162	5.378348	25.352791	-13.250830
-1012.479154	89.659570	37.239814	-90.370294	17.799716	8.556021	25.762576	-13.117904
1081.594945	-59.123213	-36.496642	-74.101490	26.025566	11.628445	26.138771	-12.986215
430.491729	-63.811107	-40.218675	-73.114701	26.403307	11.770830	26.155751	-12.980005
-1089.276291	-67.984343	-43.942678	-72.109639	26.779796	11.912893	26.172654	-12.973798
542.121956	-65.124953	-109.432238	-50.731425	33.411763	14.446542	26.467640	-12.860925
1152.817032	19.014625	-158.240452	-24.303690	39.495267	16.848399	26.736198	-12.749004
-1195.939627	71.199667	-162.328508	10.915378	45.682213	19.430358	27.013019	-12.620809
-357.814757	-41.022058	-86.313080	47.909149	50.778076	21.768727	27.252904	-12.493920
1228.260458	-48.125890	-81.246398	49.619130	50.987223	21.871886	27.263241	-12.487997
-589.627064	-55.194311	-76.089160	51.322136	51.193393	21.974358	27.273488	-12.482081
-1031.789554	-128.341193	29.560903	81.178331	54.467242	23.751870	27.447744	-12.373288
603.942271	5.340745	131.205677	106.022605	56.639188	25.293256	27.592994	-12.265502
-253.158910	177.316730	194.614948	124.226771	57.607686	26.695036	27.719214	-12.147446
-122.442938	87.075914	171.997566	129.987010	56.899038	27.754296	27.808501	-12.030646
822.375058	-117.704034	80.972755	124.172812	54.252011	28.497115	27.861328	-11.910662
-1205.242515	-167.073667	-38.722207	108.561368	49.841756	28.896122	27.872634	-11.792065
-346.671927	-162.817662	-44.437579	107.611840	49.592637	28.906917	27.872122	-11.786459
1220.713142	-157.941061	-50.122773	106.645299	49.340162	28.916988	27.871515	-11.780858
-631.516039	-5.607963	-144.267546	86.274764	44.172038	28.976443	27.843441	-11.679092
-1019.887092	122.557721	-204.177295	61.727890	38.068112	28.809743	27.782975	-11.578383
978.981520	64.596772	-210.098512	30.025187	30.077943	28.353418	27.673425	-11.463330
482.562573	-51.456429	-161.515056	-3.234139	21.340808	27.634251	27.522420	-11.349696
-1071.935890	-55.223721	-158.124795	-4.867735	20.899194	27.592714	27.513994	-11.344177
525.577386	-58.671698	-154.656765	-6.501517	20.456195	27.550574	27.505466	-11.338657
1140.579211	-70.154268	-84.155662	-34.971330	12.491302	26.714826	27.339302	-11.241828
-1172.725010	-8.884917	-6.296065	-61.998328	4.363862	25.713673	27.143919	-11.146051
-447.549379	79.139503	77.896390	-90.049153	-5.033672	24.363599	26.881793	-11.036322
1075.848283	71.381516	141.100423	-112.908438	-14.146498	22.830090	26.582524	-10.927995
-716.867344	66.386987	143.434479	-113.845815	-14.572430	22.752168	26.567233	-10.922826
-1065.014130	60.897007	145.698344	-114.766991	-14.997052	22.673874	26.551859	-10.917661
980.860116	-79.638634	174.460212	-128.345522	-22.374308	21.205127	26.261423	-10.825336
464.395683	-177.937548	180.885551	-135.671544	-29.144213	19.630064	25.944950	-10.734047
-1060.267028	-180.113344	162.095209	-136.286127	-35.989977	17.692901	25.547308	-10.629721
470.964579	-68.559022	119.473630	-129.619142	-41.571175	15.652213	25.116933	-10.526765
1112.641522	-61.591316	116.952731	-129.132165	-41.809153	15.550911	25.095234	-10.521804
-1114.012235	-54.570817	114.399054	-128.631071	-42.044122	15.449417	25.073462	-10.516845
-328.671013	75.064872	64.766291	-117.486694	-45.734535	13.612295	24.673417	-10.429079
1125.729184	201.014232	11.948363	-102.642138	-48.522530	11.728337	24.250586	-10.342326
-738.360834	308.593486	-43.396750	-82.159621	-50.661353	9.542069	23.742037	-10.244719
-1086.800784	312.247022	-85.146340	-58.920031	-51.764369	7.332505	23.205993	-10.148421
994.920475	156.834574	-108.958372	-34.741028	-51.912734	5.182953	22.660056	-10.056137
630.124375	-132.161345	-113.655683	-10.055665	-51.216751	3.046581	22.090193	-9.965072
-767.700254	-328.607925	-94.605306	15.333161	-49.616369	0.801772	21.459937	-9.869695
521.760579	-75.945427	-51.790393	38.841964	-47.189531	-1.414085	20.805040	-9.775682
1112.955080	-46.780032	-49.440345	39.884481	-47.056229	-1.517406	20.773690	-9.771299
-1142.439737	-15.989508	-47.077709	40.920047	-46.921332	-1.620589	20.742309	-9.766922
-285.196311	15.316745	-44.709159	41.946615	-46.785112	-1.723437	20.710956	-9.762559
1200.402651	45.965014	-42.329243	42.967389	-46.647146	-1.826276	20.679532	-9.758197
-894.548684	302.455180	-3.996235	58.591401	-44.174387	-3.488679	20.161030	-9.687612
-1237.161995	213.506168	28.546584	72.069150	-41.293730	-5.126805	19.629545	-9.617811
1010.041217	-102.124193	56.835820	85.643987	-37.012993	-7.201751	18.923941	-9.528715
468.110705	-233.482874	65.251312	94.051456	-32.164812	-9.219256	18.198640	-9.440916
-1040.741503	-233.713842	65.079300	94.304528	-31.924058	-9.312509	18.164083	-9.436821
488.600441	-233.478190	64.852877	94.544025	-31.682358	-9.405554	18.129508	-9.432731
1166.398176	-166.560552	52.285807	96.626920	-27.053169	-11.087480	17.487107	-9.358096
-1234.485768	-39.722083	28.747048	94.622778	-22.095018	-12.712663	16.831719	-9.284419
-433.545183	116.054128	-2.535511	87.840708	-16.034940	-14.508336	16.060778	-9.200639
1070.659624	155.976077	-27.599071	77.006639	-9.741547	-16.210943	15.274700	-9.118124
-740.814014	152.039631	-28.541914	76.334033	-9.404251	-16.298445	15.232618	-9.113783
-1054.216467	147.389294	-29.437052	75.651961	-9.066556	-16.385708	15.190473	-9.109444
946.324011	14.772336	-37.751624	63.326041	-3.541237	-17.768887	14.496615	-9.039064
440.656120	-98.590661	-36.017215	49.137575	1.933069	-19.068282	13.793044	-8.969621
-1054.433494	-144.334903	-25.091936	31.216632	8.066633	-20.457776	12.968687	-8.890518
467.331277	-88.103443	-8.840240	12.701392	13.845620	-21.717710	12.133471	-8.812654
1143.813972	-83.027267	-8.022894	11.834473	14.107756	-21.773972	12.093690	-8.808999
-1145.741946	-77.744290	-7.205428	10.969688	14.368738	-21.829922	12.053887	-8.805347
-310.536764	41.870101	7.135859	-4.297888	18.926635	-22.798552	11.320917	-8.738922
1064.682624	148.963755	18.032366	-17.843741	22.991299	-23.655803	10.581456	-8.673419
-781.232910	170.720582	22.407716	-30.473116	26.932940	-24.497480	9.722276	-8.599077
-908.642291	62.076328	15.596010	-39.264039	29.933416	-25.173649	8.856593	-8.525947
911.999922	52.995934	15.030591	-39.604116	30.056392	-25.203041	8.813013	-8.522310
289.037505	43.608467	14.449949	-39.934823	30.176594	-25.231992	8.769420	-8.518676
-1028.825552	-121.750844	2.857284	-44.209832	31.796790	-25.661581	8.013622	-8.456315
576.842489	-178.319639	-8.686520	-45.888606	32.482359	-25.953260	7.254609	-8.394857
1167.547654	-93.441429	-17.357552	-44.901575	32.033296	-26.115167	6.376558	-8.325118
-1188.187239	79.316091	-20.121773	-41.274288	30.357134	-26.093416	5.496442	-8.256565
-367.806915	86.750529	-20.105930	-41.034470	30.245453	-26.087814	5.452826	-8.253201
1184.585682	93.859146	-20.075729	-40.789391	30.131243	-26.081802	5.409208	-8.249840
-682.606111	160.644453	-17.204926	-35.722689	27.745173	-25.912199	4.644903	-8.191421
-1007.021732	119.982738	-10.246236	-29.474129	24.718275	-25.629151	3.880890	-8.133886
983.397679	-24.466117	0.384205	-21.340076	20.601863	-25.177712	3.001748	-8.068663
486.794889	-133.956271	10.508789	-12.806968	16.000892	-24.609604	2.125324	-8.004601
-1047.052374	-136.406390	10.937302	-12.383574	15.763047	-24.578646	2.081852	-8.001447
560.262598	-138.491856	11.355861	-11.960560	15.524369	-24.547428	2.038364	-7.998293
1105.390632	-120.002446	17.089900	-4.770067	11.278347	-23.966817	1.282063	-7.943784
-1145.923825	-20.417998	20.469556	1.793678	6.958314	-23.325439	0.529651	-7.890138
-440.328552	112.918407	22.592793	8.053930	2.049529	-22.525506	-0.332503	-7.829312
1075.000621	138.566477	24.035305	12.379176	-2.592066	-21.678666	-1.187216	-7.769620
-773.789029	134.505028	24.108650	12.540252	-2.815292	-21.635102	-1.230046	-7.766644
-1063.669887	129.850025	24.182658	12.695609	-3.037197	-21.591494	-1.272828	-7.763672
971.829746	-2.183511	25.435081	14.495638	-6.652272	-20.831636	-2.006121	-7.712938
419.111001	-114.514566	26.160050	14.695981	-9.818120	-20.063188	-2.732273	-7.663047
-1033.963724	-160.010072	25.340576	13.172224	-12.874050	-19.178533	-3.562883	-7.606354
506.439994	-100.361026	21.752870	10.220615	-15.263499	-18.316278	-4.381999	-7.550779
1109.504567	-94.582320	21.499740	10.044983	-15.365154	-18.274139	-4.422577	-7.548034
-1111.819656	-88.540571	21.239876	9.867132	-15.465122	-18.232103	-4.463124	-7.545291
-346.948890	41.606988	15.741712	6.515543	-16.922164	-17.525825	-5.157220	-7.498431
1079.504443	160.079357	8.465541	2.849133	-17.870714	-16.862519	-5.841353	-7.452387
-762.669754	188.365885	-1.956010	-1.379366	-18.326147	-16.159706	-6.624072	-7.399840
-949.403501	77.700507	-13.601007	-5.077637	-18.080845	-15.541451	-7.392488	-7.348387
951.619909	69.174112	-14.119799	-5.226839	-18.052828	-15.514932	-7.427557	-7.346042
323.057546	60.377615	-14.634150	-5.373772	-18.023352	-15.488580	-7.462597	-7.343699
-1041.028610	-111.833173	-22.970978	-7.638833	-17.205890	-15.025383	-8.112026	-7.300334
652.801081	-188.493462	-27.261462	-8.761592	-15.893196	-14.613604	-8.751008	-7.257769
1171.904696	-118.210066	-25.070006	-8.341082	-13.797234	-14.191396	-9.480331	-7.209318
-1219.777715	71.994172	-16.748980	-6.367926	-11.205162	-13.820126	-10.195708	-7.161937
-320.469954	79.736224	-16.277284	-6.251493	-11.080683	-13.804663	-10.227156	-7.159858
1217.937575	87.203614	-15.798711	-6.132937	-10.955503	-13.789279	-10.258576	-7.157781
-738.374154	170.876542	-5.473862	-3.471074	-8.407089	-13.505621	-10.862334	-7.117921
-1026.196436	135.757900	5.633713	-0.316966	-5.686559	-13.245367	-11.455879	-7.078846
997.976002	-21.200103	16.661757	3.567942	-2.434804	-12.964901	-12.130507	-7.034573
440.357455	-147.659534	22.407499	7.271822	0.798157	-12.697444	-12.791675	-6.991336
-1073.210676	-151.056922	22.497885	7.453497	0.965533	-12.683518	-12.826160	-6.989085
559.122749	-154.025526	22.563395	7.633243	1.132368	-12.669607	-12.860589	-6.986839
1141.212520	-145.252974	20.454007	10.256039	3.765234	-12.443290	-13.415023	-6.950720
-1177.499943	-46.458424	13.886377	12.195711	6.191338	-12.212353	-13.959711	-6.915352
-407.503403	107.929756	3.377736	13.471979	8.662944	-11.926861	-14.587080	-6.874767
1056.728173	154.270874	-6.879209	13.548529	10.598268	-11.616450	-15.201175	-6.835207
-775.258457	151.137662	-7.276918	13.521898	10.670167	-11.601841	-15.228304	-6.833463
-1045.652284	147.472031	-7.666924	13.492612	10.740690	-11.587170	-15.255389	-6.831723
955.827696	15.739017	-13.607918	12.378356	11.841153	-11.291111	-15.769488	-6.798752
419.574824	-109.055777	-16.285952	10.078917	12.487277	-10.962469	-16.274025	-6.766521
-1032.532429	-166.177727	-14.695088	5.721754	12.712838	-10.530425	-16.849739	-6.729905
535.598507	-99.609687	-8.236370	-0.208374	12.425576	-10.038685	-17.412663	-6.694280
1100.584639	-93.674156	-7.850683	-0.512678	12.400374	-10.013948	-17.438893	-6.692625
-1102.659488	-87.515580	-7.460264	-0.818342	12.374170	-9.989068	-17.465094	-6.690971
-310.814861	47.703641	0.121001	-6.518217	11.725559	-9.508188	-17.939541	-6.661106
1082.728155	162.434008	7.134920	-11.953156	10.782756	-8.977089	-18.404585	-6.631968
-782.849995	176.481109	11.869626	-17.015138	9.379405	-8.298540	-18.929741	-6.599234
-941.851687	64.292282	11.008698	-20.004281	7.695357	-7.546332	-19.442494	-6.567455
943.686990	55.855398	10.842963	-20.094974	7.605866	-7.507165	-19.467525	-6.565909
264.294610	47.201314	10.667982	-20.180350	7.515841	-7.467809	-19.492527	-6.564364
-1028.679001	-105.062128	6.446691	-20.822630	5.862586	-6.748356	-19.924950	-6.537729
673.218412	-170.538521	1.198238	-19.883013	4.083928	-5.968532	-20.348170	-6.511799
1179.863531	-110.299891	-4.222065	-16.854079	1.898177	-4.984689	-20.827873	-6.482585
-1219.219500	52.921625	-7.815784	-11.814099	-0.360681	-3.912742	-21.295289	-6.454308
-262.344266	60.066432	-7.918693	-11.544182	-0.462013	-3.862866	-21.315833	-6.453070
1216.959796	67.042415	-8.016002	-11.270511	-0.563356	-3.812807	-21.336353	-6.451834
-769.181720	158.249067	-8.593061	-5.332690	-2.519269	-2.807332	-21.728803	-6.428261
-1050.562457	144.493253	-6.373937	1.441067	-4.435386	-1.731041	-22.112183	-6.405377
1038.713084	-1.287303	-1.719304	9.512486	-6.544570	-0.396719	-22.543757	-6.379798
463.799628	-142.066797	3.024996	16.939492	-8.481226	1.038884	-22.963371	-6.355124
-1097.094358	-146.073997	3.218480	17.267162	-8.569761	1.111236	-22.983443	-6.353948
625.568767	-149.698557	3.406605	17.590956	-8.657730	1.183836	-23.003487	-6.352775
1137.303693	-150.942934	5.862477	22.587719	-10.121631	2.518785	-23.355781	-6.332236
-1163.932081	-48.173130	6.847321	25.703720	-11.362372	3.934746	-23.699207	-6.312364
-392.777957	108.733462	6.582240	26.323928	-12.466047	5.679015	-24.085870	-6.290179
1072.861917	154.739697	4.603145	23.780118	-13.169109	7.540104	-24.460739	-6.268878
-788.773080	151.266453	4.451491	23.585291	-13.193366	7.633753	-24.478684	-6.267864
-1061.414908	147.160985	4.294226	23.384362	-13.216748	7.727751	-24.496612	-6.266851
968.740301	13.475512	0.839639	18.917665	-13.488314	9.443201	-24.809914	-6.249234
399.374019	-108.830145	-2.998900	13.054594	-13.504817	11.250957	-25.114505	-6.232265
-1037.235661	-162.524780	-6.238905	5.135877	-13.229517	13.450338	-25.455899	-6.213447
547.445174	-97.871890	-6.747953	-3.327994	-12.663049	15.758070	-25.785780	-6.195482
1112.319651	-91.773742	-6.703637	-3.740539	-12.628577	15.872730	-25.801506	-6.194631
-1114.773590	-85.415717	-6.653517	-4.152610	-12.593481	15.987622	-25.817205	-6.193783
-315.724566	53.894242	-4.871748	-11.337658	-11.864918	18.077955	-26.093094	-6.178957
1095.756798	172.803409	-1.724175	-17.862002	-10.955325	20.236229	-26.360400	-6.164764
-796.920217	182.339994	3.015535	-23.951626	-9.705417	22.798099	-26.657644	-6.149196
-953.717113	52.791680	7.958298	-27.834769	-8.263353	25.433024	-26.943614	-6.134455
956.011946	43.495450	8.163313	-27.954362	-8.189877	25.560946	-26.957033	-6.133770
286.204565	33.980728	8.363098	-28.067293	-8.116068	25.688933	-26.970418	-6.133086
-1052.888976	-138.755747	10.767338	-28.892865	-6.715710	28.035369	-27.208834	-6.121012
661.119832	-212.642644	9.733924	-27.171699	-5.215925	30.423335	-27.438818	-6.109552
1184.430495	-157.535730	3.327501	-22.056230	-3.389565	33.222384	-27.693752	-6.097086
-1219.605792	5.750548	-6.036630	-14.522028	-1.490474	36.059583	-27.937575	-6.085424
-289.861418	14.482690	-6.471874	-14.143630	-1.403564	36.188368	-27.948317	-6.084917
1221.697425	23.264808	-6.905598	-13.762762	-1.316573	36.317211	-27.959036	-6.084411
-823.937455	184.384630	-14.505973	-6.102229	0.365243	38.800797	-28.160469	-6.075016
-1241.135815	270.326385	-19.210190	1.768952	2.055629	41.299671	-28.353662	-6.066213
1115.128145	-124.355301	-12.754627	18.250617	5.957812	47.217819	-28.776785	-6.047781
499.322969	-308.490704	11.544697	28.557570	9.526079	53.108938	-29.154775	-6.032565
-1025.914615	-273.519983	12.221023	28.690076	9.601059	53.241653	-29.162830	-6.032257
594.358201	-235.719480	12.900229	28.817407	9.675726	53.374314	-29.170862	-6.031950
1083.583319	-194.009991	13.599274	28.942651	9.752024	53.510396	-29.179082	-6.031637
-1116.246917	-149.744413	14.298934	29.062275	9.827937	53.646331	-29.187271	-6.031326
-271.732991	-106.043361	14.975403	29.172612	9.901004	53.777689	-29.195166	-6.031027
1180.155844	-63.188743	15.651032	29.277686	9.973751	53.908989	-29.203037	-6.030729
-999.482916	306.867028	24.983000	30.189800	11.013488	55.849655	-29.317184	-6.026501
-1269.143289	291.901644	31.492255	29.792429	11.972512	57.774483	-29.426387	-6.022622
969.267517	-21.767058	35.136980	26.748920	13.169897	60.444224	-29.571378	-6.017761
481.747805	-235.627729	32.358980	20.581095	14.191345	63.068966	-29.706715	-6.013577
-965.870949	-266.266012	21.930558	11.175704	15.080292	65.754835	-29.837875	-6.009923
565.636755	-141.779695	3.987012	-0.695297	15.799407	68.373669	-29.958613	-6.006994
1087.176835	-132.374431	2.896345	-1.384349	15.833116	68.510805	-29.964739	-6.006858
-1091.598374	-122.787640	1.797418	-2.078675	15.866383	68.647724	-29.970837	-6.006725
-284.830559	43.362034	-16.463267	-13.979239	16.344963	70.832687	-30.065467	-6.004846
1092.222936	176.407519	-33.275962	-26.877599	16.716240	72.954670	-30.152468	-6.003495
-822.081036	207.198329	-46.499318	-42.662121	17.023872	75.336817	-30.244151	-6.002582
-950.429869	94.680331	-49.008101	-58.736543	17.209779	77.616429	-30.325608	-6.002370
951.753469	86.615405	-48.874560	-59.442705	17.215371	77.714392	-30.328963	-6.002376
290.419756	78.331420	-48.721878	-60.147799	17.220749	77.812071	-30.332297	-6.002384
-1024.925050	-91.655850	-42.062682	-73.798333	17.285193	79.677872	-30.393549	-6.002812
676.225658	-176.876207	-29.083342	-87.109852	17.277665	81.454168	-30.447296	-6.003750
1160.148255	-124.558512	-7.663978	-102.041397	17.189093	83.398887	-30.500392	-6.005478
-1214.055855	52.550374	17.473988	-116.263529	17.026128	85.206436	-30.543461	-6.007883
-294.684983	61.079774	18.757776	-116.949582	17.016290	85.292563	-30.545342	-6.008020
1212.335168	69.331958	20.041619	-117.633535	17.006298	85.378330	-30.547197	-6.008159
-771.502655	158.681611	41.818235	-129.115751	16.810346	86.804176	-30.575407	-6.010820
-1026.119913	135.761257	61.587847	-139.879812	16.575239	88.117733	-30.596287	-6.013973
1003.699230	-14.545467	81.380881	-151.372788	16.261486	89.497302	-30.611394	-6.018248
411.340684	-141.568365	97.506561	-161.650044	15.913074	90.713647	-30.616718	-6.023172
-1074.297059	-144.731303	98.203701	-162.124078	15.895111	90.769435	-30.616729	-6.023433
578.560447	-147.499787	98.891620	-162.595090	15.877074	90.824844	-30.616716	-6.023694
1130.590383	-136.983993	109.358864	-170.229369	15.554817	91.720769	-30.612701	-6.028493
-1168.244785	-41.195398	117.296959	-176.774836	15.218602	92.489699	-30.601552	-6.033765
-397.511110	91.925074	123.867415	-182.906594	14.815322	93.221886	-30.579659	-6.040492
1071.538842	139.368932	128.162548	-187.319951	14.403907	93.778031	-30.548215	-6.047859
-798.223615	137.389569	128.332592	-187.497296	14.382700	93.801756	-30.546348	-6.048254
-1055.212803	134.922739	128.498258	-187.669781	14.361485	93.825016	-30.544457	-6.048650
911.177427	60.692122	130.602667	-189.836194	14.003685	94.146811	-30.508969	-6.055556
252.227971	28.909373	131.361524	-190.624822	13.642661	94.340552	-30.466490	-6.062934
