-0.096354	0.037168	3.767220	-1.478579	-1.163609	-0.425033	0.406502	-0.245386	11.883812
-0.835127	-0.166311	3.663403	-1.526719	-1.139715	-0.433039	0.408070	-0.245731	11.883819
-0.837800	0.324842	3.187944	-1.576808	-1.096832	-0.440473	0.410021	-0.246044	11.883799
0.839641	-0.012103	3.164004	-1.578664	-1.094895	-0.440733	0.410099	-0.246055	11.883798
-0.841515	-0.341064	3.139703	-1.580521	-1.092931	-0.440992	0.410178	-0.246065	11.883797
0.895473	0.570378	2.639434	-1.625217	-1.038026	-0.446946	0.412226	-0.246308	11.883757
-0.964266	-0.798597	2.494900	-1.669578	-0.967963	-0.452431	0.414584	-0.246526	11.883697
1.053923	0.935414	1.449707	-1.716442	-0.872693	-0.457983	0.417595	-0.246739	11.883605
-1.152714	-0.889839	-0.212151	-1.757385	-0.761004	-0.462914	0.421015	-0.246919	11.883489
1.157313	-0.654946	-0.247535	-1.759030	-0.755627	-0.463120	0.421178	-0.246926	11.883483
0.570767	-0.401807	-0.276885	-1.760655	-0.750220	-0.463326	0.421343	-0.246933	11.883477
-0.362460	0.737875	0.008359	-1.770030	-0.633534	-0.467247	0.424905	-0.247068	11.883345
-1.400153	-0.675491	0.411025	-1.643131	-0.507507	-0.470601	0.428834	-0.247175	11.883191
-0.495341	0.861803	-0.491360	-1.176779	-0.360869	-0.473615	0.433600	-0.247261	11.882995
1.952442	-1.231034	-0.487406	-0.372277	-0.210513	-0.475855	0.438801	-0.247312	11.882773
-1.958622	-1.295207	-0.477886	-0.358284	-0.208175	-0.475884	0.438885	-0.247312	11.882769
1.668341	-1.357956	-0.468168	-0.344295	-0.205843	-0.475912	0.438969	-0.247313	11.882766
2.363358	-0.519982	0.278287	0.469382	-0.071202	-0.477199	0.444002	-0.247328	11.882542
-2.759771	2.460332	0.650433	1.146790	0.060107	-0.477779	0.449356	-0.247315	11.882297
3.054346	-2.850175	-0.032814	1.543719	0.195704	-0.477557	0.455519	-0.247269	11.882005
-3.069739	-2.262048	-0.566517	1.617412	0.320086	-0.476388	0.462010	-0.247188	11.881687
1.432467	-1.844973	-0.582611	1.613344	0.327221	-0.476284	0.462415	-0.247182	11.881667
3.046264	-1.412654	-0.596866	1.608411	0.334299	-0.476177	0.462822	-0.247176	11.881647
-2.701207	2.836005	-0.596622	1.444214	0.433217	-0.474122	0.469024	-0.247070	11.881332
-1.980435	2.451372	-0.260268	1.155408	0.519069	-0.471180	0.475452	-0.246935	11.880995
1.443931	-0.671291	0.205252	0.775053	0.599262	-0.466768	0.482903	-0.246750	11.880592
-0.837337	-1.639003	0.372391	0.430276	0.661815	-0.461120	0.490582	-0.246529	11.880161
0.524213	-1.674039	0.369056	0.421624	0.663336	-0.460940	0.490804	-0.246522	11.880148
0.809556	-1.709473	0.365169	0.413051	0.664842	-0.460759	0.491026	-0.246515	11.880135
-0.499405	-1.349636	0.062899	0.176314	0.703951	-0.454629	0.497976	-0.246288	11.879731
0.403279	1.210312	-0.224593	-0.045428	0.728373	-0.447440	0.505058	-0.246033	11.879305
-0.531771	-1.166511	-0.120899	-0.334793	0.737729	-0.437893	0.513257	-0.245708	11.878794
0.883960	-0.403055	0.042629	-0.651290	0.726745	-0.426759	0.521571	-0.245346	11.878255
-0.903748	-0.281736	0.047490	-0.665166	0.725798	-0.426238	0.521933	-0.245329	11.878231
-0.895438	-0.161032	0.052121	-0.679027	0.724812	-0.425714	0.522295	-0.245313	11.878207
1.377369	1.522591	0.083421	-0.946909	0.696577	-0.414500	0.529595	-0.244965	11.877714
-1.841575	0.761972	-0.010466	-1.156994	0.651994	-0.401951	0.536938	-0.244590	11.877200
2.229102	-2.022900	-0.078876	-1.249699	0.579980	-0.385860	0.545413	-0.244123	11.876584
0.246871	0.352284	0.063178	-1.118810	0.486270	-0.367998	0.553889	-0.243620	11.875940
-2.274520	0.822988	0.071501	-1.107315	0.481342	-0.367104	0.554292	-0.243595	11.875908
2.264578	1.293917	0.079647	-1.095392	0.476380	-0.366207	0.554694	-0.243570	11.875877
-1.903560	2.302298	0.149034	-0.804080	0.378602	-0.348915	0.562108	-0.243094	11.875286
1.342798	-2.277458	-0.028661	-0.408902	0.271827	-0.330254	0.569476	-0.242589	11.874675
-0.717759	-0.193577	-0.328536	0.084704	0.143076	-0.307143	0.577852	-0.241974	11.873946
0.411743	1.873715	-0.392028	0.518834	0.013196	-0.282224	0.586110	-0.241321	11.873190
-0.411075	1.850707	-0.388945	0.525538	0.010889	-0.281760	0.586257	-0.241309	11.873177
0.323884	1.825598	-0.385687	0.532183	0.008587	-0.281296	0.586404	-0.241297	11.873163
0.605801	0.052705	-0.042921	0.803694	-0.103003	-0.257554	0.593620	-0.240682	11.872466
-0.733638	-1.253995	0.479895	0.964081	-0.206755	-0.232376	0.600696	-0.240038	11.871748
-2.117972	0.923561	0.774707	1.017633	-0.308631	-0.202618	0.608394	-0.239284	11.870921
-2.176975	0.018020	-0.062822	0.950408	-0.393112	-0.171073	0.615860	-0.238492	11.870067
2.186445	-0.344177	-0.108995	0.945985	-0.395854	-0.169890	0.616128	-0.238462	11.870035
-2.195300	-0.696878	-0.155801	0.941433	-0.398573	-0.168703	0.616395	-0.238432	11.870004
2.251412	0.693085	-1.160533	0.799504	-0.456401	-0.139713	0.622658	-0.237711	11.869238
-2.126034	0.317739	-1.232935	0.606371	-0.500854	-0.109368	0.628703	-0.236960	11.868451
1.977026	-1.296236	-0.590306	0.337959	-0.536147	-0.071914	0.635515	-0.236040	11.867499
-2.090102	1.874749	-0.031729	0.048376	-0.553067	-0.032657	0.641965	-0.235080	11.866518
2.093895	1.876967	-0.026423	0.045109	-0.553152	-0.032209	0.642035	-0.235069	11.866507
-2.097765	1.877468	-0.021113	0.041834	-0.553235	-0.031759	0.642105	-0.235058	11.866496
2.068890	-1.426574	0.402921	-0.209178	-0.552670	0.003849	0.647396	-0.234188	11.865618
3.311341	-2.870181	1.020738	-0.442742	-0.538098	0.040561	0.652366	-0.233288	11.864719
-4.245917	3.229606	1.902933	-0.667150	-0.504278	0.083128	0.657591	-0.232229	11.863673
5.071732	-3.103041	1.850652	-0.828010	-0.451681	0.126133	0.662346	-0.231132	11.862600
1.007683	-3.218026	1.841206	-0.829973	-0.450686	0.126821	0.662418	-0.231114	11.862583
-5.093841	-3.329810	1.831503	-0.831920	-0.449685	0.127510	0.662490	-0.231096	11.862566
5.578795	-3.346070	0.956994	-0.905997	-0.386185	0.165875	0.666303	-0.230081	11.861583
-5.830227	3.219261	-0.304079	-0.903238	-0.309325	0.203749	0.669692	-0.229034	11.860578
-1.591725	1.184646	-1.442126	-0.793306	-0.212825	0.244633	0.672922	-0.227839	11.859442
3.425497	-2.837506	-1.986420	-0.551842	-0.109325	0.283906	0.675576	-0.226607	11.858279
4.031062	-2.848099	-1.988495	-0.548094	-0.108071	0.284361	0.675604	-0.226592	11.858265
5.712175	-2.857274	-1.990452	-0.544334	-0.106820	0.284816	0.675632	-0.226577	11.858251
4.091307	-0.674927	-1.821073	-0.208810	-0.011876	0.318324	0.677491	-0.225434	11.857182
-1.066470	2.746775	-1.077601	0.179718	0.080692	0.349698	0.678835	-0.224260	11.856092
-4.512908	2.455385	0.207287	0.589474	0.176187	0.381588	0.679697	-0.222919	11.854857
0.017642	-2.353456	1.276300	0.884258	0.258917	0.409833	0.679867	-0.221541	11.853596
3.920712	-2.447093	1.290181	0.888504	0.260470	0.410380	0.679863	-0.221511	11.853570
2.795799	-2.538595	1.303586	0.892657	0.262016	0.410925	0.679858	-0.221482	11.853543
0.666571	-2.981599	1.320880	0.975042	0.319934	0.432391	0.679375	-0.220223	11.852400
-2.822935	3.006293	0.200048	0.856546	0.360505	0.450158	0.678296	-0.218933	11.851238
2.209539	-2.901410	-0.899849	0.519515	0.385316	0.465480	0.676303	-0.217420	11.849884
1.127591	-0.875268	-0.302344	0.045927	0.387536	0.474900	0.673469	-0.215867	11.848504
-1.618768	-0.763192	-0.299706	0.044696	0.387514	0.474915	0.673461	-0.215863	11.848501
1.617360	-0.649781	-0.297033	0.043449	0.387492	0.474930	0.673453	-0.215859	11.848497
-1.133333	2.244028	0.506601	-0.407946	0.370897	0.477945	0.670221	-0.214452	11.847257
0.749536	-1.819372	0.377207	-0.810950	0.336948	0.476001	0.666298	-0.213015	11.845997
-0.538746	0.196965	-0.233406	-1.098294	0.280018	0.468344	0.661227	-0.211412	11.844601
0.648572	1.237155	-0.307046	-1.120805	0.202163	0.455022	0.655330	-0.209773	11.843183
-0.661623	0.846529	-0.283477	-1.114430	0.198489	0.454350	0.655068	-0.209704	11.843124
0.675410	0.438538	-0.257483	-1.107406	0.194779	0.453669	0.654805	-0.209636	11.843065
-1.122969	-1.395050	0.404662	-0.778833	0.106548	0.436462	0.648713	-0.208121	11.841764
1.711968	-1.060013	0.056502	-0.124696	0.009723	0.414822	0.641951	-0.206577	11.840445
-2.299054	2.398258	-0.915950	0.713648	-0.102425	0.384448	0.633319	-0.204758	11.838901
2.484036	1.458047	-1.039266	1.209394	-0.203461	0.348409	0.623802	-0.202898	11.837334
-2.483427	0.917198	-1.036707	1.210704	-0.203912	0.348217	0.623753	-0.202888	11.837326
-1.347758	0.376713	-1.034114	1.212002	-0.204362	0.348025	0.623704	-0.202879	11.837318
2.135671	-2.972197	-0.009833	1.245203	-0.274270	0.311829	0.614628	-0.201216	11.835925
-1.485419	2.641262	1.379974	0.831473	-0.320641	0.271465	0.604877	-0.199521	11.834514
-0.254397	-1.838779	0.027598	-0.109613	-0.342375	0.222104	0.593315	-0.197612	11.832933
0.212496	0.557914	-1.515979	-1.014696	-0.332110	0.167980	0.580933	-0.195665	11.831332
-0.209692	0.746276	-1.513674	-1.022057	-0.331811	0.167349	0.580790	-0.195643	11.831314
0.206965	0.932755	-1.510687	-1.029328	-0.331508	0.166718	0.580647	-0.195621	11.831296
-0.210483	-0.430465	0.118850	-1.330590	-0.293003	0.113613	0.568601	-0.193808	11.829814
0.907664	0.371520	1.450223	-1.107890	-0.228550	0.057962	0.555876	-0.191964	11.828314
1.029367	-0.769581	0.922442	-0.412967	-0.138970	-0.003171	0.541563	-0.189962	11.826696
-1.454767	-1.154535	-0.346644	0.469174	-0.037717	-0.064983	0.526482	-0.187925	11.825059
1.470383	-0.243724	-0.396544	0.511415	-0.032502	-0.068085	0.525704	-0.187821	11.824976
-1.237269	0.672920	-0.443699	0.553068	-0.027283	-0.071186	0.524924	-0.187718	11.824893
-1.641897	1.548939	-0.965858	1.177889	0.068911	-0.128539	0.510022	-0.185772	11.823340
0.962954	-1.334985	-1.151619	1.385898	0.157295	-0.184289	0.494451	-0.183794	11.821769
1.476159	-1.689263	-0.856026	1.046474	0.237170	-0.242248	0.476655	-0.181595	11.820032
-1.307430	-1.623122	-0.033840	0.319080	0.298678	-0.295881	0.458063	-0.179357	11.818276
0.596807	-1.614431	-0.021811	0.309158	0.299312	-0.296497	0.457834	-0.179330	11.818255
1.303870	-1.605353	-0.009751	0.299223	0.299944	-0.297112	0.457605	-0.179303	11.818234
-1.200316	-0.033181	0.854578	-0.450136	0.340802	-0.341469	0.439956	-0.177230	11.816616
1.155150	1.002548	1.088103	-1.053353	0.368757	-0.381176	0.421652	-0.175125	11.814983
-1.167480	-0.824739	0.090903	-1.371123	0.386087	-0.418702	0.401074	-0.172809	11.813194
-0.927585	0.807675	-1.124053	-1.263589	0.391771	-0.450418	0.379732	-0.170455	11.811388
1.241929	0.797169	-1.140002	-1.250615	0.391780	-0.451488	0.378922	-0.170366	11.811320
-1.245701	0.772373	-1.152588	-1.236957	0.391776	-0.452551	0.378109	-0.170278	11.811252
1.355240	-0.971794	-0.660833	-0.744266	0.387820	-0.475490	0.358432	-0.168150	11.809629
-1.494442	1.263268	0.521060	-0.066113	0.377259	-0.493828	0.338155	-0.165993	11.807991
1.680709	-0.420398	1.191630	0.703429	0.357813	-0.509594	0.313376	-0.163401	11.806035
0.758495	-2.214927	0.979079	1.178939	0.332668	-0.518921	0.287762	-0.160767	11.804059
0.280550	-2.212244	0.973402	1.181716	0.332414	-0.518977	0.287520	-0.160743	11.804040
-1.873263	-2.209060	0.967641	1.184472	0.332159	-0.519033	0.287278	-0.160718	11.804022
2.023068	-0.170541	0.217906	1.315664	0.306937	-0.521811	0.264155	-0.158378	11.802276
0.951212	2.915672	-0.575170	1.219684	0.279723	-0.519663	0.240400	-0.156006	11.800516
-2.217239	2.640808	-0.961193	0.910460	0.247342	-0.511902	0.214218	-0.153423	11.798609
2.219572	-1.838482	-0.748794	0.431441	0.210187	-0.498551	0.187394	-0.150804	11.796687
0.617265	-2.265839	-0.706943	0.388591	0.207115	-0.497306	0.185325	-0.150603	11.796540
-2.212384	-2.665492	-0.661383	0.344909	0.204007	-0.496029	0.183253	-0.150402	11.796392
2.129260	-2.841188	0.084775	-0.212299	0.164061	-0.478453	0.158439	-0.147998	11.794639
-1.989247	2.447707	0.689174	-0.741364	0.117637	-0.456422	0.133212	-0.145564	11.792872
1.028090	-1.871782	0.076586	-1.159375	0.054741	-0.425635	0.103744	-0.142727	11.790824
1.555964	1.121272	-0.582141	-1.321471	-0.019953	-0.389124	0.073900	-0.139851	11.788759
-1.555438	1.240955	-0.582119	-1.321528	-0.020142	-0.389032	0.073831	-0.139844	11.788754
1.554905	1.362076	-0.582085	-1.321585	-0.020333	-0.388940	0.073760	-0.139837	11.788749
-1.360451	0.332555	-0.013202	-1.230253	-0.097961	-0.351263	0.046672	-0.137214	11.786877
1.202477	-1.040808	0.590801	-0.922041	-0.180920	-0.309120	0.019444	-0.134560	11.784992
-1.103237	1.206343	0.048349	-0.372386	-0.271459	-0.257798	-0.010521	-0.131608	11.782907
1.115402	0.940757	-0.693827	0.267178	-0.354208	-0.201290	-0.040461	-0.128617	11.780807
-0.180667	0.919230	-0.698985	0.273984	-0.355030	-0.200654	-0.040782	-0.128584	11.780784
-1.117139	0.897045	-0.704065	0.280803	-0.355852	-0.200015	-0.041105	-0.128552	11.780761
0.120141	-1.781826	-0.719741	0.812446	-0.416613	-0.145294	-0.067668	-0.125854	11.778877
1.373210	-1.757771	0.098302	1.240656	-0.459905	-0.086613	-0.094056	-0.123125	11.776981
-1.451688	1.974028	0.798733	1.407269	-0.481065	-0.015647	-0.123620	-0.119999	11.774820
-0.020983	1.644675	0.093817	1.069532	-0.466795	0.059211	-0.152761	-0.116833	11.772645
1.311425	1.334950	0.047859	1.046978	-0.465498	0.062277	-0.153922	-0.116705	11.772557
-1.299615	1.020224	0.001520	1.023864	-0.464148	0.065347	-0.155082	-0.116577	11.772469
0.940579	-1.482288	-0.885407	0.412519	-0.422211	0.132613	-0.180056	-0.113777	11.770557
-0.508691	-1.025299	-0.960528	-0.303546	-0.358151	0.200131	-0.204549	-0.110947	11.768633
0.068149	0.831139	0.064859	-1.034343	-0.262809	0.275127	-0.231559	-0.107714	11.766447
0.224889	-0.640798	1.232428	-1.408155	-0.147141	0.347001	-0.257765	-0.104441	11.764247
-0.238969	-0.668027	1.241526	-1.411384	-0.142354	0.349672	-0.258754	-0.104315	11.764163
0.254031	-0.691178	1.246108	-1.413634	-0.137546	0.352334	-0.259740	-0.104189	11.764078
-0.858187	0.257977	0.332209	-1.212489	-0.018458	0.412961	-0.282694	-0.101180	11.762067
2.571370	1.055397	-1.243919	-0.669110	0.104310	0.468024	-0.304822	-0.098140	11.760046
2.830727	-1.461599	-1.906440	0.060587	0.230355	0.519720	-0.327732	-0.094816	11.757848
-3.667502	-0.714805	-0.292217	0.718083	0.337870	0.561580	-0.349492	-0.091455	11.755637
3.704800	-0.251781	-0.150188	0.752399	0.343565	0.563776	-0.350780	-0.091249	11.755502
-2.443019	0.207271	-0.006544	0.785870	0.349145	0.565930	-0.352064	-0.091042	11.755367
-4.054580	2.173513	1.938854	1.162178	0.416183	0.592367	-0.370419	-0.087985	11.753368
0.949977	-0.803755	2.658419	1.255396	0.448880	0.608036	-0.387694	-0.084897	11.751360
3.761850	-2.109531	1.707606	0.963922	0.437792	0.611544	-0.405813	-0.081382	11.749086
-1.200005	1.725224	-0.844564	0.416087	0.383470	0.600009	-0.422482	-0.077828	11.746800
-1.413657	1.737278	-0.970104	0.388995	0.380183	0.599152	-0.423196	-0.077667	11.746697
-3.270057	1.716277	-1.095153	0.361834	0.376829	0.598266	-0.423909	-0.077506	11.746594
2.823151	-1.381980	-3.092296	-0.161503	0.297380	0.574747	-0.437549	-0.074271	11.744525
-2.406556	1.222534	-2.913481	-0.564110	0.199643	0.540813	-0.450001	-0.071003	11.742446
2.022155	-0.542160	0.150478	-0.846398	0.079348	0.492236	-0.462378	-0.067354	11.740138
-0.434976	-1.488554	2.786283	-0.963863	-0.043975	0.433195	-0.473289	-0.063667	11.737818
-1.720639	-1.334292	2.853963	-0.965755	-0.051142	0.429402	-0.473888	-0.063448	11.737681
0.805529	-1.149306	2.908182	-0.967090	-0.058280	0.425579	-0.474482	-0.063228	11.737543
1.543247	1.625390	1.917731	-0.921190	-0.162961	0.363123	-0.482937	-0.059850	11.735431
-1.460443	-1.592373	-1.545538	-0.763642	-0.254585	0.294052	-0.490177	-0.056441	11.733310
1.117765	1.462914	-2.267828	-0.478970	-0.335532	0.210699	-0.496786	-0.052618	11.730946
1.576341	-0.834663	0.426064	-0.110341	-0.389147	0.121496	-0.501884	-0.048757	11.728571
-1.584020	-1.159025	0.548126	-0.092631	-0.390843	0.117320	-0.502080	-0.048580	11.728463
1.591931	-1.471443	0.664715	-0.074897	-0.392471	0.113136	-0.502273	-0.048404	11.728355
0.877186	-0.735625	1.721836	0.265895	-0.409703	0.029614	-0.505407	-0.044937	11.726235
-2.022127	2.178100	0.891172	0.557353	-0.396541	-0.056580	-0.507337	-0.041439	11.724108
2.284465	-2.862121	-0.920938	0.751590	-0.341492	-0.154496	-0.508063	-0.037494	11.721722
-2.485171	0.007478	-1.036676	0.727835	-0.241615	-0.251725	-0.507272	-0.033513	11.719327
2.492810	0.743146	-0.998725	0.719201	-0.235261	-0.256724	-0.507189	-0.033304	11.719202
-1.382072	1.473450	-0.957978	0.709794	-0.228802	-0.261713	-0.507102	-0.033096	11.719077
-2.579081	4.261962	-0.057742	0.446749	-0.102305	-0.346703	-0.504913	-0.029440	11.716890
1.784841	-1.939530	0.518618	0.084502	0.040068	-0.426365	-0.501454	-0.025757	11.714695
2.539603	-4.969924	0.575174	-0.294619	0.196948	-0.505194	-0.496180	-0.021677	11.712275
-2.475730	2.654578	0.210220	-0.583847	0.334847	-0.572079	-0.489355	-0.017568	11.709845
2.472365	3.125451	0.185019	-0.596054	0.341519	-0.575371	-0.488932	-0.017340	11.709711
-1.398107	3.558434	0.159794	-0.607790	0.348065	-0.578616	-0.488505	-0.017112	11.709576
-2.421381	4.877070	-0.187891	-0.723898	0.432893	-0.623606	-0.481081	-0.013480	11.707437
-2.256075	3.456793	-0.311452	-0.682605	0.474926	-0.654983	-0.472449	-0.009827	11.705291
-1.268519	2.166113	-0.260124	-0.420120	0.468363	-0.672725	-0.460638	-0.005470	11.702738
-0.694600	1.087264	-0.101760	-0.029122	0.406320	-0.670441	-0.447131	-0.001088	11.700177
2.214099	1.029741	-0.094555	-0.012880	0.402822	-0.669965	-0.446563	-0.000914	11.700076
-0.260287	0.969902	-0.087334	0.003336	0.399251	-0.669460	-0.445993	-0.000741	11.699974
-2.097807	-0.478790	0.061413	0.330308	0.305941	-0.652165	-0.433273	0.002968	11.697811
1.954634	-1.440981	0.163769	0.567672	0.182517	-0.623094	-0.419494	0.006691	11.695643
1.557579	-2.543861	0.137430	0.645328	0.010405	-0.576880	-0.402562	0.010957	11.693161
-0.086248	-1.840220	-0.103285	0.506327	-0.184337	-0.518268	-0.384443	0.015238	11.690672
-1.390289	2.027023	-0.228806	0.208199	-0.381962	-0.447173	-0.364801	0.019629	11.688122
1.259790	0.827011	0.059476	-0.149354	-0.549567	-0.366433	-0.344135	0.024033	11.685564
-1.256469	0.350273	0.073570	-0.161186	-0.554543	-0.363448	-0.343393	0.024188	11.685475
1.253246	-0.126254	0.087699	-0.172895	-0.559445	-0.360454	-0.342650	0.024342	11.685385
1.116995	-1.734662	0.376951	-0.396340	-0.654632	-0.282487	-0.323681	0.028221	11.683132
-1.180160	1.563616	0.279775	-0.418156	-0.683161	-0.199898	-0.304086	0.032106	11.680875
0.813537	0.158062	-0.412264	-0.260063	-0.619344	-0.103134	-0.281346	0.036492	11.678325
1.106738	-1.198769	-0.715580	-0.006755	-0.467362	-0.004386	-0.258010	0.040882	11.675769
-1.102524	-0.829585	-0.697900	0.005534	-0.458315	0.000316	-0.256889	0.041091	11.675648
1.098128	-0.446061	-0.676511	0.017743	-0.449113	0.005021	-0.255767	0.041300	11.675526
-0.986374	1.229457	0.188732	0.210607	-0.251693	0.093005	-0.234514	0.045216	11.673243
0.835564	-1.403224	0.960671	0.264664	-0.017527	0.179428	-0.212956	0.049134	11.670956
-0.651555	0.632617	0.059916	0.093682	0.266381	0.272623	-0.188541	0.053521	11.668390
0.487633	1.673964	-1.166439	-0.165153	0.534221	0.360118	-0.163943	0.057906	11.665818
-0.480653	1.108666	-1.194960	-0.176472	0.546331	0.364309	-0.162710	0.058126	11.665689
0.473824	0.530245	-1.218460	-0.187437	0.558275	0.368481	-0.161477	0.058345	11.665561
0.286948	-1.413235	-0.673868	-0.312481	0.739028	0.438933	-0.139596	0.062229	11.663276
-0.353402	0.949444	1.324200	-0.283479	0.852621	0.501823	-0.117735	0.066109	11.660988
0.418396	0.798063	1.524931	-0.042212	0.900841	0.561738	-0.093294	0.070460	11.658414
0.161660	-0.140687	-1.447157	0.372921	0.870299	0.608757	-0.069074	0.074802	11.655836
-0.616480	0.000104	-1.545800	0.391042	0.867135	0.610566	-0.067989	0.074998	11.655720
0.628333	0.142059	-1.633542	0.408833	0.863816	0.612350	-0.066903	0.075193	11.655603
0.362954	-0.054209	-1.275051	0.676941	0.764742	0.642799	-0.045148	0.079139	11.653251
-0.358646	-0.914074	0.967237	0.727764	0.608131	0.663170	-0.023750	0.083073	11.650895
-1.489912	1.536697	1.800833	0.440045	0.381306	0.674967	-0.000373	0.087453	11.648261
1.554194	-1.455852	-0.826656	-0.220354	0.121266	0.676260	0.022353	0.091815	11.645623
-1.552197	-1.733894	-0.888779	-0.238400	0.114748	0.676170	0.022894	0.091921	11.645559
1.550005	-1.998972	-0.949215	-0.256476	0.108216	0.676075	0.023435	0.092026	11.645495
-1.366924	2.167903	-1.719755	-0.868114	-0.132450	0.668897	0.042967	0.095887	11.643148
1.100585	-2.192300	0.036953	-1.224498	-0.364677	0.655052	0.061852	0.099731	11.640798
-0.489330	2.200313	1.461897	-1.267427	-0.599420	0.631967	0.082618	0.104104	11.638109
-1.104407	-0.538191	0.878357	-0.967707	-0.783378	0.602130	0.102500	0.108452	11.635417
1.107462	-1.427519	0.870613	-0.964943	-0.784416	0.601913	0.102628	0.108481	11.635400
-1.110543	-2.315004	0.862850	-0.962172	-0.785452	0.601696	0.102756	0.108509	11.635382
1.729814	-0.869987	-0.234231	-0.547053	-0.905265	0.570455	0.119587	0.112330	11.633000
-2.586586	2.761864	-0.932546	-0.139992	-0.989110	0.535458	0.135725	0.116129	11.630616
3.498768	-2.645886	-0.649647	0.174435	-1.043843	0.493606	0.152627	0.120266	11.628000
-4.063225	-3.220494	0.141694	0.386374	-1.064113	0.449031	0.168695	0.124372	11.625383
4.073707	-2.295559	0.169339	0.393561	-1.064268	0.447261	0.169302	0.124531	11.625281
0.946535	-1.355398	0.196238	0.400713	-1.064378	0.445487	0.169907	0.124690	11.625180
-4.062648	3.295714	0.529272	0.562662	-1.055476	0.404705	0.183274	0.128267	11.622879
1.556835	-0.650718	0.225577	0.748061	-1.026673	0.362972	0.195998	0.131817	11.620578
3.160534	-3.136579	-0.342011	0.980663	-0.972876	0.314415	0.209748	0.135839	11.617948
-2.698696	0.913221	-0.478028	1.213340	-0.900572	0.265145	0.222656	0.139822	11.615317
2.684293	1.376933	-0.472984	1.223712	-0.896895	0.262883	0.223225	0.140003	11.615197
-2.344691	1.839929	-0.467119	1.234045	-0.893190	0.260622	0.223792	0.140184	11.615077
-2.623193	2.556500	0.293197	1.603244	-0.713743	0.164168	0.246203	0.147757	11.609991
2.952115	0.597596	0.887985	1.690856	-0.509451	0.067523	0.265473	0.155166	11.604905
-2.114194	0.286371	0.880086	1.687754	-0.504580	0.065262	0.265888	0.155338	11.604785
-2.857576	-0.037580	0.870629	1.684376	-0.499707	0.063000	0.266301	0.155510	11.604665
-2.964466	-0.396403	0.858289	1.680318	-0.494312	0.060496	0.266758	0.155700	11.604533
-2.364474	-0.741699	0.843933	1.675930	-0.488920	0.057992	0.267212	0.155891	11.604400
2.970425	-2.376281	0.311516	1.566871	-0.404815	0.018917	0.274047	0.158858	11.602324
-2.880369	2.457783	-0.702182	1.391543	-0.321701	-0.019794	0.280359	0.161794	11.600247
2.662052	-2.619477	-1.291688	1.093089	-0.217534	-0.068546	0.287659	0.165499	11.597595
-0.073978	0.996754	-0.322285	0.738386	-0.116323	-0.116300	0.294102	0.169150	11.594943
-2.354956	1.649732	-0.230290	0.714860	-0.110058	-0.119272	0.294479	0.169378	11.594776
2.335635	2.271164	-0.136949	0.691233	-0.103805	-0.122241	0.294854	0.169606	11.594609
-2.075103	2.894153	1.055071	0.365625	-0.020463	-0.162040	0.299598	0.172683	11.592338
0.228548	-0.537953	1.620033	0.045154	0.059622	-0.200780	0.303713	0.175718	11.590068
0.326979	-2.866701	1.514399	-0.302343	0.149566	-0.245072	0.307771	0.179254	11.587383
1.586614	-2.510727	0.864960	-0.595985	0.233512	-0.287450	0.310946	0.182726	11.584700
-1.587865	-2.406312	0.831578	-0.605744	0.236544	-0.289005	0.311048	0.182856	11.584599
-0.219123	-2.296896	0.797597	-0.615400	0.239567	-0.290556	0.311149	0.182985	11.584498
1.680609	0.661629	-0.075546	-0.805086	0.305681	-0.325024	0.313110	0.185905	11.582200
-1.818674	2.342105	-0.914926	-0.929229	0.366289	-0.357754	0.314423	0.188775	11.579904
1.223217	1.242711	-1.523835	-0.975544	0.430668	-0.394300	0.315140	0.192132	11.577169
1.793733	-0.311206	-1.722050	-0.893058	0.485978	-0.427917	0.314935	0.195415	11.574436
-1.790784	-0.318488	-1.722322	-0.891480	0.486500	-0.428246	0.314928	0.195448	11.574408
-0.468963	-0.325408	-1.722563	-0.889888	0.487021	-0.428575	0.314921	0.195481	11.574380
1.435058	-0.711655	-1.636065	-0.712538	0.526860	-0.454384	0.314016	0.198187	11.572080
-0.979480	-1.829350	-1.350990	-0.467043	0.561214	-0.477787	0.312455	0.200837	11.569782
0.531073	1.944235	-0.749467	-0.137067	0.595513	-0.502181	0.309758	0.203904	11.567064
-0.245129	-0.051832	0.146184	0.179461	0.623712	-0.522743	0.306140	0.206890	11.564349
-0.439747	-0.115596	0.160623	0.184004	0.624111	-0.523033	0.306076	0.206936	11.564307
0.442676	-0.179259	0.175029	0.188529	0.624508	-0.523323	0.306012	0.206982	11.564264
-0.805682	-2.463838	0.857851	0.403861	0.644578	-0.537758	0.302099	0.209505	11.561911
1.408839	-1.615106	1.143603	0.524463	0.661289	-0.548951	0.297492	0.211965	11.559560
-2.070997	3.021641	0.950053	0.518269	0.675628	-0.557272	0.291672	0.214575	11.557000
2.453930	0.354417	0.293589	0.397285	0.683241	-0.561376	0.285025	0.217107	11.554443
-2.460524	0.048067	0.256953	0.389233	0.683393	-0.561468	0.284680	0.217228	11.554319
-2.358126	-0.248572	0.220359	0.381017	0.683523	-0.561550	0.284334	0.217349	11.554195
2.362731	-3.345806	-0.378035	0.202284	0.681435	-0.561244	0.277453	0.219589	11.551860
1.300732	-3.040337	-0.600442	0.000339	0.669484	-0.557447	0.269879	0.221760	11.549529
-0.348730	-2.270440	-0.436347	-0.213120	0.642228	-0.549152	0.260611	0.224103	11.546930
-1.634116	-0.668570	-0.072044	-0.372850	0.597985	-0.536823	0.250514	0.226358	11.544336
-0.523911	-0.589733	-0.058167	-0.377122	0.595980	-0.536290	0.250123	0.226441	11.544239
1.652847	-0.500376	-0.044392	-0.381252	0.593946	-0.535752	0.249730	0.226523	11.544143
-2.116251	2.990602	0.215363	-0.429839	0.536939	-0.521379	0.240019	0.228451	11.541836
2.867699	-1.071389	0.246082	-0.358314	0.463800	-0.504288	0.229724	0.230306	11.539534
2.718908	-2.522317	0.021742	-0.121554	0.366193	-0.481976	0.217432	0.232316	11.536936
-4.406063	0.373675	-0.269047	0.185379	0.259099	-0.456803	0.204501	0.234229	11.534345
4.410276	0.413398	-0.271269	0.188689	0.257892	-0.456511	0.204356	0.234250	11.534316
-0.775315	0.452835	-0.273451	0.191993	0.256685	-0.456219	0.204210	0.234270	11.534288
-4.528355	2.033896	-0.284204	0.424089	0.161233	-0.432274	0.192510	0.235849	11.532045
-0.272833	0.099918	0.074698	0.576607	0.068035	-0.406637	0.180408	0.237354	11.529807
3.764965	-1.640167	0.560262	0.628727	-0.030741	-0.375452	0.166095	0.238986	11.527249
0.909206	1.202029	0.610234	0.541808	-0.116961	-0.342641	0.151357	0.240517	11.524697
-0.882919	1.342992	0.595829	0.534823	-0.120714	-0.341050	0.150648	0.240587	11.524576
-3.015626	1.467430	0.579683	0.527620	-0.124436	-0.339456	0.149939	0.240656	11.524455
-0.456507	0.491602	0.046234	0.362650	-0.187133	-0.309793	0.136810	0.241895	11.522245
1.864207	-1.266850	-0.629936	0.153682	-0.239294	-0.279373	0.123442	0.243055	11.520040
-1.359456	1.174032	-1.103298	-0.117133	-0.287720	-0.242099	0.107108	0.244344	11.517396
1.060830	-0.505021	-1.097847	-0.372326	-0.320178	-0.204397	0.090544	0.245516	11.514760
0.586461	-0.509176	-1.097602	-0.372746	-0.320220	-0.204332	0.090515	0.245518	11.514756
-0.845330	-0.513324	-1.097357	-0.373165	-0.320262	-0.204267	0.090487	0.245520	11.514751
-0.960121	-1.036607	-0.979373	-0.573114	-0.335031	-0.171791	0.076103	0.246434	11.512491
0.965853	0.992312	-0.938167	-0.753553	-0.337340	-0.139587	0.061637	0.247259	11.510237
-1.032670	-0.971470	-0.538316	-0.931747	-0.324514	-0.103489	0.045109	0.248088	11.507677
1.081921	0.995463	0.619497	-1.071424	-0.295179	-0.068016	0.028584	0.248799	11.505126
0.718021	0.997833	0.622121	-1.071658	-0.295104	-0.067945	0.028551	0.248800	11.505121
-1.081970	1.000172	0.624745	-1.071891	-0.295028	-0.067875	0.028518	0.248802	11.505116
-1.067702	-0.012236	1.650903	-1.154241	-0.255290	-0.037000	0.013957	0.249330	11.502868
1.027430	-1.158472	1.987553	-1.190016	-0.202787	-0.006550	-0.000515	0.249762	11.500627
-1.039288	1.262953	1.163973	-1.164522	-0.133331	0.025855	-0.015977	0.250121	11.498218
1.174676	0.439145	-0.193464	-1.050615	-0.055173	0.057843	-0.031239	0.250366	11.495818
-1.190308	0.367822	-0.288721	-1.038847	-0.049586	0.060039	-0.032285	0.250379	11.495652
-0.925920	0.298515	-0.383028	-1.026538	-0.043989	0.062233	-0.033330	0.250391	11.495487
1.487423	-0.522750	-1.437571	-0.812564	0.029356	0.090641	-0.046810	0.250498	11.493336
-1.833882	-1.012325	-1.866679	-0.486474	0.100828	0.118775	-0.060044	0.250511	11.491192
2.197954	-1.489736	-1.211943	0.004980	0.173170	0.149707	-0.074394	0.250413	11.488821
-1.722472	-0.438527	0.329483	0.540760	0.232981	0.180375	-0.088344	0.250196	11.486460
-2.444231	-0.293329	0.400849	0.564272	0.235312	0.181763	-0.088967	0.250183	11.486353
2.450065	-0.138140	0.471173	0.587625	0.237607	0.183149	-0.089589	0.250170	11.486246
-2.476720	1.452223	1.430965	0.999802	0.274458	0.210408	-0.101662	0.249863	11.484141
2.370031	-1.440756	1.085116	1.275550	0.292683	0.237514	-0.113332	0.249457	11.482043
-2.138280	1.472667	-0.323094	1.398555	0.285081	0.269220	-0.126517	0.248852	11.479580
0.649668	-0.264699	-0.877598	1.288437	0.242765	0.300316	-0.139032	0.248107	11.477130
1.847762	-0.377363	-0.876816	1.280717	0.240871	0.301307	-0.139425	0.248081	11.477050
1.607966	-0.488979	-0.875023	1.272736	0.238950	0.302296	-0.139817	0.248054	11.476971
0.093637	-1.736875	0.185759	0.468030	0.084686	0.357725	-0.161316	0.246243	11.472376
-1.359453	1.709080	0.391490	-0.477775	-0.114586	0.406662	-0.179796	0.243914	11.467824
1.360933	1.631914	0.385685	-0.481420	-0.115570	0.406879	-0.179878	0.243901	11.467802
-0.822355	1.551741	0.379800	-0.485049	-0.116554	0.407095	-0.179959	0.243889	11.467780
-1.375858	0.759698	0.326874	-0.515218	-0.124883	0.408922	-0.180646	0.243782	11.467594
-0.132581	-0.030387	0.269318	-0.544353	-0.133189	0.410733	-0.181328	0.243674	11.467408
1.585604	-1.578465	-0.306903	-0.784572	-0.212494	0.427590	-0.187685	0.242569	11.465592
-1.830872	1.446742	-0.379163	-0.972351	-0.285620	0.442734	-0.193458	0.241379	11.463783
2.120355	1.306599	0.143583	-1.166071	-0.362750	0.458970	-0.199806	0.239769	11.461535
-2.298244	-1.295160	0.491028	-1.263558	-0.417536	0.471909	-0.205150	0.238022	11.459298
0.149913	-1.210892	0.476045	-1.264957	-0.420531	0.472732	-0.205507	0.237886	11.459132
2.309843	-1.071512	0.453710	-1.265392	-0.423360	0.473535	-0.205858	0.237749	11.458966
1.193488	1.197981	-0.162573	-1.183468	-0.444299	0.481611	-0.209649	0.236025	11.456949
-2.166927	1.616765	-0.611340	-0.906347	-0.440742	0.486460	-0.212530	0.234185	11.454942
1.955965	-1.905046	-0.004555	-0.346818	-0.408103	0.488220	-0.214676	0.231955	11.452676
-0.582141	1.721049	0.622390	0.277532	-0.346381	0.486348	-0.215638	0.229572	11.450424
-1.750048	1.929969	0.622403	0.278927	-0.346196	0.486339	-0.215639	0.229566	11.450418
1.749619	2.138723	0.622405	0.280321	-0.346012	0.486331	-0.215640	0.229560	11.450413
-1.623392	1.934731	0.114113	0.706812	-0.269127	0.482013	-0.215535	0.227348	11.448453
1.534404	-2.139534	-0.517546	0.970874	-0.171978	0.475489	-0.214582	0.225019	11.446504
-1.452201	1.898700	-0.223885	1.056326	-0.033860	0.465419	-0.212431	0.222143	11.444237
1.383508	0.031819	0.352886	0.920082	0.126935	0.453130	-0.209206	0.219105	11.441986
0.606430	-0.034840	0.360653	0.915073	0.130492	0.452850	-0.209126	0.219039	11.441938
0.068836	-0.101233	0.368099	0.909983	0.134054	0.452568	-0.209047	0.218973	11.441891
-1.277550	-1.431874	0.309708	0.642118	0.277977	0.440711	-0.205482	0.216273	11.440000
-1.327830	1.447445	-0.348112	0.259686	0.417310	0.427850	-0.201214	0.213456	11.438119
1.371642	0.522358	-0.269118	-0.286010	0.561761	0.411610	-0.195264	0.209956	11.435898
-1.510817	-2.042013	0.393637	-0.735989	0.665578	0.394757	-0.188411	0.206296	11.433692
1.514918	-1.604381	0.406395	-0.742728	0.667139	0.394410	-0.188263	0.206220	11.433647
1.064471	-1.161121	0.418980	-0.749344	0.668675	0.394064	-0.188114	0.206144	11.433602
-1.742022	2.302616	0.597878	-0.894497	0.709008	0.379353	-0.181481	0.202851	11.431711
2.034048	-2.399137	-0.166361	-0.734391	0.695672	0.364762	-0.174249	0.199445	11.429832
1.565489	1.497150	-0.824247	-0.304116	0.620578	0.348595	-0.165457	0.195489	11.427736
-0.598115	2.070623	-0.685056	0.212898	0.490042	0.332683	-0.156001	0.191396	11.425656
-0.676074	1.993934	-0.661975	0.230844	0.484425	0.332116	-0.155650	0.191247	11.425582
-2.785695	1.913311	-0.637610	0.248649	0.478752	0.331550	-0.155298	0.191097	11.425507
0.482311	-0.513984	0.227427	0.627176	0.319853	0.317623	-0.146313	0.187331	11.423669
3.235167	-1.522702	1.023642	0.799032	0.130799	0.303937	-0.136876	0.183464	11.421843
-3.292732	0.980494	1.025781	0.642172	-0.107232	0.288691	-0.125640	0.178947	11.419783
3.144410	1.261749	0.234110	0.231651	-0.347812	0.273802	-0.113912	0.174307	11.417741
-1.255177	1.242770	0.228851	0.228861	-0.349184	0.273716	-0.113842	0.174279	11.417729
-3.141269	1.223506	0.223597	0.226068	-0.350554	0.273630	-0.113772	0.174251	11.417717
2.820685	-1.374178	-0.475347	-0.200493	-0.546672	0.260710	-0.102962	0.170021	11.415914
-2.404633	1.619331	-0.842334	-0.544191	-0.708189	0.248112	-0.091838	0.165699	11.414126
1.937740	-1.972287	-0.712182	-0.700964	-0.826158	0.234528	-0.079166	0.160799	11.412158
-1.552864	1.363335	-0.232788	-0.622581	-0.862792	0.221385	-0.066198	0.155792	11.410207
-0.647542	1.406949	-0.226372	-0.620480	-0.862750	0.221233	-0.066043	0.155732	11.410184
-0.339625	1.449546	-0.219954	-0.618354	-0.862696	0.221080	-0.065888	0.155673	11.410161
1.317603	2.683824	0.227298	-0.394634	-0.828901	0.209556	-0.053997	0.151077	11.408420
-1.209670	2.825891	0.423947	-0.082530	-0.741550	0.197850	-0.041940	0.146402	11.406695
-0.413385	2.480236	0.185912	0.283653	-0.594938	0.184301	-0.028697	0.141236	11.404837
1.281422	-0.819521	-0.203865	0.540520	-0.404047	0.169210	-0.015344	0.135984	11.402996
-1.288423	-1.244038	-0.224950	0.549950	-0.389254	0.168076	-0.014405	0.135613	11.402868
-0.164846	-1.652383	-0.244320	0.557901	-0.374301	0.166931	-0.013465	0.135241	11.402739
1.389756	-2.722504	-0.283869	0.514559	-0.167279	0.151041	-0.001320	0.130406	11.401092
-1.453615	-1.243681	0.087004	0.216444	0.060104	0.132729	0.010841	0.125506	11.399458
1.435458	2.007138	0.342147	-0.191586	0.313973	0.108859	0.024363	0.119975	11.397657
-1.274531	-1.525987	-0.084500	-0.426652	0.539051	0.080642	0.037817	0.114370	11.395874
1.266698	-1.300920	-0.100867	-0.429505	0.545317	0.079677	0.038237	0.114193	11.395818
0.923981	-1.064634	-0.117001	-0.432043	0.551525	0.078708	0.038658	0.114016	11.395762
0.441864	0.859438	-0.435155	-0.363237	0.699357	0.049540	0.050353	0.109040	11.394216
0.371316	0.884878	-0.297607	-0.040920	0.791857	0.015975	0.061928	0.104014	11.392684
-0.413346	-0.870545	0.449322	0.328994	0.818084	-0.028673	0.075058	0.098170	11.390940
-0.402426	1.127211	0.196151	0.362785	0.750217	-0.079880	0.087940	0.092265	11.389215
0.417156	0.593438	0.163698	0.356330	0.744943	-0.082388	0.088530	0.091990	11.389135
-0.426525	0.049014	0.130456	0.349288	0.739494	-0.084906	0.089119	0.091716	11.389056
0.771958	-1.522673	-0.389961	0.113237	0.599722	-0.136378	0.100580	0.086279	11.387503
-1.855611	1.576951	-0.060744	-0.208629	0.409577	-0.190446	0.111758	0.080798	11.385967
-2.048833	2.139267	0.397046	-0.395152	0.180753	-0.246849	0.122846	0.075156	11.384415
-1.096750	-1.209254	0.077205	-0.254513	-0.063305	-0.302896	0.133562	0.069475	11.382881
3.449867	-2.274684	-0.580022	0.110474	-0.322668	-0.363665	0.145140	0.063032	11.381175
-0.899388	2.150601	-0.591498	0.425567	-0.529331	-0.419809	0.156145	0.056548	11.379492
-1.624292	2.150182	-0.584669	0.429565	-0.532070	-0.420677	0.156320	0.056441	11.379464
-3.900104	2.144667	-0.577615	0.433520	-0.534784	-0.421543	0.156495	0.056335	11.379437
4.018197	-1.700759	0.024021	0.574273	-0.641956	-0.464148	0.165424	0.050737	11.378011
3.996485	-1.974897	0.756271	0.568404	-0.678745	-0.500259	0.173855	0.045114	11.376604
-3.650934	2.099066	1.285915	0.380657	-0.648926	-0.530705	0.182418	0.038974	11.375092
-2.098014	1.180353	1.434932	0.007500	-0.560060	-0.551168	0.190306	0.032812	11.373602
2.983055	-2.861786	0.739197	-0.457063	-0.428179	-0.561214	0.197369	0.026729	11.372157
-0.340413	2.828187	-0.924312	-0.843338	-0.265231	-0.560976	0.203694	0.020632	11.370732
-1.132272	3.086159	-0.984988	-0.854070	-0.258479	-0.560757	0.203923	0.020396	11.370677
-2.793625	3.373832	-1.044067	-0.864384	-0.251701	-0.560521	0.204151	0.020160	11.370622
2.866225	-3.773023	-1.695329	-0.950907	-0.070905	-0.549022	0.209603	0.014092	11.369229
-0.688425	0.579468	-0.262084	-0.633644	0.113926	-0.526846	0.214259	0.008016	11.367857
-3.260779	1.228933	-0.256093	-0.632195	0.114473	-0.526762	0.214272	0.007998	11.367853
3.262505	1.878192	-0.250099	-0.630745	0.115019	-0.526679	0.214285	0.007980	11.367849
-3.934732	4.170024	1.408334	-0.089393	0.279560	-0.495410	0.217946	0.002201	11.366564
4.707679	-4.195239	1.568936	0.493638	0.418338	-0.454056	0.220846	-0.003579	11.365299
-5.493238	0.848997	0.089216	0.986433	0.525095	-0.395498	0.223162	-0.010050	11.363905
-5.463707	4.121750	-1.333285	1.160122	0.560561	-0.323723	0.224466	-0.016513	11.362535
-3.131716	4.071129	-1.341146	1.159718	0.560471	-0.322797	0.224475	-0.016589	11.362519
-1.633776	4.016592	-1.348704	1.159250	0.560369	-0.321868	0.224484	-0.016666	11.362503
3.952882	-4.145355	-1.225818	0.952183	0.518745	-0.247005	0.224748	-0.022391	11.361309
6.567967	-2.332873	-0.363218	0.471388	0.420733	-0.163829	0.224170	-0.028105	11.360134
-2.492909	1.873965	0.660632	-0.180957	0.266447	-0.065532	0.222531	-0.034389	11.358862
-6.100374	4.333986	1.023935	-0.742612	0.084565	0.036248	0.219816	-0.040651	11.357614
-2.636396	4.234131	1.020271	-0.750456	0.081330	0.038004	0.219760	-0.040758	11.357593
-1.678145	4.127108	1.016215	-0.758226	0.078094	0.039760	0.219704	-0.040866	11.357571
5.527662	-4.261092	0.440951	-1.065622	-0.093682	0.132696	0.216226	-0.046560	11.356454
5.341959	-2.018977	-0.233660	-1.169781	-0.253493	0.222821	0.211805	-0.052231	11.355357
2.911172	1.026459	-0.773254	-1.060564	-0.396051	0.313894	0.205949	-0.058323	11.354196
1.893338	2.935639	-0.998019	-0.733390	-0.499490	0.395193	0.198942	-0.064380	11.353060
1.372403	3.178000	-0.713840	-0.252432	-0.560824	0.464214	0.190631	-0.070484	11.351932
-1.495440	-1.219996	0.142145	0.272405	-0.575835	0.516790	0.181081	-0.076543	11.350830
-1.476128	-1.255546	0.152523	0.277886	-0.575744	0.517264	0.180971	-0.076608	11.350819
0.696397	-1.290115	0.162895	0.283359	-0.575647	0.517735	0.180862	-0.076673	11.350807
1.075919	-2.685511	0.937355	0.717831	-0.546364	0.551691	0.170628	-0.082364	11.349788
-0.216852	-0.639258	1.150954	0.996077	-0.476757	0.571232	0.159236	-0.088008	11.348792
-0.989012	-0.467717	1.150355	0.997968	-0.475744	0.571373	0.159100	-0.088072	11.348781
0.990247	-0.294945	1.149701	0.999827	-0.474726	0.571512	0.158965	-0.088135	11.348770
-1.859286	2.578192	0.309435	0.880069	-0.212076	0.568237	0.131542	-0.099730	11.346772
0.558235	0.818414	-0.992352	0.191340	0.145830	0.510824	0.099974	-0.111078	11.344878
0.629900	0.755840	-0.998084	0.186525	0.148076	0.510316	0.099770	-0.111147	11.344867
2.976664	0.691955	-1.003750	0.181723	0.150316	0.509808	0.099566	-0.111216	11.344856
0.209187	0.281536	-1.036826	0.152744	0.163810	0.506704	0.098335	-0.111629	11.344788
-3.025100	-0.142711	-1.067899	0.123812	0.177254	0.503534	0.097099	-0.112041	11.344720
1.670921	-2.999180	-1.250532	-0.181058	0.318974	0.464801	0.083382	-0.116511	11.343993
3.168952	-1.816521	-1.097046	-0.443862	0.445968	0.418606	0.069233	-0.120935	11.343283
-3.038638	3.164891	-0.499297	-0.685897	0.574705	0.348066	0.050328	-0.126604	11.342387
2.907330	-0.122402	0.321894	-0.777676	0.645107	0.266360	0.030945	-0.132186	11.341520
0.898085	-0.152063	0.326780	-0.777690	0.645315	0.265837	0.030828	-0.132220	11.341515
-2.906397	-0.181638	0.331659	-0.777697	0.645520	0.265315	0.030710	-0.132253	11.341510
-0.784467	-2.984575	0.920937	-0.708371	0.647046	0.188530	0.014054	-0.136900	11.340800
2.893088	-1.448030	1.151664	-0.495005	0.597906	0.106686	-0.002757	-0.141480	11.340112
-2.831454	2.432028	0.671375	-0.092558	0.489699	0.008520	-0.022265	-0.146685	11.339344
2.573676	-1.601070	-0.506207	0.345111	0.340900	-0.090451	-0.041736	-0.151793	11.338604
0.213562	-1.826427	-0.559060	0.364731	0.332792	-0.095289	-0.042692	-0.152042	11.338568
-2.533293	-2.025812	-0.609794	0.384016	0.324630	-0.100118	-0.043647	-0.152290	11.338533
-1.554679	-0.748093	-1.075113	0.659426	0.164368	-0.188263	-0.061290	-0.156863	11.337884
1.437275	1.438930	-0.411193	0.715769	-0.004106	-0.271718	-0.078683	-0.161348	11.337260
-0.845992	-1.231190	1.058004	0.527740	-0.177708	-0.351995	-0.096655	-0.165982	11.336628
0.475406	1.074228	0.707909	0.133254	-0.334987	-0.421464	-0.114118	-0.170511	11.336023
-0.463591	0.598597	0.609069	0.105273	-0.344021	-0.425389	-0.115192	-0.170791	11.335987
0.446685	0.076016	0.502957	0.077216	-0.352937	-0.429257	-0.116263	-0.171070	11.335950
0.464353	-0.916097	-1.052145	-0.317057	-0.469975	-0.479799	-0.131835	-0.175163	11.335417
-0.709452	0.791106	-0.582571	-0.583993	-0.552023	-0.515970	-0.146763	-0.179160	11.334908
1.075384	-0.740369	1.020904	-0.685310	-0.590693	-0.536593	-0.162610	-0.183521	11.334367
1.545713	0.629269	0.619343	-0.576577	-0.564998	-0.534096	-0.177400	-0.187753	11.333856
-1.547794	0.735862	0.612949	-0.575474	-0.564683	-0.534018	-0.177481	-0.187777	11.333853
1.701811	0.842222	0.606538	-0.574365	-0.564366	-0.533940	-0.177562	-0.187801	11.333851
1.934165	0.646526	-0.446189	-0.351563	-0.493519	-0.512998	-0.189980	-0.191530	11.333414
1.962341	-1.238512	-0.898439	-0.081611	-0.390001	-0.476737	-0.201400	-0.195147	11.333003
-1.994912	1.388419	-0.149413	0.201257	-0.250998	-0.421215	-0.212870	-0.199023	11.332577
-0.627508	0.304381	0.456315	0.424957	-0.101819	-0.352439	-0.223052	-0.202753	11.332183
1.905261	0.163295	0.457219	0.425399	-0.101458	-0.352259	-0.223075	-0.202762	11.332182
-1.904909	0.022281	0.458120	0.425840	-0.101098	-0.352079	-0.223098	-0.202771	11.332181
1.744891	-1.376299	0.657163	0.544883	0.024885	-0.283560	-0.230896	-0.205899	11.331864
-1.548964	1.319008	0.696847	0.569197	0.136086	-0.209162	-0.237670	-0.208911	11.331572
-1.447004	-1.311009	0.517216	0.460294	0.237299	-0.116294	-0.244331	-0.212316	11.331259
1.196473	1.412758	-0.241354	0.245535	0.304635	-0.021144	-0.249501	-0.215550	11.330980
-0.119554	1.414198	-0.242969	0.244989	0.304746	-0.020934	-0.249511	-0.215557	11.330980
-1.196165	1.415598	-0.244603	0.244435	0.304859	-0.020722	-0.249521	-0.215564	11.330979
-0.384269	-0.674474	-0.642503	0.017859	0.336490	0.061273	-0.252769	-0.218229	11.330766
1.247903	-1.726357	-0.485198	-0.203112	0.343873	0.140442	-0.254843	-0.220759	11.330579
-1.345918	-0.001655	0.266726	-0.383991	0.324312	0.222441	-0.255745	-0.223401	11.330404
-1.257849	1.734822	0.741663	-0.432801	0.275709	0.296242	-0.255148	-0.225868	11.330262
1.427947	1.801561	0.740714	-0.431912	0.274353	0.297715	-0.255118	-0.225919	11.330259
-0.309637	1.864203	0.739125	-0.430931	0.272981	0.299185	-0.255088	-0.225969	11.330257
-1.455908	-0.884229	0.224001	-0.318605	0.204568	0.356987	-0.253174	-0.228039	11.330159
0.039806	-1.625299	-0.583644	-0.113825	0.122691	0.405570	-0.249987	-0.229962	11.330088
1.080797	0.962589	-0.945806	0.139505	0.028315	0.447465	-0.244912	-0.231931	11.330042
1.134389	1.234085	-0.459919	0.337526	-0.055826	0.475108	-0.238191	-0.233723	11.330030
-0.537971	1.228354	-0.457560	0.337903	-0.056011	0.475157	-0.238172	-0.233727	11.330030
-1.133245	1.222656	-0.455225	0.338276	-0.056193	0.475206	-0.238154	-0.233731	11.330030
-1.119312	-1.160014	0.546798	0.426178	-0.111237	0.486579	-0.230677	-0.235190	11.330049
0.647673	0.463040	1.154731	0.399767	-0.138629	0.484163	-0.221825	-0.236508	11.330096
-0.419133	1.227158	1.154952	0.233312	-0.138826	0.464577	-0.210628	-0.237790	11.330180
0.306089	1.339310	0.574747	-0.022943	-0.113400	0.426562	-0.197954	-0.238908	11.330298
-0.304719	1.281140	0.539261	-0.036610	-0.111620	0.424240	-0.197297	-0.238959	11.330304
0.303792	1.200606	0.503623	-0.050318	-0.109798	0.421877	-0.196636	-0.239009	11.330311
-0.352116	-1.350638	-0.112459	-0.297481	-0.070738	0.372359	-0.184082	-0.239857	11.330448
0.478516	1.257520	-0.587633	-0.506807	-0.025696	0.312644	-0.170575	-0.240578	11.330612
0.170622	0.726776	-1.163514	-0.636559	0.023408	0.236075	-0.154188	-0.241247	11.330833
-0.716397	-0.774320	-1.314988	-0.583453	0.061717	0.153948	-0.136847	-0.241755	11.331088
0.424993	-0.739430	-1.300776	-0.575586	0.063147	0.150121	-0.136034	-0.241775	11.331101
0.716966	-0.695590	-1.284316	-0.567206	0.064548	0.146288	-0.135218	-0.241794	11.331114
-0.665400	0.405295	-0.613360	-0.321106	0.085672	0.071951	-0.119152	-0.242100	11.331373
0.570634	0.462975	0.421762	0.030420	0.095099	-0.001637	-0.102566	-0.242284	11.331660
-0.525181	-0.541583	1.214865	0.442824	0.091771	-0.079836	-0.083871	-0.242348	11.332008
0.658856	0.705227	0.547496	0.785736	0.074537	-0.154011	-0.064808	-0.242268	11.332391
-0.678523	0.794581	0.464653	0.805662	0.072771	-0.159174	-0.063423	-0.242257	11.332419
0.288318	0.855808	0.380398	0.824808	0.070936	-0.164312	-0.062036	-0.242245	11.332449
1.069876	0.164893	-0.637550	0.987670	0.041827	-0.226720	-0.044411	-0.242030	11.332831
0.792250	-1.546129	-1.062333	0.965652	0.002656	-0.283754	-0.026711	-0.241698	11.333242
-1.098445	-1.739658	-0.302434	0.699197	-0.047430	-0.338502	-0.007542	-0.241208	11.333720
-2.173740	1.387292	0.906449	0.270539	-0.100675	-0.384712	0.011465	-0.240582	11.334229
2.174035	1.575307	0.960685	0.233997	-0.104802	-0.387911	0.012931	-0.240528	11.334270
0.837705	1.714313	1.003644	0.197286	-0.108915	-0.391049	0.014394	-0.240473	11.334311
-1.977702	0.864561	0.738130	-0.239037	-0.155848	-0.423536	0.031555	-0.239762	11.334813
1.563170	-1.087388	-0.278640	-0.645316	-0.196927	-0.446798	0.048348	-0.238940	11.335342
-0.999726	0.627474	-1.072366	-1.009410	-0.231662	-0.460899	0.066835	-0.237874	11.335975
0.539205	-0.044508	-0.534611	-1.220347	-0.248161	-0.461068	0.084630	-0.236668	11.336642
-0.538210	-0.166160	-0.531972	-1.220749	-0.248176	-0.461048	0.084681	-0.236665	11.336644
0.537227	-0.286461	-0.529359	-1.221145	-0.248190	-0.461029	0.084732	-0.236661	11.336646
0.445174	0.117115	0.269991	-1.290428	-0.241296	-0.449646	0.100122	-0.235456	11.337276
-0.355439	0.241604	0.853665	-1.267692	-0.209525	-0.428451	0.114898	-0.234141	11.337933
0.491475	-0.519234	1.023476	-1.154781	-0.150051	-0.395633	0.130218	-0.232589	11.338678
-0.678723	0.888873	1.055444	-0.964937	-0.070042	-0.353981	0.144764	-0.230910	11.339455
0.686450	0.935852	1.063492	-0.955421	-0.066282	-0.352042	0.145363	-0.230836	11.339489
-0.694104	0.974830	1.072552	-0.945796	-0.062495	-0.350089	0.145960	-0.230761	11.339522
-0.437697	-0.403580	1.449363	-0.709532	0.026304	-0.304167	0.158699	-0.229077	11.340275
0.996063	-1.789882	1.801148	-0.433466	0.123048	-0.253080	0.170724	-0.227286	11.341056
-1.182339	2.101243	1.487791	-0.102494	0.232151	-0.192902	0.182982	-0.225214	11.341936
0.354743	1.906494	-0.021989	0.238719	0.339469	-0.129423	0.194340	-0.223017	11.342849
1.433607	1.679714	-0.042026	0.242398	0.340616	-0.128713	0.194460	-0.222992	11.342859
-1.436811	1.452860	-0.062023	0.246064	0.341759	-0.128005	0.194579	-0.222967	11.342870
1.737067	-2.315504	-1.597744	0.536861	0.433318	-0.068188	0.204151	-0.220845	11.343734
-2.253488	2.081482	-2.276828	0.776550	0.513879	-0.007995	0.212923	-0.218620	11.344625
-2.382811	2.166275	-1.710842	0.948717	0.582675	0.055399	0.221381	-0.216134	11.345605
2.605887	-1.553375	0.053168	1.028988	0.628359	0.116555	0.228877	-0.213535	11.346615
0.181532	-1.795084	0.196410	1.031237	0.630629	0.120871	0.229383	-0.213342	11.346690
-2.626800	-2.010098	0.338562	1.033001	0.632747	0.125169	0.229885	-0.213148	11.346764
-2.141189	1.790235	2.535893	0.882689	0.634965	0.233337	0.241490	-0.207647	11.348857
2.292511	0.032416	-0.247971	0.378477	0.545753	0.320699	0.249019	-0.201721	11.351063
-2.208548	-0.307793	-0.304124	0.369728	0.543841	0.321828	0.249099	-0.201630	11.351097
-2.280200	-0.649503	-0.360113	0.360971	0.541912	0.322952	0.249178	-0.201539	11.351131
-0.789107	-1.292224	-0.471608	0.343422	0.538004	0.325188	0.249334	-0.201356	11.351198
2.255409	-1.813698	-0.582186	0.325848	0.534030	0.327406	0.249486	-0.201173	11.351265
-2.083541	1.926151	-1.872879	0.088488	0.473322	0.355899	0.251184	-0.198620	11.352202
1.917465	0.658262	-2.437505	-0.123209	0.401884	0.380826	0.252154	-0.196000	11.353157
1.542332	-2.354058	-2.248815	-0.322225	0.297543	0.407499	0.252316	-0.192581	11.354395
-1.592702	0.665089	-1.444563	-0.439327	0.179866	0.428885	0.251257	-0.189055	11.355662
-0.052136	2.881585	-0.504514	-0.483622	0.056456	0.444663	0.249068	-0.185574	11.356905
1.524017	1.240703	0.265494	-0.471738	-0.075165	0.456022	0.245705	-0.181997	11.358175
-1.202703	1.069636	0.295030	-0.470031	-0.081323	0.456438	0.245524	-0.181832	11.358233
-1.528657	0.891752	0.324083	-0.468231	-0.087493	0.456846	0.245339	-0.181666	11.358292
-1.354229	-2.958513	0.838067	-0.408338	-0.223873	0.463605	0.240700	-0.178010	11.359583
1.742934	-3.237188	1.175281	-0.318115	-0.360262	0.466446	0.234856	-0.174262	11.360899
0.418132	-3.230611	1.177270	-0.317494	-0.361091	0.466451	0.234817	-0.174239	11.360907
-1.744454	-3.223989	1.179262	-0.316872	-0.361919	0.466457	0.234777	-0.174215	11.360915
1.852978	-1.583187	1.471225	-0.217648	-0.483756	0.465702	0.228280	-0.170658	11.362160
-1.225202	1.146465	1.596952	-0.115111	-0.596405	0.461835	0.220811	-0.167028	11.363427
-2.099455	2.740502	1.252319	-0.009325	-0.706320	0.453765	0.211197	-0.162808	11.364895
2.279678	1.658811	0.248755	0.071293	-0.790213	0.441931	0.200484	-0.158500	11.366392
1.124395	1.552193	0.195320	0.074143	-0.793303	0.441307	0.199973	-0.158303	11.366460
-2.298753	1.439730	0.141760	0.076911	-0.796325	0.440675	0.199459	-0.158105	11.366529
2.186507	-1.307405	-0.849909	0.113509	-0.841784	0.426464	0.188748	-0.154104	11.367917
2.696187	-1.560163	-1.303470	0.108043	-0.855940	0.409374	0.177268	-0.150037	11.369327
-2.810738	1.152900	-0.722758	0.054789	-0.834372	0.387581	0.163977	-0.145538	11.370888
2.116651	-0.221093	0.553421	-0.015528	-0.773501	0.362407	0.149935	-0.140967	11.372475
2.742330	-0.282463	0.588034	-0.017386	-0.771180	0.361640	0.149524	-0.140835	11.372521
-2.736884	-0.341983	0.622124	-0.019224	-0.768826	0.360870	0.149112	-0.140703	11.372567
1.997667	-0.644317	1.320148	-0.061491	-0.677191	0.335055	0.135739	-0.136486	11.374033
2.074880	0.625122	1.082061	-0.058915	-0.555208	0.306797	0.121880	-0.132215	11.375521
-1.607788	0.236498	0.204285	-0.015645	-0.393170	0.272867	0.106033	-0.127423	11.377194
1.230298	-0.967123	-0.788049	0.046537	-0.213575	0.236428	0.089752	-0.122571	11.378892
-1.226247	-0.894528	-0.800453	0.047429	-0.210981	0.235900	0.089520	-0.122503	11.378917
1.222230	-0.820261	-0.812810	0.048321	-0.208379	0.235369	0.089288	-0.122434	11.378941
0.066223	1.151755	-1.446593	0.100280	-0.039356	0.200270	0.074190	-0.117979	11.380506
-1.044888	-1.265402	-1.657144	0.128949	0.126489	0.163508	0.058867	-0.113481	11.382093
1.197557	-1.241821	-1.034194	0.117872	0.291562	0.122470	0.042263	-0.108613	11.383817
1.069968	0.945352	0.338782	0.064965	0.435081	0.079979	0.025550	-0.103701	11.385564
-1.519303	1.150563	0.448804	0.059538	0.444606	0.076799	0.024318	-0.103338	11.385694
1.546557	1.326551	0.558091	0.053905	0.453980	0.073612	0.023084	-0.102975	11.385824
0.173814	0.544377	1.668376	-0.031563	0.555772	0.033903	0.007913	-0.098484	11.387431
-1.444922	-1.388299	1.838565	-0.145542	0.629833	-0.006601	-0.007216	-0.093963	11.389057
-2.563791	0.422134	0.705468	-0.292228	0.674670	-0.051894	-0.023742	-0.088958	11.390869
2.609382	1.565607	-0.769308	-0.412858	0.676180	-0.097793	-0.040068	-0.083922	11.392703
-2.603720	1.337254	-0.825461	-0.416800	0.675131	-0.099901	-0.040808	-0.083691	11.392787
2.597295	1.104867	-0.879894	-0.420561	0.673979	-0.102010	-0.041548	-0.083461	11.392871
2.506031	-0.328834	-1.622523	-0.448802	0.627623	-0.144894	-0.056437	-0.078758	11.394597
1.613131	-1.580866	-1.703092	-0.355756	0.536804	-0.187364	-0.071020	-0.074035	11.396341
-1.208799	1.371122	-1.300951	-0.092147	0.393841	-0.233282	-0.086794	-0.068765	11.398303
0.615693	1.159660	-1.134306	0.263987	0.224497	-0.276957	-0.102028	-0.063477	11.400288
-0.597259	0.324501	-1.125780	0.277103	0.218232	-0.278457	-0.102558	-0.063289	11.400359
0.579088	-0.507094	-1.116561	0.290194	0.211965	-0.279952	-0.103088	-0.063101	11.400430
0.549087	-0.596190	-0.509038	0.598080	0.056186	-0.315669	-0.115969	-0.058422	11.402201
0.005078	0.306159	0.885151	0.826108	-0.090779	-0.348254	-0.128301	-0.053736	11.403991
0.001856	-0.278217	1.443404	0.904782	-0.223636	-0.378853	-0.140783	-0.048731	11.405919
-0.005991	0.696158	0.272591	0.758955	-0.321908	-0.404415	-0.152502	-0.043722	11.407867
0.599170	-1.593526	-0.443418	0.380893	-0.389740	-0.425952	-0.164519	-0.038167	11.410050
0.776536	1.629420	-1.120664	-0.144878	-0.416341	-0.439325	-0.175415	-0.032615	11.412257
-0.777985	2.110617	-1.122946	-0.146319	-0.416357	-0.439348	-0.175441	-0.032601	11.412262
0.779435	2.591474	-1.125232	-0.147759	-0.416374	-0.439370	-0.175467	-0.032587	11.412268
-1.322284	2.562601	-1.836598	-0.659743	-0.407386	-0.443647	-0.183930	-0.027778	11.414201
1.850856	-3.619511	-1.253914	-1.145337	-0.369513	-0.441139	-0.191424	-0.022976	11.416152
-2.249511	3.629553	1.448302	-1.455585	-0.295855	-0.430963	-0.198478	-0.017758	11.418298
2.316503	0.428370	2.683318	-1.306439	-0.191680	-0.413336	-0.204399	-0.012555	11.420463
-2.208061	0.143566	2.674902	-1.282633	-0.185939	-0.412271	-0.204664	-0.012297	11.420572
-2.300247	-0.140378	2.659529	-1.257121	-0.180165	-0.411189	-0.204927	-0.012039	11.420680
0.977909	-2.924512	1.213867	-0.558301	-0.071879	-0.388673	-0.209199	-0.007387	11.422642
1.575474	-0.131661	-1.816216	0.378912	0.035483	-0.360669	-0.212604	-0.002751	11.424619
-1.273855	2.300043	-3.678040	1.317467	0.138035	-0.323623	-0.215381	0.002352	11.426823
1.486205	-0.083259	-1.186928	1.802108	0.207459	-0.280465	-0.217151	0.007433	11.429045
-1.529519	-0.711436	-0.912969	1.814349	0.210598	-0.277271	-0.217237	0.007782	11.429199
1.577211	-1.359958	-0.634483	1.823683	0.213494	-0.274051	-0.217318	0.008132	11.429353
-3.168396	-1.999621	2.812506	1.660538	0.229936	-0.229509	-0.217953	0.012683	11.431373
-3.800845	1.838871	4.154081	0.904371	0.212598	-0.180666	-0.217817	0.017214	11.433409
5.581617	1.855713	-3.850401	-1.950009	0.093138	-0.056192	-0.214631	0.027661	11.438198
-1.336980	-0.486485	0.395345	-1.368005	-0.051673	0.071444	-0.207635	0.037975	11.443067
0.700407	-0.045108	0.643977	-1.342988	-0.053045	0.072721	-0.207543	0.038081	11.443118
1.148621	0.306495	0.895819	-1.317714	-0.054411	0.073995	-0.207452	0.038187	11.443169
-0.810838	0.455710	1.776872	-1.226836	-0.059160	0.078449	-0.207127	0.038557	11.443346
0.471527	0.063016	2.587411	-1.132518	-0.063848	0.082884	-0.206798	0.038928	11.443524
-0.379174	-0.150212	2.786823	-1.105920	-0.065130	0.084103	-0.206707	0.039030	11.443573
0.287903	-0.431448	2.972335	-1.079073	-0.066406	0.085320	-0.206615	0.039132	11.443623
0.240407	0.538563	2.360687	-0.082110	-0.106014	0.125185	-0.203329	0.042552	11.445275
-0.033233	-1.087267	-2.354963	0.893807	-0.138025	0.162851	-0.199655	0.045955	11.446936
-0.279901	2.082810	-0.768162	1.735131	-0.166839	0.212384	-0.193715	0.050816	11.449339
-0.324104	-2.552908	1.562764	1.876276	-0.170342	0.255619	-0.187022	0.055638	11.451760
-0.400562	-0.325544	0.738447	1.430768	-0.145519	0.292421	-0.179569	0.060444	11.454209
-0.723992	1.555031	-0.843693	0.644807	-0.098148	0.322558	-0.171414	0.065208	11.456675
0.752097	0.651456	-0.889480	0.590591	-0.094607	0.324227	-0.170880	0.065506	11.456830
-0.776062	-0.249585	-0.925364	0.536237	-0.091014	0.325869	-0.170343	0.065803	11.456985
0.893311	-0.796285	-0.788979	-0.214193	-0.035752	0.346190	-0.162520	0.069963	11.459176
-0.157973	0.390011	-0.492776	-0.855202	0.024551	0.361352	-0.154196	0.074089	11.461379
-0.713279	-0.288781	-0.387496	-1.380052	0.093674	0.372503	-0.143923	0.078836	11.463954
0.601810	-0.427661	-0.212866	-1.616447	0.153596	0.376723	-0.133031	0.083534	11.466547
-0.478555	-0.425188	-0.212006	-1.616696	0.153735	0.376725	-0.133001	0.083546	11.466553
-0.601529	-0.422695	-0.211144	-1.616943	0.153874	0.376727	-0.132972	0.083559	11.466560
0.503126	0.589196	0.113701	-1.598692	0.193084	0.374713	-0.122950	0.087628	11.468844
0.728711	-0.080027	0.203532	-1.400836	0.219884	0.367413	-0.112501	0.091657	11.471139
-0.936795	-0.820700	0.020085	-0.987516	0.237063	0.352351	-0.099827	0.096298	11.473830
0.832124	0.926926	-0.207423	-0.449231	0.240592	0.330711	-0.086668	0.100881	11.476537
1.187560	0.929316	-0.207680	-0.447753	0.240585	0.330646	-0.086634	0.100893	11.476544
-0.970185	0.931673	-0.207934	-0.446275	0.240577	0.330582	-0.086599	0.100905	11.476551
-1.422609	0.372724	-0.158561	0.049529	0.233586	0.307046	-0.074865	0.104826	11.478910
-1.334113	-0.959523	0.041526	0.519382	0.218210	0.279618	-0.062877	0.108701	11.481281
-0.536049	-1.412343	0.255292	0.958128	0.192008	0.244818	-0.049186	0.112994	11.483957
2.213456	-0.557926	0.371301	1.239609	0.157497	0.206461	-0.035317	0.117225	11.486648
0.145010	-0.527875	0.372732	1.243234	0.156719	0.205650	-0.035034	0.117310	11.486703
-0.367976	-0.497360	0.374132	1.246767	0.155938	0.204839	-0.034751	0.117395	11.486757
-2.689354	2.054745	0.287730	1.227958	0.071233	0.124357	-0.008119	0.125270	11.491922
3.044450	-1.197902	-0.271219	0.769859	-0.029977	0.038572	0.018360	0.132904	11.497138
0.950844	-1.342083	-0.286257	0.753419	-0.033148	0.035989	0.019141	0.133128	11.497294
-3.061159	-1.483124	-0.300804	0.736928	-0.036327	0.033403	0.019921	0.133351	11.497450
-0.049937	-1.593421	-0.312266	0.723463	-0.038922	0.031297	0.020556	0.133533	11.497577
3.074365	-1.697490	-0.323347	0.709991	-0.041519	0.029191	0.021191	0.133714	11.497704
2.738184	-2.387690	-0.437249	0.479702	-0.086940	-0.007164	0.032096	0.136831	11.499910
1.898997	-1.580402	-0.369525	0.270339	-0.132815	-0.043130	0.042836	0.139903	11.502124
-0.719591	0.255970	-0.137861	0.060019	-0.186766	-0.084694	0.055279	0.143478	11.504756
-2.730746	1.891307	0.125102	-0.111970	-0.239291	-0.124603	0.067373	0.146987	11.507399
-2.929452	2.032590	0.274759	-0.249070	-0.292841	-0.164936	0.079902	0.150680	11.510250
2.569976	-0.099202	0.166350	-0.328931	-0.342077	-0.201923	0.091878	0.154293	11.513114
-2.568819	-0.105664	0.165815	-0.329074	-0.342200	-0.202015	0.091909	0.154302	11.513122
-1.125395	-0.112122	0.165280	-0.329218	-0.342322	-0.202107	0.091939	0.154312	11.513129
2.093205	-1.588012	-0.044935	-0.370192	-0.383400	-0.233133	0.102619	0.157633	11.515833
1.094270	-0.361511	-0.169118	-0.427919	-0.418288	-0.259920	0.112676	0.160882	11.518548
-1.551537	-0.347537	-0.169341	-0.428485	-0.418498	-0.260083	0.112741	0.160903	11.518566
-1.085785	-0.333531	-0.169554	-0.429055	-0.418707	-0.260246	0.112806	0.160925	11.518584
1.060673	1.178260	-0.100144	-0.534096	-0.444695	-0.280913	0.121610	0.163904	11.521142
-0.660062	0.191855	0.118933	-0.658116	-0.463256	-0.296781	0.129754	0.166816	11.523709
0.222513	-0.928698	0.225830	-0.758466	-0.473899	-0.307995	0.137799	0.169903	11.526509
0.268718	0.260784	-0.042723	-0.777320	-0.473293	-0.312444	0.144962	0.172909	11.529320
0.406783	0.377669	-0.060731	-0.775801	-0.472953	-0.312487	0.145281	0.173050	11.529454
-0.415435	0.497253	-0.078842	-0.774050	-0.472583	-0.312514	0.145597	0.173191	11.529588
0.689933	0.900599	-0.370144	-0.699313	-0.460799	-0.310407	0.151009	0.175729	11.532041
-1.102156	-0.949785	-0.395299	-0.539490	-0.440092	-0.303604	0.155744	0.178202	11.534502
1.605392	1.041303	0.069073	-0.257592	-0.404499	-0.289679	0.160579	0.181099	11.537480
-0.366277	-1.121744	0.482379	0.037870	-0.358763	-0.270115	0.164487	0.183898	11.540469
-1.912765	-1.147973	0.487586	0.046838	-0.357072	-0.269369	0.164603	0.183990	11.540569
1.916461	-1.163589	0.491997	0.055713	-0.355371	-0.268617	0.164717	0.184082	11.540670
1.813007	0.220818	0.377332	0.249720	-0.308341	-0.247363	0.167327	0.186420	11.543265
-1.619019	1.398019	0.022998	0.381601	-0.255961	-0.222829	0.169290	0.188682	11.545868
1.244769	-1.540836	-0.332884	0.469678	-0.190886	-0.191337	0.170769	0.191172	11.548850
-0.944841	0.603801	-0.438730	0.510591	-0.121647	-0.156746	0.171464	0.193562	11.551842
0.943023	0.749070	-0.438624	0.510844	-0.121008	-0.156422	0.171467	0.193583	11.551869
-0.041044	0.894012	-0.438504	0.511096	-0.120369	-0.156098	0.171470	0.193604	11.551896
-0.858491	1.750547	-0.359802	0.531693	-0.056788	-0.123370	0.171445	0.195631	11.554551
0.933454	-1.774978	-0.180969	0.547477	0.007819	-0.089152	0.170854	0.197577	11.557214
-1.142676	1.725573	0.060544	0.564944	0.077708	-0.050940	0.169601	0.199590	11.560104
1.430068	1.646101	0.185381	0.589004	0.146263	-0.012046	0.167738	0.201504	11.563001
0.879123	1.590720	0.187038	0.590352	0.149314	-0.010278	0.167639	0.201588	11.563132
-0.391556	1.537346	0.188341	0.591727	0.152360	-0.008510	0.167540	0.201672	11.563264
-1.744602	0.761675	0.150563	0.623769	0.213765	0.027945	0.165223	0.203363	11.565979
1.994419	-0.002160	0.045458	0.650103	0.271676	0.064016	0.162423	0.204964	11.568700
-2.166245	-0.990450	-0.040746	0.640968	0.330097	0.102738	0.158808	0.206624	11.571703
2.163721	0.753901	-0.021416	0.561855	0.381554	0.139847	0.154664	0.208174	11.574713
0.000807	0.762518	-0.020986	0.560824	0.381961	0.140157	0.154626	0.208187	11.574739
-2.161761	0.770794	-0.020556	0.559786	0.382367	0.140466	0.154588	0.208199	11.574765
-1.266515	0.385879	0.021939	0.414706	0.421697	0.172253	0.150380	0.209510	11.577508
1.687950	-0.497932	0.013550	0.207280	0.452825	0.201747	0.145781	0.210729	11.580256
0.416287	0.251384	-0.085733	-0.059775	0.475991	0.230733	0.140352	0.211953	11.583256
0.046341	0.489080	-0.075037	-0.331145	0.486455	0.255880	0.134512	0.213071	11.586262
-1.222972	0.444598	-0.069340	-0.340361	0.486574	0.256700	0.134296	0.213109	11.586369
1.221738	0.395594	-0.063195	-0.349521	0.486676	0.257515	0.134079	0.213147	11.586477
-1.289347	-0.600943	0.160429	-0.548968	0.483099	0.275869	0.128549	0.214044	11.589150
-0.647710	0.286040	0.301415	-0.658910	0.466918	0.290507	0.122736	0.214858	11.591828
1.793625	0.964945	0.167795	-0.627456	0.431498	0.302875	0.115697	0.215696	11.594925
1.944823	-1.149987	-0.267373	-0.455680	0.380607	0.310562	0.108335	0.216425	11.598028
1.495023	-1.174754	-0.273895	-0.452517	0.379802	0.310637	0.108230	0.216435	11.598071
-1.947502	-1.198742	-0.280410	-0.449329	0.378993	0.310712	0.108125	0.216444	11.598115
1.947762	-1.370730	-0.588208	-0.218705	0.323714	0.313644	0.101379	0.216996	11.600857
-1.808396	-0.846440	-0.547846	0.047300	0.261471	0.313201	0.094434	0.217465	11.603603
1.533664	-0.093536	-0.183254	0.338572	0.186809	0.308884	0.086489	0.217890	11.606667
-0.739308	0.940117	0.313870	0.572467	0.109647	0.300708	0.078352	0.218214	11.609735
-1.168917	0.987234	0.333609	0.579899	0.106540	0.300301	0.078021	0.218225	11.609858
1.154016	1.034706	0.353206	0.587148	0.103435	0.299888	0.077691	0.218236	11.609981
-0.826514	2.022849	0.724127	0.693735	0.035114	0.289187	0.070262	0.218434	11.612730
0.552371	1.550731	0.882743	0.669315	-0.030252	0.275671	0.062724	0.218553	11.615481
-0.391040	-2.291677	0.698388	0.464925	-0.097831	0.257432	0.054215	0.218593	11.618553
0.470048	0.279513	0.071410	0.140320	-0.158006	0.236019	0.045626	0.218536	11.621629
-0.476671	0.421546	0.050820	0.130250	-0.159586	0.235368	0.045381	0.218533	11.621716
0.253373	0.562339	0.030211	0.120148	-0.161160	0.234713	0.045137	0.218529	11.621804
0.822076	2.525987	-0.550269	-0.202454	-0.207267	0.212537	0.037296	0.218389	11.624597
-1.310255	-1.838205	-0.771387	-0.478943	-0.244276	0.188029	0.029434	0.218171	11.627394
1.879227	-2.612666	-0.541941	-0.665904	-0.272833	0.158514	0.020784	0.217841	11.630474
-2.329156	1.202672	0.082720	-0.725864	-0.286839	0.126502	0.012163	0.217418	11.633557
2.220755	1.307148	0.096770	-0.725917	-0.286969	0.125774	0.011975	0.217408	11.633625
2.343739	1.410560	0.110714	-0.725920	-0.287091	0.125045	0.011787	0.217398	11.633692
-2.535477	2.428902	0.496064	-0.686400	-0.285630	0.094325	0.004121	0.216937	11.636454
2.563790	-2.241075	0.347137	-0.582905	-0.272665	0.061899	-0.003476	0.216404	11.639218
-0.566043	1.506080	-0.049138	-0.426903	-0.246484	0.023724	-0.011925	0.215716	11.642331
-2.338460	1.755260	-0.225523	-0.273624	-0.210494	-0.015752	-0.020233	0.214938	11.645447
2.333134	1.263290	-0.221822	-0.268026	-0.208833	-0.017404	-0.020573	0.214904	11.645576
-2.327881	0.768168	-0.217079	-0.262508	-0.207161	-0.019057	-0.020912	0.214869	11.645704
2.229993	-1.605508	0.008477	-0.156592	-0.169140	-0.054376	-0.028039	0.214107	11.648435
1.262426	-0.054561	0.150039	-0.044840	-0.127450	-0.089949	-0.035014	0.213276	11.651167
0.508234	0.329354	0.108835	0.123601	-0.077997	-0.130083	-0.042725	0.212251	11.654270
-1.880413	0.891147	-0.054687	0.314408	-0.028896	-0.169296	-0.050186	0.211139	11.657374
1.871256	0.968875	-0.063996	0.323776	-0.026530	-0.171196	-0.050547	0.211082	11.657527
-0.244886	1.050311	-0.073331	0.333113	-0.024171	-0.173092	-0.050908	0.211025	11.657680
-1.673086	1.757142	-0.229711	0.490086	0.016550	-0.206421	-0.057275	0.209959	11.660437
1.475559	-0.953827	-0.310643	0.611905	0.052734	-0.237959	-0.063402	0.208826	11.663193
-0.517120	-2.015484	-0.205322	0.693437	0.086011	-0.271109	-0.070058	0.207456	11.666332
-1.233162	0.130721	0.158271	0.706828	0.108304	-0.300794	-0.076345	0.206001	11.669471
1.233456	0.169840	0.166506	0.706381	0.108605	-0.301322	-0.076461	0.205973	11.669531
-0.009203	0.208270	0.174756	0.705907	0.108900	-0.301847	-0.076577	0.205945	11.669590
-1.503253	2.332382	0.743869	0.509940	0.115753	-0.346664	-0.087369	0.202946	11.675551
1.882799	0.518692	0.066581	0.038020	0.086581	-0.375133	-0.096519	0.199654	11.681509
-1.890768	0.157301	0.031474	0.021512	0.085268	-0.375757	-0.096773	0.199547	11.681694
-1.707449	-0.211264	-0.004014	0.005009	0.083936	-0.376366	-0.097026	0.199441	11.681878
0.129357	-0.455560	-0.028166	-0.006123	0.083027	-0.376769	-0.097196	0.199368	11.682002
0.880136	-0.690772	-0.052469	-0.017249	0.082110	-0.377164	-0.097364	0.199296	11.682126
1.977423	-2.483971	-0.548894	-0.232618	0.062354	-0.383647	-0.100548	0.197834	11.684595
-2.025392	0.146044	-0.994678	-0.420879	0.040498	-0.387561	-0.103396	0.196322	11.687064
1.796322	2.518132	-1.248791	-0.583761	0.011562	-0.388979	-0.106503	0.194335	11.690192
2.211212	1.276098	-0.947124	-0.629455	-0.016563	-0.386608	-0.109027	0.192272	11.693319
1.790820	1.199221	-0.928166	-0.629025	-0.017496	-0.386459	-0.109104	0.192199	11.693427
-0.664062	1.121743	-0.908754	-0.628471	-0.018424	-0.386307	-0.109181	0.192126	11.693536
-2.378966	-0.926744	-0.292566	-0.575089	-0.040724	-0.380929	-0.110908	0.190225	11.696310
2.580561	-2.401427	0.424838	-0.457642	-0.059707	-0.372796	-0.112201	0.188265	11.699083
-2.982583	-0.424280	1.466510	-0.067655	-0.085566	-0.346947	-0.113576	0.183866	11.705021
-1.127829	1.565959	0.513078	0.353500	-0.083951	-0.312005	-0.113168	0.179210	11.710948
2.473806	-1.161182	-1.033938	0.505521	-0.067442	-0.288330	-0.112176	0.176402	11.714372
1.673713	-0.020547	-1.326036	0.519156	-0.037756	-0.262461	-0.110665	0.173514	11.717792
-1.601086	0.021406	-1.324445	0.518998	-0.037678	-0.262404	-0.110661	0.173508	11.717799
0.508859	0.064041	-1.322822	0.518836	-0.037599	-0.262347	-0.110657	0.173502	11.717806
1.547518	0.783823	-1.285486	0.515160	-0.035891	-0.261108	-0.110576	0.173367	11.717963
0.591844	0.621187	-1.243270	0.511081	-0.034155	-0.259867	-0.110493	0.173232	11.718120
-1.452826	-0.004693	-1.204501	0.507371	-0.032683	-0.258828	-0.110423	0.173120	11.718251
1.410448	-0.754147	-1.162777	0.503391	-0.031192	-0.257786	-0.110353	0.173007	11.718382
1.104493	0.324970	1.161108	0.157466	0.041077	-0.213048	-0.106887	0.168309	11.723727
-0.471622	0.672526	0.100725	-0.313042	0.114344	-0.164752	-0.102341	0.163431	11.729058
0.485956	0.861461	0.037539	-0.322217	0.115910	-0.163514	-0.102216	0.163307	11.729190
-0.500686	0.960174	-0.025928	-0.331157	0.117457	-0.162274	-0.102089	0.163183	11.729323
0.521590	0.513067	-0.114333	-0.343288	0.119596	-0.160530	-0.101910	0.163009	11.729509
-0.542235	-0.482898	-0.201146	-0.354904	0.121695	-0.158784	-0.101730	0.162835	11.729695
0.761653	-1.083090	-0.859733	-0.448633	0.144736	-0.135785	-0.099283	0.160548	11.732115
0.218327	1.139007	-0.217552	-0.415700	0.158262	-0.112389	-0.096649	0.158227	11.734532
-0.936676	-0.665849	0.489714	-0.234481	0.161033	-0.081990	-0.093021	0.155207	11.737621
-0.808802	-1.022477	0.563260	0.019208	0.147445	-0.051111	-0.089124	0.152134	11.740703
0.873553	-1.030435	0.558765	0.024512	0.146996	-0.050475	-0.089042	0.152071	11.740766
0.761964	-1.039360	0.554035	0.029816	0.146540	-0.049838	-0.088959	0.152007	11.740829
-0.756624	-1.116260	0.138139	0.241009	0.119985	-0.021889	-0.085273	0.149225	11.743569
0.176276	1.160507	-0.439637	0.369210	0.080328	0.006463	-0.081407	0.146403	11.746304
0.537955	0.152129	-0.364329	0.363542	0.023816	0.037434	-0.077048	0.143311	11.749253
0.354607	-1.443348	0.120336	0.251754	-0.041876	0.068615	-0.072517	0.140177	11.752195
-0.558065	-1.381048	0.140858	0.245333	-0.044941	0.070016	-0.072310	0.140035	11.752327
0.562725	-1.317072	0.160825	0.238842	-0.048011	0.071417	-0.072103	0.139893	11.752459
-0.445271	-0.517590	0.420096	0.099129	-0.111786	0.100351	-0.067759	0.136949	11.755178
-1.040408	1.791004	0.293460	-0.023432	-0.172968	0.129202	-0.063302	0.133970	11.757891
1.506217	-1.895132	-0.235206	-0.127855	-0.232070	0.161025	-0.058234	0.130621	11.760899
-0.609569	1.102458	-0.561697	-0.197295	-0.275419	0.192430	-0.053066	0.127232	11.763899
-2.076407	1.495228	-0.564158	-0.197892	-0.275805	0.192793	-0.053006	0.127193	11.763934
2.083364	1.886175	-0.566601	-0.198483	-0.276188	0.193155	-0.052945	0.127153	11.763969
-2.628216	1.851543	-0.709141	-0.228987	-0.295759	0.220908	-0.048230	0.124074	11.766660
3.138868	-1.591674	-0.794261	-0.228446	-0.292782	0.248164	-0.043468	0.120965	11.769344
2.748430	-0.011983	-0.886262	-0.192086	-0.262617	0.276526	-0.038347	0.117614	11.772204
0.659497	1.082685	-0.882970	-0.125070	-0.208334	0.303854	-0.033208	0.114232	11.775055
-0.126786	-0.360008	-0.645164	-0.037375	-0.131819	0.330907	-0.027864	0.110684	11.778014
-3.623761	-0.696285	-0.134258	0.052108	-0.040599	0.356261	-0.022542	0.107105	11.780963
0.344590	-0.625290	-0.111900	0.055044	-0.037237	0.357108	-0.022358	0.106981	11.781065
3.592032	-0.551724	-0.089253	0.057961	-0.033864	0.357952	-0.022173	0.106856	11.781167
-1.460502	0.667946	0.571214	0.124182	0.055488	0.378747	-0.017470	0.103642	11.783787
-2.443090	0.571375	1.254488	0.165715	0.147470	0.397733	-0.012817	0.100407	11.786400
1.881720	-0.929623	1.534748	0.168183	0.248868	0.416651	-0.007668	0.096747	11.789326
-1.655366	1.155454	0.892068	0.114826	0.342057	0.432723	-0.002623	0.093065	11.792243
-0.922090	1.148822	0.883209	0.114095	0.342885	0.432862	-0.002576	0.093030	11.792271
-0.546836	1.141179	0.874358	0.113362	0.343709	0.433001	-0.002528	0.092995	11.792299
1.797492	-1.347125	0.056521	0.031936	0.413974	0.444816	0.001939	0.089634	11.794937
0.162406	-1.249543	-0.411459	-0.060631	0.464920	0.453816	0.006285	0.086258	11.797566
-2.709560	0.938674	-0.629581	-0.155294	0.493836	0.460225	0.010935	0.082505	11.800464
0.115206	1.546257	-0.887010	-0.219793	0.489048	0.462610	0.015397	0.078735	11.803352
3.109894	1.544644	-0.888012	-0.219897	0.488990	0.462611	0.015408	0.078726	11.803359
-3.110513	1.543015	-0.889017	-0.220001	0.488932	0.462611	0.015419	0.078716	11.803366
-2.571540	0.314381	-1.346916	-0.233154	0.451387	0.461078	0.019259	0.075309	11.805956
1.329789	-1.172998	-1.697728	-0.188150	0.379880	0.456120	0.022924	0.071890	11.808537
2.642381	-1.165314	-1.462336	-0.066670	0.265067	0.446649	0.026818	0.068055	11.811413
-2.149021	0.969872	-0.374252	0.095489	0.126018	0.433178	0.030495	0.064209	11.814277
2.146129	0.975473	-0.366687	0.096434	0.125193	0.433091	0.030515	0.064187	11.814293
-0.499745	0.980878	-0.359155	0.097374	0.124372	0.433005	0.030535	0.064166	11.814309
-1.028720	0.372817	0.780677	0.239816	-0.007899	0.417859	0.033601	0.060761	11.816829
-1.295412	-0.798081	1.297650	0.352353	-0.141186	0.399812	0.036499	0.057351	11.819339
0.144913	0.036279	0.676734	0.418198	-0.283554	0.376348	0.039539	0.053537	11.822130
0.783339	1.017391	-0.319785	0.428659	-0.413307	0.349536	0.042371	0.049719	11.824909
0.818758	1.014973	-0.347323	0.428245	-0.417445	0.348568	0.042463	0.049589	11.825004
-0.818251	1.008742	-0.374067	0.427787	-0.421563	0.347596	0.042556	0.049459	11.825098
0.320348	-0.274417	-0.797927	0.402958	-0.521242	0.321077	0.044871	0.046088	11.827539
1.120101	-1.589814	-0.724256	0.358186	-0.605185	0.292169	0.047026	0.042716	11.829970
-1.078657	-0.716270	-0.170298	0.279913	-0.678479	0.256396	0.049289	0.038870	11.832731
-1.830465	2.243455	0.323421	0.174843	-0.724183	0.217788	0.051345	0.035027	11.835478
1.839006	2.282915	0.329160	0.171898	-0.724942	0.216783	0.051394	0.034931	11.835546
-0.470805	2.318289	0.334417	0.168942	-0.725681	0.215777	0.051443	0.034834	11.835615
-2.116050	1.076818	0.272992	0.054538	-0.738604	0.178983	0.053093	0.031414	11.838051
2.408020	-2.656883	-0.000679	-0.079633	-0.723818	0.140205	0.054580	0.027998	11.840475
2.434787	-1.410932	-0.152516	-0.249703	-0.673738	0.096381	0.056008	0.024307	11.843086
0.557669	2.321169	-0.069385	-0.436028	-0.585317	0.051169	0.057246	0.020624	11.845684
-1.437113	2.397475	-0.060817	-0.443745	-0.580518	0.049164	0.057296	0.020463	11.845798
-1.739664	2.456476	-0.051861	-0.451382	-0.575636	0.047157	0.057346	0.020302	11.845911
-2.345725	0.716430	0.196148	-0.586738	-0.453725	0.004562	0.058308	0.016907	11.848300
2.139155	-1.785339	0.435365	-0.650524	-0.295381	-0.038257	0.059111	0.013522	11.850676
-1.781204	-0.049150	0.478775	-0.588485	-0.083579	-0.085750	0.059820	0.009757	11.853312
1.297481	0.775065	0.101002	-0.348721	0.148095	-0.132362	0.060335	0.006006	11.855932
-1.288751	0.012331	0.090916	-0.343657	0.151882	-0.133102	0.060341	0.005946	11.855974
1.280010	-0.759202	0.080724	-0.338571	0.155663	-0.133840	0.060348	0.005885	11.856016
1.182958	-0.042405	-1.073659	0.330979	0.586331	-0.218962	0.060786	-0.001318	11.861030
-0.113285	0.263322	0.615598	0.615693	0.877186	-0.294045	0.060521	-0.008465	11.865983
0.123389	-0.020299	0.661514	0.615364	0.879504	-0.294965	0.060513	-0.008560	11.866049
-0.133873	-0.288824	0.707729	0.614918	0.881770	-0.295881	0.060504	-0.008656	11.866115
0.698115	0.837587	1.699212	0.520758	0.929763	-0.325965	0.060137	-0.011960	11.868398
0.460690	-1.222056	0.090052	0.274226	0.921927	-0.352520	0.059622	-0.015250	11.870667
-1.522775	-1.297655	0.008471	0.262972	0.920624	-0.353442	0.059599	-0.015373	11.870751
0.071849	-1.361472	-0.072515	0.251623	0.919252	-0.354359	0.059577	-0.015496	11.870836
2.360484	-0.746825	-1.832300	-0.082849	0.853649	-0.377945	0.058871	-0.018920	11.873193
-2.868855	-0.622188	-2.169009	-0.370345	0.739875	-0.397494	0.058006	-0.022329	11.875534
1.795771	-0.619283	-2.168260	-0.370870	0.739558	-0.397535	0.058004	-0.022336	11.875540
2.870097	-0.616390	-2.167515	-0.371386	0.739245	-0.397575	0.058002	-0.022344	11.875545
2.862440	1.511312	-1.466408	-0.514342	0.591107	-0.412425	0.057028	-0.025588	11.877769
-2.581840	1.376351	-0.464455	-0.530202	0.410379	-0.423487	0.055913	-0.028816	11.879979
2.065505	-0.967884	0.242168	-0.431044	0.183897	-0.431172	0.054539	-0.032313	11.882369
-1.591537	0.387204	0.454819	-0.244216	-0.062089	-0.434254	0.053002	-0.035790	11.884741
1.567942	0.557380	0.478332	-0.230122	-0.078185	-0.434293	0.052897	-0.036012	11.884892
-0.395939	0.700942	0.505516	-0.215836	-0.094293	-0.434313	0.052793	-0.036233	11.885044
-1.339312	-0.606303	1.211140	-0.001460	-0.318683	-0.432593	0.051265	-0.039316	11.887143
1.297520	0.633619	2.111153	0.222370	-0.535052	-0.427115	0.049611	-0.042381	11.889228
-1.379150	0.090805	2.561105	0.452625	-0.756201	-0.416069	0.047554	-0.045899	11.891617
-0.129692	-0.766559	1.576574	0.602876	-0.925226	-0.399914	0.045352	-0.049394	11.893986
1.511333	-0.936993	1.542733	0.604525	-0.927795	-0.399558	0.045309	-0.049460	11.894031
-1.513603	-1.108278	1.508335	0.606121	-0.930338	-0.399201	0.045266	-0.049526	11.894076
1.650682	1.796293	-2.518411	0.459738	-1.068602	-0.354987	0.040821	-0.055962	11.898431
1.290120	-2.242396	-1.415478	-0.270155	-1.046514	-0.293325	0.036012	-0.062310	11.902715
-1.600351	1.302014	1.743004	-0.698118	-0.997074	-0.252652	0.033208	-0.065808	11.905072
-0.815606	1.695247	2.163323	-0.957540	-0.940064	-0.208408	0.030333	-0.069276	11.907406
1.532491	0.655747	2.052397	-0.962234	-0.937898	-0.206624	0.030220	-0.069410	11.907497
0.967169	-0.452473	1.931218	-0.966449	-0.935745	-0.204836	0.030107	-0.069545	11.907587
-1.527017	-1.301079	1.803343	-0.970137	-0.933632	-0.203067	0.029995	-0.069677	11.907676
1.524316	-1.585767	1.669086	-0.973350	-0.931534	-0.201294	0.029884	-0.069810	11.907765
-0.333181	-1.108099	1.491800	-0.976748	-0.928885	-0.199030	0.029741	-0.069978	11.907879
-1.517609	-0.223430	1.310771	-0.979365	-0.926262	-0.196759	0.029598	-0.070147	11.907992
-1.270711	0.941933	-0.933617	-0.929491	-0.892007	-0.164013	0.027568	-0.072524	11.909590
1.455609	-0.451862	-1.830630	-0.708114	-0.861769	-0.130252	0.025519	-0.074887	11.911177
-0.460518	0.936487	-1.400136	0.540466	-0.784471	-0.034631	0.019851	-0.081278	11.915465
-1.350493	1.089685	0.214654	1.389351	-0.685060	0.061627	0.014183	-0.087552	11.919668
1.347696	-0.337670	0.255024	1.390001	-0.682365	0.063690	0.014061	-0.087687	11.919758
-1.344816	-1.160124	0.295145	1.389598	-0.679638	0.065752	0.013938	-0.087822	11.919849
0.173899	-1.051515	0.339779	1.387839	-0.676508	0.068088	0.013799	-0.087975	11.919951
1.337928	-0.346260	0.383175	1.384668	-0.673334	0.070422	0.013660	-0.088129	11.920054
-1.270066	1.926757	0.640472	1.130276	-0.614957	0.107827	0.011417	-0.090604	11.921711
1.211240	-2.455782	-0.189030	0.522130	-0.540604	0.144110	0.009199	-0.093060	11.923353
-1.220157	2.726600	-0.439083	-0.463289	-0.419825	0.186993	0.006497	-0.096072	11.925367
1.405015	1.623217	0.254748	-1.319890	-0.259457	0.227034	0.003858	-0.099051	11.927359
-1.420375	1.080820	0.291272	-1.350438	-0.250321	0.228935	0.003728	-0.099198	11.927457
-0.642174	0.524594	0.326648	-1.379411	-0.241060	0.230829	0.003599	-0.099345	11.927555
1.809243	-2.311672	0.550566	-1.556639	-0.052024	0.263445	0.001304	-0.101985	11.929319
-2.242112	1.955849	-0.264786	-0.974048	0.177684	0.292779	-0.000921	-0.104597	11.931064
0.724607	-0.000209	-0.979704	0.107436	0.451259	0.320754	-0.003279	-0.107443	11.932965
2.674432	-1.142724	-0.380911	1.055436	0.710379	0.343605	-0.005528	-0.110256	11.934844
-2.665418	-0.015055	-0.289685	1.093905	0.722964	0.344659	-0.005644	-0.110403	11.934943
2.654979	1.099015	-0.192194	1.130861	0.735400	0.345696	-0.005759	-0.110551	11.935041
-2.274610	-0.738262	1.596592	1.480797	0.922862	0.361148	-0.007718	-0.113115	11.936754
-2.186862	-0.226393	1.285736	1.188137	1.039080	0.371190	-0.009562	-0.115650	11.938448
0.870657	0.373918	-1.014786	0.384449	1.082450	0.375432	-0.011480	-0.118452	11.940320
-0.270996	-0.454342	-2.319741	-0.479263	1.038589	0.371854	-0.013232	-0.121216	11.942168
0.268662	-0.032122	-2.319614	-0.483324	1.038114	0.371813	-0.013241	-0.121231	11.942178
-0.266353	0.387546	-2.319390	-0.487350	1.037640	0.371773	-0.013250	-0.121246	11.942188
-0.217580	0.630339	-1.254826	-0.999024	0.923382	0.361921	-0.014709	-0.123742	11.943858
0.082801	-0.821245	0.429445	-1.213259	0.741920	0.346365	-0.016033	-0.126205	11.945506
-0.434638	1.029033	1.250045	-1.159736	0.474734	0.323581	-0.017323	-0.128841	11.947271
-0.565015	-1.251993	1.933150	-0.876020	0.154466	0.295274	-0.018465	-0.131436	11.949011
0.569383	-1.202847	1.946305	-0.869452	0.148545	0.294730	-0.018483	-0.131482	11.949041
-0.573726	-1.150106	1.959474	-0.862838	0.142618	0.294185	-0.018502	-0.131527	11.949072
0.761819	1.444184	2.409384	-0.482464	-0.158541	0.264895	-0.019387	-0.133788	11.950589
-0.901639	0.882380	1.893843	-0.050237	-0.448681	0.232225	-0.020161	-0.136016	11.952085
1.024376	-1.635022	0.547880	0.422564	-0.736342	0.190875	-0.020922	-0.138547	11.953787
-1.129613	0.409492	-0.753926	0.762575	-0.935479	0.146274	-0.021546	-0.141034	11.955462
1.130224	0.549388	-0.760401	0.763951	-0.936302	0.146007	-0.021549	-0.141048	11.955471
-0.918100	0.689067	-0.766859	0.765319	-0.937121	0.145739	-0.021552	-0.141062	11.955481
-1.223882	1.515150	-1.514238	0.866831	-1.008342	0.104309	-0.021990	-0.143212	11.956931
1.309754	-1.440700	-1.659577	0.723732	-0.971779	0.061362	-0.022328	-0.145326	11.958359
-1.381206	1.423367	-0.891606	0.283357	-0.824151	0.012425	-0.022592	-0.147639	11.959925
-0.078145	0.893577	0.614849	-0.261888	-0.593764	-0.036734	-0.022741	-0.149905	11.961462
1.410117	0.463150	0.639538	-0.271101	-0.589099	-0.037606	-0.022742	-0.149945	11.961489
-1.410121	0.033088	0.663939	-0.280270	-0.584417	-0.038477	-0.022744	-0.149985	11.961517
1.390181	-1.568513	1.306770	-0.654028	-0.332798	-0.081726	-0.022780	-0.151969	11.962865
-1.347922	1.618753	0.397214	-0.780607	-0.062369	-0.123640	-0.022732	-0.153915	11.964192
1.305027	-1.590403	-1.248423	-0.634530	0.244069	-0.168929	-0.022579	-0.156089	11.965677
-1.303633	0.528223	-1.253140	-0.255834	0.521815	-0.210530	-0.022324	-0.158212	11.967133
1.303708	0.550283	-1.251221	-0.254771	0.522416	-0.210623	-0.022323	-0.158217	11.967136
-1.235353	0.572590	-1.249270	-0.253693	0.523023	-0.210717	-0.022323	-0.158222	11.967140
-1.357823	1.311263	-0.174160	0.162397	0.722647	-0.243617	-0.022017	-0.160060	11.968403
1.443564	-0.412856	1.016171	0.539617	0.859042	-0.272086	-0.021639	-0.161858	11.969644
-1.349423	-1.008210	1.385672	0.776473	0.913335	-0.296863	-0.021159	-0.163739	11.970947
-1.604274	0.761419	0.572370	0.747229	0.857673	-0.315045	-0.020604	-0.165573	11.972223
-1.260349	0.851460	0.511808	0.739248	0.852042	-0.315810	-0.020573	-0.165667	11.972288
1.608116	0.931725	0.450472	0.730722	0.846162	-0.316558	-0.020542	-0.165761	11.972353
-1.616861	0.512586	-0.666775	0.500479	0.702184	-0.327162	-0.019954	-0.167426	11.973518
-1.215875	-0.980308	-1.441459	0.180589	0.500366	-0.332561	-0.019307	-0.169050	11.974658
1.571025	-0.534959	-1.408754	-0.184853	0.233788	-0.332872	-0.018525	-0.170803	11.975894
0.219531	1.064853	-0.602198	-0.482723	-0.050076	-0.327655	-0.017679	-0.172504	11.977100
-0.856901	1.063144	-0.599921	-0.483307	-0.050737	-0.327637	-0.017677	-0.172508	11.977103
-1.574249	1.061365	-0.597614	-0.483898	-0.051408	-0.327618	-0.017675	-0.172512	11.977106
1.623487	-1.025934	0.266745	-0.663943	-0.299890	-0.318475	-0.016858	-0.174009	11.978172
-1.723057	-0.459432	0.932081	-0.738168	-0.517902	-0.305517	-0.015996	-0.175463	11.979214
1.876564	0.754910	1.241018	-0.673549	-0.697688	-0.287380	-0.015007	-0.177005	11.980324
1.793731	0.683404	1.006661	-0.444701	-0.799648	-0.265546	-0.013976	-0.178495	11.981402
-0.471396	0.677062	1.001297	-0.441280	-0.800376	-0.265272	-0.013963	-0.178512	11.981415
-1.898666	0.670629	0.995869	-0.437836	-0.801096	-0.264996	-0.013951	-0.178530	11.981427
-2.176487	0.109095	0.467704	-0.145155	-0.826228	-0.242718	-0.012998	-0.179814	11.982362
1.031199	-0.200607	-0.165441	0.167064	-0.795561	-0.218201	-0.012018	-0.181057	11.983272
2.234366	-0.260319	-0.773122	0.464743	-0.701729	-0.188834	-0.010905	-0.182386	11.984251
-2.071300	0.214721	-1.004163	0.633544	-0.550837	-0.157646	-0.009769	-0.183666	11.985198
1.901146	0.289541	-0.997575	0.637373	-0.541266	-0.155934	-0.009707	-0.183733	11.985248
2.043593	0.362709	-0.988552	0.640607	-0.531544	-0.154218	-0.009646	-0.183800	11.985298
1.391690	0.223226	-0.503514	0.612780	-0.347208	-0.124818	-0.008602	-0.184905	11.986123
0.567676	-0.861479	0.355532	0.457347	-0.130379	-0.094744	-0.007548	-0.185970	11.986923
-1.021738	1.254681	0.996253	0.192768	0.128871	-0.061019	-0.006368	-0.187102	11.987779
-0.691500	-0.630842	0.885174	-0.101690	0.379676	-0.027405	-0.005185	-0.188183	11.988604
0.811232	-1.161078	0.870720	-0.111781	0.387933	-0.026231	-0.005143	-0.188221	11.988632
-0.808561	-1.679874	0.855762	-0.121835	0.396144	-0.025056	-0.005101	-0.188258	11.988660
0.844501	-1.488422	0.342891	-0.354557	0.583123	0.004637	-0.004036	-0.189184	11.989373
-1.027937	-0.885022	-0.303825	-0.510383	0.710199	0.033449	-0.002975	-0.190068	11.990058
-0.702307	2.380985	-0.949713	-0.548757	0.762837	0.064378	-0.001790	-0.191014	11.990798
1.564916	2.125704	-1.169265	-0.410525	0.717128	0.093309	-0.000619	-0.191907	11.991504
-1.571625	1.662984	-1.166132	-0.402476	0.713928	0.094252	-0.000580	-0.191937	11.991528
-0.992050	1.193228	-1.162215	-0.394204	0.710623	0.095192	-0.000540	-0.191966	11.991551
1.694527	-2.347164	-0.726036	-0.117008	0.586930	0.119098	0.000484	-0.192713	11.992148
-1.718934	1.538381	0.327598	0.200397	0.396091	0.141421	0.001488	-0.193418	11.992718
-1.407923	2.085725	1.257222	0.464856	0.115092	0.164186	0.002566	-0.194145	11.993314
0.839484	-1.845109	0.927021	0.529633	-0.231781	0.185120	0.003612	-0.194822	11.993876
1.513094	-1.944265	0.857720	0.526719	-0.256696	0.186442	0.003680	-0.194865	11.993912
1.546846	-1.995481	0.782993	0.522977	-0.281814	0.187755	0.003747	-0.194907	11.993948
-1.434989	0.191412	-0.480595	0.400439	-0.631386	0.204386	0.004626	-0.195451	11.994407
1.325811	2.082835	-1.302661	0.158673	-1.004577	0.219686	0.005473	-0.195955	11.994841
-1.219394	0.719711	-0.550675	-0.209437	-1.446316	0.235677	0.006403	-0.196487	11.995308
1.144030	-2.331070	0.855535	-0.507225	-1.882524	0.249990	0.007282	-0.196967	11.995740
-1.105170	1.398150	1.350148	-0.531713	-2.290234	0.262570	0.008097	-0.197392	11.996134
1.103189	2.325850	0.325038	-0.133124	-2.657348	0.273587	0.008852	-0.197766	11.996493
-1.103971	1.491406	0.242183	-0.104915	-2.673198	0.274057	0.008886	-0.197782	11.996509
0.537449	0.639677	0.156804	-0.075906	-2.688958	0.274524	0.008919	-0.197798	11.996524
0.813709	-2.140938	-1.396176	0.687003	-2.994417	0.283451	0.009570	-0.198101	11.996830
1.197828	1.901045	-0.830223	1.699313	-3.262500	0.291049	0.010159	-0.198359	11.997105
-1.201391	1.791965	-0.758366	1.754304	-3.274961	0.291396	0.010186	-0.198370	11.997118
1.205006	1.662084	-0.684648	1.809612	-3.287338	0.291739	0.010214	-0.198382	11.997131
-1.281384	0.068260	0.733971	2.887133	-3.504833	0.297635	0.010704	-0.198579	11.997359
-0.856144	-0.876060	1.459489	3.938358	-3.690642	0.302402	0.011130	-0.198736	11.997559
-0.521717	-1.180293	0.820227	4.953324	-3.861671	0.306428	0.011524	-0.198861	11.997749
1.550104	-1.066973	-0.957251	5.753686	-3.995697	0.309133	0.011830	-0.198936	11.997904
1.013534	-1.066498	-1.043689	5.782571	-4.000532	0.309218	0.011841	-0.198938	11.997909
-1.556562	-1.066423	-1.130379	5.811064	-4.005300	0.309301	0.011852	-0.198940	11.997915
1.038357	-0.947739	-2.968231	6.338186	-4.093258	0.310555	0.012041	-0.198959	11.998022
1.659990	-0.199288	-4.402793	6.701194	-4.152884	0.310795	0.012149	-0.198938	11.998100
0.406927	1.588328	-5.243994	6.923123	-4.187104	0.309909	0.012171	-0.198865	11.998154
-0.136694	2.451735	-5.362619	6.964923	-4.188710	0.307845	0.012092	-0.198741	11.998172
