2.802287	-0.165916	1.439736	-2.566710	2.094298	-0.072285	-0.686583	-1.170785	11.849436
2.173902	-0.170484	1.581864	-2.531775	2.074158	-0.072655	-0.689004	-1.170674	11.849440
-1.360938	-0.558460	1.695960	-2.403931	2.046886	-0.073046	-0.690849	-1.170278	11.849445
1.492779	-0.917422	1.402153	-2.176538	2.012959	-0.073452	-0.692011	-1.169592	11.849451
0.298086	-0.916288	1.397252	-2.174580	2.012695	-0.073455	-0.692017	-1.169586	11.849451
-1.495043	-0.915070	1.392323	-2.172626	2.012432	-0.073458	-0.692023	-1.169580	11.849451
1.653131	0.191242	0.482922	-1.891964	1.976949	-0.073831	-0.692465	-1.168732	11.849458
-1.820202	1.722279	-0.638051	-1.541316	1.936207	-0.074206	-0.692376	-1.167657	11.849467
1.958997	-2.255382	-1.457652	-1.071600	1.884376	-0.074611	-0.691654	-1.166192	11.849478
-1.965470	0.075398	-1.306835	-0.530362	1.825836	-0.074978	-0.690282	-1.164450	11.849490
1.961169	0.409610	-1.282170	-0.504878	1.823053	-0.074993	-0.690206	-1.164366	11.849490
-0.570874	0.738829	-1.256445	-0.479315	1.820258	-0.075008	-0.690128	-1.164281	11.849491
-1.783856	3.201876	-0.592320	0.056886	1.759929	-0.075290	-0.688248	-1.162418	11.849504
-0.744231	2.468335	0.058958	0.597455	1.693813	-0.075504	-0.685831	-1.160328	11.849518
0.357147	0.462656	0.592979	1.160676	1.614884	-0.075643	-0.682583	-1.157787	11.849534
1.506794	-2.117147	0.884757	1.660292	1.528906	-0.075661	-0.678709	-1.154983	11.849552
0.831524	-2.170222	0.887718	1.669234	1.527144	-0.075660	-0.678626	-1.154925	11.849553
-1.518788	-2.223590	0.890570	1.678152	1.525377	-0.075659	-0.678544	-1.154867	11.849553
1.950956	-3.706693	0.891355	2.041993	1.440991	-0.075548	-0.674472	-1.152089	11.849571
-0.458196	-0.257423	0.633670	2.299445	1.350691	-0.075302	-0.669898	-1.149100	11.849590
-3.192635	3.272446	0.144784	2.448378	1.244661	-0.074855	-0.664306	-1.145577	11.849612
3.561292	-0.319079	-0.402813	2.449097	1.131719	-0.074196	-0.658130	-1.141805	11.849636
-1.495257	-0.608564	-0.431263	2.444305	1.124880	-0.074150	-0.657748	-1.141575	11.849638
-3.575888	-0.882285	-0.458903	2.438959	1.118019	-0.074103	-0.657364	-1.141344	11.849639
3.474440	-2.505736	-0.732991	2.288431	1.011977	-0.073287	-0.651287	-1.137732	11.849662
3.048196	-1.911599	-0.641985	2.006953	0.903497	-0.072263	-0.644758	-1.133927	11.849686
1.879264	-0.614002	-0.212292	1.557586	0.780702	-0.070843	-0.636900	-1.129428	11.849714
0.560526	0.672676	0.346764	1.017847	0.658869	-0.069116	-0.628492	-1.124692	11.849744
-1.851100	0.693080	0.356867	1.007374	0.656637	-0.069081	-0.628331	-1.124602	11.849745
1.841005	0.713315	0.366934	0.996890	0.654407	-0.069046	-0.628170	-1.124512	11.849745
-1.419172	1.178327	0.791112	0.470082	0.545626	-0.067165	-0.619972	-1.119962	11.849774
0.011260	-0.160701	0.949381	-0.049742	0.441150	-0.064993	-0.611322	-1.115218	11.849804
0.920536	-1.036515	0.572498	-0.574426	0.333690	-0.062263	-0.601344	-1.109809	11.849838
-0.781005	0.743497	-0.412986	-1.024647	0.235505	-0.059144	-0.590836	-1.104175	11.849873
-0.660744	0.769157	-0.430941	-1.031668	0.233891	-0.059086	-0.590648	-1.104075	11.849874
0.776767	0.793889	-0.448808	-1.038658	0.232280	-0.059028	-0.590460	-1.103974	11.849874
-0.677194	1.298659	-1.161469	-1.351969	0.154734	-0.055893	-0.580639	-1.098761	11.849907
0.605317	0.733329	-1.258420	-1.565408	0.087847	-0.052418	-0.570407	-1.093375	11.849942
-0.594681	-1.666008	-0.624083	-1.673455	0.026198	-0.047994	-0.558165	-1.086985	11.849982
0.727536	1.760259	0.497080	-1.659366	-0.017708	-0.043083	-0.545394	-1.080376	11.850024
-0.731695	1.764330	0.515142	-1.658212	-0.018327	-0.042991	-0.545164	-1.080257	11.850025
0.445747	1.764819	0.532970	-1.657031	-0.018940	-0.042900	-0.544933	-1.080138	11.850026
1.026934	0.569429	1.177809	-1.566372	-0.043041	-0.038142	-0.533248	-1.074137	11.850064
-1.433563	-0.131376	1.436356	-1.427100	-0.055567	-0.032991	-0.521162	-1.067971	11.850104
0.261345	-0.718361	1.437269	-1.243836	-0.057798	-0.027007	-0.507526	-1.061060	11.850149
2.403708	-1.169779	1.311616	-1.049299	-0.049981	-0.020748	-0.493426	-1.053959	11.850195
2.411859	-1.185364	1.301803	-1.034974	-0.049080	-0.020287	-0.492390	-1.053439	11.850198
-0.456069	-1.197396	1.292183	-1.020606	-0.048138	-0.019824	-0.491351	-1.052918	11.850201
-2.716150	-0.711196	1.170130	-0.840231	-0.033447	-0.013999	-0.478335	-1.046408	11.850244
2.830523	0.680035	0.941356	-0.653591	-0.014126	-0.007909	-0.464960	-1.039752	11.850287
-2.749066	-0.412875	0.396594	-0.434051	0.011551	-0.000567	-0.449309	-1.032007	11.850338
-0.156107	-0.091448	-0.400967	-0.216771	0.039013	0.007317	-0.433202	-1.024081	11.850390
1.633239	-0.069549	-0.425717	-0.210031	0.039891	0.007578	-0.432682	-1.023825	11.850392
2.465863	-0.048582	-0.450214	-0.203305	0.040769	0.007840	-0.432162	-1.023570	11.850393
2.215156	0.137990	-0.980567	-0.021880	0.064980	0.015496	-0.417313	-1.016302	11.850442
-1.842579	-0.236947	-1.069419	0.138248	0.087093	0.023754	-0.402108	-1.008894	11.850491
1.605934	-0.320527	-0.690421	0.286275	0.107715	0.034023	-0.384309	-1.000265	11.850548
-0.732171	0.580172	-0.128456	0.391901	0.121086	0.045291	-0.366058	-0.991460	11.850608
-1.570748	0.568768	-0.118355	0.393253	0.121231	0.045485	-0.365755	-0.991314	11.850609
-0.133801	0.555667	-0.108207	0.394596	0.121374	0.045679	-0.365452	-0.991168	11.850610
1.727949	-0.858580	0.429254	0.447714	0.124949	0.056576	-0.348912	-0.983227	11.850663
-1.484304	0.406880	0.775915	0.460907	0.119425	0.068228	-0.332026	-0.975154	11.850718
-2.350315	1.328475	0.728791	0.428676	0.102027	0.081652	-0.313271	-0.966225	11.850779
1.423593	-0.142793	0.159811	0.355798	0.074333	0.095745	-0.294118	-0.957147	11.850841
2.626389	-0.232457	0.127396	0.351686	0.072866	0.096399	-0.293238	-0.956731	11.850844
-2.634197	-0.321077	0.094844	0.347515	0.071384	0.097055	-0.292358	-0.956315	11.850847
-0.565380	-1.446894	-0.518933	0.250792	0.037998	0.110619	-0.274274	-0.947782	11.850906
1.498983	-1.498843	-0.744846	0.137013	-0.000317	0.124560	-0.255860	-0.939128	11.850966
2.445189	-0.539151	-0.247227	0.007055	-0.045574	0.140067	-0.235437	-0.929568	11.851033
-2.134581	1.188617	0.557936	-0.099880	-0.092234	0.155751	-0.214634	-0.919870	11.851101
-2.191607	1.223805	0.582581	-0.102687	-0.093802	0.156279	-0.213926	-0.919541	11.851103
2.183043	1.255743	0.606771	-0.105425	-0.095367	0.156807	-0.213219	-0.919212	11.851106
0.368611	1.158721	1.005611	-0.149543	-0.135679	0.170566	-0.194489	-0.910517	11.851167
-1.749966	0.034082	0.756952	-0.132172	-0.173216	0.184103	-0.175472	-0.901720	11.851230
1.520681	-0.875347	-0.258951	-0.053915	-0.210442	0.199935	-0.152289	-0.891037	11.851306
-0.249545	0.854393	-1.423133	0.045453	-0.231980	0.215197	-0.128703	-0.880214	11.851384
-1.328318	0.857179	-1.424524	0.045656	-0.232004	0.215229	-0.128653	-0.880191	11.851385
-0.970983	0.859986	-1.425925	0.045862	-0.232027	0.215261	-0.128601	-0.880167	11.851385
1.205592	0.585186	-1.403264	0.114525	-0.232010	0.227427	-0.108591	-0.871020	11.851451
-0.075058	-1.068269	-0.483586	0.151628	-0.210414	0.238739	-0.088309	-0.861782	11.851519
-1.107752	1.296041	1.086907	0.136816	-0.152990	0.250498	-0.063989	-0.850744	11.851600
-0.504556	1.093976	1.839533	0.048903	-0.067416	0.259921	-0.039302	-0.839586	11.851682
1.186598	0.957567	1.840344	0.046571	-0.065652	0.260068	-0.038846	-0.839380	11.851684
-1.189069	0.819513	1.840631	0.044209	-0.063880	0.260214	-0.038389	-0.839174	11.851685
1.349072	-1.772824	1.304331	-0.091125	0.025711	0.265983	-0.016314	-0.829236	11.851759
-0.507342	0.187180	0.021581	-0.235162	0.116662	0.269010	0.006035	-0.819209	11.851835
-1.846388	2.031390	-1.337197	-0.342769	0.204741	0.268690	0.030665	-0.808199	11.851918
2.119182	1.463509	-1.844784	-0.340098	0.272373	0.264079	0.055599	-0.797092	11.852002
-0.259757	1.447095	-1.845887	-0.338702	0.273372	0.263954	0.056048	-0.796892	11.852004
-1.562124	1.430907	-1.846742	-0.337253	0.274363	0.263828	0.056498	-0.796692	11.852005
-2.337480	0.667095	-1.585558	-0.201042	0.314239	0.255240	0.079561	-0.786440	11.852084
2.473255	-0.503323	-0.819634	0.021984	0.331731	0.242222	0.102807	-0.776112	11.852164
-1.230612	-1.517226	0.381163	0.299088	0.323230	0.222861	0.127982	-0.764916	11.852251
-2.357074	-0.775624	1.499491	0.551001	0.283642	0.197824	0.153275	-0.753639	11.852339
2.340518	-0.623517	1.545309	0.565523	0.279755	0.195933	0.154990	-0.752872	11.852345
0.814939	-0.464744	1.585054	0.579611	0.275708	0.194019	0.156706	-0.752105	11.852352
-2.019634	0.868772	1.338361	0.715850	0.206228	0.166389	0.179543	-0.741876	11.852432
1.644554	-0.638246	-0.369497	0.721900	0.108046	0.135014	0.202395	-0.731587	11.852514
-1.241413	0.565548	-1.440712	0.499050	-0.025490	0.095751	0.228089	-0.719934	11.852608
0.964003	-0.479515	0.072521	0.005889	-0.165986	0.052932	0.253668	-0.708211	11.852703
-0.957371	-0.644325	0.150981	-0.015476	-0.171138	0.051268	0.254622	-0.707771	11.852706
-0.614424	-0.798910	0.228818	-0.036917	-0.176272	0.049600	0.255576	-0.707330	11.852710
0.881658	1.139285	1.373304	-0.542101	-0.292764	0.008069	0.278577	-0.696639	11.852797
-0.930269	1.606149	0.300036	-0.894179	-0.384793	-0.035326	0.301334	-0.685896	11.852885
1.059765	-1.956095	-1.267366	-0.916024	-0.441725	-0.085444	0.326403	-0.673830	11.852985
-0.792323	0.130608	-0.289932	-0.443356	-0.436735	-0.136491	0.350992	-0.661706	11.853087
-1.220565	0.398301	-0.260227	-0.432532	-0.436148	-0.137346	0.351399	-0.661503	11.853089
1.223241	0.665930	-0.230361	-0.421627	-0.435545	-0.138203	0.351806	-0.661299	11.853090
-1.368495	2.105171	1.089569	0.207818	-0.381613	-0.184070	0.373507	-0.650299	11.853183
1.530494	-2.062856	0.665691	0.745814	-0.291345	-0.228805	0.394669	-0.639259	11.853277
-1.732790	2.093820	-0.933821	0.976373	-0.162981	-0.274843	0.416815	-0.627304	11.853379
-0.209301	0.657007	-0.786082	0.721398	-0.013482	-0.317558	0.438166	-0.615307	11.853483
1.962084	0.245663	-0.734947	0.697649	-0.005360	-0.319674	0.439255	-0.614680	11.853489
-1.973329	-0.164123	-0.681345	0.673126	0.002780	-0.321778	0.440343	-0.614054	11.853494
2.163898	-2.600170	0.392616	0.151781	0.147576	-0.356860	0.459167	-0.602951	11.853591
-0.167589	-0.873589	0.927024	-0.393762	0.286140	-0.387318	0.477165	-0.591818	11.853689
-2.496056	3.274545	0.470631	-0.816270	0.418471	-0.414623	0.496018	-0.579482	11.853799
2.627580	1.010361	-0.778989	-0.976641	0.514218	-0.434206	0.513715	-0.567117	11.853910
-2.629519	0.660204	-0.797753	-0.976866	0.515416	-0.434460	0.514000	-0.566911	11.853912
1.090467	0.308420	-0.816289	-0.977008	0.516602	-0.434713	0.514285	-0.566705	11.853914
2.721861	-3.310334	-1.162160	-0.857476	0.559869	-0.444571	0.529138	-0.555553	11.854015
-1.383100	2.888113	0.074657	-0.506776	0.565828	-0.446647	0.542963	-0.544383	11.854117
-2.783073	0.667962	1.276934	-0.007039	0.536313	-0.440049	0.556845	-0.532181	11.854230
0.213887	-1.324953	1.154064	0.447534	0.476568	-0.424553	0.569461	-0.519965	11.854343
0.327350	-1.283866	1.102045	0.466002	0.473201	-0.423632	0.570014	-0.519399	11.854349
2.705021	-1.228441	1.045626	0.484216	0.469784	-0.422693	0.570565	-0.518832	11.854354
-2.563321	0.667637	-0.394628	0.780501	0.395776	-0.401287	0.580649	-0.507904	11.854457
2.349719	-0.360841	-1.192063	0.962787	0.310304	-0.374042	0.589698	-0.496968	11.854561
-1.643318	0.754909	-0.249960	0.960486	0.083878	-0.288538	0.607115	-0.470737	11.854814
0.954633	-1.863420	0.625071	0.674190	-0.150777	-0.181269	0.618373	-0.444518	11.855073
-0.717396	-1.865888	0.624521	0.673857	-0.151052	-0.181131	0.618383	-0.444487	11.855074
-0.953337	-1.868315	0.623966	0.673525	-0.151328	-0.180993	0.618393	-0.444456	11.855074
-0.720691	-1.831388	0.605877	0.664128	-0.159188	-0.177045	0.618666	-0.443561	11.855083
-0.414468	-1.385393	0.583638	0.654919	-0.167031	-0.173081	0.618932	-0.442667	11.855092
0.911411	-1.142638	0.574921	0.651741	-0.169771	-0.171690	0.619024	-0.442353	11.855095
0.655384	-0.873334	0.565738	0.648585	-0.172508	-0.170297	0.619114	-0.442040	11.855098
0.084360	2.239292	0.162550	0.569361	-0.247868	-0.130635	0.621280	-0.433280	11.855186
-0.713779	-2.405665	-0.294072	0.506517	-0.320206	-0.089871	0.622733	-0.424527	11.855275
0.770298	2.444612	-0.317327	0.441391	-0.413978	-0.031978	0.623560	-0.412376	11.855400
-0.966501	0.686959	0.010506	0.390147	-0.497657	0.026606	0.622987	-0.400245	11.855525
1.224586	-2.039330	0.237752	0.341385	-0.570627	0.086738	0.620919	-0.387783	11.855656
-1.383367	-1.244959	0.062566	0.284554	-0.627669	0.145890	0.617336	-0.375348	11.855787
-0.357457	-1.183819	0.053957	0.282699	-0.628974	0.147477	0.617217	-0.375011	11.855791
1.385382	-1.121432	0.045245	0.280821	-0.630265	0.149064	0.617098	-0.374674	11.855795
-1.310360	0.840437	-0.244569	0.204379	-0.664616	0.199907	0.612603	-0.363751	11.855912
-0.935264	1.150185	-0.368674	0.086262	-0.683480	0.249535	0.606909	-0.352854	11.856030
0.797600	-0.937048	-0.113572	-0.113304	-0.684264	0.305196	0.598828	-0.340307	11.856168
-0.226375	-0.492143	0.264489	-0.351676	-0.660087	0.358432	0.589118	-0.327801	11.856307
-0.594606	-0.365872	0.268927	-0.354601	-0.659635	0.359050	0.588992	-0.327652	11.856309
0.593435	-0.240065	0.273347	-0.357518	-0.659181	0.359666	0.588866	-0.327503	11.856310
-0.595156	0.770665	0.572723	-0.570258	-0.613666	0.404221	0.578787	-0.316395	11.856435
0.724563	-0.304992	0.760585	-0.753783	-0.543977	0.445368	0.567387	-0.305325	11.856561
0.579508	-0.502045	0.735504	-0.890878	-0.437418	0.485874	0.553301	-0.293191	11.856701
-1.128918	-0.699264	0.362149	-0.933858	-0.300717	0.520467	0.537585	-0.281111	11.856843
1.131549	-0.679419	0.352562	-0.933615	-0.298267	0.520978	0.537314	-0.280915	11.856845
0.997398	-0.658407	0.342855	-0.933338	-0.295811	0.521487	0.537043	-0.280718	11.856847
-1.254953	0.627140	-0.360640	-0.862584	-0.152782	0.546519	0.521485	-0.269924	11.856975
1.390490	-0.566417	-1.098377	-0.665882	0.000672	0.565327	0.504588	-0.259180	11.857104
-1.624202	0.625496	-0.769586	-0.302990	0.169901	0.577924	0.484677	-0.247553	11.857246
0.920994	-0.403545	0.595601	0.131103	0.331349	0.581465	0.463173	-0.235991	11.857388
1.987943	-0.491403	0.664030	0.153395	0.339258	0.581385	0.462024	-0.235397	11.857396
1.140401	-0.577214	0.730266	0.175576	0.347116	0.581278	0.460871	-0.234804	11.857403
-1.634114	-1.443623	1.264110	0.536578	0.477410	0.574720	0.439633	-0.224246	11.857535
-3.144543	0.140652	0.152773	0.777852	0.583240	0.558822	0.417225	-0.213748	11.857668
-3.280351	2.989761	-1.324595	0.823274	0.663492	0.528408	0.390472	-0.201896	11.857821
0.391559	-3.788620	-0.932898	0.577580	0.692604	0.483903	0.362494	-0.190130	11.857975
3.653090	-3.823970	-0.925378	0.575520	0.692626	0.483609	0.362331	-0.190063	11.857976
0.451800	-3.859115	-0.917768	0.573443	0.692646	0.483312	0.362168	-0.189996	11.857977
0.442342	-3.522815	0.526250	0.200647	0.677119	0.432335	0.336635	-0.179713	11.858113
-3.927707	4.737684	1.242690	-0.209599	0.625907	0.371824	0.310377	-0.169503	11.858251
3.790247	-4.612608	-0.021863	-0.587503	0.527044	0.293741	0.279842	-0.158013	11.858408
1.028280	-0.316036	-0.948776	-0.710932	0.387551	0.207959	0.248659	-0.146624	11.858567
-3.408158	0.054495	-0.950794	-0.710604	0.386712	0.207490	0.248493	-0.146564	11.858567
3.405512	0.424495	-0.952781	-0.710265	0.385872	0.207021	0.248327	-0.146504	11.858568
-2.889944	3.401939	-0.813473	-0.510369	0.231759	0.126564	0.220299	-0.136510	11.858710
2.312714	-2.770689	0.049546	-0.129629	0.059113	0.043679	0.191989	-0.126602	11.858852
2.288759	-1.272875	0.356959	0.310796	-0.134886	-0.048710	0.160503	-0.115756	11.859010
-1.344744	0.714178	0.099251	0.589233	-0.312297	-0.139740	0.128942	-0.105020	11.859170
1.338972	1.153044	0.090895	0.593004	-0.316118	-0.141835	0.128204	-0.104770	11.859174
0.193238	1.591843	0.082520	0.596642	-0.319926	-0.143930	0.127465	-0.104520	11.859178
-1.236946	1.861961	-0.110251	0.624030	-0.452215	-0.223205	0.098902	-0.094889	11.859323
1.320834	-2.007630	0.133617	0.448171	-0.551310	-0.297715	0.070504	-0.085354	11.859470
-0.684494	2.304288	0.028005	0.205296	-0.620593	-0.371255	0.039976	-0.075113	11.859631
-1.751363	1.711565	-0.482084	-0.024444	-0.650848	-0.435004	0.009905	-0.064994	11.859793
1.763173	1.231190	-0.506888	-0.036811	-0.651425	-0.438358	0.008176	-0.064410	11.859802
-1.774714	0.740128	-0.529836	-0.049032	-0.651873	-0.441670	0.006450	-0.063827	11.859812
1.467015	-2.792223	-0.491542	-0.221536	-0.642564	-0.487499	-0.020041	-0.054840	11.859958
1.987871	-2.076617	0.463345	-0.366588	-0.602926	-0.522056	-0.045941	-0.045958	11.860106
-1.968646	2.695918	1.295377	-0.497470	-0.520641	-0.547349	-0.074384	-0.036046	11.860274
1.834970	0.533210	0.480797	-0.578937	-0.398938	-0.558697	-0.101804	-0.026274	11.860443
-1.831595	0.273781	0.456068	-0.579582	-0.396532	-0.558776	-0.102269	-0.026106	11.860446
0.605439	0.014424	0.431138	-0.580193	-0.394117	-0.558850	-0.102733	-0.025938	11.860449
1.064430	-2.207573	-0.945429	-0.555694	-0.257546	-0.557374	-0.126477	-0.017242	11.860603
1.357879	2.029414	-1.607916	-0.383514	-0.106598	-0.545695	-0.149276	-0.008666	11.860758
0.523252	-1.938578	-0.468294	-0.011478	0.063360	-0.521841	-0.173121	0.000562	11.860928
-0.986568	-0.052180	0.857033	0.376148	0.226363	-0.487004	-0.195883	0.009640	11.861099
0.985027	0.197400	0.891342	0.387803	0.232078	-0.485517	-0.196702	0.009972	11.861106
0.089530	0.443609	0.924179	0.399160	0.237766	-0.484017	-0.197520	0.010304	11.861112
-0.988952	1.829505	1.140199	0.553015	0.368137	-0.442448	-0.217313	0.018450	11.861270
-1.177777	-0.457421	0.153323	0.401274	0.472931	-0.392742	-0.236247	0.026465	11.861428
-0.546701	-1.326472	-0.681454	0.027445	0.552153	-0.331098	-0.255571	0.034890	11.861599
1.630546	0.862432	0.019127	-0.353824	0.593870	-0.261258	-0.273959	0.043157	11.861770
-1.809603	0.546580	0.481361	-0.480999	0.594002	-0.182006	-0.291813	0.051442	11.861947
1.882505	-0.200992	-0.511080	-0.190909	0.548072	-0.095763	-0.308742	0.059556	11.862125
-1.882680	0.003707	-0.566312	-0.166144	0.543628	-0.090153	-0.309777	0.060061	11.862136
1.882307	0.209872	-0.613378	-0.141381	0.539001	-0.084524	-0.310809	0.060565	11.862147
-1.824036	-0.338368	-0.383073	0.184137	0.452933	-0.002597	-0.325188	0.067704	11.862308
1.685405	-0.956960	0.631448	0.394083	0.330525	0.080023	-0.338861	0.074698	11.862470
-1.465346	1.421434	1.389606	0.380385	0.155839	0.169558	-0.353290	0.082318	11.862652
1.209527	-1.462811	-0.116101	0.061034	-0.041151	0.252781	-0.366893	0.089752	11.862835
-0.765562	-1.554370	-0.186515	0.048153	-0.047830	0.255410	-0.367334	0.089997	11.862841
-1.192198	-1.638607	-0.256913	0.035286	-0.054505	0.258027	-0.367774	0.090242	11.862847
0.980752	-1.594094	-1.719282	-0.249115	-0.225998	0.322605	-0.379085	0.096643	11.863010
-0.842949	0.288568	-1.503661	-0.304073	-0.375543	0.376499	-0.389794	0.102893	11.863173
0.617756	1.106037	0.204065	-0.137648	-0.500218	0.422320	-0.401527	0.109977	11.863364
0.878779	-0.842963	1.541307	0.129495	-0.556081	0.446005	-0.412498	0.116848	11.863557
0.618573	-0.826476	1.536827	0.138616	-0.556603	0.446376	-0.412862	0.117080	11.863564
-0.245360	-0.799830	1.527531	0.147670	-0.557027	0.446715	-0.413224	0.117312	11.863570
-1.092232	0.697666	0.192575	0.334161	-0.533396	0.445194	-0.422214	0.123156	11.863740
-1.168609	-0.667684	-1.327495	0.352750	-0.440380	0.425759	-0.430677	0.128830	11.863911
1.293074	0.372654	-0.879749	0.089601	-0.254026	0.385018	-0.439700	0.135086	11.864107
0.304985	0.898435	0.628433	-0.289141	-0.024301	0.328055	-0.448083	0.141114	11.864304
-1.283778	0.805532	0.635628	-0.291069	-0.023015	0.327704	-0.448128	0.141147	11.864305
-0.838495	0.713153	0.642749	-0.292982	-0.021735	0.327354	-0.448172	0.141179	11.864306
1.105204	-0.399891	1.336646	-0.517199	0.177439	0.265561	-0.455143	0.146377	11.864484
-0.784985	-1.344849	1.059755	-0.486428	0.337160	0.196488	-0.461632	0.151387	11.864662
0.404033	-1.241586	-0.176573	-0.221468	0.454412	0.118429	-0.467991	0.156481	11.864852
-0.159634	1.920846	-1.605414	0.183731	0.515836	0.038463	-0.473843	0.161359	11.865043
-0.084664	1.854094	-1.633294	0.205856	0.517391	0.034479	-0.474122	0.161597	11.865052
0.150111	1.740453	-1.654360	0.228068	0.518798	0.030499	-0.474401	0.161834	11.865062
-0.193723	-2.205934	-0.927636	0.634969	0.517793	-0.042711	-0.479379	0.166170	11.865241
0.377537	2.429306	0.988611	0.936223	0.463952	-0.112340	-0.483947	0.170311	11.865421
-0.633468	-0.159122	1.745251	0.981765	0.341089	-0.184107	-0.488620	0.174741	11.865626
0.902332	-2.611009	1.008771	0.595650	0.167655	-0.246042	-0.492808	0.178916	11.865831
-0.902902	-2.716382	1.006169	0.594526	0.167272	-0.246155	-0.492816	0.178925	11.865831
0.285385	-2.823289	1.003524	0.593385	0.166883	-0.246270	-0.492824	0.178933	11.865832
1.171434	-1.769255	-0.378950	0.017487	-0.009499	-0.291304	-0.496201	0.182476	11.866018
-1.451440	3.150875	-1.393094	-0.582730	-0.181473	-0.324022	-0.499221	0.185812	11.866205
1.746607	-3.340117	-0.799801	-1.060816	-0.336245	-0.343153	-0.502100	0.189180	11.866408
-2.040848	2.915465	0.462075	-1.225951	-0.431482	-0.342977	-0.504611	0.192306	11.866611
2.048952	3.106667	0.490039	-1.225422	-0.432922	-0.342689	-0.504672	0.192385	11.866617
-0.315760	3.290118	0.517382	-1.224633	-0.434303	-0.342386	-0.504733	0.192464	11.866622
-2.370207	3.575808	0.878645	-1.021035	-0.447883	-0.322528	-0.506702	0.195094	11.866809
2.753126	-3.515876	-0.046786	-0.481342	-0.405680	-0.285508	-0.508311	0.197524	11.866997
-3.159707	3.298939	-0.649740	0.262354	-0.310948	-0.227617	-0.509577	0.200000	11.867208
3.258334	1.528774	-0.124141	0.874531	-0.185348	-0.156873	-0.510171	0.202226	11.867419
-0.953896	1.403675	-0.108635	0.883877	-0.182743	-0.155407	-0.510175	0.202267	11.867424
-3.250441	1.277758	-0.093080	0.893123	-0.180131	-0.153936	-0.510179	0.202308	11.867428
2.811027	-2.715902	0.475562	1.175744	-0.059347	-0.084294	-0.510018	0.204061	11.867616
-2.032408	-0.586867	0.394313	1.147831	0.056231	-0.011813	-0.509153	0.205620	11.867805
1.069086	2.392021	-0.034155	0.802337	0.169915	0.069534	-0.507222	0.207154	11.868020
-0.403853	0.314561	-0.193832	0.273942	0.258900	0.145446	-0.504168	0.208447	11.868237
0.390173	-0.224870	-0.193798	0.253105	0.261639	0.148082	-0.504032	0.208490	11.868245
-0.377438	-0.758726	-0.193433	0.232255	0.264337	0.150703	-0.503895	0.208533	11.868253
0.310892	-2.487501	-0.111943	-0.236249	0.314474	0.206827	-0.500228	0.209434	11.868438
-0.405402	-1.253467	0.033310	-0.615344	0.338670	0.252199	-0.495580	0.210164	11.868625
-1.277357	-0.037155	0.120001	-0.840763	0.327272	0.289366	-0.488512	0.210824	11.868852
-1.361032	2.779706	-0.023464	-0.762746	0.266046	0.306345	-0.479760	0.211241	11.869081
1.363444	2.809564	-0.027280	-0.759816	0.264930	0.306443	-0.479630	0.211245	11.869084
0.139293	2.838735	-0.031157	-0.756835	0.263805	0.306537	-0.479499	0.211249	11.869087
-1.382058	2.313934	-0.327184	-0.495091	0.181444	0.305866	-0.470570	0.211409	11.869283
1.240862	-2.287391	-0.502917	-0.156468	0.084549	0.293039	-0.460347	0.211398	11.869481
-1.041865	-2.375331	-0.161148	0.203551	-0.027462	0.265783	-0.447362	0.211184	11.869703
0.898628	-2.059260	0.806303	0.454482	-0.126789	0.226836	-0.432884	0.210760	11.869927
-0.896438	-1.961208	0.826696	0.458274	-0.128769	0.225830	-0.432538	0.210748	11.869932
0.894292	-1.858221	0.846751	0.461971	-0.130737	0.224819	-0.432192	0.210736	11.869937
-0.574836	1.397439	1.132777	0.517341	-0.194248	0.180951	-0.417870	0.210169	11.870140
-0.840213	-0.878020	0.045397	0.381436	-0.224398	0.130684	-0.402462	0.209438	11.870344
0.887739	0.413728	-1.332475	0.098464	-0.222673	0.068963	-0.384102	0.208434	11.870572
0.394259	-0.203681	-0.628672	-0.195907	-0.192126	0.003231	-0.364551	0.207234	11.870802
-0.985747	-0.142924	-0.625239	-0.196522	-0.192029	0.003077	-0.364505	0.207231	11.870802
0.986036	-0.082974	-0.621847	-0.197129	-0.191933	0.002925	-0.364459	0.207228	11.870803
-1.120963	0.249712	0.749651	-0.394509	-0.146717	-0.058174	-0.345717	0.205970	11.871012
1.265992	-0.436505	1.135550	-0.459334	-0.092360	-0.118231	-0.326119	0.204556	11.871223
-1.383496	0.672681	0.131857	-0.330193	-0.029797	-0.180523	-0.303568	0.202818	11.871457
-0.501436	-0.655397	-0.800342	-0.054715	0.029181	-0.235607	-0.280131	0.200898	11.871692
1.388405	-0.750262	-0.801083	-0.053869	0.029328	-0.235741	-0.280068	0.200893	11.871693
-1.388190	-0.846102	-0.801819	-0.053013	0.029477	-0.235877	-0.280003	0.200887	11.871694
1.258177	0.086720	-0.497549	0.228809	0.072903	-0.275185	-0.259118	0.199086	11.871898
-1.064195	0.970170	0.193539	0.475322	0.105392	-0.304765	-0.237687	0.197155	11.872104
-0.861018	-1.023271	0.380808	0.618897	0.124666	-0.324664	-0.211546	0.194691	11.872350
0.975977	1.162160	-0.085305	0.515523	0.119424	-0.326123	-0.184767	0.192052	11.872597
-0.977214	1.083731	-0.087257	0.514515	0.119346	-0.326085	-0.184641	0.192039	11.872599
0.898931	1.005597	-0.089183	0.513510	0.119267	-0.326048	-0.184516	0.192027	11.872600
1.338248	-1.419284	-0.250216	0.253052	0.096482	-0.311672	-0.160325	0.189543	11.872821
-0.494938	0.108553	-0.085997	-0.099301	0.062147	-0.284709	-0.135784	0.186928	11.873043
-1.091351	2.253775	0.302416	-0.502042	0.017919	-0.243593	-0.108586	0.183915	11.873289
-2.215504	2.882294	0.733085	-0.826768	-0.026017	-0.193506	-0.081161	0.180751	11.873536
0.059530	2.880726	0.733964	-0.827336	-0.026110	-0.193386	-0.081099	0.180744	11.873536
2.214887	2.879164	0.734831	-0.827895	-0.026202	-0.193268	-0.081038	0.180737	11.873537
-2.016680	1.448624	0.996660	-0.970010	-0.058307	-0.145088	-0.057215	0.177883	11.873752
-0.085230	-0.835153	1.007321	-0.916924	-0.080892	-0.094384	-0.033363	0.174921	11.873969
2.098579	-1.783843	0.525340	-0.546945	-0.094647	-0.032220	-0.004675	0.171214	11.874231
2.780141	-4.494923	-0.504883	0.032918	-0.094623	0.029166	0.023844	0.167360	11.874496
3.197152	-4.551681	-0.507633	0.034252	-0.094610	0.029295	0.023904	0.167352	11.874497
2.777067	-4.609063	-0.510423	0.035605	-0.094596	0.029425	0.023965	0.167343	11.874498
-1.333766	1.791131	-1.740397	0.570009	-0.085095	0.080589	0.048170	0.163928	11.874726
-5.572963	4.760981	-2.928263	1.025709	-0.068379	0.129920	0.072094	0.160412	11.874956
-3.244194	3.366186	-3.532017	1.311795	-0.042505	0.182966	0.098769	0.156309	11.875219
3.297368	-4.609485	-2.014407	1.245317	-0.011331	0.232289	0.124887	0.152083	11.875484
6.697193	-4.305528	-2.007930	1.244822	-0.011261	0.232389	0.124942	0.152074	11.875485
5.664512	-3.997208	-2.001346	1.244319	-0.011190	0.232491	0.124998	0.152064	11.875485
-5.587164	4.655667	1.538110	0.933200	0.018720	0.272240	0.147447	0.148245	11.875721
-5.338469	-4.224583	4.939797	0.453549	0.049440	0.308037	0.169312	0.144336	11.875957
1.358059	-5.343513	5.689749	-0.219239	0.083844	0.343474	0.193494	0.139763	11.876230
-0.099145	-0.908272	1.289539	-0.911013	0.115594	0.372355	0.216712	0.135082	11.876505
-0.829919	-0.759301	1.274364	-0.912603	0.115668	0.372418	0.216769	0.135070	11.876506
0.832868	-0.610344	1.259178	-0.914193	0.115743	0.372482	0.216826	0.135058	11.876507
-3.062895	6.679802	-3.780840	-1.360152	0.139067	0.391232	0.235653	0.131011	11.876742
6.393384	-1.437405	-6.432811	-1.529333	0.157855	0.404290	0.253647	0.126892	11.876978
10.666512	-8.000118	-5.066399	-1.243242	0.172985	0.412070	0.274227	0.121810	11.877267
-2.609993	4.055731	0.856685	-0.579459	0.178549	0.411492	0.293373	0.116631	11.877559
-3.849274	4.082302	0.870920	-0.577771	0.178549	0.411482	0.293413	0.116620	11.877560
-5.328389	4.109146	0.885338	-0.576060	0.178550	0.411472	0.293454	0.116608	11.877560
-13.309596	8.453300	5.279135	0.102708	0.174794	0.405115	0.308353	0.112184	11.877807
-6.443755	2.417463	5.736986	0.743604	0.162514	0.393912	0.322153	0.107697	11.878056
-0.278820	-7.686284	2.717948	1.272646	0.137287	0.375955	0.336463	0.102546	11.878341
5.903039	-6.971586	-1.499668	1.519285	0.098863	0.353025	0.349418	0.097323	11.878627
-1.589722	5.938419	-4.244374	1.431152	0.047903	0.326267	0.360864	0.092119	11.878912
-1.736840	0.692069	-3.356389	0.996133	-0.012932	0.295959	0.371061	0.086852	11.879199
1.736611	0.062872	-3.317193	0.986479	-0.014021	0.295420	0.371222	0.086762	11.879204
-1.737183	-0.560752	-3.277538	0.976783	-0.015111	0.294881	0.371384	0.086673	11.879209
2.573897	-4.039786	-0.669013	0.377725	-0.076909	0.264076	0.379710	0.081735	11.879477
-3.670759	-1.302440	1.532602	-0.257428	-0.140352	0.231272	0.387014	0.076750	11.879748
3.706298	-0.945413	1.613544	-0.288574	-0.143609	0.229535	0.387364	0.076491	11.879762
-1.495635	-0.571768	1.690525	-0.319445	-0.146863	0.227793	0.387711	0.076233	11.879776
-3.862555	2.550936	2.250968	-0.826096	-0.206471	0.194472	0.393734	0.071358	11.880040
1.580428	-0.911669	1.045439	-1.153281	-0.261340	0.160242	0.398847	0.066444	11.880307
2.499666	-1.612604	-0.839651	-1.306813	-0.315073	0.120077	0.403658	0.060711	11.880618
-1.603226	1.258022	-1.267745	-1.240565	-0.354548	0.079998	0.407312	0.054933	11.880932
1.583846	1.289880	-1.257727	-1.236487	-0.355297	0.079052	0.407385	0.054795	11.880940
1.063834	1.317873	-1.246861	-1.232297	-0.356037	0.078106	0.407458	0.054658	11.880947
-0.275101	0.449880	-0.395900	-1.015570	-0.377042	0.044127	0.409665	0.049631	11.881222
-0.620717	-1.161672	0.708669	-0.714823	-0.387273	0.011211	0.411058	0.044578	11.881498
0.642258	0.067077	0.883028	-0.348727	-0.387040	-0.024448	0.411680	0.038805	11.881815
-0.400885	1.396912	0.186078	-0.030533	-0.375102	-0.058148	0.411310	0.033005	11.882135
-1.238917	1.424452	0.147734	-0.018527	-0.374344	-0.059543	0.411272	0.032758	11.882149
1.276747	1.449594	0.109156	-0.006656	-0.373566	-0.060935	0.411233	0.032510	11.882163
-2.234776	1.074398	-0.630371	0.205107	-0.353309	-0.088776	0.410056	0.027431	11.882445
3.335200	-1.940220	-0.933084	0.351177	-0.325089	-0.115481	0.408171	0.022339	11.882729
1.666948	-1.670172	-0.341812	0.436260	-0.282832	-0.145299	0.405121	0.016405	11.883062
-4.834769	1.477226	0.698098	0.463305	-0.231160	-0.173915	0.401177	0.010460	11.883399
-0.719632	1.533058	0.715292	0.463515	-0.230183	-0.174403	0.401101	0.010356	11.883405
4.832655	1.587977	0.732371	0.463720	-0.229204	-0.174890	0.401024	0.010253	11.883411
-2.928774	2.729397	1.340379	0.473014	-0.177872	-0.198470	0.396941	0.005161	11.883702
-3.520630	1.667287	1.274012	0.493090	-0.120757	-0.221314	0.392251	0.000068	11.883996
-1.812317	-1.125895	0.491463	0.528908	-0.045937	-0.247634	0.385906	-0.005992	11.884348
1.258273	-2.882077	-0.664698	0.566877	0.035516	-0.273113	0.378767	-0.012044	11.884704
-1.247902	-2.871692	-0.683383	0.567422	0.036827	-0.273502	0.378650	-0.012138	11.884710
0.313519	-2.859900	-0.702059	0.567965	0.038139	-0.273891	0.378533	-0.012231	11.884716
0.945284	-0.782884	-1.682784	0.593227	0.112889	-0.295169	0.371775	-0.017420	11.885024
-0.788380	1.744858	-2.413614	0.604164	0.191354	-0.315982	0.364479	-0.022597	11.885336
-1.428820	2.363194	-2.671471	0.590967	0.281800	-0.338575	0.355799	-0.028313	11.885684
1.807021	-0.502898	-2.212780	0.544666	0.374223	-0.360776	0.346519	-0.034007	11.886036
-1.569253	-0.757753	-2.171493	0.540948	0.379647	-0.362069	0.345956	-0.034341	11.886057
-1.840466	-1.006806	-2.129361	0.537126	0.385066	-0.363361	0.345391	-0.034674	11.886078
1.987153	-1.868655	-1.483584	0.469043	0.464160	-0.382403	0.336798	-0.039603	11.886387
-1.983621	1.681852	-1.018723	0.382446	0.538649	-0.401292	0.327796	-0.044508	11.886698
1.069360	-0.442657	-0.787743	0.261171	0.616565	-0.423651	0.316581	-0.050311	11.887073
1.623344	-1.261129	-0.410323	0.126826	0.677428	-0.445987	0.304851	-0.056073	11.887451
-1.614266	-0.916926	-0.384225	0.121496	0.679350	-0.446847	0.304390	-0.056294	11.887465
1.605182	-0.568348	-0.356972	0.116162	0.681237	-0.447706	0.303929	-0.056515	11.887480
-1.400615	1.007186	0.597962	-0.005125	0.714017	-0.467091	0.293373	-0.061454	11.887810
-1.399758	-0.774362	2.163541	-0.125821	0.725867	-0.486702	0.282481	-0.066356	11.888143
1.053947	0.674049	3.233616	-0.254767	0.709686	-0.509037	0.269895	-0.071804	11.888520
-0.994719	-0.924528	0.732248	-0.355916	0.656866	-0.531361	0.256944	-0.077199	11.888900
0.995349	-0.520244	0.502157	-0.359371	0.652571	-0.532643	0.256184	-0.077509	11.888923
-0.996500	-0.080061	0.268508	-0.362443	0.648135	-0.533924	0.255424	-0.077819	11.888945
1.078159	1.548007	-2.726969	-0.349002	0.561661	-0.553467	0.243549	-0.082578	11.889288
0.307507	-2.238377	-2.351272	-0.202073	0.442806	-0.572407	0.231432	-0.087287	11.889634
-1.547327	2.903183	0.777720	0.052478	0.274414	-0.592844	0.217421	-0.092566	11.890031
-0.103066	-0.426782	1.587255	0.281552	0.082446	-0.611807	0.203160	-0.097772	11.890432
1.880490	-1.192997	1.569060	0.287861	0.075127	-0.612472	0.202630	-0.097962	11.890446
-1.892215	-1.944904	1.548549	0.293963	0.067799	-0.613134	0.202101	-0.098152	11.890461
2.323216	-3.345994	0.653458	0.376214	-0.106869	-0.628057	0.189464	-0.102627	11.890814
2.356969	-1.051068	-0.235156	0.333066	-0.276931	-0.641307	0.176683	-0.107041	11.891171
-2.475291	2.883863	-0.581862	0.117739	-0.460390	-0.654294	0.161656	-0.112096	11.891589
2.425633	-0.487847	-0.026207	-0.222393	-0.619630	-0.664294	0.146496	-0.117060	11.892012
-2.421915	-1.149927	-0.009296	-0.230410	-0.623309	-0.664508	0.146106	-0.117186	11.892023
2.418079	-1.805643	0.007373	-0.238303	-0.626962	-0.664719	0.145717	-0.117312	11.892034
1.776649	-2.314765	0.272811	-0.415241	-0.738422	-0.670590	0.132252	-0.121608	11.892411
-1.952763	2.299795	-0.215503	-0.352977	-0.818174	-0.673548	0.118734	-0.125826	11.892791
1.630550	-2.506831	-0.287038	-0.065709	-0.868880	-0.673088	0.103643	-0.130429	11.893219
-0.308305	0.316853	0.203482	0.266049	-0.886127	-0.668311	0.088547	-0.134927	11.893651
-1.342552	0.613829	0.216104	0.273013	-0.886202	-0.668133	0.088169	-0.135039	11.893662
1.336436	0.907846	0.228529	0.279860	-0.886263	-0.667951	0.087791	-0.135150	11.893673
-1.143730	3.065273	0.414187	0.418481	-0.879193	-0.659395	0.074192	-0.139110	11.894066
0.981997	0.234780	-0.088677	0.291797	-0.856949	-0.646745	0.060635	-0.142977	11.894464
-0.834675	-2.942625	-0.465629	-0.004817	-0.814065	-0.628367	0.045888	-0.147095	11.894902
0.759426	2.467612	0.135784	-0.260649	-0.748695	-0.605492	0.031241	-0.151095	11.895345
-0.758937	2.403345	0.167572	-0.269822	-0.744826	-0.604250	0.030520	-0.151289	11.895367
0.758843	2.295899	0.197819	-0.278575	-0.740894	-0.602997	0.029800	-0.151484	11.895389
-0.008040	-0.324744	0.453583	-0.350102	-0.657615	-0.578461	0.016755	-0.154961	11.895791
-0.972597	-1.268133	0.097097	-0.239213	-0.550424	-0.550713	0.003823	-0.158337	11.896196
1.186841	0.881199	-0.516566	-0.023996	-0.408488	-0.516775	-0.010227	-0.161922	11.896645
-1.388295	-0.720442	0.075685	0.146766	-0.246456	-0.479438	-0.024106	-0.165376	11.897099
-0.093872	-0.787609	0.141770	0.155907	-0.234110	-0.476614	-0.025102	-0.165621	11.897132
1.412600	-0.826424	0.207173	0.164584	-0.221684	-0.473772	-0.026097	-0.165865	11.897165
-1.537906	0.159623	0.848674	0.230479	-0.063310	-0.437456	-0.038277	-0.168811	11.897573
-1.618918	1.334336	0.894745	0.217959	0.101705	-0.398841	-0.050291	-0.171648	11.897985
1.714545	0.676283	0.003628	0.138100	0.282809	-0.354053	-0.063261	-0.174630	11.898441
-1.844301	-1.669768	-1.130746	0.031654	0.455280	-0.306942	-0.075998	-0.177472	11.898901
2.053097	-2.350356	-1.468665	-0.060772	0.622995	-0.253160	-0.089610	-0.180410	11.899408
-2.344769	2.368573	-0.146107	-0.084638	0.757958	-0.197184	-0.102902	-0.183173	11.899921
-2.031907	2.397601	-0.130429	-0.084556	0.758971	-0.196680	-0.103018	-0.183196	11.899925
2.350680	2.425896	-0.114734	-0.084470	0.759980	-0.196176	-0.103134	-0.183220	11.899930
-2.655375	2.390513	1.310625	-0.059425	0.843163	-0.145854	-0.114424	-0.185477	11.900380
2.916930	-0.191855	1.899275	-0.021439	0.897690	-0.094298	-0.125440	-0.187594	11.900835
-1.680572	-1.879595	1.376899	0.007013	0.930329	-0.036180	-0.137264	-0.189766	11.901341
-2.857097	-0.777181	-0.171141	0.018522	0.938999	0.022927	-0.148715	-0.191760	11.901853
1.666158	-0.707589	-0.217549	0.018636	0.938939	0.024482	-0.149009	-0.191810	11.901866
2.837143	-0.636688	-0.263924	0.018743	0.938866	0.026035	-0.149303	-0.191859	11.901880
-2.364178	1.457236	-1.615428	0.018340	0.928804	0.078134	-0.158947	-0.193440	11.902330
-0.040124	1.227926	-2.047587	0.013162	0.904910	0.130412	-0.168277	-0.194880	11.902784
1.100482	-1.057242	-1.500591	0.005904	0.862309	0.190807	-0.178675	-0.196366	11.903315
-0.787102	-1.418490	-0.317143	-0.001037	0.808378	0.250664	-0.188614	-0.197655	11.903851
0.785473	-1.247609	-0.264830	-0.001297	0.806035	0.253068	-0.189006	-0.197703	11.903872
0.317936	-1.071120	-0.212511	-0.001555	0.803680	0.255472	-0.189398	-0.197750	11.903894
-0.994623	0.715097	0.884708	-0.006616	0.749567	0.308555	-0.197900	-0.198722	11.904381
1.502718	1.660663	1.644839	-0.009387	0.694238	0.360716	-0.205997	-0.199527	11.904873
-2.163284	1.965262	1.784621	-0.005744	0.634534	0.415500	-0.214232	-0.200202	11.905406
2.720790	1.631950	1.184010	0.009063	0.573369	0.468711	-0.221964	-0.200675	11.905944
-1.118518	1.466756	1.119362	0.010512	0.568763	0.472539	-0.222510	-0.200702	11.905984
-2.781213	1.281053	1.052786	0.011998	0.564134	0.476356	-0.223054	-0.200728	11.906024
0.857060	-1.316561	0.130715	0.032300	0.504485	0.523052	-0.229584	-0.200954	11.906520
2.583358	-2.532998	-0.733173	0.051743	0.440738	0.567984	-0.235664	-0.201006	11.907020
2.809492	-2.393555	-1.316963	0.065698	0.363384	0.615759	-0.241895	-0.200854	11.907583
-2.442751	-1.319514	-1.520086	0.064363	0.277637	0.660814	-0.247528	-0.200479	11.908152
2.433962	-1.287368	-1.520898	0.064123	0.275771	0.661711	-0.247638	-0.200469	11.908164
0.368913	-1.254823	-1.521587	0.063873	0.273900	0.662607	-0.247747	-0.200459	11.908175
-1.339627	0.445274	-1.440624	0.043790	0.186406	0.701185	-0.252349	-0.199905	11.908701
-1.568041	2.078279	-1.194267	0.010097	0.091902	0.737018	-0.256416	-0.199155	11.909232
-0.578731	2.405914	-0.836724	-0.034927	-0.014671	0.772073	-0.260158	-0.198133	11.909805
-0.141806	-1.281526	-0.450603	-0.082913	-0.124351	0.803476	-0.263251	-0.196879	11.910382
0.885290	-1.730598	-0.420868	-0.086342	-0.132375	0.805609	-0.263451	-0.196779	11.910425
-0.874643	-2.145552	-0.390790	-0.089751	-0.140400	0.807722	-0.263646	-0.196677	11.910467
0.358060	-1.872342	0.012734	-0.129187	-0.239374	0.832086	-0.265770	-0.195318	11.910991
0.922652	1.629572	0.481136	-0.160353	-0.336565	0.853069	-0.267340	-0.193767	11.911520
-1.129043	0.924223	1.070270	-0.179933	-0.444286	0.872870	-0.268442	-0.191731	11.912136
1.371190	-0.132275	1.499216	-0.174946	-0.544129	0.887594	-0.268752	-0.189440	11.912758
-1.018545	-0.137191	1.500663	-0.174837	-0.544654	0.887661	-0.268751	-0.189427	11.912762
-1.373770	-0.142094	1.502089	-0.174728	-0.545176	0.887727	-0.268751	-0.189414	11.912765
1.565735	-0.799575	1.531454	-0.143619	-0.625743	0.896366	-0.268314	-0.187127	11.913332
-0.611813	-0.336581	1.095664	-0.087572	-0.693850	0.900396	-0.267180	-0.184643	11.913904
-1.817946	0.456037	0.283284	-0.007326	-0.749436	0.899356	-0.265165	-0.181768	11.914522
1.854532	0.264169	-0.621820	0.086217	-0.785330	0.892529	-0.262314	-0.178679	11.915145
-1.196732	0.236283	-0.657169	0.090282	-0.786376	0.892117	-0.262178	-0.178546	11.915171
-1.854326	0.207889	-0.692183	0.094359	-0.787387	0.891694	-0.262041	-0.178412	11.915197
0.060723	-0.301488	-1.334554	0.186806	-0.800333	0.879555	-0.258614	-0.175346	11.915779
1.761169	-0.317808	-1.550780	0.278114	-0.794270	0.862166	-0.254525	-0.172107	11.916367
-1.695363	0.322007	-1.113881	0.369686	-0.764046	0.836561	-0.249223	-0.168299	11.917027
1.677259	0.487007	-0.202696	0.433955	-0.708209	0.804643	-0.243178	-0.164289	11.917692
0.119632	0.486089	-0.200168	0.434064	-0.708040	0.804557	-0.243162	-0.164279	11.917694
-1.677365	0.485152	-0.197607	0.434174	-0.707869	0.804470	-0.243146	-0.164269	11.917696
1.730789	-0.196298	0.717592	0.453004	-0.635275	0.770744	-0.237129	-0.160510	11.918297
0.795892	-0.914972	1.378159	0.422041	-0.541481	0.732436	-0.230577	-0.156600	11.918903
-0.809123	-1.014287	1.420722	0.317940	-0.416665	0.685015	-0.222747	-0.152107	11.919579
-2.130544	0.072242	0.536891	0.137880	-0.275969	0.632581	-0.214341	-0.147444	11.920260
-1.177493	0.094666	0.520304	0.134914	-0.273900	0.631806	-0.214218	-0.147377	11.920269
-0.822919	0.117286	0.503625	0.131933	-0.271826	0.631029	-0.214095	-0.147309	11.920279
2.238616	1.458407	-0.560963	-0.070669	-0.137907	0.579996	-0.206104	-0.142993	11.920893
-2.292808	1.094681	-1.292739	-0.283207	-0.001811	0.525427	-0.197715	-0.138550	11.921512
2.266577	-1.785393	-1.298496	-0.500890	0.147698	0.460131	-0.187843	-0.133410	11.922214
-2.120795	-0.477168	-0.299270	-0.661370	0.286795	0.390964	-0.177545	-0.128125	11.922921
0.415133	-0.403892	-0.274725	-0.663727	0.289353	0.389581	-0.177340	-0.128021	11.922934
2.112361	-0.329692	-0.250169	-0.666047	0.291900	0.388199	-0.177136	-0.127917	11.922948
-1.868288	1.780318	0.791432	-0.733880	0.400927	0.323290	-0.167599	-0.123074	11.923585
1.564233	-1.618083	1.296651	-0.713473	0.491671	0.255782	-0.157786	-0.118126	11.924226
0.817631	-1.359105	1.267188	-0.573216	0.570184	0.177413	-0.146511	-0.112470	11.924949
-0.917358	1.034749	0.848563	-0.325412	0.623860	0.096353	-0.134967	-0.106694	11.925678
-0.082504	1.039164	0.845477	-0.323722	0.624100	0.095871	-0.134899	-0.106660	11.925682
0.273854	1.043370	0.842386	-0.322029	0.624339	0.095389	-0.134830	-0.106626	11.925686
0.746337	0.134871	0.317073	-0.047612	0.650468	0.021940	-0.124482	-0.101451	11.926332
-0.700531	-0.715205	-0.379149	0.245534	0.656869	-0.053406	-0.113987	-0.096195	11.926983
1.133771	0.750545	-1.282706	0.571386	0.638596	-0.144144	-0.101487	-0.089914	11.927754
1.191365	-0.653091	-1.509319	0.827541	0.591228	-0.236172	-0.088868	-0.083534	11.928531
-0.120816	-0.657816	-1.509019	0.828013	0.591083	-0.236386	-0.088839	-0.083520	11.928533
-1.193596	-0.662595	-1.508711	0.828491	0.590937	-0.236602	-0.088809	-0.083505	11.928535
1.667038	-1.175996	-1.227433	0.958427	0.526740	-0.314890	-0.078036	-0.078018	11.929200
-2.182239	1.381585	-0.793335	1.005861	0.440173	-0.392586	-0.067237	-0.072471	11.929869
-0.125000	0.591569	-0.386739	0.961135	0.315475	-0.480553	-0.054788	-0.066005	11.930647
2.806898	-1.532284	0.123977	0.808448	0.172279	-0.565735	-0.042385	-0.059473	11.931430
0.899941	-1.544634	0.135811	0.804811	0.169672	-0.567191	-0.042169	-0.059359	11.931444
-2.804005	-1.555246	0.147780	0.801140	0.167062	-0.568645	-0.041953	-0.059244	11.931458
2.555836	-0.498195	0.844739	0.575294	0.034682	-0.639499	-0.031241	-0.053514	11.932144
0.867313	0.727044	1.442942	0.264262	-0.098101	-0.706709	-0.020625	-0.047745	11.932835
-0.005313	1.113794	1.477353	-0.169611	-0.239015	-0.776483	-0.008938	-0.041273	11.933611
-1.035076	0.062683	0.587127	-0.619102	-0.364114	-0.839879	0.002554	-0.034765	11.934393
0.043470	-0.071984	0.515647	-0.644449	-0.370959	-0.843475	0.003240	-0.034372	11.934440
1.001884	-0.205734	0.443266	-0.669467	-0.377717	-0.847045	0.003925	-0.033979	11.934487
-0.914528	-0.760076	-0.601009	-0.983149	-0.465515	-0.896357	0.013906	-0.028174	11.935187
1.065854	0.770310	-1.230600	-1.143253	-0.527245	-0.939103	0.023673	-0.022352	11.935890
1.319019	0.879115	-0.894817	-1.068074	-0.560476	-0.979136	0.034566	-0.015664	11.936702
-1.595390	-1.197525	0.541968	-0.737805	-0.556349	-1.008591	0.045100	-0.008967	11.937520
1.088209	-1.180936	0.579414	-0.723387	-0.555648	-1.009353	0.045433	-0.008750	11.937547
1.609579	-1.154801	0.615109	-0.708765	-0.554915	-1.010101	0.045766	-0.008534	11.937573
0.204968	1.334837	0.942048	-0.237706	-0.522954	-1.025618	0.054582	-0.002706	11.938290
-1.763577	1.854957	0.198219	0.336443	-0.469213	-1.032083	0.063066	0.003119	11.939011
1.682376	-1.954148	-0.835921	0.911857	-0.385448	-1.028559	0.072213	0.009682	11.939830
-1.503657	0.589530	-0.379395	1.201097	-0.280444	-1.013675	0.080894	0.016229	11.940655
1.489450	0.986069	-0.314917	1.208016	-0.273176	-1.012356	0.081426	0.016642	11.940708
-1.474924	1.355887	-0.248809	1.213559	-0.265842	-1.010993	0.081956	0.017054	11.940760
-1.236341	1.376586	0.610610	1.144499	-0.156326	-0.987140	0.089197	0.022836	11.941497
1.008908	-0.947815	0.741739	0.808755	-0.038181	-0.954546	0.096050	0.028594	11.942238
-0.637396	-0.337634	0.036918	0.195151	0.099462	-0.906599	0.103411	0.035152	11.943093
-0.718697	0.231497	-0.600245	-0.457801	0.229985	-0.847424	0.110240	0.041666	11.943953
0.719520	0.001990	-0.598974	-0.477862	0.234162	-0.845225	0.110462	0.041886	11.943982
-0.720596	-0.223850	-0.595511	-0.497678	0.238315	-0.843014	0.110683	0.042106	11.944011
0.828526	0.222957	-0.056992	-0.931747	0.337935	-0.781123	0.116206	0.047790	11.944774
-1.056014	-0.281533	0.413860	-1.208899	0.416867	-0.710730	0.121298	0.053430	11.945540
1.390338	0.020091	0.385528	-1.332697	0.472556	-0.621990	0.126473	0.059682	11.946404
0.845020	0.379176	0.031303	-1.277751	0.488216	-0.522831	0.131084	0.065866	11.947273
-1.758576	0.356390	0.013969	-1.272009	0.487999	-0.518048	0.131281	0.066147	11.947313
0.549971	0.327822	-0.003147	-1.266044	0.487704	-0.513240	0.131477	0.066428	11.947353
2.050342	-0.472729	-0.223349	-1.115981	0.466549	-0.413682	0.135116	0.071971	11.948148
-2.244664	0.437068	-0.076786	-0.938105	0.419426	-0.307136	0.138269	0.077447	11.948948
2.331626	0.850594	0.257725	-0.694656	0.343235	-0.183637	0.141167	0.083390	11.949834
-2.273546	-1.128921	0.366013	-0.363288	0.247792	-0.055705	0.143451	0.089238	11.950726
-1.904462	-1.153887	0.357819	-0.342071	0.242199	-0.048692	0.143557	0.089552	11.950775
-0.714032	-1.160956	0.347788	-0.320489	0.236570	-0.041673	0.143661	0.089865	11.950823
2.084584	-0.063321	-0.023205	0.077197	0.140125	0.073833	0.145103	0.094957	11.951620
-1.451043	0.514414	-0.526324	0.525405	0.039012	0.189082	0.146043	0.099964	11.952421
-1.496548	1.715606	-0.757250	1.015775	-0.076281	0.318366	0.146492	0.105589	11.953345
0.282459	-1.015904	-0.208409	1.397295	-0.183974	0.442005	0.146257	0.111090	11.954275
1.141089	-1.333031	-0.165779	1.410435	-0.188589	0.447468	0.146230	0.111338	11.954317
-1.126472	-1.636410	-0.121848	1.423109	-0.193170	0.452910	0.146201	0.111585	11.954360
0.594300	-1.425633	0.775587	1.562298	-0.272177	0.551097	0.145396	0.116160	11.955158
0.685330	1.165867	1.147700	1.469174	-0.336488	0.641854	0.144076	0.120634	11.955960
-0.555404	-0.844449	0.134932	1.021184	-0.391321	0.737256	0.141859	0.125747	11.956906
0.561704	-0.782544	-1.251259	0.337148	-0.422698	0.819146	0.138906	0.130712	11.957859
-0.566159	-0.774471	-1.295608	0.301758	-0.423590	0.822678	0.138747	0.130944	11.957904
0.571046	-0.760992	-1.336470	0.266251	-0.424427	0.826176	0.138586	0.131176	11.957950
-0.745371	0.523749	-1.288491	-0.404658	-0.429939	0.886088	0.135225	0.135497	11.958812
1.058262	-0.614084	0.248383	-0.994734	-0.415849	0.933795	0.131243	0.139690	11.959680
-1.500821	0.874682	1.443885	-1.434391	-0.378599	0.971350	0.126228	0.144075	11.960624
1.971648	-0.421983	1.137220	-1.590526	-0.318514	0.994006	0.120461	0.148301	11.961573
-0.979176	-0.540926	1.091864	-1.591371	-0.314839	0.994756	0.120146	0.148512	11.961622
-2.017642	-0.656172	1.044637	-1.591591	-0.311102	0.995467	0.119830	0.148723	11.961671
0.191237	-1.670604	0.031657	-1.495849	-0.233759	1.001415	0.113700	0.152496	11.962560
2.737499	-1.566411	-0.795661	-1.245793	-0.142946	0.993862	0.106904	0.156124	11.963455
2.135907	-0.837535	-1.260698	-0.866897	-0.037902	0.970600	0.098993	0.159827	11.964413
-2.139898	1.164341	-1.403241	-0.428653	0.068894	0.931238	0.090462	0.163361	11.965378
-3.301526	1.332535	-1.405480	-0.394370	0.076851	0.927592	0.089793	0.163622	11.965451
3.317870	1.497942	-1.406886	-0.360032	0.084772	0.923853	0.089121	0.163881	11.965524
-2.291736	2.926494	-1.385895	0.055170	0.176871	0.871043	0.080764	0.166940	11.966413
-3.579563	2.450495	-1.344113	0.451235	0.258360	0.804030	0.072019	0.169851	11.967306
-0.601680	-0.825123	-1.169003	0.839658	0.330384	0.711670	0.061814	0.172939	11.968314
3.396836	-2.890433	-0.688326	1.132045	0.373493	0.601806	0.051277	0.175834	11.969329
3.130075	-2.881675	-0.672606	1.137232	0.374057	0.599140	0.051036	0.175897	11.969352
2.381264	-2.869692	-0.656669	1.142343	0.374601	0.596470	0.050796	0.175960	11.969375
-3.112073	-0.561914	0.107585	1.286502	0.378646	0.482454	0.040999	0.178411	11.970302
-2.262570	2.231775	0.817333	1.287171	0.344845	0.358053	0.031062	0.180697	11.971234
-1.916991	2.302875	1.072297	1.082330	0.270853	0.212288	0.020009	0.183024	11.972269
2.212411	-0.685165	0.590687	0.682236	0.169835	0.061551	0.008944	0.185143	11.973310
0.122457	-0.819482	0.565496	0.666753	0.166186	0.056550	0.008580	0.185209	11.973344
-2.206139	-0.953970	0.539885	0.651165	0.162521	0.051549	0.008217	0.185275	11.973379
2.187283	-2.187407	-0.252300	0.204654	0.058888	-0.083472	-0.001570	0.186971	11.974311
-2.155206	2.363582	-0.849754	-0.236956	-0.047796	-0.216110	-0.011237	0.188495	11.975248
1.956030	-2.744945	-0.375497	-0.641797	-0.163052	-0.361506	-0.022094	0.190030	11.976329
-1.499729	2.381746	0.437976	-0.853685	-0.258754	-0.495672	-0.032627	0.191332	11.977415
1.495706	2.615243	0.442481	-0.854302	-0.259337	-0.496578	-0.032701	0.191341	11.977423
-1.491688	2.847745	0.446953	-0.854905	-0.259917	-0.497484	-0.032775	0.191349	11.977431
-1.467114	3.590630	0.643520	-0.813046	-0.317356	-0.601271	-0.041582	0.192286	11.978380
0.898007	3.589786	0.042192	-0.536494	-0.346115	-0.690456	-0.050020	0.193043	11.979334
0.541682	-3.963646	-0.579706	-0.054657	-0.344310	-0.772879	-0.059392	0.193699	11.980461
-0.709488	0.248870	-0.015928	0.393315	-0.305954	-0.827843	-0.068078	0.194098	11.981596
0.709724	0.738934	-0.012034	0.394934	-0.305704	-0.828023	-0.068115	0.194099	11.981601
0.334234	1.228551	-0.008140	0.396549	-0.305452	-0.828203	-0.068151	0.194101	11.981606
-0.820681	3.546327	0.610984	0.615201	-0.240102	-0.853839	-0.075132	0.194234	11.982608
1.014691	-3.148181	0.392379	0.582082	-0.144322	-0.859806	-0.081447	0.194163	11.983615
0.333773	-1.020912	-0.574432	0.316988	-0.009272	-0.844878	-0.087647	0.193840	11.984745
0.006025	1.264322	-0.895553	-0.055838	0.132083	-0.808895	-0.092955	0.193256	11.985882
-1.434091	1.746255	-0.894338	-0.056673	0.132380	-0.808794	-0.092966	0.193254	11.985884
1.434452	2.227882	-0.893113	-0.057508	0.132677	-0.808693	-0.092976	0.193253	11.985887
-1.522733	-1.957729	0.184207	-0.369346	0.241896	-0.760063	-0.096976	0.192505	11.986908
1.387586	0.806599	1.279363	-0.569532	0.314634	-0.697272	-0.100286	0.191543	11.987934
-0.936064	1.662234	1.446016	-0.566438	0.335579	-0.613693	-0.103136	0.190238	11.989065
0.372207	1.205711	0.140447	-0.292926	0.301223	-0.516222	-0.105187	0.188669	11.990202
-0.360839	1.130346	0.101094	-0.283934	0.299822	-0.513733	-0.105226	0.188629	11.990229
0.349701	1.047456	0.061737	-0.274861	0.298396	-0.511237	-0.105265	0.188588	11.990256
0.143074	-1.263636	-1.181154	0.107609	0.227981	-0.411855	-0.106412	0.186923	11.991292
-0.209376	0.938549	-1.621868	0.483525	0.132549	-0.304848	-0.106925	0.185034	11.992332
0.600989	-0.578299	-2.252412	0.742624	0.013070	-0.183511	-0.106781	0.182739	11.993462
-1.105576	0.454284	-1.083842	0.727062	-0.110610	-0.059580	-0.105924	0.180178	11.994597
1.127489	-0.009645	-0.930162	0.718955	-0.116383	-0.053672	-0.105866	0.180049	11.994652
-0.964826	-0.465111	-0.767294	0.710193	-0.122129	-0.047772	-0.105806	0.179920	11.994706
-1.478677	0.771412	2.395339	0.406907	-0.227821	0.066305	-0.104315	0.177262	11.995772
-0.229754	-0.938178	1.549403	-0.105810	-0.312840	0.175230	-0.102238	0.174376	11.996843
1.714333	-1.808485	-1.385009	-0.693141	-0.369364	0.285485	-0.099288	0.170935	11.998030
-1.724545	2.149201	-2.030625	-1.019015	-0.372452	0.381123	-0.095677	0.167235	11.999223
-1.495873	2.158339	-2.029141	-1.019297	-0.372368	0.381377	-0.095665	0.167223	11.999226
1.724644	2.167516	-2.027627	-1.019578	-0.372283	0.381633	-0.095654	0.167212	11.999230
-1.764387	1.877040	-0.889182	-0.897922	-0.319888	0.453755	-0.091785	0.163600	12.000327
1.861831	-2.266862	0.949314	-0.458015	-0.225385	0.511697	-0.087408	0.159787	12.001429
-1.841209	2.156320	1.290637	0.211275	-0.091963	0.560198	-0.082091	0.155416	12.002634
-2.242248	0.682217	0.043362	0.875720	0.054703	0.595159	-0.076225	0.150825	12.003844
2.243782	0.509453	0.033400	0.879572	0.055698	0.595353	-0.076184	0.150794	12.003852
-2.245324	0.336091	0.023406	0.883429	0.056697	0.595548	-0.076142	0.150762	12.003860
2.441210	-1.859688	-0.926376	1.230590	0.180049	0.616146	-0.070610	0.146595	12.004917
-1.419808	1.701274	-0.726315	1.208302	0.286907	0.628922	-0.064703	0.142276	12.005977
-2.754269	0.640310	0.153385	0.826402	0.379621	0.635388	-0.057505	0.137153	12.007196
-2.220115	-0.769250	0.953844	0.240194	0.439474	0.634752	-0.049870	0.131850	12.008419
-1.678772	-1.272822	1.024710	-0.372393	0.466967	0.628742	-0.041906	0.126429	12.009635
2.493122	-0.500031	-0.039481	-0.892604	0.463705	0.618702	-0.033579	0.120850	12.010856
-2.482287	-0.361637	-0.093193	-0.907719	0.463065	0.618294	-0.033287	0.120656	12.010898
2.471248	-0.218328	-0.147753	-0.922629	0.462389	0.617882	-0.032995	0.120462	12.010940
-2.151008	1.336514	-1.411394	-1.221556	0.433250	0.605927	-0.025316	0.115377	12.012027
1.857833	-1.469987	-1.248295	-1.328926	0.382407	0.591676	-0.017421	0.110183	12.013118
-1.670114	1.640077	0.615133	-1.240130	0.298608	0.572757	-0.008049	0.104043	12.014386
1.689648	1.584309	1.993460	-1.013302	0.192963	0.551750	0.001522	0.097775	12.015657
0.304382	1.514270	2.009805	-1.007568	0.190446	0.551270	0.001734	0.097636	12.015685
0.119117	1.441640	2.025502	-1.001818	0.187921	0.550788	0.001946	0.097497	12.015713
-1.863710	-1.774691	2.211806	-0.775458	0.083175	0.531286	0.010357	0.091976	12.016817
2.106626	-1.481064	1.711704	-0.581234	-0.028942	0.510981	0.018846	0.086374	12.017924
-2.373499	1.350005	0.211663	-0.393803	-0.159811	0.487417	0.028531	0.079934	12.019183
-2.012687	1.554078	-1.460640	-0.215240	-0.288836	0.463768	0.038229	0.073409	12.020446
2.516059	1.282765	-1.531242	-0.206404	-0.294894	0.462636	0.038696	0.073093	12.020507
-2.517046	0.997484	-1.600234	-0.197529	-0.300929	0.461506	0.039161	0.072777	12.020568
2.439678	-1.524908	-2.411441	-0.020122	-0.409079	0.440719	0.047819	0.066864	12.021703
-2.222901	1.586121	-1.792173	0.187748	-0.506121	0.420669	0.056414	0.060899	12.022841
1.891881	-0.729099	0.446094	0.446452	-0.596783	0.399404	0.065985	0.054124	12.024127
-1.561474	-1.915874	2.150487	0.709954	-0.661634	0.380056	0.075385	0.047303	12.025416
1.556218	-1.582210	2.166308	0.714540	-0.662514	0.379733	0.075550	0.047182	12.025439
-1.550994	-1.246220	2.181509	0.719121	-0.663384	0.379411	0.075714	0.047061	12.025462
-1.527969	2.016866	2.075900	0.931115	-0.693066	0.364346	0.083824	0.041010	12.026603
1.205679	-0.930552	0.355838	1.079924	-0.692875	0.351049	0.091730	0.034939	12.027747
0.796390	-1.886629	-1.710025	1.127387	-0.649681	0.337570	0.100476	0.027982	12.029057
-1.284760	1.116173	-1.871218	1.001367	-0.556577	0.325350	0.108863	0.021019	12.030371
-1.195226	1.139488	-1.863211	0.999122	-0.555419	0.325232	0.108945	0.020950	12.030384
1.288328	1.162197	-1.855070	0.996863	-0.554260	0.325115	0.109026	0.020881	12.030397
-1.492274	1.316354	-0.624630	0.727520	-0.436578	0.314910	0.116074	0.014747	12.031558
1.745406	-0.446126	1.001525	0.364623	-0.294403	0.304784	0.122770	0.008624	12.032721
-1.030292	-0.638812	1.844439	-0.071151	-0.116492	0.293077	0.129779	0.001819	12.034020
-2.254111	0.325290	1.241899	-0.462280	0.071497	0.280372	0.136262	-0.004954	12.035322
-1.624007	0.352789	1.190226	-0.477502	0.079723	0.279788	0.136531	-0.005247	12.035379
-0.271552	0.377342	1.137040	-0.492543	0.087942	0.279203	0.136798	-0.005540	12.035435
2.386290	0.318543	-0.153582	-0.758362	0.254440	0.266455	0.142038	-0.011524	12.036595
1.770969	-0.339836	-1.368379	-0.926296	0.412128	0.252015	0.146789	-0.017467	12.037757
-2.329567	-0.160238	-1.972673	-0.968175	0.570561	0.233249	0.151508	-0.024094	12.039067
2.141433	0.859324	-1.718551	-0.839119	0.703892	0.211250	0.155525	-0.030653	12.040378
-2.133462	0.795617	-1.698433	-0.832163	0.707914	0.210444	0.155648	-0.030874	12.040423
0.062993	0.722447	-1.677762	-0.825059	0.711903	0.209633	0.155770	-0.031094	12.040467
1.902947	-1.224412	-1.151008	-0.594323	0.803824	0.186866	0.158645	-0.036807	12.041625
-1.726962	1.539760	-1.096141	-0.300752	0.870792	0.160716	0.160907	-0.042455	12.042784
1.691293	-1.765850	-0.980080	0.063765	0.913606	0.126300	0.162696	-0.048803	12.044107
-1.916265	-0.629129	0.108912	0.408692	0.917087	0.086661	0.163607	-0.055054	12.045431
0.551891	-0.525868	0.161048	0.420457	0.916394	0.085092	0.163623	-0.055285	12.045481
1.945140	-0.424847	0.213412	0.432117	0.915639	0.083516	0.163638	-0.055516	12.045530
-1.310842	1.045231	1.362029	0.670336	0.879123	0.044660	0.163617	-0.060930	12.046698
-3.418507	1.402435	1.775879	0.811654	0.804210	0.003351	0.162851	-0.066263	12.047868
-3.518846	1.013930	0.765678	0.823870	0.670655	-0.045314	0.161046	-0.072213	12.049197
1.546329	-0.536605	-0.720919	0.704627	0.493939	-0.094574	0.158209	-0.078054	12.050528
2.825197	-0.554291	-0.768389	0.697712	0.486177	-0.096530	0.158074	-0.078284	12.050581
3.855549	-0.564446	-0.814047	0.690658	0.478373	-0.098483	0.157937	-0.078514	12.050634
-3.780614	0.279131	-1.377104	0.501912	0.294059	-0.141398	0.154455	-0.083584	12.051813
3.358548	-0.199175	-1.333077	0.268541	0.095175	-0.182681	0.150102	-0.088564	12.052993
-2.581516	0.481972	-1.116326	-0.028231	-0.136843	-0.226318	0.144080	-0.094099	12.054333
1.777743	0.060070	-0.051644	-0.325312	-0.363520	-0.265267	0.136864	-0.099514	12.055674
-1.764877	-0.600317	-0.027062	-0.330513	-0.367674	-0.265950	0.136716	-0.099615	12.055699
1.752156	-1.259457	-0.002484	-0.335690	-0.371821	-0.266631	0.136567	-0.099717	12.055725
1.714251	-1.885333	0.841729	-0.535937	-0.552194	-0.295146	0.129325	-0.104278	12.056880
-1.157735	2.615305	0.471605	-0.644076	-0.710575	-0.318244	0.121140	-0.108748	12.058037
1.411154	-3.331940	-0.740412	-0.657258	-0.859870	-0.337544	0.110062	-0.113977	12.059423
1.460922	-0.470439	-0.392434	-0.566010	-0.954124	-0.346297	0.097552	-0.119068	12.060811
-1.466260	0.044505	-0.374636	-0.563596	-0.955283	-0.346348	0.097316	-0.119158	12.060835
1.471619	0.558305	-0.356637	-0.561157	-0.956424	-0.346395	0.097079	-0.119247	12.060860
-1.738245	3.992675	0.521396	-0.420804	-0.990152	-0.344119	0.085402	-0.123408	12.062025
1.852526	-3.268431	0.899125	-0.238400	-0.987457	-0.332609	0.072696	-0.127467	12.063190
2.337086	-3.974388	0.463789	0.008317	-0.942132	-0.307552	0.056566	-0.132101	12.064559
2.376047	1.569095	-0.674675	0.248627	-0.854986	-0.271502	0.039273	-0.136590	12.065927
0.174663	1.765219	-0.717088	0.256958	-0.850916	-0.269946	0.038597	-0.136758	12.065979
-2.378339	1.953182	-0.758749	0.265216	-0.846788	-0.268375	0.037921	-0.136925	12.066031
-2.308270	3.715148	-1.319742	0.423467	-0.740638	-0.230003	0.022424	-0.140605	12.067191
-0.718593	1.516331	-0.839588	0.515747	-0.609568	-0.186178	0.006325	-0.144179	12.068351
2.041520	-3.559681	0.409115	0.532071	-0.430492	-0.130297	-0.012849	-0.148164	12.069689
-1.915837	-1.900716	1.469818	0.449819	-0.225510	-0.070243	-0.032533	-0.152003	12.071027
1.912746	-1.339029	1.502278	0.444000	-0.216096	-0.067556	-0.033400	-0.152167	12.071085
-1.443732	-0.771272	1.533271	0.437995	-0.206647	-0.064865	-0.034268	-0.152330	12.071144
-1.882972	3.534176	1.783596	0.276509	-0.008722	-0.009276	-0.052057	-0.155601	12.072331
-1.962807	2.732277	1.216358	0.051351	0.192884	0.047040	-0.070005	-0.158752	12.073518
-1.821168	1.691335	-0.020918	-0.228565	0.414031	0.110895	-0.090598	-0.162210	12.074876
-0.441462	0.458510	-1.248009	-0.457026	0.606467	0.172474	-0.111091	-0.165508	12.076235
2.203674	0.359518	-1.282117	-0.463082	0.612401	0.174538	-0.111795	-0.165619	12.076281
-2.207232	0.254710	-1.315391	-0.468984	0.618283	0.176597	-0.112498	-0.165730	12.076328
1.038721	-2.939583	-1.797306	-0.558182	0.747640	0.226888	-0.130172	-0.168468	12.077515
2.312883	-3.082047	-1.413352	-0.513050	0.835111	0.272889	-0.147529	-0.171079	12.078701
-2.307824	2.762135	-0.261132	-0.330971	0.885258	0.318549	-0.166752	-0.173895	12.080050
0.048868	-0.551295	0.890058	-0.066041	0.887470	0.355471	-0.185262	-0.176542	12.081398
2.253534	-0.874545	0.915790	-0.058136	0.886899	0.356348	-0.185760	-0.176612	12.081435
-2.251395	-1.189619	0.941063	-0.050213	0.886296	0.357217	-0.186258	-0.176683	12.081472
2.167211	-2.025848	1.441690	0.204008	0.850326	0.380801	-0.201740	-0.178857	12.082655
-1.295028	-1.899049	1.140449	0.436977	0.783202	0.396562	-0.216434	-0.180898	12.083837
-1.938317	1.572968	-0.096537	0.639989	0.671634	0.405265	-0.232035	-0.183051	12.085179
1.031767	-0.736393	-1.055135	0.739830	0.526339	0.404578	-0.246412	-0.185028	12.086519
1.826875	-1.146946	-1.074927	0.741021	0.520172	0.404370	-0.246942	-0.185101	12.086571
-1.823404	-1.541450	-1.093151	0.741991	0.513969	0.404148	-0.247469	-0.185173	12.086622
1.758988	-0.322791	-1.130271	0.697383	0.363021	0.395477	-0.259055	-0.186761	12.087807
-1.719028	1.765776	-0.688387	0.517384	0.200315	0.380153	-0.269641	-0.188206	12.088991
-1.718847	0.835677	-0.064931	0.207222	0.014347	0.355705	-0.280215	-0.189644	12.090305
-1.076767	-0.057722	0.524939	-0.147613	-0.167637	0.323864	-0.289515	-0.190902	12.091619
1.613575	-0.113324	0.550659	-0.164564	-0.176136	0.322151	-0.289931	-0.190958	12.091682
1.673475	-0.171130	0.576044	-0.181444	-0.184601	0.320422	-0.290343	-0.191013	12.091745
1.492490	-1.458697	0.978514	-0.478106	-0.335471	0.285179	-0.297503	-0.191975	12.092927
1.076021	-2.407821	1.208329	-0.720035	-0.467301	0.244639	-0.303595	-0.192787	12.094108
0.643686	-1.384306	1.208488	-0.902261	-0.581844	0.194295	-0.309047	-0.193506	12.095406
-1.445276	0.884661	0.893433	-0.993565	-0.655214	0.138346	-0.313169	-0.194038	12.096703
1.435891	1.041993	0.857673	-0.996621	-0.658615	0.134164	-0.313411	-0.194069	12.096795
-1.426263	1.199314	0.820060	-0.999222	-0.661754	0.129957	-0.313646	-0.194099	12.096887
1.296614	2.419494	0.174846	-0.991307	-0.679308	0.074538	-0.316027	-0.194394	12.098053
-1.196235	-0.222439	-0.726148	-0.900832	-0.658452	0.015389	-0.317298	-0.194534	12.099217
1.186425	-2.213262	-1.563541	-0.688258	-0.596660	-0.054011	-0.317385	-0.194508	12.100515
-1.344699	1.540377	-1.711599	-0.352093	-0.502598	-0.125431	-0.316041	-0.194292	12.101812
0.544225	1.656186	-1.700434	-0.335199	-0.497936	-0.128540	-0.315950	-0.194279	12.101868
1.367943	1.758443	-1.687824	-0.318128	-0.493227	-0.131653	-0.315856	-0.194265	12.101924
-1.689298	1.996613	-1.094097	0.065729	-0.385946	-0.196733	-0.313266	-0.193894	12.103097
0.109924	1.362893	0.037204	0.460610	-0.266400	-0.260895	-0.309458	-0.193375	12.104269
2.458205	-0.238852	1.345239	0.841076	-0.127253	-0.329585	-0.303784	-0.192629	12.105567
0.657439	-1.910702	1.859445	1.084191	0.010241	-0.394115	-0.296559	-0.191708	12.106862
-2.644853	-1.835704	1.842481	1.092415	0.017984	-0.397699	-0.296092	-0.191649	12.106937
2.645493	-1.729744	1.819382	1.099914	0.025690	-0.401263	-0.295619	-0.191590	12.107013
-1.436208	1.251716	0.906951	1.129937	0.133948	-0.451344	-0.288023	-0.190649	12.108120
-2.294982	1.947954	-0.557707	1.020397	0.228996	-0.496074	-0.279250	-0.189586	12.109226
0.896717	-1.937701	-1.784051	0.722538	0.323424	-0.541461	-0.267086	-0.188147	12.110557
1.799292	0.578982	-1.341397	0.278284	0.393929	-0.575861	-0.253157	-0.186540	12.111886
-1.798242	1.037267	-1.295536	0.258143	0.396279	-0.577011	-0.252548	-0.186470	12.111940
1.797752	1.481343	-1.248291	0.237927	0.398584	-0.578139	-0.251937	-0.186401	12.111994
-1.888101	1.753091	-0.063344	-0.202096	0.437114	-0.596854	-0.238170	-0.184851	12.113153
-0.920920	0.001035	0.985039	-0.612844	0.454405	-0.604562	-0.223018	-0.183180	12.114310
2.247131	-0.799414	1.573305	-0.956236	0.447218	-0.598976	-0.204326	-0.181157	12.115610
0.512386	-1.200236	1.211812	-1.101021	0.412071	-0.578644	-0.184021	-0.178989	12.116908
-2.250716	-1.172285	1.195096	-1.101775	0.411192	-0.578151	-0.183644	-0.178949	12.116931
-0.707200	-1.142239	1.177974	-1.102468	0.410303	-0.577653	-0.183266	-0.178909	12.116954
2.052233	1.032343	0.034419	-1.061262	0.354839	-0.547026	-0.163678	-0.176834	12.118120
-1.718316	0.058212	-1.012355	-0.885188	0.280618	-0.506269	-0.142991	-0.174648	12.119284
0.276767	-0.883422	-1.408691	-0.571087	0.185865	-0.452432	-0.119599	-0.172174	12.120534
0.852919	-0.358364	-0.750971	-0.163795	0.082854	-0.389736	-0.095166	-0.169581	12.121782
0.987342	-0.242604	-0.673604	-0.131649	0.075097	-0.384781	-0.093318	-0.169384	12.121874
-0.446984	-0.116316	-0.593976	-0.099384	0.067337	-0.379786	-0.091465	-0.169187	12.121966
-0.883912	1.166042	0.442816	0.295488	-0.027136	-0.315338	-0.068288	-0.166708	12.123100
0.014842	0.703267	1.202014	0.648184	-0.115998	-0.246090	-0.044453	-0.164137	12.124232
1.261621	-1.839976	1.228398	0.932813	-0.203269	-0.162896	-0.016656	-0.161104	12.125517
-0.288602	-0.432814	0.237959	1.054553	-0.268078	-0.076563	0.011740	-0.157961	12.126798
-1.611788	-0.422977	0.234549	1.054674	-0.268220	-0.076319	0.011820	-0.157952	12.126802
1.612719	-0.413116	0.231139	1.054794	-0.268361	-0.076076	0.011900	-0.157943	12.126805
-1.501055	2.626595	-0.710945	1.041186	-0.301101	0.000077	0.036908	-0.155130	12.127914
-2.041288	2.426740	-1.044585	0.943785	-0.312537	0.076284	0.062177	-0.152240	12.129021
2.133940	-0.607587	-0.694812	0.755511	-0.301816	0.164587	0.092087	-0.148750	12.130318
2.128726	-3.071211	0.185912	0.514668	-0.269251	0.250614	0.122096	-0.145163	12.131612
-2.013618	2.805883	0.939053	0.261703	-0.222412	0.329277	0.150497	-0.141679	12.132835
1.862375	0.560807	0.359452	0.001237	-0.164022	0.404427	0.178738	-0.138115	12.134055
-1.860602	0.107744	0.347835	-0.001588	-0.163355	0.405203	0.179036	-0.138077	12.134068
0.038950	-0.343010	0.336189	-0.004405	-0.162688	0.405977	0.179334	-0.138039	12.134080
1.680694	-1.819917	-0.801064	-0.275195	-0.098028	0.475326	0.206689	-0.134479	12.135271
1.015083	-1.347605	-1.190165	-0.575453	-0.029829	0.539940	0.233658	-0.130852	12.136458
-1.457119	-1.271470	-1.186311	-0.578142	-0.029251	0.540461	0.233883	-0.130821	12.136468
1.455020	-1.194368	-1.182306	-0.580833	-0.028673	0.540982	0.234108	-0.130790	12.136478
-1.213575	1.118125	0.042132	-0.880933	0.035608	0.596933	0.259101	-0.127307	12.137596
1.037365	-1.135043	1.553693	-1.094817	0.096615	0.647494	0.283553	-0.123771	12.138710
-1.020376	1.459718	0.528678	-1.110188	0.158397	0.697695	0.310564	-0.119691	12.139974
1.253052	0.288759	-1.654994	-0.871442	0.209664	0.739377	0.336613	-0.115553	12.141233
-1.253980	0.166218	-1.659529	-0.870514	0.209781	0.739472	0.336679	-0.115542	12.141237
0.068596	0.043711	-1.664051	-0.869584	0.209898	0.739568	0.336744	-0.115531	12.141240
1.637462	-2.361493	-2.167060	-0.459059	0.245037	0.768602	0.358843	-0.111829	12.142349
-2.213148	2.268401	-0.102625	0.096146	0.269589	0.789763	0.379982	-0.108087	12.143456
-2.278145	2.633906	2.304116	0.685164	0.283146	0.803319	0.402149	-0.103903	12.144677
-0.737082	-2.348905	1.648476	1.046091	0.280869	0.805891	0.422893	-0.099680	12.145894
2.173552	-2.107825	1.603182	1.051026	0.280631	0.805825	0.423322	-0.099589	12.145920
-0.190266	-1.856897	1.556831	1.055855	0.280385	0.805753	0.423751	-0.099497	12.145946
-1.532661	1.948096	-0.646978	1.159062	0.262996	0.798609	0.440545	-0.095780	12.147005
0.293169	-1.624991	-2.037785	1.092925	0.230576	0.783578	0.456124	-0.092040	12.148061
-0.366363	1.486232	-1.264838	0.406171	0.106676	0.719705	0.488136	-0.083111	12.150548
-0.558747	-1.602466	1.260625	-0.530880	-0.054193	0.621597	0.513482	-0.074108	12.153016
0.833103	-2.261683	1.275314	-0.552992	-0.059033	0.618317	0.514119	-0.073847	12.153087
0.585493	-2.113587	1.283864	-0.574530	-0.063869	0.615017	0.514750	-0.073586	12.153158
-1.238271	-1.715083	1.285741	-0.584032	-0.066045	0.613524	0.515032	-0.073468	12.153190
0.090482	-1.117064	1.286421	-0.593415	-0.068220	0.612028	0.515313	-0.073351	12.153222
1.685529	0.915124	1.282543	-0.617812	-0.074008	0.608021	0.516055	-0.073038	12.153307
-3.368133	2.661955	1.270690	-0.641385	-0.079794	0.603981	0.516790	-0.072725	12.153392
-4.444753	3.746028	0.819575	-0.829959	-0.135410	0.563172	0.523527	-0.069686	12.154217
-3.478525	4.271652	0.019503	-0.955720	-0.189081	0.519648	0.529547	-0.066645	12.155040
-3.015121	4.283798	-0.955809	-1.053216	-0.257894	0.455092	0.536744	-0.062417	12.156180
7.073508	-5.128197	-1.114880	-1.095696	-0.316557	0.386489	0.542596	-0.058192	12.157317
-5.029269	5.676444	-0.283795	-1.115802	-0.362925	0.311352	0.547292	-0.053792	12.158498
2.250193	-0.520668	0.407482	-1.117765	-0.389976	0.233368	0.550574	-0.049405	12.159674
-2.243851	-1.054270	0.408917	-1.117746	-0.390018	0.233156	0.550581	-0.049394	12.159677
2.237524	-1.587532	0.410351	-1.117726	-0.390061	0.232945	0.550588	-0.049382	12.159680
2.220857	-4.826209	0.848626	-1.103046	-0.394959	0.161266	0.552343	-0.045464	12.160730
-0.631660	-0.844070	1.295109	-1.069283	-0.381876	0.088509	0.553002	-0.041565	12.161776
0.853602	-0.405062	1.739455	-1.000518	-0.346285	0.003978	0.552424	-0.037093	12.162978
-0.446552	0.973109	1.938108	-0.891914	-0.291720	-0.080483	0.550441	-0.032653	12.164174
-1.188080	-0.532535	1.544123	-0.753308	-0.228903	-0.156040	0.547464	-0.028673	12.165249
-0.005150	0.746137	-0.139999	-0.573165	-0.155730	-0.230363	0.543380	-0.024721	12.166320
1.195015	0.748019	-0.145853	-0.572601	-0.155513	-0.230568	0.543367	-0.024710	12.166323
-1.195083	0.749860	-0.151710	-0.572036	-0.155296	-0.230774	0.543354	-0.024699	12.166326
1.275870	-0.577422	-2.129833	-0.344568	-0.073006	-0.304264	0.538099	-0.020724	12.167407
-1.425969	-1.702464	-2.542469	-0.069890	0.014895	-0.375328	0.531743	-0.016778	12.168483
1.077584	-1.697029	-2.539252	-0.068940	0.015181	-0.375549	0.531721	-0.016766	12.168486
1.426933	-1.691565	-2.536034	-0.067999	0.015463	-0.375768	0.531700	-0.016753	12.168489
0.694494	1.374249	-0.510539	0.221673	0.099638	-0.438852	0.524847	-0.013129	12.169481
-1.657273	1.483134	2.027934	0.502883	0.184439	-0.498891	0.517082	-0.009530	12.170468
1.745245	-1.062394	2.696489	0.746768	0.278363	-0.562395	0.507245	-0.005501	12.171578
-1.798986	0.901649	0.072752	0.856619	0.367659	-0.620767	0.496285	-0.001505	12.172681
1.309292	-1.137827	-2.425805	0.828096	0.449219	-0.673193	0.484263	0.002445	12.173777
1.738244	-1.087049	-2.525872	0.670525	0.520572	-0.719195	0.471166	0.006361	12.174866
-1.735274	-0.506882	-2.499177	0.664556	0.522336	-0.720343	0.470798	0.006467	12.174896
1.732235	0.072441	-2.471325	0.658506	0.524089	-0.721484	0.470429	0.006572	12.174925
-1.596445	2.015665	-1.093028	0.416715	0.576808	-0.756371	0.457739	0.010053	12.175897
1.431671	0.698982	0.474100	0.126935	0.617736	-0.785061	0.444219	0.013507	12.176865
1.083955	-0.869409	1.763699	-0.198403	0.647732	-0.809392	0.428057	0.017354	12.177946
-1.332456	-2.558291	1.965818	-0.467196	0.659030	-0.825128	0.410885	0.021167	12.179022
1.339006	-2.203967	1.942259	-0.476552	0.659068	-0.825589	0.410156	0.021323	12.179066
0.039895	-1.825816	1.915976	-0.485749	0.659071	-0.826035	0.409426	0.021479	12.179110
-1.588425	2.465846	0.872670	-0.643499	0.650674	-0.832075	0.393435	0.024801	12.180051
-0.765508	-0.822837	-0.499650	-0.717543	0.625564	-0.831661	0.376695	0.028096	12.180988
2.310732	-2.063104	-1.475879	-0.683983	0.577192	-0.823905	0.357036	0.031760	12.182033
-2.523829	1.060724	-1.176101	-0.521378	0.509961	-0.808872	0.336470	0.035390	12.183073
2.528129	1.217175	-1.127544	-0.508143	0.505399	-0.807744	0.335202	0.035608	12.183135
1.017902	1.351120	-1.076817	-0.494581	0.500784	-0.806591	0.333931	0.035825	12.183198
-2.462397	1.522536	-0.205978	-0.261254	0.426785	-0.786628	0.314685	0.039041	12.184123
2.239976	0.931809	0.511446	0.008838	0.344813	-0.761593	0.294776	0.042229	12.185043
-1.469919	0.177935	0.918574	0.319452	0.245686	-0.727262	0.271292	0.045834	12.186087
-1.596486	-0.744161	0.827350	0.581980	0.145290	-0.687291	0.247055	0.049402	12.187125
-0.853772	-0.764461	0.820230	0.586270	0.143319	-0.686445	0.246567	0.049473	12.187145
-0.230451	-0.784792	0.812898	0.590515	0.141349	-0.685596	0.246079	0.049543	12.187166
1.416296	-0.879072	0.261536	0.730501	0.055523	-0.645750	0.224019	0.052669	12.188079
-1.383765	0.942864	-0.529443	0.758840	-0.023794	-0.602265	0.201458	0.055767	12.188988
1.490167	-1.151489	-0.659494	0.633770	-0.100402	-0.550275	0.175928	0.059164	12.189988
0.970685	0.346954	0.002989	0.341111	-0.166588	-0.494744	0.149887	0.062525	12.190982
-1.669266	0.573887	0.039893	0.324895	-0.169398	-0.492139	0.148690	0.062677	12.191027
1.676538	0.799185	0.076675	0.308499	-0.172193	-0.489528	0.147492	0.062829	12.191072
-1.547764	1.906718	0.648888	-0.042055	-0.225082	-0.436182	0.123400	0.065849	12.191969
-1.845299	-0.625435	0.611097	-0.391948	-0.273908	-0.380719	0.098979	0.068839	12.192861
1.830453	-2.729520	0.097626	-0.720483	-0.326240	-0.316634	0.071328	0.072147	12.193852
1.363637	-1.379428	-0.455273	-0.920529	-0.378957	-0.250872	0.043375	0.075417	12.194836
-1.739569	-1.257018	-0.464087	-0.922628	-0.379963	-0.249632	0.042851	0.075477	12.194854
1.737287	-1.132611	-0.472804	-0.924657	-0.380969	-0.248394	0.042328	0.075538	12.194872
-0.316789	3.272788	-0.767596	-0.935596	-0.430184	-0.188969	0.017291	0.078408	12.195740
-1.465811	3.164949	-0.743627	-0.766787	-0.481677	-0.128999	-0.007896	0.081249	12.196603
0.500416	0.570141	-0.326217	-0.419074	-0.541515	-0.061891	-0.036121	0.084382	12.197558
1.226754	-2.643073	0.307837	0.017118	-0.603593	0.004956	-0.064426	0.087477	12.198507
-1.224238	-2.877759	0.339740	0.039016	-0.606645	0.008172	-0.065795	0.087626	12.198553
1.221932	-3.102764	0.371549	0.060918	-0.609702	0.011386	-0.067164	0.087774	12.198599
0.310258	-2.948390	0.877947	0.451282	-0.666374	0.069787	-0.092212	0.090476	12.199431
-1.274259	0.459857	1.018357	0.783067	-0.724343	0.127213	-0.117235	0.093148	12.200258
0.661468	1.989824	0.331633	1.023531	-0.790478	0.189876	-0.145150	0.096102	12.201177
1.618240	-1.163891	-1.100827	1.093317	-0.857740	0.250405	-0.172930	0.099018	12.202089
-1.632180	-1.324728	-1.156633	1.091612	-0.861621	0.253794	-0.174514	0.099183	12.202141
1.646348	-1.438463	-1.205608	1.089258	-0.865503	0.257173	-0.176097	0.099349	12.202193
-1.895398	1.046370	-0.964406	0.977600	-0.925885	0.308777	-0.200743	0.101919	12.203001
2.173462	-0.776387	0.740183	0.766617	-0.983631	0.357903	-0.225191	0.104458	12.203803
-2.461047	0.673391	1.610368	0.478552	-1.042970	0.411071	-0.253113	0.107351	12.204723
2.605165	-0.079784	0.574004	0.215684	-1.089954	0.459956	-0.280661	0.110203	12.205634
1.375657	-0.123687	0.536763	0.210251	-1.090829	0.460998	-0.281274	0.110266	12.205654
-2.606236	-0.167382	0.499116	0.204831	-1.091696	0.462040	-0.281887	0.110330	12.205675
0.289393	-1.279502	-1.078809	0.007594	-1.118318	0.500937	-0.305783	0.112807	12.206471
2.305417	-1.444946	-2.168054	-0.159911	-1.128297	0.535751	-0.329299	0.115252	12.207261
2.155195	-0.930063	-1.922854	-0.315145	-1.115873	0.569704	-0.355180	0.117957	12.208140
-1.644910	2.076351	-0.568884	-0.444830	-1.074400	0.598103	-0.380473	0.120621	12.209012
1.635085	2.332199	-0.512435	-0.448934	-1.072421	0.598973	-0.381325	0.120711	12.209041
0.613244	2.581167	-0.455686	-0.453018	-1.070405	0.599835	-0.382176	0.120801	12.209071
-1.421438	2.195435	1.040859	-0.553572	-1.004711	0.619699	-0.403783	0.123101	12.209828
-0.237787	-1.433623	2.294796	-0.650517	-0.910384	0.635072	-0.424855	0.125369	12.210579
1.305806	-4.124597	2.697105	-0.779084	-0.745545	0.647981	-0.450806	0.128204	12.211524
-1.468663	0.196275	1.196531	-0.906379	-0.528470	0.653317	-0.475794	0.130989	12.212460
1.470007	0.260238	1.185165	-0.906937	-0.527155	0.653325	-0.475926	0.131003	12.212465
-1.335843	0.324250	1.173782	-0.907494	-0.525839	0.653332	-0.476058	0.131018	12.212470
-1.687912	4.646558	-0.411652	-0.954859	-0.334145	0.652294	-0.493607	0.133012	12.213144
0.724793	1.587395	-1.673171	-0.919430	-0.117501	0.647103	-0.510625	0.134979	12.213813
2.138082	-4.465878	-2.040738	-0.708803	0.159916	0.635414	-0.530251	0.137290	12.214605
1.813662	0.199252	-0.813076	-0.300000	0.439504	0.617679	-0.549140	0.139562	12.215389
-2.154818	0.827370	-0.736725	-0.278212	0.452132	0.616714	-0.549993	0.139665	12.215425
2.148657	1.440866	-0.660066	-0.256308	0.464713	0.615737	-0.550845	0.139769	12.215461
-1.908317	3.504676	0.684769	0.186673	0.706478	0.593325	-0.567633	0.141835	12.216179
-1.481244	-0.065778	1.026445	0.545593	0.916561	0.565600	-0.583810	0.143867	12.216891
1.181082	-2.195393	0.555475	0.718356	1.091435	0.529255	-0.600757	0.146043	12.217660
-1.037829	-0.090068	-0.142938	0.647198	1.193003	0.486453	-0.617000	0.148178	12.218420
0.659896	0.041335	-0.167859	0.638093	1.195775	0.484328	-0.617730	0.148276	12.218455
1.042347	0.170996	-0.191510	0.628474	1.198377	0.482190	-0.618459	0.148373	12.218490
-1.255922	1.217405	-0.281747	0.334187	1.215428	0.437485	-0.632466	0.150262	12.219168
1.704620	-1.148117	0.266588	-0.103648	1.168800	0.387902	-0.645917	0.152117	12.219840
-2.347788	1.400070	0.062706	-0.466222	1.039178	0.326209	-0.660623	0.154196	12.220600
1.322895	-0.065589	-0.580984	-0.544379	0.829876	0.260321	-0.674628	0.156232	12.221351
2.947486	-0.221717	-0.603194	-0.540095	0.818903	0.257355	-0.675226	0.156320	12.221384
-2.967322	-0.379851	-0.624192	-0.535115	0.807791	0.254386	-0.675823	0.156408	12.221416
3.242658	-2.411845	-0.637989	-0.313520	0.560318	0.194298	-0.687416	0.158143	12.222063
0.692272	-0.585285	0.323373	0.039983	0.278837	0.132832	-0.698496	0.159844	12.222703
-3.134849	3.114039	1.344758	0.393587	-0.050526	0.062132	-0.710506	0.161742	12.223424
2.749017	-0.147297	0.905842	0.513094	-0.359761	-0.008122	-0.721873	0.163595	12.224135
-2.733226	-0.601899	0.870979	0.512942	-0.369200	-0.010387	-0.722232	0.163655	12.224158
0.999436	-1.055185	0.835199	0.512560	-0.378599	-0.012653	-0.722591	0.163714	12.224181
2.226421	-2.970535	-0.351758	0.422961	-0.618513	-0.074293	-0.732230	0.165339	12.224813
-1.725809	2.630278	-1.413879	0.222824	-0.818848	-0.133682	-0.741369	0.166928	12.225437
1.297670	-2.188955	-1.855773	-0.051789	-0.990169	-0.195546	-0.750880	0.168639	12.226117
1.097768	1.002083	-1.537890	-0.309913	-1.105317	-0.252461	-0.759806	0.170306	12.226788
-1.111563	1.409643	-1.524274	-0.314221	-1.106891	-0.253459	-0.759965	0.170336	12.226800
1.111049	1.812953	-1.510353	-0.318508	-1.108444	-0.254456	-0.760125	0.170367	12.226812
-1.197859	1.656534	-0.554855	-0.501910	-1.158698	-0.300613	-0.767707	0.171839	12.227413
1.423829	-1.510897	0.519100	-0.628470	-1.155849	-0.340991	-0.774828	0.173275	12.228006
-1.744697	0.109852	1.268937	-0.693893	-1.087155	-0.378895	-0.782188	0.174822	12.228654
-1.377351	1.513087	1.524068	-0.664536	-0.952242	-0.410019	-0.789005	0.176325	12.229292
-1.122777	1.493301	1.524751	-0.663003	-0.949319	-0.410514	-0.789121	0.176351	12.229303
-0.985597	1.471296	1.525311	-0.661431	-0.946379	-0.411006	-0.789237	0.176377	12.229315
2.348189	-0.955863	1.423572	-0.533078	-0.776188	-0.433538	-0.794933	0.177697	12.229884
0.488019	-1.528440	1.190111	-0.322106	-0.573649	-0.451276	-0.800204	0.178979	12.230446
-2.478908	0.849545	0.882908	-0.014870	-0.325990	-0.465705	-0.805536	0.180351	12.231057
-0.439955	1.418025	0.189112	0.338472	-0.067345	-0.475206	-0.810373	0.181676	12.231658
2.129553	1.369930	0.169396	0.345237	-0.062406	-0.475342	-0.810461	0.181701	12.231669
-2.119254	1.318856	0.149402	0.351993	-0.057467	-0.475477	-0.810548	0.181726	12.231681
-1.479406	-1.367647	-0.843660	0.653732	0.174172	-0.480090	-0.814509	0.182889	12.232218
1.009002	1.382117	-1.016671	0.880137	0.390967	-0.481400	-0.818081	0.184013	12.232748
-0.965727	-0.869178	0.124532	1.003730	0.599402	-0.479449	-0.821576	0.185209	12.233322
1.578610	-1.784286	1.089909	0.994715	0.762657	-0.474400	-0.824617	0.186358	12.233887
-1.586008	-1.615710	1.093407	0.994030	0.763917	-0.474341	-0.824643	0.186369	12.233892
1.593366	-1.448099	1.096764	0.993337	0.765169	-0.474282	-0.824669	0.186379	12.233897
-2.042512	-0.933325	0.876720	0.874265	0.868386	-0.467360	-0.827047	0.187383	12.234402
-2.064383	2.569637	-0.081606	0.673609	0.931650	-0.458636	-0.829071	0.188349	12.234899
1.288305	-3.074201	-1.254939	0.388937	0.959829	-0.447362	-0.830906	0.189368	12.235437
-0.288439	-1.273777	-1.642147	0.071438	0.949431	-0.434712	-0.832338	0.190339	12.235965
-0.973922	-1.065335	-1.641875	0.069583	0.949269	-0.434635	-0.832345	0.190345	12.235968
0.974551	-0.857993	-1.641579	0.067739	0.949107	-0.434559	-0.832352	0.190350	12.235971
-1.437102	3.925262	-1.300575	-0.224797	0.909380	-0.421722	-0.833320	0.191200	12.236446
-1.200406	0.357081	-0.515451	-0.500874	0.845067	-0.407841	-0.833973	0.192012	12.236913
2.815203	-3.562821	0.564328	-0.763186	0.752724	-0.391897	-0.834335	0.192843	12.237406
2.205258	-4.309378	1.624125	-0.971364	0.641196	-0.375117	-0.834358	0.193631	12.237889
-2.785823	4.136115	2.352930	-1.103127	0.520970	-0.358458	-0.834076	0.194345	12.238341
0.624660	-1.010278	2.337726	-1.156486	0.391855	-0.341383	-0.833510	0.195020	12.238784
2.490288	-2.258081	2.323400	-1.157010	0.386492	-0.340685	-0.833481	0.195047	12.238802
-2.487296	-3.483571	2.308274	-1.157410	0.381125	-0.339986	-0.833452	0.195073	12.238820
2.702793	-3.505689	1.773417	-1.130287	0.249780	-0.323042	-0.832613	0.195694	12.239243
-2.125716	3.110588	1.201950	-1.035015	0.115887	-0.306040	-0.831527	0.196279	12.239658
-2.764454	3.166470	1.185900	-1.030123	0.110793	-0.305399	-0.831481	0.196301	12.239673
-3.270729	3.208819	1.170504	-1.025138	0.105698	-0.304757	-0.831435	0.196322	12.239688
-1.622194	0.816922	0.912204	-0.872075	-0.021186	-0.288843	-0.830179	0.196838	12.240070
3.819896	-2.883943	0.508487	-0.667240	-0.145399	-0.273165	-0.828723	0.197324	12.240443
-3.430736	2.761520	-0.580196	-0.370814	-0.281834	-0.255398	-0.826790	0.197850	12.240866
2.666576	-0.002690	-1.648733	-0.019921	-0.404207	-0.238343	-0.824615	0.198335	12.241279
-2.652157	-0.299618	-1.663277	-0.012739	-0.406372	-0.238025	-0.824571	0.198343	12.241286
1.121894	-0.594226	-1.677520	-0.005529	-0.408533	-0.237708	-0.824527	0.198352	12.241294
2.086639	-2.460060	-1.882746	0.336191	-0.498582	-0.223625	-0.822439	0.198740	12.241644
1.382625	-2.012853	-1.072385	0.675409	-0.569802	-0.210391	-0.820189	0.199097	12.241985
-1.517119	-0.504956	0.320187	0.949984	-0.622987	-0.196622	-0.817461	0.199464	12.242361
1.474451	1.578861	1.086075	0.975935	-0.641956	-0.184317	-0.814553	0.199793	12.242725
-1.476460	1.183759	1.087011	0.969379	-0.641922	-0.183825	-0.814424	0.199806	12.242740
1.215382	0.774534	1.084764	0.962116	-0.641817	-0.183336	-0.814296	0.199819	12.242756
1.594061	-1.215650	0.553931	0.681475	-0.624891	-0.174056	-0.811617	0.200072	12.243063
-0.853245	0.254442	-0.222337	0.227220	-0.582844	-0.165863	-0.808824	0.200295	12.243361
-2.086748	0.722021	-0.401490	-0.348166	-0.510554	-0.157649	-0.805534	0.200515	12.243689
2.260392	-0.705304	0.251931	-0.793672	-0.418290	-0.150281	-0.802123	0.200698	12.244006
1.079091	-0.734513	0.273010	-0.806256	-0.413560	-0.149950	-0.801960	0.200706	12.244020
-2.265721	-0.752556	0.291181	-0.817798	-0.408800	-0.149620	-0.801796	0.200714	12.244035
-1.042153	0.580909	0.173590	-0.849133	-0.313395	-0.143499	-0.798622	0.200845	12.244310
2.002757	1.275457	-0.338722	-0.595451	-0.213450	-0.137589	-0.795372	0.200949	12.244575
-0.686685	-1.628325	-0.497120	-0.114253	-0.099929	-0.130905	-0.791626	0.201032	12.244864
-1.411955	1.019769	0.311109	0.384644	0.009934	-0.123907	-0.787811	0.201080	12.245141
1.403606	1.259032	0.346837	0.401242	0.013949	-0.123632	-0.787665	0.201081	12.245152
-0.321342	1.491890	0.382050	0.417566	0.017948	-0.123357	-0.787520	0.201082	12.245162
-1.263315	2.067360	0.848261	0.698045	0.106226	-0.116726	-0.784152	0.201093	12.245393
0.292409	-1.171281	0.241281	0.744157	0.184901	-0.109403	-0.780753	0.201077	12.245614
0.759161	-2.169174	-0.940757	0.573384	0.260108	-0.099918	-0.776838	0.201028	12.245857
1.237891	2.089111	-1.269888	0.279582	0.319678	-0.088961	-0.772908	0.200946	12.246088
-1.238268	2.153993	-1.239604	0.263620	0.322294	-0.088362	-0.772709	0.200941	12.246100
-0.455125	2.185119	-1.203549	0.247645	0.324874	-0.087758	-0.772510	0.200935	12.246111
1.228632	-0.408722	0.038272	-0.016855	0.362914	-0.076812	-0.769146	0.200836	12.246298
-1.191352	-2.257250	1.384836	-0.250290	0.390830	-0.064350	-0.765792	0.200712	12.246477
1.105907	2.300087	1.395216	-0.455550	0.411780	-0.047138	-0.761794	0.200532	12.246680
-0.962131	2.068544	-0.167262	-0.574984	0.420013	-0.027144	-0.757838	0.200319	12.246870
0.955497	1.653298	-0.231596	-0.577915	0.420086	-0.026354	-0.757694	0.200310	12.246877
-0.948757	1.229608	-0.295343	-0.580753	0.420143	-0.025560	-0.757550	0.200302	12.246884
0.394757	-2.150660	-1.348020	-0.622941	0.417200	-0.005866	-0.754220	0.200091	12.247036
0.592698	1.913366	-1.193284	-0.626312	0.406809	0.016048	-0.750942	0.199856	12.247179
-0.454503	-1.561173	-1.027029	-0.591268	0.388066	0.043362	-0.747293	0.199560	12.247330
0.453023	0.503255	-0.965440	-0.521745	0.363857	0.072734	-0.743738	0.199234	12.247470
-0.457434	0.897221	-0.932085	-0.517647	0.362577	0.074186	-0.743570	0.199217	12.247477
0.462277	1.251171	-0.893784	-0.513488	0.361289	0.075641	-0.743402	0.199201	12.247483
-0.611070	-1.169541	0.352238	-0.424469	0.335457	0.103420	-0.740306	0.198878	12.247598
0.802044	1.241840	1.085486	-0.317467	0.306928	0.131843	-0.737310	0.198532	12.247704
-0.970399	-1.409444	0.467283	-0.182949	0.272873	0.163659	-0.734100	0.198117	12.247810
1.024568	-0.855213	-0.307814	-0.040784	0.237432	0.194953	-0.731041	0.197674	12.247906
-1.024368	-0.835677	-0.314376	-0.039302	0.237060	0.195272	-0.731010	0.197669	12.247907
-0.320719	-0.816179	-0.320923	-0.037817	0.236688	0.195592	-0.730979	0.197664	12.247908
0.954743	0.729913	-0.753489	0.089269	0.204327	0.222825	-0.728363	0.197238	12.247983
-0.837452	1.835648	-0.899884	0.208128	0.172359	0.248641	-0.725890	0.196788	12.248050
0.727309	-0.704292	-0.750625	0.321484	0.138919	0.274529	-0.723382	0.196273	12.248112
-0.685706	-1.926372	-0.479205	0.417630	0.107678	0.297617	-0.721070	0.195731	12.248163
0.685992	-1.636830	-0.468468	0.421416	0.106388	0.298546	-0.720975	0.195707	12.248165
-0.350567	-1.332293	-0.457969	0.425169	0.105104	0.299468	-0.720880	0.195683	12.248167
-0.735497	1.922070	-0.282890	0.498698	0.078930	0.317735	-0.718921	0.195149	12.248204
0.832597	0.326532	-0.188401	0.557966	0.056293	0.332503	-0.717158	0.194591	12.248232
0.685926	-1.894762	-0.135729	0.606511	0.036632	0.343989	-0.715483	0.193961	12.248251
-1.059208	-1.770582	-0.096622	0.639281	0.022937	0.350192	-0.714064	0.193305	12.248259
0.360138	-1.754415	-0.096223	0.639564	0.022819	0.350230	-0.714050	0.193297	12.248259
1.061127	-1.737951	-0.095825	0.639846	0.022702	0.350267	-0.714035	0.193289	12.248259
0.677688	0.043322	-0.068296	0.656137	0.016347	0.350660	-0.712977	0.192664	12.248257
-0.634140	1.220198	-0.052171	0.660050	0.016337	0.345743	-0.712154	0.192016	12.248246
