-8.138105	6.725106	-1.109646	0.767957	-0.970030	0.358022	-0.599480	0.865800	-0.080242	11.754762
-2.563080	0.573911	-0.966376	0.810719	-0.976111	0.395062	-0.606118	0.870448	-0.077269	11.753927
1.842427	0.344907	-0.955406	0.811098	-0.976037	0.395858	-0.606298	0.870545	-0.077202	11.753909
-1.835091	0.060551	-0.944063	0.811451	-0.975955	0.396654	-0.606479	0.870642	-0.077134	11.753891
1.826938	-0.264618	-0.931258	0.811808	-0.975856	0.397523	-0.606679	0.870747	-0.077059	11.753871
-1.818683	-0.582848	-0.918004	0.812135	-0.975747	0.398392	-0.606881	0.870852	-0.076985	11.753851
1.387142	-0.931723	-0.903979	0.812438	-0.975625	0.399281	-0.607089	0.870959	-0.076908	11.753831
1.801656	-1.242307	-0.889479	0.812709	-0.975493	0.400171	-0.607299	0.871066	-0.076831	11.753810
-1.682141	1.252937	-0.633821	0.813046	-0.972565	0.412605	-0.610450	0.872545	-0.075737	11.753522
1.567027	-0.319249	-0.285910	0.806589	-0.967650	0.425023	-0.614001	0.873989	-0.074601	11.753231
-1.422157	-1.296339	0.206172	0.785618	-0.957855	0.442196	-0.619615	0.875933	-0.072951	11.752820
1.298618	1.343860	0.479314	0.750001	-0.945279	0.459169	-0.626031	0.877797	-0.071219	11.752402
-1.190397	1.398463	0.310717	0.691371	-0.929775	0.476727	-0.633680	0.879665	-0.069305	11.751954
0.729585	1.175344	-0.234327	0.587753	-0.912729	0.493837	-0.642259	0.881428	-0.067297	11.751499
1.095287	1.075773	-0.256924	0.582473	-0.912055	0.494483	-0.642607	0.881493	-0.067218	11.751481
-0.561227	0.963843	-0.279341	0.577085	-0.911381	0.495127	-0.642956	0.881558	-0.067139	11.751463
-1.017891	-1.520566	-0.676598	0.420316	-0.895862	0.509529	-0.651266	0.882992	-0.065308	11.751060
0.939909	1.548685	-0.590537	0.190742	-0.880330	0.523419	-0.660310	0.884332	-0.063406	11.750651
0.529777	-1.527727	0.327155	-0.136909	-0.863179	0.538608	-0.671599	0.885747	-0.061136	11.750175
0.221755	0.540665	0.916793	-0.473287	-0.847468	0.552905	-0.683890	0.887023	-0.058771	11.749691
-0.691503	0.990304	0.912099	-0.484335	-0.846956	0.553386	-0.684337	0.887065	-0.058687	11.749674
0.685945	1.425408	0.905022	-0.495308	-0.846446	0.553865	-0.684784	0.887106	-0.058603	11.749657
-0.536992	0.052558	0.137610	-0.736892	-0.834647	0.565491	-0.696444	0.888094	-0.056448	11.749227
0.404379	-1.162762	-0.893288	-0.878675	-0.825111	0.576262	-0.708903	0.888962	-0.054218	11.748791
-0.021034	0.890245	-1.115244	-0.855136	-0.817083	0.587359	-0.724043	0.889798	-0.051592	11.748288
-0.432294	1.019331	-0.256443	-0.597752	-0.809803	0.597071	-0.740188	0.890464	-0.048867	11.747778
0.441571	0.904570	-0.194023	-0.581677	-0.809444	0.597475	-0.740943	0.890490	-0.048741	11.747755
0.239429	0.786724	-0.129897	-0.565306	-0.809079	0.597877	-0.741700	0.890516	-0.048616	11.747731
-0.719534	-1.106821	1.046088	-0.208121	-0.800763	0.604930	-0.756604	0.890937	-0.046157	11.747280
1.096854	-0.577059	1.180907	0.178492	-0.788601	0.610656	-0.772189	0.891217	-0.043622	11.746823
-1.578695	1.537791	0.261785	0.571231	-0.767278	0.615433	-0.790918	0.891358	-0.040611	11.746290
2.011166	-1.810015	-0.871658	0.846561	-0.735251	0.618071	-0.810418	0.891297	-0.037499	11.745750
-2.027911	-1.816627	-0.904815	0.855365	-0.733495	0.618136	-0.811319	0.891289	-0.037355	11.745725
2.044332	-1.798982	-0.935188	0.863808	-0.731712	0.618196	-0.812222	0.891281	-0.037211	11.745700
1.465244	-0.145262	-1.047879	0.954236	-0.691719	0.618384	-0.829755	0.891040	-0.034419	11.745224
-2.440980	2.082880	-0.560265	0.913755	-0.639783	0.616626	-0.847734	0.890635	-0.031549	11.744742
-1.544504	2.256590	0.166470	0.742340	-0.566144	0.611988	-0.868929	0.889956	-0.028145	11.744180
0.263384	0.496764	0.552516	0.488360	-0.479680	0.604332	-0.890536	0.889044	-0.024638	11.743609
2.406866	0.388843	0.561299	0.475622	-0.475446	0.603905	-0.891534	0.888997	-0.024475	11.743583
-0.473835	0.279375	0.569427	0.462833	-0.471192	0.603472	-0.892532	0.888949	-0.024312	11.743556
-2.250003	-1.636478	0.627389	0.209501	-0.386505	0.593930	-0.911571	0.887942	-0.021175	11.743054
-2.243623	-2.001255	0.595510	-0.060123	-0.295137	0.581770	-0.930777	0.886748	-0.017959	11.742546
1.726180	-1.043874	0.570745	-0.368694	-0.183571	0.564360	-0.952977	0.885137	-0.014168	11.741955
-1.364122	-0.711761	0.541464	-0.647668	-0.066932	0.543061	-0.975215	0.883266	-0.010275	11.741356
-0.132583	-0.616197	0.539133	-0.659455	-0.061407	0.541969	-0.976251	0.883173	-0.010091	11.741328
1.328347	-0.510673	0.536675	-0.671111	-0.055875	0.540869	-0.977286	0.883079	-0.009907	11.741299
-0.987493	1.169035	0.461003	-0.860769	0.048245	0.518672	-0.996565	0.881213	-0.006432	11.740772
0.659134	-0.511436	0.317879	-0.984435	0.153226	0.493191	-1.015730	0.879140	-0.002881	11.740238
-0.344517	-0.642955	0.106402	-1.019973	0.273502	0.459588	-1.037574	0.876491	0.001301	11.739616
0.078333	0.354565	-0.040722	-0.915506	0.391095	0.421201	-1.059085	0.873554	0.005582	11.738987
0.146988	0.395143	-0.040799	-0.907350	0.396192	0.419386	-1.060029	0.873417	0.005773	11.738958
-0.142499	0.433707	-0.040043	-0.898882	0.401279	0.417560	-1.060972	0.873280	0.005966	11.738930
0.122122	0.262893	0.077832	-0.673091	0.498368	0.379629	-1.079335	0.870459	0.009783	11.738375
-0.213800	-0.277937	0.116698	-0.344146	0.588195	0.337719	-1.097301	0.867411	0.013674	11.737813
0.423305	-0.044943	-0.158852	0.120524	0.679177	0.284533	-1.117342	0.863628	0.018226	11.737161
-0.705478	0.239773	-0.348344	0.559450	0.753684	0.225717	-1.136678	0.859535	0.022872	11.736501
0.133047	0.218916	-0.345635	0.577588	0.756732	0.222797	-1.137573	0.859334	0.023093	11.736470
0.734420	0.194773	-0.341469	0.595410	0.759735	0.219865	-1.138465	0.859132	0.023315	11.736438
-1.006499	-0.216482	0.017393	0.858935	0.806264	0.163708	-1.154545	0.855293	0.027432	11.735858
1.266510	0.186955	0.744920	0.973567	0.834570	0.103311	-1.169950	0.851213	0.031616	11.735272
-1.508489	0.113497	0.779604	0.879258	0.842893	0.028765	-1.186776	0.846206	0.036517	11.734589
1.641122	-0.222875	-0.406165	0.557121	0.830260	-0.050377	-1.202524	0.840868	0.041503	11.733898
-1.643722	-0.089719	-0.462234	0.538943	0.829305	-0.054025	-1.203205	0.840620	0.041729	11.733867
1.646002	0.049632	-0.516575	0.520534	0.828320	-0.057684	-1.203884	0.840372	0.041956	11.733836
-1.635204	0.362518	-1.010134	0.141903	0.804583	-0.129066	-1.216456	0.835460	0.046337	11.733231
1.550947	-0.557630	-0.274211	-0.230824	0.774246	-0.201756	-1.228079	0.830294	0.050779	11.732621
-0.801203	0.886030	1.006465	-0.585792	0.735377	-0.285762	-1.240291	0.823979	0.056002	11.731906
-1.312301	0.980821	1.166056	-0.795462	0.696809	-0.366346	-1.251045	0.817311	0.061299	11.731183
0.770726	0.848026	1.141038	-0.800494	0.695249	-0.369622	-1.251466	0.817021	0.061525	11.731152
1.306600	0.708649	1.113615	-0.805205	0.693695	-0.372888	-1.251884	0.816731	0.061750	11.731122
-1.281521	-1.017175	0.296723	-0.836755	0.664157	-0.436703	-1.259847	0.810626	0.066414	11.730487
1.080393	0.240247	-0.311371	-0.766829	0.640026	-0.492797	-1.266566	0.804248	0.071130	11.729846
1.321384	0.723249	-0.758874	-0.598672	0.616004	-0.545309	-1.272699	0.796535	0.076641	11.729097
1.222163	-0.489659	-1.153529	-0.379232	0.591745	-0.581947	-1.276988	0.788448	0.082217	11.728341
-1.305334	-0.473266	-1.162331	-0.370176	0.590727	-0.583028	-1.277118	0.788122	0.082437	11.728311
1.303173	-0.447721	-1.170213	-0.361119	0.589703	-0.584079	-1.277244	0.787797	0.082658	11.728281
0.770278	0.328571	-0.968584	-0.162131	0.564861	-0.599749	-1.279253	0.780473	0.087532	11.727620
0.179143	-0.395691	0.071180	0.029058	0.534031	-0.600304	-1.279737	0.772860	0.092450	11.726953
-1.052334	-0.416167	1.035875	0.225677	0.488796	-0.581335	-1.278325	0.763747	0.098153	11.726178
1.071486	0.712267	1.115654	0.382647	0.431326	-0.541306	-1.274721	0.754236	0.103908	11.725396
-1.075787	0.602357	1.093631	0.388603	0.428399	-0.538992	-1.274503	0.753793	0.104172	11.725360
-0.573331	0.477993	1.069323	0.394441	0.425447	-0.536637	-1.274281	0.753349	0.104435	11.725324
0.793043	-0.914894	0.294386	0.485772	0.363705	-0.483741	-1.269097	0.744699	0.109496	11.724636
1.446109	-1.445798	-0.601532	0.543751	0.291992	-0.416734	-1.262122	0.735743	0.114592	11.723940
-0.318131	-1.434783	-1.040951	0.579270	0.198090	-0.324603	-1.251848	0.725101	0.120480	11.723136
-1.979372	1.545279	-0.702396	0.590043	0.093054	-0.219102	-1.239071	0.714067	0.126410	11.722323
-0.533241	1.746817	-0.674876	0.589923	0.088100	-0.214102	-1.238436	0.713562	0.126677	11.722286
1.997698	1.940029	-0.646694	0.589746	0.083128	-0.209083	-1.237797	0.713056	0.126945	11.722249
-1.999253	2.225518	-0.040422	0.575035	-0.016971	-0.108628	-1.224393	0.703123	0.132135	11.721535
-2.217559	-0.922841	0.484543	0.538008	-0.125280	-0.003522	-1.208981	0.692903	0.137352	11.720815
2.279056	-2.338906	0.826744	0.463396	-0.259610	0.120170	-1.188588	0.680730	0.143420	11.719975
-0.560599	2.182362	0.818948	0.346327	-0.397832	0.241513	-1.165364	0.668185	0.149519	11.719126
-0.868330	2.263000	0.812748	0.340357	-0.403601	0.246469	-1.164327	0.667651	0.149775	11.719090
-2.347249	2.318498	0.806200	0.334297	-0.409364	0.251411	-1.163286	0.667116	0.150032	11.719054
2.429986	0.159952	0.605983	0.191950	-0.526080	0.349795	-1.140592	0.655920	0.155344	11.718311
-2.551282	-0.874821	0.325964	0.027441	-0.634812	0.438498	-1.115656	0.644452	0.160676	11.717562
2.737419	-2.157716	-0.011907	-0.169746	-0.743797	0.524042	-1.084089	0.630912	0.166841	11.716691
-0.708365	1.838277	-0.263374	-0.353020	-0.828273	0.586621	-1.049401	0.617022	0.173026	11.715812
-0.951361	1.975532	-0.270260	-0.360387	-0.831306	0.588759	-1.047805	0.616405	0.173298	11.715773
-2.973177	2.095913	-0.276690	-0.367679	-0.834276	0.590843	-1.046203	0.615786	0.173571	11.715735
3.156737	1.988466	-0.318211	-0.493828	-0.879341	0.620075	-1.013263	0.603428	0.178955	11.714964
-3.302034	1.493922	-0.240129	-0.575584	-0.895154	0.624208	-0.977855	0.590815	0.184352	11.714188
-0.662729	1.322650	-0.082881	-0.595647	-0.872732	0.594844	-0.933666	0.575877	0.190623	11.713280
3.275276	-1.435704	0.053664	-0.515309	-0.808570	0.532693	-0.886184	0.560607	0.196905	11.712363
2.643618	-1.653160	0.057504	-0.509749	-0.805034	0.529535	-0.884174	0.559975	0.197162	11.712325
-3.258057	-1.866402	0.061153	-0.504005	-0.801426	0.526332	-0.882160	0.559343	0.197420	11.712288
2.997731	-2.134964	0.085263	-0.342041	-0.709315	0.449491	-0.838751	0.545952	0.202819	11.711493
-2.644959	2.205305	0.012244	-0.109027	-0.587671	0.356741	-0.793285	0.532326	0.208223	11.710693
2.225683	-1.323496	-0.079164	0.219332	-0.412328	0.233598	-0.738004	0.516172	0.214517	11.709753
-1.922984	-2.367517	-0.114542	0.540125	-0.204598	0.099634	-0.680450	0.499709	0.220811	11.708805
1.914466	-1.915403	-0.114074	0.552651	-0.194853	0.093628	-0.677889	0.498983	0.221086	11.708763
-0.133829	-1.441783	-0.113395	0.564994	-0.185054	0.087612	-0.675325	0.498257	0.221361	11.708721
-1.834578	2.376656	-0.040034	0.762231	0.017954	-0.031800	-0.624179	0.483860	0.226761	11.707900
-0.428588	-0.294425	0.161772	0.843524	0.238932	-0.150899	-0.571757	0.469245	0.232158	11.707072
2.042190	-2.092620	0.361957	0.740738	0.509415	-0.284413	-0.509304	0.451946	0.238439	11.706099
-2.203248	-1.777565	0.257332	0.406597	0.760860	-0.406774	-0.445630	0.434359	0.244710	11.705118
2.208805	-1.616683	0.243471	0.388344	0.770358	-0.411520	-0.442968	0.433624	0.244970	11.705077
1.587629	-1.447780	0.228756	0.369797	0.779755	-0.416234	-0.440307	0.432889	0.245229	11.705037
-2.296137	1.242848	-0.295411	-0.071281	0.949321	-0.506581	-0.384830	0.417549	0.250601	11.704187
2.326752	-0.735483	-0.718496	-0.575998	1.056637	-0.580440	-0.328852	0.402006	0.255961	11.703331
-2.314850	0.241225	0.821073	-1.094446	1.076396	-0.641738	-0.263308	0.383667	0.262182	11.702327
2.278642	-0.197404	0.699925	-1.196830	0.956620	-0.675915	-0.197612	0.365063	0.268383	11.701314
-2.277126	0.018746	0.610980	-1.189094	0.948058	-0.676779	-0.194826	0.364268	0.268645	11.701271
2.275586	0.226528	0.516568	-1.180317	0.939202	-0.677595	-0.192040	0.363473	0.268908	11.701227
-2.224146	-0.760167	-0.906555	-0.774719	0.703107	-0.684128	-0.135532	0.347196	0.274237	11.700346
2.127945	1.397810	0.682452	0.002458	0.387377	-0.671997	-0.079412	0.330731	0.279546	11.699458
-1.925581	0.626931	0.830797	0.935446	-0.024803	-0.635782	-0.015196	0.311463	0.285658	11.698423
1.431512	-2.018858	-0.313839	1.425810	-0.428794	-0.577011	0.048108	0.291956	0.291739	11.697380
1.448358	-2.110077	-0.356387	1.434920	-0.446066	-0.573806	0.050977	0.291059	0.292016	11.697332
-1.421830	-2.188188	-0.396264	1.442845	-0.463178	-0.570559	0.053842	0.290161	0.292293	11.697284
0.873590	-0.841243	-0.676989	1.374737	-0.754841	-0.501519	0.107189	0.273218	0.297480	11.696381
0.959775	1.933833	-0.353024	0.926502	-0.982262	-0.417733	0.159585	0.256106	0.302640	11.695472
1.036336	-1.367932	0.556682	-0.835275	-1.198143	-0.162887	0.280065	0.214597	0.314838	11.693275
1.036454	1.873015	0.721805	-1.663615	-0.817108	0.149162	0.392708	0.172199	0.326847	11.691042
-1.200918	0.101392	0.745879	-1.651316	-0.801806	0.155631	0.394894	0.171333	0.327088	11.690996
1.370758	-1.932868	0.769354	-1.637423	-0.786180	0.162095	0.397077	0.170466	0.327329	11.690951
-1.570588	-1.694019	0.793030	-1.619255	-0.767656	0.169587	0.399604	0.169459	0.327608	11.690898
1.769780	0.883355	0.810567	-1.598836	-0.748732	0.177065	0.402124	0.168453	0.327887	11.690845
-1.960772	2.041891	0.819625	-1.576785	-0.729974	0.184317	0.404567	0.167476	0.328158	11.690794
-1.527208	2.035454	0.818826	-1.552467	-0.710839	0.191564	0.407005	0.166497	0.328429	11.690742
4.466515	-2.250341	-0.106579	-0.979897	-0.398198	0.295203	0.441886	0.152219	0.332354	11.689992
-0.426958	-3.134959	-1.123124	-0.164392	-0.045092	0.393569	0.475632	0.137852	0.336255	11.689239
-4.215986	0.199026	0.040361	0.987167	0.454555	0.517637	0.521140	0.117459	0.341707	11.688169
-7.302900	3.833887	1.657680	1.631557	0.869397	0.617368	0.564102	0.096896	0.347107	11.687092
-7.284206	3.605929	0.714842	1.354492	1.127511	0.686629	0.605963	0.075301	0.352673	11.685961
3.385742	-3.255155	-1.369911	0.462747	1.206378	0.711498	0.644678	0.053533	0.358175	11.684822
5.274882	-3.348247	-1.445862	0.417433	1.206279	0.711429	0.646315	0.052567	0.358417	11.684771
2.214831	-3.401764	-1.518465	0.372024	1.205906	0.711255	0.647944	0.051600	0.358659	11.684721
-1.082377	-0.417862	-2.200926	-0.479068	1.146066	0.687774	0.678606	0.032569	0.363374	11.683724
-2.611817	2.673455	-1.297245	-1.075096	0.996870	0.630177	0.706838	0.013416	0.368038	11.682721
0.209728	-1.606007	1.275486	-1.358316	0.733574	0.528990	0.736546	-0.008851	0.373359	11.681555
0.923872	-2.128896	2.087632	-1.183882	0.394988	0.399408	0.763288	-0.031269	0.378605	11.680379
-0.921739	-1.932227	2.064718	-1.165240	0.378655	0.393182	0.764401	-0.032261	0.378835	11.680327
0.485385	-1.753127	2.037141	-1.145684	0.362220	0.386918	0.765510	-0.033254	0.379064	11.680275
1.259701	-0.156720	0.796278	-0.615974	0.024516	0.257236	0.786242	-0.052865	0.383556	11.679246
-2.045634	2.127522	-0.876151	0.038562	-0.314531	0.119668	0.804952	-0.072581	0.387987	11.678210
3.095640	-2.240439	-1.648099	0.658734	-0.657027	-0.039863	0.824024	-0.095293	0.392988	11.677015
-3.855943	-1.748012	-0.174684	0.897497	-0.900783	-0.192793	0.840712	-0.118131	0.397905	11.675811
3.878127	-1.312144	-0.072509	0.899466	-0.909665	-0.200106	0.841486	-0.119276	0.398148	11.675751
2.413881	-0.892701	0.029762	0.900587	-0.918203	-0.207379	0.842255	-0.120422	0.398392	11.675690
-2.203325	2.376041	1.451014	0.807570	-1.014687	-0.325715	0.854692	-0.140293	0.402571	11.674640
-3.678682	0.550050	1.397332	0.572585	-1.028556	-0.425775	0.865545	-0.160237	0.406683	11.673583
3.054950	-2.197828	0.072236	0.220526	-0.967179	-0.512861	0.876246	-0.183413	0.411359	11.672351
-2.392451	2.014161	-1.280136	-0.118793	-0.844773	-0.569333	0.885075	-0.206657	0.415941	11.671111
-2.190422	1.977276	-1.316671	-0.131841	-0.838296	-0.571161	0.885423	-0.207683	0.416141	11.671056
2.340925	1.916237	-1.350367	-0.144654	-0.831743	-0.572936	0.885768	-0.208709	0.416340	11.671001
2.338040	-0.060780	-1.559227	-0.337204	-0.688368	-0.597465	0.891935	-0.229096	0.420262	11.669907
0.377302	-1.779899	-1.325252	-0.382783	-0.529511	-0.603058	0.896852	-0.249510	0.424107	11.668806
-1.522448	1.826070	-0.915872	-0.286564	-0.345768	-0.588797	0.900872	-0.272848	0.428403	11.667541
1.519487	1.497947	0.182124	-0.108564	-0.162183	-0.555106	0.902897	-0.296185	0.432594	11.666266
-1.521634	0.878046	0.237112	-0.101017	-0.154918	-0.553415	0.902933	-0.297106	0.432757	11.666215
-0.366942	0.250510	0.292594	-0.093477	-0.147652	-0.551698	0.902965	-0.298028	0.432920	11.666165
1.602387	-2.168669	1.477094	0.061129	0.014009	-0.507335	0.902752	-0.318456	0.436497	11.665040
-0.208542	2.271019	1.909028	0.153306	0.177111	-0.452251	0.900665	-0.338833	0.439988	11.663908
-0.789720	-2.242231	0.684724	0.137880	0.359852	-0.379013	0.895825	-0.361900	0.443852	11.662613
-1.670596	-2.066119	-1.002919	0.047017	0.515546	-0.297148	0.888146	-0.384816	0.447601	11.661308
0.112898	-1.877787	-1.063654	0.042397	0.521428	-0.293352	0.887735	-0.385831	0.447765	11.661250
1.654449	-1.688847	-1.122312	0.037777	0.527208	-0.289543	0.887318	-0.386846	0.447929	11.661192
-1.418938	0.491509	-1.842311	-0.043626	0.616544	-0.213071	0.877906	-0.406621	0.451088	11.660049
1.091643	1.421683	-1.738905	-0.082088	0.651839	-0.134193	0.866013	-0.426215	0.454155	11.658899
0.117970	-1.033943	-0.747017	-0.055185	0.614494	-0.042622	0.849017	-0.448561	0.457580	11.657563
-0.397036	-0.384050	0.415855	0.024730	0.504899	0.046528	0.828299	-0.470580	0.460878	11.656218
0.351215	-0.343390	0.464738	0.029088	0.498464	0.050511	0.827253	-0.471584	0.461026	11.656156
0.378238	-0.298792	0.512945	0.033478	0.491925	0.054481	0.826198	-0.472587	0.461175	11.656094
-0.285902	0.483191	1.256276	0.117670	0.350769	0.127048	0.804508	-0.491522	0.463945	11.654909
0.330360	-0.414119	1.369132	0.185046	0.189068	0.192230	0.779629	-0.510137	0.466614	11.653717
-0.556847	0.490732	-0.241359	0.201902	-0.040165	0.265804	0.739516	-0.535395	0.470148	11.652050
0.672805	-0.461692	-1.238994	0.068573	-0.241555	0.313693	0.692509	-0.559893	0.473480	11.650370
0.889452	-0.559091	-1.237916	0.068238	-0.241809	0.313741	0.692435	-0.559928	0.473484	11.650368
-0.208663	-0.658191	-1.236809	0.067896	-0.242069	0.313790	0.692361	-0.559964	0.473489	11.650365
-1.286139	0.881940	1.247860	-0.256929	-0.394584	0.328196	0.627571	-0.587684	0.477139	11.648372
1.542344	-1.191109	1.265561	-0.403005	-0.401084	0.286234	0.552761	-0.614106	0.480493	11.646361
-1.562367	0.370517	0.787585	-0.401400	-0.381826	0.271316	0.537898	-0.618846	0.481081	11.645986
1.571734	1.349306	0.265301	-0.390428	-0.356390	0.254249	0.522741	-0.623536	0.481658	11.645611
-1.572217	0.981498	0.185583	-0.387766	-0.351818	0.251343	0.520298	-0.624279	0.481749	11.645551
0.639884	0.521189	0.107755	-0.384847	-0.347116	0.248392	0.517849	-0.625021	0.481840	11.645491
1.470278	-0.871797	-1.344328	-0.150564	-0.149001	0.137029	0.437987	-0.647493	0.484538	11.643614
-1.270217	-2.214834	-0.612323	0.325764	0.089836	0.007464	0.352239	-0.668597	0.486970	11.641721
1.200307	0.074027	0.318140	0.506537	0.174941	-0.041508	0.317368	-0.676449	0.487846	11.640977
-1.147565	2.322974	1.132388	0.644894	0.247221	-0.086657	0.281829	-0.684070	0.488679	11.640230
0.687811	0.066141	1.215524	0.695386	0.330311	-0.156198	0.211152	-0.698185	0.490177	11.638773
1.188497	-2.056261	0.187471	0.371234	0.315464	-0.193246	0.138677	-0.711359	0.491511	11.637307
-1.194763	-1.746802	0.135075	0.350574	0.312801	-0.194136	0.135469	-0.711913	0.491566	11.637243
1.201296	-1.429175	0.082749	0.329522	0.309990	-0.194969	0.132257	-0.712466	0.491621	11.637179
-1.378376	1.098339	-0.795134	-0.134473	0.228371	-0.200280	0.068244	-0.723015	0.492630	11.635900
-1.165155	1.653665	-0.938127	-0.582154	0.111804	-0.186788	0.003621	-0.732787	0.493513	11.634614
-0.709065	-0.210873	0.019293	-0.886981	-0.038230	-0.152840	-0.070954	-0.743055	0.494371	11.633123
2.286865	-1.513963	0.801823	-0.795815	-0.175507	-0.104934	-0.144618	-0.752205	0.495055	11.631624
2.174098	-1.532773	0.804330	-0.779626	-0.180987	-0.102546	-0.147895	-0.752590	0.495081	11.631557
-0.212186	-1.549067	0.802705	-0.762255	-0.186395	-0.100141	-0.151171	-0.752973	0.495108	11.631489
-2.769555	1.909006	-0.831126	0.517404	-0.332565	0.008676	-0.285171	-0.767005	0.495887	11.628593
2.708216	-1.449369	0.509770	1.094307	-0.266939	0.104909	-0.402970	-0.776432	0.495993	11.625670
-2.697015	-2.319287	0.562968	1.089028	-0.262000	0.106969	-0.405675	-0.776608	0.495987	11.625596
2.685269	-2.246633	0.615347	1.082641	-0.256892	0.109007	-0.408365	-0.776782	0.495980	11.625521
1.983045	-1.110985	0.663548	1.075630	-0.251943	0.110899	-0.410876	-0.776942	0.495973	11.625451
-2.661753	0.498661	0.710548	1.067629	-0.246848	0.112772	-0.413375	-0.777099	0.495966	11.625381
-2.609615	2.324105	1.068388	0.776761	-0.141471	0.141166	-0.453574	-0.779340	0.495783	11.624184
1.161000	1.337675	0.163063	0.222088	-0.012196	0.162154	-0.489003	-0.780740	0.495484	11.622983
1.599228	-1.861632	-1.210196	-0.579458	0.162838	0.176673	-0.527105	-0.781270	0.494927	11.621432
-1.225475	1.306360	-0.663360	-1.111192	0.315083	0.175417	-0.556411	-0.780330	0.494177	11.619875
1.171089	1.364926	-0.594263	-1.126361	0.320830	0.174968	-0.557524	-0.780252	0.494138	11.619805
1.199928	1.393922	-0.522050	-1.140755	0.326460	0.174485	-0.558620	-0.780171	0.494100	11.619735
-1.030470	-1.032159	0.975200	-1.259311	0.406859	0.158335	-0.576338	-0.778021	0.493279	11.618385
0.823482	-0.555666	1.343855	-1.064563	0.425250	0.128871	-0.587861	-0.774710	0.492314	11.617031
0.903460	0.523093	0.543485	-0.486467	0.379639	0.079179	-0.593749	-0.769364	0.491011	11.615453
0.987286	-0.415497	-0.522866	0.273308	0.280599	0.017329	-0.591869	-0.762379	0.489515	11.613870
0.182890	-0.434617	-0.560856	0.304111	0.275796	0.014678	-0.591637	-0.762066	0.489451	11.613807
-0.986905	-0.447893	-0.598149	0.334787	0.270944	0.012018	-0.591392	-0.761750	0.489387	11.613744
0.957651	0.184689	-1.228965	0.944761	0.154959	-0.047579	-0.583205	-0.754280	0.487924	11.612371
-0.885240	0.633347	-1.501889	1.346000	0.026533	-0.108652	-0.569585	-0.745622	0.486319	11.610995
0.760700	0.769049	-1.364927	1.409694	-0.122871	-0.176398	-0.547374	-0.734220	0.484296	11.609408
-0.615369	-0.948849	-0.686364	1.117698	-0.265751	-0.236420	-0.518401	-0.721333	0.482086	11.607817
0.043207	-0.914616	-0.636179	1.099127	-0.271600	-0.238739	-0.517013	-0.720749	0.481987	11.607749
0.205056	-0.864119	-0.583868	1.080126	-0.277425	-0.241035	-0.515612	-0.720162	0.481888	11.607681
0.488880	1.126328	0.703852	0.621573	-0.388168	-0.281657	-0.484744	-0.707726	0.479810	11.606300
-0.416718	-0.534778	1.737071	0.076034	-0.481583	-0.308822	-0.449205	-0.694247	0.477594	11.604918
-0.318851	-1.602062	1.695618	-0.558553	-0.560354	-0.318646	-0.403088	-0.677472	0.474873	11.603325
0.603469	1.981604	0.076591	-1.095378	-0.600071	-0.299938	-0.352249	-0.659405	0.471973	11.601730
-0.615010	1.971914	0.003448	-1.114131	-0.600756	-0.298444	-0.350031	-0.658621	0.471847	11.601664
-0.496313	1.939829	-0.068539	-1.132531	-0.601357	-0.296888	-0.347805	-0.657834	0.471722	11.601597
0.947453	0.669466	-1.268083	-1.417860	-0.592230	-0.251633	-0.300231	-0.641021	0.469042	11.600209
-1.362706	0.532325	-1.830099	-1.469651	-0.533135	-0.185153	-0.250459	-0.623302	0.466228	11.598821
1.872234	-3.281892	-1.485961	-1.184060	-0.397330	-0.088480	-0.190923	-0.601709	0.462807	11.597214
-2.310021	1.131024	-0.002581	-0.643726	-0.207276	0.021766	-0.130219	-0.578994	0.459210	11.595608
2.324651	1.533302	0.065425	-0.618861	-0.198804	0.026388	-0.127757	-0.578055	0.459061	11.595543
-1.284974	1.922299	0.133107	-0.593853	-0.190284	0.031019	-0.125295	-0.577113	0.458912	11.595478
-2.577517	3.882882	1.306075	-0.042917	0.001159	0.131465	-0.072518	-0.556496	0.455642	11.594086
-2.116646	1.168377	1.490686	0.464105	0.198543	0.230456	-0.020256	-0.535110	0.452243	11.592696
-0.844881	-0.733968	0.819925	0.889939	0.412121	0.335445	0.038211	-0.509695	0.448189	11.591103
0.917043	-2.349129	-0.179181	1.160100	0.589900	0.423927	0.094257	-0.483362	0.443967	11.589511
2.543734	-2.760131	-0.219293	1.168440	0.596291	0.427194	0.096564	-0.482227	0.443785	11.589444
-2.535297	-3.167493	-0.258840	1.176543	0.602580	0.430420	0.098867	-0.481089	0.443602	11.589376
2.323284	-3.334658	-0.858794	1.291037	0.704891	0.485877	0.144689	-0.457386	0.439778	11.587992
1.629647	0.447850	-0.877905	1.318916	0.745538	0.517262	0.187294	-0.433058	0.435829	11.586610
-1.704621	2.197419	-0.359338	1.285298	0.699744	0.518931	0.231602	-0.404286	0.431124	11.585019
1.349287	-1.011852	0.356908	1.197779	0.556401	0.486423	0.270065	-0.374775	0.426257	11.583431
-1.337143	-1.209717	0.379306	1.193612	0.549858	0.484720	0.271311	-0.373724	0.426082	11.583375
0.992799	-1.396865	0.401243	1.189368	0.543233	0.482982	0.272548	-0.372673	0.425908	11.583319
1.044171	-0.720485	0.708105	1.066796	0.354137	0.429109	0.300956	-0.346321	0.421519	11.581937
0.651903	0.312162	0.225836	0.919513	0.131090	0.356948	0.325030	-0.319480	0.417009	11.580557
-0.681471	-0.112668	-0.969611	0.608109	-0.140415	0.256421	0.347418	-0.288198	0.411698	11.578982
0.707772	0.394160	-0.178977	0.049708	-0.400778	0.141797	0.364460	-0.256365	0.406230	11.577411
-0.712729	-0.019082	-0.103604	0.025360	-0.410121	0.137200	0.365008	-0.255137	0.406018	11.577351
0.622192	-0.437031	-0.026307	0.000909	-0.419409	0.132588	0.365549	-0.253906	0.405805	11.577290
0.911117	-0.424557	1.544877	-0.528300	-0.610255	0.024969	0.375832	-0.225744	0.400906	11.575927
-1.204680	1.815499	1.136560	-0.861515	-0.748807	-0.085567	0.382321	-0.197235	0.395891	11.574567
1.256066	-2.422009	-2.175279	-0.872030	-0.818024	-0.211598	0.385242	-0.164113	0.389989	11.573010
1.935690	1.060146	-1.917830	-0.455171	-0.771083	-0.331685	0.383493	-0.130629	0.383936	11.571459
-1.948270	1.838641	-1.828598	-0.431338	-0.766631	-0.336588	0.383318	-0.129197	0.383675	11.571394
1.960614	2.598968	-1.735528	-0.407224	-0.761993	-0.341471	0.383135	-0.127764	0.383414	11.571328
-2.164522	2.062759	0.681322	0.106036	-0.628529	-0.436357	0.377627	-0.098321	0.378006	11.569982
2.287427	-2.126454	2.761705	0.506485	-0.431043	-0.519159	0.368866	-0.068708	0.372485	11.568641
0.157754	0.012718	2.416141	0.619706	-0.145072	-0.594460	0.355078	-0.034788	0.366051	11.567118
-2.170824	1.544513	0.726268	0.428940	0.180528	-0.644434	0.337442	-0.000798	0.359473	11.565602
-2.355781	1.428405	0.668093	0.415516	0.195457	-0.646013	0.336557	0.000739	0.359172	11.565533
-1.204496	1.289333	0.613351	0.401784	0.210374	-0.647530	0.335664	0.002278	0.358871	11.565465
2.330134	-1.546206	-0.166224	0.100738	0.484726	-0.663839	0.317056	0.031865	0.353017	11.564152
-2.296528	1.677200	-1.332989	-0.194530	0.705593	-0.653352	0.295848	0.061385	0.347055	11.562845
2.263154	-1.790083	-2.177556	-0.383711	0.838170	-0.603183	0.268244	0.095513	0.340000	11.561334
-2.250508	0.151802	-0.570138	-0.300419	0.792885	-0.509406	0.237901	0.129392	0.332803	11.559833
-0.242790	0.312272	-0.471802	-0.292133	0.787289	-0.504477	0.236547	0.130837	0.332492	11.559769
2.250763	0.465401	-0.373318	-0.283582	0.781431	-0.499481	0.235191	0.132280	0.332180	11.559705
0.160498	1.507613	1.245765	-0.075827	0.613769	-0.385740	0.207128	0.161138	0.325865	11.558421
-2.147412	0.707205	1.276051	0.123939	0.374609	-0.251728	0.177768	0.189685	0.319448	11.557144
-2.182709	-0.318190	0.125380	0.225466	0.052561	-0.082149	0.142783	0.222091	0.311935	11.555683
1.989216	-0.614549	-0.755781	0.155316	-0.281062	0.092833	0.106998	0.253925	0.304289	11.554233
-1.976408	-0.574906	-0.763825	0.147495	-0.295955	0.100870	0.105331	0.255382	0.303932	11.554166
0.984999	-0.524647	-0.767919	0.139251	-0.310747	0.108888	0.103664	0.256838	0.303575	11.554099
1.658172	0.572095	-0.183907	-0.059991	-0.565738	0.256058	0.072168	0.284024	0.296786	11.552843
-1.294721	-0.754531	0.698140	-0.189951	-0.749823	0.390151	0.040801	0.310647	0.289898	11.551595
0.899889	1.156751	-0.683820	-0.069474	-0.835205	0.518423	0.005433	0.340393	0.281883	11.550175
-0.632157	-1.585824	-1.074321	0.151480	-0.778608	0.612608	-0.028842	0.369238	0.273741	11.548766
0.624455	-1.256297	-1.002090	0.159613	-0.772514	0.616184	-0.030422	0.370575	0.273354	11.548700
0.156909	-0.887499	-0.920263	0.167335	-0.766116	0.619682	-0.032000	0.371909	0.272967	11.548634
-0.563900	1.869963	1.198345	0.230208	-0.594433	0.670510	-0.060418	0.396141	0.265765	11.547419
0.612570	-1.972867	1.655985	0.128371	-0.331524	0.695590	-0.087274	0.419563	0.258469	11.546212
-0.701347	-1.902600	-0.050816	-0.138175	0.028074	0.693383	-0.115907	0.445450	0.249954	11.544836
0.721763	1.813439	-2.192325	-0.320653	0.370218	0.659113	-0.141999	0.470101	0.241318	11.543472
-0.363529	1.726388	-2.226718	-0.322495	0.384969	0.656691	-0.143184	0.471249	0.240902	11.543407
-0.716341	1.614268	-2.251051	-0.323484	0.399523	0.654199	-0.144362	0.472393	0.240485	11.543342
0.605248	-0.817973	-1.291407	-0.213331	0.625991	0.597144	-0.164659	0.492562	0.232901	11.542173
-0.424331	-1.487628	1.050148	0.042590	0.772377	0.517986	-0.182998	0.511679	0.225226	11.541015
0.212780	1.305263	2.551257	0.333894	0.821211	0.401152	-0.201711	0.532375	0.216254	11.539690
-0.097494	-0.765844	0.744944	0.457709	0.721922	0.263253	-0.217742	0.551507	0.207165	11.538380
0.096257	-0.943362	0.622290	0.459169	0.714077	0.256689	-0.218399	0.552328	0.206754	11.538322
-0.095431	-1.093275	0.499051	0.460317	0.705955	0.250098	-0.219050	0.553146	0.206343	11.538263
0.154900	0.900633	-1.605776	0.423583	0.501057	0.118443	-0.230557	0.568296	0.198346	11.537139
-0.334443	0.709246	-2.287253	0.282295	0.230606	-0.017657	-0.239989	0.582140	0.190264	11.536025
0.644454	-0.514351	-1.632307	0.017319	-0.113535	-0.173131	-0.248241	0.596380	0.180859	11.534759
-0.707915	0.085844	-0.348100	-0.278128	-0.438836	-0.319919	-0.253675	0.608728	0.171343	11.533509
-1.031326	0.258167	-0.283331	-0.291067	-0.452595	-0.326418	-0.253859	0.609255	0.170897	11.533451
1.049068	0.419810	-0.218508	-0.303858	-0.466185	-0.332880	-0.254036	0.609779	0.170451	11.533393
-1.373301	-0.376039	0.897895	-0.503463	-0.681876	-0.446005	-0.256211	0.618767	0.162060	11.532318
1.659907	-0.580365	1.475979	-0.584844	-0.798882	-0.540895	-0.256197	0.626196	0.153588	11.531255
1.863991	-0.534585	1.187508	-0.482032	-0.780204	-0.622028	-0.253498	0.632784	0.143754	11.530050
-1.894323	-0.326487	0.317186	-0.231105	-0.627713	-0.672820	-0.247999	0.637312	0.133815	11.528863
1.316334	-0.165058	0.276327	-0.218579	-0.618963	-0.674341	-0.247705	0.637459	0.133392	11.528813
1.886637	0.003453	0.235562	-0.205967	-0.610060	-0.675811	-0.247407	0.637602	0.132969	11.528763
-1.720032	1.478015	-0.487902	0.063359	-0.397067	-0.695675	-0.240205	0.639742	0.124225	11.527745
1.446313	-1.096856	-0.737180	0.310139	-0.146710	-0.697271	-0.231003	0.640363	0.115406	11.526741
-1.100635	-2.075600	-0.469334	0.500384	0.150143	-0.679529	-0.218090	0.639234	0.105196	11.525605
0.833981	-1.355557	0.097862	0.566832	0.415967	-0.644121	-0.202877	0.636203	0.094902	11.524488
-0.764041	-1.108930	0.120933	0.566691	0.426076	-0.642249	-0.202172	0.636031	0.094456	11.524440
-0.818379	-0.849306	0.143487	0.566291	0.436051	-0.640348	-0.201464	0.635855	0.094010	11.524393
0.731268	2.340096	0.405780	0.498050	0.604745	-0.596872	-0.186397	0.631596	0.084987	11.523438
-0.727973	-1.682796	0.174164	0.311985	0.707402	-0.545058	-0.169940	0.626011	0.075912	11.522499
0.740915	-2.072336	-0.241127	0.019861	0.746021	-0.477793	-0.149416	0.617980	0.065376	11.521433
-0.671074	0.442488	-0.262771	-0.254828	0.703841	-0.405017	-0.127489	0.608325	0.054785	11.520387
0.665963	0.544171	-0.257287	-0.262669	0.700991	-0.402423	-0.126715	0.607966	0.054422	11.520352
0.213537	0.639832	-0.251522	-0.270372	0.698046	-0.399819	-0.125940	0.607606	0.054058	11.520316
-0.471895	1.418119	-0.043422	-0.414930	0.592803	-0.331498	-0.105861	0.597865	0.044810	11.519426
-0.182079	1.401828	0.169157	-0.451594	0.430246	-0.259132	-0.085073	0.587011	0.035532	11.518552
0.085917	1.005329	0.235602	-0.343475	0.178183	-0.171914	-0.060566	0.573263	0.024863	11.517569
0.197619	-0.085616	0.093680	-0.088775	-0.121621	-0.081007	-0.035572	0.558195	0.014169	11.516609
-0.211176	-0.148865	0.083331	-0.075197	-0.135686	-0.076732	-0.034410	0.557468	0.013674	11.516565
0.225635	-0.219809	0.072718	-0.061561	-0.149724	-0.072448	-0.033246	0.556738	0.013179	11.516521
-0.198592	-0.359384	-0.158823	0.182895	-0.395025	0.008026	-0.011581	0.542721	0.003987	11.515716
-1.167706	0.338344	-0.305809	0.349371	-0.580917	0.089968	0.010102	0.527843	-0.005212	11.514928
1.760442	-0.456796	0.067099	0.357402	-0.673699	0.186925	0.035283	0.509415	-0.015975	11.514028
-2.071260	0.179455	0.409519	0.198070	-0.624249	0.283933	0.060039	0.489956	-0.026733	11.513151
0.241164	0.492893	0.417078	0.187979	-0.618894	0.288476	0.061194	0.489013	-0.027241	11.513111
2.077580	0.804538	0.423646	0.177748	-0.613305	0.293010	0.062346	0.488068	-0.027748	11.513070
-1.049600	1.011054	0.339793	-0.022567	-0.474933	0.374402	0.083074	0.470473	-0.037000	11.512336
-1.589468	-1.288341	-0.124687	-0.207912	-0.286634	0.452053	0.103140	0.452224	-0.046238	11.511621
0.198995	1.538940	-0.629924	-0.324966	-0.043427	0.534900	0.125329	0.430363	-0.056901	11.510815
0.712931	-1.070501	-0.549281	-0.276970	0.188375	0.607631	0.146188	0.407771	-0.067531	11.510035
-0.703596	-1.368114	-0.527178	-0.271847	0.197592	0.610459	0.147043	0.406795	-0.067982	11.510002
0.149573	-1.663393	-0.503352	-0.266526	0.206743	0.613264	0.147894	0.405818	-0.068433	11.509970
0.370983	-1.644726	0.223995	-0.125372	0.376256	0.664891	0.164568	0.385688	-0.077598	11.509316
0.785397	1.544396	0.846307	0.042441	0.505263	0.704937	0.179899	0.365124	-0.086726	11.508682
-1.058463	-0.251838	0.638009	0.208614	0.587265	0.734515	0.195786	0.340810	-0.097252	11.507971
1.238959	-0.365007	-0.190557	0.311882	0.577210	0.743982	0.209451	0.316048	-0.107715	11.507287
1.324612	-0.411341	-0.228989	0.314787	0.574448	0.743939	0.209972	0.315003	-0.108151	11.507259
-1.332631	-0.467099	-0.267314	0.317580	0.571485	0.743861	0.210489	0.313958	-0.108587	11.507231
1.437348	-0.888152	-0.954572	0.343999	0.470100	0.734452	0.220235	0.292254	-0.117556	11.506664
-1.446886	0.710929	-1.079101	0.287610	0.308479	0.710052	0.228246	0.270316	-0.126467	11.506117
1.382257	-0.563283	0.010683	0.101535	0.080334	0.662999	0.235378	0.244745	-0.136680	11.505511
-1.287026	0.123890	1.118287	-0.126602	-0.154067	0.595481	0.240281	0.218981	-0.146800	11.504932
1.282953	0.306269	1.142534	-0.135846	-0.163952	0.592018	0.240447	0.217838	-0.147246	11.504907
-1.278927	0.477394	1.163631	-0.144943	-0.173773	0.588512	0.240609	0.216694	-0.147691	11.504883
1.214000	-0.455573	0.985842	-0.290291	-0.347033	0.511648	0.242930	0.194246	-0.156374	11.504406
-1.188152	-0.247633	0.033422	-0.371600	-0.466270	0.419044	0.243657	0.171732	-0.164977	11.503951
-0.869981	0.411138	-1.091123	-0.377539	-0.507874	0.292548	0.242571	0.145738	-0.174787	11.503453
0.207434	0.495383	-1.172259	-0.261620	-0.441643	0.146203	0.239484	0.119745	-0.184475	11.502985
1.382613	0.480176	-1.140310	-0.253176	-0.436601	0.139347	0.239301	0.118590	-0.184903	11.502965
-1.391999	0.461757	-1.105096	-0.244452	-0.431410	0.132471	0.239115	0.117437	-0.185330	11.502945
1.614709	-0.480357	0.018427	-0.035703	-0.303873	-0.005434	0.234723	0.094944	-0.193614	11.502565
-1.868281	0.432086	1.072442	0.180122	-0.141912	-0.146365	0.228922	0.072516	-0.201795	11.502207
2.115172	0.272047	0.804059	0.337547	0.059669	-0.306331	0.220480	0.046614	-0.211153	11.501821
-2.216829	-0.246372	-0.358941	0.377514	0.242723	-0.454268	0.210262	0.020885	-0.220357	11.501465
-2.152993	-0.149828	-0.397895	0.376714	0.249163	-0.459809	0.209818	0.019861	-0.220722	11.501451
2.215890	-0.051455	-0.435121	0.375729	0.255521	-0.465322	0.209370	0.018837	-0.221087	11.501438
-2.125657	0.185678	-0.774454	0.307472	0.369957	-0.575049	0.199056	-0.003184	-0.228893	11.501158
-1.793279	-0.193895	-0.389528	0.151915	0.437387	-0.663674	0.187512	-0.025008	-0.236573	11.500903
-1.036547	0.318789	-0.014177	-0.074356	0.455750	-0.735524	0.172751	-0.049862	-0.245257	11.500638
-0.914774	-0.432275	0.222753	-0.270205	0.414871	-0.774977	0.156480	-0.074374	-0.253760	11.500405
1.810133	-0.519818	0.230527	-0.276591	0.412017	-0.775933	0.155781	-0.075373	-0.254105	11.500396
-1.817207	-0.597955	0.238151	-0.282812	0.409073	-0.776839	0.155078	-0.076372	-0.254450	11.500387
2.078600	-0.071013	0.340944	-0.366667	0.327025	-0.784351	0.139665	-0.097326	-0.261672	11.500213
-2.469671	1.216948	0.253849	-0.342576	0.210408	-0.770741	0.123211	-0.117956	-0.268745	11.500064
2.917009	-1.555089	-0.047434	-0.203620	0.043781	-0.730829	0.102985	-0.141349	-0.276728	11.499923
-3.173416	1.485416	-0.147367	-0.001897	-0.130957	-0.667387	0.081572	-0.164226	-0.284500	11.499816
-0.964345	1.666884	-0.146991	0.006648	-0.137787	-0.664372	0.080686	-0.165137	-0.284809	11.499812
3.180073	1.827558	-0.146399	0.015182	-0.144580	-0.661325	0.079799	-0.166047	-0.285117	11.499809
-3.109831	-0.382051	-0.093792	0.192114	-0.280106	-0.587696	0.060308	-0.185434	-0.291678	11.499745
-1.764436	-2.020762	-0.001234	0.334063	-0.383141	-0.500075	0.040212	-0.204365	-0.298069	11.499708
2.423884	-0.885480	0.093368	0.413424	-0.439787	-0.383798	0.016497	-0.225562	-0.305210	11.499698
-2.023029	0.351724	0.134738	0.365364	-0.413691	-0.253583	-0.007631	-0.246069	-0.312110	11.499724
-0.608557	0.372196	0.134780	0.361274	-0.411419	-0.248849	-0.008476	-0.246770	-0.312346	11.499725
1.999666	0.395864	0.134711	0.357024	-0.409066	-0.244104	-0.009321	-0.247470	-0.312581	11.499727
-1.775809	1.817009	0.085701	0.207905	-0.327262	-0.123133	-0.030372	-0.264572	-0.318334	11.499779
0.198695	0.117506	-0.063001	0.004048	-0.211719	0.001620	-0.051431	-0.281092	-0.323896	11.499859
1.635274	-1.525081	-0.218328	-0.243318	-0.058041	0.146039	-0.075538	-0.299373	-0.330061	11.499985
-1.102874	1.139805	-0.185964	-0.451523	0.097432	0.286556	-0.099268	-0.316796	-0.335958	11.500147
-1.463348	1.252070	-0.179724	-0.458746	0.103550	0.292162	-0.100230	-0.317491	-0.336193	11.500155
-1.698638	1.358358	-0.173089	-0.465850	0.109635	0.297753	-0.101190	-0.318185	-0.336429	11.500162
1.917406	1.010536	0.300750	-0.639773	0.339514	0.531378	-0.143708	-0.348153	-0.346658	11.500570
0.548620	-1.024852	0.211048	-0.461065	0.446644	0.702071	-0.182782	-0.374662	-0.355867	11.501110
-2.121017	-0.983338	0.197750	-0.454544	0.447579	0.704431	-0.183463	-0.375116	-0.356027	11.501122
-0.606169	-0.937192	0.183982	-0.447921	0.448480	0.706758	-0.184140	-0.375570	-0.356187	11.501133
1.082209	1.027573	-0.236655	-0.239596	0.461697	0.755897	-0.201431	-0.387072	-0.360269	11.501447
2.147912	0.980679	-0.423151	0.015795	0.457917	0.779120	-0.217434	-0.397647	-0.364090	11.501793
-0.957325	0.841258	-0.421943	0.029520	0.457358	0.779560	-0.218197	-0.398150	-0.364274	11.501811
-2.142790	0.695823	-0.419654	0.043330	0.456767	0.779932	-0.218957	-0.398650	-0.364457	11.501829
0.545794	-1.140220	-0.181488	0.318608	0.439085	0.774122	-0.232872	-0.407768	-0.367835	11.502194
1.980212	-0.863571	0.308205	0.593913	0.408783	0.745526	-0.245563	-0.415974	-0.370965	11.502588
-1.919604	1.346542	0.656332	0.871228	0.357617	0.688230	-0.258596	-0.424205	-0.374232	11.503076
-1.381912	0.167856	0.308580	1.073105	0.287691	0.608437	-0.270067	-0.431161	-0.377160	11.503603
-0.915086	-0.029400	0.279800	1.080223	0.284072	0.604366	-0.270548	-0.431444	-0.377284	11.503628
1.946227	-0.226580	0.250241	1.087169	0.280410	0.600254	-0.271027	-0.431725	-0.377408	11.503653
1.413600	-1.592115	-0.403605	1.185276	0.202703	0.514201	-0.279634	-0.436601	-0.379646	11.504148
-2.178088	-0.095967	-1.006912	1.210136	0.114493	0.416895	-0.287088	-0.440446	-0.381616	11.504674
-0.803204	1.778143	-1.308567	1.138435	0.005706	0.294482	-0.294246	-0.443552	-0.383541	11.505317
2.540208	0.433940	-0.966292	0.961281	-0.105619	0.164507	-0.299917	-0.445211	-0.385097	11.506002
-2.547143	0.249033	-0.938681	0.951460	-0.110635	0.158503	-0.300139	-0.445251	-0.385158	11.506034
-0.691210	0.061426	-0.910275	0.941517	-0.115648	0.152487	-0.300358	-0.445288	-0.385219	11.506066
2.658745	-1.839950	-0.256602	0.729104	-0.209760	0.036352	-0.303971	-0.445408	-0.386234	11.506698
-2.705596	1.670655	0.499619	0.476431	-0.297769	-0.079706	-0.306455	-0.444404	-0.386961	11.507361
-0.236303	1.732489	1.398165	0.137416	-0.387116	-0.210218	-0.307882	-0.441858	-0.387443	11.508167
2.553786	-0.198916	2.072828	-0.249369	-0.458134	-0.333276	-0.307682	-0.437868	-0.387551	11.509015
-0.168641	-0.227791	2.098018	-0.268063	-0.460842	-0.338637	-0.307632	-0.437653	-0.387547	11.509055
-2.537562	-0.250739	2.122831	-0.286858	-0.463503	-0.343978	-0.307579	-0.437435	-0.387542	11.509094
-0.425568	-0.356557	2.528850	-0.655003	-0.503831	-0.440242	-0.305879	-0.432767	-0.387311	11.509866
0.389309	-0.426590	2.847935	-1.026959	-0.522495	-0.525193	-0.302815	-0.427110	-0.386810	11.510669
1.547539	-1.233002	3.191234	-1.426906	-0.512279	-0.606157	-0.297483	-0.419386	-0.385902	11.511638
-0.867130	0.460177	3.487576	-1.729266	-0.461449	-0.666082	-0.290138	-0.410456	-0.384648	11.512649
0.832441	0.798810	3.490416	-1.737863	-0.458144	-0.668225	-0.289768	-0.410036	-0.384585	11.512695
-0.797344	1.116606	3.491828	-1.745937	-0.454742	-0.670327	-0.289393	-0.409615	-0.384521	11.512740
0.089729	-0.265071	3.129131	-1.798921	-0.368267	-0.703608	-0.281127	-0.400835	-0.383129	11.513656
0.852933	-1.015909	1.775683	-1.657380	-0.249900	-0.721633	-0.271210	-0.391236	-0.381486	11.514603
1.489148	0.991583	-4.013461	-0.607130	0.093532	-0.707615	-0.241720	-0.365644	-0.376655	11.516952
1.637917	-0.935251	-3.084479	1.081394	0.408741	-0.620805	-0.204761	-0.336266	-0.370521	11.519468
-1.755376	0.207650	-2.791988	1.114683	0.414151	-0.618181	-0.203890	-0.335592	-0.370374	11.519524
-1.428867	0.849472	-2.486495	1.147563	0.419481	-0.615524	-0.203015	-0.334916	-0.370227	11.519580
0.992155	0.926556	-2.156515	1.181559	0.424978	-0.612705	-0.202095	-0.334206	-0.370072	11.519640
2.130100	0.486741	-1.821138	1.215039	0.430380	-0.609854	-0.201171	-0.333494	-0.369916	11.519699
-2.262488	-0.301514	-1.472056	1.249285	0.435894	-0.606853	-0.200208	-0.332752	-0.369753	11.519761
2.393378	-0.916807	-1.128578	1.282904	0.441297	-0.603819	-0.199242	-0.332009	-0.369590	11.519822
-1.132968	-0.521471	2.541654	1.681634	0.505387	-0.556883	-0.185169	-0.321252	-0.367194	11.520711
-6.031854	0.839305	3.841818	1.885270	0.541847	-0.503063	-0.170501	-0.310158	-0.364661	11.521617
-6.495281	0.751802	2.106191	1.771550	0.540487	-0.417462	-0.149266	-0.294240	-0.360925	11.522904
5.349048	-0.886478	-1.127964	1.295036	0.485836	-0.319879	-0.127142	-0.277761	-0.356936	11.524225
5.794024	-0.758134	-2.856102	-0.276258	0.241420	-0.081414	-0.077333	-0.240737	-0.347546	11.527175
-1.836611	0.879356	1.805564	-1.493018	-0.077755	0.168657	-0.025598	-0.201908	-0.337082	11.530277
1.713990	1.355933	1.862032	-1.508450	-0.085075	0.174307	-0.024382	-0.200987	-0.336826	11.530351
-1.590653	0.675130	1.911985	-1.523105	-0.092362	0.179939	-0.023167	-0.200065	-0.336569	11.530425
-0.677446	-0.507247	1.954631	-1.536746	-0.099493	0.185457	-0.021973	-0.199159	-0.336317	11.530498
0.756883	-1.367291	1.990777	-1.549623	-0.106593	0.190961	-0.020778	-0.198252	-0.336064	11.530571
1.229665	-1.140743	2.021027	-1.562013	-0.113835	0.196582	-0.019554	-0.197322	-0.335804	11.530645
-1.112994	0.470931	2.044628	-1.573575	-0.121041	0.202187	-0.018330	-0.196392	-0.335544	11.530720
-1.072795	1.416333	1.841572	-1.653426	-0.218656	0.279631	-0.000923	-0.183097	-0.331784	11.531793
-0.380163	0.741185	1.150900	-1.600834	-0.304468	0.351909	0.016457	-0.169687	-0.327915	11.532882
-0.099502	-1.490194	0.074413	-1.370263	-0.401155	0.442162	0.040755	-0.150667	-0.322290	11.534441
0.255022	1.038383	-0.561539	-1.041959	-0.468509	0.516397	0.064737	-0.131515	-0.316461	11.536032
-1.378565	1.342552	-0.724423	-0.698572	-0.507557	0.574668	0.089270	-0.111439	-0.310162	11.537725
0.538805	1.647210	-0.530930	-0.442984	-0.516162	0.612550	0.113119	-0.091341	-0.303654	11.539451
2.358434	1.480807	-0.519892	-0.435018	-0.515931	0.613596	0.114007	-0.090580	-0.303403	11.539517
-2.383947	1.294153	-0.508719	-0.427157	-0.515660	0.614614	0.114894	-0.089818	-0.303152	11.539583
2.727440	-1.701415	-0.225623	-0.270581	-0.499165	0.630552	0.134954	-0.072309	-0.297292	11.541119
-2.692995	0.351372	0.061410	-0.143210	-0.464717	0.632819	0.154236	-0.054875	-0.291282	11.542679
-1.356056	1.775889	0.286365	0.004092	-0.404706	0.619381	0.175763	-0.034531	-0.284032	11.544544
1.919560	1.586896	0.280397	0.176887	-0.327526	0.590070	0.195939	-0.014414	-0.276590	11.546443
-0.710323	1.580732	0.277847	0.180616	-0.325794	0.589315	0.196337	-0.014005	-0.276436	11.546482
-1.902841	1.573413	0.275207	0.184349	-0.324057	0.588553	0.196735	-0.013596	-0.276282	11.546521
1.611342	-0.088191	0.104537	0.337488	-0.248539	0.552341	0.212510	0.003079	-0.269877	11.548143
-1.423632	-1.703148	-0.131962	0.480395	-0.166374	0.507028	0.227183	0.019504	-0.263346	11.549788
-0.123434	-1.271678	-0.407530	0.618423	-0.066296	0.444482	0.242737	0.038136	-0.255644	11.551717
0.312588	0.678446	-0.685786	0.712592	0.035599	0.372379	0.256744	0.056320	-0.247787	11.553676
1.417631	0.777226	-0.698828	0.715583	0.040214	0.368895	0.257344	0.057135	-0.247426	11.553766
-1.424685	0.874228	-0.711920	0.718450	0.044825	0.365395	0.257940	0.057949	-0.247065	11.553856
-0.771825	1.360437	-0.974296	0.747483	0.131672	0.295409	0.268713	0.073309	-0.240100	11.555586
1.842723	0.616280	-1.183060	0.720773	0.214021	0.220311	0.278266	0.088240	-0.233028	11.557337
-2.088332	0.068492	-0.815703	0.613923	0.298736	0.128759	0.287754	0.104895	-0.224735	11.559386
2.211818	-0.536015	0.563317	0.438312	0.367068	0.033862	0.295553	0.120860	-0.216314	11.561462
-2.212761	-0.591870	0.623587	0.430619	0.369240	0.030264	0.295812	0.121445	-0.215996	11.561541
-0.416825	-0.644744	0.683668	0.422849	0.371382	0.026662	0.296069	0.122029	-0.215677	11.561619
2.149911	-0.786096	1.823064	0.224779	0.411635	-0.057160	0.301350	0.135279	-0.208232	11.563453
-0.737218	0.334938	1.935108	0.001713	0.431250	-0.140458	0.305300	0.147914	-0.200699	11.565307
-1.693941	0.655044	0.144357	-0.250424	0.423544	-0.233170	0.308157	0.161555	-0.191986	11.567452
1.413045	-0.690890	-2.060541	-0.416247	0.377714	-0.320493	0.309212	0.174277	-0.183172	11.569623
-1.401360	-0.560025	-2.119729	-0.420204	0.374591	-0.324325	0.309217	0.174838	-0.182765	11.569723
1.389839	-0.416444	-2.172739	-0.423766	0.371373	-0.328138	0.309218	0.175396	-0.182358	11.569824
-1.203464	0.825865	-1.893535	-0.419913	0.291924	-0.396645	0.308492	0.185589	-0.174610	11.571734
1.078990	-1.037758	0.481304	-0.304382	0.178371	-0.456741	0.306317	0.195034	-0.166796	11.573664
-1.014827	1.356696	2.199757	-0.094506	0.023251	-0.512942	0.301943	0.204969	-0.157736	11.575905
1.037761	-0.828657	0.975904	0.128152	-0.133504	-0.552551	0.295461	0.213929	-0.148603	11.578171
-1.040954	-1.290004	0.881151	0.137709	-0.140326	-0.553925	0.295111	0.214318	-0.148182	11.578276
1.044335	-1.725887	0.785632	0.147165	-0.147095	-0.555257	0.294756	0.214705	-0.147760	11.578380
-1.139402	0.494116	-0.956448	0.299860	-0.261753	-0.572270	0.287133	0.221647	-0.139758	11.580372
1.276979	2.190281	-1.964862	0.378122	-0.339333	-0.572412	0.277764	0.227884	-0.131710	11.582381
-1.456351	-0.661187	-1.493086	0.345802	-0.368205	-0.549390	0.264897	0.234204	-0.122405	11.584713
-0.609445	-2.358531	-0.105430	0.211615	-0.343869	-0.500268	0.249979	0.239635	-0.113055	11.587068
1.630113	-2.386136	-0.040714	0.203833	-0.341733	-0.497469	0.249258	0.239861	-0.112630	11.587175
0.994531	-2.410091	0.023241	0.195938	-0.339516	-0.494623	0.248533	0.240085	-0.112205	11.587282
0.267127	-2.059862	1.047679	0.028020	-0.282989	-0.431693	0.233934	0.244035	-0.104041	11.589348
-1.777978	-0.250116	1.549624	-0.151338	-0.205371	-0.354944	0.218111	0.247347	-0.095852	11.591431
-1.092921	2.252898	1.219230	-0.339522	-0.100014	-0.252896	0.198470	0.250404	-0.086355	11.593860
0.136944	-0.730892	-0.086207	-0.486751	0.009490	-0.141082	0.177609	0.252652	-0.076839	11.596310
1.488429	-1.066011	-0.149227	-0.491882	0.014075	-0.136142	0.176691	0.252731	-0.076431	11.596415
-1.475058	-1.394992	-0.211870	-0.496902	0.018639	-0.131197	0.175772	0.252808	-0.076023	11.596521
1.151830	-1.910408	-1.230277	-0.573139	0.105348	-0.030733	0.156989	0.254055	-0.067841	11.598642
0.279189	1.282236	-1.418622	-0.598160	0.179967	0.070228	0.137625	0.254741	-0.059655	11.600778
-0.452816	1.296485	-0.795365	-0.556407	0.248863	0.184723	0.114482	0.254851	-0.050102	11.603289
0.357363	-0.257272	0.401284	-0.433534	0.296598	0.291157	0.090964	0.254241	-0.040558	11.605819
-0.360999	-0.559895	0.452688	-0.426562	0.298112	0.295361	0.089976	0.254201	-0.040159	11.605926
0.365343	-0.870741	0.503639	-0.419435	0.299586	0.299546	0.088987	0.254158	-0.039760	11.606032
-1.045293	0.677675	1.754779	0.067621	0.322957	0.459790	0.044139	0.251001	-0.021696	11.610888
1.656103	-1.598004	-0.747284	0.722125	0.249249	0.545613	0.000357	0.245511	-0.003739	11.615808
-1.657426	-0.927142	-0.865731	0.733421	0.246071	0.546666	-0.000649	0.245355	-0.003317	11.615925
1.657869	-0.061417	-0.985786	0.744338	0.242817	0.547676	-0.001654	0.245197	-0.002896	11.616042
0.925253	0.909968	-1.112827	0.755453	0.239291	0.548695	-0.002716	0.245030	-0.002450	11.616165
0.858132	1.693375	-1.238076	0.766099	0.235683	0.549663	-0.003776	0.244860	-0.002004	11.616289
0.629154	-1.875224	-2.129318	0.860911	0.164199	0.558467	-0.020816	0.241913	0.005253	11.618311
-0.144138	1.523435	0.226884	0.775822	0.069543	0.554252	-0.037318	0.238620	0.012481	11.620343
-0.818444	-0.877781	2.279128	0.420033	-0.069766	0.530081	-0.057739	0.233878	0.021758	11.622978
0.549654	0.889681	0.363372	-0.130783	-0.202636	0.485438	-0.077101	0.228603	0.030974	11.625630
-0.544752	0.465380	0.239738	-0.155888	-0.207767	0.483076	-0.077906	0.228365	0.031368	11.625744
0.540528	0.015677	0.115962	-0.180977	-0.212836	0.480675	-0.078710	0.228126	0.031762	11.625858
-0.581303	-1.435582	-1.955141	-0.651095	-0.297642	0.424560	-0.094467	0.223108	0.039681	11.628167
0.785085	0.762642	-2.229368	-0.949557	-0.336824	0.354100	-0.109307	0.217725	0.047545	11.630487
-1.079005	2.203109	-1.011613	-0.943375	-0.309066	0.255050	-0.125350	0.211019	0.056620	11.633200
1.270168	1.630806	0.648284	-0.639262	-0.215794	0.140964	-0.139992	0.203864	0.065605	11.635927
-0.184616	1.462785	0.702242	-0.625873	-0.211900	0.137044	-0.140446	0.203623	0.065898	11.636017
-1.275123	1.289622	0.755904	-0.612331	-0.207966	0.133118	-0.140899	0.203381	0.066189	11.636106
0.244219	-1.592290	1.836668	-0.213666	-0.091604	0.027393	-0.152194	0.196878	0.073817	11.638458
1.090886	-0.862329	1.737591	0.207420	0.039282	-0.080272	-0.162335	0.190078	0.081369	11.640819
-0.852068	0.671465	0.642760	0.613304	0.187966	-0.200902	-0.172525	0.181891	0.089975	11.643552
0.657708	-0.467758	-0.581465	0.861049	0.311606	-0.311196	-0.181027	0.173352	0.098467	11.646297
-0.652126	-0.437642	-0.624028	0.867118	0.315971	-0.315573	-0.181351	0.172980	0.098827	11.646414
0.305519	-0.401941	-0.665331	0.872778	0.320248	-0.319922	-0.181673	0.172607	0.099188	11.646532
0.597771	0.441676	-1.199485	0.889694	0.384678	-0.400735	-0.187498	0.164887	0.106469	11.648930
0.568086	0.022744	-1.105601	0.698067	0.399198	-0.464493	-0.191925	0.156936	0.113656	11.651336
-0.774380	-0.443042	-0.311939	0.250291	0.357197	-0.514140	-0.195225	0.147481	0.121833	11.654127
0.835898	0.413768	0.717681	-0.256396	0.265288	-0.539852	-0.196499	0.137762	0.129870	11.656927
0.959464	0.405268	0.746447	-0.275337	0.260636	-0.540443	-0.196507	0.137355	0.130199	11.657043
-0.343371	0.388781	0.773206	-0.293985	0.255924	-0.540998	-0.196511	0.136948	0.130528	11.657159
-1.122588	-0.403763	0.855943	-0.607278	0.145864	-0.544828	-0.195769	0.128356	0.137332	11.659583
1.250408	0.438656	0.180428	-0.759937	0.020052	-0.535110	-0.193438	0.119615	0.144021	11.662014
-1.329722	-0.645217	-0.598982	-0.742148	-0.132602	-0.509255	-0.188868	0.109333	0.151616	11.664837
0.281868	-0.684652	-0.843556	-0.533591	-0.277813	-0.470306	-0.182450	0.098900	0.159045	11.667668
1.294448	-0.635060	-0.837691	-0.521031	-0.283477	-0.468438	-0.182145	0.098462	0.159351	11.667786
-1.289961	-0.580535	-0.830426	-0.508181	-0.289101	-0.466553	-0.181837	0.098024	0.159656	11.667905
1.150039	0.862101	-0.423127	-0.194350	-0.394384	-0.423907	-0.174840	0.088923	0.165904	11.670350
-0.961394	-0.643063	0.235530	0.152505	-0.472170	-0.375436	-0.166720	0.079750	0.172017	11.672802
0.762170	-1.242074	0.787467	0.482433	-0.515148	-0.314127	-0.156028	0.069032	0.178944	11.675657
-0.571910	1.224070	0.872170	0.604523	-0.492889	-0.249837	-0.144155	0.058282	0.185676	11.678518
-0.675948	1.334195	0.861799	0.603112	-0.490360	-0.247133	-0.143641	0.057837	0.185951	11.678636
0.676543	1.425667	0.850109	0.601121	-0.487694	-0.244424	-0.143125	0.057392	0.186225	11.678755
-0.764557	-0.479819	0.370320	0.447968	-0.404854	-0.187353	-0.131996	0.048112	0.191860	11.681231
0.992249	-1.616474	-0.266233	0.154190	-0.282582	-0.129579	-0.120247	0.038861	0.197339	11.683711
1.290782	-0.011435	-0.723304	-0.222062	-0.116004	-0.062554	-0.106027	0.028216	0.203480	11.686587
0.246897	1.729072	-0.679031	-0.490372	0.050154	0.003795	-0.091312	0.017675	0.209396	11.689468
-1.656548	1.700499	-0.664408	-0.497206	0.056396	0.006426	-0.090715	0.017255	0.209629	11.689584
-1.394285	1.659044	-0.648735	-0.503690	0.062594	0.009057	-0.090116	0.016836	0.209861	11.689699
1.941565	-0.873260	-0.148022	-0.557568	0.180855	0.065115	-0.077108	0.007836	0.214778	11.692195
-0.499651	-1.800581	0.337046	-0.452918	0.261016	0.119399	-0.063991	-0.001035	0.219517	11.694695
-2.212157	1.717010	0.398784	-0.170193	0.312604	0.178956	-0.048910	-0.011056	0.224744	11.697575
-1.497126	1.880658	0.002183	0.214541	0.334636	0.234557	-0.034017	-0.020841	0.229722	11.700458
2.052797	1.563656	-0.019919	0.231504	0.335166	0.236945	-0.033356	-0.021274	0.229939	11.700587
-2.039448	1.229700	-0.041995	0.248286	0.335667	0.239324	-0.032696	-0.021706	0.230156	11.700717
1.690138	-1.916282	-0.351754	0.512160	0.341539	0.283198	-0.020127	-0.029938	0.234237	11.703215
0.720259	-0.403062	-0.204807	0.604257	0.346697	0.322845	-0.007959	-0.037941	0.238121	11.705715
-0.787190	1.979089	0.267124	0.507539	0.361683	0.362762	0.005483	-0.046899	0.242365	11.708613
0.558703	-1.273472	0.565831	0.250925	0.387629	0.395388	0.018053	-0.055483	0.246330	11.711512
-0.557033	-1.585640	0.567994	0.237594	0.388947	0.396586	0.018559	-0.055835	0.246490	11.711634
0.121364	-1.895530	0.569053	0.224104	0.390282	0.397770	0.019063	-0.056186	0.246650	11.711756
0.679276	-2.050885	0.287076	-0.077358	0.421774	0.418888	0.029046	-0.063280	0.249838	11.714274
-0.985924	2.085455	-0.507880	-0.378093	0.460319	0.433232	0.038106	-0.070041	0.252805	11.716792
1.393989	-0.962383	-0.962264	-0.639796	0.512681	0.440616	0.047235	-0.077377	0.255936	11.719689
-1.667618	-2.092519	-0.323292	-0.740752	0.572838	0.437382	0.054846	-0.084207	0.258759	11.722585
1.672495	-1.415317	-0.273093	-0.741470	0.575173	0.437050	0.055095	-0.084446	0.258856	11.722691
-1.455571	-0.734547	-0.221011	-0.741996	0.577514	0.436702	0.055342	-0.084685	0.258953	11.722797
-1.666250	2.003103	1.112366	-0.701981	0.635017	0.423639	0.060643	-0.090158	0.261135	11.725318
1.492018	-1.841596	1.275341	-0.575028	0.691577	0.400927	0.064845	-0.095195	0.263072	11.727839
-0.741111	1.571110	-0.152676	-0.346849	0.747536	0.362100	0.068382	-0.100422	0.264993	11.730738
-0.963163	1.551661	-1.266184	-0.055038	0.783729	0.309906	0.070594	-0.105006	0.266576	11.733634
0.957347	1.317425	-1.286468	-0.044369	0.784469	0.307926	0.070647	-0.105149	0.266624	11.733732
-0.951736	1.081877	-1.305505	-0.033646	0.785174	0.305932	0.070698	-0.105291	0.266671	11.733830
0.872890	-0.988933	-1.298356	0.255842	0.789220	0.250406	0.071528	-0.108680	0.267745	11.736341
-0.891232	0.809862	-0.345039	0.555555	0.760158	0.188129	0.071465	-0.111535	0.268558	11.738850
0.977705	0.386640	0.862071	0.818064	0.674392	0.111352	0.070353	-0.114132	0.269166	11.741726
-0.968506	-0.776561	1.026804	0.885553	0.519911	0.032296	0.068214	-0.115991	0.269424	11.744597
-1.077320	-0.745669	0.999662	0.883114	0.511288	0.028797	0.068096	-0.116056	0.269428	11.744724
1.080713	-0.704126	0.969503	0.880200	0.502515	0.025302	0.067978	-0.116119	0.269430	11.744851
-1.126965	0.618800	-0.003164	0.731986	0.303194	-0.042362	0.065287	-0.117077	0.269343	11.747346
1.142289	1.174953	-0.912480	0.432418	0.068810	-0.106473	0.061979	-0.117487	0.268987	11.749837
-1.127126	-1.969746	-0.191494	-0.534532	-0.485916	-0.229832	0.052275	-0.116434	0.267091	11.755678
1.171997	-2.163589	1.166237	-0.867031	-0.798174	-0.290104	0.040824	-0.112852	0.263727	11.761493
0.375900	-1.972077	1.165952	-0.858203	-0.800008	-0.290492	0.040560	-0.112747	0.263637	11.761621
-0.713910	-1.725258	1.163511	-0.848478	-0.801577	-0.290833	0.040296	-0.112641	0.263546	11.761749
-1.181038	-1.382035	1.158881	-0.837904	-0.802877	-0.291127	0.040033	-0.112535	0.263454	11.761877
0.383190	-0.914935	1.152004	-0.826438	-0.803921	-0.291374	0.039770	-0.112428	0.263363	11.762004
1.188026	-0.285906	1.141477	-0.812421	-0.804795	-0.291597	0.039473	-0.112306	0.263258	11.762148
-0.182950	0.366238	1.127960	-0.797277	-0.805351	-0.291761	0.039176	-0.112183	0.263153	11.762292
-1.256904	2.092806	0.635757	-0.502149	-0.783751	-0.288385	0.035159	-0.110407	0.261655	11.764222
-0.226630	1.002356	-0.380189	-0.105594	-0.713630	-0.275554	0.031122	-0.108420	0.260008	11.766150
1.484999	0.998255	-1.740418	0.430777	-0.549157	-0.244215	0.025478	-0.105310	0.257454	11.768846
1.210755	-1.248582	-1.585910	0.739355	-0.327643	-0.200627	0.019915	-0.101861	0.254622	11.771534
-0.870636	0.246445	0.706168	0.761547	-0.071155	-0.148423	0.014496	-0.098114	0.251517	11.774219
-1.596222	0.702398	2.487572	0.482813	0.196425	-0.091350	0.009297	-0.094117	0.248152	11.776895
-2.106387	-0.764946	0.877281	-0.083274	0.460282	-0.029220	0.004067	-0.089624	0.244282	11.779744
2.208920	0.837401	-2.655403	-0.568379	0.657101	0.029725	-0.000748	-0.084951	0.240137	11.782583
1.490336	1.037598	-2.732319	-0.578248	0.662042	0.031615	-0.000903	-0.084790	0.239992	11.782680
1.251145	1.230314	-2.802910	-0.587499	0.666846	0.033495	-0.001057	-0.084629	0.239846	11.782776
-2.257251	1.086739	-2.571907	-0.633979	0.740769	0.077000	-0.004715	-0.080567	0.236116	11.785171
2.257927	-2.506364	0.331447	-0.406796	0.722375	0.112445	-0.007958	-0.076451	0.232205	11.787559
-2.202478	3.203563	2.691835	0.022958	0.601393	0.143472	-0.011206	-0.071531	0.227324	11.790391
2.089631	-2.626299	-0.038242	0.398422	0.405046	0.163078	-0.013697	-0.066647	0.222207	11.793211
-2.089442	-2.870158	-0.043446	0.398800	0.404744	0.163097	-0.013700	-0.066640	0.222200	11.793215
0.193943	-3.113930	-0.048649	0.399177	0.404441	0.163116	-0.013703	-0.066634	0.222193	11.793219
1.948577	-3.598485	-2.316113	0.518644	0.196210	0.171658	-0.015187	-0.062398	0.217468	11.795710
-1.786372	3.230445	-0.479290	0.344219	-0.014321	0.172575	-0.015913	-0.058309	0.212575	11.798192
1.606743	-2.509993	1.842284	-0.011264	-0.226150	0.165718	-0.015786	-0.054095	0.207087	11.800872
-1.444388	-0.217522	0.464825	-0.317536	-0.404502	0.151609	-0.014779	-0.050142	0.201422	11.803541
1.194231	-0.179223	0.427065	-0.321152	-0.406918	0.151338	-0.014758	-0.050082	0.201333	11.803582
1.439856	-0.141528	0.389302	-0.324717	-0.409318	0.151066	-0.014736	-0.050023	0.201244	11.803624
-1.323203	1.047891	-1.375127	-0.444028	-0.525980	0.132754	-0.013168	-0.046677	0.195984	11.806021
1.231862	-0.721807	-1.075449	-0.366634	-0.590857	0.110064	-0.011112	-0.043513	0.190596	11.808408
-1.154430	0.736226	0.017206	-0.135340	-0.601190	0.081236	-0.008448	-0.040259	0.184596	11.810992
-0.517472	-0.209738	0.515001	0.141501	-0.558428	0.049061	-0.005478	-0.037177	0.178461	11.813564
1.089402	-0.662201	0.536742	0.159647	-0.553799	0.046733	-0.005264	-0.036968	0.178030	11.813742
-1.085647	-1.042732	0.558651	0.177451	-0.548978	0.044396	-0.005049	-0.036761	0.177599	11.813920
-1.034426	1.307133	0.684892	0.355867	-0.474503	0.014709	-0.002331	-0.034232	0.172174	11.816133
-1.006913	-1.515061	0.120233	0.416606	-0.378903	-0.015423	0.000405	-0.031798	0.166662	11.818336
1.070228	1.709794	-0.507913	0.308869	-0.243156	-0.051837	0.003666	-0.028901	0.159747	11.821041
-1.203054	-1.881534	0.022674	0.025886	-0.098801	-0.085757	0.006640	-0.026095	0.152717	11.823729
-1.196111	-1.890126	0.024997	0.024842	-0.098330	-0.085861	0.006649	-0.026086	0.152694	11.823738
1.204296	-1.898657	0.027337	0.023788	-0.097855	-0.085966	0.006658	-0.026077	0.152671	11.823747
-1.400565	-0.396316	0.450764	-0.230263	0.022179	-0.111305	0.008811	-0.023761	0.146663	11.826000
1.633509	2.230016	0.366032	-0.391061	0.133523	-0.132569	0.010532	-0.021472	0.140585	11.828242
-1.149227	-2.389152	-0.295613	-0.439566	0.246309	-0.151045	0.011872	-0.018770	0.133304	11.830881
-2.030626	0.617810	-0.558139	-0.345344	0.334700	-0.160589	0.012299	-0.016058	0.125941	11.833502
2.030732	0.625028	-0.558094	-0.345070	0.334828	-0.160597	0.012299	-0.016053	0.125928	11.833507
-0.370577	0.632356	-0.558046	-0.344790	0.334958	-0.160604	0.012299	-0.016049	0.125916	11.833511
-2.018975	2.554142	-0.349416	-0.162242	0.390396	-0.160217	0.011805	-0.013651	0.119394	11.835797
-0.909680	1.529055	0.136421	0.065812	0.423543	-0.150501	0.010463	-0.011232	0.112823	11.838068
1.736501	-2.271182	0.669744	0.300880	0.432453	-0.128416	0.008171	-0.008593	0.105680	11.840502
-1.571251	-2.659379	0.848076	0.458316	0.411936	-0.093555	0.005154	-0.005919	0.098492	11.842920
1.566245	-2.324700	0.843183	0.461662	0.410654	-0.092079	0.005035	-0.005823	0.098234	11.843007
0.262883	-1.976087	0.837377	0.464826	0.409335	-0.090587	0.004914	-0.005726	0.097976	11.843093
-1.466348	2.729470	0.477779	0.489147	0.364801	-0.049123	0.001707	-0.003306	0.091533	11.845233
-0.050311	0.616811	-0.057668	0.427267	0.299708	-0.001095	-0.001837	-0.000851	0.085066	11.847359
1.409171	-2.951866	-0.635552	0.282651	0.205988	0.058563	-0.006170	0.002011	0.077631	11.849777
1.369922	-1.232667	-0.998112	0.094734	0.099493	0.119277	-0.010636	0.004928	0.070180	11.852177
0.583854	-1.151085	-1.004738	0.089343	0.096480	0.120913	-0.010758	0.005008	0.069976	11.852242
0.157152	-1.069993	-1.011199	0.083948	0.093463	0.122546	-0.010880	0.005089	0.069772	11.852307
-1.482845	1.284309	-1.137564	-0.090884	-0.006644	0.174450	-0.014867	0.007766	0.063066	11.854447
0.294347	3.045255	-1.113650	-0.244836	-0.104481	0.220825	-0.018700	0.010496	0.056360	11.856569
1.588204	3.318251	-0.931135	-0.375820	-0.202185	0.261802	-0.022582	0.013552	0.049020	11.858876
0.188923	1.301397	-0.595658	-0.467678	-0.282594	0.288761	-0.025979	0.016681	0.041694	11.861162
-0.359691	1.245357	-0.586450	-0.469341	-0.284178	0.289186	-0.026050	0.016754	0.041526	11.861214
-1.626695	1.189571	-0.577196	-0.470982	-0.285747	0.289600	-0.026121	0.016827	0.041358	11.861267
-0.789186	-0.795551	-0.172020	-0.520016	-0.336128	0.297874	-0.028620	0.019734	0.034737	11.863321
-0.405598	-2.179239	0.285196	-0.538782	-0.359994	0.288466	-0.030496	0.022709	0.028139	11.865357
1.131516	-2.791782	0.808981	-0.524668	-0.350064	0.255226	-0.031869	0.026101	0.020840	11.867601
1.383615	-1.675810	1.193214	-0.470780	-0.304582	0.200933	-0.032547	0.029583	0.013584	11.869822
0.243733	-1.616678	1.195580	-0.469411	-0.303483	0.199791	-0.032553	0.029647	0.013454	11.869862
-1.376993	-1.555196	1.197712	-0.468024	-0.302373	0.198642	-0.032559	0.029710	0.013324	11.869902
1.186831	2.061955	0.914556	-0.382951	-0.236214	0.134762	-0.032585	0.032922	0.006821	11.871887
-0.986294	0.188200	-0.173983	-0.281974	-0.153486	0.060796	-0.032086	0.036166	0.000366	11.873854
0.820722	-1.215535	-1.170810	-0.180505	-0.052922	-0.026216	-0.030972	0.039656	-0.006518	11.875949
-0.773284	0.828921	-0.871795	-0.107174	0.052282	-0.116891	-0.029269	0.043109	-0.013332	11.878022
0.775085	0.669650	-0.828168	-0.104456	0.057183	-0.121146	-0.029176	0.043268	-0.013649	11.878118
-0.777292	0.497751	-0.782703	-0.101795	0.062076	-0.125398	-0.029081	0.043428	-0.013965	11.878215
1.130053	-0.344642	1.173266	-0.031033	0.254892	-0.300862	-0.023882	0.050133	-0.027396	11.882305
-1.488430	0.391103	-0.190852	0.001100	0.375146	-0.442117	-0.016627	0.056397	-0.040463	11.886302
1.489736	0.312814	-0.218472	0.001611	0.375942	-0.443501	-0.016530	0.056468	-0.040615	11.886348
-1.490940	0.209521	-0.246083	0.002129	0.376721	-0.444877	-0.016433	0.056539	-0.040767	11.886395
1.493942	-0.179676	-0.328504	0.003732	0.378954	-0.448953	-0.016139	0.056750	-0.041222	11.886535
-0.098785	-0.420191	-0.410033	0.005410	0.381033	-0.452959	-0.015844	0.056960	-0.041677	11.886674
-1.474858	-0.005285	-1.124219	0.029936	0.393343	-0.492114	-0.012484	0.059191	-0.046580	11.888184
-0.686602	0.754412	-1.239745	0.069526	0.386048	-0.523116	-0.008867	0.061317	-0.051417	11.889679
1.051378	-0.181198	-0.381514	0.147079	0.348719	-0.551957	-0.003657	0.063975	-0.057766	11.891652
1.432835	-1.195265	0.710088	0.241506	0.285051	-0.566780	0.001963	0.066403	-0.063983	11.893599
-1.442139	-1.115267	0.751641	0.245950	0.281633	-0.567126	0.002227	0.066507	-0.064262	11.893687
1.424639	-1.031354	0.792024	0.250397	0.278172	-0.567443	0.002492	0.066611	-0.064540	11.893774
1.740728	0.654585	1.289871	0.336789	0.202090	-0.568011	0.007866	0.068548	-0.069973	11.895491
-2.135446	1.341770	1.006777	0.412527	0.113969	-0.557878	0.013477	0.070263	-0.075289	11.897187
0.260459	-0.839378	-0.259151	0.466676	0.006073	-0.534221	0.019936	0.071891	-0.081071	11.899052
2.832997	-1.175175	-1.228246	0.469437	-0.108082	-0.497814	0.026523	0.073197	-0.086693	11.900889
-2.838587	-0.994350	-1.238246	0.468046	-0.113115	-0.495939	0.026812	0.073246	-0.086935	11.900969
2.843570	-0.801451	-1.244644	0.466511	-0.118150	-0.494040	0.027101	0.073295	-0.087176	11.901049
-1.153373	1.037647	-0.768050	0.405997	-0.218170	-0.450862	0.032917	0.074131	-0.091962	11.902636
-1.801896	0.303239	0.287383	0.293020	-0.312203	-0.398304	0.038695	0.074685	-0.096614	11.904202
-2.302235	-0.845556	1.063841	0.107085	-0.405423	-0.326931	0.045184	0.074951	-0.101769	11.905967
0.765487	0.141267	0.451031	-0.119281	-0.475532	-0.243809	0.051455	0.074806	-0.106739	11.907702
1.935061	0.217239	0.409764	-0.128241	-0.477725	-0.240270	0.051698	0.074791	-0.106933	11.907770
-1.922271	0.293956	0.368119	-0.137156	-0.479868	-0.236712	0.051941	0.074776	-0.107126	11.907838
-0.874108	0.929589	-0.474335	-0.311699	-0.513345	-0.153981	0.057144	0.074267	-0.111301	11.909327
1.506960	-0.071186	-0.768730	-0.409540	-0.516327	-0.063453	0.062048	0.073418	-0.115336	11.910793
0.096811	-1.267870	-0.490989	-0.383344	-0.477446	0.045420	0.067137	0.072041	-0.119710	11.912417
-1.374197	0.556733	0.138985	-0.241651	-0.399535	0.158584	0.071685	0.070200	-0.123904	11.914011
1.375205	0.751917	0.167539	-0.232833	-0.394998	0.164028	0.071887	0.070101	-0.124099	11.914086
-1.376402	0.943471	0.195370	-0.223861	-0.390390	0.169477	0.072087	0.070000	-0.124294	11.914161
-1.113149	1.679863	0.477364	-0.031960	-0.291168	0.273002	0.075610	0.067877	-0.127922	11.915577
0.072367	-0.173614	0.126747	0.171161	-0.174244	0.374832	0.078548	0.065348	-0.131402	11.916968
1.650309	-1.895686	-0.379008	0.332700	-0.030923	0.483496	0.081057	0.062032	-0.135108	11.918489
-1.759935	-0.754737	-0.285452	0.349264	0.117348	0.583843	0.082670	0.058178	-0.138628	11.919979
0.604361	-0.630118	-0.269420	0.346875	0.123971	0.588096	0.082720	0.057992	-0.138781	11.920045
1.767867	-0.501841	-0.252756	0.344261	0.130580	0.592324	0.082768	0.057805	-0.138934	11.920111
-1.825040	1.874590	0.135889	0.255294	0.256800	0.669836	0.083296	0.053926	-0.141853	11.921388
1.849648	1.830014	0.413064	0.121124	0.372980	0.736010	0.082992	0.049617	-0.144629	11.922641
-1.674488	-1.767633	0.235032	-0.042763	0.485910	0.795017	0.081498	0.044190	-0.147632	11.924044
-1.823195	1.590799	-0.428552	-0.187453	0.569958	0.832949	0.078629	0.038285	-0.150447	11.925414
1.822198	1.676477	-0.448222	-0.191504	0.572115	0.833783	0.078512	0.038087	-0.150535	11.925458
-1.821191	1.750121	-0.467346	-0.195509	0.574236	0.834592	0.078393	0.037889	-0.150622	11.925502
0.388217	0.040013	-0.802314	-0.285026	0.618071	0.846468	0.074411	0.032182	-0.152985	11.926704
1.795726	-1.820514	-0.902256	-0.318800	0.629181	0.836058	0.069107	0.026168	-0.155194	11.927880
-1.864237	1.330873	-0.952607	-0.275449	0.599374	0.798044	0.061953	0.019317	-0.157423	11.929127
-0.238078	1.898474	-0.959554	-0.154893	0.525758	0.734847	0.053538	0.012194	-0.159471	11.930342
2.060017	1.754819	-0.957292	-0.144616	0.519304	0.729674	0.052918	0.011696	-0.159605	11.930424
-2.077964	1.584109	-0.954363	-0.134163	0.512694	0.724402	0.052294	0.011197	-0.159738	11.930506
-0.326536	-1.878226	-0.755704	0.008138	0.416898	0.649620	0.043994	0.004808	-0.161346	11.931528
2.688626	-1.069282	-0.077049	0.151308	0.303237	0.561360	0.035022	-0.001716	-0.162816	11.932525
-3.077938	1.735184	0.882532	0.286432	0.154928	0.442504	0.023678	-0.009582	-0.164380	11.933674
-2.300300	-0.815367	1.345761	0.343161	0.002723	0.312002	0.011760	-0.017541	-0.165751	11.934786
3.382419	-0.982669	1.350766	0.343185	-0.004809	0.305237	0.011153	-0.017940	-0.165814	11.934840
-3.392465	-1.136620	1.353932	0.342906	-0.012319	0.298457	0.010544	-0.018340	-0.165877	11.934895
-2.496338	-1.599329	1.106598	0.296049	-0.136611	0.181142	0.000115	-0.025124	-0.166870	11.935806
3.483817	-1.264074	0.300350	0.187419	-0.253600	0.061006	-0.010444	-0.031901	-0.167723	11.936689
1.043278	-0.362475	-0.918110	0.009722	-0.382660	-0.085287	-0.023276	-0.040083	-0.168571	11.937727
-3.173212	1.765768	-1.483670	-0.174304	-0.493524	-0.227849	-0.035900	-0.048154	-0.169211	11.938724
-0.536459	1.763893	-1.482415	-0.175594	-0.494279	-0.228896	-0.035994	-0.048214	-0.169215	11.938731
0.066208	1.761488	-1.481055	-0.176882	-0.495032	-0.229943	-0.036087	-0.048274	-0.169219	11.938739
2.994861	-0.307977	-0.809736	-0.304951	-0.570752	-0.343413	-0.046355	-0.054917	-0.169593	11.939544
2.988819	-2.126476	0.328204	-0.397201	-0.628348	-0.448603	-0.056191	-0.061407	-0.169820	11.940320
-2.722436	2.383571	1.275668	-0.450435	-0.670233	-0.560618	-0.067274	-0.068971	-0.169900	11.941216
2.734833	-0.515804	1.330911	-0.433386	-0.679069	-0.652465	-0.077316	-0.076208	-0.169766	11.942069
-2.735020	-0.670188	1.330414	-0.433290	-0.679054	-0.652621	-0.077334	-0.076221	-0.169765	11.942071
1.129842	-0.824495	1.329916	-0.433194	-0.679038	-0.652777	-0.077353	-0.076235	-0.169765	11.942073
2.872885	-2.655514	1.050019	-0.370943	-0.660091	-0.712560	-0.084990	-0.082160	-0.169478	11.942774
-3.067144	2.558258	0.733718	-0.276393	-0.617450	-0.753566	-0.091542	-0.087761	-0.169034	11.943444
1.940122	-2.237030	-0.130292	-0.140464	-0.544988	-0.778267	-0.097441	-0.093635	-0.168344	11.944161
3.296960	0.521875	-0.895741	0.017744	-0.451225	-0.782300	-0.101573	-0.098999	-0.167454	11.944838
-3.296689	0.534248	-0.897766	0.018413	-0.450812	-0.782278	-0.101586	-0.099020	-0.167450	11.944841
1.837987	0.546616	-0.899795	0.019086	-0.450395	-0.782255	-0.101599	-0.099040	-0.167446	11.944844
3.145025	1.257508	-1.019397	0.169960	-0.352685	-0.770164	-0.103654	-0.103337	-0.166486	11.945414
0.079608	-0.228674	-0.456222	0.318300	-0.245068	-0.744902	-0.104275	-0.107149	-0.165368	11.945955
-2.481195	-0.398544	0.282347	0.468418	-0.119145	-0.703517	-0.103454	-0.110739	-0.163957	11.946515
2.122097	0.154378	0.678512	0.595252	0.010476	-0.649633	-0.101212	-0.113660	-0.162357	11.947040
1.142146	0.166602	0.683612	0.597166	0.012707	-0.648611	-0.101162	-0.113704	-0.162328	11.947049
-2.111273	0.178451	0.688705	0.599071	0.014937	-0.647584	-0.101112	-0.113748	-0.162299	11.947057
0.779298	0.040351	0.903973	0.684312	0.131698	-0.589257	-0.097930	-0.115785	-0.160684	11.947501
1.710295	-0.260407	0.881558	0.730775	0.244597	-0.523553	-0.093771	-0.117275	-0.158919	11.947916
-0.921358	-0.456459	0.539348	0.710845	0.358043	-0.446034	-0.088282	-0.118283	-0.156856	11.948332
-1.543390	-0.386762	-0.189770	0.603714	0.458344	-0.363171	-0.081837	-0.118686	-0.154630	11.948717
-0.358168	-0.324412	-0.242339	0.594092	0.463951	-0.357973	-0.081414	-0.118692	-0.154489	11.948739
1.538394	-0.254630	-0.295201	0.584100	0.469493	-0.352762	-0.080988	-0.118695	-0.154347	11.948761
-1.513684	0.970900	-0.949244	0.387833	0.543970	-0.273100	-0.074218	-0.118480	-0.152148	11.949083
1.098504	1.087606	-0.910358	0.106184	0.598688	-0.191799	-0.066800	-0.117781	-0.149821	11.949378
1.550268	-0.758934	-0.117269	-0.264379	0.630421	-0.102133	-0.057990	-0.116470	-0.147122	11.949673
-1.628092	-0.997253	0.918032	-0.614610	0.626369	-0.013745	-0.048580	-0.114605	-0.144280	11.949938
1.634161	-0.947606	0.970697	-0.632811	0.624857	-0.008542	-0.048001	-0.114476	-0.144106	11.949953
1.413084	-0.883006	1.020836	-0.650580	0.623193	-0.003349	-0.047421	-0.114345	-0.143931	11.949967
-1.734669	0.677598	1.093260	-0.857616	0.579071	0.073083	-0.038514	-0.112161	-0.141254	11.950175
1.772185	-0.316654	-0.527779	-0.915987	0.495676	0.146216	-0.029279	-0.109558	-0.138471	11.950359
-0.781395	-0.142151	-1.232995	-0.654032	0.348554	0.225343	-0.018254	-0.106031	-0.135117	11.950543
-1.168544	0.065651	1.358177	0.020689	0.163942	0.296365	-0.006984	-0.101973	-0.131631	11.950696
1.167057	-0.001115	1.361723	0.022412	0.163506	0.296512	-0.006959	-0.101964	-0.131623	11.950697
-1.165588	-0.066933	1.365192	0.024112	0.163076	0.296657	-0.006934	-0.101954	-0.131615	11.950697
0.445152	0.465536	0.726496	0.658547	-0.012277	0.350364	0.003038	-0.097983	-0.128463	11.950806
0.060134	-1.655364	-1.750004	0.965011	-0.185440	0.394722	0.013045	-0.093631	-0.125220	11.950891
-0.639799	-1.668573	2.397132	-0.098192	-0.503537	0.453606	0.036096	-0.082082	-0.117329	11.951004
-1.018061	1.135817	0.277998	-0.961132	-0.571272	0.435290	0.057999	-0.068680	-0.109016	11.950999
1.057372	0.428195	0.107030	-0.961901	-0.570431	0.434816	0.058156	-0.068573	-0.108952	11.950999
1.009095	-0.188034	-0.066249	-0.962563	-0.569568	0.434338	0.058312	-0.068467	-0.108889	11.950998
-1.206725	-1.080052	-0.549483	-0.963838	-0.567079	0.432996	0.058741	-0.068173	-0.108714	11.950997
-0.142513	-0.588362	-1.030003	-0.964304	-0.564420	0.431615	0.059169	-0.067879	-0.108539	11.950995
1.439454	0.496395	-1.545583	-0.963855	-0.561240	0.430024	0.059646	-0.067548	-0.108344	11.950994
-1.559570	0.970487	-2.016821	-0.962361	-0.557846	0.428383	0.060122	-0.067217	-0.108148	11.950992
2.961346	-0.440282	-3.183488	-0.808988	-0.485855	0.399068	0.066951	-0.062257	-0.105250	11.950961
1.734335	-0.021718	0.016363	-0.411057	-0.379460	0.361038	0.073456	-0.057112	-0.102314	11.950917
-3.444221	0.006365	3.262898	0.272597	-0.191165	0.295733	0.081979	-0.049552	-0.098110	11.950833
-3.580951	-0.268453	2.236049	0.721787	0.015481	0.220850	0.089619	-0.041651	-0.093838	11.950725
-2.924820	0.415706	0.229715	0.894273	0.210720	0.141141	0.096219	-0.033446	-0.089514	11.950594
-2.249589	1.291344	-1.485660	0.842558	0.369312	0.060909	0.101663	-0.024933	-0.085132	11.950440
1.162220	-1.754790	-2.377900	0.599297	0.480795	-0.016222	0.105853	-0.016018	-0.080645	11.950260
0.700588	1.685994	-2.094238	0.201976	0.539687	-0.084615	0.108573	-0.006820	-0.076110	11.950057
-1.042918	1.868461	-2.083421	0.196583	0.540064	-0.085359	0.108596	-0.006708	-0.076055	11.950055
1.046276	2.047725	-2.072429	0.191178	0.540433	-0.086101	0.108619	-0.006597	-0.076001	11.950052
-1.598915	-1.241609	-0.813946	-0.245410	0.545294	-0.138491	0.109669	0.002314	-0.071692	11.949841
2.275199	-2.112460	0.556348	-0.600622	0.503402	-0.178351	0.109165	0.011447	-0.067351	11.949610
-0.479976	-2.111663	0.559018	-0.601269	0.503244	-0.178433	0.109162	0.011470	-0.067340	11.949609
-2.277738	-2.110886	0.561719	-0.601922	0.503084	-0.178517	0.109158	0.011493	-0.067330	11.949608
2.547300	-1.464315	1.177678	-0.724726	0.418826	-0.205957	0.107029	0.020670	-0.063036	11.949363
-2.453409	1.760963	0.856355	-0.533470	0.296908	-0.222604	0.103187	0.030017	-0.058720	11.949099
2.130456	-1.466637	-0.161033	-0.115440	0.136670	-0.229377	0.096989	0.040309	-0.054020	11.948793
-1.781527	0.012249	-0.737880	0.303035	-0.034792	-0.225494	0.088679	0.050713	-0.049305	11.948467
1.074292	0.028733	-0.739651	0.306183	-0.036362	-0.225413	0.088594	0.050809	-0.049262	11.948464
1.776189	0.044908	-0.741355	0.309313	-0.037931	-0.225331	0.088508	0.050905	-0.049219	11.948461
0.393907	0.842935	-0.599795	0.526473	-0.187448	-0.213562	0.079298	0.060398	-0.044936	11.948148
-1.512679	0.514567	0.022979	0.572650	-0.318215	-0.195168	0.068732	0.069906	-0.040650	11.947819
1.532823	-0.196594	0.766529	0.451937	-0.431501	-0.168630	0.055838	0.080298	-0.035957	11.947441
-1.614682	-0.351915	0.902465	0.194142	-0.509938	-0.136722	0.041819	0.090618	-0.031272	11.947045
1.139757	-0.334186	0.891602	0.186082	-0.511533	-0.135808	0.041430	0.090892	-0.031147	11.947034
1.619967	-0.315199	0.879859	0.177986	-0.513101	-0.134890	0.041042	0.091167	-0.031021	11.947023
-1.716119	0.458669	0.141236	-0.106954	-0.550234	-0.101878	0.027376	0.100523	-0.026735	11.946643
-0.203556	0.201620	-0.663644	-0.349060	-0.553567	-0.066633	0.013200	0.109736	-0.022464	11.946249
1.973842	-1.023698	-1.212308	-0.465126	-0.518235	-0.028581	-0.002008	0.119209	-0.018002	11.945821
1.976511	-1.469788	-1.212868	-0.372177	-0.442301	0.009254	-0.017314	0.128433	-0.013568	11.945377
-2.008814	1.899420	-0.418962	-0.105358	-0.324390	0.047544	-0.033315	0.137848	-0.008923	11.944893
-0.756184	-1.929575	0.586904	0.207076	-0.176111	0.082672	-0.048882	0.146879	-0.004319	11.944393
1.983164	-2.176020	0.599578	0.211665	-0.173553	0.083197	-0.049125	0.147019	-0.004246	11.944385
-1.982210	-2.419396	0.612038	0.216222	-0.170994	0.083721	-0.049367	0.147159	-0.004174	11.944377
1.659433	-2.437782	1.044405	0.414564	-0.021882	0.110646	-0.062445	0.154723	-0.000168	11.943924
1.791117	1.850986	1.081346	0.444019	0.138042	0.132915	-0.074776	0.161909	0.003795	11.943460
-1.643136	2.276055	0.535163	0.205809	0.324047	0.151492	-0.087826	0.169682	0.008312	11.942912
-0.988462	0.492506	-0.525651	-0.164680	0.481688	0.160951	-0.099335	0.176845	0.012762	11.942349
1.505866	0.399750	-0.532058	-0.167279	0.482628	0.160982	-0.099411	0.176894	0.012793	11.942345
-1.505011	0.307017	-0.538418	-0.169874	0.483564	0.161012	-0.099487	0.176943	0.012825	11.942341
1.410877	-1.376385	-0.758526	-0.431102	0.570279	0.160419	-0.108158	0.182716	0.016698	11.941831
0.242709	0.845376	0.276551	-0.489291	0.582712	0.150742	-0.115410	0.187947	0.020509	11.941312
-1.183407	0.435537	0.668525	-0.254866	0.494094	0.130230	-0.121690	0.192981	0.024570	11.940737
0.972095	-0.314249	-0.531175	0.215468	0.322545	0.101047	-0.126334	0.197321	0.028547	11.940151
-0.953363	0.011880	-0.623078	0.247568	0.308274	0.098728	-0.126599	0.197598	0.028823	11.940110
0.934057	0.347978	-0.706872	0.278635	0.293767	0.096376	-0.126856	0.197872	0.029099	11.940068
-0.655733	-0.739561	-0.814128	0.542445	0.091253	0.063514	-0.129461	0.201087	0.032614	11.939527
0.401461	-1.460028	0.231749	0.482854	-0.122400	0.027052	-0.130762	0.203693	0.036052	11.938977
-0.284856	2.060332	1.129455	0.121976	-0.343974	-0.016002	-0.130718	0.205884	0.039794	11.938354
0.200554	0.597879	-0.440458	-0.354033	-0.514852	-0.059443	-0.129161	0.207338	0.043429	11.937721
0.503085	0.461519	-0.476389	-0.361555	-0.517242	-0.060211	-0.129120	0.207358	0.043493	11.937710
-0.510932	0.324927	-0.512089	-0.368998	-0.519603	-0.060978	-0.129078	0.207377	0.043557	11.937698
0.758371	-2.204040	-1.434950	-0.590786	-0.597715	-0.097548	-0.126488	0.208044	0.046644	11.937137
1.773850	1.843077	0.077891	-0.439278	-0.595119	-0.131400	-0.122847	0.208186	0.049642	11.936568
-0.769809	0.013936	1.563135	0.001109	-0.514052	-0.166519	-0.117383	0.207713	0.053002	11.935902
-3.097479	-0.764952	0.802321	0.411698	-0.385558	-0.197335	-0.110655	0.206576	0.056240	11.935228
3.108591	-0.543144	0.697629	0.425964	-0.379222	-0.198635	-0.110322	0.206509	0.056384	11.935197
-3.118461	-0.328960	0.587786	0.439717	-0.372869	-0.199926	-0.109986	0.206441	0.056528	11.935166
-0.978543	0.575081	-1.506517	0.580977	-0.251082	-0.223437	-0.102968	0.204853	0.059277	11.934565
2.765082	-0.704502	-1.175415	0.445564	-0.145556	-0.243987	-0.095087	0.202781	0.061933	11.933957
-2.252158	1.026916	1.390712	0.120105	-0.047232	-0.263618	-0.085346	0.199918	0.064786	11.933275
1.808150	-1.024193	1.052028	-0.191593	0.037181	-0.280024	-0.074673	0.196491	0.067526	11.932586
-1.793802	-1.176955	0.985789	-0.203568	0.040690	-0.280677	-0.074182	0.196327	0.067644	11.932555
1.780051	-1.323742	0.918201	-0.215361	0.044186	-0.281325	-0.073689	0.196162	0.067762	11.932525
0.586880	-0.350870	-0.527969	-0.410298	0.113881	-0.293366	-0.063221	0.192548	0.070138	11.931897
-1.606139	1.408262	-1.277031	-0.492290	0.183129	-0.303160	-0.052112	0.188504	0.072423	11.931265
1.669414	-1.301466	-0.189397	-0.431260	0.262511	-0.311525	-0.039262	0.183595	0.074826	11.930568
-1.692180	0.037018	0.985826	-0.265237	0.342417	-0.317635	-0.025787	0.178207	0.077123	11.929867
1.311145	0.218509	1.020008	-0.256627	0.345876	-0.317856	-0.025179	0.177959	0.077222	11.929836
1.688420	0.395015	1.052284	-0.247958	0.349326	-0.318073	-0.024571	0.177710	0.077321	11.929805
-1.587344	1.106920	1.206376	-0.066151	0.417938	-0.321717	-0.011767	0.172360	0.079317	11.929163
-1.216011	-0.171381	0.331663	0.092254	0.478825	-0.323855	0.001411	0.166645	0.081227	11.928518
1.199011	-1.273367	-0.821603	0.228807	0.532814	-0.324647	0.016367	0.159896	0.083247	11.927801
-1.044179	1.523914	-1.035589	0.322677	0.567639	-0.323968	0.031558	0.152735	0.085165	11.927082
-0.729785	1.546155	-1.018740	0.326449	0.568858	-0.323894	0.032371	0.152343	0.085264	11.927043
1.034201	1.552612	-0.999383	0.330093	0.570009	-0.323817	0.033185	0.151949	0.085363	11.927005
0.783691	1.504930	-0.397843	0.367831	0.578266	-0.322064	0.046948	0.145140	0.086991	11.926357
-1.035572	1.037872	0.359508	0.345754	0.563496	-0.319591	0.060702	0.138030	0.088540	11.925708
1.092679	-2.190849	0.781924	0.220034	0.517213	-0.315196	0.076043	0.129697	0.090185	11.924978
-1.107668	0.142622	0.236098	-0.019752	0.437177	-0.307966	0.091133	0.121025	0.091732	11.924249
1.107601	0.204053	0.234082	-0.020385	0.436948	-0.307945	0.091168	0.121004	0.091736	11.924247
-0.627195	0.266251	0.232039	-0.021025	0.436715	-0.307923	0.091203	0.120983	0.091739	11.924245
-1.043629	1.882296	-0.530749	-0.252922	0.336083	-0.298256	0.104187	0.113076	0.093021	11.923602
0.921644	-1.484624	-0.766345	-0.418615	0.205584	-0.284678	0.116789	0.104936	0.094229	11.922961
-0.748690	1.017522	0.368188	-0.430661	0.020718	-0.263709	0.130418	0.095506	0.095501	11.922239
-0.112341	-0.186724	1.117848	-0.187756	-0.196363	-0.235626	0.143329	0.085820	0.096682	11.921519
0.567531	-0.476346	1.077254	-0.169992	-0.206372	-0.234148	0.143902	0.085369	0.096734	11.921486
-0.560241	-0.744231	1.026810	-0.151685	-0.216333	-0.232654	0.144473	0.084919	0.096785	11.921453
0.435519	0.725609	-1.118303	0.271591	-0.397522	-0.199090	0.155455	0.075847	0.097777	11.920798
0.086416	-0.700779	-1.755585	0.605155	-0.515090	-0.157686	0.165632	0.066593	0.098695	11.920144
-0.378380	0.481751	1.553014	0.610637	-0.531458	-0.104138	0.175463	0.056574	0.099592	11.919453
-0.460142	-0.216232	2.486633	0.306952	-0.443865	-0.040560	0.184163	0.046388	0.100409	11.918764
0.470114	-0.014527	2.445392	0.281024	-0.435669	-0.036324	0.184663	0.045750	0.100457	11.918721
-0.525441	0.203069	2.399558	0.254482	-0.427200	-0.032060	0.185159	0.045111	0.100505	11.918678
-0.692792	-0.343856	1.660748	-0.181154	-0.276763	0.033442	0.191858	0.035679	0.101172	11.918053
0.327902	-0.674801	0.803001	-0.619051	-0.095326	0.102863	0.197416	0.026147	0.101775	11.917430
2.368500	1.542889	-0.524147	-0.969225	0.119764	0.185411	0.202316	0.014984	0.102395	11.916712
2.374245	1.678119	-2.356636	-0.971789	0.304658	0.266796	0.205418	0.003737	0.102933	11.915998
-0.434505	1.634816	-2.384334	-0.968021	0.307263	0.268082	0.205452	0.003555	0.102941	11.915986
-2.403317	1.588973	-2.411812	-0.964117	0.309854	0.269366	0.205486	0.003373	0.102949	11.915975
3.242612	-1.823895	-3.097060	-0.533062	0.427157	0.336358	0.206560	-0.006463	0.103349	11.915357
-2.055128	1.670760	-1.284461	0.298467	0.493023	0.397485	0.206079	-0.016330	0.103689	11.914743
-4.581774	1.418895	2.000150	1.257197	0.388279	0.504373	0.198674	-0.038946	0.104247	11.913351
1.287940	-0.936092	-0.891106	-1.199363	-0.058366	0.550942	0.181658	-0.061519	0.104515	11.911980
-1.166744	-0.145177	-0.620632	-1.232156	-0.067709	0.551166	0.181214	-0.061967	0.104518	11.911953
1.043866	0.989785	-0.335372	-1.262678	-0.076989	0.551361	0.180767	-0.062415	0.104520	11.911926
-0.926282	0.564510	-0.057474	-1.289751	-0.085843	0.551521	0.180332	-0.062846	0.104523	11.911899
0.811544	-1.046144	0.208662	-1.314488	-0.094624	0.551654	0.179893	-0.063277	0.104525	11.911873
0.397872	-0.900345	0.517823	-1.343297	-0.106056	0.551788	0.179310	-0.063844	0.104527	11.911839
-0.527168	1.126877	0.768821	-1.367643	-0.117343	0.551874	0.178721	-0.064410	0.104530	11.911805
-0.518549	-1.771221	0.162160	-1.306326	-0.252667	0.548334	0.170154	-0.072016	0.104546	11.911345
-0.499225	2.377968	-0.315497	-0.797280	-0.353128	0.535651	0.160456	-0.079593	0.104531	11.910888
-0.437883	1.951487	0.210767	0.025084	-0.436969	0.500754	0.144876	-0.090308	0.104459	11.910241
-0.449731	0.513913	0.051580	0.541864	-0.456882	0.444601	0.127404	-0.100936	0.104328	11.909599
-0.439223	0.067449	-0.399896	0.782490	-0.420153	0.366966	0.108358	-0.111417	0.104141	11.908965
1.226321	-2.704149	-0.284921	0.981200	-0.338089	0.271231	0.087895	-0.121780	0.103900	11.908335
-1.816008	2.114922	0.787226	1.151127	-0.222322	0.161609	0.066084	-0.132084	0.103604	11.907705
0.044569	-0.658075	0.778560	1.249920	-0.086365	0.044115	0.043303	-0.142236	0.103256	11.907079
2.129281	-1.046514	0.756724	1.251197	-0.083566	0.041753	0.042845	-0.142435	0.103249	11.907067
-2.133132	-1.429651	0.733864	1.252452	-0.080760	0.039387	0.042385	-0.142634	0.103241	11.907054
2.246051	0.918883	-0.870368	1.286166	0.058061	-0.076914	0.019474	-0.152349	0.102853	11.906450
-2.220659	0.056159	-1.250866	1.266587	0.189447	-0.189319	-0.003908	-0.161889	0.102420	11.905850
-1.017427	0.048765	-1.249766	1.266470	0.189768	-0.189603	-0.003970	-0.161914	0.102419	11.905848
2.220254	0.041417	-1.248657	1.266352	0.190088	-0.189887	-0.004031	-0.161939	0.102417	11.905847
1.503124	-0.578852	-0.419404	1.201607	0.293281	-0.286725	-0.026131	-0.170686	0.101973	11.905290
-1.082914	-0.144290	0.692009	1.085772	0.369560	-0.372123	-0.048277	-0.179255	0.101492	11.904737
-1.757837	0.916334	1.402671	0.887608	0.419300	-0.448251	-0.072123	-0.188325	0.100931	11.904141
1.543546	0.324176	1.083910	0.606301	0.434602	-0.504714	-0.095592	-0.197156	0.100330	11.903551
-1.333616	-1.499150	0.355011	0.260827	0.416456	-0.542089	-0.119239	-0.206024	0.099670	11.902944
-0.026004	-1.259180	-0.019679	-0.095386	0.367733	-0.559351	-0.141993	-0.214602	0.098971	11.902342
1.161074	-1.245855	-0.020967	-0.097197	0.367405	-0.559391	-0.142109	-0.214647	0.098967	11.902339
1.031545	-1.232370	-0.022254	-0.099008	0.367077	-0.559430	-0.142225	-0.214691	0.098963	11.902336
0.617210	1.866549	-0.264169	-0.407043	0.295749	-0.558415	-0.162872	-0.222590	0.098262	11.901766
-1.037656	1.331576	-0.606301	-0.644054	0.204259	-0.541876	-0.182279	-0.230193	0.097529	11.901200
1.038179	1.301721	-0.612635	-0.647361	0.202487	-0.541453	-0.182609	-0.230325	0.097516	11.901190
0.121773	1.272120	-0.618944	-0.650627	0.200712	-0.541026	-0.182939	-0.230456	0.097503	11.901180
-1.105822	-0.351283	-0.904332	-0.768662	0.100340	-0.512378	-0.199731	-0.237238	0.096794	11.900658
1.215550	-1.793283	-0.980926	-0.758906	-0.010769	-0.472410	-0.215313	-0.243739	0.096062	11.900140
-1.331391	1.647064	-0.640036	-0.579379	-0.140845	-0.415371	-0.231294	-0.250674	0.095214	11.899564
1.377065	1.559233	0.107364	-0.280994	-0.263267	-0.346686	-0.245669	-0.257224	0.094340	11.898992
-1.376599	1.283276	0.135405	-0.269196	-0.267284	-0.344049	-0.246150	-0.257449	0.094308	11.898972
1.138106	1.004831	0.163253	-0.257352	-0.271272	-0.341399	-0.246628	-0.257674	0.094277	11.898952
1.312286	-1.291667	0.704011	0.043612	-0.359366	-0.271118	-0.257907	-0.263128	0.093479	11.898448
-1.183218	0.443410	0.710674	0.316174	-0.417730	-0.193878	-0.267848	-0.268253	0.092663	11.897949
1.013473	0.968066	0.122954	0.517530	-0.433933	-0.103090	-0.277188	-0.273486	0.091748	11.897404
-0.865663	-0.840586	-0.657917	0.548278	-0.384559	-0.008995	-0.284834	-0.278292	0.090815	11.896864
0.860235	-0.638617	-0.675010	0.544438	-0.380434	-0.004633	-0.285145	-0.278503	0.090772	11.896839
0.413241	-0.420506	-0.689198	0.540089	-0.376141	-0.000276	-0.285452	-0.278713	0.090729	11.896814
0.140734	0.775573	-0.430194	0.365161	-0.261616	0.084895	-0.290741	-0.282652	0.089867	11.896329
-0.774962	-0.801091	0.440553	0.083663	-0.107362	0.167017	-0.294565	-0.286212	0.088994	11.895847
0.840082	0.243612	0.834068	-0.245328	0.082069	0.252851	-0.297086	-0.289767	0.087995	11.895306
-0.984564	1.191586	0.503710	-0.474588	0.252016	0.327573	-0.297645	-0.292810	0.086984	11.894770
0.995593	1.158264	0.468593	-0.483996	0.260764	0.331571	-0.297615	-0.292974	0.086924	11.894738
0.471985	1.116493	0.432214	-0.492908	0.269323	0.335515	-0.297578	-0.293137	0.086864	11.894707
-1.192177	0.321783	-0.175343	-0.565351	0.368537	0.385372	-0.296271	-0.295255	0.086004	11.894259
1.384835	-0.079090	-0.794168	-0.537929	0.422926	0.422000	-0.293475	-0.297019	0.085139	11.893815
1.677994	-2.278265	-1.232621	-0.387456	0.437120	0.445414	-0.287995	-0.298697	0.084081	11.893278
0.320364	0.720568	-1.061488	-0.137990	0.407173	0.443006	-0.280163	-0.299879	0.083019	11.892747
-1.927239	1.143006	-1.041693	-0.125132	0.404926	0.442316	-0.279752	-0.299921	0.082971	11.892723
1.936552	1.556782	-1.021095	-0.112178	0.402606	0.441579	-0.279337	-0.299962	0.082923	11.892699
-2.082641	3.100660	-0.524255	0.142605	0.346587	0.419392	-0.270650	-0.300554	0.082020	11.892252
-2.183458	1.623239	0.066379	0.396776	0.269975	0.383030	-0.260369	-0.300816	0.081117	11.891808
2.244857	0.000790	0.752932	0.649467	0.160093	0.325676	-0.246466	-0.300720	0.080063	11.891293
1.985046	-2.916217	1.322694	0.803002	0.035619	0.256109	-0.230745	-0.300208	0.079012	11.890783
1.421261	-2.956892	1.330473	0.804402	0.033486	0.254878	-0.230471	-0.300196	0.078994	11.890775
-2.254793	-2.996783	1.338187	0.805759	0.031352	0.253645	-0.230196	-0.300184	0.078977	11.890766
-1.135878	-4.016481	1.640671	0.810587	-0.082401	0.185665	-0.215068	-0.299399	0.078063	11.890324
0.454875	-3.204497	1.703326	0.665075	-0.192433	0.114043	-0.198842	-0.298322	0.077154	11.889886
2.093802	-0.782433	1.498874	0.331760	-0.302236	0.032056	-0.179364	-0.296772	0.076136	11.889395
-1.129667	2.212168	0.984023	-0.098865	-0.385703	-0.047486	-0.158849	-0.294886	0.075126	11.888909
-1.994374	2.263101	0.970928	-0.107408	-0.386968	-0.048959	-0.158447	-0.294846	0.075107	11.888900
-1.422331	2.313515	0.957708	-0.115950	-0.388220	-0.050431	-0.158046	-0.294807	0.075088	11.888891
0.408813	3.397258	0.190654	-0.500889	-0.429706	-0.116080	-0.138972	-0.292840	0.074194	11.888461
1.525704	0.854151	-0.784867	-0.811485	-0.432541	-0.173981	-0.119366	-0.290631	0.073309	11.888035
1.718263	-2.501852	-1.421766	-0.982997	-0.381291	-0.225814	-0.097518	-0.287958	0.072352	11.887574
-0.381510	0.447738	-1.001202	-0.915800	-0.266766	-0.265465	-0.075377	-0.285027	0.071405	11.887117
-1.642692	1.159755	-0.949445	-0.904895	-0.258417	-0.267423	-0.074070	-0.284847	0.071350	11.887090
1.639275	1.873256	-0.895497	-0.893287	-0.249919	-0.269341	-0.072761	-0.284666	0.071294	11.887064
-1.562843	1.147468	1.043666	-0.195414	0.077028	-0.309887	-0.029459	-0.278226	0.069483	11.886188
-0.240997	-0.275452	0.372855	0.722977	0.359493	-0.307499	0.013284	-0.270990	0.067710	11.885330
1.495404	-0.293932	0.298881	0.746199	0.365548	-0.306749	0.014626	-0.270749	0.067654	11.885303
0.848366	-0.318604	0.221944	0.768688	0.371353	-0.305958	0.015968	-0.270507	0.067598	11.885276
-1.038472	-0.327540	0.191276	0.777215	0.373539	-0.305640	0.016489	-0.270412	0.067577	11.885266
-1.490232	-0.334866	0.160209	0.785612	0.375682	-0.305316	0.017008	-0.270318	0.067555	11.885255
-1.018712	0.414736	-0.740589	0.982559	0.422669	-0.290836	0.034488	-0.267074	0.066830	11.884903
1.405598	-0.636827	-0.341522	0.973653	0.414129	-0.269616	0.051764	-0.263721	0.066111	11.884554
-1.405944	0.978527	0.653298	0.719154	0.329293	-0.232798	0.073818	-0.259228	0.065190	11.884106
-1.406091	-0.591122	0.074703	0.307719	0.186366	-0.187841	0.095437	-0.254586	0.064280	11.883663
1.406258	-0.887309	0.073066	0.306624	0.185972	-0.187724	0.095489	-0.254575	0.064277	11.883662
-1.406426	-1.183280	0.071435	0.305530	0.185578	-0.187607	0.095541	-0.254563	0.064275	11.883661
1.495748	-0.956168	-0.187297	-0.087608	0.037136	-0.144325	0.113855	-0.250439	0.063497	11.883282
-1.627103	1.086657	-0.227999	-0.437410	-0.114480	-0.098959	0.131771	-0.246229	0.062728	11.882906
1.927519	-0.592837	-0.463984	-0.684605	-0.262877	-0.048781	0.151009	-0.241505	0.061890	11.882496
1.938941	-0.874587	-0.630970	-0.691548	-0.367537	-0.000805	0.169677	-0.236706	0.061062	11.882090
-1.946493	0.008258	-0.629141	-0.682439	-0.371775	0.001880	0.170751	-0.236423	0.061014	11.882067
1.953872	0.880625	-0.624965	-0.672220	-0.375778	0.004547	0.171821	-0.236140	0.060966	11.882043
-2.048317	0.748541	-0.255680	-0.402702	-0.409426	0.043423	0.188134	-0.231736	0.060227	11.881680
2.112327	-1.323793	0.329764	-0.032015	-0.394849	0.076880	0.203906	-0.227297	0.059497	11.881321
-2.160484	1.740451	0.483337	0.309903	-0.332074	0.108037	0.220875	-0.222301	0.058689	11.880923
2.197725	-2.062325	0.040680	0.411405	-0.232477	0.133171	0.237076	-0.217292	0.057893	11.880529
-0.237942	-2.131399	0.029381	0.410949	-0.230075	0.133640	0.237409	-0.217187	0.057876	11.880521
-2.199269	-2.196066	0.018129	0.410396	-0.227662	0.134107	0.237741	-0.217081	0.057860	11.880513
2.234388	-2.513943	-0.310059	0.305681	-0.116099	0.151967	0.251639	-0.212561	0.057151	11.880162
0.225938	-2.423381	-0.124600	0.092559	0.003681	0.165934	0.264836	-0.208056	0.056450	11.879814
-2.329685	2.862855	0.185990	-0.112402	0.130129	0.177491	0.278673	-0.203070	0.055681	11.879431
-1.419975	1.043998	0.023943	-0.123662	0.230527	0.185457	0.291551	-0.198134	0.054922	11.879053
2.398358	0.818037	0.019203	-0.122594	0.231782	0.185556	0.291742	-0.198058	0.054911	11.879047
-2.399527	0.591566	0.014440	-0.121498	0.233030	0.185654	0.291934	-0.197982	0.054899	11.879041
2.071999	-2.628276	-0.200273	-0.038320	0.290909	0.190242	0.302693	-0.193574	0.054222	11.878703
2.548124	0.155764	-0.087041	0.003838	0.330064	0.192926	0.312589	-0.189234	0.053555	11.878368
-2.620668	1.432575	0.235817	-0.062255	0.360506	0.194192	0.322265	-0.184639	0.052845	11.878011
2.671588	1.518873	0.436663	-0.288351	0.380752	0.194081	0.330847	-0.180153	0.052146	11.877659
-1.082875	1.458005	0.437439	-0.304753	0.381518	0.194044	0.331249	-0.179930	0.052111	11.877641
-2.675065	1.390733	0.437062	-0.321660	0.382260	0.194003	0.331648	-0.179708	0.052076	11.877623
1.016623	-0.087653	0.252828	-0.693091	0.391682	0.192833	0.338261	-0.175805	0.051460	11.877311
2.689317	-0.727320	-0.213914	-1.149002	0.394417	0.190873	0.343916	-0.172016	0.050852	11.877003
-2.669468	0.381813	-0.694784	-1.685401	0.390362	0.187616	0.349203	-0.167810	0.050163	11.876652
2.640815	-0.099868	0.094158	-2.148868	0.379848	0.183196	0.353161	-0.163785	0.049487	11.876306
0.480844	-0.103627	0.107657	-2.152709	0.379725	0.183151	0.353191	-0.163749	0.049480	11.876303
-0.003932	-0.107212	0.121256	-2.156542	0.379601	0.183105	0.353221	-0.163713	0.049474	11.876299
-2.613478	-0.084767	1.741403	-2.492170	0.365682	0.178295	0.355582	-0.160315	0.048884	11.875997
-2.173062	-0.598483	3.419554	-2.761308	0.348275	0.172783	0.356884	-0.157086	0.048304	11.875697
2.565521	-2.127720	4.893882	-2.989541	0.325190	0.165763	0.357126	-0.153638	0.047656	11.875362
-1.257303	-4.359974	5.864902	-3.139139	0.299579	0.158024	0.356118	-0.150438	0.047020	11.875031
-2.548743	-4.394658	5.876988	-3.140980	0.299139	0.157890	0.356091	-0.150387	0.047009	11.875026
0.587746	-4.429139	5.888968	-3.142803	0.298697	0.157756	0.356064	-0.150336	0.046999	11.875021
3.053608	-5.815284	6.343988	-3.210164	0.274921	0.150422	0.354161	-0.147742	0.046451	11.874734
3.379059	-6.218819	6.467458	-3.222408	0.250740	0.142669	0.351372	-0.145340	0.045912	11.874451
