1.969704	-2.124940	0.655322	-0.616631	-0.234353	0.862209	-0.257771	0.247932	11.705562
-0.804190	-2.016823	0.695927	-0.622921	-0.236117	0.862773	-0.257936	0.247898	11.705534
0.809488	-1.626488	0.730622	-0.626346	-0.237273	0.863378	-0.258096	0.247860	11.705505
-0.086589	-0.076762	0.786522	-0.619265	-0.237140	0.865322	-0.258525	0.247724	11.705422
-0.795175	0.739324	0.755595	-0.582842	-0.232023	0.867534	-0.258912	0.247547	11.705339
-0.905857	0.731530	0.751121	-0.580038	-0.231638	0.867650	-0.258930	0.247537	11.705335
-0.292052	0.717504	0.746336	-0.577129	-0.231240	0.867767	-0.258949	0.247527	11.705331
0.985252	-0.253104	0.595186	-0.504518	-0.221683	0.870009	-0.259267	0.247321	11.705253
0.213265	-1.108348	0.305054	-0.397662	-0.208059	0.872342	-0.259550	0.247080	11.705175
-1.081620	-1.116016	0.282696	-0.390240	-0.207120	0.872482	-0.259565	0.247064	11.705170
1.087459	-1.116549	0.259736	-0.382702	-0.206167	0.872623	-0.259581	0.247048	11.705165
0.321651	-0.332681	-0.151345	-0.247704	-0.189163	0.874860	-0.259810	0.246781	11.705091
-1.093243	1.028208	-0.521516	-0.084960	-0.168714	0.877060	-0.260006	0.246482	11.705016
-1.481907	1.773394	-0.649971	0.135758	-0.140576	0.879512	-0.260193	0.246089	11.704928
1.710041	0.213091	-0.275161	0.369027	-0.108014	0.881752	-0.260334	0.245652	11.704840
-0.194513	0.046469	-0.250283	0.379188	-0.106448	0.881847	-0.260339	0.245631	11.704836
-1.733568	-0.126951	-0.225019	0.389287	-0.104874	0.881941	-0.260344	0.245610	11.704832
1.977060	-1.922390	0.283256	0.565700	-0.072960	0.883613	-0.260424	0.245191	11.704755
-2.216534	1.815410	0.580485	0.688460	-0.037966	0.885000	-0.260469	0.244737	11.704677
2.418762	-1.056704	0.168164	0.729153	0.006093	0.886173	-0.260477	0.244171	11.704588
-0.208259	-1.332157	-0.476877	0.638993	0.053496	0.886806	-0.260438	0.243558	11.704497
-2.460572	-1.207316	-0.498106	0.631271	0.055754	0.886820	-0.260435	0.243528	11.704493
2.456974	-1.072841	-0.517894	0.623221	0.058012	0.886834	-0.260432	0.243498	11.704489
1.388684	1.176665	-0.571354	0.411576	0.099904	0.886824	-0.260354	0.242924	11.704410
-1.363740	0.665528	-0.017625	0.090245	0.140266	0.886278	-0.260240	0.242314	11.704331
-1.664654	-1.299239	0.590472	-0.326830	0.182454	0.884905	-0.260061	0.241565	11.704239
1.319625	-0.626855	0.361804	-0.674850	0.216988	0.882652	-0.259829	0.240768	11.704146
-1.306771	-0.478425	0.337425	-0.686850	0.218267	0.882533	-0.259818	0.240733	11.704142
0.727575	-0.322938	0.312352	-0.698538	0.219527	0.882411	-0.259807	0.240697	11.704138
1.090234	1.910591	-0.231564	-0.853074	0.239983	0.879612	-0.259559	0.239966	11.704058
-0.967150	-0.858742	-0.590809	-0.819799	0.250712	0.876027	-0.259271	0.239200	11.703977
0.909746	-2.490933	-0.537963	-0.513346	0.250924	0.870834	-0.258886	0.238270	11.703883
-0.928767	-2.236258	0.104658	-0.031389	0.238500	0.864442	-0.258445	0.237293	11.703788
0.931244	-1.876753	0.136633	-0.007819	0.237644	0.864123	-0.258424	0.237247	11.703784
0.261719	-1.500415	0.168087	0.015790	0.236763	0.863803	-0.258402	0.237202	11.703779
-1.006925	2.575223	0.539486	0.456568	0.215054	0.857185	-0.257967	0.236311	11.703697
1.114889	1.646239	0.230693	0.808050	0.184340	0.849676	-0.257487	0.235384	11.703614
-1.260217	-2.049528	-0.404021	0.987808	0.138249	0.839970	-0.256881	0.234276	11.703518
1.397720	-1.728067	-0.543300	0.848668	0.081590	0.829124	-0.256213	0.233120	11.703421
-1.403203	-1.555335	-0.529579	0.833565	0.078819	0.828605	-0.256181	0.233067	11.703417
0.211905	-1.371708	-0.513921	0.817657	0.076034	0.828083	-0.256149	0.233013	11.703412
1.495894	1.334947	0.057664	0.390728	0.020666	0.817656	-0.255514	0.231967	11.703328
-1.560380	-1.170813	0.605500	-0.150742	-0.036732	0.806396	-0.254830	0.230886	11.703243
1.623829	1.151988	0.062238	-0.726621	-0.101694	0.792395	-0.253983	0.229595	11.703145
1.446196	-1.130422	-0.654327	-1.065264	-0.161150	0.777321	-0.253070	0.228259	11.703046
-1.702549	-1.191569	-0.665763	-1.071966	-0.163658	0.776609	-0.253027	0.228197	11.703041
1.706696	-1.232384	-0.674222	-1.077764	-0.166144	0.775895	-0.252984	0.228135	11.703037
-1.797257	0.540513	-0.370975	-1.028474	-0.209266	0.761852	-0.252132	0.226932	11.702950
1.018885	1.270488	0.275371	-0.743324	-0.243591	0.747027	-0.251229	0.225695	11.702863
2.001480	0.080642	0.636906	-0.252404	-0.271955	0.729035	-0.250129	0.224231	11.702762
-0.171175	-0.998426	0.522291	0.277670	-0.288502	0.710045	-0.248960	0.222722	11.702661
-1.601514	-1.010588	0.507994	0.299654	-0.288950	0.709205	-0.248908	0.222656	11.702656
-2.077743	-1.018602	0.492984	0.321485	-0.289376	0.708363	-0.248856	0.222590	11.702652
-1.517982	-0.471030	0.083320	0.722629	-0.293312	0.690942	-0.247776	0.221236	11.702563
-0.012643	0.559832	-0.330334	1.007140	-0.288339	0.672791	-0.246643	0.219848	11.702474
2.015166	0.687432	-0.434811	1.115827	-0.271656	0.651040	-0.245274	0.218212	11.702371
0.727902	-0.710759	0.027026	0.940836	-0.243585	0.628386	-0.243834	0.216533	11.702267
-0.455430	-0.733471	0.048664	0.928044	-0.242156	0.627401	-0.243771	0.216460	11.702262
-1.884721	-0.748688	0.069759	0.914889	-0.240710	0.626415	-0.243708	0.216388	11.702258
1.327945	0.131802	0.363339	0.584735	-0.207624	0.606030	-0.242395	0.214893	11.702167
1.609909	1.024120	0.403352	0.190142	-0.168392	0.585083	-0.241027	0.213367	11.702076
1.577865	-1.118934	0.257493	-0.267662	-0.117253	0.560396	-0.239387	0.211576	11.701970
-1.402675	-0.055269	0.151111	-0.668365	-0.061336	0.535128	-0.237673	0.209744	11.701864
1.401800	0.516944	0.139810	-0.684261	-0.058704	0.533964	-0.237593	0.209659	11.701859
-1.401166	1.072687	0.127355	-0.699906	-0.056066	0.532800	-0.237513	0.209575	11.701854
1.429983	-0.196110	-0.262660	-0.943728	-0.004443	0.510242	-0.235947	0.207936	11.701761
-1.506967	-0.812870	-0.580075	-1.051522	0.048154	0.487369	-0.234323	0.206266	11.701667
0.832258	0.730516	-0.256002	-0.983089	0.107929	0.460969	-0.232401	0.204326	11.701559
1.587185	-0.770515	0.620700	-0.786361	0.166372	0.434318	-0.230404	0.202349	11.701451
-1.583275	-0.385308	0.640159	-0.774699	0.169313	0.432946	-0.230300	0.202246	11.701445
1.578918	0.014956	0.654729	-0.762982	0.172248	0.431574	-0.230195	0.202144	11.701440
-0.312869	0.881527	0.259430	-0.564459	0.220765	0.408324	-0.228395	0.200397	11.701345
-1.226611	-0.954892	-0.658826	-0.389311	0.266731	0.385013	-0.226538	0.198622	11.701250
0.928400	0.934343	-0.318713	-0.248059	0.315725	0.358103	-0.224323	0.196540	11.701139
-0.647128	-0.822105	0.628708	-0.154236	0.359367	0.331270	-0.222031	0.194424	11.701028
0.635826	-0.449829	0.644668	-0.150582	0.361217	0.330046	-0.221924	0.194326	11.701023
-0.009043	-0.060280	0.656392	-0.146959	0.363055	0.328822	-0.221817	0.194228	11.701018
-0.446632	0.746612	0.212605	-0.081671	0.395538	0.305440	-0.219737	0.192341	11.700920
-0.145247	-0.830941	-0.732803	-0.017993	0.422317	0.282248	-0.217596	0.190429	11.700821
0.270024	1.150312	-0.459233	0.067763	0.444988	0.256104	-0.215080	0.188217	11.700708
-0.273345	-1.568595	0.891057	0.196815	0.458207	0.230428	-0.212486	0.185974	11.700594
0.274935	-1.071147	0.915580	0.204463	0.458575	0.229242	-0.212362	0.185868	11.700588
-0.276645	-0.544186	0.933207	0.212282	0.458920	0.228057	-0.212239	0.185762	11.700583
-0.044110	1.815800	0.224981	0.381817	0.460982	0.206422	-0.209928	0.183797	11.700484
0.407072	-1.760268	-1.122171	0.572887	0.454399	0.185324	-0.207557	0.181810	11.700384
-0.550397	1.410715	-0.015689	0.766538	0.434995	0.161330	-0.204714	0.179463	11.700268
-0.629194	0.741657	1.310938	0.842003	0.402119	0.137924	-0.201790	0.177087	11.700150
0.633847	-0.141095	1.293433	0.841085	0.400305	0.136881	-0.201656	0.176979	11.700145
-0.638450	-0.990817	1.265481	0.839738	0.398462	0.135838	-0.201522	0.176871	11.700139
0.714399	0.848872	-0.449208	0.738365	0.357789	0.116061	-0.198925	0.174795	11.700037
-0.763901	-0.911570	-1.469740	0.519093	0.307642	0.096576	-0.196267	0.172699	11.699934
0.793753	1.094434	-0.289216	0.172832	0.239653	0.074429	-0.193130	0.170263	11.699815
0.409800	-1.019988	1.128744	-0.203882	0.162288	0.052486	-0.189912	0.167801	11.699695
-0.817446	-1.136237	1.176782	-0.220261	0.158630	0.051506	-0.189766	0.167690	11.699690
0.818838	-1.242136	1.223100	-0.236542	0.154956	0.050526	-0.189620	0.167580	11.699685
-0.859399	-1.075060	1.795237	-0.522034	0.081301	0.031651	-0.186765	0.165430	11.699580
0.934427	0.225126	1.875553	-0.727714	0.003118	0.012783	-0.183848	0.163264	11.699476
-1.071813	1.242545	1.675877	-0.858804	-0.092177	-0.009263	-0.180373	0.160719	11.699353
1.257827	-0.011947	1.464795	-0.885237	-0.190396	-0.031485	-0.176814	0.158153	11.699229
-1.266848	-0.105905	1.454796	-0.884235	-0.194721	-0.032460	-0.176656	0.158040	11.699224
-0.201021	-0.200034	1.444603	-0.883062	-0.199048	-0.033436	-0.176499	0.157928	11.699219
1.467263	-1.318534	1.182157	-0.827378	-0.284191	-0.052763	-0.173367	0.155705	11.699112
0.531422	0.257548	0.772948	-0.716670	-0.367827	-0.072364	-0.170173	0.153467	11.699005
-1.949241	1.708830	0.296687	-0.531910	-0.460903	-0.095575	-0.166380	0.150848	11.698879
2.239870	-1.721117	0.014372	-0.301453	-0.547173	-0.119341	-0.162501	0.148210	11.698753
-2.253476	-1.892020	0.004700	-0.290183	-0.550878	-0.120432	-0.162324	0.148090	11.698747
1.621562	-2.054119	-0.004863	-0.278852	-0.554564	-0.121525	-0.162146	0.147970	11.698741
2.522080	-2.307414	-0.192546	-0.053959	-0.620614	-0.142541	-0.158734	0.145686	11.698632
-2.732416	2.508096	-0.510623	0.182667	-0.678057	-0.164114	-0.155258	0.143389	11.698522
2.847171	1.783986	-1.256221	0.459568	-0.731921	-0.189975	-0.151136	0.140703	11.698394
-2.740577	-0.060820	-2.162941	0.723861	-0.769544	-0.216772	-0.146927	0.138003	11.698264
1.726080	-0.069219	-2.202207	0.735385	-0.770834	-0.218020	-0.146733	0.137879	11.698258
2.717077	-0.073032	-2.241005	0.746849	-0.772086	-0.219270	-0.146538	0.137755	11.698252
2.548115	-2.134845	-2.984413	1.153697	-0.786139	-0.273621	-0.138238	0.132554	11.698003
-1.236131	-0.369975	-1.410737	1.343451	-0.714249	-0.332042	-0.129614	0.127307	11.697751
0.637933	0.107453	-1.370835	1.344229	-0.711680	-0.333316	-0.129428	0.127195	11.697745
1.232648	0.548287	-1.331323	1.344852	-0.709066	-0.334592	-0.129241	0.127083	11.697740
-1.231925	0.931822	-1.286963	1.345370	-0.706042	-0.336042	-0.129029	0.126956	11.697734
1.232160	1.174505	-1.243191	1.345685	-0.702955	-0.337495	-0.128816	0.126829	11.697728
-1.363955	-0.814027	-0.618677	1.319051	-0.642245	-0.362133	-0.125210	0.124685	11.697624
1.612686	-0.133139	-0.168818	1.227837	-0.565912	-0.387034	-0.121549	0.122535	11.697520
2.107792	0.413340	0.719125	1.005641	-0.447654	-0.419359	-0.116743	0.119750	11.697385
-2.400553	-0.601979	2.179263	0.655162	-0.311719	-0.451621	-0.111847	0.116957	11.697249
2.406058	-0.417649	2.228107	0.636889	-0.305501	-0.453014	-0.111632	0.116836	11.697243
-1.409904	-0.224274	2.273980	0.618367	-0.299264	-0.454406	-0.111418	0.116714	11.697237
-2.367151	0.982813	2.338723	0.201722	-0.171599	-0.481767	-0.107141	0.114313	11.697120
2.117248	-1.344626	0.562145	-0.287218	-0.037948	-0.508682	-0.102796	0.111906	11.697002
-1.682394	1.676683	-1.554265	-0.874098	0.121063	-0.539215	-0.097653	0.109098	11.696864
1.229039	1.444736	-1.696031	-1.388559	0.279109	-0.568623	-0.092419	0.106286	11.696726
-1.209578	1.348820	-1.659913	-1.409476	0.286478	-0.569981	-0.092169	0.106152	11.696719
-0.418210	1.251037	-1.621009	-1.430014	0.293832	-0.571336	-0.091919	0.106019	11.696712
0.895297	-0.662291	-0.585947	-1.734493	0.424404	-0.595352	-0.087343	0.103600	11.696592
-0.101479	-2.149709	0.525786	-1.900314	0.547250	-0.618138	-0.082699	0.101178	11.696472
-0.643752	-0.938334	1.066750	-1.901734	0.677297	-0.642921	-0.077195	0.098350	11.696330
0.757711	2.210219	0.653969	-1.705324	0.791654	-0.665507	-0.071598	0.095520	11.696188
-0.767341	2.083200	0.614643	-1.693345	0.796442	-0.666473	-0.071343	0.095392	11.696181
-0.593604	1.934293	0.573743	-1.681191	0.801199	-0.667434	-0.071087	0.095264	11.696175
1.030657	-0.675750	-0.313054	-1.433690	0.885490	-0.684803	-0.066155	0.092811	11.696051
-1.351038	-1.996873	-0.713675	-1.218110	0.956577	-0.700111	-0.061152	0.090358	11.695926
1.707201	1.747584	0.083822	-1.091786	1.020951	-0.714876	-0.055335	0.087549	11.695782
0.088209	-1.252246	0.686324	-1.061487	1.066227	-0.726424	-0.049424	0.084741	11.695638
-1.957415	-1.357559	0.681697	-1.061391	1.067821	-0.726869	-0.049152	0.084613	11.695631
1.963713	-1.441759	0.673139	-1.061353	1.069371	-0.727307	-0.048880	0.084485	11.695624
0.502694	-0.260665	-0.028040	-1.054843	1.090812	-0.734217	-0.043673	0.082053	11.695498
-1.933560	1.163256	-0.772895	-0.977454	1.096514	-0.738317	-0.038395	0.079623	11.695371
1.775818	-1.188846	-0.346582	-0.714923	1.082767	-0.739425	-0.032199	0.076815	11.695224
-1.612232	1.177859	0.755483	-0.286841	1.046547	-0.736633	-0.025912	0.074012	11.695075
-0.795703	1.255188	0.796356	-0.262177	1.044159	-0.736394	-0.025599	0.073873	11.695068
1.598545	1.313439	0.834147	-0.237226	1.041714	-0.736145	-0.025285	0.073735	11.695060
-1.505243	0.329157	1.018850	0.238589	0.989812	-0.730279	-0.019777	0.071317	11.694931
-0.076782	-0.864366	0.553826	0.765897	0.920177	-0.721535	-0.014213	0.068904	11.694801
1.395996	-1.529134	-0.300429	1.377299	0.816383	-0.707772	-0.007680	0.066105	11.694649
1.389255	-1.120738	-1.005748	1.908367	0.687396	-0.690162	-0.001086	0.063314	11.694497
-1.336514	-1.018266	-1.030758	1.929172	0.680953	-0.689275	-0.000786	0.063188	11.694490
-0.482382	-0.905672	-1.055091	1.949624	0.674462	-0.688380	-0.000487	0.063062	11.694483
1.261023	1.425093	-1.382284	2.263960	0.540784	-0.669872	0.005232	0.060669	11.694350
-1.163919	0.294006	-1.429287	2.405411	0.387505	-0.648551	0.010984	0.058282	11.694217
1.030208	-1.314585	-1.169478	2.328591	0.185133	-0.620133	0.017728	0.055507	11.694061
0.331502	1.117517	-0.614114	2.018249	-0.034189	-0.587928	0.024500	0.052743	11.693904
-0.896159	1.260171	-0.579203	1.999573	-0.044205	-0.586403	0.024803	0.052620	11.693897
0.891169	1.379058	-0.543223	1.980525	-0.054227	-0.584872	0.025106	0.052497	11.693890
-0.820272	-0.977584	0.288630	1.546104	-0.247319	-0.554102	0.030905	0.050147	11.693755
0.982377	-1.681530	1.090919	0.995889	-0.438157	-0.520604	0.036713	0.047807	11.693620
0.986841	-0.714344	1.516414	0.242369	-0.649513	-0.478068	0.043495	0.045087	11.693460
-1.375448	0.922138	1.275640	-0.566671	-0.838843	-0.431857	0.050271	0.042382	11.693300
-0.453547	1.025668	1.248458	-0.602086	-0.846570	-0.429722	0.050571	0.042263	11.693293
1.422930	1.133296	1.219813	-0.637370	-0.854233	-0.427581	0.050871	0.042143	11.693286
-1.970004	2.023278	0.384378	-1.279687	-0.988860	-0.384626	0.056688	0.039830	11.693147
2.558970	-1.909894	-0.727444	-1.786163	-1.092455	-0.338985	0.062488	0.037528	11.693008
-3.071807	1.203823	-1.239311	-2.095701	-1.165297	-0.282523	0.069207	0.034866	11.692845
0.299608	1.375080	-0.720866	-2.017398	-1.179916	-0.222507	0.075888	0.032222	11.692680
3.133480	1.231931	-0.674313	-2.005635	-1.179265	-0.219800	0.076179	0.032107	11.692673
-3.121159	1.079191	-0.625857	-1.993223	-1.178510	-0.217084	0.076471	0.031991	11.692666
2.648231	-1.176606	0.434463	-1.633057	-1.143666	-0.162871	0.082150	0.029744	11.692524
1.032574	-1.186334	1.024280	-1.086307	-1.073213	-0.106799	0.087787	0.027510	11.692382
-1.020360	-0.146181	0.929783	-0.291203	-0.951400	-0.039872	0.094293	0.024929	11.692216
0.498210	0.904927	0.150204	0.560524	-0.792566	0.028005	0.100727	0.022368	11.692048
-0.232842	1.037276	0.101840	0.597938	-0.784560	0.031101	0.101018	0.022252	11.692041
-0.481705	1.167284	0.052558	0.635074	-0.776496	0.034195	0.101308	0.022136	11.692033
0.597671	0.772035	-0.881341	1.257292	-0.612306	0.092801	0.106783	0.019948	11.691888
-1.066232	-1.410552	-1.109632	1.617362	-0.429400	0.150886	0.112193	0.017777	11.691742
1.771169	1.596514	0.171826	1.611240	-0.198814	0.216939	0.118381	0.015279	11.691571
-2.328005	-1.852013	1.354529	1.203626	0.044036	0.280715	0.124465	0.012805	11.691400
1.227523	-1.811931	1.361447	1.177550	0.054957	0.283494	0.124733	0.012696	11.691392
2.359422	-1.735583	1.362806	1.150861	0.065883	0.286268	0.125002	0.012586	11.691384
-2.481249	2.190447	0.581802	0.548300	0.274471	0.338497	0.130146	0.010476	11.691236
-0.545284	0.853578	-0.799760	-0.115871	0.472212	0.387811	0.135199	0.008385	11.691086
1.998599	-2.930440	-1.685513	-0.763140	0.676067	0.440729	0.140949	0.005981	11.690911
-1.043291	2.486934	-0.826644	-1.098509	0.838223	0.488127	0.146561	0.003605	11.690736
-1.600086	2.860181	-0.763440	-1.106100	0.844342	0.490128	0.146812	0.003498	11.690728
1.584865	3.200551	-0.699604	-1.113073	0.850341	0.492115	0.147062	0.003392	11.690720
-1.346938	1.568298	0.528840	-1.138251	0.942137	0.527306	0.151761	0.001372	11.690568
0.363987	-2.609744	1.451264	-0.992027	0.991852	0.557182	0.156345	-0.000625	11.690415
1.091483	-3.034985	1.646950	-0.691562	1.002341	0.583442	0.161287	-0.002814	11.690244
-1.034918	-0.637626	1.006099	-0.312128	0.971834	0.601955	0.166073	-0.004975	11.690073
-1.031129	2.439212	-0.040244	0.103076	0.902173	0.613249	0.170890	-0.007197	11.689893
0.932523	-0.245339	-0.909894	0.473841	0.799681	0.616820	0.175520	-0.009386	11.689712
-0.928927	-0.757101	-0.939807	0.488749	0.794276	0.616806	0.175728	-0.009486	11.689704
0.925232	-1.275269	-0.968631	0.503418	0.788814	0.616777	0.175936	-0.009586	11.689695
0.832588	-1.563063	-1.104143	0.820770	0.519060	0.602584	0.184212	-0.013674	11.689346
-0.342944	1.394993	0.479548	0.445006	0.195644	0.565212	0.191751	-0.017634	11.688993
-0.741204	1.061059	0.516287	0.431188	0.187905	0.564097	0.191917	-0.017725	11.688985
-0.259678	0.685863	0.552376	0.417253	0.180158	0.562970	0.192082	-0.017815	11.688976
0.751721	0.259507	0.590170	0.402233	0.171869	0.561753	0.192259	-0.017911	11.688968
-0.757637	-0.158268	0.627046	0.387111	0.163579	0.560524	0.192435	-0.018007	11.688959
0.896851	-1.452882	1.033496	0.134982	0.029022	0.538812	0.195240	-0.019566	11.688815
0.675420	0.213708	0.937694	-0.102173	-0.102047	0.514095	0.197920	-0.021102	11.688670
-0.524219	1.686836	0.281026	-0.362330	-0.261383	0.477890	0.201208	-0.023062	11.688481
-1.802786	1.798768	-0.579805	-0.548540	-0.401761	0.437449	0.204279	-0.024982	11.688291
-1.123811	1.769719	-0.617688	-0.554716	-0.407407	0.435572	0.204410	-0.025066	11.688282
-0.562171	1.737845	-0.655329	-0.560698	-0.412998	0.433690	0.204540	-0.025149	11.688274
2.459617	-1.366019	-1.449592	-0.612818	-0.595271	0.346359	0.209725	-0.028677	11.687910
-2.735960	-1.341620	0.399755	-0.256637	-0.644242	0.248759	0.214094	-0.032053	11.687542
2.735869	-1.137817	0.458943	-0.244765	-0.643888	0.246192	0.214194	-0.032136	11.687533
1.260014	-0.927305	0.517736	-0.232842	-0.643464	0.243620	0.214293	-0.032219	11.687523
0.854176	-0.711444	0.577838	-0.220505	-0.642954	0.240964	0.214394	-0.032304	11.687514
-0.977610	-0.505195	0.637278	-0.208136	-0.642371	0.238306	0.214495	-0.032390	11.687504
-2.662001	0.956830	1.408099	-0.014475	-0.624150	0.195997	0.216004	-0.033716	11.687353
0.966869	0.834221	1.687526	0.158936	-0.590584	0.152752	0.217372	-0.035015	11.687200
2.255919	-0.012185	1.439157	0.318915	-0.528815	0.096037	0.218924	-0.036648	11.687003
1.556604	-0.066447	0.885520	0.409599	-0.451253	0.038711	0.220236	-0.038236	11.686805
-1.958242	-0.001161	0.860736	0.412175	-0.447551	0.036175	0.220289	-0.038305	11.686796
1.945980	0.064692	0.836375	0.414636	-0.443832	0.033642	0.220341	-0.038374	11.686788
-1.478831	-0.478520	0.062822	0.426274	-0.270878	-0.075284	0.222134	-0.041272	11.686406
1.146939	1.063517	-0.933709	0.298999	-0.096654	-0.179692	0.223028	-0.043999	11.686019
-1.141141	1.106599	-0.960006	0.294980	-0.092876	-0.181955	0.223037	-0.044059	11.686010
1.135420	1.132921	-0.986421	0.290919	-0.089107	-0.184214	0.223047	-0.044118	11.686002
1.049214	1.130638	-1.014767	0.286531	-0.085087	-0.186624	0.223056	-0.044182	11.685992
0.036855	1.097107	-1.043075	0.282097	-0.081078	-0.189029	0.223065	-0.044245	11.685983
-1.037805	-1.298524	-1.346298	0.200899	-0.015136	-0.228774	0.223133	-0.045297	11.685825
-0.164628	-0.470831	-0.945910	0.111356	0.046860	-0.266711	0.223049	-0.046322	11.685666
0.963498	1.374735	0.235852	-0.000026	0.119308	-0.312404	0.222715	-0.047599	11.685460
-0.068015	-1.347591	1.183748	-0.085030	0.181646	-0.354012	0.222126	-0.048830	11.685253
-1.012308	-1.370290	1.195440	-0.087807	0.184139	-0.355748	0.222094	-0.048883	11.685244
1.016030	-1.369990	1.203339	-0.090485	0.186609	-0.357477	0.222062	-0.048937	11.685235
-1.112984	1.248917	0.738684	-0.125174	0.229918	-0.389389	0.221323	-0.049963	11.685055
-0.190398	1.548009	-0.353248	-0.137952	0.262675	-0.417329	0.220388	-0.050954	11.684873
1.411675	-1.852193	-1.290389	-0.148554	0.285998	-0.444659	0.219035	-0.052076	11.684659
0.639690	2.087200	-0.705142	-0.172418	0.291034	-0.465586	0.217407	-0.053151	11.684443
-1.550397	2.210697	-0.671696	-0.173111	0.290903	-0.466044	0.217361	-0.053178	11.684437
-1.582464	2.329614	-0.637500	-0.173802	0.290759	-0.466498	0.217314	-0.053205	11.684432
1.803392	-3.227301	1.622912	-0.187297	0.242498	-0.487898	0.213431	-0.055107	11.684018
0.677054	-0.487036	-0.951405	-0.058987	0.126019	-0.489707	0.208530	-0.056833	11.683600
-1.844612	0.275548	-0.988041	-0.056833	0.124440	-0.489632	0.208468	-0.056852	11.683595
1.843798	1.050896	-1.024330	-0.054668	0.122859	-0.489556	0.208406	-0.056871	11.683591
-1.841599	2.670954	-1.114672	-0.049133	0.118837	-0.489353	0.208247	-0.056918	11.683578
-1.815550	3.449135	-1.202398	-0.043532	0.114797	-0.489138	0.208088	-0.056966	11.683566
0.357474	-3.213569	-1.884915	0.037019	0.059315	-0.485086	0.205852	-0.057590	11.683401
1.726627	2.847563	-1.087558	0.119348	0.004203	-0.479094	0.203463	-0.058187	11.683235
-1.636175	2.287494	1.148113	0.192996	-0.063945	-0.468402	0.199987	-0.058952	11.683009
1.575630	-1.743027	1.800516	0.166128	-0.118433	-0.455400	0.196244	-0.059669	11.682781
-1.134984	-1.765586	1.783910	0.164113	-0.119392	-0.455113	0.196164	-0.059683	11.682777
-1.574280	-1.784154	1.765911	0.162032	-0.120345	-0.454826	0.196085	-0.059697	11.682772
1.570489	-0.128096	0.231324	0.032665	-0.153770	-0.442557	0.192721	-0.060261	11.682579
-1.611093	1.344637	-1.349266	-0.135051	-0.175929	-0.429609	0.189181	-0.060789	11.682386
1.408264	-1.259934	-1.374912	-0.283744	-0.187150	-0.414418	0.184906	-0.061353	11.682162
1.855336	0.146795	0.484507	-0.300576	-0.183528	-0.399216	0.180415	-0.061870	11.681938
-1.862705	0.677860	0.556295	-0.297869	-0.183070	-0.398557	0.180216	-0.061892	11.681928
1.870147	1.181583	0.624180	-0.294873	-0.182590	-0.397899	0.180016	-0.061913	11.681918
-2.031514	-1.098360	1.029933	-0.167188	-0.167982	-0.384298	0.175789	-0.062335	11.681715
2.177526	1.056080	-0.092604	0.066617	-0.146165	-0.370753	0.171401	-0.062719	11.681511
-2.284502	0.072208	-0.807012	0.323744	-0.116460	-0.355774	0.166344	-0.063102	11.681283
0.257723	-1.266110	-0.495811	0.442857	-0.084287	-0.340887	0.161106	-0.063439	11.681054
2.006835	-1.244377	-0.473805	0.443950	-0.083341	-0.340452	0.160949	-0.063448	11.681047
2.314379	-1.217707	-0.451161	0.444912	-0.082394	-0.340017	0.160793	-0.063458	11.681040
-0.864398	0.923695	0.342491	0.413434	-0.054362	-0.326965	0.156016	-0.063714	11.680837
-2.190502	1.635685	0.705695	0.270361	-0.027042	-0.314002	0.151111	-0.063935	11.680632
2.059159	-1.773639	-0.026128	0.004043	0.002784	-0.299650	0.145494	-0.064139	11.680403
-0.326380	1.053897	-0.692266	-0.287920	0.032109	-0.285429	0.139733	-0.064298	11.680172
-1.911866	1.460861	-0.700038	-0.300074	0.033428	-0.284788	0.139469	-0.064304	11.680162
1.905900	1.847116	-0.705064	-0.312058	0.034747	-0.284148	0.139205	-0.064310	11.680151
-1.803093	0.589122	-0.359714	-0.510104	0.060426	-0.271691	0.133983	-0.064410	11.679946
1.729419	-1.958912	0.306806	-0.637651	0.086024	-0.259352	0.128663	-0.064474	11.679740
-1.518229	0.211651	0.685414	-0.694378	0.115620	-0.245282	0.122412	-0.064505	11.679501
-1.662375	2.309856	0.571486	-0.656748	0.145386	-0.231392	0.116047	-0.064489	11.679261
-1.299087	2.315778	0.555755	-0.652960	0.146808	-0.230732	0.115740	-0.064487	11.679250
-0.804317	2.310537	0.539226	-0.649016	0.148229	-0.230073	0.115433	-0.064485	11.679238
1.667889	1.186069	0.142399	-0.554466	0.173768	-0.218232	0.109835	-0.064429	11.679029
-1.682335	-0.202723	-0.301165	-0.429221	0.198778	-0.206541	0.104163	-0.064339	11.678819
-0.120772	-2.967232	-0.606822	-0.271491	0.226618	-0.193213	0.097519	-0.064190	11.678575
1.679148	0.454582	-0.503842	-0.123581	0.252796	-0.180105	0.090793	-0.063995	11.678330
-1.677482	0.920032	-0.492703	-0.117208	0.253937	-0.179515	0.090485	-0.063985	11.678319
1.675714	1.377306	-0.481276	-0.110864	0.255074	-0.178926	0.090178	-0.063975	11.678308
-1.626114	3.113732	-0.254275	0.004719	0.275861	-0.167757	0.084276	-0.063765	11.678094
1.558123	0.746095	-0.122774	0.109860	0.294644	-0.156772	0.078325	-0.063519	11.677879
-1.475027	-0.720600	-0.061678	0.216397	0.313012	-0.144605	0.071561	-0.063199	11.677636
1.393064	-2.573758	0.005843	0.310580	0.327921	-0.132693	0.064751	-0.062835	11.677391
-1.310226	-2.386367	0.149945	0.392634	0.338862	-0.121090	0.057929	-0.062427	11.677147
1.213796	-1.565968	0.313793	0.463426	0.345417	-0.109757	0.051078	-0.061975	11.676901
-1.208729	-1.427240	0.320342	0.466416	0.345605	-0.109243	0.050763	-0.061953	11.676890
-0.772141	-1.275200	0.326742	0.469387	0.345782	-0.108729	0.050447	-0.061931	11.676879
1.086063	1.629552	0.409439	0.525045	0.347073	-0.098379	0.044006	-0.061464	11.676648
0.484402	-1.210227	0.331439	0.573349	0.343638	-0.088259	0.037556	-0.060958	11.676416
-0.949010	-1.324691	0.321476	0.575490	0.343364	-0.087805	0.037263	-0.060934	11.676406
-0.121794	-1.425217	0.310813	0.577635	0.343079	-0.087353	0.036971	-0.060910	11.676395
0.828719	-1.010048	-0.020349	0.625109	0.334611	-0.077965	0.030848	-0.060391	11.676175
-0.754191	1.306052	-0.323127	0.683464	0.321102	-0.068729	0.024729	-0.059837	11.675954
0.769050	0.781277	-0.312063	0.769409	0.298832	-0.058239	0.017702	-0.059157	11.675700
-0.958895	-1.318777	-0.017371	0.858245	0.268805	-0.047834	0.010695	-0.058431	11.675445
0.972161	-1.113801	-0.001455	0.861792	0.267324	-0.047385	0.010393	-0.058399	11.675434
0.491270	-0.890452	0.014553	0.865302	0.265826	-0.046936	0.010091	-0.058367	11.675423
-1.337866	1.265018	0.257484	0.924547	0.232284	-0.037901	0.004021	-0.057694	11.675201
-0.945835	-0.201523	0.143657	0.952868	0.192025	-0.028836	-0.002021	-0.056988	11.674980
2.162875	-0.996104	-0.187555	0.935166	0.137431	-0.018324	-0.008925	-0.056133	11.674724
-2.327165	-0.882013	-0.336785	0.850517	0.075401	-0.007657	-0.015774	-0.055233	11.674470
0.182306	-0.750944	-0.336020	0.844855	0.072436	-0.007168	-0.016084	-0.055191	11.674458
2.324206	-0.611887	-0.334522	0.839025	0.069460	-0.006678	-0.016394	-0.055149	11.674447
-2.146339	0.767902	-0.159208	0.697708	0.010446	0.002801	-0.022299	-0.054325	11.674225
1.790584	-0.810669	0.237893	0.512941	-0.051502	0.012490	-0.028149	-0.053468	11.674004
-1.334785	1.016874	0.639593	0.279882	-0.124649	0.023917	-0.034786	-0.052442	11.673751
1.007778	-1.353422	0.832284	0.062786	-0.198277	0.035736	-0.041334	-0.051372	11.673500
-0.576909	-1.307522	0.827188	0.053914	-0.201612	0.036285	-0.041629	-0.051322	11.673488
-0.990299	-1.234551	0.820384	0.045149	-0.204946	0.036835	-0.041925	-0.051272	11.673477
0.898307	1.720893	0.369446	-0.102198	-0.267860	0.047532	-0.047539	-0.050301	11.673259
1.024736	0.534953	-0.556327	-0.216847	-0.328449	0.058619	-0.053073	-0.049297	11.673042
0.380952	-2.333584	-1.432393	-0.318867	-0.393744	0.071913	-0.059333	-0.048100	11.672794
-1.343768	0.498884	-1.332512	-0.399376	-0.452559	0.085840	-0.065470	-0.046859	11.672548
-0.056240	0.745854	-1.305871	-0.402638	-0.455057	0.086491	-0.065747	-0.046802	11.672537
1.350772	0.991389	-1.277658	-0.405866	-0.457536	0.087144	-0.066023	-0.046744	11.672526
-1.366380	2.656648	-0.493056	-0.462367	-0.501170	0.099842	-0.071229	-0.045630	11.672315
1.341510	-2.682447	0.540761	-0.513481	-0.537249	0.113110	-0.076329	-0.044483	11.672105
-1.203629	-1.631677	2.311300	-0.646191	-0.585552	0.146848	-0.087893	-0.041654	11.671621
-2.131050	2.130116	1.983022	-0.803841	-0.569065	0.183788	-0.098760	-0.038649	11.671151
-1.145819	0.947434	1.941705	-0.806319	-0.567830	0.184617	-0.098991	-0.038581	11.671141
-0.177422	-0.216902	1.898751	-0.808711	-0.566555	0.185446	-0.099222	-0.038513	11.671131
2.212067	-1.243733	1.852877	-0.811079	-0.565201	0.186298	-0.099458	-0.038443	11.671120
-2.240302	-1.889671	1.805282	-0.813354	-0.563803	0.187151	-0.099695	-0.038372	11.671110
0.512389	-2.081583	1.757772	-0.815456	-0.562411	0.187974	-0.099922	-0.038304	11.671100
2.294866	-2.019968	1.708754	-0.817464	-0.560978	0.188797	-0.100150	-0.038236	11.671090
-2.676244	1.211108	0.795684	-0.834461	-0.533810	0.201379	-0.103591	-0.037182	11.670936
-1.042053	1.782084	-0.275503	-0.818471	-0.496986	0.213781	-0.106941	-0.036108	11.670785
1.099944	-0.889453	-1.479689	-0.720191	-0.430899	0.230539	-0.111463	-0.034575	11.670578
3.328150	-1.485438	-2.103209	-0.506013	-0.350116	0.246284	-0.115794	-0.033005	11.670375
-3.025780	1.443433	-1.495859	0.284340	-0.140825	0.274706	-0.124358	-0.029532	11.669957
2.246140	-1.123808	0.579755	0.876180	0.097872	0.293024	-0.131942	-0.025893	11.669564
-2.226550	-1.544781	0.676707	0.880354	0.103162	0.293280	-0.132094	-0.025812	11.669556
2.206929	-1.656799	0.774154	0.884024	0.108453	0.293530	-0.132246	-0.025732	11.669548
0.487200	-1.131171	0.881455	0.887559	0.114442	0.293805	-0.132417	-0.025641	11.669539
-2.162666	-0.146798	0.982116	0.890425	0.120433	0.294071	-0.132588	-0.025550	11.669529
2.142647	0.842583	1.065232	0.892447	0.125902	0.294307	-0.132743	-0.025466	11.669521
-2.122784	1.677975	1.137253	0.893891	0.131376	0.294535	-0.132898	-0.025383	11.669513
-2.097824	-0.670401	0.911497	0.846103	0.213689	0.297096	-0.135172	-0.024111	11.669387
1.613826	-1.765596	-0.297678	0.675419	0.293733	0.297882	-0.137321	-0.022821	11.669265
-0.854351	1.300699	-0.696075	0.256419	0.396568	0.295767	-0.140094	-0.021002	11.669101
-1.241603	1.561250	0.036499	-0.310395	0.484199	0.289586	-0.142622	-0.019148	11.668944
1.226657	-1.330006	0.561315	-0.827969	0.552704	0.278359	-0.144996	-0.017172	11.668786
-0.131532	0.450277	-0.153931	-1.034514	0.590448	0.261835	-0.147088	-0.015158	11.668637
-1.360538	0.762919	-0.194027	-1.035449	0.591339	0.260926	-0.147179	-0.015063	11.668630
1.370293	1.063030	-0.232773	-1.035609	0.592146	0.260004	-0.147269	-0.014967	11.668623
-1.602937	0.992407	-0.656748	-0.899865	0.592610	0.240575	-0.148830	-0.013185	11.668500
1.898665	-0.741884	-0.474455	-0.527910	0.568306	0.216826	-0.150169	-0.011375	11.668384
-2.251184	-0.356641	0.400038	0.053703	0.514557	0.184808	-0.151429	-0.009259	11.668258
2.545388	0.543622	0.951023	0.618960	0.438471	0.148637	-0.152383	-0.007108	11.668141
0.400975	0.519872	0.946990	0.643000	0.434251	0.146768	-0.152422	-0.007001	11.668135
-2.568492	0.487750	0.939202	0.666533	0.429991	0.144891	-0.152460	-0.006894	11.668130
-2.396181	-0.502619	0.341617	0.999725	0.348759	0.110545	-0.153007	-0.004994	11.668036
2.791710	-0.400538	-0.581627	1.185568	0.258818	0.074423	-0.153310	-0.003071	11.667950
-2.795966	0.629389	-1.068615	1.235562	0.148464	0.031301	-0.153350	-0.000823	11.667859
2.742003	-0.820635	-0.356326	1.138198	0.034580	-0.012462	-0.153049	0.001451	11.667779
1.203521	-0.867567	-0.312680	1.131180	0.029422	-0.014438	-0.153027	0.001554	11.667776
-0.700731	-0.907310	-0.269296	1.123977	0.024261	-0.016414	-0.153005	0.001658	11.667772
-2.657052	-0.570173	0.452032	0.958503	-0.073985	-0.054110	-0.152432	0.003650	11.667712
-1.340010	0.776736	0.858641	0.769232	-0.168693	-0.090925	-0.151589	0.005658	11.667659
-0.061594	1.860169	0.752174	0.566601	-0.269697	-0.131432	-0.150276	0.007986	11.667609
2.367589	0.418820	0.053455	0.399404	-0.357994	-0.169046	-0.148587	0.010327	11.667570
-0.298697	0.256502	0.020912	0.393155	-0.361470	-0.170598	-0.148505	0.010429	11.667569
-2.360749	0.087694	-0.011124	0.386997	-0.364914	-0.172143	-0.148422	0.010531	11.667568
2.303071	-1.945396	-0.417769	0.284626	-0.426623	-0.201479	-0.146610	0.012578	11.667544
-2.258007	1.672221	-0.173266	0.213209	-0.472354	-0.227259	-0.144499	0.014631	11.667529
-0.754619	1.536270	0.195441	0.081276	-0.501495	-0.251686	-0.141700	0.016992	11.667524
2.060465	-0.620662	0.063266	-0.192836	-0.501566	-0.269706	-0.138490	0.019355	11.667531
2.127703	-0.657531	0.048365	-0.208680	-0.500797	-0.270368	-0.138332	0.019464	11.667531
-2.123330	-0.683946	0.033075	-0.224770	-0.499955	-0.271015	-0.138173	0.019574	11.667532
0.237863	0.027404	-0.213919	-0.562824	-0.470212	-0.280260	-0.135017	0.021621	11.667549
1.893283	0.482725	0.004796	-0.918125	-0.411595	-0.284074	-0.131542	0.023664	11.667576
-1.711281	-0.838443	0.594442	-1.125210	-0.305340	-0.281895	-0.127206	0.025983	11.667619
1.508446	1.324107	-0.636216	-0.893787	-0.156781	-0.272866	-0.122484	0.028293	11.667675
1.394786	-1.530664	-1.287343	-0.339927	0.013734	-0.257294	-0.117455	0.030563	11.667744
-1.168744	-0.513978	1.098591	0.295047	0.185351	-0.235204	-0.112088	0.032818	11.667826
1.163689	0.357848	1.209286	0.321903	0.192949	-0.234026	-0.111832	0.032921	11.667830
-1.158817	1.223329	1.314321	0.348336	0.200505	-0.232833	-0.111575	0.033025	11.667834
-1.113821	0.574139	1.948274	0.743671	0.339294	-0.205837	-0.106247	0.035113	11.667924
1.081401	-0.504051	-0.191633	0.788216	0.439602	-0.173313	-0.100660	0.037181	11.668027
-1.081433	0.011906	-0.340204	0.782747	0.443234	-0.171567	-0.100378	0.037283	11.668032
1.081509	0.511208	-0.488845	0.776715	0.446727	-0.169808	-0.100096	0.037384	11.668038
-1.091579	-0.831185	-2.243038	0.575433	0.487953	-0.133177	-0.094516	0.039336	11.668148
1.120132	1.244160	-0.666300	0.293320	0.481815	-0.091748	-0.088730	0.041266	11.668270
-1.183263	1.063351	1.070498	-0.038575	0.422300	-0.039234	-0.081859	0.043450	11.668425
1.291177	-1.458462	1.656571	-0.295124	0.314130	0.016717	-0.074756	0.045600	11.668595
0.963308	-1.368337	1.666966	-0.304039	0.307850	0.019451	-0.074410	0.045702	11.668603
-1.304422	-1.252515	1.676409	-0.312577	0.301476	0.022187	-0.074063	0.045804	11.668612
1.444347	1.242511	1.739900	-0.401156	0.170769	0.071907	-0.067683	0.047644	11.668775
-1.599377	-1.017668	1.603044	-0.368034	0.016028	0.120643	-0.061159	0.049453	11.668950
-1.558618	-0.697942	0.750744	-0.230193	-0.168842	0.171279	-0.053820	0.051409	11.669158
1.840413	0.751241	-0.211146	-0.047691	-0.343264	0.216595	-0.046343	0.053321	11.669381
0.593097	-0.166044	-0.636216	0.119494	-0.483512	0.255964	-0.038392	0.055273	11.669632
-1.643055	-0.696636	-0.433492	0.196166	-0.548309	0.284667	-0.030331	0.057172	11.669901
1.630691	-0.642036	-0.412406	0.196857	-0.548916	0.285649	-0.029974	0.057255	11.669913
0.589149	-0.581271	-0.390502	0.197302	-0.549312	0.286606	-0.029615	0.057337	11.669925
-1.305780	0.622811	0.043801	0.158374	-0.515817	0.300299	-0.022535	0.058937	11.670174
0.951018	-0.258891	0.105977	0.042015	-0.413908	0.304652	-0.015404	0.060491	11.670437
-0.338325	-0.350557	-0.068355	-0.138377	-0.238546	0.298961	-0.007185	0.062217	11.670756
-0.537991	0.242969	-0.039681	-0.283888	-0.030908	0.282791	0.001033	0.063877	11.671094
0.541731	0.223856	-0.027866	-0.287936	-0.021718	0.281878	0.001386	0.063947	11.671109
-0.291845	0.202005	-0.015075	-0.291743	-0.012516	0.280945	0.001738	0.064016	11.671124
-0.770431	-0.230134	0.259216	-0.305288	0.172517	0.258353	0.008869	0.065405	11.671435
0.681746	0.256400	0.073082	-0.174905	0.344456	0.229236	0.015932	0.066739	11.671762
1.742729	0.431393	-0.615523	0.101931	0.508448	0.188612	0.023916	0.068200	11.672155
-1.883511	-0.592770	-0.988423	0.386360	0.617700	0.141234	0.031724	0.069584	11.672568
-2.295380	-0.567664	-0.972546	0.396786	0.620939	0.139010	0.032063	0.069643	11.672586
-1.885123	-0.530299	-0.952894	0.406946	0.624031	0.136774	0.032402	0.069702	11.672605
2.652131	0.758410	0.028031	0.550771	0.652599	0.090681	0.038966	0.070829	11.672981
2.570704	-1.072962	1.395048	0.579298	0.613117	0.041212	0.045333	0.071893	11.673371
-2.891530	-1.142225	1.744637	0.435536	0.484891	-0.018744	0.052427	0.073045	11.673844
2.747752	1.380089	0.283700	0.084005	0.291786	-0.079549	0.059170	0.074106	11.674338
-2.737113	1.004132	0.191868	0.065019	0.281963	-0.082291	0.059467	0.074152	11.674361
-1.139266	0.607530	0.099105	0.045897	0.272068	-0.085030	0.059762	0.074198	11.674383
2.464394	-1.599109	-1.523004	-0.323167	0.073208	-0.136509	0.065237	0.075033	11.674829
0.401584	0.607824	-2.075242	-0.624162	-0.132335	-0.185642	0.070383	0.075795	11.675291
-0.314857	1.895596	-1.507674	-0.778430	-0.353686	-0.237693	0.075873	0.076582	11.675845
-1.471617	1.869681	-0.140632	-0.744667	-0.532896	-0.282839	0.080841	0.077267	11.676421
1.461281	1.858098	-0.066888	-0.739373	-0.539737	-0.284699	0.081054	0.077296	11.676447
-1.451268	1.826691	0.007523	-0.733779	-0.546456	-0.286541	0.081266	0.077325	11.676474
1.309466	-1.928756	1.329384	-0.569600	-0.651940	-0.318260	0.085134	0.077834	11.677003
-1.224097	0.132631	1.740036	-0.308568	-0.712920	-0.341475	0.088525	0.078259	11.677550
-0.334701	1.662276	0.889925	0.067080	-0.732681	-0.355663	0.091719	0.078632	11.678184
0.981434	-1.375756	-0.780383	0.436859	-0.705246	-0.356031	0.094240	0.078893	11.678841
0.555576	-1.395130	-0.827867	0.448680	-0.703405	-0.355795	0.094318	0.078901	11.678865
-0.966936	-1.397061	-0.873159	0.460354	-0.701504	-0.355542	0.094395	0.078908	11.678889
0.759203	1.158327	-1.265774	0.682357	-0.637218	-0.344404	0.096019	0.079036	11.679487
0.458078	-0.961532	-0.588555	0.750482	-0.539126	-0.324437	0.097150	0.079073	11.680102
-2.049198	-0.428244	0.941166	0.413655	-0.194863	-0.248706	0.097983	0.078794	11.681617
-2.328921	1.785328	0.926993	-0.234020	0.223800	-0.143508	0.096470	0.077986	11.683228
0.240302	0.080685	0.902233	-0.247507	0.232709	-0.140967	0.096412	0.077963	11.683265
2.459764	-1.272912	0.876090	-0.260854	0.241571	-0.138421	0.096354	0.077939	11.683301
1.064463	-1.881956	0.847842	-0.274293	0.250546	-0.135822	0.096293	0.077915	11.683339
-2.596371	-1.659899	0.817794	-0.287574	0.259469	-0.133218	0.096231	0.077890	11.683376
0.496633	-0.771509	0.787352	-0.300142	0.267968	-0.130717	0.096171	0.077866	11.683412
2.727438	0.382126	0.755371	-0.312554	0.276416	-0.128212	0.096110	0.077842	11.683447
-3.673839	2.535074	0.103141	-0.483771	0.402173	-0.088013	0.095023	0.077432	11.684015
-0.981423	-0.808087	-0.600217	-0.594332	0.510306	-0.046726	0.093709	0.076965	11.684594
4.973460	-3.602646	-0.804855	-0.608363	0.623859	0.011782	0.091508	0.076221	11.685422
-4.974727	3.726068	0.323811	-0.436073	0.689995	0.070000	0.088904	0.075371	11.686270
4.438575	-3.408879	0.781713	-0.137470	0.712405	0.127452	0.085864	0.074400	11.687154
-3.553124	1.073069	0.096775	0.194019	0.695240	0.181738	0.082455	0.073326	11.688061
-0.987907	2.146670	-0.701375	0.470327	0.643766	0.231835	0.078698	0.072150	11.688990
2.001745	-1.643299	-0.728095	0.619341	0.562681	0.277285	0.074620	0.070875	11.689940
-1.986540	-1.615048	-0.718292	0.622852	0.558297	0.279267	0.074424	0.070814	11.689984
-0.740508	-1.555269	-0.708197	0.626070	0.553863	0.281236	0.074228	0.070753	11.690029
1.930507	1.401931	-0.412374	0.632820	0.454305	0.318628	0.070144	0.069473	11.690934
0.143886	-1.324473	0.088866	0.543179	0.338954	0.351471	0.065824	0.068113	11.691858
-2.094601	-1.375289	0.115535	0.536679	0.332982	0.352960	0.065607	0.068045	11.691904
2.100536	-1.396911	0.142146	0.530001	0.326984	0.354438	0.065389	0.067976	11.691950
-2.136475	1.093656	0.595381	0.367268	0.205442	0.380966	0.061026	0.066591	11.692855
-0.462405	1.649855	0.719384	0.157387	0.078740	0.402857	0.056483	0.065137	11.693777
1.996643	-0.315773	0.260956	-0.106085	-0.064674	0.421687	0.051176	0.063420	11.694835
-2.004117	-1.949117	-0.410227	-0.370553	-0.202990	0.434066	0.045688	0.061619	11.695915
2.162858	-1.531908	-0.800622	-0.607417	-0.329476	0.439678	0.040070	0.059747	11.697012
-0.490854	2.139372	-0.799199	-0.791125	-0.438738	0.438296	0.034323	0.057799	11.698129
-2.478191	2.094936	-0.790152	-0.797861	-0.443240	0.438060	0.034057	0.057707	11.698181
-1.437216	2.013187	-0.780377	-0.804434	-0.447695	0.437808	0.033790	0.057616	11.698233
2.819659	-2.232782	-0.479956	-0.902910	-0.526163	0.429361	0.028355	0.055734	11.699291
-3.054167	0.649767	-0.126819	-0.942929	-0.579197	0.414352	0.022857	0.053791	11.700368
3.060754	0.864080	-0.109412	-0.943579	-0.581080	0.413432	0.022583	0.053693	11.700422
1.410814	1.064111	-0.092026	-0.944112	-0.582889	0.412494	0.022309	0.053594	11.700476
-2.893247	2.445773	0.233573	-0.932184	-0.603242	0.391021	0.016991	0.051667	11.701528
-2.912082	1.430364	0.525720	-0.880447	-0.596743	0.363066	0.011659	0.049688	11.702597
-2.415966	0.686021	0.798854	-0.775821	-0.559476	0.323124	0.005560	0.047358	11.703842
2.215667	0.256892	0.984929	-0.626397	-0.494873	0.275423	-0.000500	0.044965	11.705109
-2.198161	0.227637	0.991108	-0.618401	-0.491280	0.273030	-0.000781	0.044852	11.705169
-0.745039	0.195715	0.997048	-0.610316	-0.487639	0.270622	-0.001061	0.044739	11.705228
1.872143	-0.520313	1.061001	-0.443658	-0.411651	0.223274	-0.006271	0.042603	11.706350
-1.604816	-0.944500	1.024599	-0.247456	-0.322768	0.171933	-0.011406	0.040424	11.707488
1.361072	-2.592042	0.831838	0.019216	-0.208864	0.108927	-0.017207	0.037860	11.708820
-1.196000	-1.817356	0.465574	0.324396	-0.087805	0.043092	-0.022850	0.035244	11.710173
0.955218	-1.691058	0.444902	0.339115	-0.082077	0.039976	-0.023109	0.035121	11.710237
1.184903	-1.557796	0.423957	0.353851	-0.076345	0.036857	-0.023367	0.034998	11.710300
1.142660	1.239011	-0.021052	0.633739	0.033143	-0.023180	-0.028222	0.032621	11.711526
-1.140157	1.808287	-0.522463	0.893151	0.139907	-0.083381	-0.032903	0.030207	11.712769
1.281727	-0.800964	-0.966658	1.127059	0.250817	-0.149367	-0.037880	0.027483	11.714171
-1.568392	-1.051895	-0.667582	1.268255	0.348489	-0.213104	-0.042586	0.024718	11.715593
1.585994	-0.781943	-0.625961	1.271930	0.352728	-0.216066	-0.042803	0.024585	11.715662
-0.175465	-0.505125	-0.581762	1.275287	0.356925	-0.219019	-0.043020	0.024452	11.715730
-1.165034	0.801334	0.406180	1.275268	0.425009	-0.270536	-0.046790	0.022050	11.716968
-2.358142	-0.748660	0.890936	1.138540	0.479271	-0.318557	-0.050318	0.019622	11.718220
0.412372	0.938624	-0.085046	0.778156	0.525808	-0.369701	-0.054148	0.016725	11.719719
2.830557	0.702930	-0.889107	0.258343	0.553948	-0.413878	-0.057584	0.013798	11.721239
1.854535	0.522162	-0.901944	0.232378	0.554799	-0.415695	-0.057730	0.013665	11.721308
-2.823543	0.331190	-0.912323	0.206251	0.555614	-0.417497	-0.057874	0.013532	11.721378
2.613152	-1.676036	-0.569531	-0.308347	0.564611	-0.449060	-0.060472	0.010975	11.722712
-2.229137	1.911977	0.588854	-0.778604	0.561680	-0.474882	-0.062730	0.008399	11.724062
0.129877	0.177654	1.076512	-1.130007	0.545204	-0.497734	-0.064879	0.005419	11.725633
1.408149	-2.078446	0.342987	-1.166242	0.516610	-0.513653	-0.066521	0.002420	11.727225
-1.399667	-1.968263	0.284641	-1.160537	0.515023	-0.514230	-0.066585	0.002280	11.727300
1.391968	-1.831689	0.224674	-1.154239	0.513415	-0.514792	-0.066647	0.002141	11.727374
-1.379500	2.124294	-0.895785	-0.934805	0.479429	-0.522781	-0.067593	-0.000476	11.728774
1.288008	0.782562	-1.239377	-0.554637	0.438592	-0.526117	-0.068113	-0.003103	11.730190
1.936229	-2.361389	-0.685721	0.005798	0.383942	-0.524512	-0.068167	-0.006141	11.731841
-2.361829	-0.827575	0.395794	0.547219	0.322222	-0.517390	-0.067655	-0.009186	11.733513
0.682212	-0.593267	0.448090	0.570253	0.319037	-0.516905	-0.067616	-0.009335	11.733595
2.402423	-0.350250	0.499526	0.592826	0.315835	-0.516408	-0.067576	-0.009484	11.733678
-2.734726	2.697421	1.141640	0.891756	0.256932	-0.505585	-0.066653	-0.012129	11.735146
0.646287	0.012492	1.030940	0.952738	0.194316	-0.491095	-0.065349	-0.014774	11.736630
3.245302	-2.853550	0.334731	0.773741	0.118127	-0.470077	-0.063395	-0.017824	11.738363
-3.378275	1.517783	-0.357825	0.421364	0.037944	-0.444785	-0.060988	-0.020867	11.740116
-2.553587	1.693439	-0.380676	0.403613	0.034364	-0.443592	-0.060874	-0.020999	11.740193
-0.998828	1.856371	-0.402664	0.385716	0.030773	-0.442391	-0.060758	-0.021132	11.740270
-0.919927	2.761236	-0.608035	0.012761	-0.042519	-0.416884	-0.058289	-0.023768	11.741813
0.508069	0.485914	-0.313628	-0.345383	-0.118823	-0.388632	-0.055521	-0.026394	11.743371
3.099891	-2.595960	0.175541	-0.650055	-0.210189	-0.353072	-0.052000	-0.029393	11.745179
-2.736867	1.502320	0.265406	-0.742545	-0.305513	-0.314509	-0.048140	-0.032370	11.747007
2.717488	2.039162	0.258845	-0.740954	-0.309782	-0.312755	-0.047963	-0.032500	11.747088
-2.697815	2.555378	0.251499	-0.738881	-0.314058	-0.310995	-0.047786	-0.032630	11.747169
0.450436	1.733893	-0.001084	-0.611800	-0.399805	-0.275005	-0.044148	-0.035201	11.748780
1.767038	-2.528500	-0.243664	-0.371318	-0.484544	-0.237224	-0.040298	-0.037751	11.750406
-1.224848	2.421519	-0.213841	-0.042963	-0.575873	-0.191989	-0.035648	-0.040643	11.752288
-0.100149	-1.321946	0.082571	0.273986	-0.655865	-0.145017	-0.030774	-0.043500	11.754190
0.778665	-1.751471	0.100140	0.286736	-0.659058	-0.142903	-0.030554	-0.043625	11.754275
-0.763978	-2.153294	0.118036	0.299342	-0.662220	-0.140786	-0.030333	-0.043751	11.754360
0.549506	-1.399905	0.484970	0.507400	-0.716848	-0.098761	-0.025931	-0.046195	11.756028
-0.441834	0.346474	0.693597	0.612384	-0.755047	-0.055919	-0.021404	-0.048607	11.757711
0.386804	1.059641	0.354389	0.571898	-0.775157	-0.005733	-0.016040	-0.051352	11.759675
-0.335907	-0.731193	-0.733303	0.402350	-0.769534	0.044684	-0.010566	-0.054045	11.761659
0.332609	-0.508933	-0.780137	0.392868	-0.768706	0.046917	-0.010321	-0.054164	11.761748
-0.329174	-0.274091	-0.825621	0.383259	-0.767828	0.049151	-0.010076	-0.054282	11.761836
-0.318162	0.568458	-1.190612	0.179060	-0.741011	0.092722	-0.005253	-0.056572	11.763575
-0.184722	-0.576002	-0.181843	-0.030515	-0.696327	0.135817	-0.000391	-0.058819	11.765329
0.063910	0.728852	1.227192	-0.247943	-0.623225	0.184711	0.005258	-0.061360	11.767376
-0.082448	-0.888104	1.566513	-0.407805	-0.528166	0.232151	0.010902	-0.063836	11.769442
0.086258	-0.933069	1.560784	-0.412805	-0.523687	0.234115	0.011139	-0.063939	11.769530
0.010348	-0.971899	1.553989	-0.417646	-0.519171	0.236076	0.011377	-0.064042	11.769617
-0.231091	-0.704191	1.211015	-0.483836	-0.419264	0.275168	0.016193	-0.066107	11.771409
0.760052	1.356345	0.527717	-0.495754	-0.304468	0.312560	0.020963	-0.068119	11.773214
1.277157	-1.551434	-0.551272	-0.453996	-0.154204	0.353607	0.026434	-0.070392	11.775335
1.301102	0.783868	-1.530938	-0.363897	0.008368	0.391532	0.031786	-0.072585	11.777475
-1.319642	1.265072	-1.557769	-0.359655	0.014732	0.392912	0.031988	-0.072667	11.777557
1.338265	1.732209	-1.583470	-0.355356	0.021110	0.394287	0.032189	-0.072749	11.777639
-1.768944	1.240615	-1.862681	-0.246861	0.166244	0.423848	0.036665	-0.074563	11.779498
2.602704	-1.146330	-1.632543	-0.124703	0.311375	0.450464	0.041009	-0.076313	11.781370
2.647385	-1.966688	-0.838615	0.020643	0.474818	0.477350	0.045868	-0.078264	11.783566
-0.202893	-1.703610	0.358891	0.154589	0.626408	0.499435	0.050492	-0.080119	11.785781
-2.088412	-1.667056	0.402517	0.158892	0.631437	0.500118	0.050649	-0.080183	11.785859
-3.018561	-1.628240	0.445986	0.163162	0.636444	0.500794	0.050807	-0.080246	11.785937
-2.297767	-0.169741	1.391755	0.255409	0.751406	0.515309	0.054561	-0.081760	11.787861
-1.961645	1.381715	1.844648	0.316774	0.848428	0.525628	0.058096	-0.083199	11.789800
2.385119	1.433091	1.395179	0.341493	0.933202	0.531973	0.061901	-0.084771	11.792069
2.652639	-0.997858	0.168315	0.327875	0.982022	0.531832	0.065359	-0.086234	11.794357
-2.631652	-1.049486	0.118745	0.326862	0.983050	0.531698	0.065479	-0.086285	11.794440
0.453485	-1.093183	0.069285	0.325819	0.984023	0.531554	0.065598	-0.086336	11.794524
2.020612	-0.494025	-0.992543	0.293691	0.991404	0.525443	0.068269	-0.087496	11.796506
-1.369643	0.588411	-1.603879	0.249279	0.971168	0.513988	0.070685	-0.088569	11.798502
0.735404	-0.496678	-1.413397	0.186629	0.916418	0.494339	0.073182	-0.089706	11.800841
-0.450390	0.343475	-0.771888	0.117197	0.831965	0.468525	0.075347	-0.090720	11.803199
0.449387	0.500575	-0.744454	0.114563	0.828319	0.467459	0.075421	-0.090755	11.803287
-0.449161	0.660740	-0.716865	0.111926	0.824637	0.466385	0.075494	-0.090790	11.803374
1.173032	0.014820	0.641315	-0.019182	0.594201	0.402159	0.078662	-0.092340	11.807901
0.867939	-2.493871	0.942920	-0.131162	0.300186	0.322852	0.080695	-0.093404	11.812494
0.545679	-2.262903	0.926693	-0.133788	0.292580	0.320801	0.080731	-0.093423	11.812605
-2.191444	-2.009293	0.909178	-0.136418	0.284954	0.318744	0.080765	-0.093442	11.812716
1.034812	-1.733941	0.890411	-0.139048	0.277307	0.316682	0.080799	-0.093461	11.812827
2.212833	-1.443619	0.870427	-0.141679	0.269642	0.314614	0.080832	-0.093479	11.812938
-2.262319	2.894273	0.379816	-0.184827	0.136801	0.278639	0.081303	-0.093747	11.814831
0.667023	1.752858	-0.243974	-0.219729	0.000311	0.241292	0.081597	-0.093928	11.816734
1.802074	-3.228869	-0.700032	-0.240001	-0.177383	0.191793	0.081722	-0.094033	11.819195
-1.466505	-0.622689	-0.312322	-0.219354	-0.353809	0.141190	0.081574	-0.093997	11.821673
1.456264	-0.212680	-0.287702	-0.217742	-0.360108	0.139345	0.081563	-0.093993	11.821763
0.190966	0.196273	-0.262716	-0.216067	-0.366399	0.137500	0.081552	-0.093989	11.821853
-1.262029	2.962267	0.350446	-0.156383	-0.514516	0.092952	0.081192	-0.093834	11.824029
-1.111852	0.156930	0.694664	-0.058279	-0.652685	0.048527	0.080640	-0.093573	11.826218
1.157545	-2.285226	0.542589	0.094792	-0.791950	-0.001565	0.079784	-0.093146	11.828735
1.158700	-0.250059	-0.176845	0.252926	-0.903820	-0.050282	0.078699	-0.092584	11.831268
0.595776	-0.128202	-0.214634	0.259336	-0.908042	-0.052410	0.078646	-0.092555	11.831381
-1.160735	-0.009497	-0.252439	0.265658	-0.912193	-0.054533	0.078592	-0.092527	11.831494
-0.332712	1.500955	-0.910410	0.365706	-0.978398	-0.095091	0.077456	-0.091920	11.833710
1.197972	1.370741	-1.196691	0.401309	-1.014180	-0.133652	0.076165	-0.091214	11.835936
-0.540581	-0.196727	-1.017893	0.337775	-1.015269	-0.174919	0.074503	-0.090284	11.838506
-1.240895	-0.810675	-0.389813	0.183643	-0.976941	-0.212465	0.072659	-0.089229	11.841091
-0.594358	-0.768736	-0.352757	0.175116	-0.974365	-0.214063	0.072572	-0.089178	11.841207
0.882112	-0.719606	-0.315061	0.166481	-0.971721	-0.215652	0.072485	-0.089128	11.841324
1.273546	0.723520	0.512297	-0.018995	-0.907195	-0.244941	0.070731	-0.088099	11.843584
0.724291	0.782974	1.383833	-0.224307	-0.819313	-0.271409	0.068857	-0.086979	11.845854
0.624627	-0.530378	2.090529	-0.456562	-0.693238	-0.298373	0.066568	-0.085582	11.848473
-1.602030	-0.989590	2.093797	-0.653756	-0.544388	-0.321719	0.064145	-0.084067	11.851105
1.612168	-0.948096	2.070649	-0.661397	-0.537115	-0.322700	0.064032	-0.083995	11.851226
1.589073	-0.898527	2.045257	-0.668890	-0.529809	-0.323673	0.063918	-0.083923	11.851346
-1.440275	0.821069	1.181650	-0.779772	-0.384113	-0.340814	0.061698	-0.082503	11.853649
-2.103225	1.205304	-0.202855	-0.813485	-0.230013	-0.355295	0.059395	-0.080997	11.855960
2.371416	-1.318236	-1.813277	-0.725715	-0.048396	-0.368744	0.056644	-0.079157	11.858638
-2.549035	1.285964	-2.198688	-0.469187	0.131093	-0.378757	0.053805	-0.077207	11.861326
-2.335129	1.388228	-2.178417	-0.453886	0.138659	-0.379111	0.053681	-0.077121	11.861442
2.557999	1.475060	-2.154911	-0.438213	0.146214	-0.379459	0.053557	-0.077035	11.861558
-2.588730	0.266130	-1.109037	-0.059876	0.294694	-0.385159	0.051022	-0.075248	11.863903
2.169407	-1.810500	0.421952	0.378580	0.432369	-0.388350	0.048439	-0.073382	11.866256
2.382815	-0.928201	1.492141	0.830055	0.566370	-0.389007	0.045555	-0.071242	11.868851
-2.182339	2.033292	1.472580	1.141721	0.676965	-0.386730	0.042637	-0.069012	11.871455
1.929651	-1.952930	0.339142	1.219383	0.761687	-0.381254	0.039550	-0.066585	11.874187
-1.628809	-1.887984	-0.700968	1.026021	0.810539	-0.372651	0.036423	-0.064062	11.876929
1.615453	-1.866751	-0.723460	1.012550	0.811784	-0.372241	0.036296	-0.063959	11.877039
-0.400161	-1.852968	-0.743913	0.998635	0.812975	-0.371826	0.036170	-0.063856	11.877149
-1.290567	-1.645585	-0.750740	0.585688	0.826512	-0.361575	0.033400	-0.061572	11.879550
0.974726	1.159736	-0.205050	-0.010849	0.818641	-0.348998	0.030594	-0.059219	11.881958
0.434743	-0.262597	0.451654	-0.728174	0.787601	-0.331807	0.027332	-0.056442	11.884722
0.120409	-0.799899	0.419334	-1.252958	0.737994	-0.311897	0.024016	-0.053581	11.887494
-0.517452	-0.593318	0.390506	-1.270000	0.735355	-0.310923	0.023862	-0.053447	11.887621
0.515724	-0.380443	0.359141	-1.286338	0.732689	-0.309943	0.023709	-0.053314	11.887749
-0.565744	0.870801	-0.333021	-1.448633	0.677906	-0.290574	0.020788	-0.050766	11.890155
0.731264	-1.048177	-0.281488	-1.318451	0.616454	-0.269625	0.017822	-0.048159	11.892566
0.337443	1.244924	0.353293	-0.931237	0.539217	-0.243799	0.014348	-0.045089	11.895349
-1.188374	1.101109	0.052984	-0.464179	0.456563	-0.216455	0.010811	-0.041949	11.898139
1.195881	0.644063	0.020328	-0.441173	0.452309	-0.215051	0.010632	-0.041790	11.898279
-1.203009	0.183681	-0.012760	-0.418319	0.448046	-0.213644	0.010453	-0.041631	11.898418
1.269479	-1.171023	-0.476096	-0.066981	0.372732	-0.188787	0.007317	-0.038841	11.900849
-1.244762	0.900186	-0.321836	0.151580	0.295640	-0.163242	0.004130	-0.036005	11.903283
1.142005	0.296694	0.341920	0.275173	0.205738	-0.133152	0.000381	-0.032673	11.906100
-1.011624	-0.168698	0.799286	0.339165	0.116409	-0.102728	-0.003442	-0.029286	11.908921
1.006013	-0.154758	0.801921	0.341978	0.112402	-0.101347	-0.003617	-0.029131	11.909048
0.630010	-0.138752	0.802539	0.344840	0.108399	-0.099966	-0.003792	-0.028976	11.909176
-0.909772	0.081563	0.545887	0.412165	0.033006	-0.073623	-0.007169	-0.025999	11.911621
0.854349	-0.234426	-0.002475	0.514309	-0.039654	-0.047487	-0.010606	-0.022985	11.914070
-0.842021	0.571266	-1.041836	0.696447	-0.118904	-0.017799	-0.014656	-0.019459	11.916903
0.738813	-0.882905	-1.154429	0.963285	-0.191553	0.011026	-0.018791	-0.015890	11.919740
0.891775	-0.854091	-1.109121	0.977288	-0.194673	0.012311	-0.018981	-0.015727	11.919869
-0.895388	-0.805321	-1.058627	0.991431	-0.197778	0.013594	-0.019171	-0.015564	11.919999
0.984210	1.035567	0.367945	1.259671	-0.253486	0.037533	-0.022833	-0.012437	11.922460
-1.100461	-1.034324	1.142054	1.432563	-0.301916	0.060364	-0.026563	-0.009285	11.924924
1.250534	-0.114443	0.340142	1.376167	-0.347711	0.085011	-0.030943	-0.005626	11.927763
0.918129	0.677256	-0.731815	1.042313	-0.383255	0.107604	-0.035417	-0.001941	11.930604
-1.407928	0.664809	-0.765271	1.021056	-0.384636	0.108576	-0.035623	-0.001773	11.930733
1.414507	0.648450	-0.796711	0.999291	-0.385999	0.109542	-0.035828	-0.001605	11.930862
-0.165339	0.144276	-0.950692	0.487912	-0.408432	0.127070	-0.039803	0.001619	11.933332
-1.625640	-0.200499	-0.175039	-0.159499	-0.424257	0.142595	-0.043854	0.004857	11.935803
1.686737	0.026909	0.916751	-0.848013	-0.435000	0.157780	-0.048612	0.008601	11.938648
-1.677218	-0.065322	0.077674	-1.230425	-0.438583	0.169903	-0.053473	0.012356	11.941494
1.674780	0.011396	0.007889	-1.238934	-0.438590	0.170365	-0.053690	0.012521	11.941620
-1.672153	0.084910	-0.062385	-1.246727	-0.438585	0.170820	-0.053907	0.012687	11.941745
-0.631824	-0.714529	-1.026508	-1.253008	-0.436211	0.178477	-0.058222	0.015954	11.944218
1.437135	-0.911737	-0.416922	-0.994432	-0.430075	0.183648	-0.062615	0.019220	11.946689
-1.217227	1.505822	0.976328	-0.491394	-0.418523	0.186638	-0.067782	0.022983	11.949540
0.120944	-0.705339	1.277195	0.063045	-0.402197	0.186666	-0.073054	0.026736	11.952390
0.963055	-0.959653	1.264788	0.085243	-0.401392	0.186605	-0.073282	0.026896	11.952512
-0.952696	-1.206853	1.250775	0.107223	-0.400579	0.186539	-0.073511	0.027056	11.952634
0.757864	-2.292890	0.693954	0.501195	-0.382214	0.184161	-0.078181	0.030300	11.955107
-0.620995	-2.555988	-0.130413	0.794723	-0.360305	0.179911	-0.082926	0.033527	11.957578
0.576448	-2.555788	-0.961993	1.003668	-0.330963	0.172966	-0.088432	0.037191	11.960401
-0.676413	1.174384	-1.381179	1.073907	-0.297057	0.164016	-0.094020	0.040823	11.963221
0.685295	1.256308	-1.389836	1.073709	-0.295265	0.163526	-0.094298	0.041001	11.963360
-0.694541	1.326429	-1.397369	1.073163	-0.293460	0.163031	-0.094576	0.041180	11.963499
0.900317	2.234740	-1.347994	1.008923	-0.259748	0.153573	-0.099543	0.044332	11.965970
-1.129293	2.219146	-0.972237	0.856784	-0.223242	0.142927	-0.104558	0.047451	11.968438
-0.957064	1.758544	-0.226544	0.607267	-0.178805	0.129487	-0.110353	0.050978	11.971261
1.365757	0.555856	0.589126	0.314645	-0.132408	0.114935	-0.116195	0.054451	11.974079
-0.834658	0.461066	0.622799	0.300828	-0.130248	0.114245	-0.116464	0.054609	11.974208
-1.358013	0.365297	0.655865	0.287016	-0.128087	0.113554	-0.116733	0.054767	11.974337
1.197230	-1.117221	1.129938	0.028452	-0.086711	0.100088	-0.121860	0.057742	11.976790
-0.955062	-1.539456	1.159466	-0.206895	-0.045199	0.086130	-0.127010	0.060668	11.979240
0.257118	1.636969	0.557949	-0.434725	0.002246	0.069559	-0.132996	0.063992	11.982072
0.439054	1.383513	-0.177764	-0.614091	0.048136	0.052781	-0.138996	0.067240	11.984898
0.702413	1.154542	-0.206812	-0.620607	0.050017	0.052075	-0.139248	0.067374	11.985017
-0.709302	0.924823	-0.235593	-0.627037	0.051892	0.051370	-0.139500	0.067509	11.985135
-0.375511	-0.955471	-0.752123	-0.741025	0.089115	0.037001	-0.144654	0.070226	11.987556
1.401578	-1.157595	-1.068886	-0.822947	0.123858	0.022828	-0.149805	0.072878	11.989973
-1.912819	-2.600017	-1.064345	-0.878073	0.160435	0.006761	-0.155796	0.075881	11.992783
2.246196	2.323536	-0.701561	-0.884979	0.192069	-0.008591	-0.161764	0.078785	11.995586
-1.031684	2.475541	-0.688551	-0.884275	0.193255	-0.009201	-0.162008	0.078901	11.995701
-2.259542	2.612659	-0.676236	-0.883499	0.194433	-0.009809	-0.162252	0.079018	11.995816
-0.997903	-0.637809	-0.608763	-0.775477	0.239415	-0.035880	-0.173454	0.084202	12.001107
0.529889	-1.351073	-0.209027	-0.557451	0.265116	-0.056754	-0.184467	0.088954	12.006370
1.265594	-1.045511	-0.179299	-0.551277	0.265486	-0.057174	-0.184728	0.089062	12.006495
-1.249891	-0.721292	-0.148335	-0.545071	0.265844	-0.057590	-0.184987	0.089170	12.006621
1.233383	-0.373321	-0.113910	-0.538400	0.266214	-0.058030	-0.185265	0.089284	12.006755
1.222386	-0.045637	-0.078166	-0.531689	0.266570	-0.058466	-0.185543	0.089399	12.006888
-0.991707	0.992035	0.629313	-0.418832	0.270490	-0.064840	-0.189986	0.091196	12.009042
-0.988342	-0.785146	1.331215	-0.299160	0.271016	-0.070004	-0.194381	0.092908	12.011189
0.650947	0.269684	1.481732	-0.142168	0.266920	-0.074879	-0.199890	0.094958	12.013913
-0.499984	0.598725	0.963242	0.014551	0.257681	-0.077950	-0.205303	0.096859	12.016628
-0.308817	0.551866	0.932345	0.021480	0.257151	-0.078047	-0.205542	0.096940	12.016749
0.486162	0.499885	0.901153	0.028404	0.256611	-0.078141	-0.205781	0.097022	12.016870
-0.353352	-0.579367	0.308029	0.161136	0.244133	-0.079293	-0.210407	0.098541	12.019230
0.260457	0.068429	-0.105976	0.287750	0.228047	-0.079218	-0.214944	0.099937	12.021582
-0.047175	0.447162	-0.528631	0.422067	0.205369	-0.077708	-0.220020	0.101379	12.024266
-0.474256	-0.194635	-1.109825	0.541425	0.178345	-0.074780	-0.224949	0.102647	12.026939
-0.281463	-0.242737	-1.138826	0.546681	0.176951	-0.074607	-0.225180	0.102703	12.027066
0.506676	-0.287883	-1.167699	0.551897	0.175547	-0.074430	-0.225411	0.102759	12.027194
-0.897437	-0.278333	-1.631225	0.639323	0.148204	-0.070702	-0.229556	0.103703	12.029519
-0.718992	-0.017853	-1.874655	0.709769	0.117852	-0.066073	-0.233539	0.104505	12.031836
-0.310670	0.036439	-1.883745	0.767829	0.079633	-0.059785	-0.237859	0.105242	12.034475
2.207565	-0.183405	-1.669338	0.803654	0.037865	-0.052555	-0.241896	0.105779	12.037101
-0.303048	-0.200260	-1.654391	0.804777	0.035712	-0.052176	-0.242087	0.105800	12.037231
-2.220966	-0.211680	-1.639119	0.805833	0.033552	-0.051794	-0.242278	0.105821	12.037360
2.196583	0.511828	-1.248687	0.812430	-0.005769	-0.044759	-0.245504	0.106104	12.039637
-1.988206	0.250568	-0.458746	0.792889	-0.047099	-0.037193	-0.248461	0.106225	12.041903
1.409606	-1.181689	0.669697	0.731345	-0.096394	-0.027926	-0.251501	0.106161	12.044502
1.415344	-1.947157	1.580984	0.620513	-0.146539	-0.018187	-0.254115	0.105870	12.047087
-1.250272	-1.934602	1.609158	0.614314	-0.148774	-0.017744	-0.254221	0.105852	12.047202
-1.402629	-1.920635	1.635983	0.608001	-0.151008	-0.017302	-0.254326	0.105834	12.047316
0.280577	-1.754108	1.884040	0.459975	-0.194677	-0.008483	-0.256194	0.105372	12.049562
1.482380	-0.508189	1.578046	0.266807	-0.237502	0.000509	-0.257685	0.104730	12.051797
-1.701205	2.503674	0.485833	0.011256	-0.284574	0.010896	-0.258899	0.103773	12.054339
1.935321	0.924422	-1.154822	-0.252628	-0.328684	0.021278	-0.259561	0.102580	12.056866
-1.945766	0.463741	-1.226661	-0.265511	-0.330795	0.021795	-0.259579	0.102514	12.056992
0.152774	0.004539	-1.295832	-0.278337	-0.332897	0.022312	-0.259596	0.102447	12.057118
2.099969	-1.887610	-1.834786	-0.487560	-0.367590	0.031197	-0.259650	0.101200	12.059296
1.764311	0.178227	-0.740771	-0.657711	-0.398587	0.039896	-0.259247	0.099775	12.061464
1.413700	1.080387	1.236099	-0.773585	-0.429022	0.049632	-0.258185	0.097905	12.063961
-0.282546	-0.959679	1.863780	-0.764301	-0.452628	0.058884	-0.256455	0.095798	12.066443
-2.047567	-0.955079	1.825437	-0.760312	-0.453513	0.059286	-0.256361	0.095698	12.066555
2.039490	-0.931690	1.780049	-0.755997	-0.454381	0.059686	-0.256266	0.095597	12.066666
-1.845816	1.194279	0.051359	-0.614976	-0.468050	0.067185	-0.254144	0.093557	12.068810
1.618170	0.942589	-1.593400	-0.389320	-0.475640	0.074150	-0.251475	0.091341	12.070942
0.635990	-2.244210	-1.938005	-0.074055	-0.476665	0.081384	-0.247729	0.088591	12.073367
-0.188965	0.434469	-0.183548	0.249412	-0.469317	0.087778	-0.243216	0.085612	12.075777
-1.261680	0.794346	-0.083637	0.262984	-0.468795	0.088041	-0.242998	0.085475	12.075884
1.260395	1.149760	0.016340	0.276450	-0.468256	0.088302	-0.242779	0.085338	12.075990
-1.306329	3.112125	1.677212	0.513485	-0.454105	0.093096	-0.238111	0.082523	12.078088
0.840157	-0.100277	1.962423	0.666453	-0.433214	0.097160	-0.232812	0.079535	12.080174
1.714523	-3.104926	1.023303	0.702374	-0.400941	0.100858	-0.225965	0.075910	12.082543
-1.992385	-2.271933	-0.370987	0.612096	-0.359689	0.103497	-0.218241	0.072060	12.084897
-1.677791	-2.155086	-0.439040	0.605075	-0.357448	0.103598	-0.217840	0.071865	12.085012
1.863192	-2.033731	-0.506528	0.597844	-0.355186	0.103697	-0.217436	0.071670	12.085127
2.172386	0.449897	-1.515554	0.438740	-0.311742	0.104997	-0.209873	0.068102	12.087172
2.359747	2.018717	-1.811931	0.239447	-0.262784	0.105426	-0.201622	0.064364	12.089205
1.046773	0.954899	-0.933144	-0.007714	-0.200624	0.104840	-0.191322	0.059860	12.091526
0.849638	-0.772813	0.434896	-0.243513	-0.133078	0.103102	-0.180165	0.055133	12.093832
-2.154091	-0.812370	0.492990	-0.253876	-0.129759	0.102991	-0.179616	0.054904	12.093941
2.137823	-0.845900	0.549590	-0.264141	-0.126431	0.102877	-0.179064	0.054674	12.094050
-0.316201	-0.963845	1.305005	-0.430551	-0.063867	0.100338	-0.168640	0.050370	12.096040
-1.272654	-0.541827	1.521497	-0.541905	0.001273	0.096933	-0.157616	0.045900	12.098019
-0.432165	0.020787	1.154331	-0.583937	0.079108	0.091922	-0.144149	0.040519	12.100294
0.413814	0.645883	0.278935	-0.546165	0.159017	0.085777	-0.129963	0.034917	12.102556
0.065281	0.675045	0.232124	-0.542882	0.162688	0.085470	-0.129300	0.034656	12.102658
-0.398847	0.700317	0.185001	-0.539480	0.166360	0.085162	-0.128636	0.034396	12.102761
0.396008	0.145099	-0.691543	-0.454608	0.236225	0.078859	-0.115774	0.029356	12.104703
-0.595720	-0.763493	-1.251884	-0.340297	0.305781	0.071731	-0.102439	0.024153	12.106634
0.537682	-0.566547	-1.140219	-0.188275	0.384516	0.062492	-0.086499	0.017943	12.108849
1.405736	0.287996	-0.466118	-0.029826	0.460311	0.052181	-0.070014	0.011517	12.111049
-0.863395	0.336215	-0.414032	-0.019942	0.464972	0.051493	-0.068954	0.011104	12.111188
-1.457074	0.383969	-0.361406	-0.010091	0.469619	0.050801	-0.067892	0.010689	12.111326
1.506027	0.954796	0.344388	0.116696	0.530199	0.041092	-0.053430	0.005033	12.113184
1.993398	0.596583	0.886138	0.226631	0.586727	0.030629	-0.038636	-0.000779	12.115031
-2.127224	-1.378220	1.082201	0.321743	0.646837	0.017390	-0.020873	-0.007806	12.117188
-2.130853	-1.398738	0.648512	0.369735	0.698860	0.003155	-0.002750	-0.015045	12.119330
2.126175	-1.311965	0.609764	0.370885	0.701100	0.002457	-0.001884	-0.015394	12.119431
2.069654	-1.218236	0.569363	0.371940	0.703319	0.001756	-0.001017	-0.015742	12.119532
-1.976924	0.936268	-0.329625	0.375644	0.739952	-0.011422	0.014933	-0.022197	12.121373
-1.894053	1.952129	-1.073290	0.353482	0.768607	-0.025299	0.031063	-0.028810	12.123204
1.673831	-0.370685	-1.089168	0.302190	0.791284	-0.042183	0.049877	-0.036650	12.125306
-1.772093	-2.634405	-0.341423	0.230489	0.803248	-0.059950	0.068817	-0.044700	12.127394
1.783562	-2.162163	-0.296945	0.227067	0.803536	-0.060742	0.069642	-0.045054	12.127484
0.402525	-1.660632	-0.251774	0.223627	0.803806	-0.061535	0.070466	-0.045409	12.127574
-1.701421	2.850701	0.647042	0.152258	0.805324	-0.077779	0.087027	-0.052609	12.129381
-2.615124	-0.596902	1.141242	0.081451	0.799676	-0.094556	0.103592	-0.059967	12.131176
-0.155087	-2.414854	1.191673	0.009604	0.784760	-0.114329	0.122603	-0.068626	12.133229
3.230962	-2.657459	0.887932	-0.046125	0.761341	-0.134391	0.141506	-0.077493	12.135266
-0.174379	-2.701560	0.870303	-0.048144	0.760158	-0.135253	0.142311	-0.077877	12.135353
-3.222491	-2.743654	0.852451	-0.050133	0.758960	-0.136114	0.143116	-0.078261	12.135440
2.939207	-2.213976	0.453097	-0.084385	0.731692	-0.153515	0.159307	-0.086107	12.137189
-0.821639	-1.063822	0.016260	-0.108060	0.698832	-0.170807	0.175328	-0.094107	12.138927
-1.673899	-0.374501	-0.469484	-0.123868	0.654156	-0.190569	0.193676	-0.103594	12.140934
1.072398	1.158185	-0.853841	-0.129185	0.603394	-0.209759	0.211679	-0.113287	12.142926
-1.053324	1.384712	-0.866779	-0.129211	0.601102	-0.210564	0.212440	-0.113706	12.143010
1.034952	1.585571	-0.879366	-0.129223	0.598802	-0.211367	0.213200	-0.114125	12.143095
-0.791791	-1.354916	-1.085743	-0.126450	0.550685	-0.227131	0.228284	-0.122616	12.144791
0.723977	-0.114929	-1.277163	-0.118482	0.498828	-0.242151	0.243025	-0.131257	12.146476
-0.773173	0.643648	-1.439055	-0.104108	0.435307	-0.258144	0.259322	-0.141265	12.148380
0.364962	1.007426	-1.448376	-0.085022	0.366950	-0.272777	0.275065	-0.151464	12.150270
1.073613	0.855423	-1.230795	-0.062125	0.294286	-0.285752	0.290092	-0.161781	12.152133
-0.358963	-0.475537	-0.802470	-0.037510	0.216852	-0.296971	0.304460	-0.172286	12.153983
-1.274629	-0.538359	-0.778565	-0.036358	0.213103	-0.297451	0.305117	-0.172783	12.154069
0.440264	-0.599102	-0.754400	-0.035207	0.209344	-0.297926	0.305772	-0.173281	12.154155
1.470059	-1.254957	-0.231071	-0.013052	0.131782	-0.306504	0.318561	-0.183342	12.155881
-0.265553	-0.834361	0.312099	0.005755	0.050146	-0.313162	0.330667	-0.193566	12.157594
-1.510048	-0.808462	0.337263	0.006519	0.046164	-0.313428	0.331226	-0.194058	12.157675
-1.676279	-0.783594	0.362303	0.007270	0.042174	-0.313690	0.331784	-0.194550	12.157757
-0.020433	-0.434350	0.821450	0.018638	-0.038204	-0.317869	0.342480	-0.204361	12.159361
2.019317	0.127550	1.172139	0.021639	-0.120786	-0.320052	0.352508	-0.214316	12.160955
-2.322140	2.005960	1.227876	-0.009421	-0.319351	-0.316578	0.373445	-0.238406	12.164678
1.820208	-1.907649	0.033804	-0.062821	-0.509951	-0.299801	0.390455	-0.263291	12.168343
2.281862	-1.975829	0.003802	-0.063610	-0.513993	-0.299263	0.390790	-0.263856	12.168424
2.352207	-2.011991	-0.025989	-0.064364	-0.518026	-0.298718	0.391123	-0.264422	12.168505
0.212846	-1.992979	-0.055489	-0.065080	-0.522041	-0.298166	0.391453	-0.264987	12.168587
-2.343688	-1.916171	-0.084703	-0.065757	-0.526041	-0.297606	0.391781	-0.265552	12.168668
2.338603	-1.775053	-0.116419	-0.066454	-0.530412	-0.296984	0.392139	-0.266173	12.168756
2.085736	-1.605956	-0.147776	-0.067102	-0.534769	-0.296354	0.392494	-0.266794	12.168845
-2.229673	0.993639	-0.531626	-0.070227	-0.593035	-0.286749	0.397142	-0.275392	12.170064
2.076373	1.766893	-0.787769	-0.059845	-0.647575	-0.275393	0.401333	-0.284077	12.171276
1.273703	0.365890	-0.847141	-0.016794	-0.714660	-0.256729	0.406363	-0.296214	12.172939
0.724502	-1.251426	-0.515278	0.061240	-0.768941	-0.234474	0.410508	-0.308515	12.174590
-1.159836	0.203134	0.197581	0.156640	-0.808011	-0.206791	0.413926	-0.321735	12.176326
0.868385	0.735141	0.667005	0.230995	-0.823191	-0.174749	0.416331	-0.335133	12.178048
-0.856684	0.538647	0.670313	0.233338	-0.823232	-0.173170	0.416417	-0.335753	12.178127
-0.418477	0.335209	0.671523	0.235560	-0.823211	-0.171580	0.416501	-0.336374	12.178206
0.230836	-0.625638	0.334155	0.251644	-0.811039	-0.140306	0.417666	-0.348015	12.179670
0.532755	0.642072	-0.415708	0.209715	-0.775324	-0.106213	0.418070	-0.359781	12.181124
-0.443373	-0.674313	-0.722218	0.081074	-0.709010	-0.065752	0.417623	-0.372929	12.182719
-0.375197	-0.979559	-0.273342	-0.131616	-0.618168	-0.022928	0.416226	-0.386220	12.184302
0.383333	1.215176	0.577597	-0.374143	-0.501661	0.023758	0.413740	-0.400265	12.185943
-0.215451	1.167363	0.993023	-0.547846	-0.368028	0.071758	0.410192	-0.414457	12.187570
-0.246615	1.078963	0.989808	-0.552714	-0.361522	0.073997	0.410002	-0.415116	12.187645
-0.388018	0.983112	0.984240	-0.557242	-0.354990	0.076237	0.409810	-0.415775	12.187719
0.394935	-1.378604	0.515839	-0.579858	-0.227438	0.118845	0.405738	-0.428323	12.189131
-0.396073	-1.644000	-0.354896	-0.486271	-0.095842	0.161478	0.400836	-0.440974	12.190532
0.385521	1.637494	-1.244997	-0.246600	0.053380	0.209408	0.394246	-0.455470	12.192111
-0.364058	-0.221146	-1.322063	0.115208	0.196649	0.256172	0.386563	-0.470090	12.193676
0.001610	-0.395511	-1.301259	0.134647	0.203279	0.258377	0.386166	-0.470795	12.193751
0.361710	-0.566649	-1.278199	0.154205	0.209880	0.260578	0.385767	-0.471500	12.193826
-0.346986	-1.488300	-0.498711	0.512046	0.323952	0.299653	0.378087	-0.484328	12.195176
0.369019	1.465354	0.676361	0.815076	0.424825	0.336895	0.369562	-0.497240	12.196516
-0.478118	-1.512065	1.353343	0.979919	0.519572	0.376936	0.358693	-0.512200	12.198045
0.706663	-0.884728	0.665591	0.854282	0.587076	0.413351	0.346682	-0.527262	12.199560
-0.720454	-0.350964	0.611051	0.841934	0.589529	0.414935	0.346099	-0.527960	12.199630
0.734528	0.174610	0.555430	0.829071	0.591925	0.416511	0.345514	-0.528659	12.199699
-1.034328	1.550654	-0.554883	0.497819	0.626631	0.444613	0.333924	-0.541969	12.201017
1.323711	1.608702	-1.330577	0.039647	0.641406	0.468944	0.321438	-0.555350	12.202325
-1.520505	-1.416744	-1.194038	-0.557062	0.634985	0.491594	0.306070	-0.570731	12.203807
1.458928	0.434154	0.292055	-1.084948	0.604733	0.508307	0.289551	-0.586193	12.205276
0.963376	0.517382	0.366431	-1.103393	0.602869	0.508904	0.288799	-0.586874	12.205340
-1.437767	0.591626	0.440042	-1.121273	0.600961	0.509489	0.288045	-0.587555	12.205404
1.106795	0.750943	1.485045	-1.334014	0.553904	0.518740	0.272621	-0.601107	12.206672
-0.669267	-0.151038	1.140853	-1.216040	0.490104	0.523507	0.256342	-0.614712	12.207930
0.242961	-0.460658	-0.404343	-0.747697	0.399849	0.523498	0.236682	-0.630355	12.209359
-0.114330	0.544970	-1.714862	-0.060186	0.295640	0.517660	0.216010	-0.646057	12.210773
0.118921	0.653789	-1.724482	-0.026736	0.290748	0.517265	0.215068	-0.646758	12.210836
-0.124513	0.753974	-1.727613	0.006871	0.285834	0.516857	0.214122	-0.647459	12.210898
0.402465	-1.207506	-0.700822	0.679086	0.183872	0.506222	0.194749	-0.661569	12.212152
-0.844656	-1.843680	1.024385	1.230641	0.078023	0.490920	0.174693	-0.675719	12.213395
1.305837	2.426000	1.692908	1.497449	-0.038097	0.468890	0.152089	-0.691205	12.214740
0.997002	-2.507587	0.397375	1.271434	-0.150334	0.441305	0.128819	-0.706728	12.216072
0.661886	-2.670195	0.325270	1.250934	-0.155273	0.439913	0.127742	-0.707437	12.216132
-1.619597	-2.801889	0.254500	1.229711	-0.160187	0.438511	0.126665	-0.708146	12.216193
1.681382	-1.111443	-0.814417	0.693400	-0.251330	0.408751	0.105350	-0.722029	12.217370
0.870129	1.100423	-1.278221	0.023545	-0.329967	0.374573	0.083625	-0.735933	12.218536
-1.401961	2.565055	-1.004110	-0.725687	-0.399049	0.330028	0.058322	-0.751869	12.219859
-0.530629	1.462968	0.015032	-1.263248	-0.439540	0.279701	0.032635	-0.767822	12.221168
1.217888	1.241153	0.066348	-1.280073	-0.440609	0.277243	0.031443	-0.768557	12.221228
-1.212537	1.009233	0.117136	-1.296073	-0.441604	0.274773	0.030251	-0.769292	12.221288
1.172856	-2.059964	0.776533	-1.422545	-0.445391	0.225614	0.007538	-0.783239	12.222419
-1.238624	0.373010	0.459503	-1.183659	-0.419246	0.172155	-0.015347	-0.797189	12.223541
1.261917	1.782539	-0.389208	-0.609308	-0.357628	0.106248	-0.041736	-0.813189	12.224814
1.622817	-1.113455	-0.661850	0.068039	-0.270416	0.036439	-0.068198	-0.829185	12.226075
-1.632935	-1.250128	-0.650115	0.098474	-0.265940	0.033160	-0.069414	-0.829919	12.226132
0.605597	-1.378241	-0.635931	0.128719	-0.261430	0.029877	-0.070629	-0.830654	12.226190
1.821313	-1.612210	0.022374	0.650905	-0.170690	-0.033103	-0.093629	-0.844552	12.227273
-1.947655	1.478630	0.927149	1.025377	-0.073791	-0.096991	-0.116563	-0.858439	12.228347
-0.575480	0.363778	0.990480	1.186330	0.037410	-0.170225	-0.142733	-0.874357	12.229567
1.839881	-1.164391	0.024767	1.034507	0.140805	-0.242014	-0.168662	-0.890249	12.230773
-1.828639	-1.129289	-0.038282	1.021610	0.145191	-0.245194	-0.169824	-0.890964	12.230827
-1.441870	-1.078712	-0.102642	1.008292	0.149546	-0.248365	-0.170984	-0.891679	12.230881
1.524289	1.204424	-1.297073	0.680263	0.228142	-0.308594	-0.193377	-0.905552	12.231925
1.091256	0.889295	-1.554687	0.276732	0.293231	-0.365599	-0.215464	-0.919395	12.232958
-0.903995	-1.746815	-0.726212	-0.183017	0.347286	-0.425845	-0.240341	-0.935228	12.234130
0.871815	1.554572	0.755336	-0.573460	0.375197	-0.479594	-0.264664	-0.951014	12.235289
-0.012198	1.789378	0.824750	-0.588598	0.375776	-0.481868	-0.265755	-0.951730	12.235341
-0.885404	2.013686	0.893627	-0.603464	0.376291	-0.484126	-0.266846	-0.952447	12.235394
1.154658	2.413760	1.984141	-0.826937	0.373572	-0.524157	-0.287359	-0.966080	12.236386
-1.606443	-1.396497	2.390685	-0.910092	0.345578	-0.558485	-0.307334	-0.979669	12.237369
2.055590	-2.164342	2.275074	-0.802093	0.280901	-0.591001	-0.329648	-0.995291	12.238490
-1.955993	-2.169769	1.979649	-0.524706	0.188042	-0.615896	-0.351090	-1.010843	12.239598
-1.271916	-2.006196	1.961677	-0.509485	0.183397	-0.616831	-0.352027	-1.011537	12.239648
1.907025	-1.823780	1.943041	-0.494076	0.178717	-0.617751	-0.352963	-1.012230	12.239697
1.881030	1.641892	1.308766	-0.165985	0.082307	-0.632601	-0.370766	-1.025691	12.240649
0.074476	-1.074463	-0.122057	0.183388	-0.019279	-0.641663	-0.387788	-1.039091	12.241591
0.641052	0.668559	-3.501564	0.816756	-0.236616	-0.640095	-0.424453	-1.070354	12.243768
0.761860	0.862793	0.538021	0.804636	-0.364149	-0.606201	-0.455901	-1.101209	12.245890
-0.929615	-0.024988	0.733754	0.796474	-0.365852	-0.605078	-0.456537	-1.101889	12.245937
1.101832	-0.808780	0.932492	0.787987	-0.367509	-0.603939	-0.457171	-1.102568	12.245983
0.623773	-0.993194	1.126458	0.779453	-0.369070	-0.602820	-0.457783	-1.103226	12.246028
-1.440685	-0.548341	1.320383	0.770616	-0.370587	-0.601685	-0.458392	-1.103885	12.246073
1.615157	0.394598	1.521428	0.761085	-0.372122	-0.600486	-0.459024	-1.104570	12.246120
-0.079239	1.302973	1.720463	0.751227	-0.373610	-0.599271	-0.459653	-1.105256	12.246167
-3.941741	1.947942	3.823378	0.564615	-0.390388	-0.579013	-0.468777	-1.115524	12.246866
-1.526944	-2.912873	2.931249	0.313108	-0.397005	-0.555021	-0.477284	-1.125737	12.247559
4.251003	-3.636946	-0.900928	-0.093337	-0.389776	-0.515774	-0.488107	-1.139859	12.248514
6.235336	-1.661707	-3.556650	-0.488376	-0.363829	-0.470399	-0.497760	-1.153866	12.249456
5.989871	-0.449296	-3.816024	-0.793123	-0.318120	-0.418194	-0.506476	-1.168137	12.250412
4.142245	1.123024	-2.313783	-0.924153	-0.253575	-0.361168	-0.513988	-1.182277	12.251355
-2.858137	3.531901	-0.031864	-0.890888	-0.172544	-0.300884	-0.520243	-1.196120	12.252275
1.660213	1.663326	2.154573	-0.720068	-0.078933	-0.237516	-0.525352	-1.209824	12.253182
1.476161	1.510809	2.235175	-0.709825	-0.074638	-0.234688	-0.525550	-1.210420	12.253222
-1.573002	1.352729	2.313960	-0.699359	-0.070325	-0.231854	-0.525745	-1.211016	12.253261
0.861112	-2.122947	3.300297	-0.426200	0.024597	-0.170120	-0.529420	-1.223740	12.254101
0.079929	-0.505541	2.450217	-0.078620	0.121027	-0.107112	-0.532111	-1.236332	12.254929
-0.529409	-0.328361	2.381736	-0.062853	0.125089	-0.104418	-0.532203	-1.236864	12.254964
0.421496	-0.153752	2.311315	-0.047023	0.129148	-0.101721	-0.532294	-1.237396	12.254999
0.546756	1.061549	0.474709	0.312352	0.217885	-0.041131	-0.533876	-1.249250	12.255777
-0.803009	-0.884400	-1.127343	0.651336	0.299786	0.019378	-0.534588	-1.260977	12.256545
1.296081	0.295571	-2.098833	0.959317	0.380398	0.087970	-0.534349	-1.274274	12.257415
0.739323	1.253633	-2.305268	1.126441	0.441168	0.154824	-0.532996	-1.287393	12.258271
-1.316613	1.263245	-2.301896	1.130211	0.443346	0.157782	-0.532909	-1.287980	12.258309
-1.575465	1.270487	-2.297692	1.133648	0.445471	0.160733	-0.532819	-1.288566	12.258348
-2.485816	1.022258	-2.060082	1.139617	0.475405	0.216398	-0.530670	-1.299783	12.259079
-0.147954	0.241558	-1.541744	1.045342	0.483005	0.269470	-0.527706	-1.310861	12.259801
1.244274	-1.070331	-0.725844	0.833708	0.466391	0.326906	-0.523279	-1.323475	12.260622
3.371566	-2.579905	0.144937	0.535039	0.426322	0.380039	-0.517792	-1.335894	12.261430
-0.890408	-2.648714	0.182902	0.519747	0.423997	0.382359	-0.517517	-1.336456	12.261467
-3.360417	-2.713856	0.220551	0.504337	0.421633	0.384668	-0.517240	-1.337016	12.261503
3.112683	-2.548323	0.852773	0.188988	0.369244	0.427029	-0.511541	-1.347628	12.262194
-2.687661	0.036258	1.209465	-0.154485	0.304657	0.466188	-0.505063	-1.358090	12.262874
-2.054789	2.631992	1.055728	-0.548799	0.218641	0.507203	-0.496673	-1.369913	12.263644
1.686722	-1.075925	0.228168	-0.891787	0.123498	0.544000	-0.487277	-1.381536	12.264401
-1.671328	-1.484886	0.182516	-0.905727	0.118857	0.545628	-0.486810	-1.382078	12.264436
1.656572	-1.878181	0.136933	-0.919434	0.114202	0.547248	-0.486341	-1.382620	12.264471
1.637403	-1.842168	-0.575563	-1.121620	0.026612	0.575481	-0.477277	-1.392549	12.265118
1.076745	1.448015	-0.767943	-1.201970	-0.062355	0.600520	-0.467470	-1.402324	12.265755
-1.565969	1.412812	-0.380442	-1.111006	-0.163534	0.625426	-0.455248	-1.413405	12.266478
1.671504	-0.088159	0.324002	-0.846237	-0.260041	0.646086	-0.442057	-1.424281	12.267187
-1.674934	-0.132030	0.351568	-0.831369	-0.264078	0.646887	-0.441462	-1.424749	12.267218
1.678216	-0.173059	0.378344	-0.816246	-0.268098	0.647680	-0.440865	-1.425217	12.267248
-0.091953	-0.759915	0.648274	-0.465388	-0.344820	0.661844	-0.428569	-1.434475	12.267853
-1.776537	-0.361042	0.251597	-0.046486	-0.413245	0.672810	-0.415559	-1.443580	12.268448
1.911622	1.133599	-0.453952	0.433839	-0.478963	0.681471	-0.399710	-1.453871	12.269120
0.316467	0.944249	-0.686101	0.811936	-0.527654	0.685896	-0.382933	-1.463961	12.269780
-2.187340	0.799334	-0.682433	0.825394	-0.529407	0.685997	-0.382150	-1.464414	12.269809
-1.683504	0.637847	-0.677587	0.838487	-0.531118	0.686088	-0.381365	-1.464866	12.269839
2.528997	-2.007162	-0.373961	1.018689	-0.555371	0.686160	-0.365972	-1.473455	12.270401
-2.874102	2.524287	0.214163	1.064420	-0.561994	0.683034	-0.349894	-1.481894	12.270953
-0.864433	2.822279	0.753805	0.950875	-0.546103	0.675516	-0.330554	-1.491423	12.271577
3.110567	-2.057280	0.699073	0.674599	-0.507247	0.663978	-0.310352	-1.500755	12.272188
2.892037	-2.290295	0.685217	0.659112	-0.504996	0.663364	-0.309417	-1.501173	12.272216
-3.083994	-2.509463	0.670698	0.643419	-0.502704	0.662742	-0.308481	-1.501591	12.272243
2.643598	-3.295234	0.319740	0.312209	-0.451490	0.649390	-0.290230	-1.509510	12.272762
0.403013	-1.611692	-0.021057	-0.046007	-0.387780	0.633395	-0.271393	-1.517282	12.273271
-1.269563	-0.165181	-0.326131	-0.431143	-0.301988	0.612004	-0.249088	-1.526023	12.273844
0.822318	0.293564	-0.518608	-0.721982	-0.205742	0.587629	-0.226101	-1.534570	12.274404
0.839304	0.407576	-0.524253	-0.731696	-0.201237	0.586472	-0.225057	-1.534949	12.274429
-0.833687	0.535472	-0.529627	-0.741076	-0.196718	0.585309	-0.224011	-1.535327	12.274454
0.948126	3.136050	-0.577489	-0.848284	-0.105731	0.561469	-0.203266	-1.542654	12.274934
-1.117823	3.065928	-0.493934	-0.793487	-0.011595	0.535733	-0.182067	-1.549833	12.275405
-1.972670	1.876865	-0.199899	-0.573919	0.096863	0.504204	-0.157306	-1.557865	12.275932
2.454333	1.016116	0.133109	-0.255051	0.202662	0.470702	-0.132042	-1.565705	12.276446
-2.175441	0.827207	0.145282	-0.239522	0.207298	0.469154	-0.130896	-1.566053	12.276469
-2.482247	0.624091	0.157036	-0.223953	0.211917	0.467603	-0.129749	-1.566401	12.276492
2.601971	-2.437848	0.274197	0.078006	0.298206	0.436984	-0.107399	-1.573041	12.276928
-2.518845	0.327935	0.138764	0.350521	0.377099	0.405273	-0.084742	-1.579538	12.277354
2.293479	2.083429	-0.127690	0.570821	0.455701	0.367620	-0.058302	-1.586845	12.277833
-1.794225	1.143193	-0.222602	0.623776	0.517661	0.329023	-0.031545	-1.593962	12.278299
-2.027080	1.014999	-0.219368	0.621035	0.520041	0.327237	-0.030312	-1.594283	12.278321
-1.652534	0.877539	-0.215354	0.617805	0.522379	0.325449	-0.029079	-1.594604	12.278342
1.832116	-1.631806	0.005066	0.479009	0.558741	0.291459	-0.005692	-1.600595	12.278734
-1.691518	-0.314768	0.407866	0.242293	0.580961	0.257159	0.017861	-1.606444	12.279118
-0.523870	1.110755	0.521085	-0.061248	0.590271	0.217239	0.045330	-1.613049	12.279550
1.366060	0.443850	-0.189518	-0.309147	0.583364	0.177373	0.072932	-1.619466	12.279970
-1.355530	0.344948	-0.230744	-0.318175	0.582688	0.175557	0.074194	-1.619754	12.279989
-0.843741	0.243610	-0.271847	-0.326964	0.581984	0.173744	0.075455	-1.620042	12.280008
1.110937	-0.820743	-0.891169	-0.443912	0.563068	0.139327	0.099451	-1.625438	12.280361
-0.876797	0.937595	-0.724625	-0.456947	0.534426	0.105068	0.123474	-1.630693	12.280705
0.724799	-1.411119	0.606495	-0.382422	0.491253	0.066026	0.151018	-1.636549	12.281087
-0.839070	-1.776166	1.416288	-0.272362	0.439758	0.027306	0.178508	-1.642222	12.281457
0.853668	-1.323191	1.423091	-0.267321	0.437157	0.025476	0.179811	-1.642486	12.281475
-0.698887	-0.852830	1.426607	-0.262349	0.434545	0.023648	0.181114	-1.642751	12.281492
-1.287024	2.271266	0.910312	-0.184124	0.385114	-0.009630	0.204891	-1.647513	12.281802
1.997034	-1.166215	-0.483512	-0.127613	0.333656	-0.042574	0.228556	-1.652139	12.282104
2.466099	-2.921395	-1.678264	-0.083474	0.272501	-0.080313	0.255820	-1.657333	12.282441
-2.805370	0.405128	-1.001182	-0.055348	0.210635	-0.117490	0.282843	-1.662345	12.282767
1.142251	0.703628	-0.936464	-0.054317	0.207799	-0.119179	0.284075	-1.662570	12.282781
2.813997	1.002425	-0.870012	-0.053303	0.204963	-0.120867	0.285306	-1.662795	12.282796
-2.704345	2.798692	0.507151	-0.036263	0.151666	-0.152415	0.308382	-1.666961	12.283066
2.357441	-2.490831	1.500970	-0.019437	0.098803	-0.183454	0.331205	-1.670992	12.283326
-0.321971	-0.043206	1.660261	0.006652	0.038842	-0.218490	0.357119	-1.675464	12.283615
-1.560096	1.611562	1.395468	0.045690	-0.019594	-0.252738	0.382608	-1.679758	12.283891
1.553711	1.258822	1.388063	0.047744	-0.022180	-0.254261	0.383746	-1.679948	12.283903
-1.548192	0.897639	1.381587	0.049819	-0.024759	-0.255782	0.384881	-1.680136	12.283915
1.789507	-1.329140	1.363091	0.094119	-0.073740	-0.284876	0.406679	-1.683722	12.284145
1.800281	-0.456986	1.324365	0.144720	-0.120575	-0.313281	0.428084	-1.687173	12.284366
-2.077737	1.208011	1.022888	0.208489	-0.171735	-0.345297	0.452366	-1.691007	12.284610
2.170657	-1.048413	0.339263	0.275081	-0.219492	-0.376268	0.476026	-1.694662	12.284842
-1.310410	-1.130059	0.311301	0.277412	-0.221090	-0.377324	0.476836	-1.694786	12.284850
-2.164536	-1.205606	0.283185	0.279744	-0.222686	-0.378380	0.477646	-1.694910	12.284858
1.945119	-1.399174	-0.412133	0.337230	-0.260942	-0.404095	0.497441	-1.697904	12.285047
1.472668	-1.094310	-0.974238	0.392973	-0.296784	-0.428947	0.516704	-1.700767	12.285227
-1.035365	1.148936	-1.320393	0.453022	-0.335286	-0.456557	0.538277	-1.703914	12.285423
0.670645	1.617310	-1.232201	0.508075	-0.370698	-0.482897	0.559047	-1.706886	12.285608
-0.661089	1.137371	-1.216282	0.510570	-0.372228	-0.484057	0.559967	-1.707017	12.285616
0.652283	0.644096	-1.199261	0.513076	-0.373753	-0.485216	0.560886	-1.707147	12.285624
0.326335	-1.606238	-0.673761	0.563964	-0.401707	-0.506814	0.578094	-1.709564	12.285772
0.248427	1.571664	0.146016	0.625448	-0.427457	-0.527371	0.594629	-1.711851	12.285912
-0.389306	1.154049	1.022405	0.718041	-0.454310	-0.549589	0.612705	-1.714313	12.286060
-1.230504	-1.283114	1.331945	0.844505	-0.478407	-0.570329	0.629810	-1.716606	12.286197
-1.186932	-1.330167	1.329912	0.851312	-0.479451	-0.571246	0.630572	-1.716707	12.286203
1.243784	-1.369495	1.326447	0.858213	-0.480488	-0.572161	0.631333	-1.716808	12.286209
0.892471	-1.525183	0.990775	1.005922	-0.499132	-0.588899	0.645363	-1.718661	12.286317
0.489681	-1.313192	0.190217	1.180114	-0.515778	-0.604418	0.658580	-1.720386	12.286417
-1.265605	0.538264	-0.948990	1.406229	-0.532695	-0.620883	0.672891	-1.722233	12.286521
1.338847	1.812729	-1.460266	1.646408	-0.547050	-0.635579	0.686006	-1.723908	12.286613
-1.345701	1.608571	-1.453440	1.656715	-0.547602	-0.636161	0.686534	-1.723975	12.286617
0.293554	1.386166	-1.443807	1.667017	-0.548150	-0.636740	0.687060	-1.724042	12.286620
1.567877	-1.980252	-0.742508	1.873197	-0.558247	-0.647692	0.697173	-1.725323	12.286688
0.591775	-0.658546	0.520696	2.069382	-0.566587	-0.657269	0.706345	-1.726480	12.286747
-2.307958	2.341630	1.543153	2.271549	-0.574167	-0.666650	0.715824	-1.727676	12.286804
0.657100	-1.593467	1.042176	2.431708	-0.579520	-0.674009	0.723929	-1.728703	12.286850
2.735445	-2.071168	0.991691	2.437517	-0.579699	-0.674274	0.724241	-1.728743	12.286851
-2.751156	-2.521674	0.939391	2.443249	-0.579874	-0.674536	0.724551	-1.728782	12.286853
3.030890	-0.493223	-0.386480	2.543060	-0.582616	-0.679024	0.730277	-1.729520	12.286881
1.238814	2.711833	-1.748802	2.612145	-0.583828	-0.681943	0.734938	-1.730135	12.286901
-3.373296	2.193071	-2.646071	2.654076	-0.583437	-0.683339	0.738839	-1.730671	12.286912
1.786527	0.841442	-2.876281	2.661510	-0.581256	-0.682859	0.741451	-1.731060	12.286912
