1.978881	-10.157446	8.232126	1.289494	-0.804248	-0.281625	-0.758620	11.631380
2.984673	-9.438862	8.013178	1.342408	-0.809657	-0.278747	-0.758801	11.631549
2.948378	-7.659955	7.549757	1.376024	-0.811065	-0.273781	-0.758899	11.631727
-2.747284	-1.227378	5.234282	1.360620	-0.794794	-0.252502	-0.758772	11.632215
0.314039	-0.168924	1.457052	1.175363	-0.746704	-0.219740	-0.758106	11.632760
2.383238	-0.113879	1.371072	1.169410	-0.745347	-0.218935	-0.758086	11.632773
-2.374027	-0.053894	1.285110	1.163369	-0.743977	-0.218126	-0.758066	11.632785
1.245627	0.020370	1.186001	1.156289	-0.742379	-0.217187	-0.758042	11.632799
2.352532	0.094199	1.086961	1.149086	-0.740761	-0.216242	-0.758018	11.632813
1.563940	0.399603	-0.490408	1.007282	-0.710330	-0.199199	-0.757559	11.633058
-2.016034	-0.291215	-1.481558	0.828683	-0.674715	-0.180539	-0.757004	11.633313
2.009735	-0.334856	-1.506548	0.817613	-0.672582	-0.179454	-0.756970	11.633328
1.477007	-0.371605	-1.527550	0.806422	-0.670433	-0.178365	-0.756936	11.633342
0.618523	-0.003149	-1.217774	0.558108	-0.624532	-0.155764	-0.756198	11.633636
-1.933456	0.390415	-0.032708	0.257394	-0.572702	-0.131462	-0.755340	11.633942
1.965487	-0.517800	1.105006	-0.133658	-0.509984	-0.103323	-0.754273	11.634286
-1.983100	0.733228	0.554884	-0.576827	-0.440805	-0.073523	-0.753064	11.634643
1.981548	0.704232	0.378294	-0.641506	-0.430005	-0.068970	-0.752872	11.634697
1.089294	0.510338	0.195480	-0.704754	-0.419073	-0.064387	-0.752677	11.634752
-1.942247	-0.979716	-0.583272	-0.993437	-0.360622	-0.040280	-0.751623	11.635036
1.875779	0.378712	-0.634341	-1.180586	-0.298723	-0.015418	-0.750485	11.635328
-1.754796	1.144782	-0.025194	-1.203847	-0.210706	0.018939	-0.748826	11.635730
1.619295	1.181052	0.388780	-0.969918	-0.117889	0.054320	-0.747013	11.636145
0.717667	1.106141	0.386224	-0.954071	-0.113731	0.055894	-0.746930	11.636163
-1.607522	1.020475	0.381395	-0.937767	-0.109566	0.057471	-0.746846	11.636182
1.498063	-1.018952	0.013130	-0.554579	-0.027127	0.088654	-0.745150	11.636550
-1.403405	0.262073	-0.326593	-0.147505	0.055992	0.120315	-0.743338	11.636927
0.164692	0.574050	-0.184321	0.208365	0.151243	0.157374	-0.741096	11.637374
1.268443	-0.427310	0.426574	0.439629	0.243579	0.194721	-0.738698	11.637833
-0.656318	-0.449878	0.444144	0.448250	0.247935	0.196531	-0.738578	11.637856
-1.265583	-0.468661	0.459088	0.456669	0.252283	0.198342	-0.738457	11.637878
1.255339	-0.344754	0.335973	0.577214	0.327623	0.230690	-0.736245	11.638285
-1.266621	0.640577	-0.228030	0.657818	0.397787	0.262978	-0.733914	11.638700
1.295668	0.936453	-0.870762	0.722160	0.470971	0.300207	-0.731058	11.639192
-1.330536	-1.175360	-0.961233	0.780580	0.533333	0.336998	-0.728040	11.639695
-0.120932	-1.211744	-0.945034	0.783703	0.535794	0.338603	-0.727903	11.639718
0.716592	-1.237130	-0.926825	0.786897	0.538229	0.340205	-0.727767	11.639740
0.739846	-0.169410	-0.247886	0.855052	0.580651	0.371358	-0.725022	11.640183
1.375771	1.644883	0.660893	0.901428	0.612039	0.401908	-0.722156	11.640634
-1.374664	1.734546	1.263639	0.865325	0.633080	0.436473	-0.718672	11.641167
1.344727	-0.512223	0.811259	0.684057	0.636837	0.469870	-0.715020	11.641710
-1.342549	-0.766394	0.770667	0.672706	0.636604	0.471374	-0.714848	11.641735
0.873778	-1.015955	0.728874	0.661131	0.636336	0.472877	-0.714676	11.641760
1.289018	-1.728233	-0.180831	0.411689	0.624973	0.500524	-0.711376	11.642238
0.079121	0.714718	-1.018491	0.128420	0.601986	0.527153	-0.707950	11.642723
-1.205157	1.584803	-1.359194	-0.187727	0.561807	0.556605	-0.703838	11.643291
1.238355	-1.333934	-0.728566	-0.441826	0.507884	0.584687	-0.699557	11.643868
-0.358758	-1.444424	-0.684574	-0.452293	0.504902	0.586029	-0.699342	11.643897
-1.246337	-1.546828	-0.640296	-0.462570	0.501888	0.587369	-0.699128	11.643925
1.531212	-0.906836	0.925595	-0.698115	0.362129	0.636835	-0.690456	11.645052
-1.428087	1.575794	1.157142	-0.570923	0.185820	0.681261	-0.681153	11.646210
-1.840697	1.289190	1.133559	-0.562932	0.181297	0.682269	-0.680921	11.646238
-0.909316	0.976358	1.108430	-0.554704	0.176767	0.683274	-0.680689	11.646266
1.849905	0.633109	1.080554	-0.545831	0.172010	0.684324	-0.680445	11.646296
-1.854303	0.291957	1.051222	-0.536704	0.167242	0.685372	-0.680200	11.646326
1.897150	-1.464107	0.491970	-0.360447	0.089735	0.701805	-0.676203	11.646807
-1.895147	1.303245	0.043831	-0.146377	0.012128	0.717392	-0.672099	11.647293
1.845434	-1.024243	-0.391378	0.144944	-0.085234	0.736235	-0.666650	11.647926
-1.210789	-0.360880	-0.823216	0.403892	-0.176073	0.753662	-0.661020	11.648567
-1.762264	-0.279003	-0.839925	0.414490	-0.180166	0.754456	-0.660748	11.648597
1.758201	-0.200551	-0.855954	0.424880	-0.184234	0.755245	-0.660475	11.648628
0.532382	0.455126	-0.981586	0.572318	-0.253696	0.769066	-0.655441	11.649189
-1.359351	0.143832	-0.705685	0.625156	-0.312725	0.781816	-0.650270	11.649756
-1.559885	-0.159738	-0.123508	0.579677	-0.365542	0.795225	-0.644118	11.650418
-0.487184	0.163338	0.425412	0.447499	-0.401879	0.807190	-0.637781	11.651086
1.532999	0.164882	0.445686	0.440414	-0.403069	0.807666	-0.637508	11.651114
1.043022	0.163748	0.465661	0.433229	-0.404230	0.808139	-0.637235	11.651143
-1.371134	-0.219778	0.798015	0.267944	-0.421862	0.817245	-0.631569	11.651729
-1.603280	-0.441468	0.953100	0.079900	-0.428188	0.825260	-0.625763	11.652320
1.389969	0.439489	0.872607	-0.144897	-0.422205	0.833149	-0.618931	11.653002
1.916398	1.030282	0.534454	-0.359196	-0.402882	0.839733	-0.611911	11.653691
-0.314484	1.015165	0.513822	-0.368203	-0.401720	0.839999	-0.611593	11.653722
-1.937263	0.990672	0.492758	-0.377144	-0.400532	0.840263	-0.611274	11.653753
-0.691399	-1.099522	0.020459	-0.536532	-0.372294	0.844976	-0.604938	11.654363
2.398789	-1.719836	-0.463859	-0.655455	-0.335087	0.848869	-0.598456	11.654977
-2.602902	2.116476	-0.850653	-0.723074	-0.282841	0.852395	-0.590934	11.655677
1.192016	0.594245	-0.946079	-0.699439	-0.221002	0.855101	-0.583222	11.656382
2.665719	0.180578	-0.942093	-0.692760	-0.215510	0.855292	-0.582574	11.656441
-2.661139	-0.256469	-0.936530	-0.685336	-0.209972	0.855479	-0.581924	11.656500
2.040843	-2.883126	-0.798583	-0.572241	-0.151671	0.857117	-0.575289	11.657095
2.290708	-1.354318	-0.543682	-0.402039	-0.090195	0.858354	-0.568518	11.657693
-1.886938	3.454721	-0.199618	-0.146902	-0.014430	0.859411	-0.560211	11.658415
1.422689	-0.489230	0.067353	0.135176	0.060906	0.860120	-0.551708	11.659141
-1.400988	-0.804255	0.077510	0.148269	0.064307	0.860146	-0.551313	11.659175
1.379304	-1.098265	0.087508	0.161352	0.067702	0.860172	-0.550918	11.659208
1.006229	-1.920608	0.251135	0.403746	0.130410	0.860592	-0.543344	11.659843
0.285066	-2.450946	0.379879	0.621724	0.188745	0.860936	-0.535620	11.660481
-0.504001	-3.973119	0.512141	0.816344	0.248064	0.861345	-0.526555	11.661217
0.645812	-2.307159	0.643034	0.922281	0.296506	0.861890	-0.517288	11.661957
-0.661427	-2.087010	0.648391	0.924515	0.298419	0.861920	-0.516859	11.661991
-0.412244	-1.867108	0.653651	0.926499	0.300305	0.861951	-0.516429	11.662025
1.126121	1.402689	0.726733	0.912285	0.330430	0.862658	-0.508190	11.662671
-1.730506	2.806056	0.717068	0.790406	0.349400	0.863655	-0.499797	11.663319
-1.618571	3.504547	0.509336	0.526225	0.357594	0.865284	-0.489859	11.664074
2.909476	0.514766	0.034472	0.173924	0.351443	0.867490	-0.479711	11.664831
-2.920099	0.275553	0.014096	0.159564	0.350939	0.867583	-0.479324	11.664860
-2.886144	0.037054	-0.006290	0.145154	0.350416	0.867677	-0.478936	11.664889
2.061263	-2.944076	-0.434478	-0.190945	0.333343	0.869952	-0.470013	11.665543
2.829659	-1.337493	-0.671429	-0.519430	0.306770	0.872399	-0.460933	11.666198
-2.463162	2.296055	-0.574983	-0.843966	0.265022	0.875256	-0.450265	11.666956
2.054770	-1.762660	-0.067486	-1.054087	0.212159	0.877949	-0.439386	11.667716
0.088497	-1.850909	-0.039267	-1.060248	0.209454	0.878066	-0.438877	11.667751
-2.019943	-1.917054	-0.010988	-1.066059	0.206727	0.878182	-0.438367	11.667786
1.734113	-1.066681	0.492439	-1.104662	0.151589	0.880187	-0.428722	11.668447
-1.503104	1.059298	0.821427	-0.990412	0.089491	0.881755	-0.418916	11.669109
-0.555897	1.207848	0.763062	-0.647264	0.012152	0.882835	-0.407509	11.669867
1.016426	-0.218026	0.148349	-0.110094	-0.069253	0.882957	-0.395889	11.670625
-0.994828	-0.339752	0.086207	-0.063638	-0.075709	0.882920	-0.394971	11.670685
-0.636926	-0.436456	0.023158	-0.016905	-0.082174	0.882876	-0.394052	11.670744
0.724640	-0.727261	-0.648552	0.481785	-0.151846	0.881915	-0.384061	11.671384
-0.493844	-1.213076	-1.101324	0.903383	-0.220374	0.879980	-0.373917	11.672024
0.321729	1.455296	-0.979015	1.195470	-0.298383	0.876218	-0.361595	11.672788
-0.356840	-0.207356	-0.043169	1.228168	-0.369593	0.870678	-0.349054	11.673553
0.364692	-0.372667	0.006314	1.223497	-0.372545	0.870389	-0.348496	11.673587
0.001577	-0.529880	0.055758	1.218308	-0.375479	0.870097	-0.347937	11.673621
-0.638207	-2.155800	0.905310	1.007757	-0.429435	0.863503	-0.336826	11.674286
1.012708	-1.844546	1.197324	0.590151	-0.474546	0.855253	-0.325552	11.674951
-1.430783	2.684854	0.796552	-0.101210	-0.513130	0.843471	-0.312319	11.675719
1.666526	2.180041	-0.225399	-0.812678	-0.534292	0.829086	-0.298878	11.676486
-0.904526	1.941085	-0.264115	-0.835741	-0.534694	0.828513	-0.298386	11.676514
-1.672089	1.693129	-0.302480	-0.858515	-0.535069	0.827935	-0.297894	11.676542
-0.648714	-2.666885	-0.971619	-1.277754	-0.535727	0.813215	-0.286197	11.677198
1.416479	-1.935387	-0.927847	-1.377636	-0.519477	0.796461	-0.274362	11.677854
0.488728	-0.280563	-0.356705	-1.034738	-0.477908	0.774636	-0.260503	11.678611
-0.987055	-0.065482	0.286322	-0.353626	-0.412134	0.750320	-0.246476	11.679367
0.985484	0.173880	0.309665	-0.318069	-0.408591	0.749161	-0.245837	11.679401
-0.044263	0.424161	0.332158	-0.282259	-0.405000	0.747997	-0.245197	11.679435
-0.136326	1.210242	0.540466	0.423457	-0.327374	0.724894	-0.232935	11.680086
-1.261654	-0.848221	0.237208	1.074995	-0.232678	0.700120	-0.220563	11.680735
1.532326	-0.756872	-0.358949	1.542927	-0.102053	0.669402	-0.206082	11.681486
-1.712265	0.275522	-0.456200	1.445149	0.048677	0.636681	-0.191472	11.682234
1.716238	0.311986	-0.433880	1.421778	0.056264	0.635066	-0.190769	11.682270
-1.186301	0.335349	-0.408473	1.396571	0.063877	0.633448	-0.190066	11.682305
-1.702091	-0.344062	0.285429	0.696815	0.204429	0.603466	-0.177316	11.682950
1.229012	0.545331	0.496236	-0.226496	0.345524	0.572175	-0.164482	11.683593
1.359441	0.700000	-0.038175	-1.185627	0.498754	0.534726	-0.149645	11.684328
-1.164450	-0.929008	-0.438011	-1.649465	0.631855	0.495793	-0.134718	11.685059
1.157154	-0.742369	-0.434608	-1.652375	0.637464	0.493917	-0.134010	11.685094
-0.375602	-0.535562	-0.428565	-1.653318	0.643006	0.492036	-0.133301	11.685128
-1.057987	1.089862	-0.050411	-1.366500	0.731914	0.456868	-0.120212	11.685763
1.020611	-1.170435	0.234339	-0.671124	0.793550	0.420765	-0.107068	11.686394
-1.010945	-0.692009	0.078419	0.313560	0.826461	0.378303	-0.091931	11.687115
-0.091820	1.224730	-0.089809	1.156292	0.814241	0.334875	-0.076741	11.687831
0.996669	1.173957	-0.085601	1.195459	0.811937	0.332215	-0.075818	11.687874
-0.994790	1.091237	-0.079162	1.232879	0.809447	0.329552	-0.074895	11.687918
0.953699	-1.107681	0.147537	1.578176	0.752004	0.290796	-0.061533	11.688542
-0.074351	-1.271138	0.266457	1.578004	0.653098	0.251685	-0.048146	11.689162
-0.870445	1.312551	-0.090542	1.290658	0.495714	0.207444	-0.033050	11.689856
0.166237	-0.780712	-0.738517	0.824897	0.300905	0.163234	-0.017939	11.690545
0.899380	-1.082126	-0.769066	0.796053	0.289180	0.160770	-0.017095	11.690583
-0.903522	-1.362063	-0.798029	0.767051	0.277383	0.158307	-0.016250	11.690621
0.993829	-1.377407	-0.932433	0.311961	0.086360	0.120196	-0.003131	11.691214
-1.039535	0.782414	-0.292790	-0.110769	-0.113331	0.082487	0.009986	11.691803
-1.100365	1.397153	0.795991	-0.535837	-0.346204	0.039153	0.025302	11.692486
0.912588	-0.952160	1.314106	-0.830985	-0.565523	-0.003136	0.040595	11.693163
-0.521179	-1.175419	1.315290	-0.840325	-0.574680	-0.004975	0.041270	11.693193
-0.882809	-1.392034	1.314392	-0.849331	-0.583783	-0.006812	0.041944	11.693222
0.490631	-1.512364	0.839787	-0.961701	-0.749553	-0.042257	0.055151	11.693803
-0.016795	1.647578	-0.337464	-0.964397	-0.885154	-0.076530	0.068326	11.694378
1.090077	-2.082033	-1.079307	-0.615468	-1.057613	-0.152108	0.099399	11.695722
1.113439	-0.790140	0.914746	0.031742	-1.030710	-0.218279	0.130171	11.697036
-1.192279	0.300693	0.917639	0.044891	-1.027982	-0.219645	0.130853	11.697065
1.272909	1.052849	0.916431	0.057859	-1.025161	-0.221006	0.131535	11.697094
-1.358059	1.639415	0.910625	0.071194	-1.022119	-0.222424	0.132247	11.697124
-0.748392	2.101871	0.900008	0.084308	-1.018979	-0.223836	0.132959	11.697154
1.517328	2.229560	0.886342	0.095813	-1.016097	-0.225091	0.133594	11.697181
-1.589918	1.989858	0.868648	0.107136	-1.013138	-0.226342	0.134228	11.697208
1.415705	-2.110725	0.202682	0.262837	-0.954711	-0.246007	0.144460	11.697641
2.859918	-0.876213	-0.609082	0.360480	-0.876770	-0.264659	0.154644	11.698070
-2.738958	1.647989	-0.919783	0.379737	-0.731972	-0.289760	0.169181	11.698679
2.080904	-1.429146	0.284130	0.252596	-0.551355	-0.312977	0.183602	11.699281
-1.224657	0.791002	1.000943	0.066078	-0.348833	-0.333974	0.197583	11.699861
0.479212	1.320574	0.630704	-0.091663	-0.134465	-0.353398	0.211435	11.700433
-0.453627	1.215775	0.587451	-0.097373	-0.124764	-0.354235	0.212054	11.700459
0.428955	1.092700	0.542068	-0.102946	-0.115064	-0.355070	0.212673	11.700484
-0.114405	-1.368776	-0.511677	-0.182618	0.077125	-0.371166	0.224995	11.700991
-0.036050	-0.124173	-1.050628	-0.190115	0.260332	-0.386175	0.237199	11.701491
0.358907	1.506016	-0.840765	-0.103669	0.453664	-0.402188	0.251072	11.702057
0.622783	-1.320446	-0.030406	0.040304	0.626350	-0.416998	0.264771	11.702614
-0.638109	-1.425000	0.005089	0.046892	0.633272	-0.417608	0.265354	11.702637
0.123255	-1.516617	0.039940	0.053476	0.640152	-0.418216	0.265937	11.702661
0.961005	-1.609830	0.595004	0.178843	0.770678	-0.430130	0.277680	11.703136
-1.018936	-1.559512	0.890429	0.263169	0.883554	-0.441324	0.289281	11.703604
-2.133289	-0.891948	0.886101	0.156123	1.078884	-0.465313	0.316004	11.704674
-2.194732	1.522083	0.234038	-0.336711	1.182319	-0.486889	0.341872	11.705700
0.116853	1.399005	0.211081	-0.349511	1.183617	-0.487381	0.342475	11.705724
2.203256	1.262066	0.187802	-0.362245	1.184859	-0.487872	0.343077	11.705748
2.131923	1.125971	0.166254	-0.373836	1.185947	-0.488320	0.343628	11.705770
-1.881165	0.982490	0.144500	-0.385366	1.186989	-0.488769	0.344179	11.705791
-1.929730	0.825940	0.121234	-0.397526	1.188044	-0.489244	0.344763	11.705814
-2.217153	0.668989	0.097837	-0.409594	1.189045	-0.489719	0.345347	11.705837
-1.206573	-1.059178	-0.230780	-0.570547	1.197504	-0.496576	0.353802	11.706170
2.196447	-1.379024	-0.442711	-0.687806	1.194173	-0.503342	0.362154	11.706498
2.197210	-0.280860	-0.393872	-0.735840	1.168918	-0.512663	0.373639	11.706946
-2.124078	1.167825	-0.112304	-0.610561	1.118914	-0.521830	0.384916	11.707383
1.369920	-0.330748	0.192850	-0.325897	1.044372	-0.530902	0.396069	11.707814
1.969558	-0.968888	0.274228	0.085178	0.946985	-0.539788	0.407002	11.708233
0.610108	0.301539	-0.011961	0.579835	0.825052	-0.548679	0.417964	11.708650
-0.425421	0.861516	-0.285556	0.990753	0.682112	-0.557344	0.428686	11.709055
-1.938744	0.815879	-0.288901	1.004250	0.675009	-0.557740	0.429176	11.709073
1.940924	0.762214	-0.291067	1.017101	0.667865	-0.558135	0.429666	11.709092
-1.332852	-0.633437	-0.151089	1.139722	0.524824	-0.565538	0.438875	11.709437
-2.091353	-0.908318	0.180164	1.036575	0.370540	-0.572744	0.447892	11.709772
1.789788	1.008117	0.443132	0.661828	0.187424	-0.580710	0.457941	11.710142
2.176615	-0.848201	0.151524	0.090065	0.004603	-0.588392	0.467735	11.710500
2.158510	-1.011437	0.128756	0.062625	-0.003312	-0.588724	0.468160	11.710515
-2.172185	-1.169923	0.105496	0.035131	-0.011203	-0.589055	0.468585	11.710530
2.086736	-1.361397	-0.400919	-0.503880	-0.163161	-0.595493	0.476902	11.710830
-1.964891	1.569738	-0.727054	-0.954488	-0.302638	-0.601694	0.485020	11.711120
1.855927	-1.809267	-0.386074	-1.242124	-0.441364	-0.608564	0.494167	11.711442
-0.119241	-1.676254	0.362905	-1.240556	-0.549182	-0.615088	0.503042	11.711750
-1.873898	-1.631367	0.395014	-1.234747	-0.552915	-0.615347	0.503399	11.711763
1.878705	-1.588898	0.426941	-1.228520	-0.556594	-0.615606	0.503755	11.711775
1.478906	-0.137290	1.009328	-1.003505	-0.623014	-0.620930	0.511186	11.712029
-1.890637	1.490818	1.215119	-0.619391	-0.670673	-0.625975	0.518409	11.712271
-2.491205	2.017339	0.620764	-0.036065	-0.708166	-0.631464	0.526523	11.712539
2.502732	-0.896487	-0.810532	0.533746	-0.733022	-0.636550	0.534353	11.712791
1.386098	-1.062220	-0.862695	0.552500	-0.733804	-0.636734	0.534644	11.712800
-2.491187	-1.220709	-0.913727	0.570953	-0.734578	-0.636917	0.534934	11.712810
2.237250	-1.439333	-1.536628	0.886287	-0.750808	-0.640926	0.541411	11.713013
0.278107	0.353162	-0.702897	0.951060	-0.767369	-0.644616	0.547674	11.713205
-1.320371	0.681928	1.027161	0.751014	-0.791676	-0.648516	0.554726	11.713415
0.938231	-0.423282	1.627453	0.340325	-0.821736	-0.651953	0.561479	11.713609
-0.928170	-0.296698	1.592996	0.320628	-0.823061	-0.652082	0.561745	11.713616
0.918626	-0.167530	1.552924	0.300753	-0.824395	-0.652210	0.562011	11.713624
0.858686	0.392907	-0.145639	-0.148478	-0.855839	-0.654830	0.567739	11.713781
-0.905039	-0.545549	-1.492127	-0.496146	-0.890943	-0.657060	0.573226	11.713925
0.580610	0.814458	-1.080545	-0.603155	-0.933501	-0.659059	0.579004	11.714069
1.294326	0.623948	-0.018503	-0.472373	-0.978165	-0.660554	0.584482	11.714196
-1.297388	0.560811	0.000211	-0.468394	-0.978974	-0.660577	0.584581	11.714198
1.138215	0.496862	0.018800	-0.464372	-0.979782	-0.660600	0.584680	11.714200
1.407785	-1.360472	0.696516	-0.241382	-1.014531	-0.661464	0.589193	11.714297
1.087091	-1.437477	0.874518	-0.000582	-1.039535	-0.661925	0.593472	11.714381
-1.419589	-0.051970	0.585804	0.217167	-1.048894	-0.661942	0.598137	11.714462
-1.558515	1.427762	0.064001	0.330532	-1.028825	-0.661372	0.602482	11.714526
1.561552	1.437469	0.041961	0.332575	-1.027222	-0.661334	0.602655	11.714528
-0.578367	1.441371	0.020103	0.334386	-1.025553	-0.661295	0.602829	11.714530
-1.646776	0.451456	-0.352303	0.317481	-0.976066	-0.660199	0.606304	11.714569
1.747107	-1.180098	-0.392208	0.190111	-0.900591	-0.658505	0.609532	11.714595
0.467303	-0.133906	0.096048	-0.064919	-0.786755	-0.655709	0.612949	11.714608
-0.824702	0.945217	0.470089	-0.248975	-0.651064	-0.651901	0.616030	11.714602
-1.863838	0.903629	0.469801	-0.251939	-0.644508	-0.651703	0.616161	11.714602
-1.931411	0.849327	0.467436	-0.254298	-0.637917	-0.651502	0.616292	11.714601
1.928215	-0.985609	0.049118	-0.202174	-0.507874	-0.647224	0.618649	11.714580
-1.847036	0.232008	-0.817291	-0.033770	-0.371095	-0.642026	0.620749	11.714544
0.843127	1.305984	-1.012996	0.175339	-0.208626	-0.634755	0.622858	11.714486
1.252357	-1.454862	0.591317	0.271734	-0.046825	-0.626033	0.624614	11.714408
-1.231275	-1.454486	0.672602	0.272522	-0.039670	-0.625606	0.624684	11.714404
-0.395909	-1.420127	0.752190	0.272990	-0.032532	-0.625177	0.624754	11.714400
0.748191	1.484618	1.521362	0.213043	0.105870	-0.616041	0.625981	11.714313
-0.339899	-1.411915	0.038615	0.030045	0.239817	-0.605595	0.626927	11.714211
0.180352	0.510081	-1.964592	-0.209528	0.385233	-0.592043	0.627655	11.714076
-0.608236	1.254414	-2.079119	-0.323369	0.522515	-0.576583	0.628013	11.713922
0.625403	1.184127	-2.048983	-0.323234	0.525316	-0.576238	0.628017	11.713918
0.302490	1.112953	-2.017329	-0.322975	0.528113	-0.575892	0.628020	11.713915
-1.591414	-1.372274	0.090648	-0.216585	0.643072	-0.560426	0.628010	11.713760
-2.876367	-1.098748	1.838075	0.003823	0.747093	-0.543284	0.627702	11.713588
-4.635709	2.009902	2.155752	0.254510	0.843446	-0.521885	0.626995	11.713377
5.823694	1.690806	0.529420	0.388540	0.909430	-0.498145	0.625901	11.713146
-5.475711	1.446405	0.460142	0.390656	0.910980	-0.497325	0.625859	11.713138
-5.877408	1.195295	0.390628	0.392635	0.912489	-0.496501	0.625816	11.713130
-0.898703	-2.679690	-1.239921	0.396137	0.935894	-0.473783	0.624528	11.712913
6.144747	-2.127173	-1.821410	0.310926	0.925079	-0.449163	0.622943	11.712681
-0.453415	2.047213	-1.456095	0.120158	0.872760	-0.419035	0.620783	11.712402
-2.790612	2.686036	-0.769939	-0.121954	0.781227	-0.386769	0.618231	11.712105
-4.506367	2.350491	-0.728959	-0.140180	0.773044	-0.384319	0.618028	11.712083
-2.561224	1.946924	-0.690422	-0.158350	0.764666	-0.381857	0.617823	11.712060
3.476874	-2.350757	-0.353330	-0.356523	0.654056	-0.352626	0.615286	11.711791
-2.534914	1.992888	0.015767	-0.506590	0.520049	-0.322194	0.612458	11.711510
1.563500	-1.598472	0.684941	-0.572040	0.333238	-0.284652	0.608713	11.711160
-0.894518	-1.588670	0.922909	-0.458554	0.121902	-0.245882	0.604548	11.710793
-0.083656	-1.560484	0.919701	-0.448011	0.111644	-0.244048	0.604344	11.710775
0.852227	-1.536914	0.915289	-0.436968	0.101362	-0.242212	0.604138	11.710758
-0.032139	-0.979482	0.645961	-0.155895	-0.092355	-0.207685	0.600144	11.710424
-0.348402	0.117884	0.142441	0.205939	-0.283479	-0.172608	0.595827	11.710079
-0.803528	0.984434	-0.498663	0.604405	-0.487433	-0.131635	0.590435	11.709666
-0.620520	-0.560612	-0.919265	0.847413	-0.658248	-0.090403	0.584603	11.709237
1.028636	-0.765927	-0.926917	0.852449	-0.664921	-0.088540	0.584329	11.709217
-1.036595	-0.967607	-0.933286	0.856874	-0.671493	-0.086677	0.584055	11.709197
-0.010827	-1.088268	-0.779249	0.831922	-0.778117	-0.051011	0.578617	11.708813
0.284949	1.170617	-0.103134	0.634475	-0.848841	-0.015525	0.572842	11.708418
1.007847	-0.407553	0.900406	0.252130	-0.887774	0.025855	0.565599	11.707938
-0.749208	-1.347292	1.506204	-0.209768	-0.880511	0.066489	0.557878	11.707443
0.742898	-1.159114	1.510016	-0.219687	-0.879879	0.067332	0.557711	11.707433
-0.040238	-0.969133	1.513373	-0.229588	-0.879228	0.068173	0.557543	11.707422
-0.465027	1.390355	1.349038	-0.636049	-0.834372	0.103230	0.550301	11.706973
0.228843	0.549294	0.909616	-0.991084	-0.756491	0.137342	0.542678	11.706513
-0.063373	-1.385946	0.394647	-1.270334	-0.634015	0.173665	0.533829	11.705993
0.134328	1.373241	-0.248125	-1.374264	-0.475568	0.208422	0.524508	11.705461
-0.139990	1.187452	-0.270864	-1.374131	-0.472041	0.209104	0.524316	11.705450
0.071130	0.995419	-0.294198	-1.373901	-0.468501	0.209785	0.524123	11.705439
0.251329	-1.417474	-1.584707	-1.264338	-0.305798	0.238393	0.515648	11.704968
1.297225	1.559866	-2.308384	-0.929316	-0.128524	0.265512	0.506814	11.704488
1.978476	-0.887777	-0.854836	-0.249480	0.084700	0.294974	0.496088	11.703919
-2.543070	-2.165149	1.288974	0.549157	0.293047	0.322009	0.484867	11.703339
-0.449620	-1.779580	1.387128	0.592753	0.304400	0.323459	0.484219	11.703306
2.579627	-1.367297	1.480710	0.635895	0.315692	0.324900	0.483568	11.703273
-2.422026	2.430546	2.182575	1.204357	0.478279	0.345740	0.473485	11.702765
-2.439481	1.511087	1.328639	1.531232	0.618055	0.364465	0.463030	11.702249
1.997444	-2.603675	-0.390169	1.603305	0.740198	0.383279	0.450483	11.701644
-1.528374	-2.115969	-1.391742	1.381671	0.810912	0.398862	0.437431	11.701029
0.464060	-2.036855	-1.413730	1.364559	0.812975	0.399507	0.436809	11.701000
1.489640	-1.949777	-1.433550	1.346871	0.814931	0.400144	0.436187	11.700971
-1.189520	1.155254	-1.437451	0.909035	0.832701	0.410669	0.424303	11.700425
-1.176427	2.045796	-0.869648	0.296020	0.817075	0.418441	0.412026	11.699871
0.870300	0.343134	0.105749	-0.480825	0.762674	0.424103	0.397497	11.699230
-0.304617	-1.393663	0.768474	-1.122055	0.674208	0.426547	0.382468	11.698580
-0.394766	-1.406069	0.779969	-1.145147	0.669380	0.426586	0.381762	11.698550
-0.852013	-1.408834	0.789244	-1.167523	0.664492	0.426618	0.381054	11.698519
0.907880	-0.199694	0.621610	-1.457486	0.561270	0.426071	0.367497	11.697945
-1.010029	1.061873	0.155516	-1.512844	0.439764	0.423414	0.353589	11.697364
1.160594	0.330238	-0.218945	-1.319877	0.281970	0.417931	0.337143	11.696688
-1.318921	-0.996028	-0.341924	-0.906449	0.112724	0.410074	0.320279	11.696005
-0.590122	-1.018635	-0.341473	-0.887235	0.105975	0.409721	0.319611	11.695978
1.330873	-1.037223	-0.340610	-0.867876	0.099227	0.409365	0.318942	11.695951
-1.527392	-0.743186	-0.225677	-0.393633	-0.054872	0.400379	0.303513	11.695334
-1.549314	-0.193513	0.004592	0.102460	-0.205031	0.389860	0.287792	11.694712
1.597690	0.375923	0.276761	0.609803	-0.360697	0.376507	0.269923	11.694013
-1.567150	0.780939	0.432437	0.989243	-0.495805	0.361676	0.251740	11.693307
1.565597	0.875887	0.433419	0.994966	-0.498241	0.361366	0.251373	11.693293
-0.807452	0.971669	0.434301	1.000613	-0.500669	0.361054	0.251006	11.693279
-1.457441	1.793694	0.340082	1.168528	-0.595475	0.346809	0.234632	11.692649
-0.300662	-0.328413	-0.054259	1.191380	-0.662501	0.331746	0.218051	11.692015
1.072949	-1.946179	-0.577853	1.079449	-0.703487	0.314294	0.199460	11.691308
-0.314405	-1.818225	-0.849715	0.862220	-0.712594	0.296250	0.180662	11.690598
-0.824996	-1.769729	-0.852860	0.850227	-0.712306	0.295400	0.179782	11.690564
0.814097	-1.717598	-0.855074	0.838108	-0.711958	0.294549	0.178903	11.690531
0.578544	-0.255813	-0.735628	0.585664	-0.694489	0.278291	0.162179	11.689902
-0.446397	1.274938	-0.359391	0.299594	-0.658105	0.261792	0.145332	11.689270
-0.024759	1.723646	0.285870	-0.041733	-0.596173	0.242591	0.125821	11.688539
0.243104	-0.176653	0.999885	-0.360056	-0.516493	0.223242	0.106197	11.687806
-0.242581	-0.306997	1.028360	-0.372996	-0.512624	0.222385	0.105328	11.687774
-0.130712	-0.436151	1.056327	-0.385815	-0.508729	0.221528	0.104458	11.687741
0.167593	-1.560136	1.460567	-0.610147	-0.426388	0.204511	0.087168	11.687096
0.340944	-1.059288	1.484503	-0.765019	-0.336293	0.187522	0.069830	11.686450
-0.191310	0.035825	1.185048	-0.858895	-0.226223	0.168053	0.049803	11.685702
-0.475995	1.488608	0.793853	-0.870956	-0.113286	0.148802	0.029762	11.684953
0.476216	1.503431	0.780261	-0.869883	-0.108807	0.148046	0.028968	11.684924
0.002607	1.507542	0.766967	-0.868698	-0.104329	0.147290	0.028175	11.684894
-0.457146	-0.072588	0.538451	-0.816694	-0.008089	0.131066	0.011013	11.684251
0.453408	-1.549258	0.348196	-0.718795	0.085704	0.115139	-0.006122	11.683608
-0.578592	-1.391939	0.037146	-0.555595	0.189574	0.097041	-0.026026	11.682859
0.969352	1.395197	-0.492518	-0.349369	0.285027	0.079525	-0.045845	11.682109
-0.992730	1.459053	-0.520381	-0.340236	0.288685	0.078828	-0.046648	11.682078
1.016764	1.501199	-0.548812	-0.331050	0.292325	0.078131	-0.047450	11.682048
-1.668594	-0.531771	-1.231389	-0.117813	0.367048	0.063168	-0.064978	11.681381
2.235332	-1.257038	-1.680596	0.113307	0.430833	0.048817	-0.082397	11.680715
3.085628	-0.471814	-1.450176	0.380764	0.487199	0.033460	-0.101871	11.679965
-3.290626	0.530485	-0.626009	0.619348	0.524468	0.019062	-0.121155	11.679217
2.031938	0.572878	-0.608940	0.622900	0.524919	0.018827	-0.121480	11.679204
3.285753	0.614966	-0.591803	0.626432	0.525364	0.018592	-0.121805	11.679191
1.080225	0.693418	0.325713	0.773418	0.539366	0.007091	-0.138181	11.678550
-0.836117	-0.614405	1.121071	0.840106	0.535518	-0.003641	-0.154380	11.677911
-1.219954	0.636870	1.331112	0.779321	0.507298	-0.015267	-0.173068	11.677166
0.466408	-0.003419	0.840728	0.543677	0.456456	-0.025978	-0.191464	11.676423
-0.449140	-0.365608	0.815446	0.533280	0.454408	-0.026322	-0.192075	11.676398
0.432543	-0.729302	0.789728	0.522761	0.452341	-0.026665	-0.192685	11.676373
0.301021	-0.982028	0.008144	0.217003	0.392760	-0.035144	-0.208199	11.675739
-0.274721	1.182076	-0.784006	-0.125811	0.322204	-0.043064	-0.223460	11.675107
0.535258	-1.358867	-0.948256	-0.505674	0.230300	-0.051588	-0.240762	11.674380
-0.791961	1.027207	-0.150902	-0.800937	0.131035	-0.059512	-0.257676	11.673657
-0.058168	1.224750	-0.108865	-0.811229	0.126489	-0.059853	-0.258423	11.673625
0.807850	1.409965	-0.067334	-0.821233	0.121937	-0.060193	-0.259168	11.673593
-0.884756	1.392422	0.566321	-0.951344	0.033311	-0.066566	-0.273389	11.672973
0.867077	-0.218660	0.760941	-0.938396	-0.055107	-0.072604	-0.287283	11.672357
-0.818527	-0.893054	0.514917	-0.723896	-0.153834	-0.079234	-0.302910	11.671651
0.843873	0.575115	0.007792	-0.361249	-0.245507	-0.085563	-0.318052	11.670949
-0.848558	0.484553	-0.018131	-0.342505	-0.249489	-0.085848	-0.318735	11.670917
-0.133460	0.379936	-0.044133	-0.323643	-0.253447	-0.086132	-0.319417	11.670885
0.256172	-0.286592	-0.524249	0.043353	-0.323576	-0.091421	-0.332090	11.670282
1.216762	0.096327	-0.821248	0.391078	-0.383321	-0.096598	-0.344359	11.669684
-1.437082	-0.026231	-0.445918	0.711981	-0.436896	-0.102563	-0.358140	11.668993
1.520858	-0.083239	0.550221	0.936572	-0.469717	-0.108525	-0.371324	11.668308
0.359452	-0.158951	0.585521	0.943105	-0.470482	-0.108746	-0.371797	11.668283
-1.518658	-0.235219	0.620101	0.949526	-0.471215	-0.108966	-0.372269	11.668258
-0.083352	-0.246648	1.135346	1.069100	-0.478398	-0.114298	-0.383346	11.667661
1.228368	0.542917	0.895175	1.124999	-0.463999	-0.119720	-0.393916	11.667069
-1.087177	-0.946691	0.021734	1.111376	-0.421672	-0.125646	-0.404858	11.666431
1.156506	-0.341457	-0.991842	1.019389	-0.353149	-0.131450	-0.415149	11.665800
-1.167890	-0.124344	-1.035468	1.013011	-0.349258	-0.131725	-0.415629	11.665770
1.180135	0.086958	-1.078184	1.006457	-0.345319	-0.131999	-0.416107	11.665739
-1.547631	1.678756	-1.649699	0.850446	-0.262638	-0.137047	-0.424831	11.665173
0.525041	1.375405	-1.605424	0.630092	-0.166958	-0.141789	-0.432976	11.664613
2.700144	-1.158281	-0.773898	0.293102	-0.049718	-0.146613	-0.441376	11.663996
2.282277	-1.847725	0.753330	-0.117077	0.072645	-0.150804	-0.449002	11.663388
-3.177095	-1.476550	0.829219	-0.136026	0.077981	-0.150969	-0.449315	11.663362
3.190100	-1.083997	0.905237	-0.155046	0.083316	-0.151134	-0.449627	11.663336
-3.326014	1.641983	1.878964	-0.546359	0.188828	-0.154094	-0.455537	11.662817
3.286794	-1.442567	0.550595	-0.924036	0.289536	-0.156386	-0.460826	11.662307
-3.130014	1.372626	-1.788918	-1.184509	0.395246	-0.158091	-0.466162	11.661724
2.950760	-1.559713	-0.441705	-1.095431	0.483496	-0.158648	-0.470615	11.661153
2.881138	-1.504857	-0.323254	-1.082843	0.487107	-0.158644	-0.470801	11.661126
2.292691	-1.411341	-0.203986	-1.069568	0.490669	-0.158637	-0.470985	11.661100
-2.819084	1.875837	1.563031	-0.706647	0.547245	-0.157970	-0.474052	11.660612
2.753926	-2.116076	1.212217	-0.176353	0.582918	-0.156231	-0.476410	11.660133
2.298976	-2.049880	-0.228781	0.444522	0.594043	-0.152970	-0.478170	11.659617
-1.471601	1.223902	-1.140990	0.915245	0.571542	-0.148206	-0.479063	11.659113
-2.689561	2.028138	-1.078295	1.084948	0.507560	-0.141721	-0.479078	11.658598
0.584176	-0.484866	-0.178707	0.959770	0.400254	-0.133844	-0.478171	11.658097
2.591437	-0.606354	-0.133452	0.948726	0.394687	-0.133470	-0.478111	11.658075
-2.585109	-0.723897	-0.088464	0.937265	0.389054	-0.133093	-0.478048	11.658054
-0.507380	-1.405828	0.610812	0.632411	0.265203	-0.125155	-0.476457	11.657630
0.005469	-0.072098	0.625237	0.218981	0.123460	-0.116391	-0.474194	11.657217
1.866049	0.799010	0.025520	-0.307265	-0.060805	-0.104856	-0.470584	11.656731
0.041091	-0.629545	-0.450604	-0.716117	-0.247185	-0.092435	-0.466030	11.656261
-1.512713	-0.627076	-0.451745	-0.718249	-0.248499	-0.092343	-0.465994	11.656258
1.121708	-0.624186	-0.452847	-0.720376	-0.249817	-0.092250	-0.465958	11.656255
1.226523	0.607044	-0.309385	-0.868370	-0.399918	-0.081118	-0.461347	11.655867
-0.994006	-0.669584	0.138996	-0.813288	-0.534251	-0.069579	-0.456080	11.655491
-0.214285	-0.175084	0.394406	-0.564374	-0.656441	-0.056581	-0.449559	11.655092
0.892027	0.938986	0.258459	-0.184730	-0.747100	-0.043362	-0.442275	11.654706
-0.902460	0.936826	0.236552	-0.158017	-0.751735	-0.042508	-0.441781	11.654682
0.913936	0.915277	0.213169	-0.131174	-0.756219	-0.041653	-0.441284	11.654657
-1.152361	0.900939	-0.189716	0.224925	-0.801243	-0.030090	-0.434261	11.654335
1.476300	0.752014	-0.561103	0.505101	-0.815013	-0.018573	-0.426685	11.654023
-0.789687	-1.312602	-0.601046	0.635991	-0.786717	-0.005176	-0.417056	11.653669
-1.826061	-1.313786	-0.048125	0.538614	-0.706513	0.007896	-0.406688	11.653331
-2.000386	-1.168426	-0.016354	0.530055	-0.701786	0.008464	-0.406213	11.653316
2.000313	-1.009378	0.015593	0.521197	-0.696962	0.009030	-0.405738	11.653301
-1.877510	1.415073	0.600582	0.298451	-0.583583	0.019988	-0.396080	11.653021
1.606517	1.003671	0.866761	0.027971	-0.441072	0.030504	-0.385887	11.652752
-1.272491	-1.369502	0.573352	-0.263865	-0.251975	0.041942	-0.373511	11.652457
1.092339	0.961411	-0.316421	-0.467477	-0.048056	0.052547	-0.360457	11.652177
0.593378	1.138581	-0.357848	-0.473316	-0.039040	0.052987	-0.359875	11.652166
-1.089746	1.302411	-0.398840	-0.478860	-0.030020	0.053426	-0.359291	11.652154
0.051787	0.412741	-1.049850	-0.519296	0.150106	0.061800	-0.347333	11.651925
1.434715	-1.213954	-1.115746	-0.403758	0.324456	0.069345	-0.334884	11.651709
-1.781690	1.216014	-0.241026	-0.101643	0.510395	0.076829	-0.320091	11.651477
2.053384	-0.979095	0.804511	0.256574	0.676606	0.082986	-0.304689	11.651261
1.194355	-1.130275	0.835365	0.270976	0.683242	0.083220	-0.304010	11.651252
-2.068533	-1.268934	0.864243	0.285200	0.689834	0.083452	-0.303330	11.651243
2.132744	-0.771262	1.061921	0.513608	0.812588	0.087548	-0.289263	11.651068
0.446032	0.441087	0.756481	0.579498	0.910890	0.090423	-0.274748	11.650906
-1.842789	1.237424	0.105545	0.468000	0.992198	0.092131	-0.256850	11.650730
-1.566236	1.398412	-0.490101	0.205163	1.036076	0.091820	-0.238349	11.650572
1.552639	1.393633	-0.491676	0.204091	1.036164	0.091815	-0.238286	11.650572
-1.551624	1.388798	-0.493247	0.203019	1.036251	0.091811	-0.238223	11.650571
-0.759628	-0.687940	-0.726349	-0.098597	1.046395	0.089820	-0.221947	11.650452
1.056054	-1.128003	-0.459268	-0.425076	1.033672	0.086192	-0.205268	11.650346
-0.835396	0.876400	0.350692	-0.723580	0.994485	0.080279	-0.186092	11.650244
0.692991	-0.546291	0.502702	-0.810458	0.931474	0.072622	-0.166490	11.650160
-0.691091	-0.591141	0.495317	-0.808969	0.929950	0.072448	-0.166083	11.650158
0.316261	-0.633590	0.487490	-0.807326	0.928415	0.072274	-0.165676	11.650156
0.649462	0.068503	-0.074325	-0.619535	0.856239	0.064372	-0.148428	11.650099
-0.675316	0.550320	-0.463196	-0.268158	0.770721	0.055478	-0.130931	11.650055
-0.459057	-0.630757	0.006844	0.208752	0.659902	0.044298	-0.110708	11.650021
-0.035944	-1.080289	0.541913	0.651029	0.538355	0.032217	-0.090254	11.650006
1.070401	-0.477029	0.568435	0.948591	0.411753	0.019658	-0.069954	11.650008
-0.372224	1.563532	0.098653	1.063241	0.281207	0.006627	-0.049524	11.650028
-1.248681	1.758765	0.065984	1.064735	0.275211	0.006027	-0.048593	11.650030
0.527253	1.935786	0.032306	1.065960	0.269207	0.005426	-0.047662	11.650031
1.352499	-2.234214	-0.669459	1.041913	0.144276	-0.007085	-0.028379	11.650068
1.525229	-1.388556	-0.772619	0.963405	0.018818	-0.019636	-0.009081	11.650120
-1.530378	-0.368682	-0.760957	0.959007	0.012432	-0.020274	-0.008098	11.650124
1.535418	0.631982	-0.747983	0.954618	0.006048	-0.020911	-0.007114	11.650127
-1.614185	0.669616	-0.316791	0.874574	-0.111944	-0.032659	0.011138	11.650193
1.683111	1.487406	0.302641	0.796797	-0.227761	-0.044104	0.029298	11.650274
0.011049	2.389307	0.923541	0.708363	-0.357378	-0.056769	0.050131	11.650386
-1.941937	-1.821061	1.065459	0.620890	-0.480556	-0.068606	0.070730	11.650518
1.874987	-2.025465	1.052861	0.616661	-0.486400	-0.069162	0.071734	11.650525
1.961873	-2.207644	1.038068	0.612436	-0.492223	-0.069714	0.072736	11.650532
1.279466	-1.482801	0.450720	0.532231	-0.593779	-0.079240	0.090739	11.650667
-2.412852	1.851082	-0.439309	0.428747	-0.687307	-0.087762	0.108464	11.650818
-1.071994	1.782894	-1.211569	0.251458	-0.782851	-0.096085	0.128371	11.651011
2.803839	-0.649783	-1.355306	-0.022328	-0.864151	-0.102648	0.147801	11.651225
-2.804345	-0.665567	-1.353399	-0.024659	-0.864663	-0.102687	0.147935	11.651227
1.161452	-0.681230	-1.351447	-0.026997	-0.865175	-0.102726	0.148068	11.651228
2.807623	-1.379150	-0.724798	-0.359870	-0.923192	-0.106836	0.164730	11.651435
1.307552	0.454102	0.523309	-0.714370	-0.967240	-0.109234	0.180933	11.651658
-2.545781	1.239076	1.533708	-1.036266	-0.998087	-0.109710	0.198311	11.651925
1.941497	-1.206407	0.956204	-1.192955	-1.008275	-0.107719	0.215063	11.652212
2.342666	-1.181364	0.890439	-1.195288	-1.008221	-0.107576	0.215768	11.652225
1.526734	-1.133163	0.821428	-1.197243	-1.008126	-0.107428	0.216473	11.652238
-2.177701	1.177949	-0.854431	-1.149262	-0.997402	-0.103350	0.230679	11.652511
2.057087	-1.138199	-1.613436	-0.917991	-0.972112	-0.097408	0.244371	11.652800
-1.977968	0.837403	-0.569602	-0.446583	-0.930344	-0.088736	0.259093	11.653144
1.961173	1.034886	0.998223	0.115179	-0.878667	-0.078163	0.273136	11.653509
-0.423314	0.945663	1.049768	0.140136	-0.876155	-0.077641	0.273758	11.653526
-1.962628	0.852156	1.098323	0.164917	-0.873632	-0.077116	0.274379	11.653544
2.000392	-0.777496	1.495952	0.591200	-0.822740	-0.066192	0.286213	11.653887
0.557778	-1.081825	0.994979	0.848808	-0.770956	-0.054131	0.297487	11.654248
-2.194256	0.284986	-0.297337	0.928983	-0.714485	-0.039110	0.309711	11.654682
-1.292833	1.497677	-1.163662	0.800162	-0.664652	-0.023053	0.321164	11.655139
-0.410625	1.466102	-1.169734	0.790110	-0.662642	-0.022335	0.321644	11.655160
0.598290	1.424479	-1.172416	0.779699	-0.660644	-0.021616	0.322123	11.655180
2.493049	-0.751941	-0.681929	0.508944	-0.623081	-0.006937	0.331392	11.655598
1.925491	-2.262979	0.238883	0.173024	-0.589693	0.008163	0.340051	11.656033
-2.797679	2.783880	0.816762	-0.191575	-0.555609	0.025802	0.349223	11.656553
2.945702	1.734307	0.504495	-0.441623	-0.525034	0.043539	0.357561	11.657097
-2.951800	0.961885	0.478119	-0.449663	-0.523748	0.044320	0.357910	11.657122
-1.185473	0.185182	0.451267	-0.457456	-0.522467	0.045102	0.358257	11.657146
3.066154	-3.729067	-0.068201	-0.561390	-0.498064	0.060387	0.364746	11.657640
0.495321	-3.445440	-0.325482	-0.574792	-0.474730	0.075385	0.370580	11.658151
-3.188482	4.156231	-0.434589	-0.486297	-0.446822	0.092793	0.376703	11.658788
3.152831	2.490467	-0.529744	-0.332119	-0.416606	0.109274	0.381843	11.659451
-3.152142	2.091701	-0.529736	-0.330737	-0.416335	0.109408	0.381882	11.659457
0.956223	1.691448	-0.529704	-0.329351	-0.416063	0.109542	0.381921	11.659463
3.051983	-3.867731	-0.361998	-0.191482	-0.386809	0.122433	0.385445	11.660040
-2.915642	3.530555	0.172683	-0.052432	-0.352296	0.134309	0.388251	11.660635
2.759809	-3.056331	0.733413	0.114542	-0.303564	0.146581	0.390589	11.661349
-2.667750	-2.058870	0.496026	0.280916	-0.243005	0.157012	0.391928	11.662087
2.666829	-1.877703	0.479464	0.284816	-0.241242	0.157258	0.391950	11.662107
1.057577	-1.693486	0.462451	0.288682	-0.239467	0.157502	0.391971	11.662126
-2.688684	2.167137	-0.305534	0.390266	-0.174378	0.164788	0.392263	11.662791
2.798887	-1.845276	-1.174655	0.418790	-0.096585	0.170304	0.391771	11.663476
-2.996287	1.542314	-1.296138	0.329264	0.005635	0.174167	0.390278	11.664264
3.224262	-1.266520	-0.041176	0.100313	0.116125	0.175345	0.387793	11.665075
2.220677	-1.168773	0.035345	0.086600	0.121538	0.175328	0.387647	11.665115
-0.724493	-1.044020	0.111797	0.072725	0.126945	0.175305	0.387499	11.665155
-3.061560	0.635616	1.301765	-0.190617	0.220715	0.173664	0.384481	11.665879
-3.522525	0.853686	1.603047	-0.445611	0.304715	0.169567	0.380767	11.666619
3.267828	-0.689463	-1.644779	-0.618361	0.423388	0.148790	0.369245	11.668444
-1.912411	-0.517129	-1.116616	0.251016	0.374014	0.111687	0.354204	11.670349
-1.085909	0.446370	-1.011203	0.274805	0.371009	0.110660	0.353816	11.670394
1.816356	0.764724	-0.900027	0.298419	0.367930	0.109625	0.353427	11.670439
-0.356120	0.048547	-0.782745	0.321746	0.364789	0.108588	0.353038	11.670484
-1.719172	-0.765087	-0.659069	0.344853	0.361576	0.107545	0.352647	11.670529
1.671881	-0.591606	-0.531529	0.367368	0.358342	0.106511	0.352260	11.670573
-1.625603	0.641041	-0.399103	0.389641	0.355037	0.105471	0.351872	11.670617
-1.604386	0.735419	1.431788	0.675210	0.298515	0.089394	0.345939	11.671277
-0.061226	-0.664626	1.464470	0.831112	0.229028	0.072148	0.339659	11.671944
0.624480	-0.499313	-0.346300	0.741547	0.115626	0.046477	0.330337	11.672887
0.858673	0.560928	-1.421323	0.319688	-0.004887	0.019395	0.320392	11.673844
1.273639	-0.737707	-0.162544	-0.373754	-0.125181	-0.010467	0.309138	11.674878
-1.654735	-0.740494	1.449659	-0.953243	-0.220116	-0.040751	0.297250	11.675926
0.066784	-0.677956	1.470368	-0.960559	-0.221604	-0.041343	0.297012	11.675947
1.667925	-0.614282	1.490401	-0.967653	-0.223073	-0.041934	0.296774	11.675968
-1.494794	1.334684	1.576153	-1.072884	-0.270006	-0.068244	0.285877	11.676894
-2.064090	1.222196	-0.003134	-0.804487	-0.275706	-0.093985	0.274551	11.677830
2.144854	-1.574876	-1.767848	-0.208615	-0.239645	-0.121609	0.261378	11.678889
-2.151773	0.904909	-1.407685	0.498917	-0.170419	-0.147171	0.247733	11.679957
2.151031	1.199228	-1.361433	0.521431	-0.167677	-0.147980	0.247270	11.679993
-0.243853	1.487769	-1.313456	0.543760	-0.164911	-0.148786	0.246805	11.680029
-2.110931	1.317623	0.424656	1.033433	-0.084384	-0.168947	0.234273	11.680987
-1.155752	-1.299097	1.995052	1.185459	0.003585	-0.186232	0.221421	11.681951
0.475356	0.644473	1.106012	0.826909	0.098191	-0.201121	0.207096	11.683008
1.810164	1.343738	-1.132755	0.132988	0.182731	-0.211203	0.192453	11.684070
1.221750	1.166918	-1.274655	0.078803	0.188127	-0.211718	0.191401	11.684146
-1.494500	0.956127	-1.408793	0.024551	0.193425	-0.212205	0.190348	11.684221
-1.667712	-1.352111	-1.929047	-0.604132	0.249173	-0.215774	0.177322	11.685152
1.540640	1.240061	0.111521	-1.048891	0.283895	-0.214576	0.164097	11.686085
-1.395934	-0.954203	1.697429	-1.213379	0.289948	-0.206371	0.148166	11.687194
1.273349	0.644691	-0.059786	-0.934966	0.252547	-0.190663	0.131938	11.688306
-1.268724	0.511227	-0.154518	-0.914872	0.249975	-0.189805	0.131212	11.688355
-0.209359	0.363490	-0.246522	-0.894310	0.247335	-0.188936	0.130486	11.688405
1.193648	-0.476568	-1.341346	-0.423427	0.182493	-0.169353	0.116090	11.689376
-1.165840	-0.367833	-0.835411	0.079324	0.097979	-0.145607	0.101506	11.690348
1.197108	0.631794	0.404669	0.599027	-0.013404	-0.114428	0.084670	11.691456
-0.456578	0.413995	0.794070	0.983134	-0.130727	-0.079978	0.067643	11.692565
-1.310867	0.308882	0.787955	0.995429	-0.135773	-0.078432	0.066903	11.692612
1.317475	0.193812	0.780193	1.007309	-0.140806	-0.076883	0.066163	11.692660
-1.479605	-1.195118	0.337463	1.169125	-0.239622	-0.044752	0.051083	11.693631
1.674715	1.460347	-0.297844	1.210427	-0.328007	-0.011830	0.035899	11.694600
-1.912353	-1.648017	-0.436988	1.169306	-0.415676	0.027307	0.017725	11.695750
0.571249	-1.930363	-0.005533	1.095000	-0.481622	0.065174	-0.000534	11.696895
2.120501	-1.926318	-0.002349	1.094517	-0.481934	0.065386	-0.000640	11.696902
0.079490	-1.922317	0.000838	1.094032	-0.482246	0.065598	-0.000745	11.696908
-2.316556	2.118376	0.480914	0.908678	-0.537101	0.127539	-0.034464	11.699001
2.127696	0.546589	-0.766904	0.541857	-0.493276	0.173955	-0.068155	11.701069
-2.117000	-0.447488	-0.780675	0.526094	-0.490896	0.174870	-0.068970	11.701119
-0.186894	-1.275359	-0.792173	0.509865	-0.488453	0.175774	-0.069784	11.701169
2.094305	-1.857130	-0.801570	0.492582	-0.485861	0.176698	-0.070625	11.701220
1.931740	-2.151486	-0.808327	0.474769	-0.483200	0.177612	-0.071466	11.701271
0.181456	0.268463	-0.583109	0.125023	-0.430497	0.190903	-0.085042	11.702099
-1.620471	1.392457	0.078244	-0.286566	-0.359155	0.201399	-0.098564	11.702921
0.640409	2.296918	1.133374	-0.792248	-0.237307	0.210863	-0.116070	11.703983
1.408310	-2.473389	1.603380	-1.114016	-0.081498	0.215552	-0.133430	11.705033
-1.421031	-1.885652	1.571371	-1.125288	-0.069503	0.215698	-0.134617	11.705105
1.435517	-1.230433	1.528718	-1.134940	-0.057347	0.215822	-0.135804	11.705177
0.278885	2.697745	0.400416	-1.128199	0.101602	0.215510	-0.150141	11.706043
-2.168069	0.391377	-1.085694	-0.907497	0.273173	0.211826	-0.164319	11.706901
2.710216	-3.030735	-1.914817	-0.397527	0.476973	0.203026	-0.180900	11.707907
-3.098351	-1.374042	-0.767243	0.296484	0.661983	0.189371	-0.197139	11.708899
-0.045578	-1.075691	-0.685751	0.328248	0.669658	0.188631	-0.197872	11.708943
3.119813	-0.770875	-0.603297	0.359739	0.677246	0.187881	-0.198603	11.708988
-2.679264	2.923161	0.898528	0.866301	0.802856	0.171750	-0.212270	11.709831
-3.055689	2.114796	1.606712	1.053246	0.885481	0.151919	-0.225589	11.710662
2.701515	-2.331424	1.144601	0.696320	0.914133	0.124115	-0.240632	11.711616
-0.565440	0.562414	-0.189662	-0.017700	0.868263	0.091685	-0.255079	11.712552
-1.369348	0.739175	-0.242089	-0.050531	0.864648	0.090210	-0.255683	11.712591
-2.166323	0.907427	-0.292835	-0.083324	0.860895	0.088728	-0.256287	11.712631
-0.458822	1.552177	-0.823598	-0.681979	0.757088	0.057840	-0.268122	11.713418
1.251190	-1.294500	-0.335851	-1.028850	0.599148	0.025330	-0.279423	11.714191
-0.812841	1.106808	0.405831	-0.960479	0.341422	-0.014642	-0.292223	11.715098
-0.211064	0.338852	0.193872	-0.338406	0.028446	-0.054264	-0.304123	11.715983
0.568216	0.278422	0.189611	-0.332124	0.026005	-0.054553	-0.304208	11.715989
-0.567375	0.218035	0.185329	-0.325823	0.023563	-0.054843	-0.304293	11.715996
0.567361	-1.020229	-0.268125	0.436025	-0.259621	-0.087495	-0.313741	11.716737
-0.722337	1.044949	-0.190041	0.963844	-0.525603	-0.117849	-0.322421	11.717460
0.137195	0.248661	0.266836	1.087436	-0.772037	-0.148093	-0.331215	11.718251
1.345290	-1.210920	0.533581	0.674320	-0.940815	-0.172910	-0.338914	11.719017
-0.784101	-1.217628	0.531773	0.661210	-0.943407	-0.173354	-0.339060	11.719033
-1.358792	-1.222680	0.529547	0.647928	-0.945967	-0.173795	-0.339206	11.719048
-0.164461	-0.201870	0.134675	-0.000220	-1.020295	-0.189492	-0.344847	11.719684
1.840291	1.516376	-0.498188	-0.673501	-1.029649	-0.199329	-0.349591	11.720300
1.328727	1.377827	-0.856008	-1.163363	-0.961101	-0.202710	-0.353741	11.720958
-2.065266	-0.943494	-0.800500	-1.161875	-0.809524	-0.198775	-0.356699	11.721590
1.990546	-1.894805	-0.138664	-0.740682	-0.579020	-0.187576	-0.358532	11.722230
-1.748298	1.560982	0.769688	-0.104109	-0.302665	-0.170089	-0.359052	11.722839
-0.380197	1.685685	0.793518	-0.077375	-0.291080	-0.169275	-0.359046	11.722863
1.721185	1.796990	0.815509	-0.050661	-0.279465	-0.168453	-0.359038	11.722886
0.059941	0.759756	0.900902	0.492790	-0.025769	-0.148841	-0.358361	11.723383
-0.990241	-1.281802	0.558161	0.900532	0.223445	-0.125976	-0.356740	11.723856
0.634872	0.862292	0.071536	1.153207	0.484494	-0.096192	-0.353694	11.724377
-0.522973	-0.314755	-0.356358	1.159787	0.690326	-0.063805	-0.349410	11.724867
0.526081	-0.391011	-0.375561	1.154428	0.697778	-0.062319	-0.349191	11.724888
0.361455	-0.449575	-0.394909	1.148592	0.705068	-0.060831	-0.348970	11.724909
-0.740444	0.267439	-0.662017	0.937534	0.815469	-0.031412	-0.344195	11.725306
1.134247	-0.277453	-0.369617	0.540909	0.870317	-0.001434	-0.338523	11.725680
-1.677850	0.515320	0.293056	-0.061325	0.871439	0.033368	-0.330799	11.726086
0.877399	-0.198583	0.661548	-0.580569	0.813218	0.067184	-0.321889	11.726462
2.161966	-0.273188	0.667060	-0.597484	0.809648	0.068554	-0.321494	11.726477
-2.176813	-0.348828	0.671773	-0.613940	0.805991	0.069920	-0.321098	11.726492
2.402093	-0.941794	0.590932	-0.865454	0.703588	0.099400	-0.311773	11.726809
1.250687	-1.673531	0.236399	-0.920881	0.565099	0.126862	-0.301471	11.727099
-2.107935	-1.354301	-0.292470	-0.805183	0.389454	0.152745	-0.289723	11.727375
-2.311654	1.233915	-0.853540	-0.549920	0.190028	0.175285	-0.276945	11.727622
2.309027	1.290452	-0.866703	-0.542438	0.185066	0.175780	-0.276626	11.727627
0.587855	1.345909	-0.879856	-0.534892	0.180094	0.176273	-0.276305	11.727633
-2.208007	1.685935	-1.332436	-0.222598	-0.005469	0.192898	-0.264007	11.727828
2.090600	-1.282639	-1.416833	0.121050	-0.184951	0.205950	-0.250913	11.728001
-1.893585	0.684974	0.059035	0.465217	-0.374648	0.216283	-0.234221	11.728179
1.606742	-0.209279	1.734042	0.613504	-0.517501	0.220189	-0.216422	11.728325
-1.249437	-0.233332	1.743801	0.613602	-0.519747	0.220197	-0.216053	11.728328
-1.593027	-0.255105	1.752012	0.613568	-0.521970	0.220201	-0.215684	11.728330
1.281814	0.203654	0.970426	0.510530	-0.590833	0.217764	-0.199920	11.728427
-0.975115	-0.628203	-0.831835	0.272619	-0.616682	0.209921	-0.183446	11.728501
0.707249	-0.693718	-2.029733	-0.048232	-0.598992	0.193800	-0.163497	11.728560
-0.472664	0.889670	-0.926430	-0.297292	-0.538148	0.170920	-0.142763	11.728588
-0.587538	0.933216	-0.850201	-0.305312	-0.534826	0.169842	-0.141890	11.728589
0.025703	0.965472	-0.772976	-0.313143	-0.531444	0.168754	-0.141014	11.728589
0.626913	-0.068251	0.896306	-0.429948	-0.448338	0.143880	-0.122440	11.728588
-0.068679	-1.110187	2.080176	-0.448073	-0.345825	0.115471	-0.103442	11.728563
-0.999175	1.149014	1.843425	-0.342775	-0.212739	0.079406	-0.081216	11.728508
-0.532960	0.383228	0.506681	-0.147646	-0.071717	0.040636	-0.058641	11.728423
1.254166	0.085636	0.438038	-0.137908	-0.065467	0.038884	-0.057642	11.728418
-1.263973	-0.214956	0.369241	-0.128113	-0.059219	0.037130	-0.056642	11.728414
1.431637	-1.344580	-0.903621	0.070327	0.063104	0.001824	-0.036740	11.728313
-1.548405	1.297994	-1.683482	0.250458	0.178501	-0.033989	-0.016739	11.728190
1.627103	1.585062	-1.911207	0.387160	0.295732	-0.075127	0.006413	11.728019
1.474302	-0.288422	-1.541747	0.413826	0.387047	-0.114948	0.029480	11.727819
-0.511826	-0.363907	-1.516090	0.412797	0.390201	-0.116585	0.030451	11.727810
-1.661127	-0.438953	-1.489753	0.411618	0.393295	-0.118220	0.031423	11.727800
1.664245	-1.669796	-0.813733	0.355624	0.444415	-0.151470	0.051769	11.727594
-1.656380	-0.617886	-0.013700	0.253038	0.470579	-0.182033	0.071867	11.727365
-1.375107	1.270684	0.835248	0.111375	0.474066	-0.211514	0.093252	11.727089
-0.581817	1.418381	1.503782	-0.038680	0.455768	-0.237152	0.114148	11.726786
1.630084	1.345550	1.526912	-0.045272	0.454495	-0.238220	0.115079	11.726772
-0.217818	1.264230	1.549316	-0.051831	0.453187	-0.239281	0.116009	11.726758
-1.622117	-0.949532	1.852634	-0.172973	0.419993	-0.258950	0.134430	11.726456
-1.042366	-1.205281	1.902733	-0.264567	0.375852	-0.275490	0.152284	11.726131
1.622664	0.130871	1.732228	-0.330621	0.317192	-0.290395	0.171600	11.725739
1.357339	1.003428	1.454305	-0.363641	0.253286	-0.301490	0.190084	11.725319
1.114325	1.024095	1.440870	-0.364510	0.250180	-0.301926	0.190945	11.725298
-0.084504	1.042991	1.427542	-0.365320	0.247073	-0.302354	0.191804	11.725277
-1.439281	1.106106	1.216574	-0.370668	0.190626	-0.308680	0.207150	11.724884
-1.655741	0.765422	1.089178	-0.361017	0.136777	-0.312216	0.221777	11.724468
-1.515405	0.155839	0.976534	-0.335087	0.079546	-0.312911	0.237790	11.723960
1.688199	-0.592341	0.790009	-0.294940	0.027059	-0.310087	0.252804	11.723422
1.374890	-0.627052	0.778333	-0.292883	0.024856	-0.309885	0.253439	11.723398
-1.689546	-0.662857	0.766272	-0.290800	0.022658	-0.309677	0.254072	11.723374
0.254735	-1.459521	0.435397	-0.244913	-0.019334	-0.304231	0.266221	11.722881
1.702650	-1.087285	-0.101598	-0.191030	-0.058705	-0.296343	0.277625	11.722366
-1.684511	1.500924	-0.909752	-0.120744	-0.101254	-0.284362	0.289833	11.721746
1.635378	1.803569	-1.722741	-0.043460	-0.141369	-0.269412	0.301062	11.721097
-1.253696	1.731915	-1.757125	-0.039677	-0.143209	-0.268637	0.301568	11.721066
-1.628900	1.659009	-1.790931	-0.035886	-0.145043	-0.267855	0.302070	11.721034
1.512407	-1.411692	-2.363698	0.124874	-0.216723	-0.231059	0.320650	11.719707
0.172343	-1.843243	-0.604917	0.266601	-0.285636	-0.184983	0.335706	11.718274
-1.773292	-1.282804	-0.538140	0.268729	-0.287250	-0.183799	0.336017	11.718239
0.569913	-0.703649	-0.470471	0.270772	-0.288865	-0.182611	0.336326	11.718204
1.804059	-0.098074	-0.397291	0.272861	-0.290592	-0.181336	0.336654	11.718167
-1.820757	0.459027	-0.323325	0.274848	-0.292319	-0.180056	0.336980	11.718129
-0.626326	1.728639	0.908995	0.290876	-0.321138	-0.158101	0.342066	11.717498
2.553293	-1.617144	1.818914	0.267389	-0.350480	-0.134804	0.346553	11.716849
-2.979877	0.602215	2.127952	0.163628	-0.388847	-0.103479	0.351380	11.716001
3.153033	1.518107	1.616996	-0.026806	-0.429604	-0.070260	0.355254	11.715123
-0.960583	1.361351	1.586737	-0.034339	-0.431077	-0.069074	0.355372	11.715092
-3.151086	1.197117	1.555703	-0.041900	-0.432556	-0.067886	0.355488	11.715061
0.577409	-1.679058	0.539154	-0.230300	-0.470992	-0.037595	0.358020	11.714275
2.612851	-1.162806	-0.771693	-0.384551	-0.513013	-0.006096	0.359845	11.713467
-2.141355	2.335380	-1.703193	-0.454962	-0.566808	0.031500	0.361072	11.712511
1.810421	0.886438	-1.288174	-0.360157	-0.625788	0.070426	0.361372	11.711526
0.183687	0.798242	-1.253939	-0.354221	-0.627827	0.071789	0.361366	11.711492
-1.797998	0.704809	-1.218706	-0.348129	-0.629863	0.073154	0.361359	11.711457
1.768546	-2.950198	-0.113064	-0.153233	-0.678157	0.107542	0.360827	11.710589
-0.500940	-1.962451	1.040124	0.101516	-0.717746	0.142705	0.359620	11.709699
-2.199850	2.990914	1.395188	0.429623	-0.744725	0.184729	0.357352	11.708632
-0.319813	-0.334856	-0.000466	0.715912	-0.741132	0.227301	0.354166	11.707538
2.486442	-0.801641	-0.077685	0.724914	-0.740141	0.229121	0.354009	11.707490
-2.495781	-1.258751	-0.154778	0.733527	-0.739075	0.230940	0.353851	11.707443
2.628731	-2.392537	-1.413934	0.803122	-0.700087	0.267544	0.350304	11.706476
0.295336	0.616123	-1.414199	0.620872	-0.625261	0.303561	0.346082	11.705490
-2.618756	1.632654	-0.040858	0.147749	-0.498977	0.343742	0.340380	11.704331
2.498189	-1.354991	1.556144	-0.419342	-0.337542	0.381823	0.333789	11.703147
0.091602	-1.354862	1.583979	-0.443445	-0.329627	0.383466	0.333473	11.703093
-0.178697	-1.331138	1.605811	-0.467296	-0.321654	0.385105	0.333156	11.703040
-2.340587	1.229985	1.053425	-0.861655	-0.156321	0.415866	0.326601	11.701983
0.022774	1.137760	-0.497863	-1.063282	0.023725	0.443962	0.319373	11.700909
2.012691	-1.245579	-1.646685	-0.949985	0.238045	0.472112	0.310325	11.699664
-1.875470	-0.204797	-0.747787	-0.418329	0.445898	0.495497	0.300412	11.698398
1.870567	0.127738	-0.677015	-0.388177	0.454690	0.496414	0.299952	11.698341
0.589204	0.459786	-0.605081	-0.357669	0.463437	0.497321	0.299489	11.698284
-1.790894	1.324467	0.806048	0.294687	0.628364	0.513384	0.289663	11.697112
1.749709	-1.339617	1.287150	0.843331	0.757351	0.524357	0.279133	11.695923
1.615484	-0.985178	0.599722	1.115858	0.840314	0.529872	0.266971	11.694618
-1.429045	1.270113	-0.488336	1.082381	0.852208	0.528174	0.254043	11.693294
-1.703023	1.350541	-0.523701	1.074097	0.851045	0.527899	0.253390	11.693229
-0.894701	1.423190	-0.555755	1.065247	0.849730	0.527606	0.252736	11.693163
1.667831	0.924682	-0.627093	0.817821	0.801475	0.519305	0.240691	11.691980
-1.607173	-1.651852	-0.150640	0.446027	0.711774	0.505486	0.228125	11.690782
-0.441648	1.813780	0.274027	0.004626	0.564758	0.482808	0.212850	11.689368
0.607654	0.442274	0.054818	-0.303260	0.383539	0.453551	0.196967	11.687935
1.283337	0.039017	0.040547	-0.312659	0.376061	0.452303	0.196346	11.687880
-1.274071	-0.362580	0.026342	-0.321925	0.368551	0.451046	0.195724	11.687824
1.039375	-1.964843	-0.161050	-0.505200	0.193491	0.420642	0.181595	11.686578
-0.784701	0.827372	0.101095	-0.664242	0.010289	0.386099	0.167095	11.685319
0.529936	1.791077	0.358615	-0.771142	-0.201290	0.341514	0.149948	11.683851
-0.390889	0.413111	-0.136050	-0.700959	-0.401732	0.292335	0.132405	11.682368
0.388690	0.029729	-0.169062	-0.693830	-0.409961	0.290111	0.131638	11.682304
-0.386859	-0.354260	-0.202488	-0.686388	-0.418144	0.287879	0.130870	11.682239
0.424305	-1.576716	-0.863628	-0.472753	-0.572645	0.241086	0.115186	11.680926
-0.583302	1.628419	-1.019569	-0.165446	-0.700538	0.191500	0.099276	11.679602
0.134073	-0.456525	0.162696	0.204399	-0.805694	0.131999	0.080914	11.678079
1.227766	-2.114680	1.441084	0.463699	-0.858884	0.069792	0.062360	11.676543
0.813847	-1.970823	1.469772	0.470472	-0.859903	0.066959	0.061528	11.676474
-0.097102	-1.804610	1.494819	0.476734	-0.860799	0.064122	0.060696	11.676405
-1.587621	2.370997	1.242921	0.503816	-0.853298	0.007627	0.044312	11.675048
-1.155039	1.373179	-0.213033	0.392110	-0.799004	-0.050135	0.027860	11.673682
2.156310	-2.529502	-1.827452	0.180851	-0.687068	-0.117919	0.008775	11.672089
0.214117	1.445815	-1.800708	-0.027348	-0.535245	-0.185904	-0.010298	11.670484
-2.285467	1.889660	-1.775878	-0.033509	-0.529823	-0.188096	-0.010914	11.670432
2.286418	2.321836	-1.749989	-0.039620	-0.524378	-0.190285	-0.011529	11.670380
-2.236922	2.293185	-0.716240	-0.194044	-0.362211	-0.251386	-0.028769	11.668915
2.074674	1.125979	0.476945	-0.317963	-0.188941	-0.311333	-0.045909	11.667441
-0.158694	0.143120	1.418514	-0.419770	-0.006465	-0.371941	-0.063628	11.665897
-1.602274	-0.792273	1.625488	-0.502149	0.170809	-0.429947	-0.081148	11.664344
1.416314	0.369982	0.892529	-0.571467	0.336194	-0.484496	-0.098368	11.662789
-0.536620	0.537016	-0.102100	-0.623263	0.485046	-0.535095	-0.115298	11.661227
-1.339377	0.421703	-0.143052	-0.625271	0.492014	-0.537526	-0.116142	11.661148
1.339736	0.293591	-0.182467	-0.627215	0.498928	-0.539946	-0.116986	11.661069
0.984593	-0.764093	-0.721082	-0.651061	0.621694	-0.584504	-0.133198	11.659533
-1.410394	0.574244	-1.029057	-0.644820	0.720433	-0.623920	-0.149041	11.657991
1.408556	0.631673	-1.034619	-0.644225	0.722656	-0.624866	-0.149446	11.657952
1.357471	0.686748	-1.040046	-0.643609	0.724860	-0.625807	-0.149850	11.657912
-1.253114	1.547880	-1.144400	-0.606000	0.792867	-0.656987	-0.164190	11.656473
1.019648	2.221454	-1.053714	-0.536070	0.838541	-0.682629	-0.178136	11.655031
-0.159350	1.363536	-0.687391	-0.406256	0.862863	-0.704743	-0.193694	11.653362
-0.817523	-2.828472	-0.068820	-0.206813	0.856504	-0.718621	-0.208628	11.651688
-0.037819	-3.053123	-0.034543	-0.195512	0.855464	-0.719071	-0.209307	11.651610
0.836574	-3.253388	0.000190	-0.184017	0.854359	-0.719504	-0.209985	11.651532
-1.155952	-2.245557	0.665033	0.067402	0.821888	-0.724506	-0.222307	11.650081
1.625716	-2.144651	1.108715	0.399024	0.766973	-0.723930	-0.234088	11.648627
-2.141817	2.794999	0.884942	0.865495	0.675966	-0.716688	-0.247011	11.646946
2.382000	2.998177	-0.299691	1.272925	0.555809	-0.702792	-0.259201	11.645262
-2.382198	2.317086	-0.367526	1.287012	0.549541	-0.701994	-0.259748	11.645184
-1.037607	1.631565	-0.435568	1.300509	0.543212	-0.701182	-0.260294	11.645106
2.179481	-2.434211	-1.375304	1.416900	0.413873	-0.683565	-0.270228	11.643644
-0.065957	-0.004106	-0.861353	1.213505	0.266515	-0.661532	-0.279634	11.642181
-1.065806	1.269476	0.823659	0.620219	0.078838	-0.630479	-0.289990	11.640468
0.492116	-1.022268	1.632889	-0.243079	-0.115635	-0.594150	-0.299655	11.638756
-0.477539	-0.942239	1.601678	-0.274233	-0.121969	-0.592883	-0.299958	11.638700
0.463319	-0.852949	1.565610	-0.305486	-0.128293	-0.591612	-0.300261	11.638644
0.446358	1.138920	-0.485522	-1.161402	-0.300841	-0.554365	-0.308367	11.637099
-0.156079	-1.384439	-1.650126	-1.767211	-0.462812	-0.513493	-0.315939	11.635555
0.301586	1.546045	0.068945	-1.854553	-0.613412	-0.467014	-0.323328	11.633935
-0.593332	-0.111979	1.449636	-1.437641	-0.737146	-0.417232	-0.330158	11.632318
-0.401324	-0.242485	1.480096	-1.406707	-0.742480	-0.414717	-0.330478	11.632239
0.627902	-0.369674	1.506837	-1.374930	-0.747743	-0.412196	-0.330797	11.632160
-0.984007	-1.385744	1.305554	-0.655183	-0.833187	-0.364285	-0.336468	11.630697
1.338347	1.240574	0.056333	0.212449	-0.895892	-0.314248	-0.341705	11.629237
1.820427	-0.132681	-0.950174	1.144783	-0.939720	-0.255426	-0.347118	11.627589
0.030815	-1.022760	-1.109293	1.790532	-0.955157	-0.194579	-0.352008	11.625945
-2.219570	-1.081038	-1.097667	1.811168	-0.955190	-0.191712	-0.352222	11.625869
2.234716	-1.142801	-1.084491	1.830905	-0.955162	-0.188845	-0.352435	11.625793
-2.472600	-0.548324	-0.603643	2.050320	-0.943280	-0.133821	-0.356274	11.624352
-2.362972	1.478869	0.077789	2.019874	-0.909952	-0.077818	-0.359733	11.622915
2.607751	-2.216561	0.995490	1.340723	-0.752833	0.056440	-0.366437	11.619550
-1.117997	-0.402958	0.117656	0.411212	-0.510830	0.191107	-0.371233	11.616216
-2.144418	1.026652	0.084630	0.391605	-0.505032	0.193936	-0.371314	11.616146
2.130654	2.301163	0.051244	0.372048	-0.499214	0.196762	-0.371396	11.616075
-1.673366	2.924553	0.013043	0.349977	-0.492608	0.199956	-0.371486	11.615996
-2.099396	2.563824	-0.025582	0.327972	-0.485978	0.203146	-0.371576	11.615917
-1.978566	1.180666	-0.066758	0.304820	-0.478954	0.206509	-0.371670	11.615833
2.067218	-0.895849	-0.108341	0.281720	-0.471896	0.209871	-0.371762	11.615750
2.066151	-3.052289	-0.663517	-0.015563	-0.376107	0.254024	-0.372880	11.614649
-1.780969	3.070066	-1.127175	-0.293042	-0.276322	0.297643	-0.373810	11.613552
-1.780032	2.351993	-1.348168	-0.634214	-0.131716	0.357779	-0.374810	11.612019
0.535322	-2.709821	-0.807241	-0.905524	0.014978	0.416248	-0.375464	11.610495
1.812396	2.316780	0.562160	-1.130722	0.168699	0.475899	-0.375797	11.608893
-1.912821	1.085750	1.549827	-1.315322	0.317167	0.532849	-0.375777	11.607302
1.916400	0.108594	1.569022	-1.321675	0.322508	0.534894	-0.375770	11.607244
-1.919939	-0.860897	1.586790	-1.328012	0.327843	0.536936	-0.375763	11.607185
1.984915	-1.363187	1.504104	-1.470764	0.454283	0.585417	-0.375435	11.605762
-1.993541	0.965512	0.454053	-1.566381	0.572056	0.631008	-0.374850	11.604349
-0.997478	0.410771	-0.725061	-1.578717	0.681221	0.674166	-0.374001	11.602920
1.830986	-0.090050	-1.503746	-1.468372	0.777896	0.713666	-0.372910	11.601502
1.605418	-0.351907	-1.554695	-1.176561	0.866934	0.751600	-0.371486	11.599994
0.382866	0.422335	-0.727742	-0.704115	0.940158	0.784527	-0.369816	11.598499
-1.266111	0.434937	-0.675098	-0.680377	0.943009	0.785855	-0.369737	11.598433
-1.473656	0.440988	-0.621341	-0.656468	0.945829	0.787173	-0.369658	11.598368
-0.322773	-0.507951	0.523014	-0.161420	0.995045	0.811069	-0.367995	11.597075
1.192160	-0.833818	1.305287	0.324205	1.031285	0.830535	-0.366169	11.595792
-1.110566	1.044571	1.241940	0.769968	1.056086	0.846847	-0.363925	11.594356
1.136136	-0.683574	0.215014	1.020920	1.063226	0.856770	-0.361502	11.592933
-1.140453	-0.753450	0.161807	1.026827	1.063126	0.857051	-0.361393	11.592871
0.167533	-0.817219	0.108699	1.032306	1.062992	0.857319	-0.361283	11.592809
1.297841	-1.178755	-0.789591	1.048738	1.052672	0.860008	-0.359003	11.591568
0.062182	-0.767886	-0.963659	0.877017	1.027682	0.857644	-0.356606	11.590336
-1.911008	-0.004079	-0.362472	0.460787	0.982257	0.848909	-0.353699	11.588924
-0.508403	0.719387	0.478694	-0.039160	0.921698	0.834065	-0.350652	11.587525
2.336806	0.739728	0.510052	-0.060147	0.918732	0.833278	-0.350515	11.587464
-2.354926	0.758164	0.540439	-0.080921	0.915742	0.832480	-0.350377	11.587403
-2.151658	0.487452	0.916638	-0.429737	0.852476	0.814575	-0.347626	11.586206
-0.672796	-0.373178	0.826275	-0.627342	0.781869	0.792612	-0.344778	11.585019
3.149896	-0.523643	0.068837	-0.672301	0.692885	0.762272	-0.341351	11.583652
0.514181	0.717054	-1.046827	-0.547766	0.598802	0.727096	-0.337805	11.582298
-3.065868	0.733793	-1.077055	-0.538545	0.594422	0.725386	-0.337641	11.582237
3.054625	0.740076	-1.103819	-0.529030	0.590031	0.723665	-0.337477	11.582175
-0.515943	-1.321421	-0.964343	-0.305154	0.505588	0.689362	-0.334318	11.581019
-1.219973	-1.504955	0.138696	-0.040177	0.419470	0.651967	-0.331079	11.579872
-1.610255	2.029439	1.408602	0.239429	0.318265	0.604716	-0.327203	11.578547
-0.196795	-1.718746	1.462780	0.394608	0.217913	0.553914	-0.323230	11.577235
1.021213	-2.079599	1.446181	0.396363	0.214867	0.552304	-0.323106	11.577195
-1.006337	-2.425087	1.428708	0.397911	0.211823	0.550690	-0.322983	11.577155
0.660004	-0.642947	0.655143	0.366611	0.126196	0.503497	-0.319430	11.576019
-0.436296	2.156154	-0.302605	0.230108	0.043241	0.454116	-0.315811	11.574894
-0.432922	2.135869	-1.136893	0.027280	-0.045080	0.396834	-0.311708	11.573653
0.019416	2.066827	-1.682851	-0.149313	-0.128105	0.337461	-0.307533	11.572425
0.162781	1.942696	-1.689226	-0.155650	-0.131901	0.334593	-0.307333	11.572367
-0.157493	1.800554	-1.692933	-0.161728	-0.135680	0.331722	-0.307133	11.572309
-0.027221	-1.225747	-1.125271	-0.228096	-0.202962	0.277866	-0.303400	11.571239
0.029657	-0.457823	0.660958	-0.212129	-0.264493	0.222890	-0.299620	11.570179
0.034336	0.641843	1.724022	-0.099161	-0.328180	0.157118	-0.295121	11.568944
-0.261332	0.730422	-0.408314	0.082601	-0.381059	0.090470	-0.290569	11.567723
0.269773	0.856570	-0.468870	0.086945	-0.382188	0.088861	-0.290459	11.567694
-0.278358	0.983854	-0.528392	0.091256	-0.383308	0.087253	-0.290349	11.567665
0.668001	0.957144	-1.717428	0.210631	-0.418473	0.030195	-0.286443	11.566639
-0.695887	-1.565182	-0.758976	0.226762	-0.444490	-0.026995	-0.282507	11.565622
-1.802631	2.404652	1.708932	0.123267	-0.463239	-0.093071	-0.277918	11.564457
-0.690917	2.249229	1.496095	-0.069324	-0.473250	-0.158681	-0.273301	11.563304
2.388888	1.761689	1.429705	-0.078916	-0.473563	-0.161593	-0.273094	11.563253
-2.410334	1.257439	1.360400	-0.088538	-0.473867	-0.164503	-0.272888	11.563202
2.507818	-3.282330	-0.318678	-0.282089	-0.478960	-0.224191	-0.268609	11.562152
2.993751	-0.690557	-1.398531	-0.424188	-0.484118	-0.282890	-0.264316	11.561113
1.056577	1.553613	-1.612925	-0.453964	-0.492772	-0.340337	-0.260013	11.560085
0.365148	2.099548	-1.044167	-0.331086	-0.507578	-0.396255	-0.255704	11.559067
-3.007354	1.120472	0.260951	-0.081118	-0.529478	-0.453612	-0.251132	11.557999
-1.259909	-0.755567	1.364830	0.218681	-0.556297	-0.508621	-0.246564	11.556944
0.552201	-0.795496	1.379397	0.230101	-0.557398	-0.510669	-0.246390	11.556904
2.841230	-0.830510	1.390877	0.241480	-0.558503	-0.512713	-0.246216	11.556864
-2.657284	-0.261223	0.863871	0.506471	-0.587146	-0.561919	-0.241921	11.555880
2.458555	0.376918	-0.374975	0.732311	-0.617496	-0.608456	-0.237639	11.554908
-2.452214	0.293966	-0.411779	0.738718	-0.618475	-0.609889	-0.237503	11.554877
1.854034	0.208551	-0.447975	0.745073	-0.619455	-0.611319	-0.237368	11.554846
2.257910	-0.441690	-1.137325	0.911833	-0.649319	-0.653438	-0.233237	11.553914
0.640289	0.069888	-0.798408	1.025900	-0.678413	-0.692531	-0.229128	11.552993
-1.937675	0.875617	0.227822	1.120472	-0.708692	-0.732431	-0.224556	11.551972
1.845131	1.170718	1.014233	1.221126	-0.734993	-0.767878	-0.220023	11.550963
-1.735079	1.153481	1.020220	1.223230	-0.735415	-0.768466	-0.219943	11.550945
-1.843150	1.135087	1.025832	1.225350	-0.735835	-0.769052	-0.219863	11.550928
1.823609	-0.468205	0.920871	1.342941	-0.753890	-0.795599	-0.215995	11.550070
-0.836491	-1.528589	0.354715	1.473533	-0.766754	-0.818356	-0.212165	11.549221
-1.935904	-1.190762	-0.434935	1.613809	-0.773850	-0.839869	-0.207736	11.548239
2.056212	0.938256	-1.136538	1.708649	-0.770807	-0.855549	-0.203369	11.547270
2.045969	1.095817	-1.167595	1.712070	-0.770281	-0.856277	-0.203116	11.547214
-0.718440	1.253581	-1.197039	1.715214	-0.769714	-0.856985	-0.202864	11.547158
-2.186505	1.821834	-1.392906	1.726110	-0.756969	-0.864820	-0.199285	11.546362
2.294972	-1.920926	-1.129360	1.660145	-0.734944	-0.868470	-0.195758	11.545575
-2.386360	-0.085462	-0.633835	1.454546	-0.696426	-0.867456	-0.191635	11.544650
2.395833	1.777138	-0.143780	1.079502	-0.644503	-0.860736	-0.187591	11.543737
-2.393630	2.017009	-0.124160	1.058604	-0.641912	-0.860312	-0.187415	11.543698
2.391171	2.257360	-0.104770	1.037296	-0.639293	-0.859876	-0.187239	11.543658
-2.296300	1.616792	0.265428	0.539536	-0.582540	-0.849135	-0.183809	11.542879
2.134097	-2.533164	0.770447	-0.090805	-0.515741	-0.834306	-0.180433	11.542110
-1.905455	0.501015	1.621620	-0.888995	-0.426141	-0.812211	-0.176598	11.541233
1.681523	2.802231	2.290599	-1.595555	-0.323136	-0.784900	-0.172824	11.540368
-0.354973	2.808505	2.306441	-1.622074	-0.318213	-0.783558	-0.172657	11.540330
-1.663462	2.805882	2.320654	-1.648053	-0.313261	-0.782205	-0.172489	11.540291
1.513542	1.364863	2.280001	-2.039401	-0.211860	-0.753956	-0.169262	11.539551
-1.412051	-1.317499	1.688959	-2.209592	-0.100325	-0.721953	-0.166073	11.538819
1.355958	-3.198454	0.398176	-2.112176	0.041321	-0.679808	-0.162383	11.537974
-0.795568	1.291208	-1.260021	-1.669811	0.185596	-0.632756	-0.158737	11.537142
-1.365288	1.399947	-1.297802	-1.654486	0.189051	-0.631549	-0.158648	11.537122
0.222064	1.505224	-1.335230	-1.638940	0.192501	-0.630339	-0.158560	11.537101
1.421357	3.407594	-2.301741	-0.945950	0.309424	-0.585881	-0.155458	11.536396
-0.746778	2.970468	-2.228348	-0.003432	0.412375	-0.537986	-0.152380	11.535700
-1.642849	-0.170155	-0.907705	1.122697	0.504215	-0.478752	-0.148866	11.534911
1.793503	-2.928009	0.834362	1.933840	0.557197	-0.415203	-0.145374	11.534134
-1.938008	2.404737	1.656495	2.072582	0.561809	-0.351587	-0.142105	11.533413
2.071354	1.829633	0.418413	1.407877	0.516427	-0.284425	-0.138846	11.532703
-2.077315	1.329807	0.328397	1.359235	0.513034	-0.281075	-0.138688	11.532669
-1.316792	0.829424	0.237740	1.309441	0.509540	-0.277717	-0.138530	11.532635
2.185415	-1.204223	-1.263733	0.163481	0.421605	-0.210125	-0.135411	11.531965
-2.254058	0.964049	-0.984649	-1.029775	0.303512	-0.140391	-0.132294	11.531305
-1.163881	0.927058	-0.903678	-1.083908	0.296864	-0.136800	-0.132136	11.531272
-0.418199	0.868140	-0.816309	-1.136997	0.290158	-0.133204	-0.131977	11.531239
2.278676	-0.998435	1.023142	-1.827982	0.155834	-0.065175	-0.128999	11.530619
-2.247467	1.061312	0.821418	-1.719093	0.011139	0.003489	-0.126016	11.530007
2.133094	-0.924852	-1.014245	-0.876653	-0.155579	0.082718	-0.122562	11.529313
-0.301609	0.078484	-0.623876	0.234252	-0.306594	0.161039	-0.119091	11.528630
-1.904777	0.371974	-0.555990	0.281750	-0.312568	0.164417	-0.118939	11.528601
1.892519	0.647957	-0.485266	0.328848	-0.318475	0.167789	-0.118787	11.528571
-1.605434	-0.651267	1.022293	1.139353	-0.421527	0.234286	-0.115748	11.527988
1.262534	1.011903	1.266136	1.510829	-0.488789	0.298708	-0.112688	11.527413
-0.845637	-1.594845	-0.085285	1.184066	-0.512482	0.369723	-0.109125	11.526760
-0.020213	-2.281877	-1.332771	0.400512	-0.484748	0.436525	-0.105526	11.526119
0.446366	-2.220136	-1.350659	0.363621	-0.482529	0.439342	-0.105368	11.526091
-0.431412	-2.134941	-1.364280	0.326854	-0.480234	0.442151	-0.105209	11.526064
-0.425458	2.424847	-0.938430	-0.352355	-0.420704	0.495685	-0.102074	11.525522
-0.192267	1.587686	0.195721	-0.897593	-0.338628	0.545706	-0.098904	11.524990
0.216935	-1.621409	1.159443	-1.270213	-0.221930	0.600115	-0.095106	11.524371
0.263050	0.519924	0.714874	-1.278483	-0.094010	0.649164	-0.091249	11.523764
-0.271385	0.828373	0.694184	-1.275164	-0.091105	0.650190	-0.091163	11.523750
0.279873	1.128339	0.673238	-1.271715	-0.088194	0.651214	-0.091076	11.523737
-0.707089	-0.977512	-0.198136	-1.053745	0.026776	0.689254	-0.087652	11.523217
1.241395	1.065904	-0.701818	-0.742575	0.140161	0.722848	-0.084175	11.522707
-1.246516	-0.609949	-0.404138	-0.382371	0.259694	0.754859	-0.080232	11.522148
-2.253414	-1.610210	0.140547	-0.013689	0.366542	0.780919	-0.076213	11.521601
2.262493	-1.488325	0.154448	-0.001875	0.369607	0.781633	-0.076086	11.521584
2.102391	-1.357433	0.167968	0.009952	0.372652	0.782341	-0.075960	11.521567
-2.401253	1.825270	0.322772	0.358968	0.450976	0.799920	-0.072329	11.521092
2.330484	-1.933734	-0.013399	0.723937	0.510737	0.812490	-0.068632	11.520627
-2.070707	1.949683	-0.243608	1.061326	0.550682	0.820410	-0.064427	11.520117
1.682937	0.632228	-0.100389	1.222837	0.557211	0.821729	-0.060128	11.519619
-1.663336	0.374148	-0.088151	1.225158	0.556624	0.821632	-0.059931	11.519597
1.085973	0.124279	-0.075637	1.227021	0.555955	0.821520	-0.059733	11.519575
1.245042	-1.400713	0.184421	1.166142	0.527316	0.816666	-0.055832	11.519143
-0.859742	-1.631123	0.325987	0.907761	0.472314	0.806918	-0.051860	11.518719
0.508752	1.501793	0.140202	0.403611	0.383410	0.790185	-0.047244	11.518246
-0.333511	0.332261	-0.230695	-0.197372	0.273534	0.767909	-0.042552	11.517784
0.330917	-0.038855	-0.248563	-0.226656	0.267743	0.766684	-0.042321	11.517761
-0.328947	-0.402501	-0.266152	-0.255797	0.261919	0.765447	-0.042089	11.517739
0.395099	-1.372535	-0.495085	-0.729987	0.154111	0.741529	-0.037950	11.517347
0.579256	1.377277	-0.448886	-1.060277	0.041082	0.714090	-0.033765	11.516964
0.222284	0.013869	0.007027	-1.189406	-0.089875	0.678390	-0.028879	11.516532
-1.204522	-1.437604	0.526522	-1.063742	-0.215246	0.638832	-0.023945	11.516110
-0.219820	-1.367730	0.544791	-1.051928	-0.221049	0.636852	-0.023708	11.516090
1.231615	-1.285428	0.562091	-1.039612	-0.226832	0.634863	-0.023471	11.516070
0.359175	0.727857	0.685008	-0.732346	-0.328250	0.597404	-0.019144	11.515714
-1.573485	1.343899	0.372708	-0.291337	-0.421083	0.557699	-0.014793	11.515365
1.633702	-1.164736	-0.412542	0.293437	-0.515957	0.508812	-0.009681	11.514968
-0.555668	0.342501	-0.814666	0.782887	-0.592876	0.457733	-0.004552	11.514583
-1.583518	0.406910	-0.816955	0.794830	-0.594995	0.456074	-0.004388	11.514571
1.580146	0.468084	-0.818567	0.806484	-0.597092	0.454414	-0.004224	11.514559
0.744815	0.622025	-0.614922	1.015610	-0.645619	0.408374	0.000256	11.514232
-1.279499	-0.372764	-0.045432	1.025259	-0.676025	0.361367	0.004738	11.513914
-0.625280	-0.233724	0.617184	0.827293	-0.688994	0.308582	0.009693	11.513573
-0.610539	0.064426	0.965332	0.447637	-0.682459	0.255407	0.014635	11.513241
0.915708	-0.000843	0.968310	0.421691	-0.681539	0.252331	0.014920	11.513222
-0.909109	-0.063180	0.968723	0.395436	-0.680562	0.249256	0.015205	11.513204
-0.359836	0.017306	0.658440	-0.022568	-0.659320	0.202858	0.019493	11.512924
0.839026	0.238269	-0.113698	-0.420978	-0.626958	0.156577	0.023759	11.512653
-0.889867	-0.407219	-1.005246	-0.746093	-0.576750	0.102432	0.028745	11.512344
0.689598	0.569269	-0.510764	-0.816543	-0.515785	0.048756	0.033687	11.512045
0.990754	0.558784	-0.446583	-0.813333	-0.512033	0.045711	0.033968	11.512029
-1.086740	0.530183	-0.379896	-0.809430	-0.508254	0.042666	0.034248	11.512012
-1.099133	-0.726437	0.622194	-0.680109	-0.449399	-0.002148	0.038375	11.511769
-0.017264	-0.369127	0.962186	-0.447974	-0.385737	-0.046458	0.042459	11.511535
1.433923	1.075188	0.562567	-0.104510	-0.305821	-0.097965	0.047213	11.511268
1.444968	0.743152	-0.217386	0.240897	-0.222178	-0.148555	0.051892	11.511011
-1.084547	0.660689	-0.255528	0.256234	-0.218084	-0.150966	0.052115	11.510999
-1.454269	0.572388	-0.293254	0.271375	-0.213988	-0.153372	0.052338	11.510987
0.272250	-1.354093	-0.838122	0.502322	-0.139719	-0.196229	0.056313	11.510775
1.581593	-1.683099	-0.900312	0.624853	-0.065011	-0.238225	0.060220	11.510571
-1.631126	1.383614	-0.186215	0.612838	0.020391	-0.285510	0.064636	11.510345
-1.074616	2.061942	0.698881	0.485960	0.103665	-0.331431	0.068947	11.510130
-0.422992	1.984937	0.728120	0.478667	0.107317	-0.333444	0.069137	11.510120
1.676314	1.897911	0.755915	0.471282	0.110963	-0.335454	0.069326	11.510111
-1.710737	-0.828133	1.003882	0.317951	0.180492	-0.373811	0.072950	11.509934
1.746466	-2.294041	0.685831	0.167102	0.247699	-0.410980	0.076484	11.509766
-0.142772	-0.640362	-0.269563	0.004404	0.322884	-0.452777	0.080489	11.509578
-1.803165	1.840064	-1.217692	-0.141826	0.394119	-0.492730	0.084356	11.509402
-1.838377	1.909169	-1.247058	-0.147830	0.397147	-0.494439	0.084522	11.509394
1.840416	1.972674	-1.274877	-0.153803	0.400168	-0.496144	0.084689	11.509387
-0.326103	2.316990	-1.404631	-0.264512	0.458245	-0.529152	0.087922	11.509243
-1.901484	0.986163	-0.586270	-0.356856	0.512709	-0.560586	0.091040	11.509106
1.890450	-2.052695	0.850956	-0.419778	0.570103	-0.594442	0.094448	11.508961
-1.818771	-0.396821	1.795228	-0.411355	0.622141	-0.626024	0.097690	11.508825
1.814090	0.143977	1.806994	-0.409023	0.624229	-0.627310	0.097823	11.508820
0.308602	0.679911	1.815696	-0.406512	0.626308	-0.628591	0.097956	11.508814
-1.056197	1.611296	1.178815	-0.311354	0.666630	-0.653722	0.100597	11.508707
-1.545498	-1.419116	-0.902147	-0.111778	0.703139	-0.676993	0.103102	11.508607
1.407865	1.255400	-2.154928	0.284731	0.740330	-0.701317	0.105803	11.508502
-1.350768	-0.908002	-0.237033	0.882452	0.772461	-0.722977	0.108311	11.508406
-1.129734	-1.043556	-0.115304	0.914063	0.773821	-0.723910	0.108422	11.508402
1.351433	-1.165007	0.005782	0.945946	0.775169	-0.724837	0.108533	11.508398
0.651542	-0.539180	1.933596	1.596376	0.798722	-0.741296	0.110547	11.508324
-1.539101	1.072050	2.405482	2.295099	0.818365	-0.755540	0.112401	11.508257
1.736820	-0.944122	0.583168	3.090956	0.836117	-0.769091	0.114330	11.508190
-0.112169	-0.697584	-1.530896	3.811767	0.848654	-0.779489	0.116032	11.508133
-1.947607	-0.614002	-1.602606	3.840067	0.849077	-0.779864	0.116100	11.508131
1.955601	-0.526544	-1.672099	3.868119	0.849489	-0.780233	0.116168	11.508128
-2.098284	0.554977	-2.554441	4.370525	0.855764	-0.786394	0.117444	11.508088
2.202816	-0.413575	-2.530944	4.724715	0.858059	-0.790000	0.118536	11.508055
-2.272455	0.079979	-2.356375	4.943591	0.856149	-0.791070	0.119509	11.508027
-1.345498	0.782193	-2.243729	5.000718	0.849807	-0.789244	0.120252	11.508009
