-89.667444	89.778698	1.407513	-0.226412	-1.910550	0.595195	-0.041122	-0.970796	11.925507
-6.616242	4.814108	1.288684	-0.326222	-1.840971	0.620629	-0.043121	-0.965100	11.924319
-0.271847	1.591880	1.275736	-0.327604	-1.837772	0.621120	-0.043160	-0.964967	11.924296
1.512565	-1.258639	1.262275	-0.328963	-1.834499	0.621610	-0.043199	-0.964833	11.924272
-1.333704	-2.946450	1.245556	-0.330550	-1.830502	0.622194	-0.043245	-0.964673	11.924244
1.152089	-0.870264	1.228073	-0.332103	-1.826397	0.622778	-0.043291	-0.964511	11.924215
-0.969642	2.104258	1.209623	-0.333632	-1.822152	0.623366	-0.043337	-0.964346	11.924187
0.791915	2.871683	1.190318	-0.335121	-1.817803	0.623954	-0.043384	-0.964181	11.924158
0.800321	0.875759	0.838091	-0.351391	-1.745317	0.632210	-0.044037	-0.961707	11.923750
0.876600	-1.991900	0.421496	-0.356114	-1.653995	0.640334	-0.044681	-0.958995	11.923338
0.883749	0.802540	-0.336102	-0.262645	-1.307279	0.663130	-0.046477	-0.949730	11.922110
0.894692	-0.518385	-0.353981	0.032732	-0.902664	0.684248	-0.048079	-0.938494	11.920843
-0.844276	-0.099771	-0.372028	0.042718	-0.891505	0.684799	-0.048120	-0.938158	11.920808
-0.963880	0.256961	-0.391771	0.052741	-0.880370	0.685349	-0.048160	-0.937822	11.920773
0.993456	0.453022	-0.410773	0.061789	-0.870362	0.685842	-0.048195	-0.937517	11.920741
-1.022079	0.553901	-0.430737	0.070852	-0.860364	0.686335	-0.048231	-0.937212	11.920709
-0.413812	0.360163	-0.781962	0.202395	-0.707572	0.693841	-0.048762	-0.932297	11.920210
1.645625	-0.063158	-0.976643	0.281127	-0.563640	0.701008	-0.049242	-0.927102	11.919706
-1.074482	-1.453110	-0.501929	0.266232	-0.398561	0.709665	-0.049772	-0.920040	11.919051
-2.234384	0.576865	0.858291	0.156753	-0.259949	0.717677	-0.050192	-0.912536	11.918386
-0.951255	0.791479	0.916441	0.150443	-0.254378	0.718021	-0.050208	-0.912189	11.918356
2.249477	1.005238	0.972813	0.144045	-0.248861	0.718364	-0.050224	-0.911840	11.918326
-2.327007	1.800772	1.429208	0.008625	-0.152412	0.724790	-0.050481	-0.904840	11.917733
2.322040	-1.770715	0.153979	-0.118867	-0.079035	0.730642	-0.050630	-0.897511	11.917132
-2.261028	1.719384	-1.742122	-0.190044	-0.024764	0.736608	-0.050654	-0.888701	11.916434
2.178763	-1.748639	-1.252950	-0.131672	-0.002055	0.741723	-0.050503	-0.879481	11.915726
-2.175361	-1.543616	-1.178769	-0.126781	-0.001647	0.741932	-0.050492	-0.879059	11.915694
2.172019	-1.306972	-1.101394	-0.121758	-0.001283	0.742138	-0.050480	-0.878635	11.915662
-1.206798	1.554883	0.728483	-0.010015	-0.001489	0.745774	-0.050180	-0.870280	11.915039
-2.072987	1.872333	2.132636	0.089543	-0.010421	0.748673	-0.049722	-0.861633	11.914409
-0.163857	1.078231	1.811900	0.131769	-0.021802	0.750936	-0.048984	-0.851297	11.913673
1.954282	-0.417189	0.132095	0.103579	-0.025362	0.751745	-0.048005	-0.840594	11.912928
0.182412	-0.471828	0.045630	0.101171	-0.025308	0.751742	-0.047956	-0.840109	11.912894
-1.947002	-0.527824	-0.040906	0.098689	-0.025236	0.751736	-0.047906	-0.839622	11.912861
1.861110	-1.677962	-1.577035	0.040096	-0.020549	0.750876	-0.046828	-0.830033	11.912206
-1.740794	-0.255572	-2.344720	-0.023113	-0.010177	0.748525	-0.045545	-0.820186	11.911544
1.541110	1.510356	-1.618858	-0.078916	0.008328	0.743624	-0.043751	-0.808196	11.910751
-0.186719	-1.582150	0.804121	-0.104776	0.031794	0.736222	-0.041659	-0.795868	11.909947
-1.256690	-1.545134	0.878972	-0.105024	0.032569	0.735948	-0.041588	-0.795477	11.909922
1.246682	-1.489924	0.952555	-0.105237	0.033346	0.735671	-0.041518	-0.795086	11.909897
1.217761	1.737305	2.267821	-0.095977	0.054685	0.727019	-0.039473	-0.784235	11.909199
-0.669813	-1.818725	1.906849	-0.057772	0.074726	0.716235	-0.037220	-0.773154	11.908494
0.461375	0.588165	0.681186	0.005182	0.093013	0.701592	-0.034482	-0.760577	11.907701
0.395326	1.362391	-0.580444	0.071122	0.104417	0.683991	-0.031516	-0.747738	11.906899
-0.468801	1.202023	-0.635766	0.073725	0.104710	0.683167	-0.031385	-0.747181	11.906865
0.475639	1.028479	-0.691272	0.076296	0.104985	0.682337	-0.031252	-0.746624	11.906830
-0.728053	-0.877234	-1.690803	0.119622	0.106257	0.664045	-0.028454	-0.735091	11.906116
1.131456	0.464412	-1.901170	0.135953	0.097750	0.643410	-0.025509	-0.723371	11.905394
-1.667425	-0.258898	-1.071368	0.109901	0.073789	0.616618	-0.021913	-0.709489	11.904545
2.133955	0.432130	-0.186252	0.047270	0.037328	0.586957	-0.018159	-0.695376	11.903686
1.177737	0.399807	-0.149392	0.043971	0.035506	0.585592	-0.017991	-0.694753	11.903648
-2.166738	0.362233	-0.112506	0.040638	0.033668	0.584222	-0.017823	-0.694130	11.903610
2.405539	-0.369499	0.597888	-0.029948	-0.005412	0.555994	-0.014460	-0.681744	11.902859
-2.510526	-1.184248	1.192746	-0.101779	-0.047997	0.525354	-0.011010	-0.669203	11.902101
-0.072652	1.427177	1.429697	-0.171138	-0.097958	0.486686	-0.006941	-0.654550	11.901217
0.414157	-0.650464	0.620362	-0.212822	-0.144823	0.444106	-0.002798	-0.639714	11.900323
2.417898	-1.042355	0.568577	-0.214006	-0.146743	0.442143	-0.002615	-0.639059	11.900284
-2.413054	-1.420515	0.516121	-0.215138	-0.148648	0.440172	-0.002432	-0.638404	11.900244
2.307717	-1.191180	-0.532312	-0.227720	-0.183058	0.399171	0.001232	-0.625303	11.899456
-1.916631	1.221097	-1.183382	-0.223474	-0.208963	0.354640	0.004920	-0.612079	11.898660
-2.052652	1.154676	-1.069701	-0.201518	-0.225264	0.299606	0.009126	-0.596906	11.897746
-0.592501	-1.262134	-0.109973	-0.162722	-0.226166	0.240060	0.013323	-0.581597	11.896822
-0.192347	-1.348771	-0.064962	-0.160647	-0.225864	0.237378	0.013505	-0.580930	11.896782
0.681032	-1.429286	-0.020645	-0.158540	-0.225536	0.234689	0.013687	-0.580262	11.896742
1.799966	-1.611910	0.694448	-0.106328	-0.212551	0.176523	0.017491	-0.566172	11.895890
0.268698	0.377293	0.906680	-0.038215	-0.188898	0.115563	0.021254	-0.551988	11.895030
-1.648803	2.211981	0.554422	0.051618	-0.153550	0.048219	0.025195	-0.536801	11.894106
-1.356423	-0.137940	-0.235842	0.153710	-0.109334	-0.021047	0.029053	-0.521529	11.893173
1.624995	-0.559989	-0.289025	0.160978	-0.106020	-0.025850	0.029314	-0.520479	11.893109
-1.625231	-0.975339	-0.340506	0.168270	-0.102673	-0.030658	0.029574	-0.519429	11.893044
1.646194	-2.400095	-0.724922	0.262298	-0.057248	-0.092451	0.032852	-0.505997	11.892220
1.243233	0.332349	-0.395609	0.352853	-0.007611	-0.154705	0.036035	-0.492517	11.891388
-1.770112	1.819408	0.322823	0.435052	0.054677	-0.227984	0.039654	-0.476559	11.890398
1.853921	-1.228653	0.544474	0.464549	0.119012	-0.300154	0.043102	-0.460554	11.889398
1.201759	-1.285240	0.534983	0.464204	0.121885	-0.303321	0.043251	-0.459842	11.889353
-1.861232	-1.322491	0.523605	0.463700	0.124760	-0.306485	0.043400	-0.459130	11.889308
1.932594	0.299014	0.045016	0.422904	0.180739	-0.367620	0.046240	-0.445129	11.888427
-0.646041	0.798551	-0.423440	0.327004	0.234341	-0.426463	0.048918	-0.431112	11.887538
-0.935660	-0.552582	-0.416923	0.156701	0.289647	-0.490296	0.051773	-0.415025	11.886509
-2.311432	-0.883352	-0.048634	-0.064464	0.334614	-0.549298	0.054378	-0.398936	11.885471
0.133252	-0.822363	-0.030793	-0.074746	0.336273	-0.551736	0.054485	-0.398238	11.885425
2.329833	-0.752437	-0.013095	-0.085057	0.337905	-0.554164	0.054591	-0.397539	11.885380
-2.537500	1.078891	0.243584	-0.293028	0.364483	-0.600462	0.056614	-0.383554	11.884468
1.685654	-0.240145	0.179002	-0.486280	0.378084	-0.642305	0.058415	-0.369586	11.883549
2.988949	-1.466749	-0.058996	-0.655183	0.374816	-0.684616	0.060196	-0.353540	11.882481
-1.177152	1.574586	-0.133244	-0.726595	0.347870	-0.720059	0.061643	-0.337540	11.881404
-3.140195	1.623297	-0.130840	-0.726848	0.345951	-0.721552	0.061703	-0.336786	11.881353
-0.054477	1.648862	-0.127895	-0.726786	0.343972	-0.723027	0.061761	-0.336032	11.881302
2.332492	-0.259187	-0.007860	-0.670602	0.297415	-0.747045	0.062700	-0.322208	11.880359
3.076746	-1.929061	0.111401	-0.514161	0.233666	-0.764918	0.063356	-0.308435	11.879409
-2.389570	0.379016	-0.078412	0.143243	0.037057	-0.780241	0.063712	-0.276182	11.877138
-2.227940	2.432358	-0.157644	0.805052	-0.182653	-0.753322	0.062330	-0.244357	11.874825
0.958958	1.982447	-0.149542	0.815484	-0.187282	-0.752231	0.062282	-0.243673	11.874774
-0.920883	1.572495	-0.140882	0.825677	-0.191901	-0.751117	0.062232	-0.242989	11.874724
0.879715	1.429819	-0.130951	0.836414	-0.196873	-0.749889	0.062178	-0.242250	11.874669
-0.839083	1.215928	-0.120475	0.846869	-0.201829	-0.748634	0.062123	-0.241511	11.874615
-0.592975	0.473169	-0.109611	0.856948	-0.206719	-0.747365	0.062068	-0.240780	11.874560
0.761739	-0.540664	-0.098312	0.866755	-0.211590	-0.746070	0.062012	-0.240049	11.874506
0.741289	-2.334902	0.084618	0.980557	-0.280327	-0.724119	0.061090	-0.229387	11.873710
-0.054085	2.154371	0.183250	1.043876	-0.342943	-0.696396	0.059987	-0.218785	11.872910
-0.343242	0.475728	-0.011921	1.065712	-0.415834	-0.648179	0.058171	-0.204230	11.871795
-0.437900	-1.257529	-0.218779	1.047661	-0.468789	-0.588073	0.056029	-0.189794	11.870672
-0.612638	-0.442556	-0.034889	1.002998	-0.498363	-0.511541	0.053422	-0.174672	11.869475
0.834190	0.459167	0.316202	0.834330	-0.496724	-0.422094	0.050476	-0.159690	11.868267
-0.836758	0.332248	0.321741	0.829175	-0.496385	-0.420301	0.050418	-0.159409	11.868244
-0.113278	0.204607	0.327183	0.823933	-0.496036	-0.418504	0.050359	-0.159129	11.868222
0.184649	-0.449619	0.302308	0.484380	-0.468063	-0.333010	0.047567	-0.146419	11.867179
0.818291	0.663711	-0.466275	-0.047343	-0.416459	-0.241426	0.044545	-0.133816	11.866130
-0.687542	-1.011980	-0.753957	-0.736960	-0.327456	-0.130366	0.040782	-0.119408	11.864909
0.576804	1.294953	0.622190	-1.260993	-0.206797	-0.016008	0.036737	-0.105149	11.863679
-0.573852	0.949580	0.684765	-1.274894	-0.200894	-0.011054	0.036557	-0.104539	11.863626
0.571105	0.583376	0.745412	-1.287856	-0.194929	-0.006095	0.036376	-0.103929	11.863572
0.498891	-1.472087	1.330693	-1.300762	-0.063571	0.093976	0.032620	-0.091665	11.862494
-0.625896	-0.485242	0.331845	-0.773511	0.081073	0.192731	0.028669	-0.079518	11.861407
0.788571	0.580013	-1.581265	0.170017	0.248376	0.302638	0.023888	-0.065676	11.860147
-1.031025	1.804489	-2.425437	0.989653	0.398281	0.405963	0.018873	-0.051994	11.858877
1.042823	1.832919	-2.409397	1.015364	0.403948	0.410146	0.018656	-0.051419	11.858823
-1.054746	1.839705	-2.387989	1.040157	0.409552	0.414315	0.018439	-0.050845	11.858769
1.319901	-1.979029	-0.954022	1.344522	0.506952	0.495348	0.013923	-0.039197	11.857665
0.492054	-1.738492	1.480187	1.276101	0.565157	0.567752	0.009252	-0.027673	11.856554
-1.975759	2.360043	3.286109	0.741609	0.577611	0.638755	0.003649	-0.014460	11.855255
1.400982	-1.277431	2.064333	-0.186671	0.534061	0.693616	-0.002139	-0.001420	11.853947
2.342903	-1.948633	1.956038	-0.228590	0.531030	0.695572	-0.002389	-0.000870	11.853891
-2.357284	-2.599198	1.844370	-0.270346	0.527905	0.697498	-0.002639	-0.000319	11.853835
2.641953	-1.391269	-1.025557	-1.044414	0.439153	0.731232	-0.008057	0.011354	11.852637
-2.856588	2.910065	-3.404517	-1.312637	0.309558	0.751113	-0.013605	0.022879	11.851432
2.963498	-1.989682	-2.806219	-0.746949	0.128912	0.757407	-0.019758	0.035204	11.850115
2.829640	-2.753705	0.403364	0.258590	-0.072105	0.748236	-0.026032	0.047349	11.848789
-2.885718	-2.524005	0.484673	0.282598	-0.076923	0.747832	-0.026183	0.047636	11.848757
2.881236	-2.286947	0.565413	0.306486	-0.081738	0.747421	-0.026333	0.047922	11.848725
-2.636940	2.375844	2.569616	1.021430	-0.252855	0.726518	-0.031857	0.058342	11.847562
2.276720	-1.898238	1.539427	1.231013	-0.402354	0.694442	-0.037388	0.068617	11.846391
-1.791352	1.452946	-1.065919	0.898618	-0.530404	0.643462	-0.043771	0.080373	11.845021
-0.453316	-0.680289	-1.192047	0.158484	-0.602661	0.578127	-0.050042	0.091924	11.843641
1.298604	-0.998831	-1.134353	0.109692	-0.604972	0.574064	-0.050388	0.092563	11.843563
-1.275089	-1.303740	-1.072724	0.060439	-0.607098	0.569957	-0.050733	0.093201	11.843486
0.959114	-1.547794	0.021734	-0.676226	-0.615747	0.501206	-0.055972	0.102953	11.842289
-0.736003	1.903610	0.417272	-1.115423	-0.577608	0.422588	-0.061033	0.112546	11.841085
0.627871	-2.199695	-0.147470	-1.046202	-0.476170	0.320909	-0.066625	0.123464	11.839679
0.630803	0.030952	-0.115747	-0.721259	-0.327647	0.210985	-0.071857	0.134156	11.838264
-0.636066	1.026738	-0.105623	-0.702370	-0.319820	0.205681	-0.072092	0.134652	11.838197
0.641715	1.991113	-0.095904	-0.683156	-0.311931	0.200367	-0.072327	0.135147	11.838130
-0.812317	0.851970	-0.008842	-0.270250	-0.157424	0.100898	-0.076478	0.144197	11.836896
1.094481	-0.868141	-0.044700	0.230220	0.006192	0.000199	-0.080265	0.153069	11.835654
-1.529283	0.484250	0.030524	0.752386	0.193125	-0.115895	-0.084170	0.163193	11.834197
2.027826	-0.701081	0.303528	0.920797	0.358385	-0.227225	-0.087462	0.173073	11.832729
0.755054	-0.613787	0.295720	0.915399	0.364634	-0.231785	-0.087587	0.173486	11.832666
0.426052	-0.508891	0.285176	0.908839	0.370810	-0.236330	-0.087711	0.173899	11.832604
-2.494439	1.337933	-0.259667	0.586667	0.480410	-0.324840	-0.089954	0.182176	11.831333
2.838202	-1.942737	-0.535912	0.123063	0.559634	-0.404858	-0.091655	0.190272	11.830055
-2.984457	2.373218	0.295244	-0.258552	0.612620	-0.484185	-0.092896	0.199414	11.828567
2.610517	-0.278998	0.692221	-0.442208	0.624379	-0.547422	-0.093298	0.208310	11.827068
-2.577753	-0.944516	0.688413	-0.446333	0.623984	-0.549785	-0.093295	0.208689	11.827003
-0.239251	-1.595666	0.682860	-0.450174	0.623516	-0.552118	-0.093291	0.209067	11.826938
1.517965	-2.627627	0.173824	-0.485246	0.597149	-0.594191	-0.092804	0.216921	11.825565
-0.145264	2.819730	-0.756586	-0.508431	0.540823	-0.623380	-0.091523	0.224571	11.824185
0.448159	-2.217382	-0.430756	-0.713743	0.319046	-0.645314	-0.085592	0.240912	11.821075
0.547553	-3.418848	0.765365	-0.538371	-0.005045	-0.613217	-0.075247	0.256294	11.817923
-0.650565	-2.468081	0.769066	-0.529977	-0.010374	-0.612350	-0.075059	0.256519	11.817875
-0.424783	-1.863512	0.771952	-0.521389	-0.015705	-0.611473	-0.074871	0.256744	11.817827
0.919567	-1.183411	0.774618	-0.507678	-0.023976	-0.610092	-0.074577	0.257092	11.817753
-1.083784	0.093795	0.774801	-0.493466	-0.032264	-0.608684	-0.074281	0.257439	11.817679
1.209879	1.744745	0.773019	-0.482062	-0.038724	-0.607569	-0.074049	0.257710	11.817621
-2.972107	3.290668	0.769396	-0.470380	-0.045185	-0.606440	-0.073816	0.257980	11.817563
-3.201664	1.553533	0.413283	-0.215017	-0.163800	-0.582913	-0.069312	0.262890	11.816497
4.314629	-2.185395	-0.230208	0.079162	-0.278147	-0.554305	-0.064413	0.267701	11.815426
-4.764883	1.512255	-0.764142	0.451835	-0.420801	-0.505921	-0.056914	0.274298	11.813912
4.244565	-1.235959	-0.010429	0.654374	-0.528087	-0.448543	-0.048771	0.280706	11.812389
-3.148174	0.636516	0.742448	0.612710	-0.589064	-0.379622	-0.039642	0.287217	11.810785
0.293949	1.612151	0.737768	0.306269	-0.598031	-0.302961	-0.029985	0.293532	11.809170
2.021578	1.598814	0.712020	0.288176	-0.597268	-0.299354	-0.029539	0.293812	11.809098
-1.983923	1.576599	0.683918	0.269854	-0.596407	-0.295738	-0.029093	0.294091	11.809025
1.500846	-1.847212	-0.076194	-0.107780	-0.561200	-0.224214	-0.020343	0.299391	11.807618
-1.392813	-0.625089	-0.605563	-0.456732	-0.491982	-0.149870	-0.011330	0.304552	11.806203
0.117326	1.979195	-0.652313	-0.676115	-0.373594	-0.062345	-0.000672	0.310345	11.804560
1.812322	1.122706	-0.162303	-0.581497	-0.223312	0.024908	0.010168	0.315963	11.802906
-0.609119	0.975089	-0.131196	-0.569770	-0.215299	0.029177	0.010707	0.316237	11.802824
-1.834349	0.827286	-0.099919	-0.557505	-0.207243	0.033439	0.011246	0.316510	11.802742
1.969229	-0.768771	0.407439	-0.273112	-0.061342	0.106798	0.020712	0.321224	11.801302
-0.058499	-1.793009	0.600714	0.080771	0.087021	0.176773	0.030180	0.325815	11.799853
-1.767023	1.685025	-0.641303	0.747367	0.393875	0.322002	0.052473	0.336318	11.796360
-1.446240	-0.578291	-0.759638	0.496643	0.544736	0.420721	0.073640	0.346195	11.792823
1.223075	-0.992355	-0.726866	0.480017	0.545638	0.421848	0.073974	0.346352	11.792764
-1.212978	-1.328445	-0.692590	0.462927	0.546488	0.422957	0.074308	0.346509	11.792706
-0.175946	-1.428078	-0.657759	0.445850	0.547264	0.424021	0.074632	0.346662	11.792649
1.193288	-1.262443	-0.621558	0.428386	0.547991	0.425066	0.074956	0.346815	11.792592
0.890261	-0.631120	-0.568681	0.403289	0.548926	0.426501	0.075408	0.347029	11.792512
-1.165793	0.195931	-0.513449	0.377467	0.549766	0.427902	0.075860	0.347242	11.792432
-1.155254	1.235307	0.399029	-0.055941	0.551435	0.444546	0.082418	0.350369	11.791247
0.080602	-1.081647	0.944402	-0.477339	0.534255	0.453252	0.088725	0.353434	11.790058
0.346270	0.374498	0.331851	-0.823956	0.479085	0.452740	0.097250	0.357716	11.788348
0.447270	1.166061	-1.064829	-0.825430	0.390141	0.438571	0.105123	0.361882	11.786628
0.341285	0.310128	-1.383194	-0.488283	0.272557	0.412785	0.112234	0.365900	11.784915
-0.484276	-0.993464	-0.171671	0.113964	0.136436	0.376997	0.118625	0.369816	11.783191
0.491223	-1.610342	-0.073929	0.144721	0.129588	0.375038	0.118916	0.370003	11.783108
-0.498487	-2.179507	0.026688	0.175310	0.122723	0.373059	0.119205	0.370191	11.783024
0.679066	2.645072	1.608910	0.648107	-0.003229	0.333721	0.124168	0.373569	11.781488
-0.925786	-1.028065	1.117547	0.832392	-0.124197	0.289165	0.128510	0.376875	11.779945
1.512804	-3.092047	-0.670871	0.739042	-0.244073	0.234773	0.132588	0.380480	11.778216
1.748976	-0.068512	-1.702952	0.459462	-0.344196	0.176978	0.135828	0.384005	11.776477
1.861957	2.552309	-1.541268	0.095594	-0.424485	0.114972	0.138271	0.387593	11.774657
0.116207	1.740959	-0.288540	-0.283347	-0.477370	0.052878	0.139730	0.391104	11.772826
-2.097336	1.635759	-0.224098	-0.298769	-0.478978	0.050241	0.139770	0.391253	11.772748
-0.955457	1.525786	-0.159530	-0.314072	-0.480532	0.047606	0.139808	0.391402	11.772669
2.212793	-0.802083	1.014208	-0.583399	-0.499441	-0.004545	0.140168	0.394376	11.771077
-2.167719	-1.192463	1.434648	-0.738055	-0.493358	-0.054129	0.139737	0.397299	11.769478
-2.177987	0.149388	0.465811	-0.728670	-0.453081	-0.107450	0.138218	0.400630	11.767608
-1.900608	1.013104	-0.836437	-0.591169	-0.380192	-0.155416	0.135579	0.403878	11.765727
2.023330	0.948458	-0.874982	-0.583998	-0.376440	-0.157344	0.135440	0.404015	11.765646
-1.821180	0.870811	-0.911168	-0.576787	-0.372640	-0.159263	0.135300	0.404153	11.765565
-1.839916	-1.262837	-1.098651	-0.437665	-0.287930	-0.195235	0.132036	0.406863	11.763943
-0.761310	0.320520	-0.332899	-0.338725	-0.189992	-0.226406	0.127908	0.409503	11.762312
1.467927	1.904612	0.718074	-0.266418	-0.065480	-0.256237	0.121966	0.412496	11.760397
-1.372193	-1.853773	0.820035	-0.212153	0.062290	-0.278384	0.114791	0.415383	11.758472
1.370988	-1.954685	0.803903	-0.209777	0.067734	-0.279155	0.114455	0.415504	11.758389
1.342662	-2.035370	0.786461	-0.207380	0.073168	-0.279910	0.114116	0.415626	11.758306
0.112551	-0.648233	0.251385	-0.155654	0.178411	-0.291668	0.106885	0.417998	11.756649
-1.517403	1.785312	-0.335116	-0.097186	0.274706	-0.296937	0.098712	0.420283	11.754985
1.715767	1.090183	-0.642553	-0.021647	0.369713	-0.294328	0.087886	0.422853	11.753019
-1.936717	-0.446486	-0.628171	0.058087	0.437316	-0.281689	0.075793	0.425290	11.751043
-1.163882	-0.512394	-0.623364	0.061796	0.439667	-0.280846	0.075199	0.425401	11.750951
-0.870842	-0.577341	-0.618365	0.065497	0.441941	-0.279981	0.074604	0.425511	11.750858
2.117891	-1.133459	-0.519491	0.131093	0.468793	-0.259917	0.063228	0.427481	11.749152
0.632652	0.222779	-0.458737	0.188255	0.463755	-0.231851	0.051138	0.429342	11.747439
-2.189484	1.088870	-0.322091	0.236607	0.412366	-0.189905	0.036455	0.431345	11.745456
1.964453	-1.069695	0.005305	0.255292	0.310174	-0.139826	0.021118	0.433192	11.743464
-1.956682	-1.104375	0.013830	0.255203	0.307385	-0.138638	0.020771	0.433231	11.743420
0.222477	-1.135803	0.022368	0.255088	0.304576	-0.137447	0.020422	0.433270	11.743375
0.661269	-0.441173	0.322670	0.226146	0.182133	-0.089359	0.006712	0.434731	11.741642
1.082980	1.052906	0.395011	0.136787	0.042493	-0.038958	-0.007262	0.436064	11.739903
0.928251	0.055048	0.044164	-0.031437	-0.122626	0.019542	-0.023499	0.437430	11.737899
-0.220676	-0.621957	-0.283844	-0.158754	-0.274465	0.076221	-0.039792	0.438614	11.735887
0.212280	-0.565577	-0.287526	-0.161264	-0.280561	0.078641	-0.040510	0.438662	11.735798
-0.204547	-0.498835	-0.289936	-0.163416	-0.286597	0.081054	-0.041229	0.438710	11.735708
0.174342	0.439175	-0.121452	-0.139113	-0.390884	0.126932	-0.055480	0.439581	11.733930
-0.318609	-0.411777	0.196178	-0.029339	-0.457176	0.167430	-0.069537	0.440301	11.732147
0.576846	0.560285	0.099932	0.113055	-0.476189	0.204407	-0.084950	0.440923	11.730139
-0.815330	0.887770	-0.132598	0.154576	-0.427413	0.231042	-0.099834	0.441341	11.728126
0.823721	0.806761	-0.136526	0.152058	-0.423437	0.232011	-0.100499	0.441355	11.728034
-0.755075	0.711674	-0.139467	0.149066	-0.419303	0.232960	-0.101162	0.441369	11.727942
-0.933251	-1.228817	-0.033779	0.022051	-0.313984	0.247171	-0.113609	0.441545	11.726170
0.950333	1.486179	0.184011	-0.139355	-0.175137	0.254015	-0.125425	0.441555	11.724394
-0.902109	1.214495	0.077067	-0.220572	-0.001249	0.253301	-0.138230	0.441350	11.722333
0.824184	-1.563412	-0.254467	-0.174802	0.162981	0.244024	-0.150065	0.440908	11.720269
0.305723	-1.639311	-0.268096	-0.170534	0.169471	0.243458	-0.150541	0.440884	11.720182
-0.817710	-1.708984	-0.281487	-0.166096	0.175926	0.242877	-0.151015	0.440860	11.720095
0.760423	-1.776080	-0.459557	-0.039995	0.299448	0.227897	-0.160427	0.440259	11.718297
-0.729375	0.551353	-0.345148	0.135763	0.399997	0.207558	-0.169079	0.439467	11.716497
0.741942	1.703835	0.129839	0.349846	0.480447	0.177615	-0.178222	0.438294	11.714388
-0.823705	-1.328521	0.760346	0.503934	0.511545	0.141894	-0.186290	0.436845	11.712278
0.829376	-1.450912	0.783207	0.508373	0.511624	0.140138	-0.186634	0.436772	11.712181
0.556629	-1.560762	0.804946	0.512524	0.511577	0.138373	-0.186975	0.436698	11.712084
-0.972359	-1.606443	0.998971	0.525425	0.487822	0.103159	-0.193027	0.435183	11.710242
1.131400	0.463763	0.778759	0.390145	0.425923	0.065348	-0.198232	0.433447	11.708400
-1.280394	1.495264	0.063842	0.123354	0.326074	0.022712	-0.202865	0.431332	11.706422
1.358181	-1.239971	-0.895905	-0.199545	0.201391	-0.021115	-0.206491	0.428952	11.704443
-1.359309	-1.328508	-0.937031	-0.215538	0.194826	-0.023274	-0.206643	0.428829	11.704346
0.090819	-1.397284	-0.976861	-0.231486	0.188226	-0.025434	-0.206792	0.428705	11.704250
1.330250	-0.174688	-1.432104	-0.508730	0.061027	-0.065445	-0.209110	0.426288	11.702454
-1.237092	1.249518	-1.214189	-0.723395	-0.070178	-0.104895	-0.210580	0.423649	11.700660
1.096199	-1.249465	-0.093108	-0.883978	-0.216707	-0.148769	-0.211214	0.420332	11.698592
-0.970072	0.232433	1.097675	-0.954548	-0.347229	-0.189894	-0.210708	0.416727	11.696527
0.965719	0.537374	1.138947	-0.955629	-0.352375	-0.191607	-0.210660	0.416564	11.696437
0.392553	0.839161	1.178890	-0.956546	-0.357467	-0.193312	-0.210609	0.416400	11.696347
-0.768864	1.433328	1.616502	-0.940061	-0.447520	-0.225733	-0.209148	0.413009	11.694551
-0.887557	-1.516960	1.230833	-0.857897	-0.513863	-0.254473	-0.206814	0.409411	11.692757
0.217139	-0.369700	0.209907	-0.694352	-0.561780	-0.282007	-0.203058	0.405031	11.690701
0.980851	1.530625	-0.837984	-0.471272	-0.583391	-0.302691	-0.198144	0.400388	11.688650
0.650862	1.528849	-0.874828	-0.460503	-0.583801	-0.303415	-0.197905	0.400182	11.688562
0.329710	1.517040	-0.910616	-0.449650	-0.584170	-0.304124	-0.197664	0.399975	11.688473
-1.069494	0.201102	-1.410658	-0.215312	-0.583445	-0.315184	-0.192347	0.395701	11.686690
1.165148	-0.531453	-1.503167	0.040805	-0.568698	-0.320113	-0.186144	0.391239	11.684911
1.141236	-0.713229	-1.153014	0.340975	-0.536911	-0.318645	-0.177938	0.385886	11.682874
1.031520	-0.908791	-0.473594	0.629640	-0.491857	-0.310129	-0.168633	0.380298	11.680843
-0.213622	-0.909715	-0.439264	0.641755	-0.489623	-0.309605	-0.168201	0.380048	11.680754
-1.101157	-0.909404	-0.404713	0.653807	-0.487370	-0.309068	-0.167768	0.379798	11.680665
-1.541092	-0.760501	0.309206	0.883684	-0.437765	-0.295606	-0.158574	0.374630	11.678870
1.653375	-0.396537	0.907831	1.077949	-0.381953	-0.277512	-0.148630	0.369289	11.677080
-1.772708	0.577913	1.186203	1.239228	-0.314029	-0.252093	-0.136594	0.363072	11.675072
0.630186	-0.598619	0.846148	1.324743	-0.243372	-0.221907	-0.123745	0.356648	11.673072
1.885438	-0.638062	0.821095	1.326444	-0.240541	-0.220615	-0.123217	0.356388	11.672993
-1.889485	-0.672870	0.795284	1.328010	-0.237710	-0.219317	-0.122689	0.356128	11.672914
1.971346	-0.235948	0.112862	1.328103	-0.176968	-0.189780	-0.111017	0.350443	11.671205
-1.870063	1.387932	-0.570287	1.260070	-0.117349	-0.157569	-0.098850	0.344616	11.669504
-2.106857	1.577537	-0.943102	1.087260	-0.049193	-0.117393	-0.084196	0.337696	11.667542
0.075972	0.979744	-0.809992	0.808796	0.018100	-0.074708	-0.069013	0.330602	11.665591
0.468036	0.940782	-0.794423	0.793855	0.021130	-0.072722	-0.068313	0.330277	11.665503
0.741244	0.900514	-0.778195	0.778740	0.024155	-0.070734	-0.067613	0.329951	11.665415
2.173913	-0.130343	-0.362471	0.456496	0.082380	-0.031526	-0.053874	0.323574	11.663713
2.076154	-1.597191	0.136249	0.102377	0.139833	0.008738	-0.039837	0.317074	11.662020
1.389361	-3.248693	0.595692	-0.289058	0.203291	0.054664	-0.023801	0.309645	11.660132
-1.761259	-2.059183	0.747649	-0.629812	0.265650	0.100872	-0.007522	0.302076	11.658257
-2.012167	3.416841	0.451915	-0.885230	0.326356	0.146441	0.008799	0.294436	11.656410
1.896962	3.120768	-0.254781	-1.030436	0.385851	0.191207	0.025226	0.286672	11.654576
-1.890452	2.513439	-0.289669	-1.034248	0.388745	0.193379	0.026035	0.286287	11.654487
-0.632193	1.885812	-0.323837	-1.037723	0.391636	0.195547	0.026845	0.285902	11.654397
1.756010	-2.738418	-0.705390	-1.035318	0.446558	0.236240	0.042313	0.278491	11.652688
-1.667066	1.974980	-0.317384	-0.898801	0.501293	0.275253	0.057753	0.270983	11.650991
0.103937	2.071328	-0.284129	-0.889325	0.503908	0.277087	0.058497	0.270618	11.650910
1.662779	2.139442	-0.250050	-0.879621	0.506519	0.278915	0.059241	0.270253	11.650828
-1.428936	0.378311	0.453130	-0.650309	0.556581	0.313793	0.073819	0.263030	11.649230
-1.727252	-1.148096	0.721127	-0.374740	0.602869	0.346330	0.088269	0.255730	11.647644
1.830938	0.866670	0.005063	-0.052061	0.648934	0.380368	0.104671	0.247244	11.645835
-0.172219	-0.801272	-0.733502	0.217452	0.684492	0.410215	0.120767	0.238672	11.644044
-1.925639	-0.838546	-0.750999	0.227620	0.685836	0.411487	0.121504	0.238273	11.643961
1.928646	-0.860563	-0.766344	0.237527	0.687150	0.412747	0.122239	0.237874	11.643879
-0.094179	0.318747	-0.707357	0.378431	0.706066	0.434472	0.135921	0.230335	11.642334
-1.958611	1.163744	-0.261136	0.444498	0.712590	0.452172	0.149262	0.222743	11.640802
1.924284	-1.365599	0.285943	0.449592	0.702027	0.467472	0.164290	0.213847	11.639039
-1.464022	-1.413026	0.676744	0.400867	0.670554	0.477276	0.178714	0.204893	11.637295
-1.868756	-1.378683	0.692972	0.397522	0.668528	0.477618	0.179395	0.204459	11.637211
-0.117471	-1.345898	0.709056	0.394101	0.666456	0.477947	0.180074	0.204025	11.637127
1.812316	-0.401219	0.935281	0.323044	0.622220	0.481880	0.191935	0.196242	11.635639
-1.752159	1.397266	0.922457	0.241367	0.565457	0.482293	0.203235	0.188428	11.634165
1.667802	-0.690482	0.481351	0.147382	0.488309	0.478843	0.215272	0.179571	11.632521
1.470179	-1.376098	-0.250468	0.062576	0.399562	0.471539	0.226543	0.170687	11.630898
-1.543898	-1.314122	-0.283003	0.059480	0.395733	0.471163	0.226986	0.170325	11.630832
1.537997	-1.244604	-0.315552	0.056422	0.391891	0.470783	0.227428	0.169963	11.630766
0.884738	0.786098	-0.942085	0.000238	0.305209	0.461128	0.236693	0.162106	11.629353
-1.219753	1.510133	-1.100657	-0.031268	0.213044	0.448927	0.245382	0.154239	11.627957
-0.387736	-0.281825	-0.370151	-0.032355	0.102728	0.432077	0.254644	0.145212	11.626379
0.836106	-1.511374	0.707045	-0.012654	-0.009381	0.412460	0.263179	0.136180	11.624824
-0.829343	-1.436778	0.746833	-0.011745	-0.014038	0.411579	0.263522	0.135800	11.624760
0.125325	-1.348353	0.785568	-0.010848	-0.018686	0.410693	0.263864	0.135420	11.624695
0.704115	1.266411	1.164765	0.002033	-0.111964	0.391373	0.270682	0.127533	11.623359
-0.393148	0.359895	0.409622	-0.002364	-0.197004	0.370404	0.276968	0.119649	11.622042
-0.582794	-0.429525	-0.873171	-0.013873	-0.287318	0.344515	0.283554	0.110589	11.620551
0.595121	0.144899	-1.195933	-0.008698	-0.373540	0.317028	0.289467	0.101542	11.619086
-0.596877	0.004306	-1.175666	-0.007788	-0.377149	0.315819	0.289706	0.101154	11.619023
0.604158	-0.138760	-1.152494	-0.006809	-0.380752	0.314606	0.289944	0.100766	11.618961
0.657494	0.173661	-0.252946	0.025795	-0.452099	0.289388	0.294532	0.092860	11.617702
-0.751607	0.652664	0.844006	0.075452	-0.517927	0.263414	0.298631	0.084968	11.616464
1.070299	-1.835198	1.222876	0.196479	-0.635638	0.201479	0.306325	0.066735	11.613676
-1.087609	2.297518	-0.626876	0.191957	-0.678402	0.139222	0.311642	0.048574	11.611007
-1.475435	2.377337	-0.672726	0.188559	-0.678375	0.137801	0.311739	0.048155	11.610947
-0.680616	2.351189	-0.718017	0.184968	-0.678299	0.136382	0.311834	0.047737	11.610886
1.494007	2.020377	-0.761365	0.181289	-0.678180	0.135004	0.311925	0.047330	11.610828
-1.503162	1.235920	-0.803936	0.177416	-0.678016	0.133627	0.312015	0.046924	11.610770
0.855798	0.122750	-0.847127	0.173188	-0.677797	0.132197	0.312107	0.046501	11.610709
1.399271	-0.971116	-0.889122	0.168745	-0.677529	0.130767	0.312198	0.046079	11.610649
1.659347	-2.200481	-1.248661	0.078368	-0.667977	0.110104	0.313391	0.039951	11.609779
-0.520908	1.929688	-0.898873	-0.061060	-0.647465	0.089525	0.314342	0.033831	11.608923
-2.038838	1.802441	0.375047	-0.298915	-0.598756	0.060427	0.315285	0.025190	11.607738
-2.146719	-1.067446	1.259336	-0.513823	-0.525809	0.031299	0.315774	0.016566	11.606582
2.300771	0.842838	0.711234	-0.639783	-0.425545	0.001649	0.315821	0.007823	11.605438
-2.429903	-0.753462	-0.460494	-0.647801	-0.298852	-0.028064	0.315432	-0.000897	11.604326
-0.394426	-0.811468	-0.534363	-0.643496	-0.289125	-0.030143	0.315389	-0.001505	11.604249
2.445482	-0.840156	-0.605016	-0.638517	-0.279296	-0.032221	0.315344	-0.002112	11.604173
1.093493	0.273382	-1.174358	-0.520975	-0.153127	-0.057521	0.314634	-0.009490	11.603258
-2.539732	1.088439	-1.196339	-0.293185	-0.019367	-0.082886	0.313631	-0.016843	11.602366
2.452825	-1.225558	-0.547041	0.090266	0.140720	-0.113277	0.312065	-0.025589	11.601332
-0.923552	-0.646092	0.421825	0.494631	0.290124	-0.143792	0.310112	-0.034294	11.600333
-2.185939	-0.519489	0.460568	0.510459	0.296044	-0.145088	0.310021	-0.034662	11.600291
2.170552	-0.386107	0.498687	0.526104	0.301922	-0.146384	0.309929	-0.035030	11.600250
-1.784641	1.352442	1.059457	0.792382	0.412201	-0.173098	0.307899	-0.042574	11.599410
1.325492	-0.677208	1.015104	0.905686	0.496983	-0.199928	0.305599	-0.050080	11.598598
-0.824598	-1.450159	0.428699	0.809542	0.555289	-0.230630	0.302668	-0.058575	11.597707
0.466713	0.050317	-0.377420	0.522891	0.575191	-0.261533	0.299419	-0.067013	11.596852
-0.228213	0.200072	-0.411656	0.505899	0.575261	-0.262993	0.299258	-0.067408	11.596812
-0.444642	0.349505	-0.445038	0.488659	0.575257	-0.264453	0.299097	-0.067803	11.596773
-0.388857	1.690020	-0.833284	0.130301	0.562320	-0.291687	0.295987	-0.075119	11.596059
0.374074	0.829708	-0.625378	-0.265306	0.526929	-0.318964	0.292658	-0.082384	11.595374
0.117440	-2.044764	0.043275	-0.685914	0.462259	-0.350040	0.288577	-0.090665	11.594622
-0.268542	1.510096	0.641332	-0.971977	0.376043	-0.380486	0.284239	-0.098872	11.593909
-0.653059	1.892804	0.657502	-0.980049	0.371710	-0.381841	0.284037	-0.099241	11.593877
0.658009	2.256305	0.672316	-0.987630	0.367340	-0.383194	0.283835	-0.099610	11.593846
-0.725513	1.272217	0.697302	-1.026575	0.274057	-0.409553	0.279721	-0.106894	11.593243
0.544562	-1.944062	0.330259	-0.846427	0.170645	-0.434817	0.275425	-0.114113	11.592672
0.826356	-2.594016	-0.240078	-0.462651	0.047796	-0.461620	0.270386	-0.122158	11.592068
-0.971828	-0.084440	-0.649753	-0.004582	-0.075154	-0.486318	0.265148	-0.130111	11.591505
0.974265	0.003612	-0.652846	0.000712	-0.076560	-0.486592	0.265085	-0.130203	11.591498
-0.789709	0.091711	-0.655895	0.006000	-0.077965	-0.486865	0.265023	-0.130295	11.591492
-1.331578	2.529790	-0.752016	0.372285	-0.178643	-0.506146	0.260351	-0.137082	11.591041
-1.522550	1.665333	-0.589232	0.666950	-0.269620	-0.523321	0.255555	-0.143794	11.590621
1.943392	0.429867	-0.180317	0.897286	-0.356289	-0.540120	0.249911	-0.151400	11.590179
-0.894949	-0.481809	0.326860	0.997124	-0.417549	-0.553456	0.244135	-0.158900	11.589780
-2.404700	-0.548884	0.349923	0.998304	-0.419624	-0.553975	0.243869	-0.159239	11.589763
-1.037521	-0.620320	0.372890	0.999179	-0.421632	-0.554486	0.243603	-0.159578	11.589746
2.782056	-1.639267	0.772859	0.956278	-0.447627	-0.562689	0.238455	-0.166025	11.589437
-2.993112	0.102535	1.036562	0.797641	-0.451785	-0.567702	0.233230	-0.172386	11.589161
-3.280859	1.023304	1.074818	0.481975	-0.433271	-0.569278	0.227162	-0.179564	11.588886
3.291177	-0.042888	0.727441	0.081469	-0.393613	-0.566393	0.221017	-0.186620	11.588656
-3.285753	-0.123863	0.701596	0.061339	-0.391240	-0.566142	0.220719	-0.186956	11.588646
-1.250847	-0.199223	0.674994	0.041192	-0.388827	-0.565881	0.220422	-0.187292	11.588636
0.014653	-0.549892	0.074012	-0.317627	-0.338727	-0.559382	0.214986	-0.193326	11.588477
0.513796	0.171462	-0.652548	-0.630925	-0.278282	-0.549533	0.209465	-0.199260	11.588353
2.248078	0.501440	-1.241194	-0.870962	-0.199580	-0.534153	0.203024	-0.205934	11.588254
0.325069	-0.579887	-1.269910	-0.921224	-0.114748	-0.514435	0.196456	-0.212469	11.588202
-1.692635	-0.617986	-1.255798	-0.918359	-0.110831	-0.513436	0.196154	-0.212763	11.588200
1.668870	-0.651713	-1.240281	-0.915034	-0.106912	-0.512428	0.195852	-0.213057	11.588199
-1.236392	-0.533501	-0.714885	-0.772522	-0.031901	-0.491387	0.190012	-0.218629	11.588196
-0.754773	0.029540	0.051875	-0.516209	0.041635	-0.467111	0.184077	-0.224089	11.588230
0.573437	1.010097	0.867118	-0.149142	0.121992	-0.435254	0.177140	-0.230224	11.588314
-0.454440	1.235833	1.204322	0.219331	0.195311	-0.399201	0.170079	-0.236205	11.588447
0.232978	1.129550	1.201307	0.235213	0.198511	-0.397419	0.169747	-0.236479	11.588454
0.454048	1.013002	1.196382	0.250924	0.201689	-0.395629	0.169415	-0.236754	11.588462
-0.539107	-1.186721	0.817265	0.512410	0.256908	-0.360421	0.163140	-0.241832	11.588623
-0.161733	-1.133499	0.118483	0.707601	0.302682	-0.322078	0.156773	-0.246787	11.588822
0.017975	0.449087	-0.649392	0.838956	0.340007	-0.276240	0.149652	-0.252098	11.589087
1.555177	0.925723	-0.962924	0.875065	0.361245	-0.226669	0.142420	-0.257252	11.589399
-0.400610	-1.121868	-0.532475	0.811211	0.364317	-0.170703	0.134716	-0.262484	11.589777
-2.498196	-0.620267	0.086288	0.679526	0.348805	-0.110933	0.126892	-0.267535	11.590209
0.319977	-0.463894	0.108513	0.673723	0.347872	-0.108572	0.126589	-0.267725	11.590227
2.530827	-0.298306	0.130512	0.667890	0.346916	-0.106208	0.126286	-0.267916	11.590245
-2.853592	1.923457	0.537509	0.535372	0.319862	-0.052655	0.119474	-0.272086	11.590662
3.073371	-2.154127	0.713360	0.417660	0.283048	0.001943	0.112575	-0.276117	11.591119
-3.148056	2.089164	0.514814	0.321547	0.230270	0.065695	0.104456	-0.280618	11.591700
2.974829	-1.181730	-0.204603	0.233378	0.169082	0.128887	0.096222	-0.284923	11.592337
0.382724	-1.423604	-0.237774	0.228898	0.166241	0.131633	0.095858	-0.285108	11.592366
-2.946092	-1.647294	-0.270377	0.224331	0.163389	0.134377	0.095494	-0.285292	11.592395
2.558238	-1.603673	-0.662308	0.109835	0.104993	0.187881	0.088245	-0.288851	11.592997
0.535074	0.015123	-0.305494	-0.062419	0.043878	0.239545	0.080911	-0.292256	11.593641
-1.489458	0.296940	0.506225	-0.301649	-0.027277	0.295562	0.072420	-0.295957	11.594430
1.083737	-0.130309	0.781502	-0.539084	-0.097477	0.347403	0.063819	-0.299448	11.595275
0.908478	-0.042310	0.760240	-0.548868	-0.100552	0.349606	0.063432	-0.299599	11.595314
-1.060835	0.048060	0.735415	-0.558555	-0.103621	0.351800	0.063045	-0.299750	11.595353
0.958332	0.209621	-0.175584	-0.723823	-0.162098	0.392614	0.055412	-0.302616	11.596145
-0.291907	-0.416240	-0.919341	-0.829025	-0.216215	0.428802	0.047696	-0.305315	11.596981
-1.146893	0.323670	-0.384557	-0.859360	-0.270653	0.463685	0.038776	-0.308192	11.597991
1.217242	1.028749	0.710495	-0.806974	-0.315078	0.490753	0.029751	-0.310842	11.599059
-1.216647	0.788501	0.749008	-0.803068	-0.316786	0.491754	0.029350	-0.310954	11.599108
-0.172072	0.542035	0.785776	-0.799042	-0.318472	0.492737	0.028949	-0.311065	11.599156
1.122795	-1.430933	1.142515	-0.694705	-0.347558	0.508779	0.020809	-0.313215	11.600163
0.528482	-1.611253	0.718812	-0.553546	-0.366689	0.517126	0.012587	-0.315178	11.601217
-0.714397	1.977898	-0.496208	-0.348674	-0.375461	0.516501	0.003056	-0.317199	11.602487
0.578368	-0.355941	-1.245816	-0.097752	-0.369802	0.504855	-0.006561	-0.318965	11.603820
-0.578014	-0.515641	-1.247910	-0.095929	-0.369716	0.504742	-0.006625	-0.318976	11.603829
-0.299127	-0.674531	-1.249954	-0.094111	-0.369630	0.504628	-0.006689	-0.318987	11.603838
0.602522	-2.652318	-1.135427	0.160317	-0.352685	0.485464	-0.015237	-0.320328	11.605068
-0.854083	2.795965	-0.348192	0.415509	-0.325040	0.458601	-0.023842	-0.321464	11.606348
-0.939404	-0.697923	0.486502	0.651319	-0.283600	0.421561	-0.033197	-0.322458	11.607788
1.149035	-2.493696	1.000694	0.802240	-0.230766	0.377022	-0.042607	-0.323205	11.609286
1.011013	-2.493414	1.014484	0.806427	-0.228061	0.374797	-0.043043	-0.323234	11.609357
-1.166506	-2.486942	1.027344	0.810335	-0.225331	0.372558	-0.043479	-0.323262	11.609428
-0.156018	-1.570798	1.117315	0.824515	-0.168226	0.326671	-0.051936	-0.323695	11.610821
0.902581	-0.712999	0.981911	0.711878	-0.103624	0.276469	-0.060428	-0.323924	11.612261
1.485067	0.243990	0.639896	0.460920	-0.022773	0.214618	-0.070221	-0.323930	11.613972
-1.516178	0.764908	0.202892	0.135116	0.061930	0.149561	-0.080051	-0.323658	11.615744
-0.383743	0.742611	0.184337	0.120120	0.065653	0.146676	-0.080479	-0.323639	11.615822
0.394519	0.715329	0.165938	0.105096	0.069377	0.143787	-0.080908	-0.323620	11.615901
1.515646	-0.251737	-0.176143	-0.194958	0.143802	0.085251	-0.089527	-0.323127	11.617503
-1.497121	-0.375033	-0.486133	-0.465886	0.216073	0.026254	-0.098165	-0.322412	11.619151
1.464158	0.477545	-0.726989	-0.691272	0.293466	-0.040911	-0.108103	-0.321312	11.621098
1.092902	-0.617316	-0.485135	-0.779765	0.361620	-0.106209	-0.118056	-0.319907	11.623101
-1.242242	-0.695504	-0.464394	-0.780352	0.364371	-0.109036	-0.118497	-0.319838	11.623191
-1.424610	-0.773170	-0.443029	-0.780660	0.367095	-0.111856	-0.118937	-0.319768	11.623281
1.396157	-1.146527	0.063112	-0.731106	0.415296	-0.165879	-0.127583	-0.318272	11.625069
-1.224786	1.469095	0.532978	-0.578389	0.452559	-0.216933	-0.136232	-0.316538	11.626897
-1.354457	0.801879	0.585667	-0.280875	0.480458	-0.271368	-0.146160	-0.314247	11.629043
1.344751	-1.855794	0.187949	0.119363	0.491196	-0.321054	-0.156080	-0.311629	11.631240
0.667095	-1.888255	0.162557	0.139234	0.491259	-0.323305	-0.156553	-0.311496	11.631346
-1.344291	-1.903040	0.136863	0.159045	0.491279	-0.325544	-0.157027	-0.311361	11.631452
1.343740	0.027380	-0.338795	0.494431	0.484077	-0.364384	-0.165663	-0.308779	11.633411
1.194131	1.761804	-0.648909	0.716645	0.461901	-0.399214	-0.174286	-0.305938	11.635405
-1.364799	0.070674	-0.534505	0.747056	0.417256	-0.434043	-0.184185	-0.302344	11.637742
0.017289	-1.208558	0.111615	0.572626	0.353843	-0.462928	-0.194055	-0.298397	11.640123
1.250699	-1.149656	0.151405	0.561382	0.350694	-0.464048	-0.194485	-0.298216	11.640228
1.392068	-1.076359	0.192037	0.549873	0.347512	-0.465157	-0.194915	-0.298035	11.640333
-1.423211	0.981286	0.955089	0.276458	0.278629	-0.484630	-0.203432	-0.294297	11.642433
1.465213	-0.918954	0.986285	-0.049217	0.200173	-0.499150	-0.211919	-0.290283	11.644563
-1.532871	0.753138	-0.205338	-0.410538	0.099832	-0.509506	-0.221725	-0.285275	11.647072
1.628666	1.377486	-1.231943	-0.664187	-0.007399	-0.512554	-0.231478	-0.279883	11.649619
-1.634267	0.963155	-1.251153	-0.672265	-0.012797	-0.512510	-0.231956	-0.279608	11.649746
0.975695	0.535652	-1.266435	-0.679843	-0.018199	-0.512446	-0.232434	-0.279332	11.649872
1.752259	-1.720236	-0.955178	-0.735919	-0.113506	-0.508319	-0.240751	-0.274359	11.652091
-1.883403	1.949692	0.106881	-0.668974	-0.208932	-0.498337	-0.248994	-0.269095	11.654336
2.045470	1.420383	1.153366	-0.479864	-0.315164	-0.479234	-0.258395	-0.262632	11.656964
-0.468162	0.504961	1.756891	-0.217174	-0.413016	-0.451759	-0.267592	-0.255768	11.659623
-2.207427	0.418864	1.775849	-0.202944	-0.417631	-0.450157	-0.268046	-0.255413	11.659757
-1.422810	0.323058	1.793742	-0.188665	-0.422212	-0.448535	-0.268500	-0.255058	11.659891
2.320623	-1.857323	1.939435	0.058482	-0.495302	-0.417401	-0.276139	-0.248826	11.662193
-0.729431	-1.901055	1.830686	0.291592	-0.556920	-0.379728	-0.283543	-0.242296	11.664515
-2.390314	1.882668	1.516172	0.517013	-0.611511	-0.326845	-0.291899	-0.234229	11.667271
-0.729153	-1.141364	0.657928	0.669497	-0.642858	-0.264721	-0.299816	-0.225745	11.670052
2.279201	-1.586338	0.600837	0.674140	-0.643618	-0.261846	-0.300145	-0.225370	11.670172
-2.271652	-2.009616	0.541720	0.678614	-0.644325	-0.258955	-0.300474	-0.224995	11.670292
2.076942	-0.111746	-0.911672	0.730070	-0.646910	-0.197862	-0.306852	-0.217321	11.672708
-1.836013	2.397993	-2.205236	0.701363	-0.625191	-0.131442	-0.312813	-0.209334	11.675139
1.571509	-2.503585	-2.386674	0.555670	-0.567083	-0.049963	-0.319118	-0.199729	11.677964
-1.399770	-1.295798	-0.902720	0.289815	-0.472490	0.034576	-0.324743	-0.189716	11.680808
1.014605	-1.160643	-0.814760	0.276253	-0.467598	0.038304	-0.324972	-0.189269	11.680933
1.391767	-1.023634	-0.725899	0.262586	-0.462651	0.042031	-0.325200	-0.188822	11.681057
-1.379306	1.814259	1.099492	-0.029959	-0.350390	0.117774	-0.329500	-0.179576	11.683594
1.468641	1.913944	2.293020	-0.316619	-0.219068	0.192514	-0.333154	-0.170022	11.686143
-1.645972	0.723979	2.051839	-0.571747	-0.056578	0.272606	-0.336392	-0.159045	11.688990
1.644545	-0.473327	0.679060	-0.714430	0.116661	0.347462	-0.338685	-0.147717	11.691849
1.880150	-0.595590	0.550691	-0.719534	0.130306	0.352972	-0.338821	-0.146827	11.692070
1.165886	-0.725174	0.421172	-0.723686	0.143965	0.358434	-0.338950	-0.145935	11.692292
-2.081248	-1.240037	-0.964015	-0.700546	0.293294	0.415075	-0.339952	-0.136040	11.694723
2.243885	1.381627	-1.823472	-0.530130	0.435875	0.464937	-0.340154	-0.125928	11.697159
1.375850	0.123930	-1.269652	-0.130050	0.585220	0.513858	-0.339269	-0.113578	11.700079
-1.615363	-2.206569	0.188335	0.337241	0.697434	0.549075	-0.337068	-0.100977	11.703004
-2.477060	-2.206107	0.291571	0.367841	0.703554	0.550984	-0.336860	-0.100080	11.703210
-0.618506	-2.170009	0.392502	0.397765	0.709407	0.552812	-0.336646	-0.099182	11.703417
2.474403	0.281697	1.306566	0.681085	0.757113	0.568246	-0.333517	-0.088347	11.705890
-2.400942	2.462369	1.281936	0.747225	0.757167	0.570819	-0.329316	-0.077377	11.708365
2.217704	-2.019302	-0.061235	0.458899	0.688061	0.556207	-0.322911	-0.064267	11.711291
-1.923536	-0.965475	-0.849017	-0.069977	0.552528	0.523959	-0.314940	-0.051031	11.714217
-0.854986	-0.797306	-0.853546	-0.096914	0.544778	0.522056	-0.314530	-0.050410	11.714353
1.890198	-0.633333	-0.854870	-0.123873	0.536912	0.520120	-0.314116	-0.049788	11.714490
-1.540108	0.529254	-0.335841	-0.583642	0.371229	0.478336	-0.305849	-0.038204	11.717030
-1.427154	-0.169272	0.688864	-0.797506	0.174254	0.426533	-0.296507	-0.026573	11.719567
0.687994	0.243595	0.590621	-0.537199	-0.080146	0.355808	-0.284390	-0.013047	11.722505
-0.292765	-0.098874	-0.276401	0.045709	-0.337554	0.275859	-0.270978	0.000479	11.725436
0.044317	-0.177249	-0.309210	0.071443	-0.347655	0.272441	-0.270406	0.001029	11.725555
0.265357	-0.260197	-0.341086	0.097150	-0.357715	0.269009	-0.269831	0.001580	11.725675
0.179810	-1.205172	-0.634630	0.590566	-0.555763	0.193745	-0.257164	0.013254	11.728203
0.084317	1.536360	0.002718	0.863516	-0.709977	0.114912	-0.243647	0.024881	11.730723
-0.539616	1.286469	0.728884	0.815044	-0.812546	0.021952	-0.227158	0.038137	11.733605
-0.543919	-1.543879	0.481571	0.391486	-0.837316	-0.071518	-0.209700	0.051269	11.736473
0.572614	-1.641742	0.447159	0.366694	-0.836721	-0.075683	-0.208896	0.051854	11.736601
0.115784	-1.720152	0.411007	0.341610	-0.835985	-0.079842	-0.208091	0.052438	11.736729
-1.316219	-0.277480	-0.495055	-0.190984	-0.792536	-0.162144	-0.191584	0.064087	11.739292
1.103225	1.789642	-0.976585	-0.652339	-0.698003	-0.241257	-0.174425	0.075582	11.741840
2.963878	0.286758	-0.113756	-0.908835	-0.537194	-0.324591	-0.154453	0.088278	11.744685
0.845615	-2.113163	1.116907	-0.902873	-0.327421	-0.400306	-0.133814	0.100719	11.747510
-3.425476	-2.049701	1.130769	-0.900927	-0.323719	-0.401456	-0.133476	0.100918	11.747555
3.428260	-1.980850	1.144292	-0.898927	-0.320010	-0.402605	-0.133137	0.101117	11.747601
-3.364408	2.225750	1.216636	-0.720187	-0.113004	-0.459917	-0.114902	0.111578	11.750012
2.994513	-2.249633	-0.080852	-0.428758	0.104434	-0.508975	-0.096289	0.121803	11.752406
-2.402878	2.197438	-1.310698	-0.042408	0.351148	-0.553624	-0.074499	0.133236	11.755135
1.863864	-0.779178	-0.786215	0.305756	0.576377	-0.583995	-0.052357	0.144296	11.757839
1.821768	-0.931691	-0.734836	0.319545	0.585542	-0.584980	-0.051371	0.144776	11.757958
-1.826449	-1.069379	-0.682264	0.333180	0.594627	-0.585933	-0.050384	0.145255	11.758077
1.028725	-1.994988	0.443145	0.568656	0.755627	-0.598087	-0.030723	0.154581	11.760421
1.465566	-0.447330	1.263438	0.726747	0.871681	-0.596569	-0.010895	0.163572	11.762742
-1.462478	1.635049	1.325031	0.795837	0.932991	-0.576477	0.011839	0.173409	11.765367
1.486393	0.208805	0.280657	0.748790	0.904969	-0.535533	0.034492	0.182746	11.767959
-0.717086	0.082016	0.221262	0.744365	0.901666	-0.533214	0.035504	0.183153	11.768075
-1.486593	-0.042181	0.161726	0.739767	0.898195	-0.530856	0.036517	0.183559	11.768191
-1.184534	-0.983534	-0.858547	0.619769	0.799948	-0.477604	0.056036	0.191221	11.770419
1.409915	-0.130070	-1.214243	0.454336	0.650938	-0.411781	0.075245	0.198454	11.772621
0.140326	0.331052	-0.799568	0.230437	0.429136	-0.322551	0.097069	0.206308	11.775149
-1.317071	-0.140611	0.165936	0.003803	0.172949	-0.223399	0.118150	0.213518	11.777637
1.317231	-0.162916	0.197885	-0.003017	0.164526	-0.220158	0.118800	0.213735	11.777715
-1.317469	-0.181735	0.229542	-0.009799	0.156096	-0.216913	0.119448	0.213950	11.777792
1.349360	0.261295	0.879692	-0.180097	-0.079147	-0.125950	0.136879	0.219600	11.779907
-1.468192	-0.477551	0.973998	-0.310397	-0.313427	-0.033088	0.153504	0.224721	11.781989
-1.477745	0.001359	0.848993	-0.414551	-0.564547	0.072139	0.171365	0.229895	11.784327
1.502177	0.956422	0.535357	-0.472807	-0.781023	0.172936	0.187862	0.234318	11.786620
-1.501599	0.753812	0.515288	-0.474343	-0.789672	0.177312	0.188570	0.234499	11.786722
-0.067823	0.542053	0.494679	-0.475786	-0.798218	0.181675	0.189275	0.234679	11.786824
1.458522	-0.969212	0.053549	-0.484928	-0.942438	0.263894	0.202546	0.237893	11.788822
0.104060	0.319599	-0.268319	-0.456425	-1.031842	0.336829	0.214473	0.240461	11.790782
-1.326432	0.637123	-0.499697	-0.369445	-1.057376	0.406640	0.226442	0.242595	11.793000
0.880570	-0.505789	-0.647871	-0.209773	-1.002174	0.459426	0.236270	0.243796	11.795164
1.228416	-0.499240	-0.649103	-0.206437	-1.000588	0.460175	0.236417	0.243808	11.795201
1.335005	-0.490895	-0.650273	-0.203074	-0.998978	0.460921	0.236563	0.243820	11.795237
-1.430108	0.504419	-0.523398	-0.019905	-0.894966	0.491883	0.242907	0.244055	11.796992
1.616538	-0.563872	0.124224	0.169902	-0.745048	0.512217	0.247533	0.243599	11.798708
-1.935165	0.621998	0.640196	0.342293	-0.518452	0.523370	0.250617	0.242167	11.800655
-0.098738	-0.628814	-0.039403	0.401607	-0.242956	0.521931	0.251123	0.239738	11.802543
2.335614	-0.636887	-0.084960	0.400798	-0.228876	0.521564	0.251086	0.239599	11.802631
1.643362	-0.629900	-0.130260	0.399632	-0.214715	0.521172	0.251043	0.239457	11.802718
-2.676119	0.642456	-0.723450	0.311852	0.057645	0.509405	0.249331	0.236467	11.804293
-0.382640	0.318630	-0.470910	0.103799	0.343127	0.489231	0.245934	0.232750	11.805822
3.047974	-0.713752	0.387809	-0.198149	0.662303	0.455742	0.239995	0.227556	11.807537
-2.884317	0.592008	0.970374	-0.431895	0.927043	0.412068	0.232067	0.221471	11.809184
2.868694	0.694613	0.978473	-0.438545	0.936953	0.409877	0.231667	0.221178	11.809256
0.855647	0.786106	0.984546	-0.444760	0.946657	0.407668	0.231263	0.220883	11.809329
-2.412210	0.531915	0.746879	-0.483954	1.095515	0.360989	0.222702	0.214818	11.810703
-1.416398	-1.076533	0.065941	-0.392815	1.169867	0.307498	0.212859	0.208149	11.812022
-0.305566	-1.072301	-0.814137	-0.180211	1.169268	0.239050	0.200208	0.199851	11.813455
0.989971	0.376959	-1.374994	0.091210	1.083718	0.164762	0.186182	0.190859	11.814812
-0.988137	0.451337	-1.388482	0.103636	1.078067	0.161381	0.185532	0.190446	11.814870
0.392698	0.516815	-1.400893	0.116055	1.072263	0.157993	0.184880	0.190032	11.814928
1.158285	1.426863	-1.403068	0.352398	0.926618	0.090003	0.171516	0.181588	11.816043
-1.575432	1.689390	-0.868262	0.546444	0.725231	0.021255	0.157332	0.172687	11.817096
2.143911	-2.009202	0.324936	0.686827	0.432971	-0.056586	0.140142	0.161930	11.818227
-2.559573	-0.177257	1.349644	0.702166	0.092962	-0.130737	0.122160	0.150660	11.819271
2.570504	0.548463	1.381518	0.699159	0.076969	-0.133947	0.121335	0.150141	11.819315
-2.580579	1.265113	1.411784	0.695799	0.060951	-0.137142	0.120509	0.149622	11.819360
-0.356583	2.612291	1.619628	0.551104	-0.256394	-0.196888	0.104071	0.139262	11.820199
2.455913	-2.758578	1.034013	0.253395	-0.564606	-0.249909	0.087259	0.128579	11.820967
-2.149091	-0.018926	0.000475	-0.171150	-0.871271	-0.299140	0.068133	0.116284	11.821739
1.869366	1.648291	-0.918319	-0.565323	-1.107498	-0.335370	0.048823	0.103677	11.822416
-1.854461	1.992266	-0.967707	-0.588976	-1.120930	-0.337408	0.047432	0.102760	11.822461
1.840534	2.332747	-1.013961	-0.611746	-1.133827	-0.339366	0.046042	0.101842	11.822506
0.845751	2.544186	-1.326829	-0.798444	-1.242746	-0.356286	0.029319	0.090696	11.823002
-1.749057	-0.519333	-1.260951	-0.787857	-1.254601	-0.359858	0.012685	0.079388	11.823423
1.768390	-2.096662	-0.881745	-0.568935	-1.141678	-0.346021	-0.006475	0.066034	11.823820
1.941643	-1.940082	-0.354619	-0.213845	-0.916592	-0.315083	-0.025234	0.052551	11.824111
-1.945322	-1.927999	-0.334418	-0.199207	-0.906461	-0.313643	-0.025923	0.052048	11.824120
-0.445904	-1.916953	-0.314277	-0.184524	-0.896228	-0.312186	-0.026610	0.051544	11.824128
2.017692	-1.859099	0.125129	0.165086	-0.628114	-0.272886	-0.042502	0.039703	11.824288
-2.053505	-1.244078	0.422953	0.482415	-0.320749	-0.225290	-0.057861	0.027836	11.824363
2.053250	1.039641	0.444581	0.727225	0.051799	-0.163505	-0.074612	0.014291	11.824344
1.874587	-0.669879	0.088043	0.773675	0.417634	-0.096848	-0.090365	0.000804	11.824212
-2.008421	-0.732052	0.069097	0.770630	0.433679	-0.093740	-0.091058	0.000190	11.824203
0.440563	-0.783021	0.050365	0.767133	0.449632	-0.090630	-0.091749	-0.000423	11.824194
1.221175	-0.256391	-0.226746	0.610784	0.737315	-0.030574	-0.104533	-0.012171	11.823973
1.841646	0.592258	-0.208052	0.284332	0.976794	0.028419	-0.116303	-0.023800	11.823660
-0.187909	-0.696982	0.154155	-0.223769	1.172489	0.091787	-0.128375	-0.036904	11.823188
-0.291312	0.534309	0.108318	-0.592243	1.264582	0.147750	-0.138817	-0.049762	11.822591
-1.557973	0.744534	0.096127	-0.603327	1.265945	0.150034	-0.139244	-0.050332	11.822562
1.011232	0.948914	0.083346	-0.613913	1.267055	0.152297	-0.139668	-0.050901	11.822532
1.414248	0.949758	-0.207987	-0.715173	1.235212	0.191969	-0.147175	-0.061857	11.821898
-1.275546	-1.281566	-0.300483	-0.602663	1.096001	0.223308	-0.153199	-0.072552	11.821167
1.123983	-0.949818	0.108779	-0.254809	0.830981	0.248559	-0.158034	-0.084133	11.820232
-0.980320	1.162372	0.500967	0.165179	0.489367	0.263751	-0.160738	-0.095302	11.819172
0.845552	0.088629	0.286891	0.495230	0.107161	0.269102	-0.161171	-0.106201	11.817960
-0.724334	-0.735692	-0.341323	0.677331	-0.269476	0.264612	-0.159272	-0.116578	11.816613
0.719526	-0.582363	-0.370905	0.681527	-0.284724	0.264214	-0.159143	-0.117005	11.816553
-0.714741	-0.422990	-0.400409	0.685432	-0.299908	0.263798	-0.159011	-0.117430	11.816493
0.618904	0.619261	-0.792772	0.699126	-0.602501	0.251097	-0.155307	-0.126248	11.815151
-0.534946	-0.613894	-0.287503	0.585697	-0.856903	0.231327	-0.150046	-0.134575	11.813695
0.456026	-0.566290	0.724622	0.337461	-1.070658	0.201350	-0.142502	-0.143287	11.811929
0.040295	0.731024	0.947592	-0.005953	-1.194846	0.163657	-0.133402	-0.151348	11.810015
-0.392469	0.736138	0.918530	-0.022965	-1.198012	0.161833	-0.132970	-0.151687	11.809927
0.390259	0.726333	0.885596	-0.040105	-1.200971	0.159996	-0.132535	-0.152025	11.809840
-0.359781	-0.771192	-0.186053	-0.378104	-1.216304	0.121688	-0.123593	-0.158334	11.808078
0.370787	0.840346	-0.974344	-0.645794	-1.145191	0.078796	-0.113792	-0.164163	11.806206
-0.475023	-0.705066	-0.426625	-0.749737	-0.941294	0.023230	-0.101100	-0.170504	11.803818
0.719749	-1.407085	0.608946	-0.621164	-0.630903	-0.034576	-0.087557	-0.176147	11.801267
0.410131	-1.374251	0.631285	-0.614459	-0.621058	-0.036204	-0.087168	-0.176295	11.801193
-0.738483	-1.339720	0.652955	-0.607583	-0.611152	-0.037834	-0.086777	-0.176443	11.801119
1.084642	0.022869	0.973914	-0.322284	-0.290467	-0.087047	-0.074661	-0.180672	11.798799
-0.372461	2.196322	0.634080	0.080542	0.048349	-0.134407	-0.062214	-0.184384	11.796358
-2.007636	1.851741	-0.334740	0.539055	0.426633	-0.184832	-0.047571	-0.188026	11.793378
2.440075	-2.464303	-1.000410	0.785031	0.749477	-0.228277	-0.032856	-0.190963	11.790229
0.890235	-2.598136	-1.005449	0.787566	0.761473	-0.229954	-0.032224	-0.191074	11.790090
-2.471078	-2.717358	-1.007813	0.789303	0.773284	-0.231612	-0.031592	-0.191183	11.789950
2.709373	-2.399082	-0.583218	0.675041	0.969478	-0.260822	-0.019024	-0.193092	11.787087
-0.273595	0.028908	0.305107	0.356026	1.087394	-0.281356	-0.006692	-0.194470	11.784095
-2.687819	1.993492	1.073693	-0.121152	1.127591	-0.292261	0.007129	-0.195397	11.780465
2.312841	-0.033238	0.852014	-0.553562	1.067987	-0.287788	0.020287	-0.195600	11.776659
1.221782	-0.208538	0.821195	-0.569005	1.063243	-0.287260	0.020841	-0.195592	11.776489
-2.267009	-0.378389	0.788902	-0.584077	1.058323	-0.286706	0.021394	-0.195583	11.776320
1.062699	-0.940580	-0.108031	-0.789531	0.925002	-0.270449	0.032103	-0.195119	11.772878
1.109898	0.609279	-1.098217	-0.753092	0.727498	-0.245109	0.042230	-0.194111	11.769304
-0.518023	-0.480622	-1.038370	-0.358140	0.429678	-0.206006	0.053217	-0.192257	11.764989
0.274711	-0.072349	0.231178	0.204387	0.093370	-0.158426	0.063329	-0.189665	11.760497
-0.275719	0.288868	0.288826	0.228801	0.078215	-0.156150	0.063756	-0.189533	11.760294
0.277883	0.624843	0.344998	0.252968	0.063069	-0.153862	0.064182	-0.189400	11.760090
-0.516833	-0.824087	1.000226	0.639421	-0.224649	-0.107078	0.072103	-0.186509	11.756056
1.001918	0.984975	0.604921	0.779315	-0.481447	-0.056915	0.079300	-0.183064	11.751891
-1.579700	-1.082202	-0.430246	0.646435	-0.715798	0.003382	0.086658	-0.178406	11.746930
-2.054826	-0.362994	-0.813098	0.283553	-0.880166	0.064443	0.092968	-0.173009	11.741797
0.250870	-0.138652	-0.807003	0.263365	-0.885908	0.067170	0.093225	-0.172749	11.741563
2.074504	0.087162	-0.798880	0.242897	-0.891513	0.069896	0.093481	-0.172488	11.741328
-2.087175	1.230251	-0.325030	-0.180649	-0.972159	0.121678	0.097974	-0.167159	11.736734
1.862167	-1.390047	0.386433	-0.571255	-1.000891	0.171182	0.101611	-0.161275	11.732015
-1.477981	-0.690866	0.667086	-0.812958	-0.970355	0.224471	0.104707	-0.153784	11.726410
1.162756	-0.118155	0.304948	-0.700693	-0.875311	0.273117	0.106572	-0.145552	11.720644
-1.153026	-0.070249	0.277654	-0.687743	-0.869344	0.275321	0.106629	-0.145139	11.720365
0.832819	-0.015729	0.249824	-0.674237	-0.863259	0.277513	0.106684	-0.144726	11.720085
1.079158	2.062065	-0.287187	-0.356173	-0.735205	0.315015	0.107159	-0.136978	11.714978
-1.158982	1.729644	-0.687657	0.028471	-0.578494	0.348587	0.106652	-0.128680	11.709755
1.346608	-1.883343	-0.580945	0.427555	-0.372042	0.382440	0.104794	-0.118333	11.703531
-0.320986	-1.118357	0.249412	0.730664	-0.153525	0.410336	0.101551	-0.107277	11.697156
-1.541670	-0.684462	0.294488	0.742488	-0.142934	0.411524	0.101359	-0.106726	11.696844
1.548642	-0.252448	0.339098	0.754045	-0.132343	0.412699	0.101164	-0.106174	11.696533
-1.630926	1.036804	0.910647	0.911101	0.053088	0.431096	0.097158	-0.096097	11.690931
1.643977	0.071397	0.748156	0.970742	0.226660	0.444619	0.092131	-0.085566	11.685223
-0.113662	-0.289625	-0.149619	0.930291	0.403101	0.453946	0.084999	-0.072772	11.678435
-1.496379	0.189822	-1.187217	0.814450	0.545026	0.456004	0.076544	-0.059493	11.671508
1.491520	0.224844	-1.217345	0.808380	0.550419	0.455922	0.076146	-0.058902	11.671202
0.290170	0.258179	-1.245086	0.802257	0.555743	0.455825	0.075745	-0.058310	11.670895
-1.389083	0.110882	-1.290674	0.675774	0.647164	0.450828	0.067398	-0.046496	11.664796
1.309618	-0.896124	-0.512924	0.546940	0.714417	0.439768	0.058279	-0.034445	11.658596
-1.278529	1.403719	0.886285	0.367933	0.765179	0.419026	0.046913	-0.020292	11.651304
-0.119153	-1.347378	1.425896	0.113206	0.790381	0.389422	0.034833	-0.005995	11.643883
1.361220	-1.612842	1.423669	0.098556	0.790992	0.387808	0.034249	-0.005319	11.643530
-1.368466	-1.854245	1.419086	0.083643	0.791553	0.386174	0.033663	-0.004643	11.643176
1.547473	-0.877367	0.984691	-0.226661	0.793343	0.352911	0.022743	0.007755	11.636651
-1.763779	0.436679	0.155474	-0.573593	0.779978	0.313810	0.011543	0.020119	11.630033
-1.202414	2.238913	-0.777760	-0.955778	0.747448	0.262312	-0.001596	0.034279	11.622276
2.003719	1.317799	-1.223555	-1.245699	0.698584	0.205122	-0.014783	0.048213	11.614401
0.181154	1.129482	-1.231390	-1.255713	0.695940	0.202334	-0.015397	0.048855	11.614031
-1.995348	0.934670	-1.238157	-1.265354	0.693265	0.199535	-0.016010	0.049498	11.613661
1.815585	-1.756323	-1.175754	-1.374915	0.638104	0.145796	-0.027349	0.061311	11.606719
-1.502119	-1.935252	-0.803196	-1.354560	0.573552	0.089440	-0.038465	0.072808	11.599693
1.078729	-0.921456	-0.207019	-1.197505	0.488942	0.022622	-0.050777	0.085510	11.591543
-0.702803	0.813846	0.344006	-0.933227	0.394258	-0.045539	-0.062474	0.097618	11.583287
0.688923	0.951828	0.364177	-0.919400	0.389792	-0.048625	-0.062984	0.098148	11.582912
-0.070550	1.087275	0.383778	-0.905437	0.385310	-0.051712	-0.063492	0.098677	11.582537
-0.480965	1.361366	0.622497	-0.611974	0.295618	-0.111645	-0.073031	0.108666	11.575210
0.108659	-0.144938	0.541114	-0.292285	0.202353	-0.170922	-0.081837	0.118053	11.567805
0.701941	-0.963640	0.214043	0.083087	0.094009	-0.236834	-0.090845	0.127953	11.559260
0.711241	0.597390	-0.100014	0.440843	-0.013515	-0.299785	-0.098571	0.136887	11.550620
-0.436404	0.669652	-0.109025	0.455959	-0.018268	-0.302519	-0.098885	0.137263	11.550230
-0.738363	0.733390	-0.117377	0.470975	-0.023013	-0.305244	-0.099196	0.137637	11.549841
1.048688	0.183387	-0.160946	0.742379	-0.113778	-0.356682	-0.104652	0.144503	11.542194
-1.388913	-0.448044	-0.056983	0.974379	-0.199522	-0.404164	-0.108865	0.150484	11.534479
1.483932	0.405356	0.058859	1.225954	-0.288958	-0.452674	-0.112023	0.156168	11.525570
1.878589	-0.437182	0.011442	1.486676	-0.366334	-0.493898	-0.113291	0.160576	11.516576
0.243221	-0.478223	0.006730	1.497115	-0.369314	-0.495473	-0.113302	0.160735	11.516192
-1.880920	-0.509014	0.001898	1.507447	-0.372269	-0.497035	-0.113310	0.160892	11.515807
1.802459	0.699855	-0.071426	1.682610	-0.426511	-0.525554	-0.112668	0.163610	11.507871
-1.597430	-0.197623	0.027075	1.758749	-0.467151	-0.546822	-0.110507	0.165393	11.499873
0.848689	-1.216240	0.225977	1.735386	-0.495831	-0.561409	-0.106082	0.166339	11.490527
1.126029	0.491562	0.280246	1.628318	-0.507566	-0.564059	-0.099586	0.166136	11.481104
0.241131	0.669243	0.276235	1.621627	-0.507772	-0.563865	-0.099222	0.166098	11.480649
-1.117103	0.842331	0.271497	1.614820	-0.507948	-0.563640	-0.098854	0.166058	11.480195
-0.206724	1.472316	0.052329	1.482035	-0.506411	-0.554918	-0.091672	0.164956	11.472213
1.215992	0.005252	-0.386787	1.341480	-0.496657	-0.537652	-0.083190	0.163123	11.464181
0.906167	-1.286745	-0.608935	1.199081	-0.475055	-0.506602	-0.071431	0.159991	11.454442
-1.487879	0.703264	0.054844	1.107231	-0.443919	-0.465620	-0.058201	0.155907	11.444637
1.489729	0.913090	0.098865	1.103343	-0.442285	-0.463525	-0.057563	0.155698	11.444186
-1.491233	1.097126	0.143410	1.099413	-0.440632	-0.461411	-0.056921	0.155487	11.443734
1.467861	-1.001939	0.854422	1.007114	-0.406368	-0.418305	-0.044360	0.151159	11.435187
-1.394075	-0.485619	0.755075	0.851002	-0.366868	-0.369727	-0.031029	0.146204	11.426595
1.323253	1.013176	-0.080505	0.593307	-0.317711	-0.310205	-0.015442	0.139993	11.416968
1.100335	-0.980809	-1.002599	0.264306	-0.264277	-0.246185	0.000714	0.133106	11.407291
0.191335	-1.010039	-1.016567	0.256443	-0.263065	-0.244738	0.001073	0.132948	11.407078
-1.318362	-1.037384	-1.030085	0.248556	-0.261852	-0.243291	0.001433	0.132789	11.406865
1.388100	-0.851569	-1.185599	-0.082516	-0.212489	-0.184520	0.015865	0.126239	11.398370
-1.515534	0.913511	-0.642668	-0.435024	-0.161580	-0.124088	0.030433	0.119253	11.389842
1.687482	-0.729207	0.342292	-0.836051	-0.101529	-0.052864	0.047349	0.110636	11.379894
-1.803634	0.018552	1.031451	-1.184293	-0.041672	0.018247	0.064052	0.101534	11.369907
-0.718478	0.119442	1.050106	-1.197916	-0.039017	0.021407	0.064791	0.101117	11.369459
1.808068	0.216028	1.067609	-1.211345	-0.036364	0.024566	0.065530	0.100698	11.369011
-1.793231	0.364262	1.164664	-1.434062	0.014221	0.084936	0.079620	0.092436	11.360328
-1.631975	-0.331017	0.796749	-1.592969	0.062859	0.143362	0.093237	0.083893	11.351620
1.550411	0.019339	-0.014603	-1.673747	0.115752	0.207761	0.108291	0.073656	11.341466
-1.418155	0.640123	-0.708118	-1.604532	0.162909	0.267123	0.122303	0.063145	11.331284
0.653926	0.606282	-0.719741	-1.599529	0.164271	0.268879	0.122720	0.062814	11.330966
1.412003	0.568980	-0.730516	-1.594341	0.165627	0.270630	0.123137	0.062482	11.330648
0.011496	-0.716973	-0.731019	-1.374119	0.200146	0.316350	0.134128	0.053244	11.321860
-1.325401	-1.049043	-0.328264	-1.005895	0.228518	0.356488	0.144036	0.043883	11.313055
-1.071494	1.070417	0.175070	-0.463077	0.252542	0.394729	0.153929	0.032992	11.302895
1.173449	1.109388	0.276015	0.114990	0.266132	0.423199	0.161996	0.022035	11.292719
-1.164038	0.909348	0.266292	0.148066	0.266581	0.424543	0.162409	0.021389	11.292120
0.572513	0.706182	0.254978	0.180920	0.266989	0.425849	0.162816	0.020742	11.291521
0.973499	-0.867243	0.017342	0.631078	0.268113	0.440510	0.167979	0.011175	11.282640
-0.765432	-0.816463	-0.062353	0.981093	0.259306	0.445982	0.171459	0.001628	11.273753
0.569848	0.202649	0.021445	1.224534	0.234719	0.441034	0.173307	-0.009242	11.263568
-0.507323	-0.072345	-0.043435	1.285994	0.191468	0.425117	0.172884	-0.020000	11.253380
0.508741	0.001427	-0.050600	1.283980	0.189501	0.424340	0.172826	-0.020391	11.253007
-0.510463	0.076548	-0.057966	1.281625	0.187508	0.423550	0.172765	-0.020782	11.252633
0.629045	-0.256714	-0.124785	1.118211	0.133098	0.401049	0.170478	-0.030016	11.243758
0.071377	-0.171381	0.231517	0.751037	0.068881	0.371911	0.166613	-0.039099	11.234886
-1.152173	0.868483	0.399368	0.195668	-0.010334	0.331059	0.160290	-0.049344	11.224663
1.404339	0.228812	-0.205673	-0.364920	-0.087245	0.283532	0.152071	-0.059303	11.214450
0.950030	0.138282	-0.234861	-0.383719	-0.089898	0.281690	0.151737	-0.059660	11.214079
-1.418213	0.046696	-0.264071	-0.402340	-0.092537	0.279840	0.151401	-0.060016	11.213707
0.303556	-1.089448	-0.833840	-0.770174	-0.148968	0.234844	0.142919	-0.068184	11.205055
1.550190	-0.525200	-0.904749	-0.956164	-0.192388	0.186637	0.133224	-0.076084	11.196416
-1.501547	0.848690	-0.382885	-0.876238	-0.221649	0.126992	0.120407	-0.084964	11.186307
-0.155704	-0.586975	0.573903	-0.564918	-0.228077	0.065028	0.106122	-0.093394	11.176220
-0.035505	-0.640971	0.614350	-0.547858	-0.227861	0.062250	0.105457	-0.093756	11.175774
1.393094	-0.686242	0.653905	-0.530625	-0.227604	0.059472	0.104790	-0.094116	11.175328
0.860593	-0.062973	1.231630	-0.170687	-0.214458	0.004602	0.091148	-0.101011	11.166573
-1.200743	0.604562	1.384214	0.169881	-0.187071	-0.049734	0.076552	-0.107498	11.157838
1.131708	-0.633646	1.016838	0.448350	-0.140286	-0.109650	0.058690	-0.114414	11.147828
-1.126217	0.425695	0.304199	0.594121	-0.079598	-0.164844	0.039768	-0.120710	11.137851
1.127925	0.479534	0.267284	0.597881	-0.076398	-0.167325	0.038841	-0.120994	11.137376
-0.441909	0.527929	0.230373	0.601359	-0.073171	-0.169790	0.037911	-0.121277	11.136901
-1.222763	0.649372	-0.431245	0.615731	-0.010423	-0.211570	0.020645	-0.126144	11.128278
-1.288534	0.073514	-1.034533	0.541595	0.058087	-0.246640	0.002741	-0.130479	11.119686
1.404638	-0.459419	-1.346746	0.356356	0.136774	-0.276897	-0.018746	-0.134803	11.109755
-0.240218	-0.385364	-0.959922	0.088961	0.204278	-0.293599	-0.040891	-0.138325	11.099871
-1.491239	-0.352765	-0.923593	0.073558	0.207356	-0.294062	-0.042088	-0.138490	11.099345
1.441806	-0.316645	-0.886109	0.058118	0.210370	-0.294479	-0.043287	-0.138652	11.098820
1.510150	0.203259	-0.154885	-0.192389	0.249433	-0.294389	-0.063320	-0.140975	11.090150
-1.466687	-0.199075	0.560649	-0.398437	0.263138	-0.280042	-0.083673	-0.142604	11.081521
1.351577	0.338899	0.931513	-0.512805	0.240328	-0.246210	-0.106567	-0.143566	11.071924
0.598312	-0.619627	0.839872	-0.457006	0.174685	-0.195802	-0.129298	-0.143578	11.062386
0.012557	-0.624916	0.830196	-0.452884	0.172102	-0.194038	-0.129989	-0.143563	11.062094
-1.175515	-0.625985	0.820127	-0.448642	0.169493	-0.192264	-0.130680	-0.143547	11.061802
0.684947	0.586425	0.385709	-0.275785	0.081750	-0.135474	-0.150795	-0.142648	11.053229
0.860434	1.121570	-0.137673	-0.039944	-0.019109	-0.072440	-0.170256	-0.140902	11.044707
-0.751226	-1.214588	-0.466753	0.233099	-0.128606	-0.002058	-0.190082	-0.138058	11.035648
0.408722	-0.140955	-0.255951	0.473448	-0.226051	0.067159	-0.208590	-0.134167	11.026651
0.733742	-0.016063	-0.235497	0.483950	-0.230561	0.070672	-0.209518	-0.133933	11.026181
-0.736260	0.108512	-0.214651	0.494182	-0.235000	0.074173	-0.210442	-0.133696	11.025711
0.570209	0.997628	0.123727	0.617452	-0.297848	0.131342	-0.225602	-0.129146	11.017654
1.000637	-0.131708	0.231432	0.609245	-0.330145	0.180809	-0.239209	-0.123676	11.009649
-1.252723	-0.789390	0.084727	0.405482	-0.330323	0.226424	-0.252732	-0.116159	11.000454
1.518810	0.927176	-0.148352	0.043937	-0.296161	0.259227	-0.263553	-0.107322	10.991332
-1.529826	0.880466	-0.149505	0.025953	-0.294018	0.260349	-0.263952	-0.106912	10.990942
-0.611703	0.815222	-0.149439	0.007827	-0.291825	0.261447	-0.264346	-0.106500	10.990552
1.745187	-1.266252	0.006518	-0.369320	-0.237735	0.278454	-0.271007	-0.097696	10.982763
-1.916299	1.674146	0.146637	-0.702151	-0.167081	0.285923	-0.275181	-0.087849	10.975029
2.153043	0.933673	-0.233274	-0.864294	0.047702	0.266217	-0.274585	-0.060275	10.956887
1.641678	-2.230166	-0.097529	0.083261	0.284999	0.197620	-0.260307	-0.027050	10.939052
0.231582	-1.479596	-0.064647	0.108197	0.289438	0.195682	-0.259870	-0.026291	10.938679
-2.076690	-0.669943	-0.030320	0.133101	0.293832	0.193723	-0.259428	-0.025529	10.938306
-0.120204	0.293266	0.009997	0.161364	0.298773	0.191473	-0.258918	-0.024659	10.937882
2.063796	1.147959	0.051149	0.189546	0.303651	0.189197	-0.258401	-0.023787	10.937458
-2.057204	1.727307	0.091461	0.216864	0.308336	0.186959	-0.257892	-0.022935	10.937046
-0.071319	2.064403	0.131513	0.244049	0.312956	0.184699	-0.257376	-0.022081	10.936634
1.931819	0.432743	0.551531	0.611028	0.371544	0.149572	-0.249248	-0.009466	10.930724
0.178839	-1.035183	0.366127	0.888733	0.411648	0.109750	-0.239842	0.003730	10.924848
-1.537430	0.584887	-0.807435	0.984749	0.426113	0.045123	-0.224246	0.023636	10.916484
1.287109	-0.593295	-0.329743	0.622772	0.380262	-0.026284	-0.206327	0.044671	10.908191
-1.063825	1.182293	1.122467	0.003108	0.283963	-0.101888	-0.186019	0.067060	10.899874
0.907034	1.182612	1.112051	-0.594126	0.154848	-0.177069	-0.163703	0.090524	10.891630
-0.905175	0.991085	1.092910	-0.602816	0.152493	-0.178309	-0.163311	0.090928	10.891491
0.396339	0.798081	1.073080	-0.611460	0.150129	-0.179551	-0.162918	0.091334	10.891353
0.847841	-1.257617	-0.420683	-0.951773	0.024812	-0.241301	-0.142020	0.112564	10.884260
-0.117341	1.167813	-1.437787	-1.011664	-0.100222	-0.297255	-0.119876	0.134548	10.877222
-0.962581	-1.063809	-0.728348	-0.658885	-0.230823	-0.351327	-0.092948	0.160804	10.869171
0.857257	0.486079	0.660480	-0.052578	-0.338150	-0.390514	-0.064721	0.187988	10.861193
1.145178	0.593216	0.718387	-0.023492	-0.342332	-0.391873	-0.063417	0.189239	10.860834
0.003125	0.695333	0.775118	0.005536	-0.346450	-0.393193	-0.062110	0.190493	10.860474
-1.358872	1.212697	1.507993	0.516222	-0.411953	-0.410487	-0.036710	0.214845	10.853622
0.225600	-0.876981	1.314034	0.849172	-0.448597	-0.410854	-0.010707	0.239835	10.846824
1.880163	-1.456797	0.397255	0.978678	-0.449066	-0.388926	0.018520	0.268154	10.839376
-2.168574	1.420267	-0.640018	0.888836	-0.401416	-0.343161	0.048060	0.297186	10.831994
2.452489	-1.195518	-1.277376	0.616557	-0.305046	-0.273307	0.079135	0.328364	10.824322
0.388275	-0.717528	-1.254855	0.233347	-0.176147	-0.185971	0.110053	0.360248	10.816721
-2.699705	-0.628686	-1.242289	0.215443	-0.170089	-0.181871	0.111385	0.361644	10.816393
2.708422	-0.539607	-1.229015	0.197495	-0.164008	-0.177750	0.112714	0.363040	10.816066
2.041677	0.456105	-0.858295	-0.163012	-0.039012	-0.091435	0.139017	0.391123	10.809574
-0.758188	0.375414	-0.420923	-0.497918	0.085821	0.000683	0.164832	0.419672	10.803135
-3.002414	0.017919	0.027880	-0.794053	0.215860	0.110291	0.193867	0.453244	10.795752
3.004207	0.046900	0.444362	-0.926153	0.315212	0.218460	0.221774	0.487366	10.788441
-3.003195	0.039901	0.465219	-0.927166	0.318737	0.223209	0.222998	0.488912	10.788114
-0.869142	0.028809	0.486364	-0.927708	0.322175	0.227948	0.224220	0.490460	10.787787
2.957227	-0.356576	0.836758	-0.836912	0.372122	0.317386	0.247537	0.520967	10.781414
-0.483415	0.576177	0.744882	-0.538187	0.391593	0.398165	0.269591	0.551839	10.775095
-2.610644	1.257405	0.070530	0.024976	0.380534	0.477242	0.293496	0.588290	10.767791
1.571681	-0.851120	-0.718089	0.587464	0.337318	0.536309	0.315167	0.625157	10.760561
2.201608	-0.881920	-0.725258	0.593378	0.336570	0.536924	0.315429	0.625632	10.760468
-2.195155	-0.912523	-0.732315	0.599255	0.335816	0.537536	0.315692	0.626109	10.760376
-2.045704	-1.722705	-0.835265	0.870499	0.275238	0.569797	0.332126	0.657819	10.754277
1.175511	-0.140198	-0.140591	0.901597	0.194305	0.586026	0.346562	0.689773	10.748232
-0.645099	1.379264	0.803631	0.684230	0.084692	0.585971	0.360188	0.725850	10.741519
0.321199	0.486363	1.008908	0.260795	-0.031874	0.567439	0.371031	0.762160	10.734873
-0.586857	-0.784943	0.429690	-0.227637	-0.137768	0.532398	0.378909	0.797677	10.728472
-0.795836	0.526011	-0.631315	-0.646190	-0.222354	0.481260	0.384181	0.833344	10.722134
0.838501	0.649396	-0.689284	-0.665047	-0.226279	0.477847	0.384407	0.835396	10.721772
-0.882988	0.774785	-0.745195	-0.683151	-0.230083	0.474385	0.384624	0.837447	10.721411
1.761950	-1.028331	-1.223874	-0.849814	-0.273267	0.410650	0.387041	0.871029	10.715529
-2.532057	0.662982	-0.844751	-0.729049	-0.275954	0.333789	0.387387	0.904678	10.709703
0.735048	1.063433	-0.813528	-0.715796	-0.275024	0.329375	0.387350	0.906456	10.709397
2.584306	1.444886	-0.782213	-0.701974	-0.273994	0.324925	0.387308	0.908234	10.709091
-2.743913	-0.227460	-0.193332	-0.366594	-0.238965	0.237283	0.385571	0.940974	10.703489
-1.587561	-2.009012	0.508394	0.049250	-0.179661	0.140592	0.382095	0.973722	10.697940
-0.556095	2.141873	1.359855	0.485044	-0.094059	0.022840	0.376136	1.011033	10.691680
0.589922	-1.151479	1.348533	0.735766	-0.002418	-0.098818	0.368186	1.048298	10.685488
1.408254	-1.704372	1.318089	0.740567	0.001503	-0.104150	0.367795	1.049928	10.685218
-1.394081	-2.223469	1.284810	0.744788	0.005406	-0.109479	0.367400	1.051557	10.684949
1.261688	-0.393074	0.189639	0.718538	0.078695	-0.215188	0.358751	1.084209	10.679574
-1.350768	2.404635	-0.970861	0.521224	0.138512	-0.316491	0.348775	1.116787	10.674251
1.583743	-1.736726	-1.276170	0.160265	0.185030	-0.422900	0.335876	1.153881	10.668236
-1.792908	-2.426089	-0.452274	-0.249990	0.203069	-0.515177	0.321499	1.190836	10.662289
1.798923	-1.987496	-0.393708	-0.267026	0.203129	-0.518886	0.320827	1.192475	10.662026
1.070894	-1.539044	-0.333707	-0.283828	0.203123	-0.522555	0.320154	1.194112	10.661764
-1.839333	2.209916	0.832884	-0.548097	0.189306	-0.587592	0.306353	1.226331	10.656617
1.746058	1.569620	1.137990	-0.607516	0.149162	-0.638886	0.291613	1.258419	10.651523
-1.520914	-1.542727	0.303996	-0.350640	0.073981	-0.681033	0.273758	1.294858	10.645774
1.219467	-0.456214	-0.964881	0.067860	-0.016874	-0.706172	0.254919	1.331099	10.640092
-1.202478	0.434243	-1.005901	0.089730	-0.021760	-0.707038	0.253895	1.333014	10.639792
1.185470	1.296915	-1.041712	0.111297	-0.026631	-0.707858	0.252870	1.334926	10.639494
-0.906934	-0.538678	-0.933986	0.416296	-0.104284	-0.714780	0.235227	1.367128	10.634477
0.681540	-1.257562	0.002215	0.570209	-0.163905	-0.708888	0.217023	1.399150	10.629514
-0.541340	1.249726	0.942745	0.502223	-0.196318	-0.688191	0.196583	1.433894	10.624158
-0.057541	-0.146247	0.701353	0.177001	-0.196878	-0.653197	0.175593	1.468408	10.618865
0.428248	-0.431316	0.645657	0.146926	-0.195807	-0.650115	0.174038	1.470923	10.618480
0.541271	-0.699174	0.586717	0.116416	-0.194595	-0.646968	0.172481	1.473435	10.618096
-0.652959	-0.984854	-0.261830	-0.264375	-0.168887	-0.603040	0.153140	1.504188	10.613407
0.028329	0.801712	-0.865473	-0.555415	-0.125596	-0.550230	0.133428	1.534741	10.608768
1.070166	-0.156921	-0.643246	-0.641658	-0.060511	-0.481849	0.110889	1.568805	10.603621
-1.281388	-0.456496	0.157365	-0.505657	0.016095	-0.405526	0.087965	1.602600	10.598539
-0.644954	-0.333947	0.210827	-0.491004	0.021238	-0.400382	0.086477	1.604766	10.598214
1.303465	-0.206596	0.263310	-0.475749	0.026393	-0.395213	0.084988	1.606931	10.597889
-1.413511	0.384294	0.795026	-0.223143	0.095499	-0.323807	0.064923	1.635799	10.593569
-0.666241	-0.262443	0.837610	0.087681	0.161087	-0.249052	0.044634	1.664461	10.589296
1.480043	-0.418340	0.346999	0.461432	0.226655	-0.158014	0.020435	1.698016	10.584315
-1.465392	0.474152	-0.420649	0.747846	0.271030	-0.065657	-0.003997	1.731271	10.579399
1.464591	0.433432	-0.452379	0.756980	0.272363	-0.061577	-0.005080	1.732732	10.579184
-1.463799	0.386739	-0.483502	0.765752	0.273636	-0.057497	-0.006164	1.734193	10.578968
0.400997	-0.372223	-0.933861	0.853005	0.285506	0.022616	-0.027643	1.762926	10.574740
1.445401	-0.529206	-0.929523	0.733406	0.269743	0.101229	-0.049234	1.791422	10.570562
0.483092	0.141656	-0.251744	0.305089	0.220736	0.189421	-0.074188	1.823924	10.565816
-0.283647	0.431597	0.667305	-0.268843	0.145406	0.274280	-0.099213	1.856105	10.561136
-1.468746	0.408759	0.704541	-0.294843	0.141475	0.278038	-0.100351	1.857559	10.560925
-0.255291	0.381622	0.740935	-0.320671	0.137506	0.281786	-0.101490	1.859014	10.560714
1.498786	-0.342971	1.234226	-0.755453	0.054741	0.351745	-0.123372	1.886828	10.556685
-0.351192	-0.011345	1.228071	-1.001505	-0.036870	0.417051	-0.145245	1.914392	10.552708
-1.594695	0.332224	0.656243	-1.046018	-0.145571	0.484476	-0.170133	1.945503	10.548235
0.314991	-0.543681	-0.267532	-0.870681	-0.251587	0.542931	-0.194931	1.976281	10.543827
1.662265	-0.539979	-0.311632	-0.859154	-0.255812	0.545137	-0.195956	1.977549	10.543646
-1.665081	-0.529005	-0.356100	-0.847308	-0.260020	0.547324	-0.196980	1.978817	10.543464
-0.701956	0.683633	-1.255233	-0.527487	-0.343609	0.589015	-0.218529	2.005406	10.539671
1.786191	1.173495	-1.641024	-0.091046	-0.414028	0.621530	-0.239947	2.031734	10.535928
-0.333176	-1.399916	-0.841454	0.483524	-0.472333	0.646245	-0.264399	2.061708	10.531682
-1.910835	-0.008319	0.818499	0.940365	-0.499080	0.655851	-0.288601	2.091330	10.527501
1.913197	0.273198	0.887909	0.954324	-0.499417	0.655903	-0.289671	2.092638	10.527316
-0.957968	0.550462	0.955539	0.967569	-0.499675	0.655921	-0.290739	2.093945	10.527132
-1.957148	1.319818	1.689562	1.055532	-0.488255	0.649644	-0.311631	2.119510	10.523537
-0.873821	-1.168841	0.841407	0.769105	-0.444292	0.631317	-0.332307	2.144798	10.519992
2.018807	-0.352935	-0.893488	0.179098	-0.359582	0.597933	-0.355185	2.172742	10.516087
-2.033477	1.104170	-1.472443	-0.429983	-0.242062	0.552541	-0.377826	2.200334	10.512245
2.025066	-1.343171	0.202961	-0.814559	-0.097973	0.497315	-0.400059	2.227342	10.508496
-1.971175	1.605690	1.208283	-0.876520	0.068886	0.433541	-0.422096	2.254000	10.504808
-1.858689	1.617569	1.192613	-0.870549	0.076928	0.430470	-0.423091	2.255201	10.504642
-1.831751	1.601210	1.170247	-0.863794	0.085005	0.427386	-0.424086	2.256401	10.504477
1.828632	-1.648850	-0.103972	-0.585456	0.258333	0.360139	-0.444750	2.281261	10.501050
0.473519	0.024625	-0.915790	-0.191591	0.429224	0.288189	-0.465274	2.305807	10.497677
-1.563222	0.371614	-0.924288	-0.173202	0.437186	0.284587	-0.466271	2.306995	10.497514
1.547019	0.714956	-0.929700	-0.155078	0.445099	0.280977	-0.467268	2.308182	10.497351
0.764748	1.220671	-0.421666	0.141846	0.585814	0.209771	-0.486508	2.331025	10.494223
-0.774405	-1.171853	0.755644	0.348607	0.692772	0.136868	-0.505654	2.353587	10.491143
0.405147	1.366265	0.622699	0.496241	0.755201	0.051864	-0.527730	2.379368	10.487635
-0.301552	-1.641157	-0.519246	0.551747	0.732845	-0.031939	-0.549718	2.404771	10.484192
0.305818	-1.371194	-0.552279	0.551971	0.729738	-0.035613	-0.550694	2.405892	10.484040
-0.310955	-1.076862	-0.581928	0.551996	0.726448	-0.039281	-0.551670	2.407012	10.483889
0.562801	0.205691	-0.611308	0.508301	0.628313	-0.109307	-0.570615	2.428632	10.480970
-1.021516	1.827961	-0.051233	0.370842	0.474541	-0.176303	-0.589528	2.449971	10.478098
1.759352	-0.975009	0.555783	0.103634	0.233459	-0.252097	-0.612416	2.475442	10.474684
2.242573	-1.607545	0.528061	-0.209355	-0.044675	-0.320500	-0.635305	2.500502	10.471340
-2.244700	-1.183620	0.525484	-0.210740	-0.046063	-0.320808	-0.635415	2.500621	10.471324
2.246807	-0.762723	0.522896	-0.212113	-0.047443	-0.321115	-0.635524	2.500740	10.471308
-2.510070	1.536861	-0.129621	-0.396767	-0.291579	-0.371548	-0.654750	2.521446	10.468556
2.585102	-1.507103	-0.458610	-0.399744	-0.530025	-0.414678	-0.674010	2.541863	10.465853
-2.494614	-1.343097	-0.086280	-0.123650	-0.769638	-0.453401	-0.695820	2.564571	10.462861
-1.843781	1.309368	0.380325	0.250949	-0.935497	-0.480224	-0.717717	2.586913	10.459930
2.271456	1.361193	0.390764	0.269657	-0.941734	-0.481355	-0.718956	2.588163	10.459766
0.419561	1.399243	0.398417	0.287784	-0.947581	-0.482444	-0.720195	2.589412	10.459603
-2.047971	0.786968	0.234810	0.469126	-0.983609	-0.493480	-0.738764	2.607941	10.457185
-0.065811	-1.308790	-0.164003	0.433910	-0.910949	-0.494459	-0.757423	2.626211	10.454811
1.793588	-1.368405	-0.429796	0.109175	-0.691305	-0.483532	-0.779896	2.647766	10.452024
-1.953177	1.657735	-0.014544	-0.404216	-0.369430	-0.461241	-0.802467	2.668951	10.449300
1.966927	1.538729	0.018389	-0.424855	-0.354155	-0.460065	-0.803433	2.669847	10.449185
-1.981297	1.387974	0.052206	-0.445067	-0.338799	-0.458873	-0.804398	2.670742	10.449070
2.377292	-2.145655	0.573707	-0.702251	-0.015474	-0.431487	-0.823862	2.688627	10.446784
-2.870252	2.636371	0.041741	-0.542727	0.314915	-0.398492	-0.843364	2.706237	10.444544
3.359366	-2.994687	-0.781725	0.004599	0.671805	-0.354615	-0.866113	2.726410	10.441993
-3.523259	-0.957315	-0.013776	0.642595	0.957086	-0.306742	-0.888870	2.746213	10.439505
3.519287	-0.312256	0.041469	0.666718	0.967205	-0.304598	-0.889860	2.747066	10.439398
-1.992929	0.322034	0.096999	0.690248	0.977096	-0.302451	-0.890850	2.747919	10.439292
-3.227035	2.690242	0.994474	0.988957	1.121952	-0.259442	-0.910427	2.764643	10.437205
2.698274	-2.290196	0.812019	0.869617	1.158909	-0.216278	-0.929976	2.781096	10.435165
-2.014543	0.321916	-0.493495	0.359698	1.083195	-0.167606	-0.952483	2.799745	10.432868
1.508748	1.602186	-1.169894	-0.282324	0.908318	-0.120545	-0.974909	2.818034	10.430632
-1.494526	1.167554	-1.167377	-0.309661	0.898644	-0.118482	-0.975909	2.818843	10.430534
-0.173103	0.713331	-1.161772	-0.336684	0.888832	-0.116423	-0.976909	2.819651	10.430435
1.383028	-1.691159	-0.634878	-0.792005	0.674659	-0.077178	-0.996271	2.835195	10.428551
-1.532515	1.997842	0.076252	-1.104635	0.428158	-0.039387	-1.015538	2.850469	10.426712
1.901272	-2.409467	0.536636	-1.280855	0.124968	0.002688	-1.037859	2.867932	10.424627
0.569369	-0.035108	0.918649	-1.246409	-0.169893	0.042474	-1.060007	2.885030	10.422605
-2.359285	0.491438	0.931326	-1.240393	-0.181269	0.044014	-1.060888	2.885706	10.422525
2.376254	1.013090	0.943618	-1.234002	-0.192615	0.045551	-1.061770	2.886381	10.422446
-2.714877	2.840588	1.070300	-0.995619	-0.432115	0.078339	-1.081074	2.901092	10.420723
-0.104596	-0.595341	0.826658	-0.570057	-0.650505	0.109099	-1.100207	2.915521	10.419048
3.175898	-2.755679	0.244129	0.037035	-0.861960	0.140278	-1.120916	2.930976	10.417271
0.022743	0.004538	-0.414823	0.648561	-1.041382	0.168744	-1.141381	2.946096	10.415552
-3.264014	0.187857	-0.443035	0.675442	-1.049170	0.170047	-1.142362	2.946818	10.415470
3.265025	0.368557	-0.470627	0.701946	-1.056875	0.171343	-1.143342	2.947538	10.415389
-1.280959	2.463251	-0.822462	1.102633	-1.184111	0.194135	-1.161403	2.960752	10.413904
-3.146531	2.032887	-0.774743	1.278536	-1.280035	0.214514	-1.179233	2.973698	10.412466
2.992987	-0.329247	-0.369112	1.220740	-1.349295	0.234793	-1.199395	2.988228	10.410871
-2.821500	-1.088569	0.156678	0.944162	-1.377227	0.251625	-1.219212	3.002407	10.409335
-1.926582	-1.151102	0.177714	0.928512	-1.377595	0.252265	-1.220048	3.003003	10.409271
-1.384169	-1.219656	0.198450	0.912600	-1.377902	0.252899	-1.220882	3.003598	10.409207
2.661870	-1.997209	0.523701	0.538361	-1.371597	0.264546	-1.237811	3.015634	10.407924
-2.525050	1.388229	0.566556	0.112935	-1.344955	0.273875	-1.254444	3.027404	10.406686
-2.520486	1.838848	0.289240	-0.353575	-1.297032	0.282033	-1.272891	3.040407	10.405339
-0.056438	-0.448323	-0.168000	-0.730304	-1.237779	0.288140	-1.290919	3.053071	10.404050
1.986684	-1.648359	-0.500929	-0.941253	-1.175974	0.292549	-1.308222	3.065193	10.402839
-1.716712	1.142188	-0.478070	-0.944206	-1.117735	0.295747	-1.325097	3.076991	10.401683
1.702522	1.297298	-0.468906	-0.939745	-1.115241	0.295871	-1.325863	3.077526	10.401632
0.105812	1.440981	-0.459134	-0.934923	-1.112767	0.295993	-1.326628	3.078060	10.401580
-1.377612	1.443711	-0.147089	-0.766860	-1.066071	0.298173	-1.342094	3.088855	10.400547
1.106292	-1.389061	0.260436	-0.503090	-1.025695	0.299946	-1.357163	3.099362	10.399563
-1.095484	-1.375913	0.278263	-0.488187	-1.023788	0.300030	-1.357914	3.099885	10.399514
-0.325936	-1.341711	0.295542	-0.473183	-1.021892	0.300115	-1.358664	3.100408	10.399466
0.949880	1.133706	0.522587	-0.174201	-0.987115	0.301664	-1.372890	3.110318	10.398561
-0.919619	1.460466	0.554062	0.111003	-0.954097	0.303001	-1.386734	3.119957	10.397703
0.971221	-1.610997	0.374259	0.361469	-0.916897	0.304099	-1.401644	3.130333	10.396805
-1.070033	-1.451602	0.021505	0.525600	-0.876260	0.304672	-1.416081	3.140378	10.395964
-0.294024	-1.378857	0.003564	0.530803	-0.874323	0.304685	-1.416714	3.140819	10.395928
1.079644	-1.305134	-0.014453	0.535817	-0.872374	0.304697	-1.417345	3.141258	10.395892
-1.175572	0.135967	-0.376281	0.596754	-0.829952	0.304711	-1.429885	3.149982	10.395189
-0.910688	1.566585	-0.662073	0.578854	-0.780877	0.304306	-1.442045	3.158439	10.394531
0.501040	2.227432	-0.759170	0.461226	-0.718178	0.303351	-1.455413	3.167735	10.393839
1.407105	0.612183	-0.500000	0.249867	-0.649167	0.301888	-1.468292	3.176688	10.393206
0.297232	0.517118	-0.486358	0.242351	-0.646930	0.301835	-1.468684	3.176960	10.393187
-1.409619	0.420360	-0.472401	0.234800	-0.644689	0.301781	-1.469076	3.177232	10.393169
0.123523	-1.936120	0.027077	0.021712	-0.581064	0.300119	-1.479661	3.184588	10.392678
1.435427	-1.823941	0.651202	-0.173234	-0.513918	0.298113	-1.489892	3.191693	10.392229
-1.427762	1.119139	1.002915	-0.321030	-0.431972	0.295360	-1.501352	3.199650	10.391762
0.846100	-0.452345	0.479249	-0.338609	-0.346793	0.292176	-1.512335	3.207270	10.391352
1.417118	-0.511784	0.440940	-0.336662	-0.342993	0.292027	-1.512807	3.207597	10.391335
0.661247	-0.560146	0.401797	-0.334517	-0.339189	0.291876	-1.513278	3.207924	10.391318
-1.412819	-0.173199	-0.451611	-0.256989	-0.263481	0.288739	-1.522409	3.214254	10.391013
-0.008881	0.098511	-1.124376	-0.132496	-0.187698	0.285302	-1.531180	3.220331	10.390751
1.432022	-0.334364	-1.293805	0.028162	-0.102373	0.281014	-1.540783	3.226979	10.390505
0.636303	0.674709	-1.113943	0.158955	-0.020345	0.276368	-1.549919	3.233296	10.390316
-1.462591	0.830928	-1.093771	0.163429	-0.016800	0.276153	-1.550314	3.233570	10.390309
1.464233	0.986531	-1.072131	0.167764	-0.013262	0.275937	-1.550709	3.233843	10.390302
-1.500024	0.711273	-0.338246	0.219601	0.053813	0.271574	-1.558272	3.239066	10.390188
1.534810	-2.095635	0.842898	0.191599	0.115783	0.266964	-1.565479	3.244037	10.390117
-1.559169	2.296473	1.565253	0.029996	0.179736	0.261413	-1.573277	3.249408	10.390088
0.802108	-0.530474	0.266398	-0.288571	0.236426	0.255576	-1.580614	3.254452	10.390116
1.550768	-1.041151	0.165908	-0.308723	0.239187	0.255264	-1.580984	3.254706	10.390119
-1.549147	-1.531738	0.064547	-0.329158	0.241929	0.254951	-1.581353	3.254960	10.390122
1.505492	-1.662075	-1.444900	-0.702665	0.284793	0.249629	-1.587321	3.259053	10.390197
1.492876	1.262665	-1.708504	-1.107710	0.322346	0.244118	-1.592943	3.262901	10.390315
-1.350230	-0.937589	-0.189234	-1.561431	0.359121	0.237551	-1.598989	3.267028	10.390503
1.267026	0.778685	1.245210	-1.965588	0.389088	0.230766	-1.604578	3.270829	10.390747
-1.262810	0.402622	1.298883	-1.986644	0.390607	0.230370	-1.604886	3.271038	10.390762
1.258675	0.005037	1.348937	-2.007433	0.392105	0.229972	-1.605192	3.271246	10.390778
-1.205494	-0.703658	1.799014	-2.289537	0.412521	0.223729	-1.609749	3.274331	10.391049
-0.418140	0.287650	1.998176	-2.479964	0.427716	0.217341	-1.613944	3.277159	10.391364
1.143075	0.437114	2.043815	-2.563438	0.438415	0.210251	-1.618096	3.279941	10.391756
