226.143077	-254.971159	-12.816761	9.572178	9.062598	-60.246149	232.134153
186.738330	-216.031661	-11.094068	9.554254	9.066595	-60.416406	232.137984
136.084567	-161.409406	-9.022721	8.964688	9.564884	-60.934140	232.092613
48.253563	-82.814665	-6.000857	7.380196	10.792271	-62.013125	231.964111
-3.016165	-12.700191	-2.636918	4.840223	12.508327	-63.442147	231.755036
2.981125	-10.106999	-2.466675	4.691995	12.600841	-63.518185	231.742793
-1.495220	-7.689603	-2.295920	4.541459	12.694027	-63.594712	231.730356
-2.188277	7.048315	1.180515	1.070723	14.649584	-65.191715	231.443107
1.523680	-1.307172	4.442016	-3.302412	16.686509	-66.853296	231.078439
1.350933	-9.124645	5.832292	-8.098417	18.525488	-68.371636	230.664777
-1.528511	-4.266345	4.328480	-13.242002	20.166508	-69.767188	230.181101
1.567729	-3.170208	4.163373	-13.540059	20.253254	-69.842904	230.150839
-0.196592	-1.993923	3.991442	-13.837302	20.338914	-69.917944	230.120337
-1.072667	10.865497	0.566730	-18.503188	21.562176	-71.033178	229.590190
-4.034207	12.860993	-3.000620	-22.670966	22.403896	-71.914230	228.995903
-0.851117	9.195667	-6.053296	-26.661208	22.805928	-72.609475	228.197541
7.401219	-5.618332	-6.719515	-28.929144	22.454291	-72.879308	227.304563
-1.221710	-6.164267	-6.699827	-28.954266	22.436516	-72.880421	227.282636
-7.456279	-6.707898	-6.678363	-28.977976	22.418267	-72.881297	227.260630
5.192469	-15.854970	-4.537980	-28.898228	21.465578	-72.754893	226.434117
8.363691	-6.744135	0.272362	-27.150357	19.959229	-72.320035	225.539770
-8.098074	16.147825	5.550563	-23.315436	17.571190	-71.420131	224.409681
-1.445180	13.943131	6.378277	-17.942934	14.599569	-70.096859	223.188605
3.781713	13.196943	6.316718	-17.688993	14.462503	-70.031467	223.134911
7.347619	12.441302	6.248656	-17.433433	14.324692	-69.965362	223.081097
4.241870	1.618316	3.725179	-11.886243	11.323148	-68.447350	221.946173
-5.578392	-5.260491	0.135989	-6.000895	7.976974	-66.612632	220.746756
4.456465	-13.109492	-3.269470	0.754866	3.654847	-64.076797	219.270750
0.146491	-4.837426	-4.059474	7.153150	-1.098456	-61.112340	217.712418
-3.383168	-3.630858	-4.034040	7.451824	-1.326941	-60.965197	217.638562
3.340293	-2.391179	-4.003814	7.751665	-1.556155	-60.817143	217.564536
0.116590	10.913371	-2.618964	13.444433	-5.834540	-57.956134	216.184662
-1.389994	2.749185	0.003867	19.512972	-10.175081	-54.792044	214.750211
-1.490957	-9.201155	2.259905	26.746674	-15.106881	-50.694906	213.000331
1.011387	-5.304014	1.389649	33.543885	-19.594959	-46.181600	211.180224
-0.817141	-4.918646	1.298203	33.817953	-19.776373	-45.975063	211.099195
-0.971975	-4.528463	1.204035	34.089666	-19.956497	-45.767590	211.017980
-0.861850	3.601341	-0.853733	38.801567	-23.192363	-41.501187	209.385586
0.352434	7.626713	-2.046880	41.782807	-25.693987	-36.926475	207.704711
-0.274589	-2.769417	-0.786752	42.314928	-27.550621	-31.252984	205.698794
0.542873	-7.036482	1.969808	39.161385	-28.281778	-25.207577	203.632748
-0.563418	-6.712130	2.087924	38.940617	-28.288592	-24.946173	203.544688
0.584763	-6.362233	2.204885	38.712617	-28.293518	-24.684389	203.456590
-1.411987	1.668985	4.245629	32.189442	-27.970986	-19.059258	201.581700
-3.304701	6.740154	4.826453	22.343199	-26.869380	-13.233390	199.664098
-3.510913	6.025204	2.300310	6.884055	-24.609721	-6.096675	197.326169
5.100683	1.127593	-3.268843	-10.599757	-21.400477	1.176469	194.933143
-2.476102	1.110161	-3.294651	-10.675813	-21.384754	1.207913	194.922741
-4.547881	1.092821	-3.320447	-10.751862	-21.369015	1.239358	194.912338
-6.505598	-1.619402	-7.662645	-25.015064	-18.052237	7.299684	192.893561
2.595515	-5.447674	-9.129011	-37.637687	-14.192770	13.351483	190.841029
9.388528	-8.100976	-4.715901	-48.196509	-9.206495	20.163612	188.468587
-10.699394	-0.252484	5.291102	-52.538116	-3.664351	26.837945	186.057418
-8.220403	0.233367	5.554858	-52.549379	-3.516889	27.005743	185.995450
10.759548	0.730583	5.816489	-52.555254	-3.369333	27.173205	185.933533
-11.675625	10.073331	12.539325	-49.281808	1.831126	32.833527	183.793705
12.364618	-11.226105	11.003826	-38.901725	7.180744	38.289684	181.627918
0.663058	-4.205139	-2.580185	-19.833382	13.330696	44.280148	179.095646
-13.035242	13.728481	-15.672279	2.981953	19.204187	49.868242	176.533767
-7.358861	13.777403	-15.976738	4.010822	19.453346	50.104797	176.419920
4.127946	13.729460	-16.248027	5.039229	19.701615	50.340587	176.305942
12.877794	0.757967	-15.471437	24.541504	24.321571	54.765941	174.061681
2.240885	-14.581675	-5.526752	41.359018	28.359650	58.787044	171.799076
-11.632292	-12.109855	11.468585	54.661720	32.073083	62.858031	169.173009
-10.670003	13.156364	20.398086	58.401036	34.541580	66.263992	166.527460
10.378386	13.233485	20.348742	58.293733	34.618875	66.399694	166.408717
-10.315671	13.125243	20.250570	58.160991	34.693196	66.533922	166.289941
9.013291	-4.878133	10.790309	51.053838	35.580029	68.831421	163.986220
3.017263	-10.846571	-5.744423	37.124914	35.535724	70.534389	161.672032
-6.781576	5.745034	-20.810386	15.948313	34.510165	71.747466	158.980607
4.950815	8.577188	-21.470522	-6.703490	32.601757	72.177799	156.280981
6.821233	8.164180	-21.042366	-7.655265	32.501548	72.179437	156.163823
-6.854242	7.695838	-20.572493	-8.602626	32.399924	72.179691	156.046572
8.029755	-8.179889	-5.622701	-26.359085	30.097539	71.897816	153.692824
-9.861796	4.939815	9.953636	-41.080359	27.365022	71.089356	151.337089
-3.749003	8.734905	19.297556	-53.360002	23.658229	69.460908	148.503402
14.057956	-2.582706	12.681910	-59.074639	19.666846	67.164442	145.672586
-3.237499	-2.646706	12.625995	-59.087651	19.647830	67.152233	145.659380
-14.069385	-2.710994	12.569602	-59.100628	19.628695	67.139934	145.646092
-7.583171	-9.914668	1.673687	-59.742616	16.147814	64.694708	143.243153
5.341178	-7.194935	-6.442770	-57.717567	12.689179	61.835130	140.846430
13.184779	1.932883	-11.394562	-53.688131	8.983604	58.303734	138.257530
8.460742	9.781992	-12.642984	-48.984898	5.331210	54.362713	135.680759
2.847425	10.176265	-12.594107	-48.624827	5.045889	54.035840	135.478240
-1.417064	10.524374	-12.525220	-48.269201	4.760968	53.706691	135.275812
-9.431796	10.200383	-10.463683	-44.640935	1.658864	49.946712	133.058490
-5.890121	1.275508	-6.244723	-41.399950	-1.387626	45.940426	130.853911
5.466368	-9.197012	-0.675974	-37.779139	-4.952726	40.855926	128.233215
0.585726	-3.498098	2.934052	-34.142018	-8.416550	35.500656	125.635938
-3.596512	-2.406475	3.117111	-33.865640	-8.665700	35.099403	125.446893
3.491592	-1.328047	3.290978	-33.587157	-8.914242	34.696958	125.257989
-2.525023	7.582858	4.769595	-30.234192	-11.715128	30.009660	123.105472
1.967429	6.371858	5.671031	-26.551418	-14.428713	25.194694	120.973210
-1.783524	-6.197894	6.128758	-21.702255	-17.537569	19.329301	118.462035
2.054383	-3.170638	5.877011	-16.311507	-20.501268	13.364649	115.984608
0.034464	-2.785608	5.849096	-16.060093	-20.629257	13.098327	115.875479
-2.097913	-2.407698	5.819813	-15.807685	-20.756936	12.831900	115.766422
2.665210	1.818392	4.952087	-10.675099	-23.191793	7.602681	113.647052
-3.432666	2.980935	3.397612	-5.200332	-25.499979	2.364489	111.557236
-0.260308	4.462153	0.524311	1.464233	-27.985460	-3.626420	109.195251
1.016062	2.460838	-3.366818	8.477228	-30.282329	-9.546543	106.877299
5.559684	2.180393	-3.538794	8.797303	-30.380210	-9.808275	106.774970
-5.677752	1.880428	-3.708928	9.117738	-30.477626	-10.069595	106.672803
-6.458306	-4.063005	-6.434899	15.585943	-32.324167	-15.201225	104.665048
7.147263	-1.793838	-7.082490	22.166317	-33.989936	-20.209348	102.695867
2.078677	1.191646	-4.802806	29.613659	-35.690521	-25.916482	100.425158
-7.635048	3.947097	-0.315390	36.209257	-37.068375	-31.358824	98.213864
-1.796286	3.962799	-0.295043	36.233067	-37.073152	-31.379844	98.205205
7.632746	3.978531	-0.274683	36.256855	-37.077924	-31.400859	98.196546
-7.186112	3.915838	4.230463	40.790666	-37.962761	-35.771503	96.369526
6.444695	-4.329148	8.211027	44.028274	-38.570031	-39.884525	94.589342
-5.452416	4.694465	9.824089	45.762222	-38.930826	-44.159296	92.647880
1.883969	2.189445	8.320154	45.228692	-38.971766	-48.026838	90.770543
4.470718	2.006359	8.213774	45.167724	-38.967407	-48.163717	90.701251
-4.439114	1.835588	8.104277	45.104022	-38.962636	-48.299956	90.632055
3.412553	-3.649501	-0.200396	38.707781	-38.256599	-54.343865	87.241147
2.779111	-6.808738	-8.636762	27.831481	-36.906973	-58.542057	84.113596
-3.832271	-5.648140	-8.773114	27.543495	-36.869749	-58.618026	84.043624
3.862622	-4.437255	-8.905176	27.254479	-36.832305	-58.692977	83.973807
1.829129	-3.152750	-9.043393	26.940021	-36.791466	-58.773084	83.898292
0.978133	-1.979068	-9.176423	26.624233	-36.750347	-58.852045	83.822912
-4.615112	5.265761	-10.613191	21.426203	-36.055852	-59.959012	82.636374
-3.917359	6.804239	-10.898596	16.119792	-35.302686	-60.766438	81.498502
-0.184420	6.036647	-9.815209	9.320982	-34.251882	-61.383631	80.104986
6.641723	-3.023514	-6.616571	2.590657	-33.119404	-61.545778	78.796842
4.269138	-3.785367	-6.417285	2.295598	-33.067397	-61.542793	78.740789
-6.637315	-4.517152	-6.212654	2.000778	-33.015212	-61.538956	78.684867
6.272676	-5.150569	-1.218040	-3.654492	-31.965669	-61.296138	77.624591
-1.127446	0.183316	4.815116	-8.995608	-30.863776	-60.745925	76.628621
-4.562721	3.359010	8.762895	-14.537982	-29.532177	-59.753025	75.559913
0.267785	0.099298	5.708912	-19.240618	-28.141589	-58.400661	74.574745
3.929707	-0.229382	5.461286	-19.418385	-28.082218	-58.336393	74.535178
-3.919160	-0.532139	5.207146	-19.594540	-28.022784	-58.271537	74.495753
-2.556038	-1.713267	-0.922878	-22.882243	-26.777208	-56.794676	73.708765
1.840697	1.367908	-6.168172	-25.439977	-25.523581	-55.080471	72.980879
4.876597	-1.426609	-6.780823	-27.524066	-24.036280	-52.708367	72.175215
-4.965462	-0.883962	-3.435637	-28.496057	-22.643694	-50.039433	71.449609
-0.599741	-0.858438	-3.414057	-28.497881	-22.637150	-50.025541	71.446213
4.962543	-0.832775	-3.392446	-28.499674	-22.630609	-50.011642	71.442818
0.841871	2.863779	0.496095	-28.336368	-21.580461	-47.557237	70.892761
-3.614249	1.605524	4.041211	-27.179555	-20.662402	-44.930018	70.394433
2.759773	-6.960494	6.569367	-24.651940	-19.784717	-41.833652	69.899478
2.266755	-7.536584	6.417304	-20.806643	-19.014191	-38.568119	69.462486
-2.433261	-7.422247	6.380518	-20.699993	-18.996681	-38.488082	69.452713
2.436296	-7.302614	6.342295	-20.592714	-18.979204	-38.407961	69.442972
-0.975315	2.045920	4.048058	-16.265234	-18.356394	-35.415490	69.107144
-4.037774	12.150859	0.405473	-11.338951	-17.747418	-32.326682	68.811507
-3.513629	14.660440	-4.622380	-5.307308	-17.020254	-28.659232	68.517399
8.200925	-0.041294	-9.226813	0.613132	-16.221521	-24.907588	68.271086
0.184264	-1.040143	-9.382675	0.857892	-16.184788	-24.744537	68.261506
-8.409446	-2.064932	-9.533483	1.101651	-16.147802	-24.581262	68.252003
10.551251	-21.134233	-11.178674	5.730084	-15.345873	-21.261546	68.077298
6.731049	-18.707768	-9.355925	9.665563	-14.418205	-17.913555	67.934202
-8.612969	4.869803	-3.017485	13.202368	-13.157692	-14.057328	67.806285
-16.171729	30.731134	5.967906	15.586921	-11.641609	-10.208171	67.714155
16.219856	31.452975	6.399025	15.665652	-11.566315	-10.034840	67.710788
7.059342	32.081396	6.830316	15.741746	-11.490449	-9.861691	67.707489
-9.518270	28.412340	14.451007	16.688967	-9.901508	-6.542467	67.656502
-16.888196	7.876043	18.432824	16.616183	-8.063519	-3.263660	67.627962
16.470926	-28.534121	17.203605	15.303648	-5.694384	0.446418	67.620253
-15.739988	-42.580671	9.084025	12.876317	-3.140964	4.057799	67.636540
15.702633	-37.844483	8.538733	12.744442	-3.021917	4.219213	67.637800
10.851505	-32.820759	7.978679	12.611033	-2.902754	4.380264	67.639101
-14.913002	29.060854	-4.724745	9.773371	-0.583860	7.422306	67.672009
-9.656013	43.790544	-17.601986	6.559333	1.758314	10.353350	67.718505
13.264631	33.186802	-27.255003	2.534974	4.512565	13.676451	67.788698
4.600980	0.024226	-28.552311	-1.352071	7.154758	16.793030	67.871688
3.226568	-0.598652	-28.500291	-1.408671	7.194176	16.839293	67.873048
-12.510397	-1.222354	-28.446089	-1.465028	7.233475	16.885412	67.874408
10.657769	-30.501405	-22.115475	-4.246522	9.256695	19.263401	67.949792
11.887832	-35.695311	-8.572154	-6.471315	11.105988	21.468782	68.029407
4.458243	-24.308877	14.276995	-8.134252	12.980063	23.796807	68.124742
-12.607349	5.951554	32.426155	-8.564643	14.506453	25.848026	68.220119
1.253573	8.019459	32.947791	-8.549959	14.574910	25.944692	68.224924
12.698262	10.041857	33.415911	-8.531555	14.642484	26.040576	68.229720
-13.690845	22.860378	31.160449	-7.656666	15.665674	27.561202	68.310350
-0.373728	1.179678	7.725550	-5.861480	16.434592	28.834846	68.386390
16.497832	-15.254672	-25.293278	-3.081552	17.012320	29.975219	68.465608
-12.252901	12.574933	-35.418786	-0.068313	17.268839	30.743543	68.532908
-17.940716	12.441430	-34.898215	0.055961	17.272737	30.767481	68.535444
-6.006550	12.067660	-34.284742	0.179704	17.276079	30.790725	68.537956
18.799764	-11.342151	-8.043075	2.511373	17.219114	31.110825	68.583211
5.083214	-9.497599	21.702976	4.158784	16.912061	31.132791	68.614799
-18.279206	11.871988	34.590681	4.685016	16.207298	30.810762	68.632368
16.112238	-1.392810	11.117699	3.434484	15.085544	30.145783	68.630513
3.093973	-3.990478	9.459920	3.340584	15.021150	30.105532	68.629959
-15.816096	-6.540993	7.786477	3.244506	14.955849	30.064556	68.629363
12.609943	-13.649673	-19.734578	1.314646	13.655763	29.223197	68.612161
8.994523	1.802637	-31.699018	-0.592841	12.101003	28.174753	68.583006
6.459114	14.278854	-26.595037	-2.100829	10.003673	26.716237	68.535225
-1.421724	8.953672	-8.217787	-2.805243	7.641352	25.031935	68.474062
1.322016	8.058285	-7.092698	-2.820024	7.523457	24.946942	68.470855
-1.227382	7.174814	-5.952710	-2.833171	7.404993	24.861458	68.467619
-1.045367	-10.750468	14.307996	-2.788156	5.129054	23.203329	68.403112
0.829353	-13.515486	25.245783	-2.234651	2.730222	21.416528	68.330622
0.440179	-6.650683	22.933516	-1.207372	0.125825	19.393842	68.245770
-4.700997	4.454065	10.802142	0.026312	-2.421451	17.272872	68.154312
1.922316	14.517016	-4.752580	1.246875	-4.945985	14.916422	68.050303
9.657227	3.550567	-14.362070	2.025538	-7.118827	12.505470	67.941710
-4.040301	2.246955	-14.610937	2.045370	-7.208999	12.392641	67.936579
-9.835736	0.922750	-14.841803	2.063498	-7.298168	12.279690	67.931439
6.879748	-16.488619	-15.701028	2.048498	-8.767299	10.150782	67.833808
11.905297	-19.796722	-10.433614	1.323050	-9.811285	8.026054	67.735031
4.871935	-6.909384	-1.506846	0.007835	-10.418087	5.689296	67.624942
-3.021159	14.973176	6.417386	-1.367519	-10.378434	3.410947	67.516167
-12.026132	27.506182	9.296753	-2.292175	-9.661311	1.264277	67.412306
11.858822	7.650783	5.201246	-2.429928	-8.281080	-0.769802	67.312443
-5.240199	5.671820	4.898025	-2.418584	-8.200571	-0.863455	67.307807
-11.850201	3.617546	4.590044	-2.405846	-8.118788	-0.956851	67.303181
11.850397	-31.267509	-1.456713	-1.908856	-6.255061	-2.751523	67.213597
-11.953138	-19.431130	-4.644472	-1.120773	-4.039293	-4.399527	67.130157
-8.957236	-18.361931	-4.722921	-1.075905	-3.915196	-4.481927	67.125951
7.686259	-17.306225	-4.793481	-1.030958	-3.790502	-4.563857	67.121766
12.075307	2.142129	-4.922326	-0.225628	-1.477280	-5.948177	67.050456
11.219140	19.798955	-3.625519	0.552138	0.910696	-7.161663	66.986761
-11.944520	30.492270	-1.741343	1.387567	3.640542	-8.335163	66.923456
11.440346	11.779812	-0.688929	2.111065	6.146853	-9.221381	66.873388
-0.032457	10.316762	-0.659785	2.140922	6.253476	-9.254617	66.871437
-11.372944	8.842657	-0.631822	2.170482	6.359315	-9.287207	66.869516
-3.511949	-13.755920	-0.251660	2.663724	8.173087	-9.772682	66.839332
9.559884	-22.958446	0.122720	3.018702	9.564256	-10.000015	66.821318
4.501171	-19.448531	0.921791	3.225942	10.502841	-9.913253	66.817166
-7.126001	-6.060725	1.905436	3.165178	10.539744	-9.419046	66.833813
5.950790	-5.644964	1.935126	3.158180	10.524903	-9.396867	66.834710
7.061901	-5.230131	1.964644	3.150842	10.509058	-9.374269	66.835631
-0.764017	6.091249	2.679569	2.770667	9.672292	-8.574547	66.872120
-5.742535	9.317749	2.959736	1.974966	8.154364	-7.481178	66.931342
5.364732	-0.824016	2.136844	0.683461	5.746791	-5.939328	67.031130
-2.614648	-4.459655	-0.442112	-0.730792	2.813325	-4.171380	67.169801
-4.571475	-4.425123	-0.508792	-0.755842	2.756051	-4.137513	67.172728
-5.214360	-4.387385	-0.576193	-0.780828	2.698669	-4.103599	67.175671
-3.926976	-0.195565	-4.016253	-1.887864	-0.225096	-2.394692	67.338743
-1.471812	2.957457	-4.948430	-2.609427	-3.261407	-0.642563	67.540723
5.644799	-0.148954	-0.768992	-2.771065	-6.439832	1.188825	67.801013
-5.949933	-4.245720	4.695551	-2.380974	-9.417200	2.920042	68.113116
-2.554098	-4.130151	4.902935	-2.351279	-9.548344	2.996839	68.128960
2.960076	-3.972949	5.103097	-2.320640	-9.678729	3.073246	68.144925
6.269618	3.111549	7.381334	-1.560806	-12.025515	4.460815	68.477447
-6.493149	7.119215	6.063580	-0.559108	-13.973868	5.644901	68.858406
-6.808470	3.799392	-0.085586	0.668778	-15.593221	6.694689	69.367665
6.975780	-7.390486	-7.584167	1.665171	-16.363804	7.318457	69.951669
-0.111636	-7.859427	-7.872275	1.698679	-16.376429	7.335636	69.979080
-6.984565	-8.310211	-8.153732	1.731108	-16.387210	7.351955	70.006644
5.068354	-12.637285	-11.772634	2.115431	-16.219700	7.501906	70.583374
7.010708	-9.908227	-10.454986	1.944944	-15.333915	7.338838	71.222693
-0.059825	-3.058024	-4.291911	1.209208	-13.510119	6.799671	72.031339
-7.035723	9.143718	4.157779	0.136301	-10.924300	5.920654	72.920863
7.040194	9.699912	4.532418	0.086068	-10.796711	5.875477	72.961211
5.924247	10.249855	4.905603	0.035730	-10.667993	5.829770	73.001681
-5.332943	17.165039	11.801727	-0.974712	-7.834671	4.796538	73.846603
-7.423537	8.167631	16.672949	-1.869592	-4.581968	3.564412	74.748996
7.779941	-17.304530	19.988062	-2.529795	-0.389798	1.921034	75.864642
-8.203057	-12.982810	21.186313	-2.466953	4.075386	0.088750	77.049703
3.486361	-12.492370	21.178193	-2.447708	4.235619	0.021292	77.092657
8.234614	-11.999247	21.165999	-2.427200	4.395988	-0.046346	77.135692
-8.665477	1.319195	19.167044	-1.455731	8.741505	-1.928582	78.324130
-6.199861	11.394516	13.438291	0.120076	13.053246	-3.903730	79.567227
-2.613886	12.841721	3.935686	1.964886	17.118127	-5.891913	80.833206
9.523689	0.489626	-7.873746	3.833411	20.909825	-7.900511	82.144602
-5.029351	0.022992	-8.165654	3.876005	20.995928	-7.948380	82.176400
-9.526541	-0.446267	-8.457595	3.918453	21.081807	-7.996240	82.208223
9.504459	-9.055401	-19.616799	5.429651	24.258897	-9.864192	83.476175
-9.394648	7.113092	-28.046091	6.485556	26.989278	-11.691097	84.778031
9.276463	-5.048253	-27.234696	6.906894	29.415427	-13.672545	86.284652
-9.278848	-0.744095	-12.288350	6.485011	31.032174	-15.548928	87.826776
-8.140179	-0.183494	-10.757731	6.419770	31.117950	-15.685098	87.943796
9.296068	0.327251	-9.189801	6.349860	31.198560	-15.820599	88.060991
-7.930242	2.502456	9.933755	5.229337	31.744283	-17.303784	89.397476
-9.723557	-2.429943	26.481067	3.475219	31.606524	-18.691088	90.753730
-7.957516	1.121763	30.838177	0.457514	30.570205	-20.207050	92.393343
10.109619	4.299498	21.493076	-3.581524	28.623409	-21.558290	94.053843
-1.579602	4.000435	20.959368	-3.776984	28.517378	-21.613772	94.127390
-10.106358	3.653867	20.424899	-3.973683	28.409588	-21.668942	94.201020
9.929740	-5.506775	11.148001	-7.990010	25.957951	-22.678830	95.652274
3.350251	-3.975893	6.830787	-12.064335	22.884177	-23.543484	97.113835
-8.438834	7.081068	4.391665	-16.385285	18.592902	-24.348779	98.812011
-6.645063	6.773226	0.768366	-19.777511	13.546278	-24.932189	100.517174
6.768703	5.707534	0.598227	-19.907319	13.286544	-24.954286	100.598881
-6.676041	4.567294	0.431528	-20.033707	13.025176	-24.975838	100.680595
4.825921	-6.919992	-2.023329	-21.663237	8.008387	-25.270325	102.162913
-2.993293	-0.492097	-3.769312	-21.796893	2.482425	-25.375747	103.645294
-2.507161	5.501052	-7.250868	-19.624119	-4.545953	-25.246943	105.374368
1.635786	-3.723627	-15.440582	-14.592231	-11.967857	-24.832926	107.098335
-1.669407	-4.224178	-15.743922	-14.399489	-12.187164	-24.816435	107.148483
1.705015	-4.702367	-16.050211	-14.204046	-12.406550	-24.799689	107.198625
-3.685656	4.304945	-24.770157	-6.539014	-19.379209	-24.132694	108.788381
6.604924	2.887315	-23.972078	3.772921	-26.201751	-23.196603	110.369527
4.946105	-4.488404	-12.022568	15.469839	-32.763426	-21.955266	111.968562
-10.992669	-0.165236	6.360741	26.470955	-38.702973	-20.411075	113.554700
-11.314379	0.348838	6.893316	26.771293	-38.869690	-20.359757	113.602237
11.338642	0.873246	7.420135	27.069210	-39.035622	-20.308153	113.649760
0.361183	5.337400	18.632773	34.620309	-43.616141	-18.625907	115.068513
-10.029816	-0.561933	16.960936	38.683230	-47.311936	-16.677351	116.473461
5.157523	-5.984221	5.292959	38.414618	-50.314749	-14.070991	118.084037
5.926002	-2.679780	-7.051351	33.337952	-51.960361	-11.076726	119.671558
-4.801604	5.893564	-11.924352	24.845010	-52.395825	-7.856062	121.156945
-1.784036	-4.017394	-2.145606	13.861883	-51.847577	-4.280188	122.617381
4.826120	-4.966669	-1.224118	13.077552	-51.776718	-4.024439	122.715929
-0.489846	-5.482427	-0.304342	12.292888	-51.701697	-3.767096	122.814398
-5.795029	5.020846	9.148279	1.965675	-50.268399	-0.091708	124.153125
6.773639	-1.342054	7.765532	-6.516310	-48.130919	3.826613	125.466270
6.927953	-2.946352	7.525269	-6.882647	-48.009884	4.023333	125.529623
-6.968913	-4.501900	7.279516	-7.245185	-47.887345	4.220550	125.592911
7.450129	-0.682806	1.676928	-13.859123	-45.112616	8.287108	126.851876
-4.233899	3.984672	-3.902487	-19.633705	-41.781979	12.521900	128.082851
-7.404696	-3.305029	-6.534031	-26.089139	-37.354237	17.533294	129.454784
-7.408986	-4.935481	-3.701261	-33.273470	-32.339121	22.678625	130.785773
7.428300	-4.607462	-3.495912	-33.621672	-32.098855	22.914509	130.845154
3.022119	-4.186902	-3.287102	-33.971830	-31.857542	23.150570	130.904446
-8.152599	6.268589	1.576039	-41.065867	-27.039339	27.703278	132.023296
9.413637	-8.011183	7.153741	-48.903033	-21.888097	32.288675	133.107659
-6.766820	4.613421	7.742921	-59.024978	-15.386331	37.750783	134.352082
-14.226746	13.641572	2.085705	-68.959725	-8.565499	43.164656	135.542730
-11.924851	13.629576	2.052426	-68.999152	-8.536287	43.187227	135.547615
-9.622442	13.617101	2.019082	-69.038553	-8.507072	43.209796	135.552499
20.307158	-19.816898	-10.730917	-82.010099	5.306850	53.367195	137.695526
-26.352247	-15.879907	2.824732	-78.124193	19.385436	62.776694	139.607978
-13.281443	-15.699500	2.878825	-78.090094	19.421924	62.799933	139.612648
-3.682498	-15.517970	2.932919	-78.055873	19.458408	62.823164	139.617316
5.196627	-15.400259	2.967828	-78.033724	19.481952	62.838152	139.620328
26.400046	-15.281067	3.003052	-78.011325	19.505707	62.853272	139.623367
-16.814397	14.570566	10.528478	-71.666525	24.823543	66.175220	140.289663
-31.858528	28.803007	15.630437	-62.800076	30.042392	69.311268	140.918257
-32.256211	13.239032	15.846534	-47.326879	36.727074	73.137612	141.689861
2.608578	-28.460282	9.809298	-27.814926	43.083002	76.553914	142.391220
6.363437	-29.886960	9.394514	-26.754295	43.388522	76.712035	142.424178
34.027042	-31.165203	8.971325	-25.685346	43.693185	76.869115	142.456977
29.873994	-32.134115	0.934409	-6.639402	48.680960	79.349259	142.984498
6.011230	-8.054509	-7.527682	13.522353	53.314568	81.472969	143.458962
-31.370208	24.490130	-15.504855	37.386435	58.215341	83.466526	143.944749
-36.238351	31.193966	-18.642326	60.364973	62.474673	84.886638	144.353562
-12.396566	30.442300	-18.627034	61.321953	62.643026	84.934385	144.369461
1.475348	29.600187	-18.597902	62.275233	62.810015	84.980970	144.385213
26.937779	3.011509	-15.545424	80.596190	65.883868	85.667912	144.671621
35.166290	-19.183692	-9.454107	96.501880	68.340693	85.847313	144.895665
14.780588	-27.508875	-1.019938	110.424039	70.294823	85.404268	145.071743
0.018284	-21.517688	7.372841	118.990520	71.317317	84.234333	145.169064
-18.156277	-5.065647	14.045690	120.981060	71.322199	82.294463	145.189608
-27.851657	13.815088	17.046879	115.408314	70.248050	79.561671	145.135319
-19.164110	14.438380	17.048904	115.025847	70.183242	79.436188	145.131617
-10.790730	15.042942	17.039799	114.631335	70.116806	79.309493	145.127798
-4.634835	21.635573	13.278947	102.502788	68.140724	76.049851	145.007343
21.835283	4.904146	2.821168	85.868461	65.368780	72.181582	144.826259
-1.473498	3.224075	2.238237	84.993120	65.217724	71.982296	144.816123
-21.521630	1.525187	1.653671	84.111931	65.065022	71.781712	144.805853
8.549668	-19.945210	-9.874113	64.029204	61.378058	67.138074	144.551390
14.757323	-7.811279	-14.988016	43.344548	57.003869	61.931560	144.235932
-12.228681	19.829368	-10.794369	23.331072	51.877014	56.041072	143.850211
11.174966	-4.070318	2.618893	5.349362	46.191276	49.645196	143.403822
-1.073421	-4.588841	2.892537	5.039135	46.081476	49.522527	143.395013
-11.172496	-5.102334	3.165506	4.729762	45.971514	49.399700	143.386185
11.921384	-21.681874	13.906217	-9.294330	40.410271	43.210015	142.930393
-13.878472	-0.269889	15.002613	-20.970520	34.526489	36.679097	142.428065
-9.142652	25.370211	6.243426	-31.489326	27.478863	28.830794	141.798025
20.156207	15.366688	-6.948173	-40.316854	20.183187	20.628432	141.110921
4.495903	13.493325	-7.577842	-40.741399	19.824417	20.222205	141.076158
-20.448324	11.563719	-8.199911	-41.167480	19.465519	19.815524	141.041288
8.513078	-16.740796	-17.218487	-49.462690	12.963436	12.387670	140.392480
19.891389	-31.275569	-18.960496	-59.979393	6.412238	4.764915	139.703376
26.152721	-32.162946	-8.965285	-75.688200	-1.125045	-4.227179	138.860229
14.571152	-16.089074	7.439690	-93.830020	-8.550737	-13.384362	137.967399
-1.667033	-15.077665	8.119749	-94.600603	-8.852618	-13.764088	137.929615
-13.722705	-14.054351	8.794691	-95.371885	-9.154142	-14.144005	137.891751
-27.041375	5.833990	20.877521	-111.507064	-15.398625	-22.168549	137.077392
-26.267113	19.530552	25.588460	-126.513480	-21.421546	-30.243370	136.228876
-17.340637	24.096777	16.745861	-140.401751	-28.023309	-39.591661	135.207879
23.426654	6.575935	-4.673573	-149.651020	-34.152557	-48.912866	134.145225
8.671461	4.972428	-5.723933	-149.946172	-34.414323	-49.328612	134.096724
-23.220253	3.374412	-6.769608	-150.230483	-34.674767	-49.743916	134.048177
6.372621	-12.230221	-24.275027	-153.564454	-39.510304	-57.799665	133.086527
18.464499	-10.822017	-30.402222	-152.302442	-43.862679	-65.759440	132.096383
8.349478	-5.890768	-20.974013	-144.551439	-48.309907	-74.766420	130.922261
-13.201365	0.164092	-1.116520	-131.665492	-52.214269	-83.550613	129.714310
7.954070	-0.044534	-0.326813	-131.135154	-52.345252	-83.861320	129.670323
13.054871	-0.240063	0.463156	-130.601158	-52.475623	-84.171671	129.626294
-11.512523	3.405025	19.102233	-115.901733	-55.630474	-92.044500	128.477131
1.053500	-16.598122	29.033620	-100.632596	-58.401996	-99.638656	127.302603
9.642486	-16.798502	23.336386	-85.441934	-60.900980	-107.193535	126.056656
-8.903952	21.862775	0.364116	-69.741804	-63.035860	-114.357875	124.787036
-8.849017	22.824396	-0.050798	-69.439970	-63.071495	-114.484344	124.763725
-1.387935	23.794343	-0.461259	-69.137350	-63.107018	-114.610669	124.740407
7.121754	20.831604	-22.007903	-28.207422	-66.330992	-127.402601	122.168950
-4.631900	-30.599522	-8.328608	34.740503	-68.434204	-138.134915	119.527529
-0.628968	-10.713470	-7.469082	36.414157	-68.472632	-138.364821	119.463242
4.491266	7.432631	-6.589727	38.090347	-68.510528	-138.593328	119.398923
-4.419372	21.122359	-5.683375	39.800943	-68.548606	-138.824771	119.333339
4.347753	29.934567	-4.776646	41.514571	-68.586162	-139.054899	119.267679
4.201158	12.737113	8.231644	69.728861	-69.129074	-142.633665	118.180408
-1.032267	-1.421428	15.914535	96.747411	-69.536891	-145.788963	117.085283
-2.294378	-15.111160	15.077932	127.172869	-69.884806	-149.199336	115.661027
-2.551125	-12.475174	0.682210	148.197745	-70.057210	-151.814610	114.227384
2.599075	-9.962840	-0.250755	148.821520	-70.061428	-151.916180	114.160435
-2.322806	-7.383603	-1.195134	149.406897	-70.065329	-152.015912	114.093470
-4.056913	6.176925	-15.762088	152.425449	-70.083529	-153.535077	112.839605
5.098008	1.891372	-14.400824	138.879649	-69.999600	-154.380810	111.581787
10.094266	-5.901352	-0.407864	108.362318	-69.745249	-154.511628	110.194681
-15.071024	7.428085	14.611625	67.058165	-69.258572	-153.785664	108.805981
-8.016964	18.215085	22.773228	18.204604	-68.427124	-152.095931	107.354520
29.829565	19.667152	16.904513	-31.195340	-67.178553	-149.445968	105.902571
9.357298	19.428811	16.336619	-33.401033	-67.109508	-149.301025	105.835802
-30.654676	19.111968	15.747430	-35.597343	-67.039361	-149.154058	105.769034
8.754031	-2.212073	1.314154	-75.304248	-65.460552	-145.948499	104.488092
43.043579	-23.909993	-15.543925	-108.195244	-63.369366	-142.034438	103.207879
68.224147	-44.729902	-35.168680	-140.280510	-55.712710	-130.051484	100.160694
-79.589761	-16.334090	3.806254	-89.566439	-43.660869	-114.725886	97.126891
-53.754399	-15.879149	3.934452	-89.366231	-43.626042	-114.683968	97.119361
-8.175491	-15.421326	4.062617	-89.165783	-43.591193	-114.642032	97.111831
13.950840	-13.352614	4.632966	-88.270203	-43.435745	-114.455055	97.078298
41.307754	-11.250999	5.201773	-87.371145	-43.280089	-114.267973	97.044811
66.843522	-7.439760	6.221742	-85.743782	-42.999293	-113.930837	96.984629
79.838176	-3.668815	7.238765	-84.100972	-42.716986	-113.592332	96.924412
6.614235	40.294110	23.155815	-54.711508	-37.771566	-107.718974	95.910323
-35.242874	54.755609	34.400427	-23.727036	-32.515426	-101.545233	94.898773
-51.673792	48.236902	38.108430	16.768838	-24.976616	-92.705960	93.528507
-67.419713	30.573331	30.831885	50.976190	-17.113206	-83.391348	92.163961
-57.963552	13.340771	16.898620	78.173476	-8.903048	-73.443239	90.777957
-37.336788	-5.113630	0.733330	98.051206	-0.657676	-63.097092	89.399258
-17.953108	-6.230574	-0.050746	98.856901	-0.251317	-62.575473	89.331212
-7.031966	-7.371995	-0.830193	99.646828	0.154989	-62.052676	89.263143
22.849318	-27.516056	-13.507070	111.063554	7.344956	-52.571051	88.049838
31.306992	-35.070937	-22.227929	117.512610	14.324767	-42.853433	86.843283
9.032418	-21.379962	-24.504791	119.063671	22.009832	-31.343036	85.454274
-14.115879	-0.634085	-18.924982	114.344230	29.118896	-19.614452	84.075691
5.749620	0.105073	-18.505985	113.976863	29.420026	-19.088673	84.014642
13.502442	0.870482	-18.072963	113.595532	29.719820	-18.562572	83.953614
-8.387438	16.187650	-7.391951	103.741854	35.252465	-8.316252	82.776110
4.675196	-0.833200	4.853729	90.409942	40.229038	2.015838	81.607333
-1.903932	-6.386279	10.411816	73.660171	45.264105	14.114913	80.257445
0.531821	2.902006	0.573808	58.371090	49.443526	26.231012	78.920773
-0.407281	2.956043	0.157469	57.785079	49.590169	26.707691	78.868422
-0.474467	2.963045	-0.244317	57.198347	49.735549	27.184676	78.816052
-0.428480	-1.521505	-4.572990	43.748926	52.605622	37.755430	77.658707
0.642991	0.739262	-0.980285	28.766366	54.775996	48.259444	76.512562
-1.603593	-0.219228	1.166448	10.323486	56.410287	60.522856	75.174826
2.775036	0.614962	0.298125	-6.798451	57.009467	72.585763	73.854058
-0.901986	0.605125	0.294313	-6.856233	57.009714	72.628707	73.849340
-2.783420	0.595013	0.290482	-6.914455	57.009949	72.671998	73.844584
3.703333	-1.931139	-0.116816	-19.622896	56.689349	82.515388	72.758872
-4.535665	3.643722	0.371276	-31.625666	55.611424	92.143150	71.685948
-1.256390	0.258498	0.555735	-46.006334	53.360201	103.117373	70.443529
6.186762	-6.939472	0.440092	-61.112773	50.025694	113.676455	69.220094
-2.343720	-6.954910	0.427170	-61.386224	49.954191	113.866142	69.197798
-6.213579	-6.962549	0.413583	-61.659665	49.882200	114.055973	69.175472
6.818886	-0.386300	-0.774002	-73.829667	46.025475	122.888460	68.121110
-7.365843	8.716273	-2.060344	-83.169322	41.317768	131.298314	67.082346
8.421154	-2.192690	-0.828330	-87.003942	27.436212	148.553494	64.784245
0.374030	-10.094398	2.675777	-64.717946	9.560463	162.746457	62.575093
-9.269126	-9.833533	2.760958	-63.942401	9.099574	163.044430	62.523169
-7.458079	-9.542496	2.845469	-63.158592	8.637779	163.340257	62.471300
-6.078558	-9.078481	2.960977	-62.057980	7.995742	163.747066	62.399437
2.269206	-8.528714	3.073729	-60.941906	7.351850	164.149888	62.327647
8.094302	-8.272061	3.119378	-60.475606	7.084848	164.315429	62.297957
9.352825	-7.996929	3.164284	-60.007387	6.817895	164.480070	62.268318
4.060558	2.311117	3.876066	-47.852129	0.204418	168.294302	61.545960
-9.726967	8.949842	3.205189	-34.833640	-6.441921	171.649801	60.834756
7.057004	-0.000539	-0.601079	-16.230939	-15.575928	175.524097	59.860166
9.609538	-6.060021	-4.183499	1.699248	-24.261595	178.389624	58.908499
3.097950	-5.686668	-3.544289	18.673967	-32.544720	180.236512	57.938052
-8.033301	1.405676	1.138034	33.881030	-39.669634	180.832543	56.993831
7.971159	1.918992	1.395491	34.575397	-39.976653	180.828415	56.949162
7.167580	2.369488	1.651647	35.267002	-40.280178	180.821225	56.904552
-6.654897	1.868481	4.829036	47.291516	-45.093507	180.161467	56.113763
-4.993575	-1.046429	2.315368	58.539205	-48.549226	178.463327	55.342989
5.041067	0.557133	-5.407261	69.581360	-50.601496	174.958374	54.439535
-6.357560	3.612122	-7.349967	75.708752	-49.976031	169.789893	53.567359
6.383639	3.513774	-7.286984	75.738112	-49.954355	169.727609	53.558512
2.849490	3.413139	-7.221767	75.766688	-49.932356	169.665141	53.549669
-8.471736	-6.234357	2.510114	75.132084	-47.043155	163.923270	52.835476
-13.804954	-4.205822	10.559551	67.697670	-42.138027	157.012456	52.145368
-17.000819	12.892662	8.111087	51.215911	-34.716669	148.055432	51.408353
19.077858	7.294814	-8.733834	27.380243	-25.712641	137.869280	50.702879
-4.471121	5.278546	-9.490271	26.253183	-25.305843	137.414612	50.673829
-19.126269	3.218859	-10.233179	25.118294	-24.897194	136.958007	50.644836
18.414262	-17.907329	-19.147756	0.016146	-16.000071	126.987932	50.052206
17.234673	-9.709542	-8.473903	-25.893554	-6.668090	116.267725	49.485553
-12.628812	18.533128	15.979669	-52.711436	4.528981	102.635566	48.844836
9.862878	0.328738	31.474001	-70.098366	15.225783	88.230956	48.243112
-1.188169	-0.832876	31.733881	-70.513900	15.621470	87.660016	48.220618
-9.725267	-1.985517	31.964722	-70.907561	16.015455	87.088173	48.198183
9.104750	-15.908510	30.074962	-74.348406	23.894876	74.825863	47.738872
-2.708220	4.901819	16.790824	-69.744772	30.836954	62.254293	47.307025
-12.140745	14.467087	-4.417889	-56.344949	37.794923	46.936648	46.827448
15.538423	-15.817314	-22.326728	-37.295531	43.212741	31.454214	46.389039
13.341453	-14.534501	-23.275719	-36.373222	43.413060	30.776800	46.370852
8.396377	-12.991965	-24.252595	-35.444841	43.610295	30.099372	46.352745
-19.300947	18.881525	-45.611013	-16.259043	46.849286	16.818402	46.013803
0.962913	5.585279	-60.214905	3.824970	48.858065	3.626491	45.706613
26.436957	-28.283127	-53.887372	26.617291	49.605641	-11.545353	45.389231
-29.096843	-2.363855	-15.059390	46.914282	48.616330	-26.390448	45.116992
-4.036436	1.300222	-12.856331	47.731614	48.531809	-27.043443	45.105923
29.267121	4.972182	-10.635212	48.539594	48.443906	-27.695195	45.094953
-21.957326	38.865889	32.434031	62.160609	46.076434	-40.079981	44.901761
-30.717788	37.271418	65.415079	71.321482	42.407554	-52.122597	44.743281
-23.074399	32.866921	81.967443	74.811095	36.208044	-66.187206	44.598776
31.206972	-3.934805	76.328693	68.790412	28.222000	-79.607612	44.507350
6.573000	-4.438901	76.213799	68.713783	28.157353	-79.704056	44.506876
-31.219130	-4.947799	76.097878	68.636726	28.092630	-79.800460	44.506404
32.259810	-51.058215	56.328770	57.243902	20.243290	-90.555819	44.472097
-33.271895	19.477352	25.557742	41.678153	11.688226	-100.750618	44.477123
-35.738191	51.004195	-14.263292	21.315867	1.741118	-111.313625	44.529312
37.573578	-0.001742	-52.677708	-0.505540	-8.357239	-121.071574	44.631391
-5.606912	-3.712643	-54.341364	-1.543129	-8.833066	-121.512809	44.637480
-37.728660	-7.378401	-55.984063	-2.578820	-9.308043	-121.951803	44.643680
27.854588	-47.379710	-82.024345	-21.401744	-18.011435	-129.767361	44.780210
39.844215	-42.115470	-96.418852	-38.419256	-26.258301	-136.859986	44.957039
15.037349	0.521799	-96.089118	-54.257489	-34.948392	-144.153277	45.214714
-29.964785	38.264840	-81.271554	-64.424502	-42.265823	-150.338924	45.528998
-32.840106	38.770753	-80.289572	-64.762452	-42.568609	-150.600771	45.545149
-40.607403	39.100789	-79.285294	-65.088297	-42.867249	-150.859857	45.561417
-17.911055	14.719940	-57.956522	-69.109402	-47.589842	-155.139824	45.882064
39.973774	-35.168781	-35.502516	-69.976623	-50.715549	-158.504265	46.245974
9.232659	-12.380721	-14.101151	-67.939350	-52.111305	-161.225771	46.725655
-38.110572	31.555071	4.342532	-63.198672	-51.252578	-162.655129	47.266036
-12.441904	32.122075	5.167074	-62.930721	-51.166326	-162.689168	47.291644
2.622930	32.507110	5.995264	-62.658118	-51.076147	-162.720684	47.317393
35.401952	-31.789275	42.699302	-47.489235	-43.991118	-161.807198	48.523492
-32.363884	-19.137651	73.412086	-27.332264	-31.726796	-156.884350	49.941994
-18.604294	-16.896265	73.881574	-26.841676	-31.402858	-156.731014	49.976480
-3.334248	-14.599940	74.336897	-26.350110	-31.077183	-156.575926	50.011068
16.077372	-12.041164	74.823742	-25.805246	-30.714927	-156.402339	50.049450
32.063325	-9.513742	75.292264	-25.259621	-30.350830	-156.226739	50.087932
-10.714099	21.174683	80.107040	-16.087968	-24.032620	-153.011682	50.744591
-25.749226	31.915594	78.157072	-6.803584	-17.277248	-149.256130	51.435007
-27.704070	21.598584	63.933343	5.160464	-8.156630	-143.703561	52.370446
-22.912225	-5.031313	39.204919	16.771529	1.212036	-137.415475	53.358556
-22.448104	-5.377937	38.900393	16.893590	1.313888	-137.343667	53.369540
-11.690507	-5.725287	38.595341	17.015553	1.415737	-137.271783	53.380531
17.449196	-29.339815	13.650148	26.223193	9.401245	-131.381388	54.264723
23.075507	-29.345543	-10.402602	34.293151	17.204769	-125.075575	55.184991
-2.067016	1.158336	-32.836933	41.561527	25.745940	-117.374954	56.287437
-19.870520	25.289515	-46.802129	46.250192	33.574828	-109.280299	57.434612
-16.094028	25.429281	-47.188107	46.394021	33.905287	-108.909305	57.487092
-2.298656	25.467674	-47.551777	46.531958	34.234005	-108.537441	57.539694
7.984470	12.124023	-49.611418	47.997214	40.232119	-101.155183	58.585142
17.076545	-10.845639	-40.945721	47.147067	45.316118	-93.595354	59.662667
10.170723	-18.266815	-20.846787	43.969935	49.830011	-84.957790	60.910511
-14.317348	0.506896	3.558273	39.134035	53.026230	-76.247270	62.195929
-0.066471	1.885961	4.606344	38.889259	53.138803	-75.857312	62.254265
14.200314	3.264377	5.643661	38.642485	53.248819	-75.467374	62.312673
-13.077989	13.042646	22.626062	33.434476	54.915504	-67.788317	63.479645
12.018543	-11.046093	29.610497	27.826312	55.691739	-60.174852	64.673562
-10.890178	9.181721	26.801063	21.262993	55.605162	-51.588965	66.073729
9.863820	3.861512	22.265309	14.604049	54.562745	-43.173413	67.506274
2.381365	3.068666	22.093636	14.315252	54.496976	-42.812121	67.569146
-9.779911	2.286384	21.924581	14.026624	54.429545	-42.451150	67.632075
3.381780	-6.880349	19.170696	8.264750	52.720228	-35.230047	68.914949
8.265589	-3.647420	17.587438	2.734879	50.376163	-28.134005	70.220295
-7.553509	5.979990	15.041296	-3.076871	46.988829	-20.205093	71.731246
6.197761	-5.172684	9.667904	-8.159896	42.897180	-12.425646	73.268378
6.920253	-5.502263	9.386061	-8.363472	42.701871	-12.086442	73.336667
1.119126	-5.769263	9.102305	-8.565172	42.505341	-11.747537	73.405003
-6.450204	-2.042378	3.308002	-12.156945	38.353465	-5.070549	74.773622
-1.352591	5.490392	-1.736040	-14.845440	33.771779	1.484727	76.159885
5.706966	0.598046	-4.322460	-16.710970	27.835603	9.113488	77.829131
-5.418798	-4.833778	-3.003347	-17.145387	21.445661	16.560197	79.520159
5.412015	-3.856437	-2.918312	-17.137166	21.267940	16.758328	79.566021
4.134814	-2.861621	-2.830846	-17.127877	21.089758	16.956537	79.611947
-5.221256	4.404732	0.280799	-16.298377	15.415571	23.053525	81.047698
1.250389	-1.568365	1.878128	-14.384625	9.501784	29.014167	82.496348
4.293251	-1.773551	0.862220	-10.948111	2.464218	35.694783	84.177240
5.030576	-3.416027	-1.363490	-6.909109	-4.699363	42.170061	85.872232
-5.033077	-3.399653	-1.442146	-6.751266	-4.980051	42.419055	85.938842
3.557689	-3.369433	-1.518858	-6.593820	-5.260885	42.667896	86.005522
5.129122	-0.214054	-2.526823	-3.360154	-11.346226	48.002264	87.463296
-1.461656	3.912484	-1.851652	-0.680260	-17.303310	53.158425	88.929192
-5.527671	2.944287	1.200196	1.666878	-24.014080	58.970236	90.660146
-2.675198	-3.406734	4.873555	3.115477	-30.271245	64.497716	92.399312
0.970717	-3.688549	5.006120	3.158275	-30.535393	64.735540	92.476476
3.179062	-3.962830	5.133884	3.199211	-30.798160	64.972601	92.553600
6.136030	-6.908388	6.307871	3.624724	-35.665290	69.474574	94.060413
3.397260	-3.640591	4.235048	3.350958	-39.979093	73.736408	95.570914
-6.776718	4.962812	-0.863695	2.370636	-44.231515	78.377172	97.327079
1.075639	10.642174	-6.464949	1.082318	-47.728406	82.688833	99.085277
7.117925	10.517205	-6.711006	1.018455	-47.883437	82.893833	99.172396
-7.133170	10.334335	-6.952066	0.954990	-48.036824	83.098020	99.259517
5.395893	1.133483	-10.256203	-0.025955	-50.444644	86.508349	100.769675
7.597871	-9.025574	-11.634653	-0.577101	-52.412901	89.673403	102.278948
-4.789875	-13.046498	-10.264117	-0.417094	-54.157631	93.050927	104.035307
-7.955562	-12.028444	-5.328075	0.239643	-55.097620	96.093833	105.787529
1.974836	-11.985683	-5.013701	0.276663	-55.119538	96.236042	105.874243
2.570756	-11.949690	-4.694562	0.313699	-55.138961	96.377445	105.960942
6.078243	-11.642326	1.487555	0.913475	-55.045830	98.753168	107.495914
8.079022	-9.501913	7.717372	1.201185	-54.044572	100.882467	109.025269
0.843676	-2.200398	13.149022	0.807450	-51.653003	103.009522	110.771858
-7.964577	8.391703	14.758258	-0.628502	-47.910280	104.788712	112.507925
2.390624	8.507502	14.744874	-0.654722	-47.853276	104.809450	112.530346
7.961373	8.621729	14.730492	-0.681141	-47.796061	104.830128	112.552764
-6.357498	11.821826	11.449187	-2.762773	-43.507997	106.075827	114.046245
-7.719336	5.037855	4.026758	-4.961764	-38.370212	107.049498	115.529489
7.653423	-10.235684	-5.820438	-6.753192	-31.758397	107.812177	117.181188
-7.710217	-8.527328	-12.726008	-7.044071	-24.437639	108.218338	118.817029
-3.842682	-8.146839	-12.956872	-6.997592	-23.951308	108.231983	118.920809
2.984524	-7.773544	-13.157013	-6.942547	-23.463214	108.244141	119.024467
7.906161	-2.315879	-13.231826	-5.295894	-16.717026	108.262641	120.414338
-4.863751	5.092839	-9.524261	-1.918882	-9.747523	108.007515	121.790077
-8.561501	7.000829	-2.001550	3.230707	-1.793938	107.387924	123.320215
4.318374	-2.286772	6.894153	8.772246	6.094196	106.411255	124.827806
9.430360	-5.882249	10.271742	13.865654	14.157818	104.984949	126.393857
-1.640032	5.388967	2.008997	16.818643	21.723634	103.148141	127.927964
-6.563909	5.426811	1.528609	16.870876	22.034478	103.059851	127.993173
-9.834321	5.377052	1.047683	16.915763	22.343979	102.970789	128.058317
10.044469	-5.040975	-7.040215	16.164957	28.239632	101.030614	129.344944
9.104145	-4.781658	-8.088366	11.984859	33.585995	98.778618	130.604033
-9.952077	4.290705	-1.339681	3.239793	39.020060	95.757379	132.033423
1.420850	3.986339	6.105561	-7.352985	43.460621	92.300813	133.420607
9.442728	3.582943	6.302487	-7.814643	43.626144	92.143148	133.478962
-9.413307	3.147690	6.484135	-8.275496	43.789449	91.984785	133.537195
-5.805117	-3.912917	6.944723	-17.149894	46.589123	88.658277	134.680639
7.807965	-2.042165	1.973773	-24.594606	48.454376	85.009357	135.789668
5.599216	4.042323	-5.903707	-29.648190	49.304902	80.356083	137.039093
0.211181	-3.763885	-7.716455	-28.739408	48.580294	75.311580	138.236832
-5.641145	-4.036277	-7.532674	-28.531884	48.510737	75.078654	138.288887
0.157737	-4.270706	-7.320868	-28.309259	48.438008	74.845038	138.340835
4.969833	-2.212177	0.754876	-21.291328	46.422518	70.187374	139.325733
-4.690151	5.243871	9.232211	-10.113367	43.331826	65.295894	140.268426
4.583662	-4.859553	8.999441	6.014261	38.549963	59.359480	141.306914
6.276700	-9.272286	-1.405652	22.462980	32.653074	53.176642	142.283718
-6.357096	-7.777195	-2.024619	23.122394	32.374883	52.903517	142.324640
6.439712	-6.203744	-2.651605	23.773924	32.095141	52.630192	142.365413
-8.492287	13.206878	-12.773694	35.039415	26.046682	46.987712	143.168549
10.781136	-18.023116	-8.615730	41.583920	19.402445	41.209820	143.919685
-13.225214	5.972595	16.726562	37.072218	2.680356	27.576341	145.436957
5.220780	40.525405	17.980769	7.294914	-14.243644	13.666139	146.649350
-4.861737	30.906096	17.403255	6.445898	-14.607310	13.353465	146.672869
3.175522	22.229055	16.796871	5.591802	-14.970118	13.040598	146.696239
4.138839	11.723675	16.188471	4.762778	-15.319504	12.738403	146.718657
-3.783628	-3.757710	15.562075	3.930087	-15.667814	12.436229	146.740921
3.275463	-27.964844	14.623344	2.707529	-16.174696	11.994814	146.773171
-2.786899	-41.184206	13.668378	1.478552	-16.679156	11.553462	146.805091
-1.273055	-27.101157	3.610983	-11.607258	-21.812702	6.924049	147.120254
-1.242297	-7.713154	-5.696542	-24.341834	-26.585191	2.313637	147.398170
-1.044735	6.444467	-15.422262	-39.793229	-32.519259	-4.114830	147.724370
-0.900763	35.460565	-18.744256	-49.945020	-37.330033	-10.452012	147.973111
-1.909850	33.159396	-13.312604	-52.855165	-40.927607	-17.012788	148.149299
4.320587	15.406104	1.059904	-49.222416	-42.782421	-23.400545	148.233993
1.942931	14.024117	1.752276	-48.956320	-42.823021	-23.671925	148.235550
-4.480479	12.610286	2.442464	-48.682892	-42.860397	-23.942912	148.236931
-1.298907	-10.636561	14.176101	-41.981061	-42.952498	-29.272371	148.227367
6.009968	-16.796841	16.368932	-33.987383	-41.882750	-34.415113	148.145865
-1.966975	-1.967015	2.093370	-24.878696	-39.355070	-40.116149	147.957738
-5.533250	9.627505	-13.714182	-17.223225	-35.656008	-45.435006	147.666862
-3.793768	9.460870	-14.056550	-16.970608	-35.491795	-45.632807	147.653477
2.521060	9.237996	-14.368512	-16.721695	-35.326011	-45.830102	147.639922
5.098428	-3.055330	-13.374162	-12.026650	-31.028905	-50.282674	147.274233
-1.099827	-6.405566	-0.304052	-9.282478	-26.073707	-54.345756	146.818227
-4.707071	5.833508	12.017130	-6.568516	-20.357669	-58.143206	146.245116
0.083810	-5.715704	10.236036	-2.068132	-14.223258	-61.477836	145.569547
4.878032	-5.657473	9.944026	-1.829248	-13.950773	-61.611328	145.537977
4.696570	-5.527595	9.644747	-1.587008	-13.677799	-61.743914	145.506211
2.521566	-4.446915	2.631568	4.217511	-7.846645	-64.319067	144.792547
-5.953733	-3.029709	-3.675948	11.144723	-1.917798	-66.477969	143.990372
6.924315	-0.731752	-8.517981	19.837000	4.709728	-68.385756	142.982976
0.187426	1.629101	-10.690073	28.985484	11.158527	-69.729264	141.859554
-8.147222	2.166222	-10.723209	29.516560	11.527411	-69.790023	141.790085
8.217905	2.766559	-10.745245	30.046100	11.895296	-69.848798	141.720171
0.574252	9.897101	-9.785229	37.788541	17.305668	-70.489889	140.609549
-7.191334	10.184733	-6.366861	44.781767	22.321496	-70.651041	139.403455
-11.604935	0.500824	0.809948	51.417352	27.383915	-70.235705	137.920798
-2.942086	-12.224757	8.395398	56.269800	31.633975	-69.166140	136.313363
9.472267	-12.446692	8.680782	56.439276	31.803562	-69.102292	136.238067
12.861786	-12.606734	8.958543	56.604326	31.971272	-69.037031	136.162466
5.645950	-4.556551	12.800418	58.860539	34.827915	-67.484275	134.634131
-10.513950	11.400398	13.779051	59.108132	36.810720	-65.397916	133.012317
-15.511803	15.014371	11.344227	56.891452	37.923360	-62.332432	131.039921
10.377668	-12.323029	5.184125	52.378631	37.813777	-58.548273	128.954637
16.231507	-13.947849	4.855623	52.130557	37.781673	-58.362779	128.858785
2.616770	-15.484691	4.524814	51.878872	37.747314	-58.175941	128.762720
-17.019686	14.855160	-9.941620	38.297906	34.287891	-48.979537	124.452729
16.966248	15.015220	-19.358124	21.485853	27.453243	-37.739198	119.788917
7.063656	13.239938	-19.470299	21.091466	27.264628	-37.463168	119.678905
-5.773545	11.402650	-19.577187	20.697163	27.074695	-37.186335	119.568729
-7.144339	9.386417	-19.686889	20.270510	26.867638	-36.885793	119.449292
-16.914733	7.386729	-19.790323	19.844051	26.659064	-36.584326	119.329665
-1.187072	-14.564735	-20.554959	12.789729	22.961965	-31.417700	117.302329
8.295483	-10.747838	-19.492029	5.998206	18.918921	-26.046534	115.224926
15.381592	8.965092	-16.284888	-2.330928	13.291653	-18.872046	112.465392
-14.461122	12.789801	-13.032823	-10.084833	7.369737	-11.550847	109.632249
-14.026046	12.602027	-12.983488	-10.231645	7.250992	-11.405636	109.575635
-11.784857	12.404149	-12.934931	-10.378429	7.132017	-11.260192	109.518910
-1.379264	-0.761699	-11.532515	-16.410225	2.018111	-5.045219	107.071072
12.619013	-11.339974	-10.978126	-21.947168	-3.089385	1.125246	104.578736
10.519344	-5.889447	-10.533341	-27.817619	-9.002004	8.290121	101.571630
-6.752973	9.586715	-9.091391	-32.876831	-14.607920	15.187612	98.512864
-10.282701	9.326887	-8.951814	-33.093722	-14.861286	15.503531	98.367847
-9.471379	8.903983	-8.803562	-33.308678	-15.113600	15.818601	98.222729
9.313754	-8.898515	-4.999852	-36.783410	-19.378149	21.230663	95.643928
8.582065	-5.996677	0.285471	-39.642447	-23.216883	26.310889	93.037274
-7.531001	7.932338	7.377684	-42.226487	-27.083812	31.808512	89.920195
6.755919	-0.688811	14.295019	-43.940338	-30.079340	36.654689	86.774437
0.460910	-1.260986	14.560611	-43.992208	-30.182304	36.839252	86.644399
-6.699737	-1.805016	14.824060	-44.042599	-30.283596	37.022600	86.514323
6.186525	-5.662289	19.746359	-44.759850	-32.016789	40.595827	83.766963
1.005912	-7.186478	23.246734	-44.818951	-32.952330	43.606349	81.006174
-5.612110	-4.562983	25.526806	-44.062482	-33.006366	46.368912	77.819512
-1.581537	6.280974	23.960942	-42.386767	-31.977921	48.388684	74.626838
5.638656	6.575919	23.775009	-42.296204	-31.912877	48.456757	74.493913
-5.645218	6.834031	23.578001	-42.204004	-31.846176	48.523509	74.361087
0.320510	3.392746	17.195238	-39.881795	-30.082151	49.631350	71.589212
6.252544	-5.004885	7.831379	-36.771513	-27.671484	50.209013	68.823003
5.240142	-6.361299	-4.081176	-32.149132	-24.207733	50.244693	65.647772
-7.494414	3.069842	-14.296759	-26.353303	-20.145344	49.633754	62.499529
-6.566021	3.402065	-14.628214	-26.096003	-19.972303	49.596269	62.374279
-5.749247	3.716785	-14.952017	-25.836711	-19.798536	49.557798	62.249093
0.315019	6.090273	-19.880507	-19.218491	-15.564027	48.386188	59.350914
3.682441	0.417931	-19.126601	-11.538394	-11.053743	46.703679	56.497572
9.468671	-6.063488	-14.914099	-2.897938	-6.235359	44.459245	53.613857
-9.254050	-4.066670	-10.188692	5.837074	-1.366919	41.721795	50.799016
-9.982165	-3.906591	-10.113334	5.986529	-1.282092	41.669699	50.750479
9.989795	-3.741760	-10.038393	6.135800	-1.197288	41.617461	50.701966
-5.515114	5.935721	-6.945162	13.483841	3.122316	38.737854	48.238427
-10.583968	6.726711	-5.756910	19.832232	7.289574	35.497934	45.847463
10.812841	-7.221991	-5.166605	25.210729	11.737582	31.390321	43.220102
-5.599294	5.098792	-1.920857	27.895369	15.723043	26.880137	40.709020
-11.132857	8.465313	3.304488	27.187844	19.044835	22.109343	38.371122
10.618392	-9.051928	7.464089	22.593268	21.678953	17.042335	36.167241
11.214643	-8.626374	7.502924	22.195356	21.813076	16.731610	36.040146
-6.040764	-7.891047	7.507648	21.783956	21.944528	16.420029	35.913572
-11.189367	9.490905	4.159464	13.964281	23.633663	11.489821	34.020144
11.002199	1.782086	-2.149212	4.451247	24.643623	6.397607	32.260753
-3.566598	0.486056	-2.416201	3.995334	24.673119	6.159299	32.182865
-10.973617	-0.796332	-2.676220	3.539118	24.701061	5.920762	32.105282
10.541997	-9.549378	-5.447167	-5.826094	24.915610	0.888062	30.552537
9.618580	-5.451456	-1.350003	-13.870577	24.372180	-4.164053	29.141904
-8.809032	8.645102	5.249723	-19.446710	22.689208	-9.933813	27.695063
7.126198	-3.473580	4.598637	-19.157265	19.794327	-15.484110	26.462143
7.397159	-4.091843	4.402899	-19.013250	19.640579	-15.720152	26.413218
-7.331660	-4.667951	4.196110	-18.859112	19.484664	-15.955507	26.364728
2.274497	-7.304812	-1.432140	-14.115360	16.006167	-20.447233	25.497589
4.732211	0.260171	-7.167129	-7.482919	11.943332	-24.580961	24.808507
-2.760024	6.632011	-7.776425	0.101263	6.985723	-28.749067	24.250074
-3.612164	-4.826678	0.102010	6.358300	2.107359	-32.212275	23.945425
3.200852	-5.826031	0.511084	6.594811	1.895913	-32.349032	23.937897
3.654342	-6.802447	0.915083	6.827048	1.685315	-32.484104	23.930904
-6.540055	-3.071233	11.309405	12.061214	-6.592404	-36.612578	24.179872
3.554842	9.477569	3.425282	6.561385	-12.021098	-36.332205	25.573579
10.616900	9.408418	3.390266	6.542851	-12.029114	-36.326347	25.577633
-1.467758	9.338131	3.354914	6.524161	-12.037176	-36.320421	25.581722
-4.770574	8.963660	3.169638	6.426556	-12.078950	-36.289186	25.603096
-10.696366	8.580164	2.982687	6.328629	-12.120315	-36.257356	25.624573
10.457840	-5.274087	-4.706193	2.484947	-13.396625	-34.627804	26.512019
12.577256	-10.072743	-11.733641	-1.420906	-14.143747	-32.106547	27.579511
-2.422643	-0.858687	-16.170755	-5.583761	-14.185270	-27.670102	29.193026
-13.150504	9.342210	-16.784860	-7.712281	-13.013946	-22.080053	31.086698
-8.651127	9.473958	-16.752251	-7.747114	-12.918498	-21.763966	31.192365
8.809037	9.550782	-16.715316	-7.773824	-12.819579	-21.445365	31.298828
12.927555	6.005186	-15.502947	-7.205034	-10.804113	-16.022465	33.115032
4.861766	0.341369	-12.738369	-5.176578	-8.172253	-10.165326	35.118402
-2.526759	-5.226621	-6.763301	-1.673999	-4.558284	-2.778113	37.768617
-11.393791	-6.732562	1.891933	1.985059	-0.875411	4.725540	40.677461
0.047436	-6.641866	2.306054	2.127769	-0.724335	5.042376	40.806538
11.344126	-6.527662	2.723296	2.268860	-0.573871	5.359124	40.936162
1.767424	0.134399	11.091852	4.618197	2.252875	11.645934	43.646349
-10.464416	5.826099	17.068021	5.565556	4.491956	17.621534	46.537252
-5.776402	0.177857	16.947964	4.396395	6.058263	23.940256	50.116783
9.827910	-5.893237	6.855829	1.626001	6.530360	29.328612	53.928512
7.459348	-5.618215	6.195850	1.487556	6.530843	29.536688	54.098704
2.771916	-5.277930	5.519624	1.348343	6.529945	29.742483	54.269320
-9.717740	6.272371	-8.220772	-1.445605	6.262646	33.345164	57.756403
-3.635023	4.942874	-14.104424	-3.777216	5.610660	35.962386	61.407392
9.993492	-7.357485	-9.070910	-5.042965	4.356566	37.861728	65.838751
-10.488171	-3.700015	4.445162	-4.311437	2.530578	38.701500	70.478651
-6.901616	-2.681754	5.013199	-4.229980	2.439184	38.716379	70.686313
10.545190	-1.628874	5.566793	-4.144269	2.346962	38.729524	70.894362
-11.278330	8.906820	11.179937	-1.380731	0.294814	38.625228	75.363566
12.150702	-9.905206	1.330589	2.624160	-1.639516	37.870530	79.998106
13.356128	-8.653405	-9.742736	5.353673	-2.896294	36.502827	85.038545
-14.575299	12.885028	-3.974590	4.102495	-2.844606	34.679908	90.241599
-4.579688	11.471704	-2.936820	3.874024	-2.792091	34.525925	90.645302
-1.533479	9.548145	-1.851136	3.632392	-2.733761	34.370184	91.049871
15.768615	-14.670628	8.797255	0.431527	-1.774878	32.565691	95.553322
7.277984	-8.311162	7.789787	-2.853760	-0.437379	30.659237	100.152662
-17.552512	17.089684	-1.577473	-5.809279	1.356282	28.255496	105.932945
-12.038195	18.369116	-6.400472	-6.397490	2.959183	25.834158	111.831391
-10.419785	17.857778	-6.537840	-6.335793	3.040440	25.695083	112.174253
0.661059	17.319025	-6.666476	-6.262299	3.120191	25.556094	112.517454
10.926565	6.606721	-7.643685	-3.791427	4.053577	23.533081	117.586642
17.366739	-9.240520	-6.712824	0.894698	4.330131	21.554867	122.719352
-13.433880	-12.288133	6.306315	7.803508	0.811538	16.668932	135.350341
1.943700	4.007294	-1.443925	-5.694044	-7.825485	9.837726	148.172349
4.892497	-0.361888	-2.548441	-5.961106	-7.987347	9.664778	148.426876
-4.675856	-3.682919	-3.560229	-6.221328	-8.147299	9.489845	148.681618
3.444460	-3.274156	-4.412105	-6.507622	-8.326250	9.289029	148.970760
4.182530	-0.017060	-4.809476	-6.783918	-8.502435	9.085626	149.260122
-3.919357	3.135775	-4.740838	-7.071896	-8.690419	8.861813	149.574534
3.663432	2.512452	-4.268129	-7.346561	-8.874649	8.635022	149.888976
2.963375	1.290597	4.246712	-9.415230	-10.931283	5.191511	154.215811
2.875786	-0.205918	0.504077	-7.755828	-11.792801	1.084735	158.543077
0.734027	-0.036851	-3.141028	-2.328651	-10.571645	-5.704836	164.541465
-1.119977	2.499115	2.567752	2.600836	-6.915258	-13.488674	170.513136
3.513909	-4.739800	-0.834886	6.412102	-1.111427	-22.326361	176.700808
-5.998204	-0.778777	-1.674787	9.644079	6.089317	-31.528339	182.818471
4.114152	0.074942	-1.623098	9.800330	6.422552	-31.929087	183.081264
6.191176	0.939251	-1.568525	9.959007	6.756915	-32.329522	183.343701
-7.923140	7.863788	0.052682	13.544631	14.215962	-40.918734	188.970028
0.352459	-2.101947	1.521639	15.773108	21.764509	-49.181534	194.498560
9.538218	-7.956002	1.352018	14.428514	28.561939	-56.542911	199.707566
-9.551489	2.076287	-0.994834	8.392804	34.149074	-63.062334	204.795708
-3.766177	6.204793	-3.010813	-2.270000	38.067915	-69.079882	210.377443
8.076987	-1.095391	-0.783345	-14.040880	38.484321	-73.354449	215.765408
-8.028371	-1.452593	-0.621173	-14.506369	38.412852	-73.493425	215.986978
-0.093112	-1.798350	-0.455986	-14.967183	38.333741	-73.629109	216.208183
6.854516	-4.229985	3.057550	-22.854039	34.980147	-75.684219	220.636476
-5.522284	2.593763	5.714075	-26.135456	28.047345	-76.416891	224.905750
-2.329787	2.919992	8.068774	-21.614242	15.612668	-75.699073	229.578920
2.203632	-1.962424	8.940447	-8.294719	-0.436880	-73.400173	234.035088
-1.087314	-2.142393	8.927692	-7.414933	-1.326119	-73.241220	234.257662
-2.049798	-2.266100	8.908767	-6.518711	-2.220174	-73.078336	234.479664
0.899218	1.790399	5.886233	10.397738	-17.984280	-69.705311	238.178350
-0.152774	-1.563008	-4.896824	26.954260	-33.925984	-65.245984	241.710438
1.718025	2.044971	-12.482340	39.700312	-51.023486	-58.824583	245.576881
2.078693	-3.712345	-6.281851	42.531734	-65.294925	-51.114001	249.220537
-2.207244	-3.352660	-5.961394	42.457818	-65.846495	-50.747465	249.375300
2.338876	-2.950902	-5.653397	42.369977	-66.391244	-50.378871	249.529526
-5.389263	6.590352	-0.863733	37.932807	-75.904692	-42.548703	252.517822
4.463119	0.750263	4.408203	29.039683	-82.784231	-33.850831	255.334810
20.745440	-19.902728	10.669713	14.434921	-87.332372	-22.940631	258.335721
21.421455	-20.811431	15.114258	-4.228720	-88.278516	-11.038499	261.113457
21.173960	-19.628448	15.235082	-5.217490	-88.230244	-10.444387	261.241270
17.788914	-18.291528	15.345363	-6.214170	-88.173198	-9.848387	261.368565
-28.531440	18.223211	15.316866	-25.748334	-85.459868	1.598759	263.651271
-19.671149	31.707901	10.621371	-44.983535	-79.479649	13.532191	265.753562
47.335700	-40.178237	-12.737939	-71.430493	-51.561599	42.218167	269.938611
-50.834944	-45.669031	-13.081987	-46.831839	-3.978550	70.596893	273.144312
-43.344358	-44.803052	-12.997389	-46.673419	-3.813481	70.680125	273.152512
-29.154228	-43.933491	-12.912549	-46.515282	-3.649124	70.762931	273.160663
-19.126717	-38.866007	-12.417919	-45.606669	-2.712608	71.233505	273.206857
-4.245009	-33.663206	-11.903579	-44.682684	-1.773274	71.703376	273.252764
23.411174	-26.845102	-11.205857	-43.456378	-0.545435	72.314425	273.312136
50.574669	-20.186889	-10.479656	-42.205921	0.686132	72.923839	273.370980
-31.335808	40.241671	2.247579	-20.723334	19.739836	81.960548	274.200188
-45.756110	43.675424	12.273037	4.157506	39.326929	90.633091	274.917948
-32.306952	4.522380	11.243583	39.446167	65.865539	101.658389	275.712024
21.045045	-36.336946	-0.712527	71.505915	91.353834	111.679275	276.301016
30.492997	-23.765281	-12.454019	94.763285	115.954025	120.999997	276.701355
-26.874390	27.555757	-8.359535	100.531735	136.661637	128.739806	276.869760
0.309288	25.098548	-7.579008	100.357215	137.558159	129.076761	276.872057
8.925772	22.186234	-6.744942	100.141626	138.441110	129.409071	276.873787
25.108603	-24.703655	10.432898	89.950315	151.658445	134.468143	276.812776
2.223821	-18.878205	16.814716	68.830920	160.512746	138.017534	276.578998
-24.827330	22.470229	6.897653	35.208456	165.592705	140.049554	276.090347
24.662116	7.974134	-14.153860	-3.049733	165.534135	139.653110	275.370555
8.893025	4.256844	-15.102784	-4.871897	165.410685	139.574133	275.331212
-24.589807	0.535771	-16.030263	-6.693477	165.276521	139.489720	275.291350
23.361880	-22.631273	-26.251069	-39.122399	160.945830	137.011178	274.474509
20.160948	-5.826831	-17.845961	-67.899020	153.108753	132.846379	273.497717
-18.729475	23.127618	5.097034	-95.171482	139.707202	126.056545	272.171180
16.415894	0.002555	25.302178	-114.655462	121.771863	117.338293	270.644993
3.916599	-0.813929	26.172421	-115.423822	120.727421	116.840548	270.561155
-16.227134	-1.637298	27.025841	-116.167474	119.671861	116.338498	270.476861
15.068615	-23.847085	39.255946	-125.012672	99.573087	106.953235	268.940123
2.396906	-2.579330	47.134696	-125.655819	76.060868	96.329464	267.258440
-14.746488	26.037694	52.785380	-115.571593	45.682468	83.014015	265.193845
15.190372	-0.341969	54.551349	-93.315336	11.781256	68.471374	262.960653
2.734082	-1.614697	54.460738	-92.675527	10.989764	68.133310	262.908813
-15.212654	-2.898078	54.361680	-92.029466	10.197033	67.794727	262.856891
15.711698	-30.645630	42.227082	-62.135159	-21.526133	54.217554	260.772150
-18.467587	12.229872	11.929976	-24.408188	-54.362263	39.977727	258.571553
-18.567115	36.385494	-28.418252	21.519897	-91.418569	23.420921	255.980463
22.091176	12.135516	-56.363321	64.416670	-127.532163	6.361798	253.259420
1.326491	11.403715	-57.158751	66.067699	-129.020098	5.630686	253.141408
-22.478268	10.699994	-57.920680	67.700122	-130.502679	4.899532	253.023264
1.515531	-10.736295	-66.338022	97.504322	-160.514633	-10.558654	250.493999
28.630189	-33.539720	-60.525517	117.356704	-187.962430	-26.145050	247.874412
40.527086	-43.471862	-36.733521	125.806021	-215.537749	-44.027692	244.765090
20.052159	-23.981430	3.393875	117.514027	-238.391271	-61.737593	241.552511
-10.502427	-22.440261	5.405687	116.725601	-239.320964	-62.547199	241.401994
-22.728021	-20.893265	7.416696	115.901642	-240.239160	-63.356032	241.251277
-51.346222	2.441493	42.733771	93.731173	-255.295531	-78.420180	238.376505
-56.512078	19.849709	64.208573	59.276728	-265.796642	-93.083678	235.436287
-32.380900	34.570493	53.159948	8.575105	-271.645320	-109.242888	231.993035
55.392935	3.485814	-1.322447	-44.210045	-270.223337	-124.548966	228.479097
-4.472740	-0.309497	-4.126738	-46.456604	-269.976135	-125.217140	228.319039
-54.970320	-4.068940	-6.916983	-48.684571	-269.712396	-125.883750	228.158746
33.873842	-24.607008	-49.765156	-86.343595	-261.286379	-138.372437	225.034878
42.009378	-1.908178	-53.342563	-108.470676	-246.160246	-150.077555	221.869441
3.690866	16.187496	-18.459137	-107.920867	-219.876298	-162.617823	218.167167
-28.170229	-8.663842	33.294836	-83.757151	-184.844592	-174.098128	214.425147
7.849752	-11.400916	35.123467	-82.179397	-183.036684	-174.603521	214.251208
27.884132	-13.882432	36.831793	-80.566074	-181.213545	-175.106637	214.077202
-27.193062	10.717101	42.253455	-44.577688	-144.441713	-184.114150	210.804829
-14.561437	13.732578	3.924104	-1.690512	-103.485853	-192.319141	207.514904
32.378384	-13.601291	-35.452616	44.022342	-51.768092	-200.892834	203.652606
-34.490587	6.924512	-15.096670	71.479596	2.379937	-208.360671	199.782797
2.984225	8.258248	-13.968585	71.954448	3.918404	-208.554392	199.674094
34.522097	9.551167	-12.830304	72.412981	5.455711	-208.747033	199.565509
-23.647601	10.284544	19.920362	78.937107	53.243023	-214.296625	196.193404
-30.499139	-7.898878	26.692541	71.847749	100.306737	-219.000020	192.828379
-14.248993	-5.221442	9.440114	53.756821	149.957579	-223.185097	189.149866
-6.261792	4.369545	-12.503136	30.230334	196.510253	-226.343233	185.494882
13.514254	-4.952231	-19.413604	6.061455	239.324897	-228.483950	181.841753
-8.613860	3.244093	-13.404730	-14.100370	277.019791	-229.573654	178.228053
8.515749	5.167864	-13.142492	-14.531782	277.863131	-229.587012	178.140860
5.412028	7.094472	-12.875232	-14.961076	278.703922	-229.599764	178.053583
-5.558199	8.927611	-0.096488	-29.083531	307.819097	-229.621768	174.759842
-5.536439	-9.892308	12.289493	-38.191926	330.971038	-228.740399	171.512883
-3.994015	-9.582906	12.617375	-38.490018	331.932184	-228.674779	171.357068
4.050327	-9.155968	12.906939	-38.774297	332.878358	-228.607036	171.201376
-4.390377	6.428257	11.262228	-41.275309	348.513529	-226.820210	168.134717
-4.415232	8.648850	0.090478	-37.139350	358.046371	-224.190379	165.120462
5.695105	-7.574176	-6.915067	-25.636442	361.979078	-220.120289	161.724911
-7.270766	-2.020503	-2.504694	-10.406126	359.483367	-214.922246	158.402736
7.340894	-1.227976	-2.184389	-9.724294	359.242951	-214.667455	158.258083
5.551087	-0.420379	-1.862753	-9.045159	358.992266	-214.410496	158.113572
-8.722436	7.431844	3.071849	3.111129	352.113974	-208.929974	155.304297
9.844559	-8.255700	2.161984	11.230069	341.963283	-202.642055	152.549173
-10.771787	9.558797	-0.655543	14.591352	327.024128	-194.416349	149.433357
11.141632	3.365673	-0.148284	12.482480	309.376721	-185.210230	146.388852
11.165824	1.889742	-0.077878	12.287502	308.484499	-184.754634	146.247607
-11.167255	0.400861	-0.007890	12.086751	307.587136	-184.297294	146.106609
-0.814842	-12.431835	0.499675	7.738429	289.957949	-175.480031	143.527408
10.672782	-2.372614	-1.494327	3.243206	270.342345	-166.002185	141.001080
-10.611324	15.681320	-3.040954	-0.849987	244.858620	-154.133821	138.114954
11.428129	7.584798	1.055169	-2.970659	216.574000	-141.466033	135.300190
-2.269481	7.053848	1.231516	-3.003329	215.785851	-141.119938	135.226558
-11.506532	6.488265	1.410385	-3.034984	214.995710	-140.773322	135.152975
13.319422	-19.758954	7.757719	-3.633087	187.254021	-128.790605	132.701472
-16.376724	2.710256	11.015549	-3.834298	157.588799	-116.255700	130.306101
-17.797735	23.504404	7.215389	-4.415521	124.402586	-102.403505	127.826786
18.966852	6.474246	-5.576691	-5.363981	89.928567	-88.021702	125.409714
-8.951019	4.300033	-6.205307	-5.408971	88.467393	-87.409462	125.309988
-18.993713	2.083960	-6.834822	-5.454293	87.005024	-86.796381	125.210371
18.532635	-25.804398	-19.201767	-6.500139	55.143908	-73.324705	123.080221
6.569594	-8.167190	-25.367830	-7.613289	23.218616	-59.495661	121.000338
-14.246838	25.581778	-24.695503	-8.874011	-13.060282	-43.158768	118.665028
11.167879	16.164899	-17.926470	-10.022562	-48.283227	-26.446906	116.395530
-5.590241	15.299807	-17.483914	-10.076692	-49.943363	-25.635469	116.288141
-10.874382	14.436291	-17.032555	-10.130841	-51.599305	-24.823808	116.180970
-5.065502	-2.886789	-7.603455	-11.124047	-80.855628	-10.092829	114.277299
6.256312	-15.926106	3.420713	-12.174269	-109.011280	4.840060	112.422043
-4.531332	-18.877258	16.522632	-13.465825	-139.992449	22.233093	110.346121
3.821587	-17.901264	28.764403	-14.839352	-169.396691	39.795838	108.333332
-3.817798	-17.326688	29.222201	-14.895393	-170.540918	40.501789	108.254053
0.369257	-16.730445	29.677111	-14.951478	-171.682603	41.207923	108.174875
2.733601	-3.525318	38.985732	-16.173982	-195.858566	56.588262	106.479360
5.014014	4.023295	47.689234	-17.379401	-218.829450	72.018446	104.830972
-5.942015	10.664178	57.909102	-18.691002	-243.801290	89.810027	102.990069
6.178977	6.308025	68.552565	-19.863795	-267.202968	107.569045	101.210716
-1.012756	5.029586	68.975315	-19.910974	-268.167837	108.325748	101.136108
-6.146019	3.729452	69.392865	-19.957946	-269.129934	109.082292	101.061611
5.351612	-8.475748	76.311549	-20.882442	-288.297962	124.590021	99.554966
3.029494	-7.668615	79.096580	-21.768607	-306.334829	139.993091	98.094902
-3.255282	8.264183	79.356815	-22.916695	-325.833359	157.628047	96.464085
0.334126	3.817207	79.172925	-24.384987	-343.933018	175.019908	94.894563
3.812695	2.915325	79.164838	-24.412577	-344.218156	175.302448	94.869362
-3.840101	2.015007	79.156443	-24.440294	-344.502934	175.584908	94.844177
6.199965	-9.285232	78.021693	-26.131153	-359.416818	190.780307	93.502342
-9.696212	1.265904	74.302208	-28.177094	-373.302398	205.701310	92.208090
-5.308406	10.270771	63.338743	-30.813514	-387.455542	221.792521	90.836266
17.167372	1.262171	42.596234	-33.778771	-400.442954	237.479417	89.521287
-5.197899	0.810242	42.102945	-33.840664	-400.690305	237.787815	89.495646
-17.267436	0.356993	41.607250	-33.902655	-400.937210	238.096039	89.470028
-3.517480	-10.306755	18.174681	-36.701269	-411.308728	251.409116	88.370973
2.493538	-5.289883	-6.641340	-39.634331	-420.855689	264.372549	87.314477
7.155925	6.883473	-34.428150	-43.127567	-430.902728	278.902738	86.145689
15.662915	8.370820	-58.532217	-46.667168	-439.922362	292.921797	85.032765
-4.681384	7.881905	-59.509026	-46.830981	-440.314412	293.556562	84.982708
-15.424378	7.350206	-60.471331	-46.994687	-440.704055	294.189780	84.932802
8.235810	-4.161599	-76.019608	-50.039843	-447.571962	305.778142	84.024508
10.463801	-6.705865	-87.640721	-53.058749	-453.702504	316.961773	83.156802
-7.902191	6.023214	-98.352314	-56.510193	-459.920408	329.458263	82.197272
6.327148	-2.553727	-109.898444	-59.870173	-465.152987	341.379476	81.291724
3.585323	-2.743869	-110.442165	-60.021906	-465.369683	341.912939	81.251427
-6.251987	-2.901409	-110.985123	-60.173396	-465.584310	342.445166	81.211243
-0.071238	-5.873132	-120.732646	-62.973192	-469.234977	352.219256	80.476781
6.969069	-1.598701	-128.000482	-65.675676	-472.156754	361.552508	79.781817
-8.739102	7.614116	-127.920999	-68.669448	-474.627352	371.794189	79.026842
7.151110	-9.248604	-116.936224	-71.472629	-476.179178	381.440593	78.323747
8.092558	-9.168609	-116.396688	-71.602766	-476.232009	381.890307	78.291174
11.238549	-8.884469	-115.873281	-71.732385	-476.282857	382.338358	78.258741
-13.264657	11.055254	-109.219549	-73.973673	-476.871735	390.099434	77.700129
6.634366	2.522962	-105.987011	-76.088889	-476.892093	397.424804	77.179028
16.539530	-14.348418	-94.719700	-78.416297	-476.263721	405.437354	76.617271
-16.950547	-7.790178	-64.794709	-80.606408	-475.011224	412.869072	76.105771
0.916963	-5.834310	-63.012852	-80.709890	-474.935733	413.216319	76.082135
16.919613	-3.823061	-61.216800	-80.813028	-474.859017	413.561996	76.058632
-13.925158	16.300112	-29.279376	-82.580923	-473.314785	419.411972	75.665066
-14.633166	8.894312	-2.378255	-84.275272	-471.432952	424.849796	75.307480
12.421574	-16.201597	19.055058	-86.229557	-468.800008	430.841052	74.925266
-7.275704	0.795471	28.886661	-88.120091	-465.839638	436.255337	74.593878
-10.300692	1.259439	29.044065	-88.160133	-465.773172	436.365226	74.587322
10.262486	1.712059	29.201268	-88.200103	-465.706687	436.474703	74.580798
-0.727488	14.482982	36.827282	-89.748771	-463.035374	440.542851	74.344258
-8.150653	9.588790	51.238836	-91.288977	-460.243485	444.220337	74.142469
7.383191	-12.158459	75.924959	-93.081543	-456.927554	447.990937	73.952116
-6.622641	-2.597279	105.179411	-94.913473	-453.584443	451.255327	73.807237
-2.624792	-0.999165	106.659065	-95.009678	-453.412343	451.410360	73.800978
6.534437	0.599205	108.124832	-95.106009	-453.240473	451.563976	73.794844
-5.716142	9.923592	129.352135	-96.741852	-450.404523	453.928560	73.710218
4.829625	-9.189975	141.623683	-98.454424	-447.644470	455.930971	73.658480
-3.872271	-8.757474	145.991128	-100.601826	-444.547578	457.825554	73.639266
0.361437	8.208475	144.217702	-102.946613	-441.644229	459.237833	73.664341
3.179395	8.176228	144.110415	-103.065363	-441.509642	459.293822	73.666658
-3.158905	8.082763	144.007588	-103.184607	-441.375627	459.348679	73.669074
6.174036	6.020958	142.726187	-105.422665	-439.046855	460.148827	73.729730
