-1.307622	-0.019493	-0.903355	-1.077326	-0.675750	0.524819	-0.916320	0.694837	12.536293
3.231047	-0.523282	-0.480969	-1.088708	-0.699452	0.530297	-0.913953	0.692414	12.536730
-0.005578	-0.834634	0.301795	-1.048017	-0.733386	0.534739	-0.910253	0.689756	12.537134
-1.614576	-0.811295	1.229099	-0.953197	-0.774090	0.538051	-0.905195	0.686875	12.537502
-2.649888	0.003104	1.926905	-0.792110	-0.819841	0.540259	-0.898292	0.683566	12.537854
2.286578	0.970393	1.818227	-0.566300	-0.862935	0.541042	-0.889774	0.680001	12.538164
0.428701	0.930620	1.792911	-0.556957	-0.864354	0.541043	-0.889441	0.679870	12.538175
-2.257723	0.883205	1.765945	-0.547521	-0.865763	0.541042	-0.889105	0.679738	12.538185
-1.780168	-1.053350	0.722886	-0.294147	-0.896013	0.540422	-0.880354	0.676451	12.538417
-1.132807	-0.850753	-0.643381	-0.001447	-0.916702	0.538643	-0.870355	0.672972	12.538619
1.122787	1.277983	-1.556135	0.358862	-0.924288	0.535149	-0.857531	0.668811	12.538810
-0.165822	0.201440	-0.763804	0.715959	-0.910231	0.529855	-0.843082	0.664403	12.538962
-0.832083	0.063896	-0.693996	0.730474	-0.909014	0.529572	-0.842397	0.664199	12.538967
-0.537340	-0.079082	-0.622180	0.744775	-0.907744	0.529285	-0.841710	0.663996	12.538973
0.704426	-1.488970	0.837768	0.968839	-0.871486	0.522836	-0.827636	0.659924	12.539071
-0.687066	1.504455	1.257314	1.038208	-0.811092	0.514665	-0.812332	0.655662	12.539138
-0.010519	-1.418805	-0.253338	0.862171	-0.709635	0.503012	-0.793320	0.650551	12.539178
0.755636	-0.376804	-1.181623	0.446934	-0.576797	0.488708	-0.772741	0.645189	12.539179
-0.754487	0.433188	-1.183932	0.425104	-0.570592	0.488045	-0.771842	0.644958	12.539178
0.753097	1.214169	-1.182737	0.402944	-0.564336	0.487377	-0.770940	0.644726	12.539177
-0.673431	-1.019412	-0.507484	-0.102805	-0.424037	0.472300	-0.751549	0.639802	12.539142
0.521661	0.858109	0.701305	-0.590183	-0.266668	0.454927	-0.731049	0.634684	12.539076
-0.319224	-0.755199	1.389137	-0.929212	-0.071872	0.432364	-0.706580	0.628654	12.538965
0.159521	0.739841	0.255055	-0.891329	0.134117	0.406589	-0.680855	0.622372	12.538814
-0.017285	-0.626584	-1.478519	-0.559028	0.334949	0.377658	-0.654137	0.615880	12.538625
-0.318593	-0.911143	-1.787547	-0.071983	0.515015	0.345276	-0.626353	0.609136	12.538397
0.333718	-0.671738	-1.751864	-0.048731	0.522366	0.343734	-0.625078	0.608827	12.538385
-0.349470	-0.417671	-1.711704	-0.025479	0.529638	0.342185	-0.623801	0.608517	12.538374
0.780400	1.063886	-0.104135	0.425857	0.660025	0.308463	-0.596939	0.601982	12.538123
-1.277897	-1.201266	1.830868	0.713515	0.742675	0.271499	-0.569304	0.595228	12.537837
0.507267	-1.131834	1.882800	0.720216	0.745093	0.269727	-0.568021	0.594913	12.537823
1.320165	-1.041476	1.929473	0.726236	0.747382	0.267947	-0.566736	0.594598	12.537809
0.981724	1.290441	1.753129	0.704603	0.766217	0.228039	-0.538815	0.587721	12.537491
-1.982690	-1.279621	0.038798	0.469197	0.732775	0.184969	-0.510285	0.580629	12.537140
2.276707	-0.217613	-1.619274	-0.277292	0.506342	0.078893	-0.444018	0.563831	12.536224
-2.281037	0.554154	0.416619	-0.494620	0.143796	-0.033954	-0.375752	0.545922	12.535137
-2.013206	0.363964	0.464940	-0.490614	0.134932	-0.036472	-0.374227	0.545514	12.535111
-0.303818	0.169149	0.512079	-0.486214	0.126047	-0.038990	-0.372702	0.545105	12.535085
1.411284	-0.032820	0.560615	-0.481106	0.116583	-0.041665	-0.371080	0.544670	12.535058
2.274250	-0.218936	0.607271	-0.475553	0.107100	-0.044340	-0.369457	0.544234	12.535030
-2.272412	-0.379147	0.651768	-0.469554	0.097600	-0.047015	-0.367834	0.543798	12.535002
0.332234	-0.508073	0.693850	-0.463105	0.088077	-0.049691	-0.366209	0.543361	12.534974
2.239688	-0.200274	1.008686	-0.320360	-0.049761	-0.088182	-0.342710	0.536986	12.534558
-0.240404	0.355299	0.829105	-0.094977	-0.184095	-0.126295	-0.319112	0.530482	12.534123
-1.262060	0.187201	0.071459	0.253797	-0.351749	-0.178215	-0.286155	0.521213	12.533483
-1.699413	-0.318488	-0.500563	0.487114	-0.478978	-0.228176	-0.253143	0.511691	12.532805
-1.920358	-0.238351	-0.236551	0.463950	-0.552999	-0.277863	-0.218419	0.501393	12.532050
1.769238	0.448862	0.244319	0.194085	-0.570432	-0.323752	-0.183817	0.490813	12.531251
-1.759514	0.396325	0.257601	0.172473	-0.569923	-0.326270	-0.181823	0.490193	12.531203
-1.562783	0.331282	0.268283	0.150296	-0.569260	-0.328774	-0.179829	0.489572	12.531155
1.597020	-0.557187	0.144006	-0.212150	-0.543029	-0.363731	-0.150597	0.480325	12.530438
-1.445295	0.657572	-0.251810	-0.542490	-0.490011	-0.395060	-0.121585	0.470871	12.529689
1.300027	-0.742292	-0.055548	-0.726389	-0.401218	-0.427050	-0.087758	0.459465	12.528765
0.509832	0.433948	0.433346	-0.626961	-0.292833	-0.453398	-0.054411	0.447770	12.527798
-1.228025	0.594843	0.438552	-0.615826	-0.287876	-0.454396	-0.052994	0.447263	12.527756
1.227449	0.752936	0.441307	-0.604112	-0.282903	-0.455382	-0.051580	0.446755	12.527714
-1.412635	-0.605476	-0.880716	0.291747	-0.051144	-0.487719	0.009982	0.423709	12.525749
-0.709034	0.170496	-1.199596	1.162698	0.166990	-0.496376	0.068946	0.399608	12.523625
0.601617	0.242247	-1.166622	1.177658	0.171890	-0.496269	0.070406	0.398982	12.523569
2.029620	0.314422	-1.131221	1.192126	0.176743	-0.496146	0.071863	0.398355	12.523513
-0.622653	0.391331	-1.090297	1.207185	0.181928	-0.495994	0.073433	0.397679	12.523453
-2.072810	0.460645	-1.046522	1.221678	0.187059	-0.495823	0.074999	0.397001	12.523392
1.129374	0.146480	-0.102170	1.370639	0.257582	-0.490822	0.098448	0.386642	12.522456
2.763688	-0.545382	1.022516	1.382349	0.311929	-0.481198	0.121319	0.376098	12.521493
-3.088894	0.699833	1.800148	1.189296	0.353295	-0.462249	0.149267	0.362544	12.520239
3.178640	-0.637138	1.670645	0.765086	0.365905	-0.435415	0.176162	0.348695	12.518941
-0.234313	-0.771367	1.648052	0.742805	0.365848	-0.434080	0.177293	0.348093	12.518884
-3.171405	-0.901228	1.624251	0.720247	0.365743	-0.432728	0.178424	0.347489	12.518827
2.960849	-1.068250	0.920893	0.217717	0.353785	-0.402020	0.200976	0.335090	12.517650
0.242660	0.869841	-0.052521	-0.318037	0.324986	-0.365604	0.222607	0.322462	12.516438
-1.988713	1.222016	-1.219226	-0.867700	0.276341	-0.318940	0.245630	0.308077	12.515044
1.406751	-1.170274	-2.056204	-1.268762	0.214216	-0.266934	0.267369	0.293405	12.513606
0.574728	-1.153046	-2.065238	-1.282269	0.211037	-0.264379	0.268358	0.292709	12.513538
-1.355673	-1.119104	-2.070247	-1.295216	0.207838	-0.261815	0.269344	0.292012	12.513469
0.085886	0.514265	-1.510383	-1.449177	0.144258	-0.211883	0.287399	0.278717	12.512153
0.579263	0.925758	-0.081172	-1.496153	0.076821	-0.159751	0.304333	0.265193	12.510802
-0.300337	-0.805010	1.514699	-1.542381	-0.001900	-0.097987	0.322439	0.249280	12.509199
0.153037	0.721616	1.012026	-1.688828	-0.076962	-0.035955	0.338904	0.233060	12.507550
-0.018155	0.724842	0.949848	-1.697504	-0.080069	-0.033275	0.339581	0.232348	12.507477
-0.053651	0.714218	0.885647	-1.706336	-0.083157	-0.030599	0.340255	0.231636	12.507405
-0.144916	-0.678332	-0.410546	-1.910301	-0.140675	0.022010	0.352973	0.217345	12.505939
0.268182	-0.318662	-0.704169	-2.148273	-0.188581	0.072738	0.364347	0.202830	12.504438
0.557964	0.610622	0.005408	-2.409661	-0.227978	0.127763	0.375721	0.185821	12.502665
-1.047340	-0.496324	0.419637	-2.527487	-0.246329	0.178109	0.385148	0.168531	12.500846
0.089764	-0.550161	0.411688	-2.527039	-0.246585	0.180158	0.385509	0.167781	12.500767
1.098951	-0.593496	0.400919	-2.526062	-0.246794	0.182195	0.385865	0.167031	12.500687
-1.682546	0.589250	-0.178809	-2.415635	-0.241744	0.221176	0.392246	0.151785	12.499068
2.293384	0.385008	-0.606723	-2.212424	-0.220950	0.256013	0.397028	0.136345	12.497413
0.898532	-0.527441	-0.267253	-1.978494	-0.181005	0.291081	0.400485	0.118259	12.495456
-3.120620	0.193140	0.931547	-1.736865	-0.128233	0.320473	0.401624	0.099949	12.493451
-2.935280	0.302532	0.982191	-1.725900	-0.125791	0.321587	0.401620	0.099172	12.493365
3.121010	0.406131	1.031744	-1.714837	-0.123333	0.322692	0.401611	0.098394	12.493280
-2.938716	-0.068241	1.633751	-1.462302	-0.070020	0.343149	0.400460	0.082303	12.491496
-1.539539	-0.158461	1.033831	-1.145701	-0.013539	0.359206	0.397420	0.066079	12.489676
1.991817	0.107689	-0.887334	-0.679463	0.051209	0.372041	0.391616	0.047383	12.487552
-1.622542	-0.195044	-2.639240	-0.075152	0.111974	0.378820	0.383329	0.028557	12.485381
1.613722	-0.070345	-2.681589	-0.044171	0.114553	0.378980	0.382897	0.027704	12.485282
0.885646	0.064197	-2.719103	-0.012827	0.117116	0.379128	0.382459	0.026851	12.485183
-0.228757	0.392372	-2.481118	0.637148	0.162521	0.379453	0.373062	0.010390	12.483253
-0.473983	-0.600604	-0.702773	1.292062	0.198496	0.374850	0.361890	-0.006133	12.481288
-2.201030	0.942662	3.127226	2.151114	0.228594	0.344242	0.329084	-0.045267	12.476511
1.426530	-0.849102	-2.286471	1.268068	0.162414	0.288915	0.288304	-0.084450	12.471533
0.884939	-1.012421	-2.378891	1.233586	0.159998	0.287419	0.287295	-0.085340	12.471418
-1.337647	-0.937318	-2.464448	1.198738	0.157550	0.285914	0.286282	-0.086230	12.471302
1.289267	-0.447211	-2.546413	1.161897	0.154955	0.284329	0.285219	-0.087160	12.471181
-0.792502	0.196331	-2.620441	1.124695	0.152327	0.282734	0.284152	-0.088091	12.471060
-1.189336	0.707141	-2.688748	1.085667	0.149561	0.281066	0.283039	-0.089058	12.470934
1.139346	0.877331	-2.748021	1.046293	0.146760	0.279388	0.281922	-0.090026	12.470807
-0.592946	1.033792	-2.679022	0.493457	0.106012	0.255790	0.266492	-0.103050	12.469094
-0.580234	-1.091011	-1.346247	-0.062239	0.060952	0.230567	0.250395	-0.116045	12.467359
-0.005565	-0.518452	0.731532	-0.745247	-0.005864	0.193058	0.226847	-0.134168	12.464892
0.210292	1.491391	1.854556	-1.190166	-0.072525	0.153640	0.202230	-0.152198	12.462381
-0.461934	-1.789023	1.400890	-1.295536	-0.137023	0.110893	0.175306	-0.171057	12.459690
0.734426	-0.559035	0.373043	-1.111645	-0.190873	0.067718	0.147508	-0.189764	12.456949
-0.130567	-0.492753	0.327641	-1.099258	-0.192917	0.065873	0.146301	-0.190562	12.456831
-0.754313	-0.428850	0.282420	-1.086594	-0.194937	0.064031	0.145094	-0.191358	12.456712
-0.345374	1.243463	-0.547225	-0.786325	-0.230978	0.027236	0.120532	-0.207311	12.454309
0.994783	2.573947	-1.049673	-0.454753	-0.258118	-0.008627	0.095552	-0.223117	12.451870
0.162374	1.930285	-0.999866	-0.113318	-0.278499	-0.048972	0.065691	-0.241546	12.448945
-1.048250	-0.185608	-0.470933	0.147615	-0.286082	-0.086344	0.035558	-0.259721	12.445970
1.048634	-0.281077	-0.443180	0.156626	-0.286117	-0.087833	0.034290	-0.260478	12.445844
-1.049032	-0.370787	-0.415190	0.165474	-0.286129	-0.089315	0.033023	-0.261233	12.445718
1.058545	-1.822487	0.169431	0.309166	-0.281315	-0.118003	0.007090	-0.276575	12.443121
-1.066092	-2.810443	0.635715	0.376896	-0.266655	-0.143326	-0.018806	-0.291693	12.440487
1.068498	2.653518	0.763089	0.356211	-0.238009	-0.168114	-0.048417	-0.308788	12.437409
0.998684	-0.522886	0.318710	0.249797	-0.201279	-0.188347	-0.077680	-0.325540	12.434281
0.208011	-0.664151	0.298486	0.245441	-0.200020	-0.188926	-0.078618	-0.326075	12.434179
-1.067712	-0.798892	0.278108	0.241052	-0.198761	-0.189501	-0.079555	-0.326610	12.434077
0.877836	-2.182706	-0.259765	0.118687	-0.165488	-0.202960	-0.103948	-0.340509	12.431381
1.093808	-1.052168	-0.635620	0.005108	-0.134174	-0.213343	-0.127869	-0.354126	12.428650
0.846706	0.869854	-0.770960	-0.072843	-0.104123	-0.221846	-0.155717	-0.370018	12.425335
-1.266548	1.530935	-0.505469	-0.050908	-0.086083	-0.226230	-0.182584	-0.385461	12.421968
0.661874	1.499863	-0.489018	-0.048760	-0.085687	-0.226304	-0.183429	-0.385949	12.421859
1.276141	1.465912	-0.472048	-0.046538	-0.085301	-0.226374	-0.184272	-0.386437	12.421749
0.656372	-1.407547	0.728594	0.153280	-0.068716	-0.223591	-0.231116	-0.413938	12.415310
-1.205504	-0.883715	0.635872	0.278694	-0.021421	-0.207911	-0.272896	-0.439601	12.408686
-2.234531	-0.797288	0.620659	0.278297	-0.019570	-0.207429	-0.273747	-0.440140	12.408539
1.759742	-0.707303	0.605140	0.277720	-0.017675	-0.206942	-0.274595	-0.440678	12.408392
2.263638	-0.593581	0.585745	0.276771	-0.015299	-0.206338	-0.275628	-0.441335	12.408212
1.808197	-0.477303	0.565905	0.275554	-0.012856	-0.205725	-0.276658	-0.441991	12.408032
-1.140494	1.277564	0.227191	0.225238	0.031536	-0.195357	-0.291800	-0.451795	12.405274
-2.768754	2.004474	-0.123313	0.119378	0.086944	-0.183125	-0.305924	-0.461251	12.402485
3.054825	0.503391	-0.476212	-0.088371	0.168341	-0.164896	-0.322507	-0.472863	12.398860
0.373012	-0.631202	-0.648787	-0.365218	0.254104	-0.144074	-0.337279	-0.483859	12.395184
-3.300632	-0.653820	-0.651460	-0.380078	0.258211	-0.143010	-0.337943	-0.484372	12.395005
-1.831519	-0.673538	-0.653561	-0.395067	0.262309	-0.141941	-0.338603	-0.484885	12.394827
3.528027	-3.319438	-0.264328	-1.009193	0.408838	-0.095267	-0.361262	-0.504073	12.387610
-3.331718	-1.051589	0.708235	-1.309870	0.485130	-0.041968	-0.376450	-0.520719	12.380203
3.321847	-0.302565	0.724206	-1.309409	0.485595	-0.040754	-0.376694	-0.521050	12.380041
2.537544	0.464596	0.739627	-1.308580	0.486002	-0.039538	-0.376934	-0.521380	12.379878
-0.686349	1.393750	0.757932	-1.307037	0.486425	-0.038028	-0.377227	-0.521786	12.379677
-2.515427	2.244950	0.775322	-1.304918	0.486759	-0.036515	-0.377514	-0.522190	12.379476
-3.041723	4.086151	0.898199	-1.191920	0.480746	-0.012533	-0.381266	-0.528233	12.376320
-1.399645	2.157467	0.684079	-0.917900	0.454680	0.012018	-0.383655	-0.533788	12.373131
2.441848	-4.195646	0.062626	-0.378599	0.396014	0.042944	-0.384703	-0.540061	12.369074
-2.245685	-1.642877	-0.671128	0.278802	0.311680	0.072946	-0.383545	-0.545518	12.364964
2.244590	-1.225645	-0.678355	0.286062	0.310650	0.073258	-0.383521	-0.545572	12.364919
1.588713	-0.808390	-0.685555	0.293323	0.309618	0.073570	-0.383496	-0.545625	12.364875
-2.222463	3.787015	-1.147169	0.881649	0.216513	0.098316	-0.380584	-0.549721	12.361214
2.264774	-2.364463	-1.246095	1.416320	0.108555	0.120795	-0.375907	-0.553163	12.357512
1.945476	-2.790773	-0.834785	1.864858	-0.027428	0.142434	-0.368518	-0.556245	12.353308
-1.977284	-2.703074	0.201272	2.039739	-0.175931	0.159302	-0.358809	-0.558506	12.349052
0.569827	-2.560377	0.273417	2.038825	-0.185586	0.160178	-0.358122	-0.558621	12.348783
1.917656	-2.413064	0.345089	2.036327	-0.195271	0.161030	-0.357425	-0.558732	12.348515
-1.369288	-1.169211	1.156989	1.828617	-0.326844	0.170189	-0.347045	-0.559930	12.344850
0.683910	0.814957	1.261643	1.267967	-0.449671	0.174452	-0.334901	-0.560551	12.341147
0.637049	-0.013728	-1.110148	-0.825699	-0.628711	0.160851	-0.298115	-0.559708	12.332030
0.631834	0.884634	0.782248	-1.706118	-0.490508	0.110586	-0.251412	-0.555628	12.322690
-0.713349	-0.595614	0.833548	-1.691933	-0.482725	0.109160	-0.250309	-0.555505	12.322486
0.797261	-0.975863	0.876350	-1.675924	-0.474717	0.107722	-0.249202	-0.555380	12.322281
-0.887810	0.174398	0.905116	-1.656886	-0.465973	0.106182	-0.248023	-0.555246	12.322064
0.686930	1.076946	0.911316	-1.635701	-0.456982	0.104627	-0.246839	-0.555111	12.321847
1.067821	0.803637	0.891339	-1.612384	-0.447768	0.103060	-0.245652	-0.554974	12.321630
-1.155137	-0.433827	0.846732	-1.586952	-0.438331	0.101482	-0.244462	-0.554836	12.321413
2.156938	-1.927082	-0.860991	-1.014339	-0.276641	0.076834	-0.226494	-0.552607	12.318203
-2.655727	2.442768	-0.539469	-0.237686	-0.085432	0.049927	-0.207762	-0.550028	12.314968
2.674991	-2.106075	0.781677	0.743466	0.194784	0.009666	-0.180561	-0.545857	12.310417
2.109433	-2.519654	0.652846	1.136268	0.444931	-0.032509	-0.152307	-0.541024	12.305818
-1.460912	2.244714	-0.672661	0.860732	0.625811	-0.076780	-0.122129	-0.535318	12.300991
0.885762	0.674925	-0.549011	0.248403	0.707531	-0.119955	-0.091365	-0.528922	12.296112
-0.869147	0.507252	-0.512821	0.219229	0.708680	-0.121837	-0.089979	-0.528620	12.295892
0.853571	0.331302	-0.475250	0.190166	0.709606	-0.123713	-0.088592	-0.528316	12.295672
-0.741263	-1.926691	0.334544	-0.319676	0.678642	-0.160285	-0.060447	-0.521886	12.291205
0.926570	0.685463	0.580506	-0.522728	0.547030	-0.193516	-0.032279	-0.514911	12.286696
-1.314903	1.975605	0.044034	-0.335022	0.288750	-0.224897	-0.001592	-0.506643	12.281702
0.062805	-1.561843	-0.714239	0.025271	-0.035091	-0.249660	0.028632	-0.497744	12.276658
1.740885	-1.793556	-0.725010	0.038777	-0.048613	-0.250515	0.029859	-0.497365	12.276450
-1.755448	-1.999614	-0.732863	0.051970	-0.062099	-0.251358	0.031086	-0.496985	12.276242
2.004577	1.417902	-0.313204	0.251747	-0.334769	-0.266040	0.057173	-0.488555	12.271738
-2.137790	1.814775	0.601183	0.281906	-0.548018	-0.273497	0.082542	-0.479649	12.267197
-0.993269	-0.955014	1.179079	0.129688	-0.698786	-0.272246	0.109839	-0.469179	12.262094
0.646964	-1.323905	0.569273	-0.160996	-0.755118	-0.259838	0.136052	-0.458142	12.256945
2.057524	-1.203799	0.488835	-0.177477	-0.755445	-0.258838	0.137424	-0.457535	12.256668
1.062659	-1.067315	0.403478	-0.193838	-0.755496	-0.257802	0.138792	-0.456927	12.256391
-1.861955	1.069231	-1.183283	-0.421597	-0.715969	-0.235781	0.160933	-0.446642	12.251791
1.593375	-0.886651	-1.487045	-0.472722	-0.601809	-0.205337	0.182137	-0.435930	12.247157
-1.180128	0.737768	0.419114	-0.193462	-0.396711	-0.161157	0.205457	-0.423011	12.241749
-0.420361	-0.441075	1.351358	0.274748	-0.143610	-0.109151	0.227405	-0.409545	12.236296
0.628871	-0.545621	1.327973	0.295547	-0.131995	-0.106737	0.228329	-0.408946	12.236057
-0.603192	-0.636050	1.297994	0.316223	-0.120352	-0.104312	0.229250	-0.408347	12.235819
0.064650	0.613166	-0.108781	0.691433	0.114803	-0.053529	0.247148	-0.396101	12.231012
-0.211909	-0.711680	-0.973570	0.940804	0.338253	0.000452	0.263907	-0.383456	12.226172
-0.476008	1.083471	-0.123492	1.017845	0.544927	0.062089	0.280989	-0.369086	12.220804
-0.692365	-1.806794	0.530093	0.967716	0.686853	0.124450	0.296586	-0.354254	12.215396
-0.937995	2.834424	-0.211901	0.863211	0.759300	0.188133	0.311137	-0.338394	12.209744
-0.944850	-0.821307	-0.296279	0.694768	0.760731	0.248979	0.323972	-0.322061	12.204049
1.024227	-1.603967	-0.278135	0.684627	0.759239	0.251746	0.324534	-0.321280	12.203780
-1.105485	-2.357824	-0.258651	0.674264	0.757619	0.254501	0.325091	-0.320498	12.203510
2.863726	-4.576388	0.245885	0.437125	0.705408	0.303797	0.334747	-0.305738	12.198472
-4.722241	4.724833	0.429592	0.118852	0.617111	0.348932	0.342987	-0.290634	12.193401
6.986512	-3.229327	-0.940282	-0.889055	0.308185	0.438953	0.356681	-0.253238	12.181170
1.286778	-2.112607	1.561551	-1.775328	-0.051072	0.502775	0.361505	-0.214038	12.168763
-2.000342	-1.537707	1.521621	-1.774713	-0.052400	0.502966	0.361505	-0.213885	12.168715
0.096199	-0.960345	1.480973	-1.774049	-0.053727	0.503157	0.361506	-0.213732	12.168668
1.802088	0.857370	1.309284	-1.770853	-0.059081	0.503925	0.361507	-0.213114	12.168475
-1.641114	0.893405	1.126287	-1.766839	-0.064422	0.504686	0.361505	-0.212495	12.168282
1.378679	-0.855886	0.811645	-1.758497	-0.073131	0.505918	0.361498	-0.211482	12.167966
-1.123810	-0.314089	0.494706	-1.747958	-0.081797	0.507131	0.361485	-0.210468	12.167651
-1.034595	0.517636	-1.759710	-1.404808	-0.191248	0.521337	0.360756	-0.197130	12.163521
-1.015350	-0.526108	-0.267738	-0.712112	-0.293041	0.532463	0.358978	-0.183614	12.159373
-0.675835	0.900643	1.944863	0.442642	-0.419466	0.542692	0.354742	-0.164596	12.153592
-0.416647	-1.382211	-0.054757	1.330163	-0.526219	0.546744	0.348417	-0.145264	12.147778
-1.240040	1.724056	-1.875083	1.790089	-0.613937	0.544137	0.339542	-0.124664	12.141641
2.244458	0.579539	-1.702280	1.737641	-0.674451	0.534235	0.328439	-0.103772	12.135467
0.997053	0.369164	-1.667301	1.726731	-0.676396	0.533660	0.327930	-0.102896	12.135209
-2.285349	0.158618	-1.631150	1.715284	-0.678296	0.533072	0.327418	-0.102020	12.134951
1.201633	-1.739435	-0.809605	1.382922	-0.708069	0.517761	0.315936	-0.083677	12.129566
1.918136	-0.206249	-0.348346	0.979146	-0.720224	0.496466	0.302976	-0.065166	12.124154
-1.206581	1.367834	-0.041470	0.575314	-0.714630	0.464394	0.286333	-0.043661	12.117884
0.586070	-1.088655	0.541270	0.196888	-0.691284	0.424850	0.267999	-0.022009	12.111580
-0.565161	-1.142583	0.567988	0.179259	-0.689879	0.422917	0.267141	-0.021037	12.111297
0.545035	-1.183472	0.594201	0.161516	-0.688447	0.420970	0.266279	-0.020064	12.111014
0.476392	0.335910	0.940856	-0.188509	-0.655758	0.380914	0.249070	-0.001255	12.105535
-0.277848	0.948313	0.807191	-0.502761	-0.615210	0.336640	0.230813	0.017602	12.100030
0.443037	0.978135	0.004155	-0.800455	-0.561615	0.280924	0.208434	0.039516	12.093610
-0.707738	-0.918928	-0.663972	-1.023343	-0.504765	0.221656	0.184922	0.061417	12.087157
0.720564	-0.892856	-0.673210	-1.031793	-0.502122	0.218848	0.183810	0.062429	12.086858
-0.733350	-0.859596	-0.679827	-1.040071	-0.499484	0.216038	0.182697	0.063440	12.086559
0.964229	-0.286826	-0.422989	-1.161013	-0.451101	0.162841	0.161567	0.082264	12.080970
-1.178744	0.810713	0.206848	-1.206417	-0.406020	0.108667	0.139813	0.101018	12.075357
-0.078970	-0.800316	0.681951	-1.142168	-0.360152	0.045499	0.113934	0.122636	12.068820
1.608348	0.164969	0.252999	-0.938198	-0.319704	-0.017467	0.087491	0.144082	12.062253
-1.616979	0.418694	0.221956	-0.925836	-0.317961	-0.020307	0.086282	0.145048	12.061955
1.625563	0.666991	0.190770	-0.913221	-0.316224	-0.023145	0.085072	0.146015	12.061657
-1.780363	0.903396	-0.364650	-0.626863	-0.283886	-0.076951	0.061858	0.164353	12.055956
-0.344262	-0.425230	-0.685509	-0.261732	-0.251779	-0.130134	0.038441	0.182500	12.050233
2.063253	-1.002684	-0.576687	0.227486	-0.212465	-0.190861	0.011210	0.203229	12.043582
-2.190930	0.027004	0.086754	0.663277	-0.168118	-0.250618	-0.016015	0.223623	12.036903
2.196078	0.143533	0.116820	0.678459	-0.166063	-0.253154	-0.017179	0.224488	12.036617
-1.913214	0.260260	0.146316	0.693243	-0.163995	-0.255686	-0.018342	0.225353	12.036330
-2.298600	0.953490	0.496374	0.890467	-0.118677	-0.306463	-0.041797	0.242690	12.030518
2.381591	-0.475781	0.161982	0.855405	-0.066049	-0.356273	-0.065030	0.259715	12.024686
-2.455049	-0.852696	-0.341053	0.589609	0.002732	-0.412535	-0.091491	0.278974	12.017916
2.500193	0.907479	-0.097038	0.205814	0.077879	-0.467176	-0.117377	0.297736	12.011120
-0.907413	0.835499	-0.071953	0.189255	0.081203	-0.469475	-0.118470	0.298527	12.010829
-2.502631	0.745502	-0.046219	0.172819	0.084531	-0.471768	-0.119562	0.299318	12.010537
2.515855	-1.115282	0.297749	-0.108627	0.152851	-0.517165	-0.141264	0.315034	12.004650
-2.514234	1.438527	-0.218859	-0.241570	0.222369	-0.560770	-0.162321	0.330319	11.998743
2.503772	-1.874330	-0.452888	-0.295439	0.302440	-0.608756	-0.185815	0.347475	11.991867
-2.493354	1.328923	0.320643	-0.371740	0.379518	-0.653530	-0.208160	0.363969	11.984966
-0.065282	1.501880	0.356058	-0.376061	0.382500	-0.655246	-0.209027	0.364614	11.984690
2.492754	1.665345	0.390788	-0.380493	0.385473	-0.656956	-0.209892	0.365258	11.984414
-2.487459	2.443006	0.754267	-0.506566	0.447338	-0.692484	-0.228074	0.378903	11.978427
-0.291435	-0.274745	0.001305	-0.681504	0.503367	-0.724989	-0.245177	0.391991	11.972422
2.449303	-2.321907	-1.026077	-0.837469	0.558579	-0.758315	-0.263411	0.406338	11.965487
-1.956594	0.616787	-0.765352	-0.832445	0.601748	-0.786843	-0.279938	0.419869	11.958529
-2.388405	0.765822	-0.726035	-0.828390	0.603395	-0.788014	-0.280643	0.420461	11.958214
2.210681	0.908393	-0.685005	-0.824038	0.605016	-0.789173	-0.281344	0.421051	11.957899
2.304496	1.711495	0.319932	-0.689221	0.630786	-0.809339	-0.294037	0.432029	11.951842
-2.203408	-1.456741	1.210368	-0.478020	0.646237	-0.825550	-0.305226	0.442331	11.945769
-1.698351	-0.021662	-0.122892	0.153323	0.640047	-0.848042	-0.325057	0.463732	11.931430
-1.143687	1.540512	-1.031799	0.697615	0.571779	-0.849447	-0.334861	0.480882	11.917009
1.827121	0.535318	-0.971443	0.709020	0.568755	-0.849173	-0.334991	0.481326	11.916577
1.939915	-0.490187	-0.904601	0.720055	0.565673	-0.848882	-0.335111	0.481765	11.916145
-1.942671	-0.958933	-0.865884	0.725896	0.563974	-0.848716	-0.335172	0.482001	11.915910
1.945548	-1.301264	-0.825603	0.731636	0.562257	-0.848545	-0.335231	0.482237	11.915675
1.417473	-1.555960	-0.766527	0.739546	0.559809	-0.848294	-0.335308	0.482567	11.915344
0.592204	-1.635338	-0.705032	0.747257	0.557325	-0.848033	-0.335380	0.482895	11.915013
-2.043371	1.266168	0.289464	0.839299	0.516997	-0.842983	-0.335791	0.487419	11.910156
-0.456579	2.165173	0.894652	0.900434	0.469217	-0.835630	-0.335022	0.491417	11.905291
2.375251	-2.609804	0.218000	0.953768	0.387167	-0.820929	-0.331915	0.496266	11.898261
0.031639	-2.606546	-0.739488	0.975938	0.290200	-0.801340	-0.326560	0.500056	11.891215
-2.754245	2.552762	-0.510236	0.967909	0.181505	-0.777196	-0.319207	0.502778	11.884256
2.849836	2.234757	0.218976	0.901319	0.063903	-0.748191	-0.309914	0.504520	11.877283
0.766496	1.896425	0.258569	0.894819	0.056826	-0.746337	-0.309311	0.504592	11.876874
-2.854738	1.541868	0.296809	0.887985	0.049736	-0.744465	-0.308702	0.504661	11.876464
-0.776698	-2.035507	0.578581	0.741740	-0.056806	-0.714569	-0.298902	0.505304	11.870353
2.788463	-0.774558	0.127554	0.503109	-0.162850	-0.680871	-0.287804	0.505233	11.864233
-2.675018	1.488366	-0.531551	0.123184	-0.282603	-0.636317	-0.273198	0.504260	11.857021
1.461242	-1.324126	-0.404982	-0.317288	-0.392005	-0.586390	-0.257039	0.502350	11.849796
2.536065	-1.320261	-0.384629	-0.337312	-0.396682	-0.583974	-0.256264	0.502240	11.849465
2.271875	-1.294682	-0.363569	-0.357232	-0.401325	-0.581547	-0.255487	0.502129	11.849134
0.739128	-0.463287	0.108587	-0.700093	-0.482225	-0.533498	-0.240236	0.499666	11.842869
-2.281036	-0.364765	0.512140	-0.928083	-0.547696	-0.481332	-0.224016	0.496538	11.836596
-1.862060	1.270905	0.518552	-0.976107	-0.599490	-0.416195	-0.204256	0.492137	11.829366
1.950437	-0.380889	-0.075592	-0.803602	-0.622007	-0.345920	-0.183455	0.486902	11.822129
-1.941840	-0.662571	-0.106621	-0.790717	-0.622336	-0.342563	-0.182472	0.486641	11.821795
1.933193	-0.933510	-0.137189	-0.777422	-0.622604	-0.339200	-0.181487	0.486378	11.821461
1.885370	-1.160819	-0.501951	-0.455534	-0.616327	-0.274156	-0.162583	0.481105	11.815160
-0.327299	0.606956	-0.220872	-0.034867	-0.589096	-0.206535	-0.143084	0.475239	11.808854
-1.351647	0.837903	0.388413	0.475983	-0.529674	-0.122707	-0.118941	0.467416	11.801258
1.139074	-0.663725	0.421292	0.828859	-0.442511	-0.037420	-0.094214	0.458789	11.793657
-1.137765	-0.660759	0.418635	0.830262	-0.441855	-0.036862	-0.094051	0.458730	11.793607
0.534449	-0.657459	0.415925	0.831657	-0.441195	-0.036302	-0.093888	0.458671	11.793557
0.980375	0.591411	-0.080806	0.898387	-0.348041	0.035045	-0.072922	0.450875	11.787216
-0.851411	-0.464927	-0.357745	0.764524	-0.237999	0.105812	-0.051742	0.442557	11.780874
0.744254	-0.713040	-0.262894	0.410200	-0.096253	0.185415	-0.027274	0.432388	11.773591
-0.686887	-0.437389	0.060460	-0.066803	0.052581	0.262214	-0.002769	0.421580	11.766309
-0.239208	-0.410350	0.076769	-0.090231	0.059775	0.265836	-0.001586	0.421042	11.765958
0.684136	-0.380166	0.092880	-0.113553	0.066964	0.269451	-0.000403	0.420502	11.765605
0.583514	0.524770	0.304293	-0.482337	0.190886	0.331477	0.020386	0.410762	11.759404
-0.301790	1.145555	0.262960	-0.712638	0.305297	0.389927	0.041014	0.400597	11.753205
-0.724084	0.645704	-0.126832	-0.778982	0.419594	0.452976	0.064878	0.388161	11.745942
0.737484	-1.176550	-0.415869	-0.635825	0.507833	0.509103	0.088279	0.375187	11.738684
-0.053386	-1.243303	-0.416293	-0.622689	0.511952	0.512014	0.089570	0.374446	11.738278
-0.737034	-1.300365	-0.414298	-0.609094	0.515982	0.514900	0.090860	0.373704	11.737873
-0.663738	-0.929114	-0.129424	-0.354780	0.566630	0.555875	0.110395	0.362122	11.731654
0.115543	1.016775	0.371738	-0.055010	0.595669	0.590189	0.129399	0.350181	11.725440
0.648488	1.444574	0.721626	0.273961	0.601043	0.620900	0.150801	0.335812	11.718193
-0.587074	-1.599047	0.350338	0.505089	0.574049	0.640810	0.171232	0.321004	11.710956
-0.627695	-1.646400	0.312056	0.513269	0.571869	0.641505	0.172196	0.320276	11.710605
0.627632	-1.671022	0.271941	0.521158	0.569605	0.642176	0.173158	0.319546	11.710254
0.404288	0.465684	-0.605379	0.611603	0.514984	0.650129	0.189812	0.306402	11.704016
-0.701334	2.270293	-1.208907	0.601151	0.433193	0.650835	0.205548	0.292974	11.697786
0.829412	-2.027405	-0.796231	0.458724	0.310813	0.643160	0.222549	0.277058	11.690569
-1.037150	-2.937899	0.344510	0.227069	0.168338	0.626991	0.238110	0.260810	11.683364
1.048009	-2.784540	0.398385	0.216174	0.161949	0.626120	0.238743	0.260109	11.683056
-1.059035	-2.627548	0.452213	0.205241	0.155541	0.625234	0.239372	0.259407	11.682749
1.305157	-1.063121	1.456872	-0.017486	0.022272	0.604113	0.251627	0.244977	11.676482
-1.536007	1.008228	1.991334	-0.210201	-0.111585	0.577421	0.262755	0.230337	11.670227
-1.011637	2.828893	1.429134	-0.353621	-0.262924	0.538832	0.274541	0.212628	11.662783
1.547266	1.579793	-0.600418	-0.398969	-0.394709	0.493522	0.284692	0.194683	11.655357
-0.655112	1.535304	-0.625432	-0.398948	-0.396002	0.492991	0.284794	0.194485	11.655276
-1.540304	1.490106	-0.650487	-0.398915	-0.397295	0.492458	0.284896	0.194287	11.655195
1.148957	-1.845618	-2.287226	-0.362849	-0.485781	0.448982	0.292201	0.178850	11.648891
0.227484	-1.666603	-2.597542	-0.260555	-0.549183	0.401527	0.298295	0.163289	11.642603
-0.052386	0.707882	-1.048891	-0.079259	-0.587545	0.344417	0.303645	0.145822	11.635610
-0.055548	-0.119687	1.344284	0.118900	-0.590959	0.283426	0.307455	0.128261	11.628639
0.062129	-0.216326	1.437920	0.126943	-0.590303	0.280675	0.307587	0.127491	11.628334
-0.069872	-0.300017	1.528972	0.134886	-0.589580	0.277917	0.307715	0.126720	11.628029
0.434470	-0.031299	2.708169	0.264280	-0.560975	0.221703	0.309650	0.111320	11.621959
-1.638183	0.227865	2.576475	0.317842	-0.505370	0.163635	0.310387	0.095892	11.615906
-1.905690	0.447714	1.091472	0.292043	-0.409401	0.095632	0.309744	0.078158	11.608976
2.489333	0.423276	-0.820247	0.197410	-0.285140	0.027546	0.307504	0.060429	11.602073
2.610206	0.289995	-0.922813	0.190320	-0.277160	0.023580	0.307323	0.059390	11.601669
-2.637707	0.137792	-1.023057	0.183092	-0.269112	0.019617	0.307137	0.058350	11.601265
0.099374	-1.102508	-2.085779	0.065941	-0.145414	-0.037533	0.303780	0.043175	11.595371
2.865201	-0.628933	-2.137596	-0.060439	-0.014309	-0.092690	0.299240	0.028030	11.589498
0.026998	1.558409	-1.289877	-0.200943	0.142088	-0.154105	0.292344	0.010184	11.582582
-0.257764	1.530286	-0.076758	-0.322912	0.290675	-0.210011	0.283785	-0.007581	11.575696
-1.734489	1.397931	-0.021066	-0.327681	0.296782	-0.212285	0.283377	-0.008348	11.575399
-2.239299	1.250981	0.034698	-0.332407	0.302859	-0.214547	0.282965	-0.009116	11.575101
1.929163	-1.539517	0.973285	-0.415466	0.414841	-0.256376	0.274181	-0.024247	11.569230
-1.680543	1.378271	1.221566	-0.476170	0.507060	-0.292058	0.264167	-0.039290	11.563382
1.500089	-1.116141	1.046049	-0.512629	0.580600	-0.324265	0.251141	-0.056445	11.556695
-1.413758	0.803306	0.985108	-0.506214	0.612293	-0.345808	0.236482	-0.073448	11.550042
1.362046	0.529039	0.527537	-0.455987	0.602191	-0.355950	0.220312	-0.090153	11.543473
0.194448	-0.240955	-0.052684	-0.362875	0.554101	-0.355531	0.202522	-0.106669	11.536939
-1.251912	-0.214815	-0.069049	-0.358681	0.551690	-0.355327	0.201839	-0.107271	11.536700
1.245636	-0.183878	-0.084804	-0.354434	0.549236	-0.355111	0.201153	-0.107873	11.536461
0.062570	0.150861	-0.215254	-0.221537	0.468844	-0.344700	0.181995	-0.123885	11.530079
-0.838488	-0.304464	0.137048	-0.046383	0.364506	-0.326114	0.161396	-0.139677	11.523734
0.837737	-0.307110	0.138499	-0.045098	0.363797	-0.325975	0.161264	-0.139774	11.523694
-0.836993	-0.309725	0.139920	-0.043810	0.363087	-0.325836	0.161132	-0.139871	11.523655
0.815554	-0.096907	0.096756	0.177716	0.250965	-0.302262	0.140949	-0.154221	11.517837
-0.974048	1.211355	-0.147877	0.439627	0.128938	-0.273441	0.119753	-0.168355	11.512051
1.334403	0.628577	-0.206407	0.713812	-0.008195	-0.237430	0.095910	-0.183357	11.505841
-1.847669	-0.263375	-0.038140	0.932008	-0.144785	-0.197419	0.071279	-0.198073	11.499670
-1.814023	-0.430652	-0.025788	0.940276	-0.151259	-0.195404	0.070073	-0.198776	11.499374
-1.044953	-0.615388	-0.013112	0.948297	-0.157720	-0.193382	0.068865	-0.199479	11.499077
2.433541	-3.276172	0.269483	1.044334	-0.274505	-0.154585	0.046111	-0.212462	11.493551
-2.932009	2.307516	0.549496	1.013310	-0.381590	-0.114333	0.023060	-0.225184	11.488059
-1.572405	4.004465	0.455513	0.791085	-0.488838	-0.067019	-0.003776	-0.239558	11.481749
3.392178	-1.593173	-0.365455	0.414781	-0.573222	-0.020100	-0.030564	-0.253545	11.475486
1.032203	-1.924692	-0.404577	0.395921	-0.576293	-0.018088	-0.031724	-0.254144	11.475215
-3.375354	-2.243612	-0.443097	0.376885	-0.579311	-0.016077	-0.032885	-0.254743	11.474943
-0.192177	-3.665878	-0.911730	-0.028454	-0.627606	0.023167	-0.055871	-0.266517	11.469553
2.448028	-0.415785	-0.486753	-0.453923	-0.650964	0.060286	-0.078468	-0.277971	11.464200
-0.630198	2.410507	0.454360	-0.906946	-0.642822	0.099395	-0.103705	-0.290695	11.458107
-1.158703	1.402124	0.967340	-1.241548	-0.592915	0.134142	-0.127988	-0.302960	11.452066
-0.375227	1.216317	0.975760	-1.252020	-0.589736	0.135540	-0.129016	-0.303481	11.451805
1.125765	1.031714	0.983047	-1.262099	-0.586471	0.136928	-0.130041	-0.304001	11.451544
-0.951346	-0.237832	0.898358	-1.376467	-0.501624	0.162767	-0.150152	-0.314268	11.446323
0.987419	-0.309835	0.408475	-1.306011	-0.380634	0.184353	-0.169196	-0.324156	11.441143
-1.132143	0.113026	-0.436078	-0.953167	-0.208551	0.203454	-0.189659	-0.335057	11.435228
1.196538	0.168468	-0.667361	-0.281787	-0.018291	0.215854	-0.208399	-0.345419	11.429370
-1.194306	-0.022687	-0.642205	-0.245605	-0.009740	0.216239	-0.209185	-0.345864	11.429112
1.191509	-0.207130	-0.613766	-0.208988	-0.001194	0.216609	-0.209967	-0.346308	11.428855
0.324234	0.350921	0.230768	0.549990	0.164460	0.220934	-0.224574	-0.354808	11.423818
-0.752955	1.420748	0.547445	1.192143	0.317772	0.219426	-0.237698	-0.362873	11.418825
0.032040	-1.978691	-0.561453	1.452339	0.468392	0.209625	-0.251397	-0.371901	11.412928
0.090740	-1.683974	-0.267472	0.988784	0.568608	0.190702	-0.262982	-0.380268	11.407097
-0.089789	-1.624514	-0.262158	0.984731	0.568993	0.190577	-0.263037	-0.380310	11.407066
0.088846	-1.565195	-0.256822	0.980664	0.569378	0.190452	-0.263093	-0.380353	11.407036
-0.025378	-0.408509	0.679532	0.199947	0.611808	0.166528	-0.271340	-0.386988	11.402080
0.127582	1.628731	0.885970	-0.594196	0.613615	0.135744	-0.278037	-0.393105	11.397173
-0.414811	-1.160457	-0.408296	-1.247594	0.565503	0.094892	-0.283681	-0.399296	11.391762
0.863932	0.807489	-1.137823	-1.446536	0.461617	0.049326	-0.287410	-0.404805	11.386415
-0.886573	0.745248	-1.116764	-1.441637	0.455851	0.047296	-0.287527	-0.405026	11.386186
0.368649	0.662678	-1.090290	-1.435523	0.449977	0.045260	-0.287641	-0.405246	11.385958
1.411707	-0.781807	-0.006644	-1.090270	0.312074	0.003690	-0.289182	-0.409398	11.381387
-0.396564	1.061069	0.608431	-0.448824	0.148052	-0.038073	-0.289281	-0.413027	11.376866
-2.497735	0.464185	0.683989	0.382578	-0.043855	-0.082795	-0.287690	-0.416446	11.371912
2.916722	-2.093823	0.811381	1.095110	-0.224192	-0.123919	-0.284290	-0.419239	11.367021
-3.125548	2.412838	1.118224	1.437722	-0.376177	-0.161075	-0.278740	-0.421510	11.361945
3.020444	0.638218	0.248462	1.167918	-0.468771	-0.189682	-0.271141	-0.423110	11.356940
-1.662067	0.375072	0.194668	1.144483	-0.471408	-0.190691	-0.270765	-0.423165	11.356724
-2.994600	0.113704	0.140724	1.120257	-0.473936	-0.191680	-0.270386	-0.423218	11.356510
2.602030	-2.132692	-0.753693	0.499804	-0.502293	-0.206895	-0.261916	-0.424031	11.352214
2.483252	-0.424941	-0.766699	-0.250440	-0.490089	-0.212574	-0.251856	-0.424363	11.347974
-1.399510	1.239016	-0.009001	-1.017407	-0.429291	-0.208212	-0.238565	-0.424172	11.343225
0.882250	-0.833724	0.600364	-1.371883	-0.320536	-0.193693	-0.223465	-0.423395	11.338548
-0.865043	-0.763972	0.595739	-1.372591	-0.314560	-0.192826	-0.222748	-0.423347	11.338340
0.848464	-0.682117	0.587211	-1.371786	-0.308494	-0.191940	-0.222027	-0.423298	11.338132
-0.638181	0.635430	-0.039955	-1.099968	-0.175536	-0.171332	-0.207340	-0.422107	11.334102
0.597335	0.413709	-0.634453	-0.510636	-0.027135	-0.145024	-0.191551	-0.420494	11.330130
-0.675881	-0.976384	-0.631365	0.255127	0.138716	-0.109056	-0.172257	-0.418141	11.325648
0.798165	-1.088030	0.179012	0.879380	0.273936	-0.068234	-0.151877	-0.415269	11.321242
-0.803362	-0.997071	0.223681	0.901175	0.279018	-0.066245	-0.150908	-0.415123	11.321039
0.694269	-0.892501	0.268108	0.922156	0.283972	-0.064248	-0.149936	-0.414976	11.320837
0.885403	1.410166	0.908748	1.135908	0.349922	-0.025534	-0.131348	-0.412019	11.317062
0.631651	-0.659623	0.830419	0.958404	0.357040	0.014770	-0.112220	-0.408694	11.313346
-0.966775	-1.928170	0.016785	0.434532	0.303270	0.061774	-0.089726	-0.404430	11.309147
0.992767	2.026793	-0.951708	-0.172032	0.202871	0.107652	-0.066885	-0.399714	11.305026
-0.994006	1.792196	-0.977601	-0.196464	0.197688	0.109619	-0.065871	-0.399495	11.304846
-0.556753	1.524365	-1.001086	-0.220505	0.192457	0.111579	-0.064857	-0.399276	11.304666
-0.273917	-1.960740	-0.962518	-0.594790	0.082192	0.148557	-0.044864	-0.394789	11.301154
1.040072	-1.417237	-0.100648	-0.740420	-0.032582	0.181495	-0.024897	-0.389985	11.297700
-1.036986	1.480864	0.841407	-0.643520	-0.153327	0.212576	-0.002086	-0.384074	11.293794
-0.365242	0.822828	0.665213	-0.316020	-0.245179	0.234210	0.020327	-0.377776	11.289965
0.988837	0.438842	0.635244	-0.297400	-0.248309	0.234914	0.021305	-0.377489	11.289798
-0.985606	0.033382	0.603978	-0.278507	-0.251348	0.235595	0.022282	-0.377202	11.289630
0.890345	-0.647099	-0.730433	0.431030	-0.276498	0.241649	0.063152	-0.364100	11.282543
-1.431226	0.785596	0.618694	0.125664	-0.076775	0.201048	0.100666	-0.349785	11.275736
1.458902	-0.345914	0.664316	0.110550	-0.070346	0.199577	0.101534	-0.349423	11.275574
1.054848	-0.814343	0.708206	0.095373	-0.063890	0.198086	0.102400	-0.349060	11.275413
-1.518032	-0.429568	0.751944	0.079106	-0.056963	0.196473	0.103324	-0.348672	11.275240
1.548947	0.662054	0.791862	0.062827	-0.050018	0.194838	0.104244	-0.348283	11.275067
-2.008780	1.138125	0.661135	-0.173298	0.057983	0.166904	0.118253	-0.342142	11.272409
2.376112	-1.364667	-0.810191	-0.307849	0.155508	0.135065	0.131681	-0.335834	11.269795
-2.634870	1.428048	-0.770430	-0.231452	0.246553	0.090061	0.148164	-0.327445	11.266484
1.993891	-1.168281	0.520417	0.015353	0.292853	0.043098	0.163645	-0.318808	11.263249
2.589127	-1.217705	0.560240	0.028308	0.293894	0.040889	0.164347	-0.318397	11.263099
-2.578903	-1.243819	0.595646	0.041252	0.294832	0.038681	0.165047	-0.317985	11.262949
2.279374	-0.180854	0.586185	0.257217	0.293549	-0.001766	0.177584	-0.310278	11.260205
1.134797	0.770684	0.006002	0.371491	0.256795	-0.041064	0.189341	-0.302409	11.257518
-1.316804	0.267377	-0.380678	0.351420	0.172317	-0.084447	0.201971	-0.293104	11.254474
0.918961	-0.521060	-0.304880	0.163803	0.055769	-0.124706	0.213519	-0.283617	11.251506
-0.907138	-0.484723	-0.292251	0.152232	0.050221	-0.126371	0.213996	-0.283201	11.251379
0.013351	-0.442810	-0.278931	0.140398	0.044640	-0.128030	0.214472	-0.282784	11.251252
0.681067	0.632770	0.054026	-0.128637	-0.070638	-0.159371	0.223495	-0.274428	11.248749
0.829539	0.165684	0.288964	-0.393840	-0.186909	-0.187133	0.231681	-0.265962	11.246302
-1.047268	-1.220197	0.200687	-0.615646	-0.312495	-0.214763	0.240321	-0.255754	11.243461
-1.006747	1.562463	-0.280707	-0.702101	-0.407776	-0.235614	0.247738	-0.245425	11.240699
1.367260	1.588875	-0.286539	-0.702227	-0.408670	-0.235821	0.247820	-0.245300	11.240666
1.348540	1.614407	-0.292330	-0.702330	-0.409557	-0.236026	0.247901	-0.245175	11.240633
-0.626819	1.603742	-0.590682	-0.646432	-0.455293	-0.247598	0.253227	-0.236280	11.238340
-1.945521	-0.321744	-0.641597	-0.453634	-0.470343	-0.252990	0.257658	-0.227325	11.236103
2.194157	-2.325461	-0.298821	-0.088855	-0.455202	-0.251165	0.261633	-0.217057	11.233623
-2.321156	0.099318	0.456416	0.343316	-0.410304	-0.241431	0.264484	-0.206746	11.231216
2.323133	0.548593	0.487387	0.361416	-0.407836	-0.240862	0.264580	-0.206312	11.231117
-0.807039	0.993969	0.517725	0.379460	-0.405322	-0.240280	0.264674	-0.205878	11.231017
-2.302106	2.311112	0.880002	0.712540	-0.346617	-0.226235	0.266177	-0.197227	11.229064
-0.621421	-0.850931	0.575438	0.963064	-0.273295	-0.207856	0.266998	-0.188570	11.227163
1.987050	-1.266073	-0.244485	1.127108	-0.170420	-0.180986	0.267155	-0.178244	11.224960
0.128846	-1.609621	-0.820989	1.118238	-0.055083	-0.149598	0.266495	-0.167943	11.222829
-1.738886	-1.531799	-0.828478	1.113440	-0.049813	-0.148134	0.266449	-0.167493	11.222737
-1.469355	-1.438643	-0.834013	1.108251	-0.044528	-0.146664	0.266401	-0.167043	11.222646
1.540854	1.314292	-0.582743	0.935912	0.061450	-0.116687	0.265199	-0.158269	11.220887
1.058128	0.730431	0.133672	0.660281	0.171197	-0.084687	0.263513	-0.149532	11.219181
-1.347826	-0.867018	0.642790	0.269384	0.301447	-0.045448	0.260992	-0.139366	11.217251
-0.953735	0.755607	0.049125	-0.131459	0.430472	-0.005111	0.257948	-0.129266	11.215393
1.468854	0.773268	0.012143	-0.148901	0.436148	-0.003300	0.257801	-0.128817	11.215312
-1.478950	0.775458	-0.024486	-0.166270	0.441810	-0.001489	0.257653	-0.128368	11.215231
1.743458	-0.808614	-0.532965	-0.484029	0.548320	0.033254	0.254653	-0.119775	11.213701
-2.085184	0.766306	-0.415344	-0.760524	0.649016	0.067518	0.251373	-0.111239	11.212222
-1.985603	1.104696	0.099900	-1.025286	0.755779	0.105953	0.247273	-0.101403	11.210571
2.714224	-1.209254	0.425407	-1.236353	0.848391	0.142091	0.242928	-0.091652	11.208989
-1.677335	-1.369987	0.433075	-1.245382	0.852467	0.143771	0.242712	-0.091181	11.208914
-2.725986	-1.521974	0.439984	-1.254307	0.856501	0.145443	0.242495	-0.090710	11.208839
2.725500	-1.535053	0.433188	-1.397097	0.921374	0.174051	0.238552	-0.082298	11.207524
0.855525	0.473860	0.205180	-1.505377	0.970454	0.199593	0.234525	-0.073956	11.206261
-2.243625	1.879843	-0.131874	-1.572902	1.004899	0.224875	0.229751	-0.064254	11.204844
1.851539	0.906632	-0.308993	-1.555773	1.012052	0.244177	0.224997	-0.054654	11.203500
1.141861	0.898213	-0.310327	-1.554632	1.011946	0.244452	0.224916	-0.054489	11.203477
0.431206	0.890696	-0.311605	-1.553462	1.011833	0.244725	0.224835	-0.054325	11.203455
-1.512466	0.462692	-0.307615	-1.459086	0.997389	0.255610	0.220886	-0.046289	11.202375
1.242106	-2.087497	-0.176311	-1.294326	0.966400	0.261765	0.217050	-0.038329	11.201346
-1.050123	-1.961424	0.096199	-1.025751	0.910686	0.263286	0.212741	-0.029090	11.200204
1.049357	1.971428	0.270953	-0.695397	0.836040	0.259063	0.208661	-0.019959	11.199131
-1.053394	1.790122	0.271895	-0.683153	0.833154	0.258820	0.208524	-0.019646	11.199095
-0.628275	1.594582	0.272401	-0.670873	0.830251	0.258572	0.208388	-0.019334	11.199060
1.243470	-0.405661	0.169342	-0.357017	0.752481	0.250505	0.205105	-0.011661	11.198206
0.217104	-0.674856	-0.071726	-0.040325	0.663897	0.238925	0.201976	-0.004070	11.197402
-0.508248	-0.946397	-0.361288	0.296259	0.549695	0.221534	0.198542	0.004602	11.196535
-2.248902	-1.246287	-0.483894	0.566634	0.424716	0.200270	0.195296	0.013163	11.195734
0.793033	-1.181434	-0.482602	0.576907	0.418803	0.199217	0.195152	0.013549	11.195699
2.273089	-1.110990	-0.480605	0.586996	0.412868	0.198157	0.195009	0.013936	11.195664
0.172481	0.089049	-0.322645	0.745307	0.296579	0.176651	0.192350	0.021264	11.195027
-1.770925	0.778862	0.011308	0.848850	0.174914	0.152878	0.189817	0.028505	11.194440
-2.515360	0.630382	0.526505	0.919451	0.028380	0.122959	0.187039	0.036763	11.193823
-1.749144	-0.296477	1.066149	0.958891	-0.123547	0.090840	0.184411	0.044902	11.193271
2.448391	-0.318255	1.085585	0.960229	-0.130182	0.089417	0.184301	0.045249	11.193249
-0.778399	-0.335098	1.104475	0.961552	-0.136824	0.087990	0.184192	0.045596	11.193227
-2.367223	-0.018579	1.314098	0.987826	-0.272169	0.058601	0.182039	0.052544	11.192806
-0.082341	0.230799	1.065242	1.019760	-0.409361	0.028209	0.179984	0.059399	11.192434
2.246719	-0.310186	0.262783	1.061136	-0.567928	-0.007636	0.177732	0.067175	11.192067
-2.265055	-0.631465	-0.978056	1.100415	-0.725370	-0.043981	0.175593	0.074825	11.191763
2.267905	-0.546057	-1.041923	1.102004	-0.732346	-0.045609	0.175500	0.075163	11.191751
1.763542	-0.449277	-1.106250	1.103573	-0.739317	-0.047237	0.175407	0.075502	11.191739
-2.366578	1.078571	-2.193396	1.129849	-0.877838	-0.079949	0.173580	0.082257	11.191526
2.506336	-1.607151	-2.075526	1.140433	-1.011629	-0.112358	0.171827	0.088909	11.191364
-2.676387	2.253942	-0.563021	1.118824	-1.151029	-0.147481	0.169967	0.096146	11.191245
0.717796	0.480488	1.152369	1.049348	-1.277413	-0.181407	0.168180	0.103252	11.191188
2.830910	0.365167	1.195860	1.046623	-1.280692	-0.182326	0.168131	0.103447	11.191187
-2.834461	0.249691	1.239029	1.043852	-1.283957	-0.183245	0.168082	0.103642	11.191187
0.699825	-2.652930	2.397009	0.930171	-1.380288	-0.211710	0.166564	0.109786	11.191191
2.983256	-3.799436	2.967438	0.761195	-1.460275	-0.238596	0.165087	0.115827	11.191244
2.152850	-2.824298	2.693989	0.501450	-1.527550	-0.266769	0.163456	0.122543	11.191361
-0.186532	-0.391244	1.642648	0.201367	-1.566071	-0.292102	0.161860	0.129124	11.191540
-1.691021	-0.221880	1.562257	0.183155	-1.567366	-0.293509	0.161766	0.129511	11.191552
-2.836662	-0.050861	1.480257	0.164955	-1.568543	-0.294904	0.161672	0.129898	11.191565
-2.972860	2.406339	0.152035	-0.091913	-1.571952	-0.313742	0.160320	0.135437	11.191773
-1.830974	3.919595	-1.331495	-0.318281	-1.547975	-0.329898	0.158977	0.140876	11.192027
2.781406	-2.841742	-3.038699	-0.580217	-1.361554	-0.357753	0.155756	0.153503	11.192816
2.537176	-1.055564	2.171361	-0.292162	-0.978489	-0.370705	0.152449	0.165551	11.193861
0.400433	-0.217684	2.254397	-0.282573	-0.969098	-0.370816	0.152381	0.165786	11.193884
-2.598453	0.528608	2.333585	-0.272891	-0.959642	-0.370921	0.152313	0.166021	11.193908
0.158963	1.129789	2.422535	-0.261255	-0.948306	-0.371039	0.152232	0.166300	11.193936
2.589802	1.345384	2.505387	-0.249509	-0.936890	-0.371149	0.152151	0.166580	11.193965
-1.539434	1.032741	2.607150	-0.233477	-0.921338	-0.371285	0.152042	0.166957	11.194003
-2.577988	0.393857	2.696717	-0.217279	-0.905650	-0.371405	0.151932	0.167333	11.194042
2.510109	-0.959340	2.811856	-0.047377	-0.739561	-0.371799	0.150810	0.171099	11.194449
-2.417595	0.757785	1.482315	0.121730	-0.561322	-0.370708	0.149665	0.174805	11.194882
-0.522699	0.500293	-0.994034	0.321234	-0.289216	-0.366595	0.147982	0.180013	11.195550
1.987234	-0.646573	-2.625513	0.412773	-0.003791	-0.359539	0.146246	0.185096	11.196272
-1.677607	0.776917	-2.552040	0.346298	0.301139	-0.349069	0.144368	0.190284	11.197086
1.334192	0.757548	-1.960744	0.155265	0.600896	-0.335519	0.142425	0.195337	11.197959
-1.318380	0.519381	-1.945793	0.144713	0.614129	-0.334834	0.142335	0.195563	11.198000
1.302582	0.275314	-1.932545	0.134044	0.627324	-0.334143	0.142245	0.195788	11.198041
-0.998142	-0.794724	-1.717597	-0.098850	0.885501	-0.318738	0.140386	0.200316	11.198903
0.772312	0.843294	-0.722255	-0.326185	1.115764	-0.300842	0.138463	0.204729	11.199814
-0.685549	-0.275137	1.208839	-0.499951	1.311896	-0.279775	0.136406	0.209173	11.200809
0.805206	-1.056320	2.301163	-0.559034	1.457070	-0.256172	0.134274	0.213496	11.201856
-0.816612	-1.112133	2.295740	-0.558138	1.462451	-0.255017	0.134174	0.213693	11.201906
0.438729	-1.166519	2.283732	-0.556885	1.467711	-0.253855	0.134073	0.213891	11.201956
1.154331	-0.283036	0.967170	-0.465322	1.545788	-0.230109	0.132066	0.217695	11.202955
-1.591153	1.700501	-1.168025	-0.261838	1.578156	-0.204384	0.129993	0.221401	11.203998
2.115941	-2.029400	-1.989341	0.085754	1.560635	-0.171997	0.127490	0.225594	11.205266
0.631358	0.056192	-0.334267	0.499099	1.486482	-0.137165	0.124888	0.229653	11.206592
-2.539982	0.662249	-0.185199	0.526087	1.479586	-0.134758	0.124710	0.229919	11.206683
2.558124	1.257252	-0.036275	0.552760	1.472448	-0.132340	0.124532	0.230185	11.206774
-2.689519	2.411911	1.450140	0.842324	1.362490	-0.101099	0.122251	0.233485	11.207941
-2.648798	0.184792	1.451170	0.984694	1.216687	-0.068538	0.119893	0.236691	11.209149
2.503778	-2.253438	0.328203	0.881326	1.003102	-0.028770	0.117017	0.240345	11.210623
-2.253717	0.365072	-0.687263	0.531708	0.754079	0.012276	0.114029	0.243870	11.212152
2.241930	0.832007	-0.713890	0.512089	0.742590	0.014091	0.113896	0.244021	11.212220
-2.230116	1.289186	-0.738474	0.492160	0.731058	0.015908	0.113763	0.244171	11.212288
1.994559	1.694224	-0.763917	0.037733	0.492159	0.052661	0.111046	0.247138	11.213674
1.564607	-1.433759	-0.072085	-0.476774	0.243692	0.089945	0.108236	0.250008	11.215103
-1.523401	-0.926496	0.417995	-1.016465	-0.042854	0.133081	0.104898	0.253179	11.216792
-1.580600	1.034945	0.308115	-1.381552	-0.319950	0.176349	0.101431	0.256223	11.218536
1.582695	0.782014	0.291458	-1.393203	-0.331714	0.178247	0.101276	0.256354	11.218614
-1.585137	0.517777	0.273980	-1.404506	-0.343443	0.180145	0.101120	0.256484	11.218692
1.105975	-0.975324	-0.108745	-1.557519	-0.565433	0.217604	0.097988	0.259018	11.220257
1.858041	0.621141	-0.236172	-1.584576	-0.762897	0.254717	0.094751	0.261457	11.221863
1.372709	0.854785	-0.066763	-1.475093	-0.952982	0.297184	0.090853	0.264174	11.223782
-2.075068	1.207664	0.258938	-1.236249	-1.097458	0.338606	0.086807	0.266764	11.225756
-0.720053	1.268675	0.271160	-1.225485	-1.101832	0.340076	0.086659	0.266855	11.225828
2.070200	1.330413	0.283337	-1.214571	-1.106154	0.341545	0.086509	0.266946	11.225900
-1.914083	1.213513	0.531657	-0.898368	-1.196178	0.377664	0.082718	0.269166	11.227732
1.631073	-1.840392	0.509259	-0.507564	-1.252943	0.412435	0.078799	0.271284	11.229608
0.519892	-1.395958	-0.041228	-0.017774	-1.279424	0.448433	0.074393	0.273468	11.231695
-0.944269	1.051231	-0.852803	0.487831	-1.272033	0.482405	0.069830	0.275532	11.233835
0.714832	1.070460	-0.861881	0.493420	-1.271766	0.482777	0.069777	0.275554	11.233859
0.938156	1.089327	-0.870939	0.499003	-1.271495	0.483150	0.069724	0.275577	11.233884
-0.643739	2.661143	-1.611813	1.328034	-1.168681	0.542997	0.060320	0.279259	11.238222
0.078047	-0.630708	0.432795	1.725360	-0.968683	0.593099	0.050274	0.282477	11.242755
0.661226	-0.903665	0.476256	1.726837	-0.965384	0.593709	0.050133	0.282518	11.242818
-0.662555	-1.184676	0.520006	1.728197	-0.962071	0.594316	0.049991	0.282558	11.242881
0.665539	-1.783859	0.617633	1.730781	-0.954704	0.595651	0.049678	0.282648	11.243021
0.095211	-2.280582	0.716594	1.732783	-0.947270	0.596975	0.049364	0.282736	11.243161
-0.713803	-1.739258	1.972179	1.701589	-0.842278	0.613584	0.045141	0.283876	11.245034
0.763249	1.543552	2.376143	1.554373	-0.726162	0.628323	0.040809	0.284941	11.246938
-0.863386	-1.003914	0.628865	1.196799	-0.564764	0.644332	0.035103	0.286195	11.249420
-0.868430	0.523194	-2.029609	0.715932	-0.394016	0.656965	0.029215	0.287326	11.251952
0.869865	0.556661	-2.111730	0.694010	-0.386620	0.657425	0.028960	0.287372	11.252061
-0.134424	0.575178	-2.188831	0.672042	-0.379223	0.657878	0.028705	0.287417	11.252170
-0.897305	-0.477449	-2.709857	0.216884	-0.226119	0.665758	0.023382	0.288297	11.254431
0.945140	0.317546	-1.603471	-0.211220	-0.073859	0.670784	0.017914	0.289084	11.256731
-1.115933	1.021063	0.490357	-0.637434	0.095687	0.672885	0.011437	0.289871	11.259424
-1.347216	-0.250255	2.166757	-0.964196	0.253933	0.670869	0.004763	0.290533	11.262167
1.364122	-0.378278	2.222001	-0.976530	0.260955	0.670671	0.004446	0.290561	11.262296
0.606906	-0.506112	2.274745	-0.988579	0.267941	0.670464	0.004130	0.290589	11.262426
0.330818	-2.153011	2.696678	-1.157497	0.390824	0.664835	-0.001850	0.291053	11.264861
-1.446666	-1.045408	1.891778	-1.212854	0.497160	0.655775	-0.007952	0.291422	11.267334
-2.798579	3.147554	0.105827	-1.151646	0.596479	0.640885	-0.015125	0.291728	11.270233
3.283991	0.104268	-1.593601	-0.986025	0.670810	0.621042	-0.022418	0.291906	11.273181
-3.298320	-0.336807	-1.639589	-0.978793	0.672948	0.620262	-0.022673	0.291910	11.273284
0.887011	-0.775911	-1.684328	-0.971474	0.675057	0.619477	-0.022927	0.291914	11.273387
3.601325	-3.710477	-2.288615	-0.763210	0.718542	0.597669	-0.029369	0.291957	11.275999
-0.385310	0.075633	-1.726588	-0.522084	0.744041	0.571832	-0.035869	0.291903	11.278647
-1.392708	3.740371	-0.446555	-0.240582	0.751612	0.538528	-0.043130	0.291729	11.281628
-3.789481	2.327203	0.636660	0.029476	0.737667	0.500493	-0.050426	0.291435	11.284652
-2.694184	-0.556921	1.317673	0.263570	0.701681	0.457503	-0.057834	0.291015	11.287762
-2.390685	-2.460749	1.545146	0.429789	0.643726	0.410442	-0.065237	0.290473	11.290916
-1.737057	-2.514721	1.544014	0.435740	0.640295	0.408020	-0.065602	0.290443	11.291073
0.230327	-2.564511	1.541683	0.441455	0.636813	0.405590	-0.065967	0.290412	11.291230
3.142661	-2.774755	1.287707	0.506495	0.566230	0.360822	-0.072461	0.289822	11.294048
0.957424	-1.852225	0.650020	0.508798	0.481388	0.313543	-0.078921	0.289137	11.296899
-1.235619	-0.065077	-0.262996	0.445658	0.370083	0.256083	-0.086332	0.288226	11.300240
-2.148491	1.592418	-0.942157	0.325839	0.250059	0.196087	-0.093656	0.287187	11.303625
-0.733593	1.643803	-0.958638	0.319914	0.245021	0.193573	-0.093955	0.287142	11.303765
2.119550	1.691951	-0.973935	0.313924	0.239981	0.191058	-0.094253	0.287096	11.303905
0.731192	1.710560	-0.972471	0.172372	0.132726	0.136983	-0.100531	0.286080	11.306890
-1.596960	0.241977	-0.322638	0.013856	0.027130	0.081644	-0.106711	0.284968	11.309907
0.321220	-1.506390	0.570394	-0.147693	-0.086839	0.017205	-0.113637	0.283580	11.313395
1.524950	-0.349448	0.864277	-0.237198	-0.188336	-0.048070	-0.120394	0.282066	11.316925
0.050247	-0.177278	0.859688	-0.238756	-0.192760	-0.051189	-0.120710	0.281991	11.317094
-1.543489	-0.004419	0.853446	-0.240036	-0.197141	-0.054308	-0.121027	0.281915	11.317263
-0.862533	1.493884	0.463818	-0.220389	-0.269679	-0.111536	-0.126743	0.280484	11.320374
0.026517	0.805082	-0.297121	-0.140301	-0.326308	-0.168748	-0.132299	0.278958	11.323516
2.375128	-1.292386	-0.920990	-0.012738	-0.370169	-0.234347	-0.138491	0.277080	11.327178
-2.339104	-1.387323	-0.573456	0.109708	-0.390034	-0.299093	-0.144428	0.275077	11.330878
1.728502	-1.184356	-0.536986	0.114348	-0.390344	-0.301920	-0.144684	0.274986	11.331042
2.314950	-0.972265	-0.499070	0.118901	-0.390605	-0.304746	-0.144939	0.274894	11.331206
-1.899605	1.275624	0.378203	0.185191	-0.385704	-0.360102	-0.149876	0.273033	11.334471
1.298498	-0.362906	1.002568	0.188704	-0.361617	-0.414083	-0.154588	0.271076	11.337764
-0.645107	-1.086673	0.900310	0.100691	-0.313152	-0.473512	-0.159666	0.268728	11.341555
0.319522	0.953234	-0.170213	-0.042764	-0.248525	-0.530156	-0.164410	0.266256	11.345381
-0.317602	0.802619	-0.214732	-0.048722	-0.245759	-0.532314	-0.164589	0.266157	11.345531
-0.102821	0.637024	-0.258469	-0.054669	-0.242982	-0.534465	-0.164767	0.266057	11.345682
-0.100768	-0.602787	-0.947158	-0.177887	-0.178657	-0.580914	-0.168588	0.263793	11.349048
1.017997	0.201476	-0.890077	-0.263135	-0.112649	-0.624455	-0.172122	0.261435	11.352441
1.811749	-0.194285	-0.195545	-0.301984	-0.040722	-0.670382	-0.175807	0.258614	11.356366
-2.570140	0.658372	0.420247	-0.280504	0.022348	-0.711481	-0.179076	0.255670	11.360324
-0.506434	0.845567	0.440094	-0.278194	0.025010	-0.713246	-0.179216	0.255531	11.360507
2.630612	1.037327	0.459028	-0.275778	0.027650	-0.714998	-0.179355	0.255393	11.360690
-3.091261	1.730537	0.621637	-0.210249	0.073867	-0.746104	-0.181818	0.252708	11.364180
3.337530	-2.334260	0.422570	-0.111874	0.112410	-0.772713	-0.183929	0.249929	11.367694
-3.351020	2.668837	0.158149	0.033887	0.147222	-0.797345	-0.185910	0.246609	11.371775
3.078533	1.476695	0.011031	0.203426	0.171607	-0.814978	-0.187382	0.243165	11.375887
-0.460785	1.182657	0.006114	0.211825	0.172507	-0.815634	-0.187439	0.242998	11.376084
-3.038032	0.883845	0.001306	0.220238	0.173382	-0.816273	-0.187495	0.242831	11.376280
2.574186	-2.769706	-0.080253	0.374751	0.185173	-0.824869	-0.188303	0.239711	11.379900
1.392639	-1.884247	-0.171604	0.521578	0.188824	-0.827301	-0.188691	0.236496	11.383541
-1.472431	2.570909	-0.226621	0.662138	0.183289	-0.822390	-0.188614	0.232787	11.387644
0.748115	-0.070935	-0.147613	0.766476	0.168198	-0.809607	-0.188008	0.228959	11.391773
1.134136	-0.468433	-0.140011	0.770436	0.167305	-0.808851	-0.187968	0.228783	11.391960
-1.128042	-0.850935	-0.132035	0.774338	0.166395	-0.808081	-0.187928	0.228607	11.392148
1.160043	-1.886100	0.105756	0.841421	0.145168	-0.790040	-0.186920	0.225108	11.395829
0.041025	0.073383	0.408795	0.897011	0.117974	-0.766680	-0.185519	0.221514	11.399531
-1.860599	0.830884	0.200030	0.936111	0.081003	-0.734435	-0.183480	0.217344	11.403731
2.335125	-0.344601	-0.703935	0.856212	0.038762	-0.696507	-0.180969	0.213052	11.407955
-2.703984	0.157925	-0.418303	0.558046	-0.005282	-0.653842	-0.178027	0.208673	11.412170
2.843639	-0.229336	0.930214	0.025496	-0.047881	-0.606845	-0.174652	0.204173	11.416407
2.574458	-0.342669	0.980162	-0.001474	-0.049632	-0.604729	-0.174497	0.203976	11.416591
-2.841058	-0.452399	1.026972	-0.028693	-0.051374	-0.602607	-0.174341	0.203779	11.416774
0.724552	1.192924	0.988515	-0.670499	-0.087850	-0.552488	-0.170575	0.199222	11.420969
1.828559	1.748236	-0.676971	-1.171764	-0.115752	-0.499556	-0.166422	0.194551	11.425184
2.222902	1.718590	-0.681746	-1.172761	-0.115817	-0.499399	-0.166409	0.194537	11.425196
1.779589	1.688850	-0.686510	-1.173754	-0.115882	-0.499241	-0.166397	0.194523	11.425209
1.571103	-2.162455	-1.228900	-1.278645	-0.131073	-0.448061	-0.162202	0.190079	11.429146
0.750360	2.191822	0.542828	-0.893010	-0.133935	-0.395525	-0.157704	0.185544	11.433099
-0.310496	-1.094304	1.150753	-0.099014	-0.124377	-0.336804	-0.152442	0.180468	11.437452
-0.486326	-1.377483	0.052350	0.775539	-0.104216	-0.277271	-0.146853	0.175290	11.441822
0.481374	-1.112322	-0.027303	0.814689	-0.102998	-0.274322	-0.146570	0.175032	11.442038
-0.477230	-0.834029	-0.107975	0.853179	-0.101759	-0.271369	-0.146285	0.174774	11.442254
0.029139	1.106375	-1.014178	1.383221	-0.076424	-0.217624	-0.140996	0.170046	11.446183
0.742102	-1.194553	0.268162	1.481262	-0.047040	-0.163761	-0.135477	0.165244	11.450125
-1.069202	1.661358	1.022879	1.134864	-0.010951	-0.102481	-0.128920	0.159678	11.454637
-0.721635	2.158813	-0.213234	0.465206	0.025925	-0.041711	-0.122105	0.154024	11.459164
1.350668	1.951155	-0.263177	0.442640	0.027000	-0.039939	-0.121901	0.153857	11.459297
-1.356369	1.735780	-0.313050	0.419993	0.028073	-0.038169	-0.121697	0.153689	11.459430
1.455445	-2.515989	-1.263026	-0.269692	0.058993	0.013553	-0.115611	0.148736	11.463351
0.401492	-1.520474	-0.163279	-0.917106	0.087804	0.064389	-0.109364	0.143724	11.467282
-1.367779	2.578865	1.778794	-1.452227	0.116918	0.121807	-0.101950	0.137853	11.471843
1.264604	-0.019152	1.824164	-1.616545	0.139708	0.177376	-0.094360	0.131911	11.476417
-1.260398	-0.442617	1.775542	-1.614988	0.140563	0.179850	-0.094011	0.131640	11.476624
-0.196641	-0.861355	1.723006	-1.612678	0.141400	0.182319	-0.093662	0.131369	11.476832
1.195529	-2.144238	0.045260	-1.425294	0.154284	0.228576	-0.086938	0.126154	11.480811
-1.176738	1.973437	-2.091741	-0.971271	0.161633	0.272922	-0.080112	0.120893	11.484798
1.223966	-1.510305	-2.114057	-0.162762	0.163960	0.321594	-0.072101	0.114749	11.489422
-0.838053	-1.549843	0.119041	0.734224	0.160352	0.367224	-0.063993	0.108551	11.494057
-1.363763	-1.418073	0.233995	0.771880	0.160061	0.369197	-0.063627	0.108272	11.494265
-0.218836	-1.280081	0.348048	0.809069	0.159759	0.371163	-0.063262	0.107993	11.494473
1.548564	1.152831	1.983113	1.401722	0.151944	0.407816	-0.056196	0.102598	11.498481
-1.483437	0.477268	1.689308	1.664492	0.140565	0.442120	-0.049089	0.097170	11.502496
-1.939111	-0.230878	-0.062445	1.561918	0.123427	0.478888	-0.040826	0.090845	11.507153
-0.895210	0.047572	-1.405170	1.084261	0.102628	0.512432	-0.032548	0.084485	11.511816
2.033804	0.037271	-1.423262	1.055172	0.101622	0.513856	-0.032177	0.084200	11.512024
-1.020943	0.022563	-1.436419	1.025488	0.100611	0.515272	-0.031808	0.083915	11.512233
-1.989496	-0.262678	-0.938796	0.334231	0.079455	0.541947	-0.024497	0.078264	11.516360
-0.701167	1.275469	0.129489	-0.455712	0.056393	0.566041	-0.017209	0.072593	11.520491
1.656747	1.464981	0.984835	-1.228298	0.028419	0.590250	-0.008973	0.066128	11.525189
0.592382	-2.168340	0.945852	-1.635661	-0.000878	0.611092	-0.000807	0.059645	11.529889
-1.515559	-2.193023	0.930017	-1.641265	-0.001693	0.611616	-0.000585	0.059467	11.530018
1.513925	-2.208485	0.913356	-1.646585	-0.002509	0.612137	-0.000363	0.059290	11.530146
0.079725	0.417832	0.114449	-1.675508	-0.028116	0.627157	0.006487	0.053780	11.534136
-1.692838	3.040762	-0.706052	-1.458148	-0.054092	0.640017	0.013257	0.048264	11.538126
2.032371	-1.008128	-0.885168	-0.943468	-0.084588	0.652574	0.021113	0.041762	11.542828
0.189884	-3.251723	-0.192314	-0.289013	-0.114239	0.662528	0.028817	0.035259	11.547531
-2.476547	-3.177044	-0.143858	-0.258277	-0.115545	0.662919	0.029161	0.034965	11.547743
2.495311	-3.082588	-0.094189	-0.227504	-0.116849	0.663306	0.029504	0.034672	11.547955
1.375250	0.956375	0.855947	0.344128	-0.140812	0.669738	0.035944	0.029114	11.551977
-3.005991	2.717839	1.072795	0.844886	-0.163067	0.674568	0.042241	0.023562	11.555998
3.015259	-2.174253	-0.224484	1.266354	-0.186216	0.678355	0.049383	0.017104	11.560683
-0.059185	0.276898	-1.162026	1.523010	-0.205637	0.680359	0.056293	0.010665	11.565365
-2.740272	0.450132	-1.174818	1.530922	-0.206387	0.680409	0.056588	0.010385	11.565569
2.722740	0.614756	-1.184829	1.538582	-0.207129	0.680456	0.056883	0.010105	11.565773
-2.303382	1.027273	-0.732121	1.638679	-0.219913	0.680804	0.062605	0.004584	11.569797
-1.868707	-0.695274	0.677927	1.641885	-0.228993	0.680138	0.068123	-0.000916	11.573819
-1.644605	-0.561369	1.158835	1.524662	-0.235202	0.678256	0.074286	-0.007301	11.578503
-0.664939	0.488400	0.331225	1.280813	-0.237019	0.675323	0.080142	-0.013649	11.583182
1.054004	0.505388	0.282874	1.268669	-0.237002	0.675184	0.080368	-0.013900	11.583367
-1.050992	0.517480	0.233878	1.256344	-0.236978	0.675043	0.080593	-0.014151	11.583553
1.123757	-0.588187	-0.764841	0.944574	-0.234782	0.671525	0.085383	-0.019607	11.587594
0.957815	-0.566587	-0.954287	0.556194	-0.229425	0.667109	0.089937	-0.025028	11.591629
-1.792140	0.642620	0.036696	0.021513	-0.219117	0.660679	0.095009	-0.031381	11.596386
-1.018934	0.870615	0.772995	-0.529116	-0.204599	0.652864	0.099754	-0.037677	11.601133
2.131935	0.839946	0.771978	-0.536865	-0.204357	0.652739	0.099820	-0.037769	11.601202
-2.135372	0.807927	0.770496	-0.544584	-0.204115	0.652615	0.099887	-0.037860	11.601271
2.249983	-0.929092	0.093748	-0.970933	-0.188103	0.644625	0.103725	-0.043266	11.605377
-2.211193	1.002042	-0.655355	-1.294314	-0.169080	0.635489	0.107318	-0.048621	11.609474
2.031622	-1.161323	-0.048661	-1.482803	-0.144223	0.623810	0.111058	-0.054570	11.614063
-1.762046	1.359055	0.613731	-1.487610	-0.115785	0.610560	0.114490	-0.060446	11.618639
1.180717	1.398698	0.619852	-1.484812	-0.114792	0.610097	0.114597	-0.060637	11.618789
1.742560	1.426943	0.624569	-1.481831	-0.113796	0.609633	0.114705	-0.060829	11.618939
-1.472938	-0.355726	0.323397	-1.345053	-0.085867	0.596500	0.117456	-0.065941	11.622961
1.204480	-1.256324	-0.354329	-1.144482	-0.056106	0.582045	0.119968	-0.070989	11.626972
1.124708	-2.093492	-0.746107	-0.930765	-0.022138	0.564576	0.122454	-0.076461	11.631368
-0.730200	-1.758355	-0.220583	-0.790625	0.012224	0.545392	0.124653	-0.081849	11.635749
0.721946	-1.222845	-0.179561	-0.785550	0.013920	0.544396	0.124754	-0.082114	11.635966
-0.713909	-0.671990	-0.137975	-0.780621	0.015614	0.543395	0.124855	-0.082378	11.636183
-0.681480	2.089066	0.578445	-0.712477	0.045845	0.524553	0.126554	-0.087119	11.640091
-0.375639	-0.619654	0.893046	-0.668112	0.074870	0.504236	0.128024	-0.091786	11.643987
0.506345	-1.627486	0.718207	-0.613141	0.105917	0.478950	0.129433	-0.097066	11.648459
-0.480071	-0.407882	0.136244	-0.504234	0.133413	0.451583	0.130539	-0.102238	11.652912
0.478703	-0.267735	0.108010	-0.497707	0.134467	0.450395	0.130578	-0.102452	11.653097
-0.477293	-0.127746	0.079689	-0.490983	0.135514	0.449203	0.130617	-0.102665	11.653282
0.439535	0.999849	-0.473686	-0.300873	0.155292	0.423594	0.131309	-0.107049	11.657124
0.088311	0.152304	-0.771905	0.011041	0.170883	0.396313	0.131775	-0.111347	11.660951
-0.319197	-0.510446	-0.426447	0.518489	0.182823	0.362568	0.132034	-0.116212	11.665361
-0.242094	-0.576866	0.478319	0.951628	0.187213	0.326427	0.131994	-0.120955	11.669750
0.242057	-0.619963	0.504775	0.964504	0.187216	0.324768	0.131985	-0.121162	11.669944
-0.238799	-0.651417	0.527949	0.976633	0.187202	0.323104	0.131976	-0.121370	11.670138
0.179437	0.778693	0.311429	1.058114	0.183340	0.289649	0.131679	-0.125370	11.673921
-0.139722	-0.957580	-0.360227	0.839991	0.172323	0.254614	0.131161	-0.129273	11.677687
0.026087	1.098254	0.217437	0.260071	0.151267	0.211423	0.130258	-0.133770	11.682128
0.222163	-0.527977	0.407417	-0.341205	0.123575	0.166887	0.129045	-0.138122	11.686543
-0.223347	-0.553406	0.405018	-0.345878	0.123300	0.166478	0.129033	-0.138161	11.686583
0.168722	-0.578607	0.402543	-0.350544	0.123023	0.166067	0.129020	-0.138200	11.686623
0.255557	-0.947406	-0.094588	-0.699233	0.094951	0.126320	0.127701	-0.141888	11.690467
0.720182	0.275722	-0.733393	-0.839008	0.064908	0.086231	0.126150	-0.145464	11.694290
0.842365	0.518436	-0.506862	-0.752997	0.031362	0.042306	0.124188	-0.149250	11.698454
-1.099777	-0.349410	0.807573	-0.495819	-0.001432	-0.001226	0.121956	-0.152898	11.702591
1.108073	-0.339411	0.855647	-0.485273	-0.002514	-0.002691	0.121876	-0.153019	11.702731
0.799447	-0.325688	0.903185	-0.474658	-0.003594	-0.004154	0.121795	-0.153140	11.702871
-1.316944	0.282096	1.827909	-0.183427	-0.030620	-0.041832	0.119589	-0.156236	11.706497
1.493777	-0.290014	1.891608	0.090341	-0.054954	-0.078569	0.117178	-0.159223	11.710103
-1.675047	0.363733	1.494720	0.316469	-0.078504	-0.119531	0.114136	-0.162546	11.714249
-1.100391	-0.729036	1.223542	0.446122	-0.095693	-0.158397	0.110829	-0.165722	11.718366
1.318578	-0.751436	1.219814	0.447937	-0.095974	-0.159186	0.110756	-0.165787	11.718452
1.343019	-0.772870	1.216141	0.449721	-0.096253	-0.159975	0.110684	-0.165852	11.718538
1.976032	-0.775290	1.060259	0.495416	-0.104511	-0.191261	0.107624	-0.168458	11.722051
-2.103919	0.937585	0.707582	0.495761	-0.106302	-0.220372	0.104373	-0.170956	11.725543
2.252149	1.692430	-0.028322	0.457121	-0.101166	-0.250792	0.100403	-0.173693	11.729531
-2.406340	-2.381794	-1.030140	0.396349	-0.089794	-0.277511	0.096189	-0.176285	11.733489
2.412749	-2.115792	-1.085636	0.393723	-0.089226	-0.278506	0.096014	-0.176387	11.733648
-0.333059	-1.823008	-1.142670	0.391098	-0.088650	-0.279493	0.095839	-0.176488	11.733807
-2.559486	2.458411	-2.536612	0.336585	-0.074524	-0.299174	0.091945	-0.178623	11.737238
0.593405	3.582578	-3.419659	0.295835	-0.057818	-0.315501	0.087871	-0.180646	11.740647
2.823948	-3.915427	-2.442614	0.274284	-0.036582	-0.329938	0.082975	-0.182832	11.744532
-1.536469	1.581379	0.741503	0.252916	-0.014244	-0.339740	0.077849	-0.184869	11.748387
-2.913302	2.336894	0.885054	0.251478	-0.013294	-0.340052	0.077628	-0.184952	11.748549
2.915641	3.068840	1.027066	0.249973	-0.012343	-0.340356	0.077406	-0.185034	11.748711
-2.941199	3.642553	3.117128	0.199769	0.007043	-0.344781	0.072758	-0.186671	11.752028
1.292544	-2.420154	2.632450	0.105282	0.025639	-0.345740	0.067945	-0.188194	11.755322
2.886916	-2.681955	-0.014207	-0.036348	0.045605	-0.342423	0.062050	-0.189849	11.759183
0.530989	2.113622	-2.344330	-0.166879	0.062275	-0.334318	0.055950	-0.191346	11.763010
-1.265186	2.134852	-2.362971	-0.168825	0.062535	-0.334130	0.055839	-0.191371	11.763078
-2.818303	2.151171	-2.380424	-0.170752	0.062794	-0.333941	0.055729	-0.191396	11.763145
2.749211	-0.471480	-2.042047	-0.241266	0.073570	-0.322835	0.050252	-0.192568	11.766459
2.314975	-1.597412	-0.480422	-0.260600	0.080108	-0.308142	0.044662	-0.193619	11.769746
-2.563497	0.116921	0.946527	-0.216804	0.081770	-0.288265	0.038518	-0.194618	11.773269
-0.603461	1.495737	1.422619	-0.099262	0.078262	-0.264319	0.032292	-0.195475	11.776762
0.000680	1.490518	1.412834	-0.090887	0.077949	-0.262947	0.031962	-0.195516	11.776945
2.415181	1.473634	1.399301	-0.082306	0.077626	-0.261565	0.031631	-0.195557	11.777129
-2.265696	-0.065814	0.737915	0.082860	0.070527	-0.236670	0.026023	-0.196188	11.780218
-0.057867	-1.684958	-0.266366	0.244286	0.060907	-0.209148	0.020390	-0.196705	11.783282
1.860560	-1.665636	-1.008193	0.346889	0.047741	-0.174607	0.013879	-0.197160	11.786791
-1.115148	-1.145617	-0.794590	0.295958	0.033298	-0.137689	0.007389	-0.197463	11.790267
-1.596523	-1.060578	-0.749636	0.286890	0.032200	-0.134937	0.006921	-0.197479	11.790518
-1.493033	-0.964189	-0.701905	0.277212	0.031093	-0.132176	0.006452	-0.197494	11.790769
0.331628	0.730140	-0.018350	0.127124	0.017554	-0.099437	0.001020	-0.197612	11.793673
0.690139	2.276354	0.648821	-0.067348	0.002607	-0.065874	-0.004357	-0.197621	11.796555
0.888920	-2.494990	0.855944	-0.521596	-0.039882	0.014501	-0.016783	-0.197206	11.803295
-0.973498	-1.427270	-0.526871	-0.635671	-0.094536	0.091036	-0.028576	-0.196176	11.809907
0.444350	-0.548089	-0.555731	-0.630137	-0.095890	0.092623	-0.028826	-0.196147	11.810051
0.989171	0.245547	-0.583874	-0.624152	-0.097251	0.094205	-0.029075	-0.196117	11.810194
-0.999552	0.943440	-0.617747	-0.616058	-0.098955	0.096169	-0.029385	-0.196079	11.810373
1.010447	1.350353	-0.650086	-0.607244	-0.100668	0.098125	-0.029695	-0.196041	11.810551
-1.210989	2.563177	-0.802796	-0.403961	-0.125587	0.124869	-0.034001	-0.195455	11.813069
1.453893	-2.512439	-0.160541	-0.070359	-0.150576	0.149598	-0.038162	-0.194776	11.815567
-1.721125	2.377608	0.747797	0.420102	-0.180271	0.177990	-0.043324	-0.193757	11.818781
-1.076941	-0.745276	0.219291	0.794674	-0.203351	0.201323	-0.048189	-0.192583	11.821964
1.789996	-1.427652	0.177406	0.806102	-0.204134	0.202196	-0.048391	-0.192529	11.822099
-1.785825	-2.129111	0.135266	0.817071	-0.204898	0.203057	-0.048591	-0.192475	11.822235
0.323505	-1.781917	-0.792673	0.709473	-0.216600	0.229508	-0.056947	-0.189758	11.828260
0.635173	1.564061	1.022660	-0.498715	-0.176352	0.230581	-0.063879	-0.186481	11.834168
-0.634933	-0.840028	1.018486	-0.532163	-0.174280	0.230248	-0.064063	-0.186375	11.834342
0.636054	-1.588456	1.005255	-0.564652	-0.172156	0.229894	-0.064244	-0.186268	11.834516
-0.636790	-1.135672	0.998164	-0.575907	-0.171393	0.229764	-0.064308	-0.186231	11.834578
0.637709	-0.476515	0.989793	-0.587038	-0.170623	0.229632	-0.064372	-0.186193	11.834640
-0.799124	1.850420	-0.079114	-0.916890	-0.135186	0.222570	-0.066737	-0.184658	11.837047
1.132647	-2.138635	-1.325181	-1.001753	-0.089347	0.212081	-0.068840	-0.183030	11.839435
-1.626553	2.436289	-0.470782	-0.736488	-0.018277	0.194703	-0.071109	-0.180872	11.842386
0.279946	-1.220680	1.184674	-0.225599	0.062750	0.173180	-0.073000	-0.178575	11.845307
2.009094	-1.700401	1.229624	-0.205789	0.065710	0.172353	-0.073060	-0.178492	11.845409
-2.016803	-2.167887	1.272853	-0.185938	0.068676	0.171520	-0.073120	-0.178408	11.845512
2.075698	-2.818252	1.740344	0.278213	0.141205	0.149989	-0.074434	-0.176313	11.847999
-0.678514	-0.005677	1.154631	0.635732	0.211415	0.126332	-0.075492	-0.174119	11.850462
-1.612385	3.139344	-0.054351	0.901971	0.284535	0.096650	-0.076413	-0.171440	11.853304
-0.005048	-0.003529	-0.946490	1.024818	0.341817	0.065320	-0.077014	-0.168631	11.856114
1.200698	-0.463198	-0.978001	1.027382	0.344001	0.063821	-0.077035	-0.168496	11.856246
-1.181953	-0.925223	-1.008742	1.029676	0.346136	0.062318	-0.077055	-0.168361	11.856377
0.851244	-3.468181	-1.458202	1.025356	0.375725	0.034123	-0.077306	-0.165799	11.858799
0.660136	-0.027782	-1.734567	0.939505	0.384337	0.005656	-0.077339	-0.163142	11.861199
-2.434368	3.401189	-1.703767	0.441881	0.330092	-0.059944	-0.076617	-0.156553	11.866736
-2.840581	0.913214	-0.107492	-0.351982	0.193556	-0.119704	-0.074881	-0.149485	11.872146
2.915745	-1.061473	-0.038158	-0.368668	0.189813	-0.120920	-0.074832	-0.149324	11.872264
1.520284	-2.229364	0.033168	-0.385200	0.186041	-0.122132	-0.074782	-0.149162	11.872383
-1.204421	-2.427020	0.103474	-0.400903	0.182396	-0.123290	-0.074735	-0.149006	11.872496
-3.136925	-1.743269	0.175487	-0.416429	0.178729	-0.124442	-0.074687	-0.148850	11.872610
3.212803	-0.252096	0.254695	-0.432991	0.174746	-0.125679	-0.074634	-0.148682	11.872732
-2.095788	1.167951	0.334830	-0.449342	0.170735	-0.126910	-0.074582	-0.148514	11.872854
-4.081266	1.841748	1.213199	-0.659888	0.108778	-0.144280	-0.073755	-0.146006	11.874644
1.228110	-1.341148	0.618330	-0.797719	0.042029	-0.160118	-0.072836	-0.143448	11.876419
4.203298	0.816574	-1.122150	-0.843224	-0.061578	-0.180028	-0.071345	-0.139634	11.878979
1.107167	-0.758279	0.162865	-0.693012	-0.169255	-0.195650	-0.069688	-0.135715	11.881508
-2.615129	1.175697	1.162735	-0.397138	-0.272664	-0.206215	-0.067916	-0.131773	11.883961
1.842998	0.287889	0.057648	-0.018399	-0.367163	-0.211479	-0.066017	-0.127735	11.886384
-1.833582	-0.083074	0.031408	-0.012356	-0.368530	-0.211516	-0.065987	-0.127672	11.886421
-0.483380	-0.454369	0.005153	-0.006329	-0.369890	-0.211551	-0.065956	-0.127608	11.886459
1.449781	-2.534158	-1.308992	0.321142	-0.441519	-0.211089	-0.064147	-0.123880	11.888621
-0.058463	2.990803	-1.453307	0.558088	-0.495389	-0.205383	-0.062261	-0.120077	11.890761
-1.322903	2.971631	-0.876470	0.677742	-0.528372	-0.192456	-0.060097	-0.115787	11.893099
1.294219	1.117353	-0.212216	0.657134	-0.527808	-0.172312	-0.057860	-0.111411	11.895409
-0.478985	0.823281	-0.177749	0.652877	-0.526859	-0.171144	-0.057748	-0.111193	11.895522
-1.283375	0.517644	-0.142936	0.648339	-0.525823	-0.169962	-0.057636	-0.110975	11.895636
0.474080	-2.839269	0.559061	0.524933	-0.493642	-0.146602	-0.055624	-0.107070	11.897631
0.879863	-0.994555	1.399760	0.334486	-0.437797	-0.119269	-0.053573	-0.103102	11.899605
-0.635304	2.024414	1.954516	0.055283	-0.347582	-0.083418	-0.051143	-0.098399	11.901879
0.561727	-1.151126	1.318428	-0.242895	-0.235805	-0.044476	-0.048683	-0.093614	11.904124
-0.564901	-1.392265	1.254987	-0.255602	-0.230278	-0.042644	-0.048570	-0.093394	11.904226
0.568754	-1.616916	1.188439	-0.268146	-0.224723	-0.040809	-0.048458	-0.093174	11.904327
-0.756376	-0.528495	-0.448223	-0.463954	-0.113972	-0.005480	-0.046313	-0.088965	11.906244
1.170533	1.364304	-1.845799	-0.535341	0.004372	0.030335	-0.044162	-0.084699	11.908139
1.585719	-0.883507	-1.762225	-0.412208	0.143720	0.071165	-0.041687	-0.079715	11.910295
-2.031024	-1.552130	-0.440345	-0.143663	0.276640	0.110331	-0.039227	-0.074659	11.912423
0.022703	-1.421552	-0.371994	-0.130122	0.282203	0.112005	-0.039119	-0.074434	11.912516
2.064180	-1.278644	-0.303735	-0.116526	0.287728	0.113671	-0.039011	-0.074209	11.912609
-2.320008	1.660642	0.854476	0.149890	0.387938	0.145044	-0.036902	-0.069768	11.914428
-0.935491	1.659877	1.170529	0.367943	0.467915	0.173347	-0.034822	-0.065277	11.916224
2.097902	-0.156487	0.339144	0.484933	0.526189	0.201170	-0.032465	-0.060029	11.918273
2.457295	-1.270197	-0.696273	0.434004	0.540664	0.222579	-0.030167	-0.054720	11.920293
1.346340	-1.320923	-0.725684	0.427444	0.540323	0.223371	-0.030065	-0.054480	11.920383
-0.603378	-1.372648	-0.752594	0.420505	0.539903	0.224148	-0.029964	-0.054239	11.920473
-2.343547	-1.377604	-0.701987	0.203967	0.515141	0.236490	-0.027959	-0.049395	11.922268
2.215487	1.156980	0.221347	-0.115249	0.461689	0.242922	-0.026021	-0.044504	11.924040
-2.093106	-0.966132	0.435145	-0.404345	0.376554	0.243683	-0.024031	-0.039214	11.925913
-0.449609	0.914675	-0.379421	-0.495080	0.266817	0.238551	-0.022137	-0.033876	11.927759
2.036455	0.973922	-0.406639	-0.493013	0.259816	0.238084	-0.022030	-0.033566	11.927865
-2.036774	1.003086	-0.427454	-0.490116	0.252749	0.237599	-0.021924	-0.033256	11.927971
2.088343	-1.300567	-0.113510	-0.354032	0.137125	0.227912	-0.020330	-0.028464	11.929588
1.120258	-0.830281	0.502282	-0.104188	0.014332	0.214276	-0.018808	-0.023638	11.931184
-2.362122	2.467841	0.637879	0.215293	-0.125671	0.194033	-0.017137	-0.018023	11.933001
0.087830	0.683950	-0.249539	0.458629	-0.251755	0.169429	-0.015551	-0.012367	11.934791
2.499268	0.230122	-0.294474	0.466558	-0.256757	0.168261	-0.015484	-0.012118	11.934868
-2.503370	-0.230082	-0.338705	0.474231	-0.261706	0.167085	-0.015416	-0.011870	11.934946
2.547449	-3.563964	-0.849885	0.569238	-0.348615	0.142188	-0.014106	-0.006905	11.936481
-0.650455	-0.149801	-0.242824	0.546355	-0.411262	0.114700	-0.012853	-0.001911	11.937994
-2.368136	3.795984	0.859751	0.395893	-0.454158	0.080047	-0.011468	0.003905	11.939722
2.096093	0.000095	1.077539	0.149597	-0.467277	0.042848	-0.010149	0.009756	11.941421
-2.082367	-0.344528	1.065405	0.138218	-0.467212	0.041306	-0.010097	0.009992	11.941489
0.914077	-0.681961	1.051842	0.126740	-0.467103	0.039760	-0.010045	0.010228	11.941556
1.728796	-3.138867	0.454428	-0.133375	-0.454259	0.005793	-0.008956	0.015318	11.943002
0.775688	-1.941812	-0.497305	-0.387440	-0.422443	-0.029172	-0.007907	0.020430	11.944428
-0.993125	2.125875	-1.160305	-0.613218	-0.364316	-0.069986	-0.006741	0.026357	11.946048
0.424441	0.104385	-0.621945	-0.714178	-0.285785	-0.110336	-0.005619	0.032308	11.947640
0.784410	-0.181159	-0.577694	-0.715762	-0.281793	-0.112134	-0.005569	0.032578	11.947711
-0.781247	-0.457081	-0.532549	-0.717101	-0.277767	-0.113928	-0.005520	0.032848	11.947783
-0.445445	-1.299988	0.377286	-0.698026	-0.194724	-0.147522	-0.004583	0.038010	11.949134
1.003752	1.134245	0.997144	-0.601170	-0.103083	-0.179331	-0.003670	0.043187	11.950466
0.051712	0.505702	1.100815	-0.406607	0.007607	-0.212963	-0.002643	0.049172	11.951975
-1.683209	-1.201044	0.719965	-0.143510	0.117360	-0.242409	-0.001637	0.055171	11.953458
1.694482	-1.220336	0.695608	-0.130606	0.122196	-0.243626	-0.001592	0.055443	11.953524
1.714167	-1.232206	0.670841	-0.117649	0.127016	-0.244833	-0.001546	0.055714	11.953591
1.569514	-0.409111	0.141380	0.136773	0.216010	-0.265907	-0.000682	0.060961	11.954860
-2.203246	1.546724	-0.387590	0.378866	0.294374	-0.282334	0.000176	0.066216	11.956110
2.372530	1.887673	-0.813401	0.606393	0.366872	-0.294820	0.001178	0.072394	11.957550
1.231987	-1.530375	-0.862178	0.736635	0.411496	-0.298960	0.002182	0.078577	11.958963
-2.440997	-1.571945	-0.859718	0.738083	0.412000	-0.298952	0.002200	0.078688	11.958988
0.226642	-1.611339	-0.857152	0.739502	0.412492	-0.298940	0.002218	0.078799	11.959013
2.417699	-2.054576	-0.626180	0.774292	0.422021	-0.294829	0.003078	0.084047	11.960189
1.706432	-2.442606	-0.222239	0.751745	0.403289	-0.283523	0.003942	0.089296	11.961344
-1.944357	2.502393	0.609038	0.489229	0.266359	-0.231577	0.005992	0.101747	11.964006
-1.699523	0.907074	-0.190342	0.008647	0.048589	-0.152911	0.008004	0.114169	11.966556
-1.515702	0.381647	-0.200183	0.002637	0.045766	-0.151860	0.008028	0.114316	11.966586
1.436377	-0.159656	-0.209838	-0.003373	0.042937	-0.150806	0.008051	0.114463	11.966615
-1.421525	-1.447166	-0.233675	-0.018767	0.035659	-0.148088	0.008111	0.114842	11.966691
-1.240054	-2.185286	-0.256034	-0.034096	0.028366	-0.145356	0.008172	0.115220	11.966767
1.395918	-2.158659	-0.271507	-0.045349	0.022981	-0.143333	0.008216	0.115499	11.966823
0.741564	-1.834523	-0.286120	-0.056564	0.017585	-0.141301	0.008260	0.115778	11.966879
-1.236366	2.008700	-0.399348	-0.210428	-0.060156	-0.111385	0.008890	0.119777	11.967673
-0.951995	0.650106	-0.348095	-0.343783	-0.137078	-0.080300	0.009509	0.123770	11.968456
-0.026278	-1.592094	-0.156169	-0.484253	-0.242345	-0.034171	0.010378	0.129512	11.969564
0.819157	0.293043	-0.019632	-0.560036	-0.335488	0.012564	0.011216	0.135237	11.970648
-0.753531	1.203858	0.074416	-0.569150	-0.412973	0.060723	0.012051	0.141180	11.971752
0.756955	-1.035591	0.138281	-0.504857	-0.464807	0.107189	0.012843	0.147100	11.972830
-0.758863	-1.080282	0.137645	-0.500186	-0.466491	0.109203	0.012877	0.147363	11.972877
-0.372365	-1.112186	0.136527	-0.495357	-0.468121	0.111213	0.012911	0.147627	11.972924
0.925918	-0.068977	0.042799	-0.373065	-0.489181	0.149089	0.013554	0.152736	11.973836
0.947494	1.137759	-0.073368	-0.209766	-0.490076	0.184404	0.014156	0.157825	11.974728
-1.129814	-0.175537	-0.074200	0.001874	-0.466475	0.221529	0.014795	0.163657	11.975731
0.720970	-1.218441	0.027187	0.199511	-0.416950	0.254516	0.015369	0.169456	11.976708
1.358591	-1.156598	0.032870	0.207713	-0.414011	0.255949	0.015395	0.169726	11.976753
-1.369422	-1.079978	0.038538	0.215790	-0.411017	0.257372	0.015420	0.169996	11.976798
1.585418	1.187057	0.094264	0.342204	-0.342037	0.282975	0.015875	0.175216	11.977659
1.505733	0.514585	-0.039869	0.392908	-0.252542	0.304579	0.016269	0.180406	11.978500
-2.031224	-0.949031	-0.159434	0.342618	-0.133887	0.323116	0.016623	0.185979	11.979385
-1.440202	0.339839	-0.001686	0.183229	0.002497	0.336318	0.016896	0.191513	11.980245
1.479949	0.401790	0.009966	0.174018	0.009093	0.336794	0.016906	0.191768	11.980285
2.251186	0.458436	0.021758	0.164701	0.015704	0.337258	0.016917	0.192023	11.980324
0.141689	0.609918	0.234289	-0.026929	0.145302	0.343786	0.017082	0.196944	11.981073
-2.509883	-0.102475	0.292718	-0.207269	0.272834	0.345473	0.017174	0.201829	11.981803
2.583158	-0.424548	0.074213	-0.347180	0.405956	0.341169	0.017187	0.207356	11.982612
-1.362089	0.397694	-0.352726	-0.372827	0.516049	0.329867	0.017100	0.212832	11.983396
-1.738752	0.421336	-0.363286	-0.371223	0.519298	0.329358	0.017096	0.213017	11.983422
-2.593316	0.443434	-0.373248	-0.369439	0.522516	0.328839	0.017091	0.213202	11.983448
2.435734	-0.401758	-0.183901	-0.051494	0.650816	0.285121	0.016643	0.223558	11.984881
-1.076467	-0.897872	0.432328	0.388298	0.673558	0.212059	0.015860	0.233693	11.986223
-1.505392	-0.838478	0.439120	0.393696	0.673073	0.210693	0.015845	0.233849	11.986243
-2.057076	-0.775719	0.445741	0.399017	0.672562	0.209318	0.015831	0.234005	11.986264
-0.791061	-0.627003	0.459621	0.410445	0.671345	0.206263	0.015798	0.234348	11.986308
2.024899	-0.470725	0.472377	0.421450	0.670002	0.203174	0.015765	0.234690	11.986352
1.281235	0.951815	0.479912	0.511924	0.645246	0.165070	0.015356	0.238632	11.986855
-1.612475	0.788409	0.137355	0.520849	0.603739	0.122762	0.014902	0.242532	11.987345
-1.214712	-0.918759	-0.463504	0.410566	0.526749	0.061090	0.014238	0.247600	11.987967
1.081627	-0.919483	-0.568438	0.175679	0.429119	-0.006775	0.013504	0.252588	11.988565
-0.345639	-0.806314	-0.551958	0.163814	0.424822	-0.009633	0.013473	0.252788	11.988589
-1.063527	-0.686150	-0.533568	0.151767	0.420497	-0.012501	0.013442	0.252987	11.988613
0.895272	0.948879	0.146310	-0.134445	0.322288	-0.076178	0.012750	0.257232	11.989109
-0.778605	-1.038624	0.673277	-0.420631	0.216076	-0.143590	0.012013	0.261408	11.989588
0.086072	1.087606	0.049398	-0.667601	0.088212	-0.225303	0.011115	0.266126	11.990116
0.572637	1.430698	-0.793294	-0.803310	-0.040749	-0.310804	0.010170	0.270741	11.990620
0.702115	1.216873	-0.815694	-0.806687	-0.046535	-0.314756	0.010126	0.270948	11.990643
0.005214	0.989295	-0.835947	-0.809816	-0.052312	-0.318716	0.010082	0.271154	11.990665
-0.746177	-1.642056	-0.720809	-0.822389	-0.165673	-0.399435	0.009185	0.275246	11.991100
0.082332	1.792418	0.277615	-0.751934	-0.272092	-0.482263	0.008260	0.279241	11.991516
0.904783	-1.410809	1.045579	-0.623184	-0.376836	-0.572496	0.007248	0.283395	11.991939
0.288443	-1.922225	1.012900	-0.476442	-0.471775	-0.664035	0.006218	0.287427	11.992339
-0.978721	-1.584181	0.985904	-0.468754	-0.476289	-0.668673	0.006166	0.287627	11.992358
0.981260	-1.239544	0.956388	-0.461032	-0.480779	-0.673316	0.006113	0.287826	11.992378
-1.006609	1.317780	0.160344	-0.318929	-0.555927	-0.755926	0.005180	0.291314	11.992715
0.146051	1.845039	-0.687989	-0.166406	-0.622312	-0.838674	0.004244	0.294693	11.993034
0.949475	0.639900	-1.156342	0.021705	-0.687396	-0.932350	0.003180	0.298395	11.993375
-0.708211	-1.662557	-0.965892	0.225916	-0.741976	-1.025082	0.002125	0.301944	11.993694
-0.869214	-1.650603	-0.939885	0.235813	-0.744298	-1.029419	0.002075	0.302108	11.993708
-0.453514	-1.618491	-0.912397	0.245720	-0.746596	-1.033749	0.002026	0.302271	11.993723
0.785310	0.796963	-0.208551	0.432607	-0.785593	-1.114047	0.001110	0.305252	11.993982
-0.049546	1.515277	0.549302	0.617463	-0.817242	-1.192699	0.000212	0.308103	11.994225
-0.658227	-0.468815	1.020205	0.818125	-0.845019	-1.280584	-0.000794	0.311216	11.994482
0.667037	-1.458923	0.968407	0.995231	-0.864099	-1.365131	-0.001764	0.314145	11.994715
-0.292109	-1.322105	0.949194	1.004592	-0.864956	-1.369954	-0.001819	0.314310	11.994728
-0.673458	-1.162945	0.928307	1.013831	-0.865786	-1.374763	-0.001874	0.314474	11.994741
0.754052	1.496409	0.506695	1.134551	-0.874819	-1.443441	-0.002664	0.316805	11.994920
-0.765485	1.513950	0.068326	1.227310	-0.878291	-1.508786	-0.003416	0.318990	11.995083
-1.035723	0.032444	-0.337581	1.297990	-0.875773	-1.580218	-0.004241	0.321348	11.995251
1.173385	-1.070350	-0.578987	1.326205	-0.866879	-1.646030	-0.005003	0.323496	11.995396
-1.178682	-1.222863	-0.585517	1.326463	-0.866321	-1.649017	-0.005037	0.323594	11.995403
0.297655	-1.374542	-0.591552	1.326621	-0.865751	-1.651991	-0.005072	0.323690	11.995409
0.362978	-1.729033	-0.607823	1.311605	-0.853557	-1.703946	-0.005674	0.325372	11.995516
1.286121	0.138365	-0.447300	1.263646	-0.838513	-1.750910	-0.006219	0.326884	11.995606
-0.133347	1.867687	-0.166907	1.178344	-0.818351	-1.798364	-0.006766	0.328404	11.995687
-1.271329	1.687534	0.074879	1.074675	-0.795623	-1.838727	-0.007225	0.329689	11.995747
0.298509	1.669717	0.083949	1.069908	-0.794569	-1.840342	-0.007244	0.329740	11.995749
1.269324	1.652665	0.092883	1.065134	-0.793511	-1.841942	-0.007261	0.329791	11.995751
0.785005	1.010469	0.247000	0.966998	-0.770741	-1.871918	-0.007590	0.330734	11.995784
-1.227679	-0.812269	0.340947	0.877979	-0.746515	-1.895815	-0.007835	0.331471	11.995798
1.212378	-2.023618	0.374712	0.803353	-0.718834	-1.914964	-0.007999	0.332029	11.995793
-1.206785	-0.143859	0.346798	0.755343	-0.689644	-1.927435	-0.008055	0.332338	11.995766
0.927639	-0.122519	0.345547	0.754518	-0.688939	-1.927650	-0.008055	0.332342	11.995765
3.304564	-0.104320	0.344273	0.753707	-0.688232	-1.927861	-0.008055	0.332346	11.995765
