0.579442	-2.564768	1.568045	-2.053942	1.892077	-0.254494	0.682503	-0.136103	11.776212
1.707244	-2.500302	1.572017	-2.052960	1.891160	-0.254169	0.682654	-0.136117	11.776213
0.896993	-2.412101	1.574928	-2.051376	1.890185	-0.253838	0.682804	-0.136130	11.776215
-1.776276	0.296578	1.431982	-1.925091	1.862130	-0.246785	0.685324	-0.136427	11.776243
1.955823	-0.478099	0.866966	-1.647050	1.813681	-0.237688	0.687476	-0.136809	11.776270
1.010479	-0.459129	0.819154	-1.627537	1.810267	-0.237104	0.687588	-0.136834	11.776271
-1.983240	-0.424836	0.769635	-1.607708	1.806784	-0.236513	0.687699	-0.136859	11.776273
2.663671	1.157678	-1.613182	-0.610675	1.597514	-0.205762	0.691207	-0.138148	11.776328
-2.792876	-1.362312	-0.953013	0.305710	1.252589	-0.162331	0.692537	-0.139948	11.776373
1.734900	-1.346235	-0.949506	0.306482	1.252121	-0.162275	0.692537	-0.139951	11.776373
2.791696	-1.329864	-0.945945	0.307265	1.251647	-0.162218	0.692538	-0.139953	11.776373
1.247640	-0.952224	-0.864474	0.324561	1.240975	-0.160940	0.692542	-0.140006	11.776375
-0.055120	-0.579245	-0.779783	0.341450	1.230199	-0.159653	0.692545	-0.140058	11.776376
-2.442232	1.204646	0.617277	0.535171	1.061482	-0.139840	0.692423	-0.140869	11.776389
0.295624	0.115198	1.696032	0.609842	0.872127	-0.118120	0.691981	-0.141748	11.776402
1.338829	-0.728054	1.623056	0.496127	0.589261	-0.085458	0.690857	-0.143052	11.776417
-0.841862	0.638560	-0.371879	0.217788	0.292452	-0.049097	0.689118	-0.144477	11.776429
0.825952	0.538975	-0.476073	0.202385	0.278289	-0.047274	0.689020	-0.144548	11.776429
-0.017525	0.435869	-0.578564	0.186869	0.264126	-0.045441	0.688920	-0.144619	11.776430
-0.672608	-0.742339	-1.829044	-0.098117	0.011217	-0.010696	0.686861	-0.145953	11.776438
0.733269	0.064488	-1.316850	-0.345150	-0.226481	0.026948	0.684323	-0.147372	11.776444
-0.940404	1.217434	0.539300	-0.523350	-0.468392	0.074355	0.680764	-0.149123	11.776448
1.166683	-1.183123	2.053521	-0.523787	-0.657026	0.125855	0.676533	-0.150981	11.776450
0.650129	-1.417495	2.086016	-0.518495	-0.664109	0.128316	0.676322	-0.151068	11.776450
-1.183828	-1.647007	2.113936	-0.512688	-0.671043	0.130785	0.676110	-0.151156	11.776450
1.301582	-1.825222	1.591089	-0.321339	-0.774152	0.178988	0.671847	-0.152853	11.776449
-1.357564	2.129523	-0.816009	-0.040423	-0.826033	0.230275	0.667059	-0.154626	11.776445
1.383055	-2.497134	-2.526462	0.268659	-0.823603	0.292304	0.660877	-0.156759	11.776439
-0.856967	1.770004	-1.022978	0.445192	-0.754855	0.355221	0.653971	-0.158985	11.776430
-1.414377	2.328501	-0.915791	0.449499	-0.750162	0.358058	0.653640	-0.159089	11.776430
1.416673	2.849404	-0.808321	0.453482	-0.745336	0.360889	0.653308	-0.159192	11.776429
-1.478830	0.736390	1.149788	0.468098	-0.626397	0.414198	0.646638	-0.161210	11.776419
1.560559	-2.488000	2.543407	0.368402	-0.459776	0.464435	0.639399	-0.163292	11.776407
-0.681606	-3.228818	2.976818	0.131239	-0.226439	0.516114	0.630385	-0.165757	11.776390
-1.698756	-2.747948	1.755605	-0.187680	0.024224	0.559063	0.620596	-0.168300	11.776371
1.699530	-2.693432	1.655784	-0.202140	0.035522	0.560781	0.620128	-0.168419	11.776370
0.187933	-2.631940	1.552055	-0.216461	0.046772	0.562476	0.619659	-0.168537	11.776369
-1.683810	-0.144531	-0.849038	-0.441670	0.246432	0.589848	0.610415	-0.170822	11.776349
1.620174	2.847083	-2.813560	-0.505329	0.402284	0.606837	0.600561	-0.173161	11.776327
1.618277	0.428154	-2.730430	-0.299514	0.510279	0.611311	0.588290	-0.175956	11.776299
-0.053233	-2.147300	-0.419055	0.078470	0.542662	0.596712	0.575205	-0.178816	11.776268
-1.341028	-2.060103	-0.308350	0.092900	0.542532	0.595802	0.574721	-0.178920	11.776267
1.180059	-1.953180	-0.196460	0.107309	0.542317	0.594864	0.574236	-0.179024	11.776266
1.193184	1.709084	2.111086	0.421632	0.512815	0.564632	0.562417	-0.181507	11.776237
-1.055107	-1.263740	2.004480	0.617816	0.438234	0.519963	0.549982	-0.184033	11.776206
-0.629577	0.787072	-0.268009	0.634913	0.302965	0.452438	0.534833	-0.187001	11.776168
-0.273094	0.255532	-1.286794	0.420071	0.137487	0.370201	0.518815	-0.190019	11.776126
0.833852	-0.103596	-1.287970	0.404507	0.129513	0.366067	0.518049	-0.190160	11.776124
-0.831758	-0.445929	-1.285407	0.388440	0.121530	0.361903	0.517282	-0.190301	11.776122
0.822670	0.353977	-0.727316	0.017262	-0.025908	0.279132	0.502494	-0.192978	11.776083
-0.867209	0.363782	0.165812	-0.393037	-0.156278	0.188865	0.487005	-0.195687	11.776043
0.410151	-0.550287	0.844953	-0.718511	-0.261890	0.078098	0.468333	-0.198836	11.775993
0.565681	-0.341783	0.665207	-0.726072	-0.299761	-0.037877	0.448689	-0.202021	11.775940
1.150534	-0.300471	0.637363	-0.719372	-0.299818	-0.043366	0.447750	-0.202171	11.775938
0.536597	-0.256374	0.608091	-0.712147	-0.299728	-0.048860	0.446809	-0.202320	11.775935
-1.344620	0.783302	-0.105579	-0.495170	-0.273434	-0.152179	0.428799	-0.205125	11.775886
0.185391	1.014082	-0.809174	-0.175683	-0.209578	-0.254611	0.410016	-0.207952	11.775836
1.837141	-1.047425	-0.993915	0.215795	-0.108387	-0.366296	0.387503	-0.211218	11.775775
1.298822	-0.243110	0.005425	0.522814	0.002012	-0.466320	0.363924	-0.214507	11.775710
-2.156103	0.026372	0.068950	0.533700	0.007121	-0.470686	0.362777	-0.214664	11.775707
2.171116	0.292779	0.132796	0.544180	0.012201	-0.475013	0.361627	-0.214821	11.775704
-1.126293	0.931366	1.257508	0.654598	0.104686	-0.552924	0.337864	-0.217997	11.775640
-2.716170	-0.899794	1.341118	0.542932	0.167610	-0.609331	0.313071	-0.221187	11.775572
-0.095534	0.919792	0.191777	0.273250	0.195343	-0.638723	0.288556	-0.224226	11.775506
2.791575	0.786837	-1.000994	-0.055507	0.191979	-0.642618	0.263072	-0.227272	11.775437
0.306431	0.585959	-1.048611	-0.072400	0.191006	-0.642145	0.261702	-0.227432	11.775433
-2.774803	0.380507	-1.094092	-0.089137	0.189959	-0.641607	0.260328	-0.227593	11.775429
1.328036	-1.038694	-1.446800	-0.346694	0.158893	-0.621114	0.235014	-0.230503	11.775361
2.176149	-0.114408	-0.777428	-0.473488	0.107755	-0.581971	0.208872	-0.233414	11.775290
1.539875	1.099705	0.480619	-0.465562	0.027946	-0.515731	0.177279	-0.236825	11.775204
0.718356	0.168138	1.186288	-0.331166	-0.064781	-0.431447	0.144822	-0.240231	11.775115
-1.478588	0.077966	1.195050	-0.325465	-0.067735	-0.428561	0.143793	-0.240338	11.775112
1.474273	-0.015140	1.202960	-0.319697	-0.070684	-0.425664	0.142765	-0.240444	11.775109
0.767192	-1.017944	1.084000	-0.141452	-0.147802	-0.342285	0.114593	-0.243330	11.775031
-1.552850	0.128313	0.392021	0.054039	-0.212321	-0.251428	0.086011	-0.246207	11.774950
1.685406	0.875872	-0.459853	0.241991	-0.258044	-0.139647	0.052431	-0.249532	11.774853
-1.690287	-0.839776	-0.666699	0.315547	-0.257592	-0.024307	0.018574	-0.252837	11.774753
-0.177894	-0.686305	-0.661401	0.314950	-0.256236	-0.019065	0.017041	-0.252986	11.774749
1.679437	-0.519462	-0.655127	0.313973	-0.254757	-0.013823	0.015508	-0.253134	11.774744
0.044849	0.847015	-0.423065	0.232331	-0.204819	0.086209	-0.013849	-0.255969	11.774655
-1.188168	-0.187894	-0.174134	0.067812	-0.121779	0.184434	-0.043200	-0.258783	11.774564
0.870299	-0.814674	0.099361	-0.154745	-0.001031	0.293941	-0.077247	-0.262032	11.774454
-0.746269	0.691529	0.311247	-0.328085	0.126252	0.395240	-0.111004	-0.265247	11.774341
0.747698	0.630004	0.312574	-0.332375	0.130763	0.398700	-0.112214	-0.265363	11.774337
-0.749616	0.568356	0.313242	-0.336490	0.135258	0.402141	-0.113422	-0.265478	11.774333
0.925424	0.369113	0.172955	-0.385841	0.238874	0.480305	-0.142375	-0.268239	11.774232
-0.391062	0.128990	-0.109802	-0.348630	0.329473	0.547734	-0.170890	-0.270969	11.774129
-1.749865	-0.344323	-0.311326	-0.220166	0.413373	0.608859	-0.202703	-0.274036	11.774008
2.149086	-0.460544	-0.173822	-0.019786	0.474001	0.650421	-0.233674	-0.277056	11.773884
-2.161484	-0.479771	-0.163416	-0.010563	0.475936	0.651657	-0.234916	-0.277178	11.773879
-0.493956	-0.493302	-0.152944	-0.001281	0.477829	0.652855	-0.236157	-0.277300	11.773874
2.342115	0.315329	0.045844	0.207163	0.507536	0.669100	-0.262329	-0.279891	11.773763
0.225898	1.173424	0.160522	0.416599	0.514953	0.666305	-0.287694	-0.282441	11.773649
-2.237032	0.629977	0.167762	0.624758	0.491182	0.639729	-0.315616	-0.285302	11.773516
1.642100	-1.825657	0.186833	0.762169	0.425764	0.590881	-0.342273	-0.288103	11.773380
1.988934	-1.933156	0.190994	0.766023	0.421752	0.588202	-0.343446	-0.288228	11.773374
-1.976266	-2.037046	0.195576	0.769639	0.417649	0.585486	-0.344615	-0.288352	11.773367
-1.964789	-2.559296	0.393185	0.785751	0.320592	0.525542	-0.366751	-0.290750	11.773245
-1.491483	0.876876	0.767170	0.671706	0.196035	0.453475	-0.387739	-0.293095	11.773120
1.104875	2.489658	0.771538	0.343133	0.025366	0.355609	-0.410982	-0.295799	11.772969
-0.848244	-2.070707	-0.205635	-0.110197	-0.156162	0.247601	-0.432380	-0.298421	11.772814
0.709060	-1.234645	-0.802129	-0.538801	-0.320858	0.141689	-0.450449	-0.300774	11.772668
0.641868	0.812372	-0.366229	-0.883243	-0.469790	0.033189	-0.466721	-0.303052	11.772518
-0.703188	0.958865	-0.362460	-0.884256	-0.470289	0.032792	-0.466777	-0.303060	11.772517
0.703458	1.106187	-0.358641	-0.885276	-0.470793	0.032392	-0.466833	-0.303068	11.772517
-0.844755	-0.784514	0.762323	-1.073804	-0.591824	-0.075930	-0.481215	-0.305269	11.772364
1.050861	0.648773	0.733351	-1.060700	-0.673644	-0.180905	-0.493585	-0.307387	11.772208
-1.052240	0.002567	0.730560	-1.059980	-0.674047	-0.181598	-0.493661	-0.307401	11.772207
0.678734	-0.648060	0.727762	-1.059253	-0.674447	-0.182290	-0.493738	-0.307415	11.772205
1.385537	0.738420	-0.170627	-0.575276	-0.708854	-0.368299	-0.511824	-0.311345	11.771887
0.084224	0.543833	-0.600914	0.210383	-0.610771	-0.509720	-0.520829	-0.314910	11.771556
-1.611398	0.056002	-0.593636	0.231588	-0.606683	-0.512813	-0.520938	-0.315001	11.771547
-0.020791	-0.368363	-0.585099	0.252679	-0.602530	-0.515867	-0.521040	-0.315090	11.771538
0.981891	-0.681892	-0.576264	0.271834	-0.598681	-0.518622	-0.521126	-0.315172	11.771530
1.187331	-0.917160	-0.566493	0.290883	-0.594778	-0.521345	-0.521207	-0.315254	11.771522
1.688067	0.620681	-0.303652	0.592187	-0.521584	-0.562445	-0.521668	-0.316581	11.771383
0.892420	0.908870	0.013347	0.848433	-0.434644	-0.595344	-0.520417	-0.317842	11.771242
-1.176475	-0.758287	0.667324	1.174952	-0.151171	-0.645069	-0.508428	-0.320854	11.770858
-1.766086	0.803000	0.304903	0.814418	0.175899	-0.644471	-0.483498	-0.323390	11.770460
0.050279	0.134260	0.239631	0.802728	0.181419	-0.644046	-0.482970	-0.323429	11.770453
1.762350	-0.427635	0.171968	0.790871	0.186931	-0.643608	-0.482438	-0.323468	11.770447
0.354430	-0.823073	0.068829	0.772982	0.195087	-0.642933	-0.481643	-0.323525	11.770436
-1.756464	-0.633750	-0.035423	0.754720	0.203225	-0.642228	-0.480841	-0.323582	11.770426
0.320094	0.026733	-0.131150	0.737337	0.210805	-0.641542	-0.480085	-0.323635	11.770417
1.750494	0.850890	-0.222795	0.719632	0.218368	-0.640830	-0.479322	-0.323688	11.770407
-1.694373	-0.061982	-0.857090	0.438678	0.321943	-0.628067	-0.467923	-0.324402	11.770271
1.616469	-1.197692	-0.434997	0.109349	0.417991	-0.610260	-0.455341	-0.325064	11.770134
-1.483719	1.434627	0.936278	-0.364287	0.534641	-0.576842	-0.435757	-0.325907	11.769937
1.348364	-0.386805	1.002498	-0.754494	0.622095	-0.533898	-0.414143	-0.326645	11.769738
-1.234631	-1.733399	-0.094867	-1.007886	0.674339	-0.476622	-0.388514	-0.327329	11.769517
1.198715	1.795485	-1.022682	-0.990690	0.674133	-0.408723	-0.360931	-0.327890	11.769292
-1.198929	1.679238	-1.024967	-0.988581	0.673836	-0.407888	-0.360606	-0.327896	11.769290
1.192026	1.561150	-1.026972	-0.986431	0.673534	-0.407054	-0.360282	-0.327901	11.769287
1.252627	-1.791981	-0.573137	-0.711571	0.633514	-0.340801	-0.335319	-0.328279	11.769092
-0.202693	-0.445899	0.403470	-0.289875	0.562475	-0.267961	-0.309256	-0.328566	11.768894
-1.418169	1.546216	0.921442	0.203113	0.455449	-0.182512	-0.279697	-0.328774	11.768675
-0.368566	-0.217122	0.175859	0.596609	0.324418	-0.092936	-0.249190	-0.328874	11.768452
1.398729	-0.731926	0.097525	0.620780	0.313222	-0.085730	-0.246739	-0.328877	11.768434
-1.390968	-1.238021	0.021043	0.643751	0.301918	-0.078511	-0.244281	-0.328880	11.768416
1.251448	-0.510810	-0.615707	0.806563	0.170540	0.002020	-0.216699	-0.328862	11.768216
-1.070583	0.595594	-0.763350	0.764099	0.032209	0.082053	-0.188686	-0.328759	11.768014
-0.797975	0.600299	-0.203787	0.443124	-0.126015	0.170750	-0.156342	-0.328538	11.767780
-0.730543	-0.215286	0.679227	-0.017978	-0.274967	0.254278	-0.123802	-0.328206	11.767542
0.958810	-0.460986	0.695911	-0.040824	-0.281879	0.258211	-0.122200	-0.328187	11.767530
-0.967873	-0.676119	0.707573	-0.063513	-0.288743	0.262126	-0.120597	-0.328167	11.767518
1.240753	0.905955	0.172295	-0.428573	-0.403060	0.329249	-0.091707	-0.327769	11.767304
-1.639403	-1.188849	-0.729263	-0.652480	-0.494436	0.388525	-0.062967	-0.327283	11.767087
1.528407	1.111541	-0.221862	-0.665116	-0.562948	0.444861	-0.030329	-0.326617	11.766835
2.369140	1.545034	0.780319	-0.477645	-0.588370	0.487039	0.001723	-0.325835	11.766579
-2.374342	1.342526	0.804885	-0.465848	-0.588521	0.488603	0.003162	-0.325796	11.766567
-2.322274	1.134379	0.826341	-0.453834	-0.588588	0.490136	0.004599	-0.325758	11.766556
2.333477	-1.447020	0.697247	-0.190963	-0.574132	0.513634	0.031816	-0.324972	11.766330
1.208118	-0.801891	-0.151620	0.098751	-0.532141	0.526501	0.058281	-0.324098	11.766101
-0.131483	0.866405	-1.001546	0.389375	-0.454152	0.529210	0.087664	-0.322980	11.765834
-1.289940	0.195377	-0.786050	0.562416	-0.349545	0.520130	0.115672	-0.321745	11.765564
-0.493416	0.073545	-0.753778	0.567413	-0.344073	0.519435	0.116950	-0.321684	11.765552
1.255800	-0.044732	-0.720098	0.572142	-0.338552	0.518716	0.118225	-0.321623	11.765539
-0.992046	-0.266629	0.037474	0.612297	-0.228896	0.501390	0.141174	-0.320447	11.765302
0.815129	0.155997	0.723711	0.568312	-0.107323	0.476896	0.162937	-0.319182	11.765062
-0.698394	0.013238	1.190860	0.420013	0.045104	0.439630	0.187117	-0.317571	11.764775
0.654688	-0.339840	1.128948	0.188422	0.197590	0.394482	0.209568	-0.315835	11.764485
-0.654415	-0.339940	1.123907	0.184232	0.199994	0.393696	0.209916	-0.315806	11.764480
0.310049	-0.339632	1.118761	0.180039	0.202391	0.392910	0.210262	-0.315777	11.764476
0.655857	0.107132	0.701902	-0.054909	0.326403	0.348156	0.228238	-0.314169	11.764222
-0.694312	0.750091	0.125834	-0.286640	0.436226	0.299143	0.244869	-0.312466	11.763965
-0.848295	1.093344	-0.505476	-0.500203	0.533049	0.241091	0.261618	-0.310481	11.763679
-0.851513	0.373240	-0.988770	-0.628606	0.596049	0.179792	0.276680	-0.308382	11.763390
0.721884	0.261123	-1.009572	-0.632678	0.598568	0.176027	0.277531	-0.308252	11.763373
0.865235	0.141460	-1.029206	-0.636279	0.600931	0.172254	0.278375	-0.308122	11.763355
-0.978191	-1.575649	-1.158807	-0.629654	0.617382	0.115881	0.290116	-0.306152	11.763096
1.108143	-1.180726	-0.949409	-0.505221	0.599707	0.058866	0.300485	-0.304091	11.762835
-1.269578	1.616951	-0.429306	-0.258732	0.542608	-0.005738	0.310579	-0.301639	11.762535
1.437576	1.724622	0.187751	0.043019	0.452138	-0.069132	0.318848	-0.299071	11.762232
-1.446176	1.458815	0.217994	0.058837	0.446735	-0.072319	0.319221	-0.298936	11.762217
-0.365407	1.178252	0.247896	0.074629	0.441265	-0.075498	0.319589	-0.298802	11.762201
1.599657	-1.578864	0.689625	0.335767	0.337046	-0.129110	0.325155	-0.296438	11.761933
-1.732992	0.410466	0.907285	0.549513	0.216643	-0.180180	0.329267	-0.293984	11.761662
-1.434722	1.123899	0.672630	0.691890	0.064252	-0.234664	0.332166	-0.291059	11.761349
1.947623	-0.172324	-0.140067	0.702253	-0.096964	-0.283806	0.333101	-0.288016	11.761033
1.042921	-0.273410	-0.194434	0.698123	-0.107084	-0.286657	0.333094	-0.287823	11.761013
-0.222601	-0.373094	-0.247847	0.693407	-0.117205	-0.289483	0.333078	-0.287630	11.760993
-1.982200	-0.787720	-0.762825	0.564907	-0.256376	-0.325976	0.332071	-0.284900	11.760718
1.960966	0.807486	-0.504796	0.317542	-0.389038	-0.356927	0.329562	-0.282082	11.760441
-0.976279	-0.965501	0.572310	-0.070059	-0.527103	-0.385055	0.324731	-0.278695	11.760117
-1.681863	0.910457	0.746962	-0.443598	-0.638489	-0.403676	0.317820	-0.275195	11.759789
1.671445	1.070676	0.723465	-0.457995	-0.642690	-0.404269	0.317462	-0.275036	11.759774
-1.660837	1.216840	0.697334	-0.472106	-0.646815	-0.404840	0.317100	-0.274877	11.759760
0.547250	0.266734	-0.150175	-0.686242	-0.711628	-0.411618	0.309162	-0.271718	11.759471
1.150131	-1.588485	-0.826981	-0.757141	-0.741588	-0.409504	0.299596	-0.268479	11.759180
-0.853203	0.643609	-0.358174	-0.635752	-0.727280	-0.395473	0.286533	-0.264633	11.758840
0.637011	1.849396	0.657553	-0.354128	-0.665553	-0.370107	0.271495	-0.260688	11.758498
-0.631612	1.635815	0.687997	-0.342121	-0.662574	-0.369012	0.270924	-0.260545	11.758486
0.626400	1.409605	0.717485	-0.330016	-0.659545	-0.367904	0.270352	-0.260403	11.758474
0.455506	-1.917725	1.036424	-0.011777	-0.570470	-0.336994	0.255607	-0.256862	11.758172
-0.566345	-0.386324	0.424157	0.311560	-0.456754	-0.299643	0.239644	-0.253251	11.757868
0.649783	1.938103	-0.601736	0.612376	-0.311984	-0.253123	0.221142	-0.249266	11.757537
-0.774094	0.422820	-1.163085	0.804802	-0.151215	-0.201528	0.201536	-0.245205	11.757203
0.912787	-0.179514	-1.061887	0.840946	0.023345	-0.144665	0.180449	-0.240963	11.756859
0.184044	-1.497187	-0.305264	0.715597	0.200180	-0.085205	0.158561	-0.236649	11.756512
-1.104133	-0.897372	0.797988	0.451617	0.366993	-0.025818	0.136533	-0.232359	11.756170
1.103671	0.894358	1.063304	0.063744	0.518225	0.033425	0.114083	-0.228007	11.755825
-1.100636	0.647309	1.018604	0.035101	0.527146	0.037179	0.112637	-0.227726	11.755803
-0.050476	0.386031	0.965435	0.006081	0.535957	0.040925	0.111190	-0.227446	11.755781
1.025351	-0.583795	-0.292452	-0.428823	0.650485	0.094366	0.090115	-0.223349	11.755460
-0.059845	0.419975	-0.929089	-0.786227	0.734838	0.145380	0.068979	-0.219205	11.755136
-0.980147	0.369918	-0.907586	-0.799861	0.738249	0.147941	0.067883	-0.218989	11.755119
0.980718	0.303908	-0.879552	-0.812888	0.741560	0.150494	0.066787	-0.218773	11.755103
-1.052282	-0.424110	0.259739	-0.937889	0.783408	0.196743	0.046150	-0.214662	11.754783
1.212835	0.559555	0.813931	-0.816746	0.783374	0.238587	0.025728	-0.210511	11.754463
-1.520542	-0.769754	-0.066388	-0.398692	0.737642	0.280016	0.002850	-0.205730	11.754094
-1.695155	-0.019973	-0.747815	0.135930	0.651569	0.314541	-0.019388	-0.200904	11.753724
1.705129	0.043953	-0.760541	0.159149	0.646881	0.315934	-0.020371	-0.200686	11.753707
-0.397026	0.103874	-0.771661	0.182152	0.642127	0.317313	-0.021353	-0.200467	11.753690
-1.459457	0.568388	-0.711429	0.574185	0.539242	0.341149	-0.039902	-0.196246	11.753367
-2.013067	0.643719	-0.280009	0.856584	0.418564	0.359827	-0.057689	-0.191998	11.753042
-0.275223	1.445993	0.401538	1.022360	0.262127	0.375161	-0.077378	-0.186992	11.752660
2.219864	0.891772	0.945220	0.981403	0.097707	0.383473	-0.095653	-0.181957	11.752275
-0.081503	0.798542	0.959576	0.975050	0.091089	0.383660	-0.096351	-0.181755	11.752260
-1.178707	0.699050	0.973176	0.968325	0.084477	0.383836	-0.097047	-0.181553	11.752245
-2.293852	-1.679375	1.022746	0.735966	-0.059387	0.384922	-0.111662	-0.177119	11.751906
-0.613297	-1.114284	0.477544	0.383491	-0.197203	0.380834	-0.125071	-0.172668	11.751566
0.695845	1.472818	-0.527847	-0.073075	-0.338069	0.370296	-0.138727	-0.167653	11.751181
1.488160	1.967844	-1.243968	-0.501377	-0.456837	0.353711	-0.150935	-0.162624	11.750795
2.565622	1.883087	-1.258399	-0.516884	-0.461108	0.352909	-0.151403	-0.162418	11.750779
-2.570948	1.787459	-1.271376	-0.532178	-0.465329	0.352097	-0.151869	-0.162213	11.750764
-0.337545	-1.609301	-1.173592	-0.801260	-0.542040	0.332649	-0.161203	-0.157850	11.750428
2.824102	-2.147050	-0.334372	-0.956241	-0.591017	0.309040	-0.169512	-0.153484	11.750090
-2.951789	2.233295	1.032327	-0.995417	-0.606514	0.276602	-0.177912	-0.148408	11.749696
3.021231	-2.295865	1.522898	-0.888818	-0.573099	0.239078	-0.185004	-0.143335	11.749301
0.681378	-0.792240	0.664606	-0.659650	-0.503052	0.199384	-0.190549	-0.138538	11.748924
-2.866702	2.311923	-0.688064	-0.354337	-0.404798	0.156320	-0.194994	-0.133750	11.748547
2.849497	2.289108	-0.789004	-0.327452	-0.395663	0.152619	-0.195315	-0.133353	11.748515
-2.831309	2.169941	-0.885741	-0.300498	-0.386405	0.148902	-0.195628	-0.132957	11.748484
1.688779	-1.010994	-1.631693	-0.005005	-0.276275	0.106435	-0.198626	-0.128549	11.748133
2.087144	-2.123133	-1.613594	0.255665	-0.158175	0.062388	-0.200751	-0.124153	11.747782
2.227622	-2.068445	-1.586545	0.268569	-0.151624	0.059944	-0.200842	-0.123913	11.747762
1.140450	-1.985492	-1.556731	0.281322	-0.145072	0.057497	-0.200931	-0.123673	11.747743
-1.875961	1.920127	-0.689042	0.483669	-0.028131	0.013026	-0.202108	-0.119356	11.747395
1.585776	0.294609	0.372519	0.628538	0.082091	-0.031814	-0.202493	-0.115056	11.747046
-1.366129	-1.338886	1.338021	0.713860	0.192875	-0.083737	-0.201981	-0.110071	11.746637
1.341594	-0.998288	1.620293	0.696104	0.275750	-0.134551	-0.200481	-0.105110	11.746228
0.771412	-0.899207	1.615263	0.692460	0.278841	-0.136880	-0.200387	-0.104879	11.746208
-1.351578	-0.801204	1.608643	0.688559	0.281860	-0.139202	-0.200292	-0.104649	11.746189
1.535599	-0.333717	1.231569	0.575855	0.325196	-0.181202	-0.198168	-0.100399	11.745835
-0.516849	-0.004216	0.502372	0.407171	0.346421	-0.221155	-0.195378	-0.096166	11.745480
-2.184097	0.320250	-0.528444	0.182692	0.346291	-0.264324	-0.191354	-0.091291	11.745067
2.436191	-0.294658	-1.397897	-0.027596	0.323177	-0.303877	-0.186521	-0.086439	11.744653
1.435180	-0.335543	-1.422214	-0.035763	0.321695	-0.305530	-0.186290	-0.086227	11.744635
-2.448947	-0.367356	-1.444827	-0.043806	0.320178	-0.307177	-0.186059	-0.086014	11.744617
2.480598	0.577272	-1.382819	-0.176143	0.283209	-0.338278	-0.181180	-0.081821	11.744255
-2.363816	-0.918045	-0.161282	-0.256215	0.234796	-0.366615	-0.175757	-0.077645	11.743893
-1.679627	1.388913	1.269867	-0.282911	0.166037	-0.396709	-0.168644	-0.072707	11.743462
1.710598	1.290804	1.256524	-0.239673	0.089246	-0.422928	-0.160853	-0.067794	11.743028
-1.704449	0.885871	1.247141	-0.238556	0.088015	-0.423303	-0.160727	-0.067718	11.743022
-0.690937	0.480590	1.237577	-0.237428	0.086784	-0.423678	-0.160601	-0.067642	11.743015
1.361555	-1.984861	0.573854	-0.162337	0.019429	-0.442607	-0.153556	-0.063539	11.742650
-1.041010	1.982184	-0.052362	-0.072522	-0.046198	-0.458822	-0.146097	-0.059454	11.742284
-0.657139	1.748247	-0.708480	0.023193	-0.112435	-0.474134	-0.137041	-0.054776	11.741862
0.542228	1.361647	-1.054802	0.081315	-0.160302	-0.485877	-0.127521	-0.050124	11.741439
-0.535096	1.006488	-1.058201	0.082995	-0.162480	-0.486492	-0.126912	-0.049834	11.741412
-0.156800	0.629333	-1.058950	0.084402	-0.164550	-0.487094	-0.126302	-0.049545	11.741386
0.500803	-1.026356	-0.761139	0.078399	-0.181625	-0.493960	-0.117747	-0.045574	11.741022
-0.577308	0.766410	0.107067	0.039024	-0.177483	-0.498218	-0.108907	-0.041622	11.740656
0.804027	-0.635791	1.101767	-0.016045	-0.151964	-0.499853	-0.098291	-0.037048	11.740230
1.067615	-0.497940	0.915595	-0.048340	-0.112626	-0.497861	-0.087360	-0.032498	11.739803
-1.083131	0.142768	0.867629	-0.049076	-0.110581	-0.497677	-0.086840	-0.032285	11.739783
1.098800	0.762504	0.816228	-0.049739	-0.108524	-0.497486	-0.086319	-0.032072	11.739763
-1.412019	-1.051932	-0.422705	-0.048878	-0.068702	-0.492445	-0.076554	-0.028132	11.739390
1.756347	-0.696728	-1.282086	-0.023549	-0.027022	-0.484564	-0.066613	-0.024212	11.739016
-1.527985	1.845560	-1.151161	0.032605	0.020873	-0.471902	-0.054975	-0.019718	11.738584
-2.575124	2.785883	-0.236381	0.104688	0.065866	-0.455351	-0.043185	-0.015250	11.738151
-2.522799	2.795144	-0.185341	0.108165	0.067838	-0.454487	-0.042635	-0.015043	11.738131
-1.870047	2.802145	-0.134074	0.111639	0.069795	-0.453615	-0.042084	-0.014837	11.738111
2.934047	3.164684	0.793824	0.174594	0.103747	-0.435691	-0.031736	-0.010975	11.737733
-3.212262	3.165847	1.439303	0.226496	0.131235	-0.414733	-0.021336	-0.007133	11.737355
3.455276	-3.871998	1.711954	0.259213	0.152381	-0.386865	-0.009366	-0.002745	11.736920
-3.592715	-1.510452	1.442282	0.252938	0.160158	-0.354879	0.002589	0.001617	11.736484
-2.928250	-1.194891	1.418555	0.251875	0.160185	-0.353408	0.003103	0.001804	11.736465
3.598838	-0.876750	1.393861	0.250755	0.160187	-0.351931	0.003616	0.001991	11.736446
-3.115630	3.956535	0.635948	0.214839	0.154483	-0.318607	0.014541	0.005972	11.736045
-3.508537	2.597333	-0.466393	0.161913	0.138680	-0.282069	0.025379	0.009930	11.735643
3.295999	-3.460302	-1.537341	0.095821	0.111783	-0.239424	0.036933	0.014173	11.735209
-2.979851	2.205757	-1.965088	0.031066	0.076232	-0.193822	0.048304	0.018389	11.734774
1.608035	2.286750	-1.965969	0.030102	0.075602	-0.193072	0.048484	0.018456	11.734767
2.968143	2.364063	-1.966666	0.029141	0.074971	-0.192321	0.048664	0.018523	11.734760
-2.608836	2.694444	-1.715534	-0.020148	0.037117	-0.149449	0.058622	0.022264	11.734371
1.126566	1.818568	-0.956547	-0.063740	-0.005028	-0.104997	0.068370	0.025982	11.733981
1.774176	0.591535	0.133790	-0.110489	-0.055036	-0.054569	0.078845	0.030059	11.733551
1.115377	-1.551630	1.058919	-0.161539	-0.107152	-0.003157	0.088987	0.034109	11.733120
-1.365201	-1.618510	1.095472	-0.164529	-0.109991	-0.000366	0.089523	0.034327	11.733097
-0.384288	-1.674380	1.130182	-0.167550	-0.112832	0.002427	0.090059	0.034545	11.733073
1.091057	-0.934641	1.471840	-0.222294	-0.159371	0.048375	0.098688	0.038104	11.732691
-0.946504	1.419777	1.569548	-0.289598	-0.205014	0.094324	0.106993	0.041642	11.732309
0.958375	-0.363062	1.650526	-0.388314	-0.255417	0.147256	0.116200	0.045726	11.731864
-0.584811	-1.500066	1.683516	-0.512026	-0.301314	0.199200	0.124890	0.049781	11.731419
-1.222467	-1.454761	1.682555	-0.517977	-0.303170	0.201415	0.125253	0.049956	11.731400
1.239630	-1.397286	1.681311	-0.523978	-0.305013	0.203627	0.125615	0.050131	11.731381
-1.674502	1.649336	1.539377	-0.653791	-0.339240	0.247296	0.132651	0.053619	11.730994
2.209417	0.772391	1.046114	-0.797530	-0.367480	0.289438	0.139234	0.057087	11.730608
0.103960	-2.062009	0.143649	-0.972085	-0.391097	0.335601	0.146208	0.061047	11.730163
-3.240497	0.596720	-0.830780	-1.147597	-0.403743	0.378984	0.152503	0.064978	11.729717
1.568635	0.978487	-0.869496	-1.155813	-0.404045	0.380973	0.152785	0.065165	11.729696
3.266890	1.358253	-0.906970	-1.164009	-0.404319	0.382956	0.153065	0.065351	11.729675
-3.377249	2.501995	-1.288169	-1.309334	-0.404143	0.418018	0.157899	0.068750	11.729286
3.289861	-2.621361	-0.954776	-1.441853	-0.393558	0.450716	0.162153	0.072126	11.728898
-3.017900	2.640417	-0.203802	-1.576183	-0.366534	0.486265	0.166389	0.076083	11.728438
2.236440	-0.371511	0.208082	-1.680647	-0.322494	0.518479	0.169728	0.080009	11.727979
2.662608	-0.443392	0.212780	-1.682021	-0.321657	0.518959	0.169774	0.080071	11.727972
-2.657077	-0.513921	0.217482	-1.683388	-0.320814	0.519440	0.169819	0.080133	11.727964
-0.435713	-2.262551	0.557039	-1.746066	-0.264334	0.545762	0.172012	0.083680	11.727546
2.115393	-0.532495	1.109771	-1.773143	-0.192397	0.569283	0.173386	0.087201	11.727127
-1.949998	1.625947	1.209493	-1.756567	-0.102358	0.590707	0.173907	0.090825	11.726692
1.899353	-1.350016	0.144141	-1.687859	-0.000194	0.609080	0.173467	0.094421	11.726257
1.557449	-1.344617	0.117930	-1.686285	0.001598	0.609362	0.173451	0.094481	11.726250
-1.899948	-1.335177	0.091568	-1.684701	0.003389	0.609642	0.173435	0.094541	11.726242
1.964630	1.196248	-1.253444	-1.582912	0.101196	0.623309	0.172174	0.097714	11.725856
-2.088855	-0.215496	-1.538530	-1.450642	0.202198	0.634536	0.170093	0.100865	11.725469
2.239359	-1.240155	-0.492538	-1.259238	0.319025	0.644450	0.166631	0.104478	11.725021
-2.323043	-1.184759	1.237055	-0.993048	0.431600	0.651044	0.162012	0.108062	11.724574
-1.008746	-1.037543	1.310979	-0.977941	0.436725	0.651272	0.161766	0.108230	11.724553
2.324795	-0.873175	1.382793	-0.962580	0.441827	0.651492	0.161517	0.108398	11.724532
-2.287000	1.735885	2.119966	-0.625284	0.532001	0.654201	0.156456	0.111495	11.724142
2.177413	-2.067057	1.297315	-0.182031	0.612123	0.654270	0.150539	0.114569	11.723752
-0.472339	-1.801777	-0.797846	0.400466	0.687591	0.651005	0.142771	0.118059	11.723306
-1.870326	2.768979	-2.559728	0.982986	0.741403	0.644043	0.134004	0.121519	11.722860
1.864929	2.877580	-2.601608	1.009439	0.743359	0.643615	0.133560	0.121684	11.722839
1.678013	2.953633	-2.637847	1.035708	0.745255	0.643177	0.133114	0.121849	11.722817
-1.793753	0.715536	-2.395013	1.468374	0.768602	0.633653	0.124625	0.124843	11.722428
1.770756	-3.485771	-0.970561	1.776861	0.768601	0.621172	0.115477	0.127813	11.722039
-1.770980	-2.175930	2.703082	1.685916	0.672433	0.581224	0.091561	0.134726	11.721123
-1.552310	2.245962	-0.722177	0.261462	0.475894	0.529072	0.064825	0.141513	11.720207
1.235334	-0.053340	-0.929990	0.226756	0.471078	0.527880	0.064243	0.141653	11.720188
1.608517	-1.612331	-1.139188	0.192138	0.466239	0.526684	0.063660	0.141793	11.720169
-0.115012	-2.122502	-1.372019	0.152880	0.460707	0.525318	0.062995	0.141952	11.720147
-1.592100	-1.336464	-1.591858	0.113810	0.455151	0.523948	0.062330	0.142111	11.720126
1.583434	0.404385	-1.794070	0.074587	0.449519	0.522561	0.061657	0.142271	11.720104
-0.493022	1.985517	-1.970246	0.035607	0.443863	0.521170	0.060984	0.142431	11.720082
-1.422949	-1.428428	-2.148794	-0.477561	0.361262	0.500971	0.051321	0.144690	11.719773
1.233921	-1.117779	-1.489715	-0.877530	0.275233	0.479916	0.041437	0.146933	11.719464
1.219882	1.046910	-0.975208	-1.219097	0.149170	0.448375	0.026877	0.150135	11.719020
-0.630331	-1.159688	-0.414403	-1.264313	0.025283	0.415681	0.011971	0.153307	11.718577
0.394451	1.184667	1.134236	-0.994059	-0.090882	0.382581	-0.003037	0.156414	11.718138
-0.271683	-1.028245	0.717428	-0.413869	-0.201370	0.349064	-0.018251	0.159491	11.717701
0.270681	-0.711172	0.683602	-0.398308	-0.203776	0.348317	-0.018591	0.159559	11.717691
-0.269763	-0.387654	0.648945	-0.382640	-0.206184	0.347568	-0.018932	0.159627	11.717681
-0.169132	0.850407	-0.704640	0.244904	-0.299563	0.318160	-0.032374	0.162296	11.717299
0.639442	-0.798108	-0.563846	0.717137	-0.391234	0.288952	-0.045876	0.164942	11.716916
0.668581	0.940668	0.284945	0.883272	-0.495464	0.256120	-0.061325	0.167939	11.716480
-0.963923	1.065664	0.341569	0.568481	-0.599835	0.224213	-0.076730	0.170906	11.716044
1.270526	-1.137430	-0.287959	-0.004895	-0.701252	0.193542	-0.092046	0.173848	11.715608
-1.543008	0.862653	-0.274485	-0.505287	-0.795306	0.164508	-0.107186	0.176760	11.715172
0.538898	0.939432	-0.254190	-0.523269	-0.799981	0.163029	-0.107979	0.176913	11.715149
1.567951	0.989363	-0.232469	-0.540105	-0.804622	0.161555	-0.108770	0.177066	11.715126
-1.749367	-0.712861	0.223002	-0.653467	-0.878602	0.137166	-0.122256	0.179676	11.714732
1.886804	0.434077	0.361822	-0.456172	-0.937905	0.114708	-0.135487	0.182262	11.714339
0.693376	0.425017	0.345934	-0.428218	-0.941685	0.113011	-0.136529	0.182467	11.714308
-1.906122	0.388468	0.325641	-0.398611	-0.945295	0.111328	-0.137568	0.182671	11.714276
0.576937	-0.320645	-0.142223	0.027057	-0.972802	0.092612	-0.149650	0.185070	11.713908
2.107521	-0.188312	-0.623954	0.420523	-0.965252	0.075968	-0.161418	0.187447	11.713540
-2.219996	0.959672	-0.278579	0.579979	-0.894506	0.058291	-0.175055	0.190268	11.713100
-0.451526	-1.694874	1.018826	0.405159	-0.745558	0.042572	-0.188114	0.193058	11.712661
0.060393	-1.762511	1.060074	0.391279	-0.737387	0.041916	-0.188675	0.193181	11.712642
2.346327	-1.804960	1.097589	0.376965	-0.729103	0.041263	-0.189235	0.193303	11.712623
-2.450087	1.865207	1.092456	0.028224	-0.544274	0.028875	-0.200017	0.195702	11.712241
-1.009878	3.357132	-0.097388	-0.353471	-0.329159	0.017206	-0.210257	0.198079	11.711861
2.649275	-4.032771	-1.931805	-0.655046	-0.065600	0.004313	-0.221243	0.200766	11.711426
-1.312249	2.107469	-1.954342	-0.658512	0.196049	-0.008588	-0.231392	0.203423	11.710993
-2.718574	3.094984	-1.912219	-0.651378	0.207499	-0.009178	-0.231828	0.203542	11.710973
2.720502	4.055214	-1.867195	-0.643653	0.218916	-0.009768	-0.232263	0.203661	11.710954
-2.737754	4.560087	-0.487547	-0.383186	0.439282	-0.022059	-0.240671	0.206060	11.710559
-2.038206	-1.244221	1.196593	-0.006473	0.629707	-0.035204	-0.248266	0.208433	11.710164
2.634829	-4.252422	2.220488	0.397869	0.788909	-0.051023	-0.255582	0.211000	11.709734
-2.504339	-3.292859	1.510201	0.670166	0.880700	-0.068833	-0.261794	0.213537	11.709305
-0.598787	-3.280822	1.506903	0.670632	0.880825	-0.068878	-0.261807	0.213543	11.709304
2.503597	-3.268878	1.503642	0.671092	0.880948	-0.068923	-0.261820	0.213549	11.709303
-1.522654	2.845417	0.025785	0.788581	0.892065	-0.086958	-0.266378	0.215791	11.708919
-2.176044	3.170680	-1.359581	0.792286	0.828667	-0.107188	-0.269948	0.218009	11.708537
2.008402	-2.768581	-1.925164	0.647531	0.686177	-0.131701	-0.272673	0.220420	11.708118
0.459860	0.918571	-1.141774	0.342795	0.488341	-0.158151	-0.274077	0.222801	11.707699
-1.894493	1.439610	-1.067620	0.321298	0.475384	-0.159766	-0.274118	0.222941	11.707674
1.890920	1.923072	-0.991786	0.299557	0.462321	-0.161384	-0.274153	0.223080	11.707650
-1.872369	2.086319	0.173253	-0.034032	0.261447	-0.185552	-0.274106	0.225107	11.707290
1.897970	-0.334191	1.049511	-0.352409	0.051394	-0.210505	-0.272978	0.227109	11.706931
1.595663	-1.667644	1.310914	-0.626048	-0.189984	-0.240667	-0.270186	0.229448	11.706507
-1.977483	-0.409893	0.618112	-0.733167	-0.401548	-0.271057	-0.265748	0.231753	11.706085
-0.717324	-0.302922	0.577309	-0.734169	-0.409455	-0.272334	-0.265524	0.231849	11.706067
1.977657	-0.194702	0.536193	-0.734910	-0.417261	-0.273610	-0.265297	0.231945	11.706049
-0.778363	1.569272	-0.268895	-0.695018	-0.555730	-0.299672	-0.259951	0.233907	11.705685
-1.901595	1.201791	-0.718485	-0.556638	-0.651347	-0.325212	-0.253272	0.235841	11.705322
1.820645	-1.714299	-0.872856	-0.293656	-0.711087	-0.353743	-0.243808	0.238046	11.704903
-1.124059	1.746958	-0.714581	0.011888	-0.720234	-0.380689	-0.232423	0.240214	11.704485
-1.739521	1.732595	-0.695315	0.023909	-0.719605	-0.381734	-0.231924	0.240301	11.704468
-0.289267	1.685605	-0.674652	0.035869	-0.718900	-0.382777	-0.231420	0.240387	11.704451
1.686673	-1.643407	0.065948	0.265142	-0.686300	-0.404277	-0.219832	0.242227	11.704091
-1.656562	1.431989	0.852436	0.405515	-0.622215	-0.423904	-0.206704	0.244038	11.703732
1.640175	-1.200723	0.081233	0.409479	-0.517790	-0.443099	-0.190295	0.246011	11.703336
-1.623191	1.134485	-1.024620	0.270746	-0.383421	-0.459185	-0.171879	0.247945	11.702941
1.572144	-0.498454	-0.004469	0.026379	-0.218722	-0.472461	-0.149878	0.249976	11.702519
-1.445579	-1.469177	1.363850	-0.174922	-0.047497	-0.481018	-0.125571	0.251961	11.702099
1.444747	-1.131033	1.366349	-0.175501	-0.046713	-0.481046	-0.125454	0.251970	11.702097
1.104016	-0.793051	1.368792	-0.176075	-0.045930	-0.481073	-0.125336	0.251979	11.702095
-1.251251	1.575300	0.869861	-0.213243	0.096723	-0.484086	-0.102319	0.253673	11.701730
1.032908	-1.540758	-0.916341	-0.143324	0.223870	-0.482426	-0.077777	0.255331	11.701367
-0.549430	-0.929129	-1.907465	-0.010790	0.340313	-0.474614	-0.049577	0.257095	11.700973
-0.786668	1.178942	-1.165174	0.112116	0.430872	-0.459782	-0.020083	0.258815	11.700581
0.789441	1.164442	-1.065297	0.118163	0.435644	-0.458593	-0.018185	0.258922	11.700556
-0.379904	1.137684	-0.959906	0.123924	0.440301	-0.457373	-0.016283	0.259029	11.700531
-0.915612	-0.089905	0.781813	0.166657	0.491682	-0.437566	0.009950	0.260465	11.700196
1.132631	-1.034370	2.157557	0.119978	0.518072	-0.411444	0.036739	0.261868	11.699862
-1.426292	1.145402	1.697858	-0.061034	0.507292	-0.371787	0.069079	0.263493	11.699467
1.657526	-0.016364	-0.273357	-0.272898	0.446916	-0.323509	0.101669	0.265069	11.699074
-1.664733	-0.671306	-0.357130	-0.280902	0.443038	-0.321173	0.103123	0.265138	11.699056
1.362027	-1.334949	-0.438475	-0.288690	0.439056	-0.318820	0.104578	0.265207	11.699039
1.798869	1.434853	-1.568625	-0.255049	0.184077	-0.204490	0.167443	0.268120	11.698281
-2.142092	-0.662670	0.311178	0.568524	-0.141469	-0.076930	0.227939	0.270842	11.697530
2.157909	-0.825958	0.350389	0.583669	-0.147938	-0.074145	0.229201	0.270898	11.697514
1.288541	-0.964419	0.388471	0.598331	-0.154352	-0.071360	0.230461	0.270955	11.697497
-2.557977	0.003901	0.749928	0.754305	-0.268240	-0.015856	0.255285	0.272069	11.697175
2.898479	0.347148	0.166999	0.562749	-0.345531	0.038095	0.279077	0.273145	11.696854
-2.910854	0.233743	0.124099	0.543522	-0.348502	0.040845	0.280285	0.273200	11.696837
-1.308221	0.129046	0.081216	0.523474	-0.351367	0.043586	0.281488	0.273255	11.696820
0.309661	-0.080228	-0.420501	-0.068373	-0.388174	0.099207	0.305882	0.274380	11.696472
2.751030	0.023612	0.346274	-0.828495	-0.382170	0.150774	0.328603	0.275460	11.696126
-2.731054	-0.005891	0.380035	-0.860591	-0.380834	0.153145	0.329654	0.275511	11.696110
0.281192	-0.030336	0.410427	-0.891736	-0.379404	0.155505	0.330701	0.275562	11.696093
2.180789	0.200695	0.366550	-1.294750	-0.332302	0.199479	0.350387	0.276542	11.695765
1.205381	-0.175314	-0.324536	-1.304275	-0.252086	0.238093	0.368144	0.277480	11.695439
-0.794936	-0.908742	-0.873065	-0.833549	-0.129549	0.275466	0.386229	0.278524	11.695059
-0.186514	-0.174281	-0.282008	0.046804	0.004875	0.303196	0.401096	0.279509	11.694682
0.338329	-0.138551	-0.264262	0.063910	0.007203	0.303587	0.401324	0.279525	11.694675
-0.334490	-0.102085	-0.246369	0.081035	0.009529	0.303974	0.401552	0.279542	11.694669
0.455378	1.281301	0.697236	0.899617	0.118037	0.318756	0.411362	0.280333	11.694348
0.624850	1.909435	1.339195	1.511421	0.207346	0.324796	0.418398	0.281079	11.694029
-1.237392	1.073060	1.132635	1.721138	0.269925	0.319915	0.422834	0.281881	11.693665
2.022222	-2.231451	0.255012	1.457342	0.277086	0.301543	0.423214	0.282623	11.693303
-2.074841	-2.224942	0.188940	1.428231	0.275835	0.299935	0.423099	0.282668	11.693280
1.946929	-2.197255	0.122355	1.397894	0.274404	0.298276	0.422967	0.282712	11.693257
2.818455	-0.579621	-0.726455	0.898704	0.239963	0.271699	0.419648	0.283282	11.692955
-3.412521	2.268283	-1.184321	0.289299	0.182537	0.237722	0.413456	0.283804	11.692654
3.794193	-2.219233	-0.013901	-1.131665	-0.001678	0.133674	0.386915	0.284857	11.691931
2.040167	0.057877	0.507552	-1.743204	-0.155132	0.015913	0.344805	0.285573	11.691219
-1.403528	1.484369	0.493256	-1.740675	-0.157167	0.013456	0.343765	0.285584	11.691204
1.314594	2.134880	0.477770	-1.737396	-0.159139	0.011003	0.342719	0.285595	11.691189
-1.195087	0.001121	0.455499	-1.731926	-0.161651	0.007760	0.341324	0.285609	11.691170
1.076080	-2.126028	0.431479	-1.725202	-0.164050	0.004526	0.339919	0.285623	11.691150
-0.996733	-1.233307	0.414260	-1.719921	-0.165622	0.002328	0.338955	0.285632	11.691137
0.919521	0.577137	0.396391	-1.714078	-0.167144	0.000131	0.337986	0.285641	11.691124
0.050259	1.474984	0.017761	-1.527685	-0.186240	-0.038252	0.319861	0.285781	11.690887
-0.098715	1.953467	-0.312673	-1.225696	-0.191654	-0.074682	0.300135	0.285876	11.690652
-0.227731	1.671304	-0.343350	-0.718725	-0.180490	-0.120667	0.270113	0.285929	11.690328
-0.234930	-1.621991	0.091251	-0.202005	-0.152366	-0.159837	0.237160	0.285887	11.690005
0.917935	1.461380	0.445243	0.262361	-0.109742	-0.192658	0.199673	0.285738	11.689671
-1.636504	-1.334682	0.214459	0.591534	-0.058514	-0.216481	0.159195	0.285474	11.689340
1.663592	-1.032832	0.190602	0.604097	-0.056032	-0.217349	0.157263	0.285459	11.689325
-1.756552	-0.711588	0.165842	0.616488	-0.053542	-0.218197	0.155324	0.285444	11.689309
-2.053034	1.232586	-0.364874	0.818644	-0.005463	-0.230315	0.117299	0.285107	11.689022
2.239197	-0.230454	-0.699169	0.954525	0.041738	-0.234532	0.077145	0.284675	11.688737
-0.563018	-1.016318	-0.654101	1.022151	0.091137	-0.229179	0.028101	0.284053	11.688409
-2.137143	-0.154681	-0.142617	0.981001	0.129917	-0.212668	-0.023306	0.283293	11.688085
2.131665	-0.129480	-0.125648	0.978391	0.130744	-0.212079	-0.024695	0.283271	11.688076
2.092995	-0.105145	-0.108616	0.975703	0.131559	-0.211482	-0.026085	0.283249	11.688068
-1.901803	0.369209	0.439197	0.840454	0.151700	-0.187215	-0.073129	0.282452	11.687783
1.645983	0.594416	0.732560	0.615181	0.157171	-0.155036	-0.121011	0.281541	11.687502
-1.101671	0.213297	0.516041	0.274232	0.144497	-0.111055	-0.174593	0.280386	11.687191
-1.211212	-0.340357	0.007942	-0.072781	0.111231	-0.060556	-0.227704	0.279080	11.686884
1.208860	-0.348048	-0.003167	-0.079539	0.110284	-0.059414	-0.228841	0.279050	11.686878
-0.561205	-0.354392	-0.014215	-0.086248	0.109328	-0.058271	-0.229977	0.279020	11.686871
-1.163168	0.142453	-0.365174	-0.302284	0.063060	-0.011474	-0.274926	0.277756	11.686608
1.179545	0.333297	-0.370206	-0.377830	0.001412	0.035782	-0.318331	0.276371	11.686347
-1.066233	-0.425951	0.113461	-0.285434	-0.085738	0.088497	-0.366080	0.274605	11.686048
-1.165109	0.562247	0.183793	-0.083401	-0.171302	0.135716	-0.410097	0.272666	11.685752
1.158347	0.521236	0.165997	-0.069252	-0.176180	0.138461	-0.412753	0.272536	11.685733
-1.150987	0.447806	0.145961	-0.055137	-0.180954	0.141168	-0.415390	0.272406	11.685714
-1.052009	-0.669396	-0.140016	0.106264	-0.231864	0.173273	-0.448509	0.270610	11.685467
0.813120	0.703712	-0.059779	0.165052	-0.250352	0.196987	-0.477874	0.268683	11.685223
-0.598502	0.100183	0.190202	0.119968	-0.218608	0.212388	-0.507191	0.266240	11.684939
-0.353779	-0.615297	0.222773	0.023597	-0.139059	0.215033	-0.530621	0.263608	11.684658
0.482404	-0.603726	0.213982	0.019123	-0.134604	0.214877	-0.531538	0.263485	11.684646
-0.481407	-0.586369	0.204166	0.014684	-0.130089	0.214699	-0.532443	0.263361	11.684633
0.532716	-0.208564	-0.108184	-0.059601	-0.032928	0.207130	-0.547546	0.260910	11.684394
-0.694232	0.530169	-0.383705	-0.095893	0.077387	0.192418	-0.558344	0.258308	11.684158
-0.490837	0.226860	-0.284911	-0.072523	0.209912	0.167984	-0.565547	0.255115	11.683888
1.194402	-0.573325	0.112746	-0.005911	0.332871	0.137162	-0.567215	0.251712	11.683623
1.304515	-0.592543	0.134331	-0.002319	0.338192	0.135567	-0.567158	0.251545	11.683611
0.214614	-0.608511	0.155958	0.001284	0.343457	0.133961	-0.567089	0.251377	11.683598
-1.649352	-0.433728	0.533257	0.063807	0.427159	0.102811	-0.563658	0.248214	11.683371
-1.799287	0.245775	0.781269	0.102031	0.478667	0.069302	-0.556172	0.244889	11.683146
-0.999688	0.982965	0.712902	0.094492	0.485314	0.028427	-0.542347	0.240791	11.682887
1.887892	0.256725	0.112474	0.051334	0.430593	-0.013082	-0.523183	0.236476	11.682632
-1.884983	0.217064	0.098314	0.050346	0.429069	-0.013844	-0.522782	0.236395	11.682627
-1.469144	0.177422	0.084120	0.049354	0.427530	-0.014604	-0.522380	0.236314	11.682623
0.877648	-1.325706	-0.598168	-0.001638	0.336072	-0.050528	-0.501215	0.232366	11.682404
1.410359	-1.436077	-1.073886	-0.052271	0.214914	-0.085447	-0.476157	0.228257	11.682189
0.615252	0.740612	-1.044807	-0.096298	0.054581	-0.122600	-0.443502	0.223458	11.681952
-1.321480	1.640804	-0.406628	-0.120354	-0.119418	-0.156678	-0.406163	0.218463	11.681720
-0.413333	1.554468	-0.386697	-0.120611	-0.123213	-0.157369	-0.405310	0.218354	11.681715
1.334928	1.465520	-0.366551	-0.120855	-0.127003	-0.158058	-0.404457	0.218244	11.681710
-1.757682	-0.988411	0.538573	-0.120182	-0.278711	-0.184149	-0.368304	0.213760	11.681512
2.338278	-1.701721	1.213275	-0.096057	-0.423103	-0.206533	-0.328850	0.209133	11.681318
-2.946753	-1.138766	1.096286	-0.037735	-0.572494	-0.226845	-0.279417	0.203617	11.681099
-1.972915	1.707186	0.047133	0.032014	-0.694418	-0.240129	-0.226116	0.197918	11.680884
3.197515	1.509815	-0.019256	0.034985	-0.699118	-0.240543	-0.223622	0.197656	11.680875
-3.194373	1.267313	-0.086912	0.037921	-0.703739	-0.240941	-0.221121	0.197394	11.680865
2.908247	-1.742044	-1.278558	0.084418	-0.776853	-0.245092	-0.171858	0.192291	11.680683
-2.346819	1.821741	-1.290268	0.104776	-0.818759	-0.242033	-0.120437	0.187054	11.680505
1.657602	-1.257432	0.248345	0.094342	-0.827204	-0.228862	-0.058963	0.180841	11.680304
-1.263893	-2.123958	1.330836	0.052644	-0.792256	-0.205929	0.004076	0.174455	11.680108
1.258645	-1.787228	1.339859	0.050094	-0.789608	-0.204672	0.006978	0.174160	11.680099
-0.196136	-1.418188	1.344494	0.047491	-0.786866	-0.203397	0.009884	0.173864	11.680090
-1.399868	2.230174	0.724096	-0.009210	-0.716679	-0.176023	0.065495	0.168155	11.679924
0.733500	-0.447956	-0.654482	-0.067567	-0.612385	-0.143516	0.121236	0.162319	11.679761
2.425636	-2.139814	-1.467328	-0.110266	-0.454395	-0.101187	0.184843	0.155458	11.679580
-2.843667	1.318351	-0.195660	-0.099908	-0.266002	-0.055068	0.247291	0.148434	11.679403
-2.753352	1.610383	-0.114602	-0.098209	-0.256985	-0.052928	0.250065	0.148114	11.679395
2.862763	1.881683	-0.033604	-0.096414	-0.247936	-0.050785	0.252832	0.147794	11.679388
-2.868424	0.540054	1.332411	-0.044534	-0.066866	-0.008681	0.305529	0.141538	11.679239
-0.806044	-1.400098	1.695199	0.033803	0.120666	0.033925	0.356296	0.135162	11.679094
0.536315	-0.265429	0.231544	0.140106	0.339186	0.083155	0.412790	0.127529	11.678929
1.119875	1.224848	-1.613137	0.212544	0.544733	0.129920	0.465218	0.119739	11.678770
1.731821	1.230944	-1.639390	0.213277	0.548785	0.130854	0.466260	0.119575	11.678766
-1.724157	1.235157	-1.664783	0.213969	0.552821	0.131785	0.467298	0.119412	11.678763
1.473984	-0.133530	-2.036038	0.199779	0.711977	0.169299	0.509207	0.112435	11.678628
-1.348927	-0.755805	-1.307514	0.089794	0.842222	0.202386	0.546855	0.105341	11.678498
0.984702	-2.069637	2.397261	-0.449032	0.956998	0.266161	0.635891	0.080458	11.678090
1.374368	1.213599	-1.424472	-0.118426	0.454525	0.234774	0.655405	0.054352	11.677736
-1.370539	1.248291	-1.467321	-0.112054	0.449436	0.234271	0.655308	0.054169	11.677734
-0.278377	1.275481	-1.510111	-0.105637	0.444338	0.233766	0.655208	0.053986	11.677732
0.592738	1.268842	-1.658641	-0.082780	0.426406	0.231975	0.654836	0.053348	11.677724
1.338045	1.024290	-1.802894	-0.059249	0.408289	0.230144	0.654428	0.052709	11.677716
-0.423654	0.813758	-1.866465	-0.048259	0.399941	0.229293	0.654230	0.052416	11.677713
-1.324353	0.577795	-1.927956	-0.037139	0.391566	0.228435	0.654024	0.052124	11.677709
1.191872	-0.655630	-2.181246	0.215435	0.217167	0.209517	0.648328	0.046212	11.677640
-1.139846	0.217749	0.161614	0.504355	0.037513	0.187744	0.639755	0.040254	11.677573
1.141744	0.015192	0.352042	0.524216	0.024827	0.186106	0.639042	0.039831	11.677569
0.665776	-0.174599	0.534964	0.543816	0.012160	0.184456	0.638316	0.039408	11.677564
-1.325392	0.065028	1.823912	0.823336	-0.224602	0.150489	0.621695	0.031211	11.677478
1.587529	0.040568	-0.283560	0.799780	-0.436222	0.113121	0.600299	0.022949	11.677397
-1.561527	-0.155382	-0.387349	0.790719	-0.445575	0.111253	0.599153	0.022550	11.677393
-1.608450	-0.346601	-0.485798	0.780979	-0.454841	0.109380	0.597996	0.022150	11.677390
1.736273	0.315715	-1.305102	0.460040	-0.618132	0.071555	0.573169	0.014257	11.677318
-1.502847	1.057854	-0.610676	-0.054324	-0.738910	0.032584	0.544622	0.006326	11.677252
-1.600234	-0.286657	0.431983	-0.684832	-0.814151	-0.012685	0.507375	-0.002866	11.677180
0.789417	-1.597579	0.664682	-1.069944	-0.807752	-0.056951	0.465942	-0.012081	11.677116
1.348943	-1.529723	0.645322	-1.077823	-0.805524	-0.058748	0.464138	-0.012463	11.677113
-1.337187	-1.445832	0.623429	-1.084986	-0.803133	-0.060539	0.462329	-0.012846	11.677111
1.071391	1.678291	-0.124020	-1.084699	-0.717376	-0.097188	0.422845	-0.020888	11.677060
-0.796491	1.197385	-0.587167	-0.843413	-0.575587	-0.131407	0.380793	-0.028924	11.677014
0.520625	-1.077967	-0.338374	-0.366628	-0.367515	-0.166583	0.330069	-0.038068	11.676969
-0.338085	-1.287647	0.734608	0.206303	-0.134412	-0.196701	0.276773	-0.047179	11.676929
0.332962	-1.211837	0.793005	0.232219	-0.123777	-0.197917	0.274328	-0.047586	11.676928
-0.328139	-1.120458	0.851608	0.258062	-0.113144	-0.199121	0.271880	-0.047994	11.676926
0.343772	0.733550	1.262015	1.134740	0.307688	-0.237894	0.163259	-0.065369	11.676870
-0.558072	-0.760841	-1.677405	1.091466	0.560271	-0.246613	0.049664	-0.082459	11.676840
0.562612	0.275483	-1.547022	1.077529	0.563537	-0.246400	0.046984	-0.082853	11.676839
-0.567068	0.796416	-1.402764	1.063012	0.566678	-0.246167	0.044304	-0.083246	11.676839
0.207199	0.591063	-1.237772	1.046964	0.569878	-0.245897	0.041454	-0.083664	11.676838
0.576268	0.066292	-1.065485	1.030295	0.572939	-0.245604	0.038602	-0.084081	11.676838
0.442354	-1.306724	1.520161	0.684264	0.603689	-0.237495	-0.008092	-0.090866	11.676834
-0.696144	1.858209	1.889030	0.246046	0.600444	-0.223033	-0.054854	-0.097579	11.676834
0.776051	-2.425300	-0.613838	-0.335439	0.552694	-0.195640	-0.114228	-0.106028	11.676840
0.234950	-1.837293	-1.819977	-0.732193	0.464284	-0.159841	-0.172811	-0.114335	11.676853
-1.070010	2.708975	-0.933560	-0.770055	0.346613	-0.118423	-0.229094	-0.122347	11.676873
1.334833	2.164342	0.485120	-0.542234	0.207490	-0.072754	-0.283578	-0.130195	11.676899
1.055441	2.014758	0.547215	-0.526177	0.199992	-0.070342	-0.286304	-0.130591	11.676901
-1.367728	1.856488	0.607313	-0.509823	0.192463	-0.067921	-0.289026	-0.130988	11.676902
0.024254	-1.554052	1.254602	-0.183674	0.051588	-0.022914	-0.337674	-0.138153	11.676934
0.850238	-1.748907	0.708162	0.119489	-0.089100	0.022385	-0.383823	-0.145150	11.676972
1.850163	-1.607911	0.638225	0.133011	-0.096173	0.024696	-0.386123	-0.145506	11.676974
2.119893	-1.450465	0.564205	0.146276	-0.103225	0.027004	-0.388416	-0.145861	11.676976
-2.436159	1.395848	-0.893858	0.332099	-0.227254	0.068645	-0.429228	-0.152322	11.677018
2.659713	-1.151373	-0.858405	0.374227	-0.335245	0.107609	-0.466978	-0.158612	11.677066
-2.728080	0.938816	0.751611	0.253090	-0.434913	0.147760	-0.506537	-0.165702	11.677129
2.506696	-0.623256	0.535625	0.105324	-0.504056	0.180267	-0.540818	-0.172532	11.677199
-2.488629	-0.708728	0.479210	0.099246	-0.506411	0.181512	-0.542223	-0.172833	11.677202
0.030481	-0.766179	0.419863	0.093224	-0.508702	0.182737	-0.543616	-0.173132	11.677206
1.984152	0.707814	-0.829241	-0.008957	-0.539899	0.202328	-0.568249	-0.178834	11.677274
-1.366108	-0.779522	-1.052362	-0.074651	-0.545146	0.213239	-0.588197	-0.184316	11.677348
-0.862853	1.249107	-0.576536	-0.093600	-0.520574	0.214591	-0.605073	-0.190296	11.677440
0.232253	1.403356	-0.326903	-0.060847	-0.470864	0.205243	-0.615810	-0.195964	11.677539
-0.218801	1.128903	-0.324153	-0.058024	-0.467522	0.204470	-0.616218	-0.196259	11.677545
0.206646	0.816413	-0.322276	-0.055116	-0.464106	0.203671	-0.616610	-0.196553	11.677550
-0.170640	-1.776991	-0.318326	-0.001427	-0.398725	0.187587	-0.620624	-0.201120	11.677642
0.358117	2.036830	-0.111248	0.052416	-0.309041	0.165956	-0.620562	-0.205437	11.677741
-0.719050	0.790768	0.505853	0.091007	-0.166563	0.134813	-0.615536	-0.210182	11.677863
1.069610	-1.389811	1.353168	0.083789	0.013566	0.099054	-0.605442	-0.214572	11.677994
0.347951	-1.551659	1.393023	0.082247	0.022326	0.097365	-0.604874	-0.214761	11.678000
-1.094968	-1.710232	1.432863	0.080597	0.031131	0.095669	-0.604296	-0.214949	11.678007
1.267585	-2.052754	2.187469	0.027853	0.205252	0.062411	-0.591471	-0.218406	11.678126
-1.048317	-0.079969	2.827927	-0.066538	0.382574	0.028115	-0.575344	-0.221607	11.678252
-1.315629	1.505445	2.685850	-0.216423	0.573727	-0.011975	-0.552506	-0.225033	11.678406
1.241318	0.087527	0.943650	-0.345408	0.722027	-0.050398	-0.525693	-0.228115	11.678570
-1.237823	-0.093094	0.850246	-0.349075	0.726738	-0.051897	-0.524525	-0.228233	11.678577
0.591519	-0.272877	0.755821	-0.352576	0.731334	-0.053393	-0.523351	-0.228350	11.678583
0.764397	-0.927299	-1.311212	-0.380467	0.800705	-0.083704	-0.496938	-0.230717	11.678732
1.079702	0.815666	-2.750206	-0.296265	0.814969	-0.110353	-0.468012	-0.232830	11.678887
-0.296075	0.204120	-2.392775	-0.061510	0.765697	-0.134356	-0.433878	-0.234849	11.679064
-0.916001	-0.896184	-0.752704	0.240593	0.646978	-0.152950	-0.397293	-0.236573	11.679248
-0.815063	0.319567	1.064859	0.513688	0.445092	-0.166699	-0.356437	-0.238072	11.679450
-0.513672	0.999489	1.663957	0.614704	0.165605	-0.174500	-0.313483	-0.239251	11.679662
0.772959	0.946457	1.641214	0.612985	0.151520	-0.174711	-0.311521	-0.239297	11.679671
0.400088	0.882981	1.613658	0.610653	0.137313	-0.174909	-0.309556	-0.239341	11.679681
-0.728095	-0.910524	0.512290	0.460883	-0.154442	-0.176430	-0.270945	-0.240080	11.679871
0.077591	-0.322889	-0.566665	0.166948	-0.456495	-0.173556	-0.231242	-0.240586	11.680067
0.686835	0.649176	-0.748413	-0.250207	-0.776997	-0.164655	-0.183924	-0.240884	11.680304
-0.200501	-0.703884	0.223496	-0.603493	-1.013654	-0.149762	-0.135796	-0.240873	11.680550
-0.701216	-0.697894	0.253915	-0.613409	-1.020930	-0.149010	-0.133775	-0.240866	11.680560
0.702442	-0.679625	0.281703	-0.622769	-1.027964	-0.148247	-0.131754	-0.240858	11.680571
-0.739897	0.975364	0.367905	-0.658243	-1.112928	-0.130003	-0.089561	-0.240578	11.680792
-0.567934	0.459914	-0.074077	-0.343547	-1.066799	-0.107395	-0.047291	-0.240070	11.681021
0.949473	-1.779199	-0.289524	0.199170	-0.871364	-0.077343	0.000852	-0.239211	11.681290
1.023912	0.964396	0.296293	0.587673	-0.557019	-0.044364	0.048431	-0.238059	11.681568
-1.030304	1.533375	0.316467	0.596540	-0.540659	-0.042839	0.050550	-0.238001	11.681581
1.036759	2.053151	0.334340	0.604462	-0.524121	-0.041310	0.052668	-0.237942	11.681593
-1.167400	-2.040199	0.254834	0.579676	-0.177824	-0.011565	0.093083	-0.236687	11.681842
1.292005	1.840237	-0.260873	0.289962	0.200826	0.018014	0.132550	-0.235217	11.682097
1.087661	-0.004546	-0.549801	-0.153669	0.629456	0.050697	0.176792	-0.233248	11.682400
0.032607	-1.076775	-0.336147	-0.463480	0.983454	0.080119	0.219095	-0.230997	11.682712
-1.423097	-0.727828	-0.314227	-0.471804	0.996431	0.081301	0.220887	-0.230893	11.682726
1.421793	-0.372445	-0.291219	-0.479649	1.009187	0.082474	0.222676	-0.230788	11.682740
-1.359404	0.764927	0.306686	-0.532834	1.212165	0.103687	0.257372	-0.228585	11.683018
1.260641	-0.578714	0.768597	-0.387989	1.311764	0.120037	0.290074	-0.226174	11.683303
-1.158657	0.485897	0.280195	-0.027679	1.308803	0.131618	0.324764	-0.223162	11.683637
-0.101583	-0.446906	-0.760309	0.362988	1.197235	0.135330	0.356181	-0.219882	11.683979
0.335137	-0.499573	-0.794315	0.377725	1.190002	0.135327	0.357497	-0.219730	11.683994
1.117004	-0.540192	-0.825903	0.392077	1.182592	0.135311	0.358804	-0.219578	11.684009
-1.162387	0.709625	-0.908499	0.582534	1.002538	0.132427	0.382966	-0.216486	11.684314
1.282251	0.058400	-0.075972	0.570131	0.764873	0.125154	0.404304	-0.213197	11.684625
-1.490281	-1.326254	0.923005	0.326250	0.444498	0.112233	0.425320	-0.209174	11.684990
1.725583	0.122232	0.844038	-0.093007	0.102982	0.095348	0.442604	-0.204897	11.685363
-1.735728	0.534838	0.816723	-0.113377	0.087707	0.094516	0.443290	-0.204699	11.685380
1.745785	0.947456	0.787821	-0.133749	0.072453	0.093677	0.443969	-0.204502	11.685397
-1.918544	1.881414	-0.007170	-0.506746	-0.216514	0.076275	0.455726	-0.200551	11.685729
2.035611	-1.949901	-0.819873	-0.748607	-0.476015	0.057272	0.464708	-0.196411	11.686067
-2.050076	0.178914	-0.097313	-0.489219	-0.911375	0.009495	0.475358	-0.185940	11.686885
1.683273	1.160260	0.570465	0.380619	-1.142872	-0.036692	0.472249	-0.174466	11.687734
0.145892	0.554813	0.545915	0.397242	-1.145563	-0.037487	0.472069	-0.174244	11.687751
-1.662464	-0.017107	0.519492	0.413781	-1.148201	-0.038280	0.471885	-0.174022	11.687767
0.159584	-0.622038	0.481743	0.435580	-1.151620	-0.039326	0.471634	-0.173727	11.687788
1.634131	-0.996226	0.441157	0.457208	-1.154947	-0.040367	0.471375	-0.173430	11.687809
1.542071	-1.119346	0.400889	0.477253	-1.157976	-0.041336	0.471126	-0.173153	11.687829
0.353499	-1.101263	0.358631	0.497101	-1.160925	-0.042299	0.470870	-0.172875	11.687849
-0.495266	1.037013	-0.308471	0.761543	-1.196081	-0.056171	0.466217	-0.168612	11.688154
-1.173467	-1.071105	-0.520430	0.920128	-1.214838	-0.068544	0.460115	-0.164238	11.688462
-0.729365	-0.027306	-0.300148	0.907440	-1.217713	-0.081917	0.450073	-0.158377	11.688870
0.185821	0.258642	0.144692	0.695196	-1.199692	-0.091694	0.437777	-0.152345	11.689283
0.890275	0.458720	0.537566	0.329169	-1.158507	-0.098316	0.422100	-0.145649	11.689737
-0.027806	2.282078	0.481377	-0.090303	-1.095908	-0.101138	0.404078	-0.138777	11.690198
-1.236242	2.089610	0.462473	-0.109370	-1.092576	-0.101180	0.403206	-0.138461	11.690219
-0.248371	1.856479	0.442020	-0.128398	-1.089201	-0.101216	0.402330	-0.138144	11.690240
1.779438	-2.470078	-0.087667	-0.473648	-1.016676	-0.100545	0.384692	-0.132019	11.690648
-2.425721	-0.914355	-0.470255	-0.750459	-0.929683	-0.097446	0.365506	-0.125777	11.691061
3.452114	0.575947	-0.595015	-0.922806	-0.681654	-0.081926	0.315194	-0.110749	11.692048
-1.595547	0.644118	-0.029920	-0.356435	-0.408713	-0.057204	0.258721	-0.095234	11.693065
1.501545	1.931673	-0.009806	-0.338942	-0.402621	-0.056582	0.257427	-0.094889	11.693087
-1.405241	2.161693	0.010675	-0.321338	-0.396527	-0.055956	0.256132	-0.094544	11.693110
0.695791	1.450323	0.032511	-0.302787	-0.390139	-0.055298	0.254773	-0.094183	11.693134
1.200931	0.658970	0.054653	-0.284141	-0.383752	-0.054637	0.253412	-0.093822	11.693157
-1.097546	0.395565	0.077727	-0.264812	-0.377164	-0.053952	0.252007	-0.093449	11.693182
0.997169	0.166725	0.100970	-0.245374	-0.370567	-0.053264	0.250598	-0.093076	11.693206
0.894260	-2.189744	0.393367	0.036760	-0.276394	-0.043124	0.230294	-0.087741	11.693556
-0.390186	-1.960204	0.484554	0.312002	-0.181998	-0.032432	0.209574	-0.082369	11.693909
-1.742256	2.676232	-0.008237	0.851329	0.089370	0.000642	0.147740	-0.066614	11.694951
-2.303478	2.513346	-0.289622	0.661157	0.339814	0.034630	0.084545	-0.050669	11.696018
-0.017908	0.709082	-0.282612	0.646637	0.345026	0.035421	0.083050	-0.050291	11.696043
2.366141	-0.954658	-0.274745	0.631657	0.350192	0.036210	0.081555	-0.049913	11.696069
-2.394033	-2.176537	-0.266517	0.617091	0.355030	0.036954	0.080144	-0.049556	11.696093
2.420779	-3.040568	-0.257513	0.602135	0.359822	0.037697	0.078733	-0.049199	11.696117
-0.031796	-2.023034	0.000824	0.267842	0.440137	0.051152	0.052803	-0.042612	11.696564
-2.774417	2.978927	0.232541	-0.126409	0.503317	0.064026	0.027081	-0.036017	11.697015
-1.946762	2.965868	0.180903	-0.572278	0.552914	0.078580	-0.003689	-0.028010	11.697568
2.492510	-0.711111	-0.071900	-0.849043	0.568018	0.091614	-0.033755	-0.020012	11.698127
-2.491263	-0.747449	-0.075750	-0.851300	0.567952	0.091806	-0.034223	-0.019886	11.698136
0.782014	-0.783241	-0.079565	-0.853479	0.567877	0.091997	-0.034692	-0.019760	11.698145
2.487826	-2.125429	-0.195511	-0.833426	0.547892	0.101960	-0.060648	-0.012662	11.698647
-0.795500	-1.413005	-0.041414	-0.512504	0.498909	0.110142	-0.085725	-0.005591	11.699155
-2.586640	1.464330	0.201486	0.045769	0.418237	0.116821	-0.112284	0.002180	11.699721
-1.048543	-0.702043	0.141110	0.607828	0.318523	0.120725	-0.137524	0.009897	11.700293
2.453135	-0.972636	0.125586	0.628654	0.314001	0.120824	-0.138566	0.010224	11.700317
-2.442041	-1.222016	0.108752	0.649072	0.309464	0.120918	-0.139604	0.010550	11.700341
2.111418	1.139124	-0.285541	0.941161	0.212092	0.121569	-0.160669	0.017331	11.700853
-1.667729	-1.134436	-0.039856	0.877471	0.113574	0.119596	-0.180546	0.024053	11.701369
-0.354493	1.151814	0.506995	0.448845	0.004995	0.113883	-0.201906	0.031699	11.701968
-0.296638	-0.008064	-0.050505	-0.166855	-0.092125	0.104275	-0.221640	0.039244	11.702572
0.827043	-0.578289	-0.092306	-0.194888	-0.096045	0.103757	-0.222473	0.039574	11.702599
-0.819842	-1.130156	-0.134565	-0.222849	-0.099932	0.103231	-0.223305	0.039905	11.702626
0.804397	-0.942646	-0.873725	-0.727371	-0.168476	0.091154	-0.239063	0.046392	11.703159
0.447335	0.996775	-0.868285	-1.045690	-0.218252	0.075772	-0.253546	0.052784	11.703696
-1.266720	-0.906793	0.331467	-1.082679	-0.246728	0.053255	-0.268927	0.060169	11.704332
1.533299	-0.781850	1.481146	-0.824145	-0.238484	0.025901	-0.282498	0.067398	11.704974
0.894645	-0.759654	1.493242	-0.818016	-0.238071	0.025415	-0.282705	0.067515	11.704985
-1.539766	-0.736582	1.505021	-0.811848	-0.237649	0.024930	-0.282911	0.067632	11.704996
1.649543	0.842912	1.617954	-0.429814	-0.205529	-0.001694	-0.292967	0.073649	11.705547
-1.690123	-0.456058	0.635074	0.028332	-0.157438	-0.030251	-0.301676	0.079535	11.706102
1.736100	-1.052066	-0.955069	0.551207	-0.090425	-0.063971	-0.309976	0.086107	11.706743
-1.876181	1.092971	-1.851446	0.961590	-0.019281	-0.097242	-0.316466	0.092487	11.707389
-0.768442	1.177539	-1.862385	0.975271	-0.016194	-0.098672	-0.316709	0.092763	11.707418
1.896235	1.258580	-1.870489	0.988508	-0.013117	-0.100098	-0.316950	0.093039	11.707446
-2.172363	1.625148	-1.364378	1.159630	0.045364	-0.127668	-0.321025	0.098504	11.708023
0.900745	-1.675607	0.285107	1.147316	0.093460	-0.152421	-0.323655	0.103810	11.708603
3.042610	-2.307339	1.755163	0.900621	0.130669	-0.175881	-0.324878	0.109686	11.709272
-3.521391	2.522891	1.208803	0.420591	0.147883	-0.192536	-0.324179	0.115348	11.709946
-3.187435	2.473387	1.175528	0.408720	0.148031	-0.192803	-0.324143	0.115466	11.709960
-1.763881	2.412127	1.141536	0.396818	0.148170	-0.193066	-0.324107	0.115583	11.709975
3.870508	-2.476697	-0.414554	-0.107439	0.146581	-0.200591	-0.321910	0.120255	11.710556
-4.067314	2.160199	-1.170938	-0.590125	0.131926	-0.202326	-0.318343	0.124773	11.711141
4.040226	-1.559813	-1.303799	-0.999761	0.100105	-0.197546	-0.312482	0.129886	11.711832
-3.629518	0.707087	-0.667037	-1.119882	0.054903	-0.186050	-0.304919	0.134789	11.712529
1.597527	0.836191	-0.638068	-1.119003	0.053676	-0.185698	-0.304718	0.134904	11.712546
3.598343	0.959306	-0.608324	-1.117952	0.052444	-0.185342	-0.304516	0.135019	11.712562
-2.887580	0.207534	0.638357	-0.971117	0.005280	-0.170534	-0.296747	0.139023	11.713160
0.280044	-0.595319	1.053616	-0.620485	-0.045829	-0.151802	-0.287889	0.142878	11.713760
1.025651	0.770071	-0.320726	-0.024184	-0.104486	-0.126017	-0.276465	0.147119	11.714454
0.706008	-0.696924	-1.029951	0.562884	-0.157686	-0.096268	-0.263791	0.151167	11.715152
-0.329735	-0.896896	-1.012657	0.584483	-0.159817	-0.094875	-0.263205	0.151341	11.715182
0.312399	-1.103874	-0.990250	0.605543	-0.161924	-0.093476	-0.262618	0.151514	11.715213
-0.187557	-0.997590	0.162671	0.914782	-0.198467	-0.064451	-0.250484	0.154887	11.715828
0.394698	1.411491	1.118178	1.012843	-0.222174	-0.033423	-0.237542	0.158113	11.716446
-1.194158	-1.315141	0.128759	0.882780	-0.229988	0.003943	-0.221809	0.161630	11.717158
-1.407172	0.924928	-1.206242	0.598863	-0.218649	0.042522	-0.205203	0.164958	11.717874
1.430408	1.003250	-1.238758	0.583967	-0.217696	0.044344	-0.204406	0.165110	11.717908
-1.453307	1.054045	-1.266944	0.569039	-0.216709	0.046165	-0.203609	0.165260	11.717942
1.818872	-0.594305	-1.256281	0.294387	-0.192463	0.079857	-0.188595	0.167967	11.718563
0.602388	-0.693542	-1.090387	0.041140	-0.158036	0.113348	-0.173077	0.170537	11.719187
-2.278151	0.632355	-0.946187	-0.214776	-0.107621	0.151368	-0.154496	0.173351	11.719917
2.208564	0.150838	-0.670190	-0.424953	-0.048715	0.187696	-0.135424	0.175982	11.720649
2.371102	0.090887	-0.650111	-0.433438	-0.045861	0.189306	-0.134541	0.176098	11.720683
-2.372899	0.029733	-0.629144	-0.441827	-0.042995	0.190911	-0.133656	0.176214	11.720717
0.526595	-0.720373	0.009318	-0.587195	0.015853	0.221565	-0.115962	0.178432	11.721386
2.332632	-0.397241	0.986428	-0.691893	0.077194	0.249562	-0.098028	0.180502	11.722058
-2.258910	0.704070	1.315367	-0.758932	0.144854	0.276225	-0.078424	0.182579	11.722790
1.553942	-0.622130	0.043646	-0.769095	0.212039	0.298376	-0.058724	0.184485	11.723525
2.181032	-0.619208	0.009058	-0.768419	0.213436	0.298790	-0.058307	0.184524	11.723540
-0.426556	-0.612998	-0.025448	-0.767699	0.214830	0.299202	-0.057891	0.184562	11.723556
-2.127353	0.574402	-1.116639	-0.690723	0.271558	0.314286	-0.040410	0.186106	11.724211
2.098769	-0.627935	-0.811101	-0.511064	0.322969	0.324715	-0.022999	0.187519	11.724868
-2.097273	0.263608	0.205874	-0.215054	0.372027	0.330293	-0.003172	0.188982	11.725627
2.122196	1.076818	0.770314	0.117559	0.406537	0.328282	0.016380	0.190275	11.726389
1.280940	1.066900	0.768761	0.130905	0.407570	0.328030	0.017165	0.190324	11.726420
-0.271844	1.052938	0.764811	0.144203	0.408572	0.327763	0.017949	0.190372	11.726451
-2.155819	0.031932	0.278352	0.401503	0.422059	0.318863	0.034299	0.191328	11.727102
-0.344821	-1.482249	-0.435162	0.579495	0.419165	0.303532	0.050385	0.192164	11.727755
2.180822	-1.360578	-0.690071	0.614813	0.390238	0.278248	0.068818	0.192989	11.728522
-0.965568	1.439107	-0.194681	0.418951	0.330324	0.246218	0.086830	0.193653	11.729292
-2.123234	1.502890	-0.160555	0.405765	0.326908	0.244609	0.087644	0.193679	11.729327
2.118924	1.552070	-0.125875	0.392322	0.323441	0.242990	0.088457	0.193706	11.729362
0.062240	0.314962	0.553623	0.105446	0.248982	0.210412	0.103642	0.194139	11.730030
-1.844864	-1.272102	0.974601	-0.183958	0.160931	0.174616	0.118472	0.194454	11.730701
1.078685	0.632716	0.718930	-0.428186	0.047993	0.129982	0.135262	0.194673	11.731484
1.320848	0.896757	-0.125105	-0.542551	-0.068684	0.083364	0.151520	0.194736	11.732270
-1.308042	0.822658	-0.166649	-0.544324	-0.073640	0.081344	0.152203	0.194735	11.732303
-1.183176	0.747141	-0.208243	-0.545832	-0.078584	0.079325	0.152885	0.194734	11.732337
1.034294	-0.575845	-1.007095	-0.517867	-0.175496	0.038518	0.166411	0.194652	11.733017
0.776327	-0.903372	-1.529203	-0.372381	-0.263617	-0.001916	0.179503	0.194457	11.733699
-0.607605	1.073978	-1.472401	-0.070234	-0.348124	-0.046992	0.194033	0.194092	11.734487
-0.564155	1.475949	-0.616688	0.271972	-0.407604	-0.089234	0.207936	0.193580	11.735277
0.569554	0.990142	-0.557815	0.286478	-0.409611	-0.091078	0.208556	0.193553	11.735314
-0.572709	0.504979	-0.497349	0.300786	-0.411550	-0.092913	0.209175	0.193526	11.735350
0.721602	-1.925761	0.816528	0.528846	-0.435183	-0.128168	0.221469	0.192906	11.736088
-1.123384	-1.472799	1.581682	0.565847	-0.424526	-0.159040	0.233173	0.192161	11.736828
-1.292344	2.694762	1.488063	0.335562	-0.372827	-0.186872	0.244725	0.191253	11.737601
0.255503	-0.739487	0.460882	-0.052722	-0.288910	-0.210796	0.255590	0.190213	11.738377
1.560336	-0.822501	0.441009	-0.059223	-0.287400	-0.211144	0.255755	0.190195	11.738389
-1.563630	-0.904787	0.421149	-0.065709	-0.285888	-0.211490	0.255920	0.190178	11.738401
1.668928	-2.729200	-0.950373	-0.653136	-0.074934	-0.249016	0.275171	0.187740	11.739934
-0.997027	1.745429	0.595206	-0.242181	0.122698	-0.277428	0.291470	0.184808	11.741473
0.955358	0.164251	0.544079	-0.209000	0.128902	-0.278336	0.292003	0.184693	11.741529
-0.913069	-1.652568	0.479544	-0.174882	0.135017	-0.279238	0.292531	0.184577	11.741585
0.893636	-1.170277	0.445697	-0.158776	0.137823	-0.279654	0.292775	0.184523	11.741611
-0.874553	0.136353	0.409693	-0.142508	0.140610	-0.280069	0.293018	0.184469	11.741637
-0.845525	1.134672	-0.477045	0.259531	0.201093	-0.289643	0.298560	0.183133	11.742257
0.227293	-0.893291	-0.127731	0.584190	0.247752	-0.298713	0.303581	0.181721	11.742879
0.516568	-0.315344	0.430448	0.805802	0.282984	-0.310008	0.309229	0.179801	11.743677
-0.785655	1.364700	0.321166	0.780102	0.287438	-0.321450	0.313975	0.177758	11.744475
-0.011914	-1.791800	-0.399163	0.563141	0.266011	-0.333356	0.317754	0.175620	11.745266
1.445211	0.131368	-0.639024	0.227567	0.224840	-0.345861	0.320602	0.173365	11.746058
-0.432550	0.234698	-0.640103	0.210707	0.222600	-0.346440	0.320709	0.173260	11.746094
-1.469058	0.334355	-0.640892	0.193745	0.220330	-0.347020	0.320814	0.173154	11.746130
-1.337028	2.249362	-0.709381	-0.164904	0.168167	-0.359193	0.322532	0.170932	11.746871
0.994001	-0.987205	-1.071303	-0.500537	0.109005	-0.371695	0.323392	0.168611	11.747613
1.732971	-1.568572	-1.090113	-0.515856	0.105910	-0.372335	0.323412	0.168490	11.747650
0.565396	-2.159071	-1.108283	-0.530958	0.102809	-0.372975	0.323430	0.168370	11.747688
-1.597639	-1.105518	-0.958359	-0.969601	-0.022823	-0.400004	0.322150	0.163151	11.749253
0.439700	1.121236	1.466874	-1.070459	-0.112096	-0.427214	0.316762	0.157531	11.750820
1.188963	-0.180644	1.541569	-1.069095	-0.113360	-0.427830	0.316590	0.157399	11.750856
-1.178035	-1.117184	1.614420	-1.067570	-0.114583	-0.428446	0.316415	0.157266	11.750892
1.166324	-0.661952	1.687479	-1.065763	-0.115846	-0.429104	0.316226	0.157123	11.750930
-1.154630	1.115050	1.752903	-1.063771	-0.117062	-0.429763	0.316034	0.156981	11.750969
-1.136596	0.803410	1.533955	-0.999294	-0.130903	-0.441013	0.312324	0.154492	11.751628
0.094290	-0.168095	-0.150293	-0.871906	-0.132430	-0.452070	0.307836	0.151939	11.752287
1.020314	-1.635152	-1.897726	-0.608330	-0.119390	-0.465453	0.301041	0.148630	11.753119
1.070420	-1.907069	-0.981743	-0.228959	-0.093498	-0.477139	0.292955	0.145227	11.753951
-1.071332	-0.010942	-0.976490	-0.227963	-0.093425	-0.477164	0.292934	0.145218	11.753953
1.072256	1.908118	-0.971158	-0.226954	-0.093351	-0.477189	0.292913	0.145210	11.753955
-1.519260	-1.444131	1.223383	0.159604	-0.063167	-0.485058	0.284663	0.142126	11.754690
2.099934	-2.167032	1.756625	0.542176	-0.029249	-0.489704	0.275360	0.138973	11.755426
-2.742731	2.276752	-0.367517	0.888375	0.007460	-0.490120	0.264339	0.135562	11.756204
3.311913	-2.375027	-1.546696	1.119013	0.041546	-0.484867	0.252088	0.132079	11.756983
-3.739408	2.409388	0.393681	1.181838	0.070233	-0.472407	0.238152	0.128419	11.757785
0.604605	-2.360085	1.308916	1.029763	0.089027	-0.451720	0.222928	0.124690	11.758587
3.957275	-2.313658	1.272782	1.016841	0.089632	-0.450537	0.222187	0.124514	11.758624
1.034137	-2.205919	1.228484	1.003392	0.090212	-0.449334	0.221445	0.124338	11.758661
-3.934560	2.286062	-0.360357	0.659774	0.096384	-0.422686	0.206910	0.120986	11.759369
3.732307	-2.238553	-1.129506	0.188598	0.093377	-0.388683	0.191510	0.117585	11.760075
-3.315253	2.157890	-0.151606	-0.423567	0.078913	-0.340630	0.172630	0.113579	11.760895
1.045350	-1.150931	0.864438	-0.943384	0.053706	-0.284527	0.152769	0.109514	11.761714
2.742890	-1.542790	0.892515	-0.960949	0.052394	-0.281943	0.151891	0.109338	11.761750
-0.986958	-1.891634	0.918989	-0.977987	0.051063	-0.279347	0.151011	0.109161	11.761785
-2.202653	1.491683	1.006330	-1.201867	0.020842	-0.224909	0.133072	0.105599	11.762492
-0.202291	0.726947	0.125105	-1.197716	-0.015841	-0.166327	0.114544	0.101999	11.763198
-0.109697	-0.489382	-1.038300	-0.941993	-0.065170	-0.094616	0.092467	0.097789	11.764014
1.018472	0.270898	-0.990678	-0.480704	-0.117004	-0.020489	0.069790	0.093535	11.764829
-1.013582	0.200542	-0.947667	-0.455680	-0.119402	-0.016979	0.068711	0.093334	11.764867
-0.634886	0.109336	-0.901234	-0.430451	-0.121793	-0.013468	0.067630	0.093132	11.764906
1.034095	-0.440017	0.244544	0.057064	-0.163665	0.051199	0.047507	0.089404	11.765612
-1.199658	1.260485	1.133938	0.533589	-0.198697	0.114780	0.027079	0.085646	11.766316
-1.023595	1.535755	1.189323	0.968332	-0.225988	0.185344	0.003303	0.081294	11.767125
1.669146	-2.211657	0.071352	1.195518	-0.234549	0.252103	-0.020692	0.076910	11.767933
-1.675271	-2.405223	0.012264	1.200576	-0.234421	0.254876	-0.021729	0.076721	11.767967
-0.612183	-2.578018	-0.046726	1.205264	-0.234249	0.257640	-0.022765	0.076532	11.768002
1.738610	-2.794758	-1.047196	1.224229	-0.220566	0.313044	-0.044397	0.072574	11.768725
-1.710466	-1.571103	-1.161190	1.111897	-0.188347	0.363940	-0.066046	0.068597	11.769446
-1.677347	3.228297	-0.684062	0.871655	-0.134502	0.414259	-0.089895	0.064185	11.770241
1.615287	0.808704	-0.247264	0.553974	-0.065655	0.457669	-0.113581	0.059756	11.771034
-1.615769	0.326401	-0.235785	0.543081	-0.063258	0.458933	-0.114334	0.059614	11.771059
1.616365	-0.156389	-0.224435	0.532158	-0.060850	0.460189	-0.115086	0.059472	11.771084
1.601951	-2.696215	0.042323	0.229884	0.008143	0.491220	-0.135400	0.055620	11.771770
-1.744874	1.259231	0.253203	-0.066812	0.082183	0.515987	-0.155453	0.051761	11.772454
1.298217	1.611908	0.459622	-0.402809	0.173601	0.536738	-0.179048	0.047129	11.773272
1.721721	-0.959500	0.567818	-0.710196	0.263437	0.546993	-0.202082	0.042494	11.774087
-1.718368	-0.984917	0.566959	-0.715701	0.265096	0.547081	-0.202513	0.042406	11.774102
-0.613665	-1.007255	0.565940	-0.721193	0.266751	0.547164	-0.202944	0.042318	11.774118
1.494230	-0.132895	0.393628	-0.946285	0.337346	0.546685	-0.221802	0.038415	11.774802
0.115429	0.339572	0.120918	-1.116203	0.400417	0.537689	-0.240142	0.034515	11.775484
-0.147453	-0.187736	-0.089032	-1.207082	0.460282	0.516028	-0.260695	0.030004	11.776271
-0.576207	-0.104787	-0.150238	-1.143356	0.502249	0.481812	-0.280474	0.025503	11.777056
0.569549	-0.059337	-0.149985	-1.136709	0.503584	0.480106	-0.281286	0.025314	11.777089
-0.563284	-0.009650	-0.149523	-1.129722	0.504884	0.478379	-0.282096	0.025126	11.777122
-0.444315	0.353705	-0.087817	-0.914357	0.523721	0.437851	-0.298527	0.021235	11.777800
0.617966	-0.637522	0.056754	-0.585602	0.526378	0.388515	-0.314319	0.017357	11.778475
-0.880520	-0.902723	0.134450	-0.109870	0.507225	0.322436	-0.331614	0.012927	11.779248
1.266861	1.284745	-0.032498	0.410075	0.461506	0.248047	-0.347995	0.008519	11.780017
-1.286673	1.083107	-0.045407	0.432744	0.458762	0.244518	-0.348714	0.008320	11.780052
-0.589724	0.862875	-0.058672	0.455221	0.455960	0.240979	-0.349430	0.008122	11.780086
1.644289	-1.319069	-0.342000	0.842272	0.388546	0.169407	-0.363042	0.004250	11.780763
2.174487	-2.097454	-0.495761	1.069085	0.295753	0.094317	-0.375880	0.000402	11.781438
1.084696	-2.575988	-0.236686	1.059912	0.161902	0.007737	-0.389299	-0.003875	11.782190
-1.675282	2.681991	0.507997	0.828291	0.006735	-0.079719	-0.401679	-0.008116	11.782938
-3.126244	2.922725	0.551956	0.811658	-0.001750	-0.084298	-0.402299	-0.008337	11.782977
-1.917649	3.137326	0.595752	0.794668	-0.010257	-0.088874	-0.402916	-0.008559	11.783017
3.616830	-4.120954	1.337980	0.010745	-0.324914	-0.254990	-0.423780	-0.016740	11.784472
-3.287311	0.489498	-0.775298	-0.674118	-0.567690	-0.402520	-0.440212	-0.024744	11.785913
3.275988	1.147195	-0.805621	-0.679883	-0.569965	-0.404274	-0.440398	-0.024848	11.785932
0.154116	1.795824	-0.835671	-0.685536	-0.572213	-0.406024	-0.440582	-0.024953	11.785951
-2.908263	3.282842	-0.911101	-0.699459	-0.577832	-0.410480	-0.441052	-0.025219	11.785999
-3.202308	4.391691	-0.984203	-0.712579	-0.583253	-0.414899	-0.441516	-0.025485	11.786048
-1.652059	4.970727	-1.609595	-0.798090	-0.629928	-0.462736	-0.446455	-0.028524	11.786601
1.579630	-3.384379	-1.746933	-0.739572	-0.644866	-0.504671	-0.450668	-0.031531	11.787153
1.646972	-4.718137	-1.018531	-0.417790	-0.614549	-0.550410	-0.455134	-0.035497	11.787886
-1.284720	4.233133	0.602664	0.037885	-0.532867	-0.584248	-0.458232	-0.039399	11.788615
1.277862	3.734643	0.668763	0.058593	-0.528076	-0.585505	-0.458339	-0.039574	11.788648
-1.271975	3.204732	0.732617	0.079166	-0.523195	-0.586739	-0.458444	-0.039749	11.788681
1.318443	-0.235539	1.510740	0.423358	-0.413265	-0.605965	-0.459882	-0.043074	11.789310
-1.710015	-2.886464	1.380433	0.604227	-0.275510	-0.617036	-0.460232	-0.046346	11.789936
-1.868630	-0.145022	0.199334	0.576785	-0.088839	-0.620183	-0.459253	-0.050057	11.790654
0.102922	1.367691	-0.863747	0.340623	0.113480	-0.613539	-0.456778	-0.053692	11.791368
1.976259	1.087922	-0.893990	0.318322	0.127420	-0.612732	-0.456553	-0.053940	11.791417
-1.968602	0.755290	-0.916684	0.295369	0.141310	-0.611879	-0.456321	-0.054188	11.791466
1.724704	-0.847164	-0.718611	-0.015242	0.302341	-0.598025	-0.452945	-0.057180	11.792063
1.194450	-0.586909	-0.075648	-0.305416	0.436805	-0.577944	-0.448580	-0.060117	11.792656
-0.737200	0.449531	0.481854	-0.464006	0.538829	-0.546404	-0.442157	-0.063538	11.793356
0.013052	-0.521191	0.239849	-0.305246	0.558719	-0.506997	-0.434443	-0.066883	11.794051
0.336378	-0.474719	0.211505	-0.289221	0.557484	-0.504537	-0.433968	-0.067070	11.794090
-0.325533	-0.400158	0.182604	-0.272700	0.556013	-0.502052	-0.433489	-0.067258	11.794130
0.308927	0.423882	-0.234613	0.005319	0.507802	-0.462140	-0.425857	-0.070030	11.794715
-0.502285	1.029396	-0.361956	0.258371	0.417092	-0.417461	-0.417378	-0.072750	11.795297
0.867816	-1.434514	0.049619	0.424159	0.268442	-0.359342	-0.406323	-0.075892	11.795978
-1.225471	-0.382905	0.396611	0.385321	0.091411	-0.296262	-0.394192	-0.078962	11.796654
1.238116	-0.090355	0.404815	0.378166	0.083552	-0.293465	-0.393649	-0.079092	11.796683
-0.243554	0.199212	0.412402	0.370529	0.075691	-0.290662	-0.393105	-0.079221	11.796712
-1.507420	2.190652	0.383936	0.123124	-0.087102	-0.230293	-0.381270	-0.081909	11.797314
-1.524074	0.144575	-0.040990	-0.188838	-0.233215	-0.167381	-0.368658	-0.084540	11.797911
1.527434	-2.482428	-0.432766	-0.425555	-0.350609	-0.097613	-0.354268	-0.087306	11.798548
-1.478371	-0.874524	-0.257210	-0.425917	-0.408905	-0.026498	-0.339080	-0.090007	11.799180
-0.403641	-0.793070	-0.228934	-0.417799	-0.410747	-0.021428	-0.337974	-0.090196	11.799225
-0.268779	-0.731455	-0.199550	-0.408794	-0.412297	-0.016356	-0.336865	-0.090384	11.799270
1.410839	-0.167126	0.180653	-0.238489	-0.409173	0.046113	-0.322921	-0.092678	11.799815
-1.364021	1.959842	0.357890	-0.001296	-0.370477	0.108433	-0.308449	-0.094922	11.800357
1.351570	0.551074	0.041995	0.274880	-0.289976	0.181203	-0.290752	-0.097506	11.800990
-1.416406	-1.272743	-0.375530	0.423073	-0.184122	0.252641	-0.272423	-0.100023	11.801617
1.421060	-0.998526	-0.384824	0.424202	-0.179540	0.255465	-0.271677	-0.100123	11.801642
0.296284	-0.711935	-0.393139	0.424869	-0.174940	0.258287	-0.270929	-0.100222	11.801667
-1.567540	1.033854	-0.249034	0.338277	-0.070691	0.319244	-0.254332	-0.102371	11.802212
1.750291	-0.943473	0.478278	0.124734	0.035070	0.378275	-0.237331	-0.104470	11.802751
-1.957279	1.008808	0.755360	-0.145140	0.145143	0.442456	-0.217588	-0.106792	11.803358
2.111005	0.670753	-0.087034	-0.325365	0.230690	0.503042	-0.197429	-0.109051	11.803959
-1.382952	0.505175	-0.138721	-0.330597	0.233710	0.505656	-0.196519	-0.109150	11.803985
-2.120435	0.335806	-0.190686	-0.335575	0.236651	0.508260	-0.195609	-0.109250	11.804012
1.780205	-1.503003	-1.116416	-0.382414	0.278130	0.557669	-0.177586	-0.111175	11.804533
2.193072	-0.519141	-1.439088	-0.332144	0.287934	0.603407	-0.159328	-0.113052	11.805049
-2.217237	2.105423	-0.934342	-0.171409	0.264304	0.650570	-0.138181	-0.115143	11.805634
1.669192	-0.408146	0.350051	0.037709	0.210170	0.690675	-0.116830	-0.117171	11.806212
2.312060	-0.528621	0.417014	0.047276	0.207065	0.692321	-0.115845	-0.117263	11.806238
-2.318918	-0.640921	0.483997	0.056782	0.203911	0.693949	-0.114858	-0.117354	11.806265
0.761402	-2.635128	1.654781	0.217225	0.134917	0.721435	-0.095928	-0.119084	11.806767
2.724665	-2.658460	2.307272	0.302185	0.052408	0.741634	-0.076925	-0.120766	11.807264
-2.994910	0.928067	2.271641	0.266635	-0.050997	0.755155	-0.055381	-0.122614	11.807819
3.215547	2.585888	1.198188	0.133832	-0.154081	0.758150	-0.033848	-0.124402	11.808368
0.342504	2.435275	1.121141	0.126587	-0.158520	0.758026	-0.032880	-0.124481	11.808392
-3.230960	2.269564	1.041608	0.119280	-0.162932	0.757881	-0.031911	-0.124560	11.808417
-0.768936	-0.983258	-0.819563	-0.030664	-0.243754	0.750114	-0.012585	-0.126115	11.808904
3.377280	-2.253601	-2.313350	-0.156173	-0.304442	0.732769	0.006667	-0.127623	11.809384
2.272664	-0.403794	-2.362865	-0.210423	-0.337029	0.702654	0.027393	-0.129202	11.809898
-2.692248	1.942575	-0.874232	-0.144863	-0.327071	0.660375	0.047993	-0.130727	11.810404
-3.304905	1.806947	-0.731888	-0.137493	-0.324996	0.657216	0.049328	-0.130824	11.810436
-1.589493	1.612301	-0.585108	-0.129864	-0.322758	0.654008	0.050661	-0.130921	11.810469
3.240659	-1.893587	1.309951	-0.012730	-0.277643	0.606353	0.068542	-0.132205	11.810905
-3.178345	1.898760	1.761856	0.096072	-0.207823	0.551037	0.086297	-0.133448	11.811335
-1.801727	1.460348	0.347426	0.157661	-0.096863	0.475303	0.107615	-0.134901	11.811848
2.588111	-1.735756	-1.123623	0.126179	0.035920	0.391760	0.128708	-0.136295	11.812353
2.988550	-1.762914	-1.137727	0.124342	0.039109	0.389811	0.129178	-0.136326	11.812365
2.426707	-1.786430	-1.150561	0.122454	0.042305	0.387859	0.129649	-0.136357	11.812376
0.209247	-0.754851	-0.889770	0.024282	0.166627	0.312505	0.147242	-0.137486	11.812795
-2.699052	1.303076	0.008420	-0.086728	0.291479	0.234117	0.164645	-0.138576	11.813207
0.665587	1.176456	0.490218	-0.153246	0.421780	0.141417	0.184464	-0.139782	11.813676
2.082461	-0.444140	0.013779	-0.098387	0.523374	0.047908	0.203992	-0.140937	11.814135
1.221642	-0.515683	-0.016109	-0.093964	0.527093	0.043773	0.204851	-0.140987	11.814156
-2.045605	-0.574523	-0.045843	-0.089439	0.530745	0.039637	0.205709	-0.141037	11.814176
1.647260	0.471931	-0.326413	0.006884	0.587754	-0.040853	0.222400	-0.141994	11.814568
-1.224645	-0.588564	0.329440	0.087605	0.615368	-0.119821	0.238842	-0.142912	11.814953
0.790547	0.948746	0.484440	0.168615	0.607562	-0.208682	0.257554	-0.143928	11.815391
-0.514450	0.556155	-0.413995	0.251216	0.555826	-0.294217	0.275894	-0.144893	11.815821
-0.248635	0.332358	-0.453350	0.254245	0.552844	-0.297651	0.276639	-0.144932	11.815838
0.501922	0.101619	-0.491688	0.257217	0.549802	-0.301077	0.277383	-0.144970	11.815855
-0.469831	-1.731438	-0.828627	0.301213	0.471957	-0.371887	0.292946	-0.145763	11.816220
0.590304	1.877932	0.053234	0.288074	0.371877	-0.439430	0.308197	-0.146520	11.816577
-0.683305	-0.725359	1.022088	0.158082	0.235056	-0.512539	0.325313	-0.147343	11.816980
-1.186349	-1.741391	0.985126	-0.112833	0.079054	-0.580374	0.341980	-0.148118	11.817373
1.200094	-1.439880	0.951428	-0.125525	0.072366	-0.583012	0.342647	-0.148149	11.817388
0.827955	-1.129544	0.914986	-0.138268	0.065652	-0.585641	0.343314	-0.148179	11.817404
-0.698157	1.665914	-0.139579	-0.404376	-0.082504	-0.639207	0.357309	-0.148809	11.817736
-1.735068	1.071146	-0.751824	-0.601139	-0.239187	-0.688087	0.370939	-0.149403	11.818060
1.923413	-1.723326	-0.622605	-0.645230	-0.433974	-0.739879	0.386727	-0.150068	11.818439
-0.708603	0.989090	0.058549	-0.462966	-0.630653	-0.783934	0.401952	-0.150685	11.818807
-1.953511	1.385655	0.067939	-0.457729	-0.634207	-0.784670	0.402227	-0.150696	11.818814
1.952212	1.777937	0.077011	-0.452431	-0.637757	-0.785404	0.402503	-0.150707	11.818820
-1.827667	1.355875	0.204001	-0.154630	-0.791859	-0.815527	0.414722	-0.151183	11.819119
1.609363	-1.658363	0.028945	0.225149	-0.928296	-0.839543	0.426520	-0.151627	11.819410
-1.299503	-0.241599	-0.105049	0.670538	-1.057179	-0.859796	0.440067	-0.152115	11.819749
1.024863	1.040437	-0.004930	0.989542	-1.135681	-0.870277	0.452975	-0.152559	11.820078
-0.894301	1.037631	-0.000853	0.993307	-1.136504	-0.870368	0.453190	-0.152566	11.820083
-1.017242	1.033729	0.003299	0.997000	-1.137307	-0.870456	0.453404	-0.152573	11.820089
0.887744	0.107450	0.255507	1.087791	-1.152247	-0.871051	0.463746	-0.152910	11.820356
0.205419	-0.349419	0.387528	0.964389	-1.115264	-0.864402	0.473644	-0.153215	11.820616
-1.188100	0.132946	0.042292	0.533588	-1.010762	-0.848380	0.484537	-0.153530	11.820907
1.822162	-0.248634	-0.727271	-0.088317	-0.846217	-0.824339	0.494853	-0.153805	11.821187
-1.861007	-0.107218	-0.755840	-0.118928	-0.837329	-0.823059	0.495313	-0.153816	11.821200
0.804973	0.026223	-0.782775	-0.149603	-0.828328	-0.821764	0.495772	-0.153828	11.821212
2.760305	0.757851	-0.851263	-0.719057	-0.638913	-0.794774	0.504176	-0.154030	11.821445
-3.645691	0.340000	0.083398	-1.197739	-0.414161	-0.763213	0.512162	-0.154203	11.821670
4.345132	-2.378258	1.177651	-1.451280	-0.115176	-0.721748	0.520896	-0.154367	11.821922
0.320963	-1.590100	0.544342	-1.197772	0.215264	-0.675950	0.529081	-0.154494	11.822162
-4.277674	-1.159572	0.482420	-1.173949	0.230312	-0.673833	0.529431	-0.154499	11.822173
4.250201	-0.690321	0.418681	-1.149107	0.245365	-0.671711	0.529780	-0.154504	11.822183
-3.329929	3.350191	-0.986499	-0.496777	0.539114	-0.629057	0.536391	-0.154581	11.822382
1.955146	-3.103890	-1.808973	0.324752	0.820491	-0.584574	0.542600	-0.154631	11.822574
-0.994137	-2.853121	2.302540	1.622329	1.338480	-0.475710	0.555716	-0.154644	11.822995
-1.180263	0.694658	-1.826626	0.540004	1.513784	-0.368441	0.566674	-0.154515	11.823374
1.354240	-0.726623	-2.412033	0.487890	1.513607	-0.365548	0.566949	-0.154509	11.823384
-1.533903	0.763631	-2.639809	0.435343	1.513170	-0.362665	0.567223	-0.154504	11.823394
1.617358	0.277965	-2.529670	0.411008	1.512881	-0.361340	0.567349	-0.154501	11.823398
-1.700406	-0.803520	-2.295808	0.386595	1.512538	-0.360017	0.567474	-0.154498	11.823403
-0.753238	-0.794848	-1.652622	0.341469	1.511761	-0.357586	0.567704	-0.154493	11.823411
1.998165	0.890917	-0.900069	0.296146	1.510800	-0.355161	0.567932	-0.154488	11.823419
-3.685580	-1.514261	2.676727	-0.341661	1.477631	-0.321469	0.571044	-0.154408	11.823535
4.678767	-3.009445	-0.848292	-0.900240	1.409144	-0.289065	0.573924	-0.154314	11.823645
-0.773709	2.939712	-2.595447	-1.458820	1.255925	-0.245595	0.577593	-0.154156	11.823793
-4.707059	5.077003	-1.357827	-1.686886	1.040523	-0.204645	0.580811	-0.153970	11.823931
-2.621169	4.834231	-0.762271	-1.614126	0.760242	-0.165139	0.583659	-0.153749	11.824063
2.102647	-3.503576	-0.402817	-1.301550	0.431244	-0.128211	0.586045	-0.153501	11.824186
2.695376	-3.757114	-0.387575	-1.282615	0.415150	-0.126572	0.586144	-0.153489	11.824191
1.962095	-3.881335	-0.372670	-1.263340	0.398985	-0.124938	0.586242	-0.153477	11.824196
-1.911378	2.876066	0.083037	-0.851727	0.086951	-0.095506	0.587891	-0.153240	11.824293
1.474191	-2.050143	1.202753	-0.372598	-0.239874	-0.067908	0.589212	-0.152983	11.824382
-1.352459	-0.116046	1.512269	0.206751	-0.626631	-0.038041	0.590342	-0.152660	11.824477
1.475639	1.456506	0.636502	0.742457	-1.005831	-0.010581	0.591041	-0.152311	11.824562
0.285346	1.025262	0.575519	0.765394	-1.022980	-0.009365	0.591063	-0.152295	11.824566
-1.489817	0.581877	0.513323	0.788114	-1.040067	-0.008156	0.591084	-0.152278	11.824569
1.599462	-1.595967	-0.614704	1.174138	-1.351703	0.013752	0.591312	-0.151951	11.824635
1.484190	1.246752	-0.969876	1.458384	-1.635130	0.033880	0.591221	-0.151606	11.824694
-0.304079	2.029700	-0.603152	1.636985	-1.914095	0.054797	0.590729	-0.151189	11.824752
-1.668891	-0.870015	-0.015628	1.690958	-2.138974	0.073459	0.589829	-0.150749	11.824801
-0.058259	-1.061402	0.008707	1.691233	-2.147436	0.074214	0.589781	-0.150729	11.824803
1.666523	-1.246939	0.032751	1.691373	-2.155790	0.074965	0.589732	-0.150710	11.824804
-1.638237	-2.369943	0.426267	1.671649	-2.304200	0.089369	0.588581	-0.150303	11.824839
1.612894	-1.430445	0.561720	1.630753	-2.412425	0.102100	0.587126	-0.149878	11.824866
-2.558285	-0.702329	0.529049	1.581885	-2.489047	0.114501	0.585122	-0.149379	11.824888
-3.213102	-0.654716	0.486806	1.536022	-2.520297	0.124848	0.582743	-0.148858	11.824900
