160.691230	-213.349430	-233.609900	141.032308	-430.880766	697.920951	175.190066	-36.524298	-101.659049
104.378511	-201.250988	-231.551757	141.040897	-433.800674	699.536120	175.510051	-36.760549	-101.613501
66.594370	-180.302139	-228.919234	140.128809	-437.033423	701.009311	175.817793	-36.996178	-101.565950
26.161530	-140.653932	-224.367850	137.297446	-441.932556	702.790674	176.218484	-37.317242	-101.497700
-17.436353	-92.737305	-218.746521	132.562523	-447.340616	704.300127	176.595896	-37.637094	-101.425682
-1.350487	-90.461732	-218.467476	132.302077	-447.597182	704.362088	176.612460	-37.651573	-101.422326
17.146843	-88.200699	-218.186605	132.037833	-447.854514	704.423440	176.628964	-37.666041	-101.418964
-1.516434	-50.686818	-212.443896	126.221734	-452.951857	705.487541	176.935377	-37.942317	-101.353150
-2.478309	-23.323231	-206.067774	118.977241	-458.358019	706.341564	177.223944	-38.217638	-101.284482
-7.371313	-3.292103	-198.105972	108.937637	-464.913931	707.060752	177.533523	-38.533032	-101.201980
5.363457	6.498484	-189.667072	97.158086	-471.785442	707.495188	177.819102	-38.847130	-101.115674
4.755119	6.897705	-189.258672	96.557938	-472.118374	707.508657	177.832048	-38.861996	-101.111486
-5.274164	7.268131	-188.849465	95.953743	-472.452112	707.521485	177.844948	-38.876868	-101.107286
5.277192	7.413094	-181.269210	84.307609	-478.636598	707.640872	178.070619	-39.147600	-101.029182
-3.633777	8.169649	-173.296513	71.530334	-484.984373	707.541365	178.278046	-39.417371	-100.948208
-7.926552	11.092478	-162.867540	55.416628	-492.500513	707.149043	178.495546	-39.728746	-100.850791
9.008001	5.700016	-150.291739	37.974426	-500.142371	706.455522	178.688605	-40.038885	-100.749496
-2.801324	4.607210	-149.514769	36.944235	-500.580079	706.406906	178.698860	-40.056502	-100.743613
-9.052531	3.460743	-148.731983	35.910190	-501.018023	706.357300	178.709037	-40.074115	-100.737718
8.818805	-10.764296	-136.389145	19.976387	-507.600688	705.495224	178.852079	-40.337536	-100.647891
-0.186322	-14.961384	-123.176506	3.285552	-514.203031	704.408438	178.977514	-40.600166	-100.555223
-6.602094	-12.144500	-107.101741	-16.979208	-521.900483	702.850672	179.101853	-40.906071	-100.443337
-1.704709	-9.067054	-90.379769	-37.828015	-529.532504	700.978865	179.202327	-41.210988	-100.327550
5.785040	-8.866349	-89.598613	-38.793412	-529.879895	700.885491	179.206361	-41.224939	-100.322149
-5.775356	-8.644614	-88.816752	-39.758845	-530.226809	700.791512	179.210343	-41.238878	-100.316744
3.394034	-1.578747	-73.718230	-58.226227	-536.774726	698.875594	179.276606	-41.503751	-100.212332
7.100958	9.222636	-58.241777	-76.765101	-543.199186	696.715260	179.324850	-41.767924	-100.104931
-8.854462	19.190026	-40.020479	-98.000871	-550.406307	693.919378	179.358142	-42.071474	-99.977454
10.812030	8.553625	-21.903732	-118.858363	-557.355480	690.791573	179.367594	-42.374096	-99.845987
-3.807659	7.590933	-21.166527	-119.732901	-557.644447	690.651180	179.367468	-42.386941	-99.840309
-10.973879	6.598088	-20.433799	-120.606238	-557.932853	690.510180	179.367299	-42.399785	-99.834623
8.837788	-14.014307	-6.635153	-138.390553	-563.797831	687.439174	179.354036	-42.666543	-99.714729
13.417113	-15.027963	3.123653	-155.063677	-569.383956	684.102402	179.322183	-42.932571	-99.591689
-13.365527	11.981040	6.567377	-171.519750	-575.221863	680.079522	179.265006	-43.227314	-99.451265
11.749234	-1.183086	-1.517000	-184.663080	-580.624942	675.721273	179.184928	-43.521136	-99.306930
-6.768841	-2.411365	-2.043485	-185.203758	-580.878854	675.497998	179.180395	-43.535576	-99.299723
-11.492585	-3.564672	-2.568071	-185.733435	-581.131591	675.273900	179.175806	-43.550014	-99.292507
2.305552	-5.702784	-9.536683	-193.209640	-585.457890	671.115208	179.084119	-43.808537	-99.161489
5.545228	4.258373	-6.660070	-196.166381	-589.371780	666.689305	178.974628	-44.066327	-99.027401
-2.961615	2.284582	6.429509	-192.027155	-593.291908	661.274012	178.826968	-44.361426	-98.869635
-4.540638	-6.846546	14.246503	-177.506769	-596.445555	655.497328	178.655882	-44.655549	-98.707788
-3.540566	-6.898871	14.043457	-176.502000	-596.575654	655.209496	178.647039	-44.669709	-98.699880
4.889988	-6.796374	13.763424	-175.466883	-596.703690	654.920625	178.638136	-44.683875	-98.691956
-9.826501	10.813214	0.149552	-152.099416	-598.613798	649.608244	178.469699	-44.936872	-98.548625
15.220571	-4.591757	-15.306779	-120.125303	-599.741689	644.016258	178.283846	-45.189128	-98.402232
25.025700	-21.961676	-19.132881	-72.449858	-599.938909	637.014850	178.040926	-45.487271	-98.224665
-30.333360	0.158695	-0.486849	-17.019388	-598.754814	629.603012	177.773591	-45.784331	-98.042775
-13.806762	2.638596	0.437458	-14.818412	-598.680403	629.312611	177.762931	-45.795619	-98.035765
30.528959	5.186954	1.363381	-12.613532	-598.603761	629.021600	177.752236	-45.806905	-98.028748
-30.504859	32.500545	19.356350	37.264094	-596.279444	622.330423	177.502955	-46.059745	-97.869643
27.264041	-29.577464	24.320448	85.660678	-592.734374	615.328415	177.235904	-46.311776	-97.707363
22.083792	-36.829335	17.252301	135.723455	-587.048422	606.912231	176.907657	-46.599927	-97.517258
-14.819861	11.372099	4.816914	178.438709	-579.505030	598.087933	176.556054	-46.887016	-97.322933
7.746793	12.986607	4.281952	179.961337	-579.168797	597.732828	176.541759	-46.898276	-97.315210
14.351230	14.538063	3.745052	181.472057	-578.829481	597.377097	176.527429	-46.909535	-97.307480
-9.786662	34.264188	-8.326590	211.955990	-570.469591	589.303576	176.199411	-47.159505	-97.133877
-4.817904	23.362515	-19.566462	236.329757	-560.492954	580.921437	175.853601	-47.408640	-96.957033
3.325073	-4.905911	-30.333633	256.105133	-547.242303	571.136289	175.443692	-47.687668	-96.754378
-1.098584	-21.674857	-38.494079	267.448276	-531.729248	560.972222	175.011343	-47.965632	-96.547595
-0.552116	-21.855003	-38.872996	267.839558	-530.760234	560.372263	174.985624	-47.981693	-96.535496
0.873773	-21.945087	-39.241001	268.201341	-529.783398	559.771057	174.959829	-47.997750	-96.523383
-0.510783	-16.363272	-43.314376	270.012967	-513.903417	550.435239	174.556564	-48.242530	-96.336664
-0.569959	-7.203836	-43.631440	264.705316	-496.272061	540.813326	174.135806	-48.486457	-96.146701
-0.756119	-0.191015	-37.938632	249.735224	-473.938555	529.391959	173.629967	-48.766104	-95.924062
-1.192451	9.281086	-25.008610	226.071000	-449.579708	517.604237	173.101014	-49.044601	-95.697099
1.330036	9.195667	-24.320275	224.936774	-448.544650	517.115287	173.078927	-49.055947	-95.687741
-1.705970	9.041531	-23.619540	223.790101	-447.506513	516.625738	173.056802	-49.067291	-95.678375
-5.280191	-4.074817	-6.936138	197.273701	-425.237455	506.308913	172.587921	-49.302783	-95.481944
10.589828	-10.518143	11.257717	166.231054	-401.747368	495.737270	172.102413	-49.537432	-95.282375
-18.377114	13.989566	32.802294	124.567255	-372.374371	482.841704	171.503536	-49.815320	-95.040991
26.320369	-17.399152	59.153935	78.920237	-341.600925	469.598611	170.881211	-50.091996	-94.795143
27.296695	-18.460043	60.267351	76.913092	-340.262359	469.027187	170.854196	-50.103748	-94.784577
8.755873	-19.378909	61.371565	74.900552	-338.920641	468.454742	170.827119	-50.115506	-94.773995
-41.719190	29.486802	79.509798	-16.363170	-276.662220	442.140257	169.568404	-50.640834	-94.290775
45.303962	21.505791	-1.793456	-100.930471	-211.224334	414.631671	168.224336	-51.161602	-93.791080
26.569970	19.305892	-3.163755	-101.960856	-210.369706	414.271276	168.206543	-51.168251	-93.784563
13.522762	17.045623	-4.536333	-102.991270	-209.513712	413.910250	168.188713	-51.174909	-93.778036
-18.704838	13.018577	-6.932183	-104.786497	-208.019164	413.279772	168.157565	-51.186525	-93.766638
-44.932899	8.971171	-9.327433	-106.578004	-206.523670	412.648719	168.126374	-51.198138	-93.755231
41.081683	-38.285322	-51.371208	-138.869239	-178.892268	400.951503	167.545635	-51.411120	-93.544154
13.057240	-7.065370	-84.559084	-170.092557	-151.031198	389.063383	166.950447	-51.623320	-93.330247
-27.375298	38.986763	-110.065699	-207.376727	-116.497135	374.150428	166.196859	-51.883822	-93.062649
21.077369	-10.867270	-118.866538	-243.453985	-81.909690	358.959917	165.421419	-52.143086	-92.790756
6.762668	-13.402092	-118.933282	-245.374562	-80.027430	358.124675	165.378555	-52.157172	-92.775823
-20.591584	-15.744573	-118.962555	-247.289621	-78.145514	357.288627	165.335627	-52.171254	-92.760878
-5.401624	-38.251096	-114.792442	-277.788217	-47.311286	343.444040	164.621351	-52.401986	-92.513599
18.434624	-37.047948	-103.966755	-305.927810	-16.692806	329.387124	163.889615	-52.631700	-92.262873
8.719942	-18.290209	-85.861987	-333.611093	17.117967	313.436579	163.051466	-52.887123	-91.978674
-23.027597	15.118452	-61.381006	-356.571420	50.352435	297.233448	162.191602	-53.141227	-91.690177
5.723770	17.443556	-59.756503	-357.746009	52.249054	296.290974	162.141327	-53.155847	-91.673400
23.321817	19.754490	-58.107604	-358.904090	54.143191	295.347681	162.090980	-53.170464	-91.656609
-4.415456	41.729672	-29.235592	-374.751868	83.206599	280.600525	161.300170	-53.396780	-91.394116
-26.860783	19.367425	4.797883	-386.569995	111.573688	265.659999	160.491937	-53.622017	-91.128156
28.050621	-45.331506	41.247872	-395.099406	142.865831	248.476665	159.553655	-53.876292	-90.822139
-28.749185	-24.813644	67.720662	-398.463325	173.164404	231.057389	158.593022	-54.129122	-90.511668
1.091021	-21.987079	68.450880	-398.486778	174.151208	230.476115	158.560803	-54.137476	-90.501302
28.781455	-19.043461	69.174741	-398.504610	175.137794	229.894054	158.528529	-54.145836	-90.490922
-29.115472	45.689786	86.350760	-396.969958	200.513021	214.594781	157.676427	-54.363733	-90.217922
29.476714	-1.656876	103.196810	-391.583455	225.078397	199.127816	156.807571	-54.580501	-89.941582
27.338642	-38.886907	130.062752	-380.562175	252.412257	181.047082	155.782456	-54.829621	-89.618016
-31.848528	-20.394543	171.653335	-364.403189	278.552186	162.754729	154.735011	-55.077176	-89.289996
11.702775	-18.249469	173.759033	-363.538262	279.722341	161.910159	154.686399	-55.088501	-89.274833
32.045384	-16.007559	175.870495	-362.661937	280.890622	161.064597	154.637708	-55.099829	-89.259651
-34.385879	25.865515	215.406443	-343.512771	303.028967	144.571188	153.683501	-55.319001	-88.963173
18.912185	22.646811	243.744903	-320.289158	324.124252	127.920153	152.711599	-55.536883	-88.663166
40.239334	-3.140788	248.019556	-290.245805	345.972860	109.515559	151.627305	-55.773915	-88.330676
14.015212	-9.882147	217.523652	-255.694625	366.464551	90.933874	150.521855	-56.009347	-87.993964
-41.014542	-9.759711	215.136872	-253.934221	367.412557	90.038086	150.468290	-56.020601	-87.977705
-42.846745	-9.619236	212.665879	-252.165010	368.357307	89.141905	150.414677	-56.031851	-87.961436
-32.360477	-4.883064	152.806793	-217.490192	385.454713	72.272424	149.400777	-56.242018	-87.654701
-29.060762	3.156191	74.277519	-180.351155	401.364871	55.269803	148.369814	-56.450839	-87.344570
-0.530151	7.973685	-26.585875	-135.117725	418.228950	35.448991	147.156423	-56.690594	-86.981727
34.637621	-2.544836	-124.778734	-88.312981	433.388387	15.463322	145.920273	-56.928477	-86.614365
-9.740726	-3.218607	-127.658380	-86.839402	433.832672	14.838017	145.881390	-56.935858	-86.602846
-34.147061	-3.892102	-130.523003	-85.365223	434.275239	14.212559	145.842486	-56.943238	-86.591322
-5.141479	-13.700429	-202.935572	-44.097737	445.924833	-3.302063	144.747935	-57.148424	-86.267988
17.473540	-8.445274	-257.339432	-2.992265	456.193691	-20.930818	143.636221	-57.352139	-85.941255
3.887787	10.714116	-299.415721	42.707167	466.124481	-41.075292	142.353358	-57.581595	-85.566215
-6.369234	25.173095	-325.699638	86.679935	474.158944	-61.350527	141.048470	-57.809079	-85.186826
6.386774	25.315656	-326.342843	88.049636	474.382926	-61.998157	141.006560	-57.816289	-85.174675
4.291685	25.463894	-326.975707	89.416178	474.604709	-62.645293	140.964668	-57.823491	-85.162531
-9.858161	21.939015	-340.754504	126.664464	479.963294	-80.664862	139.792394	-58.022668	-84.823528
21.712145	-17.014615	-347.595747	162.720186	483.746466	-98.772033	138.602988	-58.220245	-84.481155
24.838243	-37.542658	-349.237803	201.934549	486.056472	-119.112623	137.252823	-58.439233	-84.094364
-29.754332	7.458671	-345.231914	240.054589	486.278159	-139.541573	135.881286	-58.656147	-83.703391
-0.637590	11.287483	-344.789225	241.864065	486.234895	-140.529942	135.814524	-58.666567	-83.684408
29.916881	15.091622	-344.315584	243.671592	486.186570	-141.519115	135.747670	-58.676989	-83.665403
-28.735871	49.758247	-329.393456	275.628947	484.445938	-159.343453	134.536196	-58.863667	-83.321776
-26.289822	19.188469	-299.859708	306.385388	481.016769	-177.201349	133.308581	-59.048724	-82.975002
17.469794	-64.824096	-249.970145	340.497793	474.808790	-198.046373	131.856181	-59.262509	-82.566525
-12.374227	-76.467671	-190.255757	372.429096	466.139004	-218.873920	130.381826	-59.474016	-82.153786
-5.207829	-76.247352	-187.651719	373.709481	465.722506	-219.741940	130.319841	-59.482790	-82.136475
12.125593	-76.017987	-185.042512	374.985529	465.301568	-220.609866	130.257817	-59.491559	-82.119156
-4.537631	-60.247866	-128.155863	401.299639	455.184095	-239.226494	128.916293	-59.678956	-81.745352
-8.571477	-26.391446	-71.134506	425.341195	443.000161	-257.773980	127.557217	-59.864447	-81.368166
-20.909241	22.899127	-10.432428	448.999522	427.076375	-278.202345	126.031766	-60.067588	-80.946554
-28.880187	73.249327	44.879650	469.202622	408.574142	-298.482668	124.484798	-60.268310	-80.520822
19.081978	75.055134	46.864262	469.907483	407.808965	-299.261037	124.424734	-60.275998	-80.504328
29.605157	76.862904	48.836354	470.606665	407.039922	-300.039134	124.364637	-60.283683	-80.487829
-7.661959	116.752817	89.515203	484.785914	388.722929	-317.459649	123.004866	-60.455515	-80.115204
-45.642806	132.907224	121.875771	495.849624	368.440553	-334.718812	121.629053	-60.625450	-79.739537
-31.074818	89.765223	148.530744	504.539062	342.151192	-354.741786	119.993725	-60.822457	-79.294729
50.860388	-23.448289	169.126099	508.268389	313.278141	-374.478447	118.336236	-61.016776	-78.845742
6.437689	-27.326842	169.728258	508.299416	312.382570	-375.060065	118.286654	-61.022507	-78.832339
-50.580645	-31.171186	170.332355	508.325713	311.484882	-375.641397	118.237053	-61.028236	-78.818933
1.146684	-112.134163	189.909968	506.925757	284.227017	-392.576255	116.772218	-61.195341	-78.423728
33.337730	-140.121622	216.660321	501.087209	255.363631	-409.241463	115.290555	-61.360327	-78.025376
7.754454	-126.485272	259.646875	488.623187	220.893559	-427.817854	113.586837	-61.545154	-77.569012
-17.763142	-89.028005	309.745055	469.463728	184.939248	-445.980728	111.861515	-61.727143	-77.108652
-9.109113	-87.506019	311.728472	468.576739	183.515977	-446.677918	111.794014	-61.734160	-77.090677
17.786083	-85.901342	313.710597	467.678826	182.090954	-447.374431	111.726481	-61.741171	-77.072696
1.633432	-16.817650	356.928790	444.590166	149.689119	-462.822560	110.202331	-61.897372	-76.667596
-32.775113	63.287436	394.402263	415.644006	116.621140	-477.904955	108.661785	-62.051336	-76.259494
-4.141631	98.746937	423.681724	374.854393	78.152503	-494.719131	106.875213	-62.225077	-75.787887
65.986246	81.379495	432.090120	325.817111	39.393011	-510.988004	105.067139	-62.395781	-75.312385
2.476753	80.055296	432.025482	323.972684	38.047600	-511.541930	105.004058	-62.401645	-75.295827
-67.094640	78.719934	431.939068	322.118858	36.702228	-512.095158	104.940951	-62.407505	-75.279265
-33.181288	52.138236	423.404935	273.745282	3.659181	-525.478830	103.380616	-62.550474	-74.870425
4.653800	36.468118	404.172105	220.698810	-29.159704	-538.418140	101.804624	-62.691164	-74.458777
54.983051	25.824682	371.172419	153.813582	-67.120385	-553.005011	99.935494	-62.853288	-73.972214
104.407153	15.482806	330.564072	83.415635	-104.190656	-566.915464	98.044938	-63.012163	-73.481860
0.501138	14.851547	328.498077	79.989415	-105.935049	-567.562886	97.954028	-63.019676	-73.458326
-104.816207	14.203551	326.423902	76.558941	-107.676657	-568.208680	97.863070	-63.027180	-73.434783
-44.676798	0.570288	287.338518	12.936050	-139.160475	-579.787606	96.181990	-63.163809	-73.000389
1.676158	-12.526516	248.238904	-50.998857	-169.479765	-590.791744	94.484345	-63.297847	-72.563100
62.199546	-19.730327	207.123452	-122.636051	-202.233292	-602.562981	92.536142	-63.446893	-72.062953
99.667007	-10.666554	172.867336	-191.722595	-232.896187	-613.527282	90.566757	-63.592481	-71.559162
4.425232	-9.857709	171.709731	-194.328692	-234.038813	-613.935716	90.489966	-63.598056	-71.539553
-99.129094	-9.014526	170.564777	-196.930541	-235.178701	-614.343203	90.413082	-63.603630	-71.519925
-92.614209	13.506435	148.573296	-252.325757	-259.270266	-622.972296	88.715750	-63.724759	-71.087268
-89.984657	30.664967	131.712174	-303.670032	-281.406193	-630.967108	87.002956	-63.843299	-70.651984
-44.203089	20.345265	113.912287	-358.400399	-305.043231	-639.666527	84.934061	-63.981628	-70.127932
54.410850	-40.092234	84.008910	-404.278597	-325.274173	-647.391156	82.843188	-64.116132	-69.600209
0.324120	-43.495240	82.408418	-405.801778	-325.960819	-647.660840	82.764512	-64.121091	-69.580389
-53.156477	-46.886421	80.764893	-407.308951	-326.641675	-647.928893	82.685869	-64.126040	-69.560579
38.833295	-80.656840	28.907559	-437.509805	-340.726171	-653.661432	80.881307	-64.237592	-69.106748
22.749308	0.873225	-52.728422	-458.913168	-351.860933	-658.631645	79.060756	-64.346264	-68.650289
-24.732536	127.494036	-160.562520	-471.287625	-360.728980	-663.361062	76.954659	-64.467214	-68.123960
38.817832	121.807044	-255.135616	-469.119158	-365.209266	-667.025233	74.827617	-64.584267	-67.594250
-0.675917	121.604936	-258.417947	-468.706524	-365.296545	-667.148310	74.742691	-64.588836	-67.573138
-40.855893	121.417683	-261.662087	-468.267467	-365.377021	-667.269742	74.657666	-64.593402	-67.552005
-5.654531	81.834614	-321.907974	-451.639432	-365.444933	-669.505713	72.772404	-64.692582	-67.084173
126.410613	-6.515712	-356.834006	-420.720164	-362.391810	-670.887517	70.871121	-64.788665	-66.613808
226.062783	-250.620137	-301.557825	-294.683225	-344.397847	-670.811244	66.389298	-64.999845	-65.510559
-291.499074	-98.066871	-29.545656	-121.060613	-313.206097	-666.251661	61.824445	-65.193516	-64.394013
-100.705428	-83.235428	-23.975214	-117.788161	-312.550433	-666.131537	61.742947	-65.196782	-64.374136
76.339676	-67.940708	-18.411173	-114.512841	-311.891435	-666.010059	61.661425	-65.200043	-64.354254
172.480078	-44.401643	-10.064432	-109.585267	-310.894754	-665.824938	61.538856	-65.204933	-64.324366
201.364313	-20.625283	-1.736979	-104.649631	-309.890055	-665.636656	61.416164	-65.209813	-64.294452
219.409984	-0.455107	5.372790	-100.418174	-309.023551	-665.472947	61.311025	-65.213983	-64.268820
292.911477	19.205712	12.457199	-96.183795	-308.151636	-665.306998	61.205846	-65.218143	-64.243182
15.704014	218.302646	109.049158	-35.450581	-295.080370	-662.683974	59.694289	-65.276726	-63.875047
-142.486783	289.925712	189.145275	24.474273	-280.991651	-659.606794	58.174822	-65.333355	-63.505546
-233.917859	251.122131	260.662729	108.267039	-258.636601	-654.274999	55.929146	-65.412945	-62.960371
-221.371167	138.127334	278.079072	183.304926	-234.552151	-647.992406	53.667599	-65.488211	-62.412316
-173.851211	25.391708	254.954566	244.916024	-209.535535	-640.928753	51.436312	-65.557724	-61.872405
-123.947638	-76.903838	203.864152	293.810120	-183.383727	-632.984285	49.191064	-65.622964	-61.329787
-43.849737	-171.936634	134.165792	330.744181	-155.891366	-624.017810	46.893965	-65.684870	-60.775194
2.607637	-222.341674	57.563711	355.152999	-127.769818	-614.174323	44.583896	-65.742228	-60.217899
-1.532419	-222.375359	53.263371	356.163064	-126.170114	-613.593187	44.453195	-65.745327	-60.186378
0.528302	-222.247302	48.978463	357.134251	-124.569331	-613.009318	44.322455	-65.748411	-60.154849
-0.928110	-190.033591	-16.600630	367.419636	-98.880413	-603.309881	42.227890	-65.795700	-59.649827
-1.295909	-140.769047	-74.472452	367.989145	-73.129423	-592.925473	40.123938	-65.839184	-59.142678
-3.833835	-107.809599	-126.941539	357.021714	-43.945356	-580.281857	37.717251	-65.884007	-58.562602
-27.589051	-40.317794	-160.352958	333.778761	-15.004946	-566.784710	35.299826	-65.923763	-57.979855
-2.916272	-35.733277	-161.228151	332.567485	-13.827159	-566.214457	35.200681	-65.925280	-57.955951
28.623516	-31.097198	-162.061407	331.334901	-12.649077	-565.642381	35.101445	-65.926791	-57.932025
-16.622107	46.654581	-168.899243	300.360064	12.213319	-553.168597	32.990700	-65.956813	-57.423013
-40.053782	82.349509	-152.297245	260.416510	36.725883	-540.077285	30.873037	-65.982894	-56.912070
-38.183947	68.692577	-100.972066	205.189750	64.245092	-524.302142	28.433969	-66.007916	-56.323141
-15.230488	9.772366	-22.038657	144.140891	90.864591	-507.746996	25.987109	-66.027607	-55.731736
6.584484	7.706989	-19.145347	141.959723	91.776349	-507.154059	25.901394	-66.028198	-55.711006
34.345246	5.691109	-16.262666	139.779466	92.685904	-506.560708	25.815745	-66.028782	-55.690292
17.832141	-24.477605	48.057799	85.913059	114.791252	-491.529704	23.686108	-66.041163	-55.174927
1.056198	-19.789280	86.461539	34.734645	135.859937	-475.938074	21.551711	-66.049418	-54.657770
-14.060606	-1.765816	99.625690	-16.617829	158.459257	-457.451061	19.107606	-66.053738	-54.064679
-1.244854	0.135904	93.832315	-58.643238	179.254538	-438.266270	16.658749	-66.052534	-53.469361
0.172219	0.070240	93.496013	-60.466798	180.186308	-437.344937	16.543200	-66.052339	-53.441242
7.057181	0.020724	93.175172	-62.281677	181.113513	-436.422094	16.427641	-66.052133	-53.413119
-3.251560	0.209563	88.570958	-94.647915	197.403295	-419.089619	14.289527	-66.046055	-52.892261
1.285938	-2.369117	81.238580	-125.351791	211.985953	-401.252764	12.148778	-66.035669	-52.369754
-1.200738	6.106884	66.998048	-159.589019	227.400394	-378.802648	9.531532	-66.017069	-51.729454
3.149708	14.319883	50.125239	-188.373217	240.121131	-355.640462	6.912094	-65.991880	-51.086829
-1.244252	14.356404	49.997714	-188.564707	240.206751	-355.462965	6.892315	-65.991664	-51.081969
-3.483963	14.392478	49.870262	-188.755772	240.292213	-355.285429	6.872535	-65.991448	-51.077109
-4.289827	15.826646	36.728121	-206.586729	248.533104	-336.036674	4.752842	-65.966110	-50.555647
-9.246194	13.159578	24.966681	-218.546698	254.935634	-316.348599	2.632856	-65.936356	-50.032754
-8.669734	6.665150	13.322964	-224.158093	260.103573	-292.421686	0.116415	-65.895234	-49.410198
2.994480	-1.608066	3.863374	-219.677737	262.600667	-267.910759	-2.399012	-65.847742	-48.785717
8.192366	-2.061855	3.498604	-219.248429	262.649756	-266.823775	-2.509188	-65.845515	-48.758312
20.441716	-2.526072	3.138176	-218.799664	262.693838	-265.735707	-2.619360	-65.843275	-48.730904
24.259319	-13.099682	-2.918573	-206.282118	262.566667	-244.363657	-4.761150	-65.797238	-48.197181
26.473019	-25.867070	-6.743042	-186.934853	260.608103	-222.602741	-6.901144	-65.746465	-47.662122
10.214699	-38.768613	-7.038341	-156.935352	256.089157	-196.716723	-9.399233	-65.681056	-47.035149
-32.094698	-15.168671	-2.293104	-120.598489	249.278261	-170.393226	-11.893496	-65.609030	-46.406431
-2.114549	-13.100839	-2.096434	-119.206450	248.998267	-169.459463	-11.981207	-65.606373	-46.384271
32.198148	-10.941943	-1.901002	-117.806541	248.715588	-168.525234	-12.068913	-65.603708	-46.362108
-32.861119	38.700431	1.734925	-80.752237	240.888337	-145.287740	-14.235275	-65.535175	-45.813547
-2.904921	11.214826	1.535460	-39.691873	231.503521	-121.806593	-16.397461	-65.461520	-45.263775
30.752830	-33.638228	-0.017415	8.509126	219.009692	-94.795427	-18.856207	-65.371254	-44.635703
-27.961197	-0.105895	0.806986	53.500845	204.717434	-67.578217	-21.308195	-65.274187	-44.006131
0.277513	1.836526	0.854862	54.974076	204.175906	-66.604285	-21.395528	-65.270598	-43.983646
27.726313	3.745712	0.901941	56.435436	203.632249	-65.630172	-21.482851	-65.267000	-43.961159
-24.701339	25.517679	1.230262	87.308736	189.924485	-42.145023	-23.580903	-65.177785	-43.419561
-5.195158	0.924836	-1.078071	108.172345	175.064880	-18.594919	-25.672893	-65.083450	-42.876931
19.154720	-18.152094	-5.314733	120.249219	156.443630	8.814101	-28.096711	-64.967281	-42.244833
-18.068100	15.223242	-6.999774	121.431764	136.503393	36.198029	-30.510928	-64.844053	-41.611434
-8.811021	15.102191	-6.750716	121.259114	135.533894	37.487241	-30.624482	-64.838069	-41.581545
-6.351684	14.697716	-6.459998	121.067714	134.561873	38.776255	-30.738013	-64.832068	-41.551653
18.555700	-11.224108	3.672210	114.353240	116.268670	62.428695	-32.820781	-64.718934	-41.001681
-1.491827	-11.372554	14.582156	102.069282	97.269201	85.972947	-34.895225	-64.600386	-40.450808
-20.778570	9.375781	15.301627	81.609091	73.963049	113.770682	-37.350141	-64.452326	-39.794715
19.887273	-3.184385	-5.516300	57.199471	50.110758	141.294112	-39.791837	-64.296457	-39.137431
-1.352480	-3.895941	-6.204739	56.454153	49.428446	142.070388	-39.860915	-64.291920	-39.118765
-19.741773	-4.585348	-6.889262	55.704997	48.745188	142.847196	-39.930054	-64.287371	-39.100079
16.406000	-6.324047	-21.245376	31.801274	28.209365	165.966350	-41.994451	-64.148252	-38.540259
-0.240198	6.131463	-14.607831	5.486885	7.620002	188.793431	-44.048026	-64.003379	-37.979688
-8.198982	4.260322	9.634763	-23.925749	-15.823059	214.516755	-46.385698	-63.830351	-37.336881
8.013408	-9.526435	28.655352	-48.286015	-38.898579	239.730164	-48.707844	-63.649630	-36.693162
-4.696122	-9.058793	28.834599	-49.053060	-39.766580	240.678960	-48.795923	-63.642597	-36.668640
-8.223020	-8.517235	28.958502	-49.806278	-40.633694	241.626914	-48.883980	-63.635553	-36.644117
-4.931770	5.930114	20.149376	-63.285424	-60.223116	263.100572	-50.894345	-63.471122	-36.082080
5.000854	15.746438	0.186374	-69.453419	-79.185413	284.084487	-52.891773	-63.300728	-35.519425
42.868809	-9.408221	-34.949731	-54.702405	-120.170368	331.076815	-57.518622	-62.877819	-34.198780
-37.762295	-24.567516	-5.498453	-5.560509	-154.240146	374.578752	-62.065076	-62.421249	-32.875389
-53.736257	-22.861888	-4.742696	-4.850493	-154.619085	375.108996	-62.122489	-62.415208	-32.858502
-35.208093	-21.079478	-3.979892	-4.140753	-154.996494	375.638607	-62.179888	-62.409162	-32.841615
33.711188	-17.788314	-2.616361	-2.887661	-155.659585	376.572829	-62.281271	-62.398465	-32.811775
36.451115	-14.398461	-1.235026	-1.636197	-156.317858	377.505069	-62.382610	-62.387751	-32.781935
46.600445	-10.623384	0.321633	-0.244438	-157.045541	378.541354	-62.495461	-62.375794	-32.748688
53.398164	-6.980844	1.892429	1.143195	-157.766746	379.574557	-62.608191	-62.363822	-32.715459
-9.957005	20.058840	22.413532	18.949147	-166.761330	393.072626	-64.101521	-62.202609	-32.273589
-32.121789	20.613486	36.254175	34.464046	-174.590336	406.119723	-65.584802	-62.037555	-31.831502
-33.559859	8.608687	34.211918	49.433899	-183.428529	423.617932	-67.645888	-61.799765	-31.211693
-26.195205	-2.745406	15.891639	53.997103	-189.557017	440.170541	-69.686173	-61.554315	-30.591516
9.306279	-5.397151	-7.431957	48.616143	-192.874586	456.457789	-71.798664	-61.289133	-29.942056
-1.026306	1.487009	-23.606420	35.116724	-193.075777	471.678128	-73.887014	-61.015393	-29.292251
0.756125	0.103579	-24.144210	34.269629	-193.006070	472.412402	-73.990950	-61.001458	-29.259701
-0.502025	-1.244552	-24.659418	33.408429	-192.928904	473.144018	-74.094823	-60.987501	-29.227150
-0.463847	0.560879	-31.072972	16.534009	-190.452052	485.435495	-75.889941	-60.741474	-28.661340
-0.424617	-1.602076	-33.138906	-2.742715	-186.020710	496.930532	-77.665586	-60.488855	-28.095361
3.073937	-6.394288	-27.778969	-25.661233	-178.800443	509.280558	-79.701156	-60.187360	-27.438373
-6.605124	2.384248	-13.340335	-45.801094	-169.768692	520.576548	-81.709039	-59.876841	-26.781257
6.702428	3.298869	-12.684495	-46.449365	-169.402193	520.978023	-81.783460	-59.865072	-26.756720
6.806711	4.236708	-12.022981	-47.088783	-169.033509	521.378365	-81.857902	-59.853280	-26.732164
-5.558738	18.196228	4.156592	-59.023683	-160.015248	530.247423	-83.571467	-59.576497	-26.163175
-9.315198	3.487774	19.714811	-64.611823	-150.277846	538.340910	-85.263137	-59.292835	-25.594167
10.844467	-29.324222	30.998855	-61.971991	-138.813361	546.496130	-87.131977	-58.966764	-24.956625
-14.271995	-8.633466	29.579102	-48.879369	-126.900264	553.694679	-88.971915	-58.631931	-24.319169
2.262893	-6.287422	29.173429	-47.987925	-126.321325	554.014930	-89.059118	-58.615707	-24.288706
14.747975	-3.834831	28.738026	-47.072099	-125.741217	554.333224	-89.146309	-58.599453	-24.258223
-20.531205	36.862361	15.633157	-25.791559	-114.638125	559.944862	-90.781961	-58.288319	-23.681948
31.997525	8.120497	-3.863107	1.032760	-103.327173	564.789625	-92.392915	-57.969885	-23.105787
45.194206	-36.799160	-32.912952	64.966671	-76.861640	573.071311	-96.008703	-57.207901	-21.778545
-52.549948	-8.023021	12.145165	102.322704	-50.560790	577.396387	-99.483695	-56.406261	-20.452640
-9.969479	-5.856183	13.156766	102.628280	-50.090684	577.438820	-99.545393	-56.391348	-20.428603
15.115916	-3.639781	14.158021	102.918863	-49.621314	577.479946	-99.606992	-56.376435	-20.404585
28.923374	-0.240998	15.663505	103.333142	-48.906767	577.540169	-99.700764	-56.353684	-20.367988
36.175703	3.076482	17.141853	103.712741	-48.193063	577.597440	-99.794424	-56.330902	-20.331393
52.229542	5.190932	18.114464	103.947255	-47.715946	577.634117	-99.857036	-56.315640	-20.306905
34.210811	7.183535	19.071879	104.165861	-47.239603	577.669446	-99.919547	-56.300376	-20.282437
-14.478673	25.095341	32.990147	105.287743	-38.571107	578.084471	-101.058292	-56.017677	-19.833315
-44.833165	19.956849	37.177742	100.627602	-30.079081	578.058676	-102.179982	-55.730296	-19.384401
-43.144747	0.273033	27.899401	85.174908	-18.924288	577.326473	-103.672265	-55.333439	-18.776576
-31.693116	-11.916731	7.359724	61.296604	-8.175377	575.799550	-105.132792	-54.927887	-18.169223
-8.613109	-7.664178	-18.904981	29.497532	2.868257	573.301690	-106.656736	-54.485253	-17.521384
11.186833	3.864722	-39.638315	-5.653045	13.482231	569.917906	-108.143848	-54.032587	-16.874224
-4.350381	4.264295	-40.233126	-7.323531	13.967943	569.738309	-108.212426	-54.011190	-16.844004
-10.749099	4.575015	-40.780390	-8.992875	14.452443	569.556921	-108.280880	-53.989785	-16.813805
8.360485	-3.455858	-44.273713	-39.741764	23.338118	565.820193	-109.544366	-53.585976	-16.250123
3.040513	-0.066361	-42.824488	-68.561787	31.923657	561.424893	-110.779512	-53.174401	-15.687001
-9.998644	4.556988	-39.893746	-99.047178	41.494356	555.529221	-112.172646	-52.688563	-15.036364
11.790182	-5.968003	-33.366135	-126.734211	50.689217	548.779131	-113.527267	-52.192204	-14.386600
-11.847516	-5.943048	-32.703162	-127.912432	51.092384	548.457122	-113.587028	-52.169727	-14.357522
-5.976420	-5.796669	-31.993402	-129.085498	51.494820	548.133437	-113.646711	-52.147229	-14.328446
12.368569	7.124150	-11.487997	-150.410000	59.033821	541.639084	-114.770432	-51.713917	-13.774075
3.523453	4.293452	15.295735	-169.433889	66.312847	534.546812	-115.865635	-51.272813	-13.220417
0.541708	-8.471202	42.195752	-188.057881	74.441676	525.582659	-117.100579	-50.751100	-12.578864
-7.900996	3.303255	51.594571	-202.416526	82.237565	515.847717	-118.296568	-50.218766	-11.938386
7.796815	4.584576	51.575396	-202.883748	82.533462	515.454724	-118.342183	-50.197896	-11.913558
-7.691888	5.838635	51.529063	-203.344135	82.828872	515.060598	-118.387738	-50.177011	-11.888732
-4.842121	9.297254	44.757216	-211.864713	89.352892	505.888974	-119.397813	-49.702476	-11.330197
2.834392	-6.348193	31.339740	-216.769830	95.637168	496.155922	-120.377767	-49.219719	-10.772545
-0.863703	-10.237604	10.330006	-217.860118	102.357477	484.664163	-121.433988	-48.672059	-10.152247
2.085016	7.290320	-13.954544	-214.182990	108.741001	472.508163	-122.452269	-48.114100	-9.533156
5.060380	11.594280	-35.626389	-205.731144	114.611087	459.930221	-123.415868	-47.555614	-8.925897
5.229921	8.860317	-51.761642	-192.327454	120.039949	446.743814	-124.342336	-46.987055	-8.319876
3.554859	8.841880	-52.254004	-191.544636	120.292900	446.085475	-124.386565	-46.959069	-8.290354
-5.745241	8.742056	-52.708712	-190.750204	120.544564	445.426161	-124.430675	-46.931077	-8.260855
11.892829	-13.415694	-51.637332	-172.724639	125.315880	432.011466	-125.290306	-46.368786	-7.674208
-17.951457	-10.210232	-27.538654	-151.286713	129.613622	418.056983	-126.114512	-45.796887	-7.088795
-13.156851	-8.683649	-26.166815	-150.311065	129.782529	417.462218	-126.148186	-45.772773	-7.064354
18.373152	-7.109202	-24.775995	-149.328342	129.950559	416.866541	-126.181798	-45.748643	-7.039915
-13.236336	16.714158	8.211068	-125.762825	133.420073	403.536088	-126.905297	-45.213623	-6.502960
-25.100121	17.296886	37.154999	-97.890049	136.441199	389.778409	-127.598413	-44.670432	-5.967153
-25.575307	-4.387633	50.385059	-58.653372	139.376998	373.149876	-128.370938	-44.024140	-5.341436
-3.800835	-21.839164	30.730716	-11.599770	141.627642	355.978839	-129.101350	-43.366493	-4.717343
27.492998	-20.804597	28.931055	-9.235830	141.715259	355.164596	-129.134407	-43.335519	-4.688254
24.790214	-19.458200	27.056816	-6.858786	141.801288	354.349234	-129.167373	-43.304521	-4.659169
-29.854913	24.567517	-14.585796	40.292311	143.125225	338.691933	-129.774504	-42.712444	-4.108760
-3.060259	4.450546	-44.863154	90.359246	143.845642	322.656239	-130.348201	-42.111432	-3.559733
33.520334	-29.969886	-47.316391	148.764653	143.891116	304.129392	-130.955403	-41.422182	-2.941657
-31.813865	19.325264	-14.698261	205.765126	143.071915	285.188743	-131.519450	-40.721442	-2.325435
-1.942230	21.635629	-13.131063	207.810985	143.024140	284.477778	-131.539565	-40.695193	-2.302584
31.512097	23.834077	-11.555658	209.850203	142.975096	283.766296	-131.559620	-40.668928	-2.279735
-7.034161	34.431516	22.777543	254.484099	141.493570	267.290917	-132.003624	-40.061403	-1.755773
-19.485801	9.618814	42.459368	293.599483	139.308519	250.567707	-132.415846	-39.445410	-1.233198
-4.684079	-14.446896	43.941700	330.124866	135.780285	230.548406	-132.861128	-38.707608	-0.618395
6.998151	-36.744733	28.822625	354.424755	131.172417	210.257619	-133.261562	-37.957954	-0.005647
-6.917815	-37.831111	27.842539	355.246520	130.937220	209.332556	-133.278637	-37.923710	0.022064
1.791882	-38.875879	26.839954	356.045865	130.699529	208.406404	-133.295630	-37.889418	0.049789
7.902513	-29.274682	3.887635	367.234281	125.612286	190.338724	-133.607074	-37.218877	0.587141
-11.065561	15.992183	-21.404928	370.978640	119.590361	172.120919	-133.883297	-36.539096	1.122821
-19.862518	42.776052	-40.031656	367.677492	111.644941	151.421026	-134.152367	-35.761050	1.725123
27.610805	-0.006410	-38.726119	357.730659	102.575517	130.602814	-134.375991	-34.971199	2.325202
5.794669	-2.360669	-38.341765	357.242291	102.215541	129.820942	-134.383482	-34.941373	2.347643
-28.144492	-4.689379	-37.937932	356.745982	101.854176	129.038961	-134.390910	-34.911530	2.370082
28.530573	-41.194617	-23.991577	342.838367	92.982256	110.642400	-134.546839	-34.205712	2.896269
37.911535	-48.473202	-5.642207	324.828483	83.436364	92.213236	-134.667012	-33.490781	3.420637
28.740426	-29.206229	13.654997	300.080969	71.914543	71.320266	-134.759639	-32.669544	4.012690
0.758256	16.102811	27.484339	270.996939	59.769211	50.456685	-134.805511	-31.836754	4.602334
-3.968989	17.914232	27.853117	269.827867	59.304833	49.677890	-134.806312	-31.805404	4.624328
-39.051823	19.701947	28.209617	268.652972	58.839770	48.899191	-134.807046	-31.774038	4.646318
-46.084445	49.698737	32.666599	239.957378	47.949549	30.987431	-134.805564	-31.046946	5.152058
-33.411418	56.815137	29.292844	208.065845	36.781416	13.151844	-134.768488	-30.311666	5.655958
8.004596	43.575367	17.574728	166.663021	23.521812	-7.509940	-134.679739	-29.444531	6.240974
51.649924	15.034906	1.763137	120.904830	10.126962	-27.995951	-134.541297	-28.566942	6.823385
0.712610	13.497828	1.024991	118.730462	9.518145	-28.920598	-134.533826	-28.526884	6.849747
-51.878701	11.945278	0.288574	116.547790	8.909331	-29.844797	-134.526251	-28.486805	6.876102
-3.158274	-19.957120	-13.242687	71.796292	-3.092057	-47.994889	-134.355342	-27.691325	7.395319
45.028550	-46.920882	-22.536510	24.037455	-14.994140	-65.942247	-134.143422	-26.888021	7.912368
59.863940	-58.081700	-23.859953	-31.779507	-27.887651	-85.459227	-133.861658	-25.993691	8.479810
24.933717	-39.467427	-13.769872	-90.288289	-40.420006	-104.657257	-133.528765	-25.090569	9.044483
-35.603606	-38.201207	-13.231724	-92.548684	-40.886724	-105.378900	-133.515118	-25.056134	9.065853
-62.074981	-36.896786	-12.686019	-94.813294	-41.353113	-106.100614	-133.501386	-25.021658	9.087236
-35.479918	49.173160	14.976572	-211.524682	-63.985581	-142.089806	-132.703251	-23.252113	10.169684
56.325342	46.781427	17.088367	-324.823726	-83.861747	-176.471884	-131.706610	-21.453526	11.241310
17.864959	43.340199	16.734525	-327.806969	-84.362945	-177.396166	-131.676217	-21.403458	11.270753
-8.555972	39.713833	16.361608	-330.781111	-84.861617	-178.319542	-131.645652	-21.353342	11.300204
-22.836174	37.495897	16.131341	-332.543187	-85.156604	-178.867563	-131.627415	-21.323551	11.317700
-55.389317	35.243734	15.894554	-334.302950	-85.450871	-179.415602	-131.609105	-21.293725	11.335211
14.022932	-17.505909	8.226745	-377.307706	-92.555137	-193.120114	-131.126995	-20.536034	11.777649
34.793651	-31.680555	-1.097514	-416.511705	-98.945573	-206.475911	-130.609198	-19.773959	12.218119
35.639063	-6.750695	-11.323691	-458.600966	-105.866718	-222.743610	-129.906972	-18.809841	12.769095
28.562868	22.662967	-14.077114	-490.492105	-111.426233	-238.390740	-129.147060	-17.839429	13.316868
7.918166	23.102117	-13.942118	-491.503656	-111.614909	-238.991812	-129.116041	-17.801210	13.338306
-27.161915	23.451039	-13.785394	-492.495638	-111.801277	-239.591866	-129.084933	-17.762982	13.359739
-9.730570	12.289607	-5.928203	-509.018731	-115.340428	-252.698711	-128.368011	-16.908489	13.836204
17.218697	-11.613768	5.249229	-513.333222	-117.642520	-265.272563	-127.605856	-16.049711	14.310139
7.966166	-19.388594	13.785084	-501.902380	-118.684949	-278.956042	-126.678887	-15.063368	14.848605
-15.490109	-5.101627	10.969943	-472.675355	-118.105400	-291.871986	-125.691491	-14.072065	15.383686
-5.387571	-4.314532	10.662907	-471.192340	-118.051492	-292.363201	-125.651459	-14.033027	15.404636
15.685502	-3.504467	10.344486	-469.684527	-117.995271	-292.853554	-125.611302	-13.993951	15.425597
7.427892	17.655805	1.419052	-431.233736	-116.217833	-303.247908	-124.710882	-13.139077	15.881916
-24.352965	23.970365	-8.419314	-383.506245	-113.445455	-313.041466	-123.764949	-12.281079	16.335656
-8.346609	-1.954197	-15.933221	-321.678450	-109.281422	-323.240661	-122.657291	-11.322077	16.837938
38.911342	-30.190373	-16.825234	-253.087967	-104.080788	-332.697822	-121.492044	-10.359821	17.336921
10.238075	-21.401789	-9.210072	-175.631674	-97.563073	-341.899742	-120.196200	-9.338840	17.861061
-51.405645	15.309636	3.262611	-95.607555	-90.116954	-350.284264	-118.834431	-8.314871	18.381440
14.198616	16.902226	3.759807	-92.561340	-89.818429	-350.585687	-118.781574	-8.276053	18.401066
51.701619	18.470579	4.256118	-89.515202	-89.518752	-350.885946	-118.728622	-8.237232	18.420686
-1.746748	41.345935	14.798390	-19.558858	-82.298178	-357.492352	-117.480001	-7.340364	18.871923
-49.639474	42.466458	21.197767	48.599821	-74.546225	-363.483944	-116.180006	-6.441788	19.320199
-52.504216	23.340990	20.317338	121.635865	-65.229399	-369.533248	-114.647049	-5.423659	19.823632
-40.650647	-13.762168	12.482066	189.221528	-55.429995	-374.826430	-113.047035	-4.404014	20.323182
-14.663899	-15.411603	12.075998	191.771370	-55.034173	-375.020366	-112.982401	-4.363683	20.342848
24.372783	-17.055009	11.664263	194.313591	-54.637460	-375.213296	-112.917611	-4.323319	20.362523
44.916838	-44.788880	1.579147	248.133460	-45.713759	-379.192411	-111.455327	-3.428897	20.796709
42.199625	-47.019346	-8.776571	297.127984	-36.575660	-382.616628	-109.940561	-2.533876	21.227823
12.566516	-28.546331	-18.125750	347.179012	-25.965230	-385.863700	-108.145607	-1.511155	21.716439
-29.766493	-3.900555	-24.465154	391.048427	-15.269404	-388.419133	-106.280907	-0.488250	22.200985
1.586455	-3.028524	-24.658569	392.655123	-14.847279	-388.505974	-106.205929	-0.447910	22.220010
29.373912	-2.177275	-24.847922	394.252610	-14.425189	-388.591767	-106.130842	-0.407570	22.239029
23.095619	10.621335	-28.071622	427.388715	-5.079267	-390.228186	-104.436101	0.487653	22.659497
20.726996	14.732551	-29.677229	456.278908	4.175809	-391.359726	-102.687430	1.382428	23.076744
-1.206694	17.135251	-30.122810	484.559792	14.545525	-392.048518	-100.624460	2.403492	23.549295
-16.446766	25.350491	-29.705239	508.306848	24.602328	-392.109057	-98.491707	3.423345	24.017568
3.115229	25.908546	-29.671345	509.150563	24.991825	-392.098757	-98.406022	3.463612	24.035982
16.317770	26.488731	-29.635987	509.986871	25.380665	-392.087500	-98.320230	3.503877	24.054389
-13.238764	37.112832	-28.459181	526.387553	33.715749	-391.603057	-96.415679	4.384703	24.455668
-15.122546	18.177211	-26.589448	538.966629	41.665845	-390.669521	-94.461682	5.264136	24.853684
15.733330	-33.253525	-24.864431	548.448060	50.215947	-389.059180	-92.163790	6.269889	25.305728
-17.173773	-26.634530	-24.770839	552.546923	58.070326	-386.884638	-89.805597	7.273092	25.753363
-9.529812	-24.300749	-24.757045	552.619828	58.517756	-386.736355	-89.662079	7.333263	25.780110
17.397605	-21.849410	-24.736578	552.672995	58.962516	-386.586010	-89.518279	7.393454	25.806854
-13.968589	13.772792	-23.299516	551.235367	65.027209	-384.206682	-87.427997	8.257663	26.189592
-21.394028	27.996164	-18.346683	545.613484	70.456825	-381.426150	-85.296105	9.119507	26.568989
-3.632281	5.569284	-6.365429	533.293058	76.143741	-377.578449	-82.689053	10.148731	27.019132
23.294633	-23.744428	8.627042	515.228588	80.973154	-373.182526	-80.027228	11.173811	27.464356
26.173032	-23.912425	8.959215	514.762064	81.071721	-373.077929	-79.967015	11.196715	27.474269
24.232075	-24.044397	9.290400	514.292912	81.169872	-372.973065	-79.906777	11.219617	27.484180
2.101046	-9.232212	20.728239	494.351228	84.628469	-368.745767	-77.574084	12.097311	27.862868
-27.708744	15.833280	27.540570	470.895832	87.493691	-364.134351	-75.204624	12.971399	28.237842
-17.410561	17.599521	25.692033	440.572442	90.060868	-358.415649	-72.458233	13.964043	28.661116
23.692938	0.317711	11.873359	408.284970	91.904947	-352.223415	-69.668588	14.951337	29.079468
-6.514684	-0.368170	11.326485	407.276364	91.950816	-352.024157	-69.581495	14.981837	29.092351
-23.440454	-1.047009	10.775427	406.267004	91.996061	-351.824264	-69.494277	15.012360	29.105241
-9.717325	-12.256372	-4.955016	378.241138	92.997448	-346.024631	-67.026151	15.868335	29.465724
14.127945	-11.393738	-16.611911	351.863791	93.487613	-339.885781	-64.528790	16.719713	29.822391
3.477599	-2.636442	-19.070466	325.551912	93.444106	-332.465708	-61.640622	17.686901	30.225341
-5.045967	3.553575	-11.885386	304.459463	92.781680	-324.629357	-58.719021	18.647370	30.623190
3.518409	3.606900	-11.492803	303.782437	92.747145	-324.343877	-58.614784	18.681318	30.637211
4.887882	3.663173	-11.092099	303.108852	92.711866	-324.057893	-58.510509	18.715257	30.651225
-4.137614	4.777285	0.836565	287.344735	91.615151	-316.875912	-55.936922	19.546174	30.993462
5.118548	-4.715311	12.564978	272.008728	90.089433	-309.401023	-53.341508	20.371483	31.331760
-7.409449	6.024289	12.080631	253.195051	87.854668	-300.546196	-50.360982	21.304328	31.712218
9.881353	6.723180	1.329455	231.357409	85.120420	-291.346757	-47.356813	22.229199	32.087456
-0.182649	5.917952	0.822004	230.293615	84.988538	-290.932516	-47.223528	22.269887	32.103919
-10.071804	5.060101	0.322007	229.220081	84.855744	-290.517642	-47.090201	22.310559	32.120372
11.550304	-7.818048	-6.228387	206.156979	82.094808	-282.323115	-44.488546	23.098502	32.438397
-3.711964	1.024301	-3.531576	178.572997	79.010007	-273.902379	-41.872909	23.880042	32.752489
-12.832313	8.425438	3.504263	142.065396	75.012887	-263.768378	-38.792954	24.787179	33.115405
12.771932	-3.054180	2.916937	103.912212	70.635441	-253.366105	-35.698503	25.684833	33.472816
-9.548546	-3.517346	2.725825	102.255400	70.433390	-252.899712	-35.561203	25.724351	33.488512
-12.750373	-3.947644	2.525810	100.604461	70.230664	-252.432840	-35.423880	25.763849	33.504197
-10.828435	-6.367761	-1.642952	69.466421	66.141237	-243.223053	-32.738004	26.531220	33.808290
-0.890078	-0.562159	-2.460623	40.467614	61.818346	-233.846139	-30.044940	27.290973	34.108192
5.634779	3.577643	0.942193	10.418481	56.421848	-222.533223	-26.845105	28.181499	34.458261
8.935937	-2.748179	4.193850	-13.487546	50.766158	-211.030549	-23.640053	29.060616	34.802341
-3.542373	-2.822935	4.167997	-13.935780	50.641065	-210.779481	-23.570593	29.079529	34.809728
-8.846554	-2.887422	4.135507	-14.381133	50.515868	-210.528335	-23.501131	29.098437	34.817111
6.899940	0.719613	-0.990427	-30.161146	45.490929	-200.547172	-20.756257	29.840939	35.106534
0.268837	4.129866	-7.624667	-44.312029	40.327900	-190.460577	-18.011111	30.574593	35.391513
-3.233383	-3.701375	-9.231313	-61.318947	34.312371	-178.869849	-14.888002	31.398660	35.710460
2.808688	-7.970575	-3.573352	-79.984265	28.183235	-167.185892	-11.769396	32.210529	36.023529
-2.826920	-6.844513	-3.225992	-80.742898	27.947609	-166.738578	-11.650536	32.241257	36.035356
2.848019	-5.664260	-2.869881	-81.505680	27.711868	-166.291163	-11.531686	32.271967	36.047174
-3.893562	11.215347	6.690329	-100.277187	22.288718	-156.024029	-8.814085	32.969938	36.315359
-8.600320	11.421953	15.382279	-122.192697	16.830179	-145.719241	-6.103518	33.658089	36.578990
-8.982390	10.796280	18.647187	-152.255005	10.561593	-133.884494	-3.008331	34.434242	36.875434
11.515508	3.026842	13.846641	-187.860171	4.311423	-122.042869	0.072990	35.196830	37.165802
10.492311	2.301207	13.545259	-189.287859	4.076813	-121.596989	0.188752	35.225285	37.176621
-11.670454	1.545261	13.236879	-190.721760	3.842092	-121.150774	0.304584	35.253743	37.187439
13.006961	-12.877807	4.683702	-225.104003	-1.576786	-110.808959	2.984896	35.908337	37.435955
-0.084223	-3.183527	-5.217055	-260.531295	-6.927899	-100.497789	5.650912	36.552021	37.679749
-13.499219	10.464264	-17.315743	-300.160809	-12.917169	-88.794899	8.672560	37.272665	37.952041
12.832213	-2.823480	-28.145879	-336.662792	-18.748279	-77.179485	11.671087	37.978464	38.218098
-8.020974	-3.343641	-28.485625	-337.933381	-18.962397	-76.747918	11.782540	38.004518	38.227908
-12.765285	-3.830433	-28.819113	-339.196152	-19.176240	-76.316510	11.893957	38.030552	38.237710
-0.458789	-6.366455	-34.379784	-365.823203	-24.019739	-66.430028	14.449238	38.624090	38.460969
8.539977	-0.210071	-34.691655	-386.720173	-28.692816	-56.644959	16.983856	39.206133	38.679543
10.007774	3.138718	-27.162808	-402.347913	-33.877887	-45.422561	19.901329	39.867789	38.927619
-9.510124	-2.544974	-11.385667	-409.194486	-38.759929	-34.384508	22.786344	40.513261	39.169272
2.070553	-2.560195	-10.497337	-409.324783	-38.987305	-33.856089	22.924927	40.544044	39.180788
9.495645	-2.512931	-9.602701	-409.437811	-39.213980	-33.327830	23.063517	40.574808	39.192297
-9.648656	3.068544	6.749139	-408.697409	-43.123954	-23.955208	25.530768	41.119029	39.395793
4.373737	-1.086510	21.763024	-403.322536	-46.737741	-14.752351	27.970074	41.650589	39.594396
11.294615	-6.776297	35.039783	-392.218135	-50.607118	-4.144813	30.805221	42.260140	39.822003
-12.574341	3.625200	41.984928	-377.281351	-54.055891	6.194951	33.596711	42.851410	40.042717
-5.948029	4.017511	42.103641	-376.817509	-54.147187	6.482975	33.674907	42.867844	40.048851
12.648601	4.408697	42.218878	-376.351759	-54.238147	6.770772	33.753066	42.884262	40.054979
-12.544986	12.974080	44.399549	-361.264526	-56.870701	15.508393	36.138414	43.381880	40.240747
-14.283449	8.586601	44.877130	-345.319760	-59.183322	24.019355	38.487183	43.865184	40.421244
-12.633079	-1.089622	43.477824	-327.171580	-61.407579	33.338717	41.092029	44.393158	40.618586
11.483081	-21.020133	38.555679	-308.750028	-63.221596	42.338728	43.645473	44.902190	40.809105
-11.348483	-22.122643	38.270049	-308.029500	-63.283200	42.678348	43.742627	44.921386	40.816296
11.210349	-23.130693	37.976486	-307.308391	-63.344153	43.017208	43.839625	44.940538	40.823471
9.832098	-11.077355	29.218581	-290.500189	-64.572536	50.620999	46.032846	45.370125	40.984566
-3.488194	11.741045	17.316143	-272.945383	-65.488719	57.960862	48.182842	45.784598	41.140332
1.215092	22.930008	1.384020	-251.828039	-66.155690	66.002331	50.580659	46.238664	41.311478
-3.706866	32.039281	-15.401992	-229.348660	-66.425554	73.682100	52.917609	46.672388	41.475594
3.215250	32.027875	-16.018706	-228.485620	-66.428044	73.960031	53.003120	46.688086	41.481548
4.148690	32.017266	-16.634479	-227.619698	-66.430002	74.237684	53.088614	46.703768	41.487496
-11.928909	29.112893	-30.163331	-206.512036	-66.322821	80.647301	55.081821	47.065752	41.625131
22.697256	-10.591314	-39.620984	-184.044677	-65.927965	86.774552	57.024527	47.411556	41.757282
15.390525	-33.740851	-41.657153	-156.620068	-65.139895	93.412696	59.174670	47.785588	41.901145
-45.004272	-10.868074	-32.352374	-127.247568	-64.005666	99.684197	61.254624	48.137941	42.037791
-0.516911	-9.038051	-31.824217	-126.114824	-63.956639	99.912029	61.331152	48.150716	42.042769
45.499546	-7.193507	-31.285719	-124.980044	-63.907147	100.139346	61.407577	48.163459	42.047737
12.170095	22.954684	-16.771727	-98.545383	-62.650329	105.197120	63.127090	48.446388	42.158556
-15.796410	31.558115	-0.281537	-71.435772	-61.160143	109.985818	64.791608	48.712900	42.264005
-34.186234	21.440207	17.233577	-39.373757	-59.133516	115.245105	66.666513	49.003472	42.380477
-36.664609	-2.221224	28.921160	-7.495659	-56.814842	120.136513	68.461666	49.270930	42.489511
0.553734	-3.542757	29.285748	-6.015252	-56.699184	120.356865	68.543851	49.282900	42.494441
35.985064	-4.850901	29.632279	-4.537584	-56.582993	120.576267	68.625801	49.294809	42.499351
32.064031	-21.981772	32.605941	22.541204	-54.313392	124.509157	70.116532	49.506842	42.587656
16.382143	-25.356745	28.216756	48.573380	-51.843921	128.162508	71.542952	49.700776	42.670231
6.652102	-13.634722	13.902059	76.924292	-48.737237	132.055404	73.117021	49.903018	42.758916
-12.895553	7.353968	-4.727535	102.742314	-45.389320	135.571030	74.599501	50.080140	42.839767
-10.787685	8.405238	-5.581333	103.873166	-45.228017	135.725337	74.666169	50.087760	42.843335
12.613426	9.466557	-6.427789	104.996711	-45.066331	135.878729	74.732591	50.095319	42.846884
-10.986091	20.161150	-19.363845	124.440331	-42.005698	138.556269	75.918336	50.224557	42.909151
10.653706	-7.381381	-23.522365	141.365583	-38.790387	140.957895	77.033436	50.334892	42.965612
9.048420	-16.924708	-16.082256	157.651671	-34.915727	143.377719	78.225882	50.438070	43.023299
-11.135542	3.163134	1.367754	171.025374	-30.863637	145.433168	79.320496	50.515619	43.073224
7.327804	4.077677	2.076315	171.488290	-30.704975	145.504708	79.360475	50.518077	43.074983
11.108097	4.962919	2.780247	171.948220	-30.545948	145.575768	79.400339	50.520498	43.076732
-10.323316	13.120090	15.517608	181.654425	-26.834709	147.058433	80.273805	50.565492	43.113673
-9.930674	5.037868	16.855383	190.027933	-23.007894	148.259051	81.067866	50.590109	43.144529
7.089482	-8.984484	6.732552	198.100731	-18.516884	149.283701	81.874115	50.593005	43.172237
-5.554384	3.080949	-6.510284	203.323447	-13.903118	149.941747	82.572526	50.568740	43.191942
5.510842	3.594395	-6.931893	203.440746	-13.728999	149.959184	82.596437	50.567306	43.192522
3.200138	4.076860	-7.343424	203.551637	-13.554731	149.976112	82.620194	50.565833	43.193090
-4.879335	5.342943	-12.859301	204.107958	-9.448694	150.226532	83.130604	50.520574	43.203174
5.178642	-4.522267	-9.000860	200.214035	-5.274819	150.199853	83.555875	50.454218	43.207174
-6.861862	4.535759	-1.361945	190.053275	-0.388803	149.821939	83.940583	50.350646	43.204197
10.190337	-5.237782	4.585302	174.104918	4.516725	149.068328	84.210708	50.217996	43.193057
3.862041	-5.476074	4.768182	173.396036	4.702156	149.032400	84.218713	50.212402	43.192476
-10.513623	-5.674464	4.948298	172.679825	4.887560	148.995929	84.226559	50.206766	43.191883
-9.814790	-3.261213	8.059748	154.655455	9.058359	148.029209	84.361498	50.068330	43.175409
-1.137310	5.731825	8.713315	133.451862	13.184563	146.789744	84.417075	49.908221	43.153033
16.415475	11.280804	6.362089	105.991492	17.879011	145.015445	84.384406	49.694914	43.119681
28.871038	-0.270458	1.040052	76.935533	22.420910	142.890821	84.249833	49.452131	43.078457
-11.864282	-1.280392	0.759786	75.560792	22.629077	142.782894	84.241072	49.440036	43.076334
-29.138541	-2.293250	0.479515	74.186065	22.836789	142.674227	84.232093	49.427876	43.074193
4.936186	-15.180711	-4.450168	47.785782	26.762100	140.425387	84.015538	49.179739	43.029355
30.438849	-16.363645	-6.667047	22.593281	30.475069	137.908624	83.718910	48.907841	42.978114
23.533982	-6.467135	-4.184402	-2.194634	34.207869	134.894499	83.309441	48.587251	42.915482
7.849982	10.501314	0.792446	-24.017511	37.591061	131.594096	82.809994	48.239813	42.845437
-6.431774	11.214825	1.030993	-24.989117	37.744084	131.428369	82.783729	48.222428	42.841881
-25.225931	11.890710	1.266377	-25.953408	37.896165	131.262019	82.757261	48.204982	42.838308
-23.655607	16.677989	4.601825	-42.433389	40.519264	128.091920	82.234129	47.873139	42.769514
-16.822696	11.667216	5.159766	-56.693784	42.783492	124.723071	81.643524	47.521031	42.694978
-2.432689	0.407987	3.456080	-70.470993	44.859999	120.696893	80.897615	47.099727	42.603995
10.160364	-9.915983	0.501311	-81.717938	46.374216	116.451090	80.069502	46.653576	42.505785
4.240832	-10.314336	0.302753	-82.334517	46.448845	116.178999	80.015085	46.624891	42.499410
-9.747304	-10.669160	0.104383	-82.940910	46.521041	115.906130	79.960355	46.596111	42.493008
-2.217161	-10.939942	-2.451800	-90.499195	47.279503	111.917409	79.142834	46.173759	42.398284
5.274209	-2.952784	-3.682615	-95.937192	47.494900	107.784886	78.262727	45.732340	42.297849
-3.775634	7.807975	-2.753262	-99.556854	47.027637	102.932771	77.188456	45.208057	42.176829
-0.782210	-2.408471	0.407233	-100.669463	45.744323	97.934564	76.037222	44.660134	42.048517
2.829778	-3.060444	0.537175	-100.665734	45.676364	97.735405	75.990427	44.638121	42.043325
-2.803869	-3.682014	0.665246	-100.658572	45.607101	97.536210	75.943553	44.616090	42.038126
2.372015	-5.843107	2.594810	-99.648251	43.707790	93.028214	74.863945	44.113486	41.918785
2.334020	-0.243117	1.809801	-97.197451	41.174525	88.439189	73.727959	43.593410	41.793877
1.079039	3.444317	-0.624596	-92.979170	37.583976	83.119718	72.364023	42.978808	41.644520
-2.085519	5.816070	-1.802168	-87.530605	33.340128	77.734440	70.930497	42.342425	41.487991
2.084522	5.820647	-1.782904	-87.296176	33.162138	77.522579	70.872993	42.317077	41.481718
-2.083416	5.779025	-1.757259	-87.060279	32.983314	77.310650	70.815385	42.291696	41.475434
2.031539	-5.401201	-0.136249	-81.479429	28.859664	72.643220	69.524746	41.726303	41.334722
-1.927894	-6.426736	1.574316	-75.017544	24.404938	67.957785	68.185723	41.145602	41.188782
-1.841069	6.371490	0.953350	-66.438949	18.908194	62.513951	66.572376	40.452740	41.012849
1.497632	-3.864369	-1.565615	-57.639844	13.163016	57.085079	64.897646	39.740220	40.829954
-1.483970	-4.770317	-1.605937	-57.222992	12.877731	56.820513	64.814261	39.704903	40.820838
0.488139	-5.617502	-1.629741	-56.808267	12.592119	56.556036	64.730736	39.669541	40.811705
1.219630	-5.140407	0.071845	-49.525175	7.323410	51.735562	63.177803	39.014541	40.641698
-1.062825	3.128366	1.917921	-42.447477	2.025536	46.960895	61.579138	38.344688	40.466203
1.162719	1.331951	-0.114683	-34.147108	-3.813363	41.718262	59.747593	37.582031	40.264433
-1.733344	-0.951997	-2.420652	-24.693972	-9.489486	36.571857	57.863216	36.801944	40.055943
1.767632	-0.007336	-2.431682	-24.293038	-9.705502	36.373944	57.788894	36.771262	40.047700
-1.802918	0.934672	-2.432822	-23.889224	-9.921106	36.176210	57.714495	36.740554	40.039446
2.830158	-0.110164	-0.274233	-14.121115	-14.687164	31.739666	56.005796	36.036899	39.849444
0.919367	-2.140679	2.974167	-3.889090	-19.153280	27.410078	54.259123	35.320490	39.654284
-5.624348	3.652713	3.236303	6.839468	-23.690895	22.710760	52.261750	34.504332	39.429871
6.842222	0.824122	-0.497271	15.617154	-27.630655	18.183229	50.220525	33.673146	39.199078
-6.899335	-0.277750	-0.761130	16.071760	-27.844559	17.918601	50.097223	33.623021	39.185088
2.112062	-1.391767	-1.022339	16.518454	-28.055883	17.654663	49.973773	33.572844	39.171076
7.542983	-6.930401	-3.812214	22.228802	-30.889362	13.800185	48.113850	32.817881	38.959257
0.631704	1.879250	-2.901792	26.132145	-33.075910	10.114572	46.222265	32.051798	38.742442
-7.745959	9.059078	0.647963	28.594373	-34.707937	6.104861	44.010473	31.157867	38.487069
7.572433	0.841674	3.566141	29.367669	-35.343257	2.358783	41.760819	30.250263	38.225182
0.668302	0.498726	3.643289	29.371684	-35.347763	2.231293	41.680527	30.217895	38.215793
-7.559111	0.164152	3.718504	29.374387	-35.351065	2.104270	41.600259	30.185539	38.206405
1.108243	-5.993616	4.968541	29.106155	-35.063862	-0.916665	39.606233	29.382199	37.972252
5.063690	-8.741083	5.030304	28.452872	-34.110709	-3.722863	37.586468	28.569232	37.733205
6.968216	-8.903267	3.882692	27.563111	-32.381321	-6.546491	35.353439	27.671018	37.466647
2.795215	-6.008707	1.855921	26.500982	-30.005437	-9.132102	33.093258	26.762235	37.194334
-6.038569	3.105840	-0.746568	25.207564	-26.998906	-11.545498	30.756717	25.822829	36.910066
5.252834	6.141483	-3.341760	23.690733	-23.518736	-13.741460	28.395764	24.873405	36.619880
-5.202651	5.317821	-3.472831	23.601790	-23.318634	-13.854603	28.267015	24.821619	36.603968
-1.954665	4.431476	-3.602367	23.512145	-23.117494	-13.967140	28.138200	24.769805	36.588039
4.245751	-5.141045	-5.378937	21.956076	-19.722642	-15.710025	26.038861	23.925131	36.327130
3.604967	-3.807963	-6.181035	20.184803	-16.131512	-17.299357	23.923630	23.073469	36.061702
0.994459	1.408548	-5.392038	17.793826	-11.786368	-18.961777	21.435575	22.070688	35.746112
-1.981158	2.793469	-2.573332	15.175364	-7.377586	-20.415376	18.929895	21.059429	35.424462
-0.666055	2.654706	-2.391748	15.050535	-7.175070	-20.477133	18.814387	21.012774	35.409539
1.974673	2.502452	-2.205884	14.925406	-6.972761	-20.538407	18.698923	20.966132	35.394614
-2.203545	-0.622815	1.745869	12.459405	-3.107841	-21.631094	16.471809	20.065764	35.105048
-2.014143	-1.929964	5.026578	9.935253	0.663054	-22.560078	14.234103	19.159573	34.810811
4.272013	-1.070901	6.861331	7.145970	4.695484	-23.405507	11.717673	18.138418	34.475837
4.744718	0.594068	6.445276	4.532799	8.444450	-24.044544	9.191966	17.111003	34.135107
-0.630507	0.642552	6.386836	4.443680	8.572744	-24.063626	9.101216	17.074037	34.122777
-4.806295	0.691121	6.325398	4.354999	8.700469	-24.082426	9.010534	17.037096	34.110451
5.454465	1.544112	3.868820	2.287535	11.705182	-24.462795	6.764434	16.120903	33.803178
-5.907657	-0.251630	-0.032395	0.507814	14.377091	-24.680011	4.514219	15.200603	33.491451
-4.287317	-1.753745	-4.540433	-1.067615	16.927027	-24.728508	1.962997	14.153993	33.133124
-1.474302	-1.276626	-7.136283	-2.075182	18.891719	-24.566834	-0.589456	13.103128	32.769175
-1.159106	-1.238514	-7.167261	-2.095855	18.941266	-24.558677	-0.666567	13.071317	32.758092
0.587766	-1.199341	-7.195046	-2.115929	18.990218	-24.550329	-0.743676	13.039503	32.747003
6.407712	0.361735	-6.772457	-2.443755	20.133018	-24.230774	-2.946818	12.128737	32.427902
-4.340213	2.296885	-4.470111	-2.345019	20.769092	-23.755699	-5.146324	11.215599	32.104687
-6.335632	1.928688	-0.265387	-1.832994	20.878944	-22.995767	-7.737729	10.133662	31.717374
-1.666811	-2.313593	4.121924	-1.089886	20.318013	-22.022209	-10.315305	9.049452	31.324402
6.307812	-2.410866	4.249317	-1.062655	20.286956	-21.984777	-10.403898	9.012020	31.310746
-6.307918	-2.499050	4.373953	-1.035428	20.255154	-21.947119	-10.492392	8.974619	31.297096
-5.680883	0.729661	7.023386	0.218484	17.385263	-19.504738	-15.270090	6.934939	30.543541
5.397136	1.986128	2.226950	0.410902	12.534095	-16.340442	-19.934956	4.893093	29.770533
-0.747822	1.780844	2.075494	0.405321	12.420157	-16.269797	-20.028638	4.851424	29.754556
-5.329158	1.569323	1.922747	0.399477	12.305860	-16.199004	-20.122178	4.809787	29.738584
-4.703015	1.246507	1.687047	0.390051	12.130495	-16.090526	-20.264870	4.746215	29.714180
-1.444616	0.927948	1.448699	0.380041	11.954136	-15.981590	-20.407400	4.682644	29.689758
4.383418	-1.741848	-1.661465	0.211313	9.627764	-14.553874	-22.212403	3.871098	29.376280
-3.411560	-0.719787	-4.363132	0.000767	7.207929	-13.070168	-23.987192	3.060133	29.059817
2.150875	-0.354534	-6.390607	-0.267362	3.934359	-11.022913	-26.313887	1.973961	28.630793
-1.266222	1.009225	-6.385173	-0.425027	0.780709	-8.947738	-28.572259	0.889773	28.196465
-0.077066	1.010306	-6.355333	-0.427082	0.689726	-8.885504	-28.638853	0.857293	28.183358
1.232712	1.008421	-6.323825	-0.428959	0.598915	-8.823221	-28.705444	0.824782	28.170232
-0.424255	0.733307	-4.813913	-0.421510	-1.879131	-7.045726	-30.586957	-0.107831	27.791264
-1.196262	0.274663	-2.490268	-0.341296	-4.052174	-5.309918	-32.403306	-1.038152	27.408426
0.590473	-0.148648	0.471080	-0.199331	-6.097957	-3.426443	-34.377119	-2.091554	26.968948
2.304842	-0.474740	3.037471	-0.008339	-7.673222	-1.677148	-36.245533	-3.141021	26.524553
-2.326831	-0.485877	3.115701	-0.000113	-7.722948	-1.614816	-36.313276	-3.180202	26.507831
-0.736016	-0.495328	3.192283	0.008197	-7.772009	-1.552727	-36.380859	-3.219377	26.491103
2.814635	-0.274852	4.503970	0.229757	-8.733617	-0.168262	-37.922033	-4.138117	26.096030
-3.185988	0.290333	4.850639	0.508221	-9.328964	1.057034	-39.369280	-5.052977	25.697237
-1.101413	0.657769	4.102055	0.891504	-9.572460	2.231189	-40.893805	-6.087939	25.239356
3.662395	0.540689	2.400910	1.286280	-9.400176	3.154208	-42.282128	-7.116878	24.776754
2.364971	0.523769	2.326326	1.300087	-9.386672	3.183428	-42.330741	-7.154796	24.759562
-0.726143	0.505805	2.251133	1.313811	-9.372682	3.212320	-42.379198	-7.192736	24.742349
-3.705948	-0.174850	0.390235	1.600416	-8.913398	3.793093	-43.465259	-8.085908	24.334056
3.642903	-1.024065	-1.368318	1.779438	-8.242151	4.183624	-44.437559	-8.973685	23.922230
-1.610119	-1.089792	-2.796463	1.784180	-7.278755	4.409363	-45.411125	-9.987513	23.444294
-3.159598	0.254518	-3.245657	1.486348	-6.179099	4.412622	-46.227878	-10.993158	22.961790
1.244264	0.335974	-3.240491	1.467613	-6.135705	4.408696	-46.255423	-11.030637	22.943640
3.133562	0.417632	-3.233663	1.448268	-6.092157	4.404489	-46.282751	-11.068104	22.925483
2.654873	1.178083	-2.661903	0.858377	-5.052984	4.232451	-46.852268	-11.927520	22.505589
-2.583884	-0.794531	-1.504142	0.085498	-3.967342	3.925946	-47.308148	-12.780063	22.082372
1.876473	-1.273186	0.003440	-0.848936	-2.707991	3.426671	-47.693324	-13.749474	21.592660
3.023343	1.174482	1.172552	-1.635129	-1.483045	2.789981	-47.933360	-14.708889	21.098641
-0.941332	1.349143	1.218464	-1.665921	-1.425319	2.755929	-47.941363	-14.755220	21.074540
-3.099185	1.512386	1.263438	-1.695868	-1.367767	2.721586	-47.949035	-14.801556	21.050413
3.176433	1.038051	1.863175	-2.059187	-0.380349	2.065152	-48.029747	-15.628549	20.615860
5.139703	-1.613568	1.918772	-2.032499	0.493639	1.352074	-48.003704	-16.447155	20.178103
3.802623	-2.929605	1.121790	-1.550919	1.355780	0.470290	-47.835752	-17.410110	19.652902
-7.140499	0.469032	-0.438532	-0.748442	1.999410	-0.399500	-47.521564	-18.359982	19.123256
0.545513	0.607070	-0.472422	-0.729054	2.010762	-0.417853	-47.513157	-18.380417	19.111729
7.153616	0.745645	-0.506066	-0.709617	2.021999	-0.436177	-47.504683	-18.400846	19.100199
-3.465904	4.140630	-1.468051	0.072737	2.372873	-1.131187	-47.117500	-19.200530	18.644273
-6.530095	1.325117	-1.318970	0.798704	2.540827	-1.759385	-46.627599	-19.989629	18.185177
5.641822	-4.813339	-0.095184	1.380930	2.508098	-2.372481	-45.946724	-20.874908	17.658481
-1.206376	4.409426	1.235998	1.526507	2.255802	-2.865675	-45.138237	-21.745301	17.127762
-4.738699	4.617897	1.255328	1.521705	2.244619	-2.879359	-45.110306	-21.772926	17.110699
-4.652341	4.800999	1.272213	1.516239	2.233264	-2.892908	-45.082252	-21.800534	17.093631
4.128860	3.336329	0.924000	1.144361	1.862937	-3.209969	-44.265883	-22.551275	16.624083
-3.746656	-0.699104	-0.273291	0.501392	1.407531	-3.416252	-43.362198	-23.289729	16.151504
-1.329540	-3.637638	-1.323252	-0.263912	0.840576	-3.504828	-42.236922	-24.113445	15.610886
3.211241	-2.031764	-0.954325	-0.783615	0.280652	-3.425695	-41.015221	-24.920321	15.066427
-3.199154	-1.853183	-0.916505	-0.796414	0.260704	-3.419324	-40.967859	-24.950109	15.046029
1.507781	-1.664301	-0.877372	-0.808706	0.240856	-3.412702	-40.920375	-24.979872	15.025626
2.834168	2.520886	0.323570	-0.955111	-0.188550	-3.183241	-39.771547	-25.671520	14.545150
-2.392357	-0.640830	1.561609	-0.832654	-0.528265	-2.806572	-38.560764	-26.349423	14.061808
-2.237653	-1.899171	1.364070	-0.363490	-0.807913	-2.193433	-37.109090	-27.106237	13.506438
1.387877	1.922930	-1.112085	0.285054	-0.973331	-1.406552	-35.591081	-27.844163	12.947420
-1.373151	1.353601	-1.192884	0.307365	-0.977106	-1.374553	-35.533645	-27.871143	12.926631
-0.285781	0.761829	-1.270030	0.329302	-0.980700	-1.342399	-35.476176	-27.898074	12.905855
1.091106	-2.185448	-1.900857	0.682250	-1.012948	-0.552933	-34.125564	-28.513471	12.423953
1.087929	2.574231	-0.408177	0.620629	-0.944060	0.307533	-32.737193	-29.114283	11.939442
-0.783750	-1.284536	1.463569	0.174075	-0.745276	1.370203	-31.074325	-29.797101	11.370300
-1.157844	-3.667357	2.203061	-0.367455	-0.458399	2.458733	-29.374258	-30.459070	10.797687
0.737846	-3.587383	2.197230	-0.388996	-0.444022	2.508223	-29.296200	-30.488665	10.771570
1.184852	-3.491603	2.187561	-0.410032	-0.429575	2.557651	-29.218133	-30.518196	10.745462
-2.008137	-0.154390	1.395761	-0.710304	-0.144505	3.492010	-27.715406	-31.074088	10.245107
-2.028112	3.123787	-0.085206	-0.790365	0.134636	4.389544	-26.195960	-31.613514	9.742187
2.848120	4.806771	-1.790992	-0.562733	0.423961	5.365535	-24.391668	-32.227306	9.146566
-3.909271	3.315555	-2.428248	0.006716	0.685644	6.214866	-22.579564	-32.817190	8.547521
-3.866084	3.073181	-2.420570	0.028829	0.693329	6.237900	-22.525314	-32.834464	8.529547
-1.654753	2.814959	-2.411076	0.051193	0.701007	6.260760	-22.471120	-32.851699	8.511587
5.019767	-4.945925	-1.414128	0.722532	0.919330	6.835973	-20.952588	-33.326031	8.006757
-3.862070	-0.826466	0.663664	1.233819	1.154312	7.267818	-19.439531	-33.782849	7.499577
-7.347235	4.624929	2.428856	1.153918	1.456456	7.561506	-17.653850	-34.302911	6.893353
8.354816	0.111954	1.426574	0.093518	1.707300	7.577122	-15.890114	-34.797196	6.283899
-8.380711	-0.179935	1.360413	0.051171	1.713331	7.572649	-15.835421	-34.812215	6.264810
-1.416518	-0.473406	1.292826	0.008555	1.719228	7.567854	-15.780701	-34.827222	6.245700
8.959904	-4.125127	-0.851691	-1.143720	1.814184	7.306853	-14.280566	-35.231073	5.717207
-9.244547	3.949524	-2.321298	-1.833729	1.725068	6.790720	-12.797900	-35.614960	5.186383
9.277802	-3.810192	-1.032780	-1.511662	1.311153	5.912427	-11.133601	-36.026290	4.580731
-0.765585	-3.581911	1.245494	-0.301865	0.594512	4.766460	-9.490440	-36.410894	3.972178
-5.718240	-3.369716	1.317594	-0.245506	0.562374	4.718633	-9.428875	-36.424874	3.949165
-9.000111	-3.150566	1.387552	-0.188674	0.529927	4.670534	-9.367391	-36.438803	3.926165
-8.011782	2.457425	2.156436	1.197004	-0.290746	3.466585	-7.941517	-36.752796	3.388308
7.875699	3.365503	0.659963	2.325887	-1.116719	2.128624	-6.533007	-37.045355	2.848246
-6.858876	-3.015342	-2.042824	2.400406	-1.875826	0.481439	-4.948697	-37.352357	2.229760
-0.945317	2.484324	-0.750391	0.671632	-2.329404	-1.248288	-3.388451	-37.630493	1.608539
5.515716	2.501638	-0.663763	0.607044	-2.336439	-1.297744	-3.344844	-37.637907	1.590996
-5.474490	2.495749	-0.575457	0.542074	-2.343115	-1.347225	-3.301256	-37.645297	1.573451
4.152817	-1.976778	1.915922	-1.359417	-2.357563	-2.858075	-1.985701	-37.858768	1.039067
-2.879635	0.624997	1.594096	-2.431920	-1.940531	-4.361951	-0.688836	-38.050336	0.502749
1.813334	1.003720	-0.646195	-2.444044	-0.848184	-6.068568	0.804267	-38.246246	-0.127206
-0.267698	-0.806409	-1.695498	-1.063537	0.614961	-7.632402	2.270524	-38.411221	-0.759765
-1.628647	-0.811428	-1.651235	-0.969652	0.681473	-7.698109	2.336128	-38.417936	-0.788406
1.649275	-0.800664	-1.596718	-0.873383	0.747586	-7.763315	2.401676	-38.424587	-0.817053
-2.484682	1.002595	0.484451	1.097760	1.856567	-8.895646	3.637036	-38.538741	-1.362663
3.900197	-1.517748	1.563202	2.232653	2.430575	-9.781400	4.851494	-38.629314	-1.910113
-5.737853	2.406045	-0.748984	1.126990	2.087571	-10.445554	6.264543	-38.705730	-2.561949
-3.365625	0.859219	-1.504394	-0.990545	0.935495	-10.683832	7.646412	-38.747937	-3.216280
7.126693	0.118252	-1.489324	-1.041858	0.895204	-10.684466	7.685535	-38.748637	-3.235066
-7.153356	-0.626392	-1.472607	-1.091941	0.854641	-10.684757	7.724631	-38.749308	-3.253854
7.567515	-3.765893	-0.150619	-1.957450	-0.430660	-10.535676	8.882071	-38.756117	-3.817142
-7.106666	3.740764	1.626921	-1.418666	-1.642959	-10.084171	10.013558	-38.736984	-4.382193
5.656067	-3.173863	-0.719403	0.747083	-2.504964	-9.213267	11.275222	-38.682734	-5.031668
1.851234	1.025940	-2.010855	1.936482	-2.365959	-8.030439	12.496749	-38.593463	-5.683357
-4.183393	1.363702	-1.991872	1.923834	-2.346987	-7.999194	12.525176	-38.590919	-5.698824
4.148407	1.695137	-1.970194	1.908678	-2.327219	-7.967813	12.553579	-38.588355	-5.714291
-0.496876	2.157619	0.207491	0.127933	-1.175942	-6.733649	13.575306	-38.480803	-6.280885
0.543635	-2.601837	2.526587	-2.168928	0.354222	-5.359692	14.562109	-38.346223	-6.849035
0.693299	6.768248	-3.166705	-0.884900	2.871171	-1.799794	16.742050	-37.919127	-8.197015
1.633194	-13.333700	3.400914	3.443118	2.565215	1.769815	18.687040	-37.335150	-9.552878
-2.317608	-10.681348	3.469933	3.432583	2.525699	1.832034	18.720225	-37.322990	-9.577729
3.013352	-9.755725	3.530984	3.416182	2.484889	1.894040	18.753296	-37.310786	-9.602562
-4.037133	-8.309860	3.607079	3.380940	2.422388	1.985117	18.801873	-37.292703	-9.639163
5.042111	-2.256933	3.667322	3.332059	2.357187	2.075777	18.850231	-37.274513	-9.675750
-8.410493	2.789902	3.701834	3.287335	2.307766	2.141917	18.885515	-37.261121	-9.702540
-13.609245	7.379063	3.728514	3.234916	2.257000	2.207804	18.920669	-37.247676	-9.729313
-16.842763	16.163178	2.889388	1.344330	1.213191	3.296757	19.503899	-37.008814	-10.186162
6.954033	-5.963239	-0.296737	-1.552526	-0.048152	4.310631	20.056012	-36.751602	-10.643781
28.813241	-19.327207	-4.008090	-4.833796	-1.827150	5.561199	20.765528	-36.365824	-11.277141
29.415685	-11.934879	-1.942892	-5.028259	-3.245580	6.615212	21.410807	-35.944327	-11.911831
-10.057111	14.436895	2.738771	-2.666631	-3.983972	7.496126	22.003466	-35.474040	-12.564701
-21.390994	17.549664	4.107098	1.130146	-4.024027	8.184048	22.522404	-34.965250	-13.218790
-20.227319	15.857470	3.955768	1.377841	-4.007000	8.219122	22.550883	-34.933763	-13.257735
-9.583109	13.928207	3.774046	1.626335	-3.987952	8.253554	22.579091	-34.902137	-13.296683
15.350349	-14.756579	-0.832300	5.043424	-3.485730	8.689304	22.964395	-34.417772	-13.873721
12.150400	-6.714589	-4.206897	6.702666	-2.626376	8.990526	23.287791	-33.902898	-14.451537
-5.093103	7.757698	-2.043230	4.792515	-1.278701	9.180361	23.585377	-33.259836	-15.130054
2.108491	-3.753477	4.184227	0.602337	0.279646	9.202539	23.791949	-32.573938	-15.809454
1.298491	-3.943468	4.345463	0.406159	0.351595	9.199741	23.799035	-32.542238	-15.839874
-1.971651	-4.045025	4.483946	0.211259	0.423611	9.196624	23.805935	-32.510451	-15.870295
1.694879	1.980068	3.642897	-3.211541	1.799165	9.075825	23.902133	-31.882887	-16.455006
-2.708604	-0.228118	0.660188	-5.901640	3.085864	8.842440	23.928667	-31.222976	-17.040229
0.544961	-0.236188	-0.568315	-7.856644	4.312261	8.440595	23.874398	-30.426512	-17.711550
5.807415	0.332575	-1.166319	-8.352480	5.117816	7.899311	23.731827	-29.587368	-18.383346
1.404291	0.233624	-1.222326	-8.339075	5.137845	7.876178	23.724743	-29.554827	-18.408741
-5.863993	0.130126	-1.282257	-8.323193	5.157060	7.852834	23.717530	-29.522199	-18.434157
5.996667	-0.885140	-3.363456	-7.235562	5.381427	7.248920	23.512854	-28.736943	-19.032549
5.184665	0.914379	-5.359132	-4.823190	5.208983	6.546750	23.242834	-27.919208	-19.631155
-5.018375	3.918065	-6.048909	-1.006881	4.620481	5.676051	22.871550	-26.979310	-20.292557
-1.900645	4.359090	-3.610959	3.150876	3.680413	4.728810	22.426987	-26.002423	-20.954010
5.288089	4.172339	-3.394004	3.335566	3.629356	4.683366	22.404624	-25.956192	-20.984723
-5.332561	3.955472	-3.167113	3.518839	3.577660	4.637779	22.382096	-25.909853	-21.015456
0.262501	-5.283902	2.167929	6.623013	2.466067	3.735762	21.916419	-24.997008	-21.611027
8.888596	-7.068100	6.258123	8.367662	1.181353	2.810405	21.397352	-24.056934	-22.206498
-11.469798	8.308387	6.654618	7.903864	-0.394119	1.762178	20.752408	-22.967357	-22.876891
4.143727	4.003151	2.156808	4.812263	-1.989919	0.731507	20.047377	-21.846908	-23.546980
13.567843	3.535108	1.943678	4.667951	-2.045711	0.695327	20.021130	-21.806335	-23.570911
-13.619961	3.060907	1.728948	4.522054	-2.101362	0.659201	19.994812	-21.765725	-23.594842
2.271094	-6.115301	-3.534717	0.608489	-3.420485	-0.216241	19.319387	-20.746431	-24.188510
11.394620	-10.098462	-6.575872	-3.088047	-4.560527	-1.039396	18.602987	-19.705912	-24.781765
13.496149	-7.725012	-4.795748	-5.804780	-5.510214	-1.871927	17.761897	-18.525897	-25.440720
7.650970	2.638375	0.363649	-6.861200	-6.008114	-2.594359	16.877562	-17.323246	-26.098956
0.738245	3.246776	0.637652	-6.873891	-6.018869	-2.626816	16.832760	-17.263197	-26.131499
-5.085118	3.839694	0.909677	-6.883082	-6.028218	-2.658942	16.787862	-17.203096	-26.164039
-10.297262	8.479912	4.937716	-6.441342	-5.960164	-3.188061	15.948397	-16.092676	-26.760186
-4.856292	1.999265	5.631487	-4.863533	-5.482859	-3.601782	15.079776	-14.966740	-27.355574
6.886144	-5.799947	2.617837	-1.927842	-4.561363	-3.929036	14.079715	-13.693835	-28.018913
-5.536106	-1.933236	-2.271200	1.429102	-3.329518	-4.125318	13.050972	-12.405285	-28.681119
5.049433	-1.614714	-2.432403	1.546331	-3.278817	-4.130283	13.012033	-12.356864	-28.705837
5.457065	-1.294150	-2.589554	1.662388	-3.227787	-4.135088	12.973027	-12.308384	-28.730574
-4.749671	2.755351	-4.416966	3.889686	-1.942911	-4.202474	12.035453	-11.149788	-29.318488
4.346919	-1.748744	-1.646061	4.725632	-0.570418	-4.185502	11.080641	-9.981799	-29.905362
-4.037570	1.135400	2.410771	4.215433	0.983738	-4.075907	9.986686	-8.655827	-30.565479
3.656347	-1.075178	3.092982	2.722706	2.415419	-3.882260	8.877086	-7.321613	-31.224080
-0.213486	-1.082931	3.044776	2.657588	2.464507	-3.873666	8.835885	-7.272247	-31.248352
-3.619491	-1.070345	2.991713	2.592088	2.513284	-3.864974	8.794667	-7.222872	-31.272623
3.078947	1.386933	0.774914	0.961542	3.579899	-3.629636	7.803904	-6.039172	-31.852690
-2.440222	-1.832038	-1.384773	-0.606324	4.424569	-3.347644	6.806192	-4.852028	-32.431417
1.768827	-0.046795	-1.933741	-1.927675	5.043051	-2.997441	5.713017	-3.554178	-33.061356
-1.252464	2.952273	-1.354133	-2.573018	5.291250	-2.614663	4.619261	-2.255620	-33.689501
0.994894	-0.651983	-0.538450	-2.549105	5.107878	-2.194776	3.481232	-0.901124	-34.343241
-1.118662	-4.076056	0.149076	-1.976351	4.485866	-1.772375	2.351628	0.450293	-34.994844
1.131039	-4.069545	0.168626	-1.948807	4.456613	-1.757468	2.311705	0.498228	-35.017955
-0.821793	-4.048707	0.187761	-1.920888	4.426913	-1.742572	2.271799	0.546157	-35.041063
-1.624836	-0.145523	0.530334	-1.148726	3.567669	-1.378827	1.291190	1.728685	-35.611407
2.337719	4.902381	0.626952	-0.353677	2.528934	-1.027649	0.324100	2.905805	-36.179924
-3.300014	-1.767583	0.480608	0.359479	1.241462	-0.651012	-0.754789	4.235570	-36.823853
0.240288	-5.458020	0.231553	0.761741	-0.047564	-0.306451	-1.807535	5.554641	-37.465229
3.170029	-5.466182	0.221877	0.770842	-0.094822	-0.294193	-1.846676	5.604166	-37.489373
4.416738	-5.466570	0.212249	0.779515	-0.141891	-0.282003	-1.885740	5.653632	-37.513493
5.810962	-3.889805	0.009261	0.871324	-1.163437	-0.021367	-2.761969	6.773776	-38.061156
6.266545	-1.105263	-0.157262	0.792609	-2.062279	0.203928	-3.612669	7.883313	-38.606828
6.269051	0.811952	-0.294426	0.555978	-2.909846	0.416570	-4.571260	9.163890	-39.241433
-6.325466	2.286568	-0.357218	0.246899	-3.489407	0.568661	-5.489770	10.426298	-39.873119
5.140219	2.476725	-0.358196	0.230541	-3.511152	0.574771	-5.536225	10.491184	-39.905772
6.303367	2.676140	-0.358929	0.214237	-3.532015	0.580696	-5.582538	10.555978	-39.938397
-2.612779	4.897416	-0.324997	-0.051890	-3.747046	0.653041	-6.354347	11.652432	-40.493577
-5.247574	1.726455	-0.160773	-0.275267	-3.672443	0.668992	-7.090270	12.731596	-41.046302
4.329901	-3.963045	0.321400	-0.417614	-3.216211	0.621661	-7.876445	13.932973	-41.670165
2.035501	2.579784	0.832321	-0.311419	-2.420015	0.518888	-8.604807	15.108310	-42.290651
-3.402404	2.970443	0.828966	-0.303749	-2.396411	0.515700	-8.622513	15.137832	-42.306380
3.381377	3.347438	0.824224	-0.295794	-2.372700	0.512493	-8.640157	15.167301	-42.322088
-1.657247	1.473544	-0.024028	0.112130	-1.477152	0.386957	-9.230282	16.186304	-42.870034
-2.244025	-2.474692	-1.307477	0.534139	-0.520174	0.243447	-9.765009	17.181779	-43.415190
1.885490	2.253864	-1.377869	0.635374	0.501804	0.075843	-10.292846	18.267672	-44.022713
-1.719038	-2.261543	1.154600	0.264171	1.350900	-0.082913	-10.739094	19.320268	-44.626512
1.716425	-1.593988	1.238259	0.242693	1.378841	-0.088548	-10.754357	19.359580	-44.649378
-1.096307	-0.896445	1.317581	0.220768	1.406463	-0.094149	-10.769504	19.398872	-44.672257
-1.729602	2.395788	1.772522	-0.370913	1.940365	-0.210988	-11.083412	20.292703	-45.199522
1.860160	-1.275337	-0.258733	-0.967167	2.241021	-0.295505	-11.325674	21.158412	-45.723771
-2.110327	-2.636527	-2.112115	-1.210256	2.241252	-0.339341	-11.512588	22.111813	-46.318791
1.802599	2.466368	-0.326652	-0.627800	1.861111	-0.326943	-11.602899	23.026609	-46.909653
2.428736	2.553218	-0.227199	-0.593939	1.841332	-0.325462	-11.604399	23.059459	-46.931269
-1.114564	2.620513	-0.127892	-0.559442	1.821218	-0.323910	-11.605771	23.092255	-46.952879
-2.706383	0.260812	1.923971	0.387023	1.262369	-0.266392	-11.601038	23.859242	-47.466846
2.921526	-2.422264	2.460129	1.334366	0.625929	-0.171624	-11.525348	24.596213	-47.977480
-3.044037	2.349104	0.327268	2.044551	-0.058163	-0.021388	-11.353545	25.402760	-48.557670
2.966330	1.701681	-1.768307	2.227842	-0.562146	0.170159	-11.093053	26.169968	-49.133289
-2.686038	1.537495	-1.823830	2.224546	-0.576594	0.178053	-11.081724	26.197650	-49.154537
-2.950759	1.369476	-1.877445	2.220553	-0.590720	0.185998	-11.070285	26.225256	-49.175761
2.686179	-1.931284	-2.529560	1.948508	-0.835577	0.384667	-10.774680	26.845540	-49.662327
0.672048	-2.513375	-1.979637	1.377637	-0.946686	0.613121	-10.417959	27.437242	-50.145430
-0.851001	-0.499012	-0.372203	0.416189	-0.941959	0.911752	-9.920081	28.099072	-50.711291
-1.847567	1.275385	1.335695	-0.727770	-0.827491	1.209302	-9.341464	28.721010	-51.272097
-0.956410	1.290980	1.389636	-0.773307	-0.821452	1.220149	-9.317742	28.744025	-51.293463
1.851922	1.305546	1.442210	-0.818899	-0.815310	1.230937	-9.293905	28.766982	-51.314822
-2.048664	2.164357	2.142495	-1.836754	-0.655905	1.451918	-8.730944	29.265290	-51.790669
1.800499	2.760542	1.603296	-2.760388	-0.470404	1.617402	-8.112160	29.734346	-52.262675
3.012527	1.115292	-0.294349	-3.391334	-0.253843	1.707504	-7.337354	30.235312	-52.798125
-3.538853	-2.461206	-1.587331	-3.182303	-0.059532	1.657602	-6.494545	30.697936	-53.328344
3.859625	2.219615	-0.707742	-1.916986	0.097555	1.438398	-5.597219	31.119480	-53.849702
-3.815490	-0.469772	0.772087	-0.004745	0.208521	1.023125	-4.650736	31.503256	-54.365768
3.802311	-1.066812	0.822899	0.087426	0.212263	0.999420	-4.607197	31.519630	-54.388855
-3.788075	-1.651402	0.871011	0.179650	0.215885	0.975282	-4.563613	31.535917	-54.411915
3.319503	-2.046233	0.974611	2.015156	0.257860	0.380919	-3.653330	31.853739	-54.883402
1.010527	2.089920	-0.556310	3.345527	0.203253	-0.384747	-2.722663	32.139369	-55.350255
-2.715263	2.259536	-0.617269	3.383843	0.196505	-0.426689	-2.675639	32.152859	-55.373567
2.689867	2.392128	-0.672276	3.418544	0.189285	-0.468900	-2.628598	32.166267	-55.396866
-2.323071	-2.256154	-0.714968	3.429649	-0.023712	-1.307414	-1.736725	32.404927	-55.835933
2.163362	-3.635990	0.173410	2.452687	-0.318197	-2.178079	-0.851207	32.614526	-56.270701
-2.202011	4.419473	0.656364	0.528579	-0.632499	-3.152773	0.158228	32.822376	-56.772451
1.171631	0.314110	-0.235744	-1.587193	-0.762877	-3.990662	1.124501	32.990793	-57.268282
2.428950	-0.094091	-0.282834	-1.666206	-0.761940	-4.021522	1.164004	32.997026	-57.289051
-0.980729	-0.505669	-0.329272	-1.743763	-0.760380	-4.051979	1.203424	33.003195	-57.309825
-2.694663	-5.307075	-0.852417	-2.854772	-0.577930	-4.562839	1.968484	33.112145	-57.724277
2.928749	1.596944	-0.104834	-2.847855	-0.069637	-4.850980	2.678270	33.192975	-58.134467
-2.526528	4.095624	1.238426	-1.646500	0.843229	-4.859956	3.449848	33.252849	-58.620088
-2.902232	4.492657	1.125813	0.273152	1.743650	-4.462844	4.134669	33.272571	-59.099583
1.530816	4.409337	1.071380	0.346607	1.772707	-4.438857	4.159310	33.272529	-59.117935
2.873055	4.310136	1.012794	0.419405	1.801156	-4.414184	4.183841	33.272428	-59.136292
-1.580972	-0.562001	-0.792624	1.724716	2.219033	-3.709819	4.684059	33.255581	-59.532363
-1.913980	-3.102831	-1.888624	2.137171	2.108152	-2.676553	5.122761	33.210780	-59.924156
1.538695	2.318888	0.053232	0.951338	1.107225	-1.019530	5.575835	33.117982	-60.398418
-1.867166	-1.808203	2.164298	-1.083412	-0.566822	0.934030	5.934703	32.984125	-60.866266
0.184239	-1.813280	2.163327	-1.093527	-0.576833	0.944941	5.936358	32.983304	-60.868738
1.876056	-1.817677	2.162158	-1.103563	-0.586796	0.955797	5.938001	32.982488	-60.871196
-2.908391	1.720619	0.380226	-2.316035	-2.213516	2.697356	6.163226	32.839886	-61.256145
1.946025	1.429198	-1.579381	-2.527706	-3.790445	4.429246	6.321059	32.670092	-61.636680
5.811482	-2.215346	-2.015865	-1.082911	-5.222539	6.274685	6.417995	32.441382	-62.070384
-6.565141	-0.481799	0.015112	1.933550	-5.865223	7.813976	6.421753	32.179013	-62.498196
4.313682	-0.148126	0.124866	2.078125	-5.870223	7.875156	6.419679	32.166332	-62.517476
6.574611	0.187976	0.233263	2.221516	-5.872895	7.935539	6.417408	32.153585	-62.536743
1.487474	2.835122	1.555890	4.414346	-5.450265	8.932032	6.336584	31.898963	-62.900736
-5.046033	0.139461	0.632045	4.720323	-4.019534	9.640975	6.183773	31.621727	-63.260380
3.377584	-2.847449	-0.966689	2.341979	-1.089842	10.098788	5.920421	31.276118	-63.668893
-1.806043	2.635933	-0.646444	-1.989342	2.602485	10.169183	5.567074	30.903717	-64.071639
-0.981882	2.580496	-0.590200	-2.210232	2.776725	10.163009	5.548897	30.886082	-64.089909
1.686044	2.476030	-0.531709	-2.431724	2.950733	10.156010	5.530562	30.868408	-64.108156
-0.817219	-2.435416	0.433225	-6.404692	6.098087	9.869840	5.156541	30.527345	-64.448242
0.363336	-1.403000	0.070463	-9.017531	8.686161	9.284384	4.730420	30.169018	-64.784106
-0.347674	2.394152	-0.296959	-9.027783	10.509873	8.192640	4.165745	29.721777	-65.178119
-0.440401	-0.879552	0.537249	-5.298219	10.971637	6.689509	3.549792	29.253378	-65.566185
0.449666	-1.018248	0.563801	-5.134243	10.966503	6.636937	3.530052	29.238571	-65.578095
-0.459074	-1.153292	0.589449	-4.967882	10.960288	6.584020	3.510275	29.223745	-65.589999
0.469275	-2.731948	0.876832	0.469699	10.373777	4.972328	2.942989	28.801356	-65.920980
1.227675	-1.463519	0.252721	6.761007	9.087943	3.145845	2.354825	28.365643	-66.247537
-1.898085	-0.156969	-1.459379	13.830001	6.968937	0.886938	1.673757	27.857758	-66.611892
2.765202	1.900655	-3.533065	19.478469	4.336328	-1.499559	0.987604	27.335983	-66.970570
-2.800422	0.071394	-3.588435	19.635301	4.234002	-1.586926	0.962935	27.316947	-66.983387
2.835899	-1.828841	-3.640395	19.787995	4.131313	-1.674280	0.938295	27.297911	-66.996185
-4.907429	0.550043	1.429593	22.370291	-1.809345	-6.294484	-0.341013	26.268474	-67.664039
6.492734	4.682769	10.855618	15.378222	-8.110704	-10.529628	-1.514372	25.206575	-68.311402
-0.888850	1.321631	10.601466	15.146791	-8.235296	-10.608385	-1.536698	25.184605	-68.324425
-6.528624	-1.711879	10.315260	14.911861	-8.359633	-10.686809	-1.558963	25.162609	-68.337450
6.550938	-4.478969	9.882328	14.593187	-8.525009	-10.790855	-1.588556	25.133240	-68.354821
3.472932	-5.744570	9.389505	14.268703	-8.689713	-10.894180	-1.618006	25.103856	-68.372176
0.620989	11.863882	-2.597370	8.636308	-11.102034	-12.373912	-2.048658	24.653665	-68.635187
-7.181628	6.706143	-12.925588	1.870755	-13.261171	-13.643722	-2.439937	24.200892	-68.894655
-5.322642	-19.129170	-18.282170	-7.938457	-15.479463	-14.882979	-2.867631	23.628500	-69.216284
11.254461	-41.987273	-14.372729	-18.470489	-16.972068	-15.648398	-3.212237	23.055033	-69.532317
-7.444172	-43.000718	-14.070433	-18.830900	-17.009172	-15.665745	-3.222717	23.034837	-69.543346
-11.534248	-44.036820	-13.757573	-19.189232	-17.045114	-15.682390	-3.233069	23.014658	-69.554358
15.992688	-59.757163	-2.393079	-27.387735	-17.553402	-15.864932	-3.452462	22.509905	-69.827842
-9.368013	-13.862291	14.373893	-33.416460	-17.209899	-15.574192	-3.590635	22.006864	-70.096997
-30.348419	70.241438	30.837441	-36.359767	-15.539266	-14.700985	-3.644516	21.441265	-70.396295
38.698498	94.497530	32.750487	-33.655803	-12.313709	-13.322747	-3.589007	20.880990	-70.690063
40.105402	94.483813	32.394793	-33.428982	-12.173153	-13.265191	-3.585043	20.861106	-70.700448
-13.726568	94.440199	32.005162	-33.192366	-12.031058	-13.207093	-3.580944	20.841231	-70.710826
-49.144150	67.534801	13.851458	-24.666417	-8.096532	-11.611751	-3.437662	20.353709	-70.964726
2.516093	-32.604589	-12.436118	-12.527781	-3.556792	-9.741601	-3.215366	19.872439	-71.214357
65.957490	-107.155169	-36.804148	2.822017	1.955582	-7.338628	-2.868624	19.331724	-71.494056
-71.237840	-12.542936	-42.134281	16.983371	7.366206	-4.724184	-2.426455	18.800988	-71.768224
-72.210859	-8.374399	-42.012553	17.383773	7.524875	-4.641799	-2.411482	18.784936	-71.776514
72.346938	-4.220785	-41.876653	17.781658	7.682836	-4.559374	-2.396438	18.768910	-71.784791
-17.824584	87.874039	-32.770955	28.197317	11.932576	-2.145326	-1.927495	18.312163	-72.020741
-75.172734	91.794051	-17.015953	36.156394	15.393719	0.314918	-1.390355	17.864029	-72.252433
-28.360788	-2.845723	3.280492	41.329449	17.945622	3.073746	-0.706864	17.370088	-72.508170
23.309040	-67.897138	23.572583	41.558384	18.632034	5.748433	0.057192	16.887407	-72.758523
47.407501	-67.345138	24.310057	41.457364	18.615329	5.846671	0.087550	16.869420	-72.767861
67.976047	-66.479167	25.044094	41.347822	18.595348	5.944680	0.118018	16.851450	-72.777192
-28.237555	4.639328	40.185082	36.054648	17.253316	8.179853	0.865387	16.433752	-72.994250
-55.417441	43.172699	46.937634	24.889914	14.493393	10.276552	1.671629	16.024829	-73.207102
-11.587107	10.385810	36.919613	5.906474	10.075853	12.488519	2.665733	15.566807	-73.445942
36.934828	-21.435124	7.599119	-14.777648	4.869288	14.470367	3.731612	15.120208	-73.679282
-8.167104	-21.285556	6.285621	-15.438741	4.685849	14.533181	3.768955	15.105273	-73.687094
-36.272838	-21.003856	4.952986	-16.094822	4.502186	14.595700	3.806376	15.090351	-73.694899
27.772634	9.965219	-29.038099	-30.601338	-0.259784	16.108365	4.802616	14.708442	-73.894839
12.447972	10.756343	-42.321434	-37.628254	-4.768060	17.403804	5.849618	14.335266	-74.090553
3.153738	-8.436058	-29.101023	-33.426674	-9.141268	18.583948	7.091673	13.923913	-74.306702
-9.154081	5.474212	3.511877	-19.932943	-12.557998	19.437510	8.393014	13.523635	-74.517464
9.088330	6.601698	4.670730	-19.346079	-12.660631	19.461628	8.440549	13.509543	-74.524892
-1.694434	7.685626	5.811467	-18.754910	-12.761779	19.485275	8.488116	13.495478	-74.532307
-9.393929	4.767681	26.859264	-3.368118	-14.793858	19.922132	9.681069	13.153709	-74.712644
-10.931802	-7.841645	32.192210	11.170983	-15.884268	20.068022	10.915408	12.820385	-74.888855
-9.121506	-6.674965	24.017514	22.847773	-15.865616	19.861409	12.370528	12.450632	-75.084723
15.677526	7.429379	5.227374	27.962776	-14.401259	19.262344	13.873342	12.091766	-75.275245
13.174672	7.279155	4.507025	28.018764	-14.322003	19.234389	13.927352	12.079265	-75.281889
-15.717737	7.074541	3.789159	28.066102	-14.240842	19.205994	13.981417	12.066777	-75.288527
6.469958	-2.197414	-11.983594	26.484754	-11.648241	18.369313	15.335250	11.762266	-75.450561
13.021564	-5.747727	-19.631632	19.680227	-8.071355	17.295654	16.719123	11.466039	-75.608506
-9.852979	4.645818	-12.916840	6.293629	-3.270167	15.812241	18.340109	11.136129	-75.784800
-0.454047	-3.659669	3.250916	-9.207651	1.618551	14.107199	19.990047	10.817037	-75.955727
7.019926	-3.725296	3.675537	-9.622551	1.758656	14.053421	20.039665	10.807681	-75.960746
-6.958229	-3.755056	4.089316	-10.031827	1.898212	13.999490	20.089304	10.798335	-75.965759
4.574849	2.330425	10.825311	-18.400176	5.652741	12.360594	21.549373	10.529226	-76.110269
5.549108	3.241197	7.774753	-17.436191	8.552793	10.624379	23.022968	10.268282	-76.250708
-6.007364	-3.316852	1.032913	-8.718228	10.768168	8.594931	24.692190	9.984426	-76.403849
-4.423440	3.192120	-2.085780	1.485673	11.959927	6.528619	26.368263	9.710798	-76.551864
6.839720	3.376830	-2.169652	1.976508	11.998245	6.412622	26.462289	9.695765	-76.560008
0.001752	3.485020	-2.249224	2.452655	12.033647	6.296655	26.556317	9.680764	-76.568135
-7.555034	-0.331459	-3.002590	7.774292	12.221536	4.509002	28.013060	9.452386	-76.692027
-7.482849	-3.563827	-2.583078	8.953066	11.793650	2.752890	29.466853	9.231643	-76.812072
8.319457	-3.553379	-1.155580	6.092476	10.689146	0.714253	31.186730	8.979054	-76.949817
-8.110806	2.933603	-0.343651	1.264808	9.142414	-1.266666	32.891223	8.737180	-77.082134
0.448161	3.143461	-0.319607	1.067731	9.070031	-1.349418	32.963147	8.727148	-77.087631
8.068609	3.331925	-0.295724	0.873628	8.997233	-1.432059	33.035033	8.717136	-77.093118
1.332004	2.932406	0.053188	-2.038069	7.473315	-3.065815	34.468092	8.520345	-77.201130
-6.595598	-0.870841	-0.014620	-2.218379	5.916174	-4.652219	35.881626	8.331235	-77.305228
-0.303366	-2.315414	0.074993	0.774429	4.221053	-6.420576	37.483462	8.122541	-77.420485
4.532960	-0.312442	0.680199	5.983335	2.660555	-8.118750	39.048570	7.923990	-77.530546
-4.502534	-0.186292	0.707904	6.198516	2.605890	-8.179589	39.105144	7.916907	-77.534480
-3.726004	-0.059942	0.735706	6.414575	2.551445	-8.240278	39.161615	7.909844	-77.538404
3.888449	1.520704	1.364310	11.704712	1.305246	-9.656930	40.489937	7.745482	-77.629875
-3.512886	-1.215936	1.681740	16.641284	0.156298	-11.014491	41.781786	7.588773	-77.717402
-0.173742	-1.203972	1.339929	21.020319	-1.051153	-12.503542	43.221456	7.417497	-77.813464
3.128153	0.612689	0.248897	24.216976	-2.136142	-13.906911	44.601849	7.256290	-77.904310
-3.124918	0.644107	0.202358	24.300810	-2.167247	-13.948192	44.642824	7.251546	-77.906990
-2.193293	0.672799	0.154989	24.383927	-2.198212	-13.989350	44.683699	7.246816	-77.909663
-1.448367	0.682031	-1.586189	26.534998	-3.037980	-15.131096	45.826634	7.115437	-77.984081
3.037455	0.024547	-3.839496	28.401886	-3.790595	-16.202527	46.916320	6.991587	-78.054576
0.818100	-0.887874	-5.321908	30.465114	-4.543642	-17.330950	48.085124	6.859943	-78.129932
-3.456037	-0.243542	-3.842010	32.677512	-5.194122	-18.358206	49.174633	6.737928	-78.200242
3.476771	-0.104342	-3.688211	32.786622	-5.223369	-18.405629	49.225683	6.732219	-78.203544
2.972337	0.044725	-3.527189	32.895605	-5.252389	-18.452793	49.276530	6.726532	-78.206835
-3.957022	1.514351	0.346408	34.794150	-5.726373	-19.238128	50.136161	6.630323	-78.262702
4.535203	-1.908854	5.101563	36.676884	-6.135833	-19.937843	50.929415	6.541124	-78.314872
-5.293332	3.147383	7.593249	38.900267	-6.540947	-20.644629	51.772411	6.445172	-78.371495
-1.900140	3.260977	5.490031	41.148862	-6.871399	-21.218606	52.513510	6.358821	-78.423026
4.075260	2.987429	5.323813	41.248742	-6.884520	-21.240963	52.544084	6.355199	-78.425202
6.131530	2.687367	5.153754	41.348544	-6.897513	-21.263043	52.574449	6.351595	-78.427369
-6.768059	-4.114025	1.405965	43.297244	-7.128849	-21.642663	53.132216	6.284159	-78.468174
-0.760827	-0.616611	-1.983691	45.157519	-7.313221	-21.912384	53.606644	6.224098	-78.505043
7.867349	5.619081	-5.030249	47.092035	-7.468857	-22.086145	54.043410	6.164822	-78.542131
-8.253607	1.405018	-7.297909	48.761186	-7.566322	-22.125640	54.372046	6.114951	-78.574170
-5.782774	1.217246	-7.377597	48.824915	-7.569144	-22.124481	54.383621	6.113042	-78.575417
8.278883	1.046436	-7.455909	48.887972	-7.571856	-22.123099	54.394998	6.111152	-78.576655
2.281857	0.099146	-8.780386	50.037381	-7.603798	-22.046292	54.586746	6.076068	-78.600056
0.833438	-0.767485	-9.597343	50.890296	-7.590835	-21.880735	54.700451	6.048025	-78.619652
