-9.166913	-48.570183	30.931231	2.281869	3.075833	316.562051	9.754673	-97.979533	-113.541125
4.633748	-48.507705	31.033895	2.197030	3.076114	316.562142	9.757554	-97.987380	-113.534987
18.057573	-48.425291	31.136053	2.110953	3.076364	316.561594	9.760706	-97.995229	-113.528833
5.258133	-35.809285	34.282156	-1.606252	3.065189	316.145639	10.035301	-98.264574	-113.309834
-17.706135	-15.380326	36.533728	-6.744016	3.012106	314.961186	10.624315	-98.526739	-113.081161
-13.917063	0.105302	37.564069	-13.678893	2.895209	312.835859	11.600866	-98.801287	-112.823748
-5.298296	6.620394	36.693970	-21.652130	2.700955	309.845362	12.920483	-99.067394	-112.554987
4.094316	5.024539	33.931687	-30.382867	2.398850	305.898049	14.619555	-99.331684	-112.267282
14.625635	-1.441579	29.188016	-39.107673	1.970188	301.083783	16.655205	-99.586932	-111.967546
-4.018877	-1.756131	28.922620	-39.477868	1.948353	300.855318	16.751077	-99.597814	-111.954251
-14.522188	-2.067953	28.651415	-39.846940	1.926236	300.625260	16.847560	-99.608680	-111.940933
-14.470765	-5.762303	21.696513	-47.043185	1.411416	295.596858	18.943412	-99.826178	-111.664784
-10.061209	-1.240231	11.621718	-53.363414	0.762730	289.924553	21.283188	-100.036449	-111.379198
4.849295	5.056692	-3.534944	-59.049369	-0.174069	282.615678	24.269465	-100.269618	-111.038514
9.020658	-0.181118	-20.483766	-62.457133	-1.341063	274.504496	27.554515	-100.492977	-110.685305
-4.531597	-0.762095	-21.183676	-62.546117	-1.398622	274.126488	27.706973	-100.502657	-110.669344
-8.880296	-1.346301	-21.873329	-62.629333	-1.456653	273.747220	27.859888	-100.512311	-110.653370
7.554882	-4.777868	-32.453044	-63.034709	-2.698641	266.025657	30.962397	-100.697233	-110.335908
-6.459954	5.115875	-35.605172	-60.851791	-4.152460	257.743341	34.270025	-100.874572	-110.009054
5.759124	-6.091482	-33.938523	-54.805521	-6.077905	247.538288	38.320383	-101.069205	-109.621183
-5.956802	2.440054	-32.834591	-45.265849	-8.228455	236.639031	42.617924	-101.253514	-109.220915
-0.086714	2.854998	-32.760017	-44.759984	-8.330663	236.126597	42.819268	-101.261657	-109.202396
6.029552	3.251983	-32.678652	-44.248868	-8.433122	235.613113	43.020961	-101.269773	-109.183863
-4.813655	9.985299	-28.909548	-33.333997	-10.475314	225.374377	47.029468	-101.422975	-108.819112
-9.041753	4.458407	-19.169063	-20.922579	-12.585579	214.626726	51.210350	-101.567864	-108.444769
11.611890	-15.331210	-2.721256	-5.735021	-15.003556	201.812947	56.159355	-101.722274	-108.007758
-14.319364	-2.156583	15.510488	9.789934	-17.372870	188.380863	61.305955	-101.865606	-107.558465
4.702933	-1.018831	16.121203	10.332639	-17.454571	187.896535	61.490745	-101.870452	-107.542410
14.505230	0.129476	16.727252	10.874671	-17.536117	187.411467	61.675764	-101.875284	-107.526340
-9.948572	20.857127	29.542700	23.976834	-19.497325	175.165994	66.328477	-101.990451	-107.123571
-18.612871	19.145072	36.271726	36.079487	-21.313868	162.481000	71.111712	-102.096888	-106.711574
5.913094	-9.969596	36.376541	48.049190	-23.164770	147.340020	76.772745	-102.208513	-106.225541
21.789620	-25.546010	30.214280	57.127538	-24.686275	131.659200	82.581419	-102.308149	-105.727444
21.445776	-24.971655	29.883076	57.407951	-24.736769	131.050541	82.805815	-102.311711	-105.708200
5.440328	-24.282492	29.545727	57.683235	-24.786666	130.441141	83.030406	-102.315254	-105.688937
-18.573013	4.196945	20.377202	62.474206	-25.735489	116.672670	88.084589	-102.389592	-105.255145
-22.751171	25.055904	7.850064	64.650398	-26.347498	102.563443	93.226699	-102.454952	-104.812757
-13.537714	24.924779	-11.126792	63.793896	-26.610942	85.522135	99.392968	-102.520305	-104.280042
21.219380	1.323118	-31.647911	59.167134	-26.360839	68.095186	105.656162	-102.572738	-103.735576
8.676117	0.153494	-32.306925	58.937216	-26.342725	67.482002	105.875870	-102.574328	-103.716404
-21.109951	-1.009796	-32.958640	58.702638	-26.323974	66.868423	106.095677	-102.575902	-103.697217
5.756165	-19.162179	-45.690624	51.490107	-25.664190	51.715888	111.511854	-102.609460	-103.222652
17.411982	-18.308104	-48.745652	41.435361	-24.615505	36.364851	116.979194	-102.633265	-102.739713
2.418321	-0.204371	-35.724632	26.403202	-22.902048	18.335694	123.382148	-102.648465	-102.168398
-11.860069	11.374770	-8.300133	9.028698	-20.647840	0.146587	129.829677	-102.650054	-101.585982
-10.736763	10.811141	-6.846574	8.234132	-20.536033	-0.656971	130.114353	-102.649807	-101.560088
-5.675925	10.123990	-5.376127	7.437605	-20.423083	-1.461272	130.399285	-102.649533	-101.534154
9.307448	-9.243147	24.271348	-8.211259	-18.002366	-17.199379	135.973881	-102.638755	-101.023449
-7.278599	-0.481592	49.511790	-23.365141	-15.169212	-32.970198	141.561840	-102.617540	-100.504746
-1.690297	6.462310	70.160806	-39.286785	-11.296546	-51.535619	148.148858	-102.578951	-99.883677
4.384497	-5.286716	80.875532	-51.916752	-6.836415	-70.033075	154.728954	-102.525402	-99.251740
0.088169	-5.563062	81.095568	-52.262414	-6.681273	-70.633318	154.942859	-102.523404	-99.230989
-4.348523	-5.817910	81.309122	-52.603374	-6.525643	-71.232869	155.156546	-102.521392	-99.210246
4.243668	-5.603803	85.042408	-60.111580	-2.113701	-87.259533	160.879755	-102.461372	-98.649487
-4.711795	5.207772	85.555464	-64.508307	2.757439	-103.142834	166.576971	-102.389580	-98.080674
-0.869372	7.723710	80.753793	-66.072720	8.845436	-120.945341	173.000258	-102.293613	-97.425414
6.891692	-4.855446	67.554678	-64.452097	15.500843	-138.451524	179.364895	-102.182003	-96.760003
0.684353	-5.357551	67.088565	-64.368782	15.686415	-138.916437	179.534673	-102.178791	-96.742017
-6.956545	-5.859377	66.617065	-64.283490	15.872329	-139.381092	179.704399	-102.175569	-96.724023
8.008220	-12.315367	48.605410	-60.487281	22.081041	-154.320488	185.185066	-102.064683	-96.135919
-9.162455	7.538247	26.514623	-54.875200	28.571801	-168.947799	190.601344	-101.941569	-95.540331
-1.231181	19.087034	0.095492	-46.487640	36.308842	-185.381673	196.756808	-101.784167	-94.844207
13.049852	7.213845	-22.885966	-36.430552	44.203547	-201.293225	202.801494	-101.610008	-94.138329
-1.119991	6.473570	-23.640007	-36.056979	44.478527	-201.834533	203.008805	-101.603669	-94.113695
-13.231279	5.706487	-24.393727	-35.681572	44.753791	-202.375610	203.216146	-101.597305	-94.089028
0.076348	-18.455831	-43.229606	-25.968020	51.558977	-215.522100	208.292411	-101.433425	-93.475582
18.715681	-31.015035	-64.319079	-15.593587	58.314763	-228.202312	213.267705	-101.256866	-92.855170
-5.392655	-10.117014	-93.791024	-3.080602	65.983982	-242.262327	218.893821	-101.036262	-92.127844
-26.263157	22.413833	-125.923465	9.589664	73.382365	-255.599487	224.359592	-100.798166	-91.391392
-15.821666	23.690960	-127.334450	10.144364	73.699856	-256.168678	224.596076	-100.787289	-91.358796
-15.050051	24.941707	-128.743385	10.698957	74.016826	-256.736763	224.832386	-100.776371	-91.326161
-5.743701	42.723413	-155.228054	21.413611	80.062382	-267.554369	229.390641	-100.555574	-90.683524
23.068853	43.076754	-177.489453	31.677213	85.752808	-277.764304	233.810210	-100.321423	-90.034312
35.362776	15.099211	-192.117959	42.773237	91.866830	-288.893509	238.792015	-100.030389	-89.266741
16.591142	-26.379293	-186.169617	52.558815	97.293289	-299.099095	243.558585	-99.720605	-88.490426
-37.324320	-27.485760	-185.477943	52.877088	97.470310	-299.440659	243.722167	-99.709364	-88.462961
-33.161320	-28.542499	-184.749697	53.193556	97.646341	-299.781017	243.885465	-99.698099	-88.435485
11.563813	-41.901910	-155.832441	60.239135	101.563045	-307.584646	247.719213	-99.420547	-87.772642
37.996473	-42.008207	-104.795014	66.185670	104.840722	-314.661325	251.380542	-99.129281	-87.103770
24.595613	-29.324022	-23.661530	71.707678	107.794788	-322.029104	255.463853	-98.768116	-86.307673
-33.953655	13.356093	66.645116	75.532672	109.667934	-328.301561	259.282721	-98.387412	-85.503411
31.445998	16.157112	71.620248	75.693181	109.738444	-328.616631	259.486362	-98.365736	-85.458601
33.563608	18.837943	76.575335	75.848178	109.805372	-328.928264	259.689147	-98.344000	-85.413767
-30.038373	30.110097	148.865092	77.533265	110.376496	-333.314827	262.718614	-97.999600	-84.716358
0.280014	-1.341361	207.751740	77.834764	110.048294	-336.877625	265.535395	-97.640441	-84.013127
21.364045	-19.560204	256.564667	76.352592	108.489962	-340.013501	268.551436	-97.201781	-83.184015
-17.593647	14.273577	284.692803	72.773332	105.656769	-342.065643	271.265638	-96.742499	-82.347225
-11.849741	14.238202	285.412102	72.607578	105.534920	-342.118254	271.355270	-96.726022	-82.317756
-8.306366	14.026130	286.118450	72.439006	105.411576	-342.169570	271.444529	-96.709521	-82.288278
15.457853	-10.426042	299.465900	67.376959	101.913114	-343.027798	273.523669	-96.295274	-81.559879
-14.941374	6.195522	305.896743	60.479781	97.555950	-343.122274	275.377737	-95.865302	-80.825941
-8.957739	6.135550	308.670692	50.183244	91.520347	-342.310515	277.240629	-95.349398	-79.972272
18.882009	-5.072035	307.814541	37.558987	84.471729	-340.544620	278.811265	-94.812099	-79.111500
2.768619	-5.026678	307.697044	37.076636	84.205913	-340.465464	278.861300	-94.792785	-79.081061
-8.356625	-4.933025	307.572256	36.591907	83.938930	-340.385168	278.910979	-94.773445	-79.050612
-22.777150	4.149397	301.365085	23.842359	76.941010	-338.028995	280.031067	-94.284345	-78.291479
-18.621422	4.764697	286.399071	9.929670	69.271280	-334.993049	280.933982	-93.778469	-77.527061
8.851365	-1.875139	255.869097	-6.636019	59.961535	-330.823324	281.689627	-93.193015	-76.666566
38.096830	-6.718569	213.155421	-23.879090	49.936277	-325.864525	282.181523	-92.586177	-75.799736
4.456531	-6.761563	210.686247	-24.781965	49.399374	-325.587108	282.199870	-92.554196	-75.754721
-38.652072	-6.770155	208.196860	-25.684960	48.861062	-325.307836	282.217512	-92.522177	-75.709716
-20.772906	-1.882997	162.508753	-41.191613	39.385292	-320.217377	282.412486	-91.964975	-74.936641
-9.569234	7.016976	111.906356	-56.592102	29.450018	-314.557768	282.407034	-91.390627	-74.158765
14.764780	11.624708	46.813721	-74.453256	17.042704	-307.081748	282.141689	-90.681857	-73.223392
50.952800	-2.893156	-21.725770	-91.273371	4.121665	-298.862601	281.599136	-89.948240	-72.281475
-1.349222	-4.184189	-24.922773	-92.005584	3.523194	-298.471827	281.567957	-89.914290	-72.238494
-50.907099	-5.462605	-28.127234	-92.734599	2.923828	-298.079598	281.536216	-89.880289	-72.195499
-20.090207	-15.221278	-84.931111	-104.819587	-7.603231	-291.051172	280.896934	-89.282560	-71.447952
1.595637	-7.303538	-143.994066	-115.692848	-18.359994	-283.604351	280.091128	-88.669299	-70.696481
21.630067	11.008792	-216.556037	-126.931096	-31.683929	-274.020035	278.891571	-87.903322	-69.778280
39.130192	18.917095	-285.100837	-135.604313	-45.222531	-263.878770	277.454444	-87.114613	-68.854588
0.506343	18.652130	-288.309091	-135.961094	-45.900186	-263.360507	277.376858	-87.074801	-68.808513
-38.752820	18.270592	-291.491700	-136.310217	-46.577781	-262.841271	277.298744	-87.034957	-68.762453
9.817907	-4.014825	-343.319533	-141.206644	-58.635758	-253.429853	275.819665	-86.319613	-67.944004
33.465746	-19.649078	-384.228717	-143.460683	-70.756970	-243.636440	274.163241	-85.586827	-67.121443
15.641316	-0.773593	-414.883781	-142.442002	-84.574295	-232.048686	272.065326	-84.731487	-66.179939
-19.281888	19.281170	-431.743318	-137.211175	-98.324873	-220.028432	269.746540	-83.854215	-65.233382
-30.838872	19.143050	-432.274077	-136.857943	-98.962688	-219.457927	269.633106	-83.812779	-65.189123
-22.050820	18.854668	-432.785116	-136.494665	-99.600114	-218.886558	269.519202	-83.771296	-65.144853
7.875283	-2.705717	-438.150845	-127.850246	-111.397285	-208.081349	267.310581	-82.989461	-64.317663
31.728135	-19.364087	-433.581312	-115.628851	-122.987168	-196.998601	264.942216	-82.191595	-63.486846
2.388559	-3.128532	-412.607232	-97.526903	-135.976578	-183.949528	262.027703	-81.255321	-62.527826
-36.176387	20.841588	-373.933030	-75.604866	-148.538247	-170.596329	258.911352	-80.298589	-61.564289
-1.433948	21.399774	-371.764855	-74.533390	-149.094184	-169.986617	258.765923	-80.254903	-61.520669
36.460712	21.875080	-369.561572	-73.456009	-149.648705	-169.376766	258.620191	-80.211206	-61.477069
3.881336	15.997035	-321.165465	-51.391896	-160.157140	-157.479746	255.724209	-79.358313	-60.632305
-8.689700	-6.683288	-267.680756	-27.231087	-170.229937	-145.390925	252.681751	-78.490394	-59.784302
-31.285091	-30.090100	-211.984070	2.669760	-181.216230	-131.270966	249.006921	-77.474276	-58.805443
-51.514172	-27.990914	-172.421955	34.317717	-191.503904	-116.931550	245.147417	-76.438945	-57.822507
4.810625	-27.107967	-171.003183	35.770809	-191.948342	-116.282911	244.969885	-76.392017	-57.778283
51.878326	-26.158849	-169.611531	37.225281	-192.390934	-115.634307	244.792111	-76.345084	-57.734082
15.684629	0.961584	-147.104309	65.681863	-200.620421	-103.042732	241.291971	-75.432171	-56.879713
-15.135182	31.743049	-130.112174	94.643229	-208.233773	-90.310021	237.660678	-74.505430	-56.022510
-61.430379	46.780352	-112.234381	128.288264	-216.216718	-75.424539	233.303221	-73.417105	-55.028076
-43.063444	16.810260	-90.443814	161.584550	-223.264876	-60.372929	228.779379	-72.310943	-54.030056
-5.269996	14.217882	-89.184290	163.133382	-223.572499	-59.660810	228.562506	-72.258462	-53.983011
26.089587	11.566167	-87.895488	164.681167	-223.878114	-58.947887	228.345136	-72.205909	-53.935928
68.305891	-33.536441	-58.342477	192.424525	-229.047428	-45.914358	224.327262	-71.242765	-53.077727
68.318667	-57.893792	-13.287507	219.124776	-233.447465	-32.773686	220.194182	-70.267051	-52.217081
31.933566	-56.887134	63.044600	248.586067	-237.572032	-17.265717	215.214570	-69.109412	-51.206778
-71.629296	-4.775731	154.832206	275.589968	-240.536080	-1.629186	210.086384	-67.935277	-50.193400
4.195172	-1.208875	158.708019	276.631557	-240.631540	-0.988624	209.874068	-67.887027	-50.151990
71.739342	2.385504	162.583020	277.667330	-240.724900	-0.348340	209.661672	-67.838786	-50.110606
-38.972505	60.067197	244.364208	298.577145	-242.230115	13.415575	205.054363	-66.798826	-49.222792
-73.671673	65.940031	317.562488	316.785573	-242.760423	27.259402	200.341054	-65.746842	-48.332834
-38.073050	0.987886	381.042158	333.793200	-242.111947	43.134539	194.836664	-64.531892	-47.314664
9.717576	-65.112372	420.397750	346.253608	-240.052064	59.061074	189.203294	-63.301963	-46.293938
46.497015	-65.773647	421.572388	346.694214	-239.926207	59.771283	188.949408	-63.246828	-46.248408
74.929951	-66.049256	422.696889	347.124659	-239.797385	60.481528	188.695276	-63.191664	-46.202873
13.742102	-5.793285	435.980278	353.411894	-236.688019	74.314934	183.698343	-62.111767	-45.315266
-74.954263	63.927673	438.608300	355.469995	-232.400014	88.141337	178.611194	-61.021073	-44.425873
-13.902598	10.927627	435.319097	352.308866	-225.971262	104.000815	172.655609	-59.754174	-43.401326
73.269236	-58.525870	417.620633	343.523539	-217.988260	119.791304	166.590199	-58.473775	-42.374732
58.772320	-58.911691	416.291593	342.998716	-217.590611	120.505609	166.312471	-58.415366	-42.328106
31.794670	-58.961836	414.908590	342.463269	-217.189955	121.219707	166.034528	-58.356930	-42.281477
-16.299213	-18.998394	377.275043	330.241355	-208.965799	134.828384	160.679609	-57.234539	-41.389226
-69.235585	35.403581	315.877163	314.452575	-199.718873	148.339801	155.248812	-56.102456	-40.495570
-44.076585	48.921450	212.029757	292.118639	-187.833346	163.830395	148.872254	-54.780325	-39.459554
60.676108	2.236633	77.805481	265.870666	-174.781512	179.130889	142.403361	-53.445949	-38.421942
3.916043	-1.442715	71.382096	264.597696	-174.164878	179.818172	142.108563	-53.385290	-38.374958
-60.161221	-5.091704	64.950740	263.317665	-173.546050	180.504998	141.813586	-53.324606	-38.327972
23.183658	-39.963935	-56.231356	237.435569	-161.253652	193.595673	136.117657	-52.155159	-37.425523
48.405067	-26.107295	-161.320161	209.254933	-148.211960	206.496524	130.359079	-50.976979	-36.522032
24.888934	15.668302	-249.371033	174.466027	-132.399815	221.036535	123.679403	-49.614846	-35.484313
11.037359	26.884119	-297.899754	137.470331	-115.762509	235.266884	116.926747	-48.241996	-34.445537
-22.732122	25.464013	-299.157890	135.675551	-114.957648	235.930894	116.606048	-48.176888	-34.396444
-32.356655	23.746382	-300.324589	133.875704	-114.150626	236.594567	116.284991	-48.111715	-34.347318
26.227702	-23.218298	-310.400441	100.441609	-99.164778	248.552545	110.407486	-46.919882	-33.451608
-20.887196	10.615785	-313.773063	66.001051	-83.689810	260.235892	104.482456	-45.720551	-32.555246
-5.107976	17.438114	-320.179215	24.380213	-64.844392	273.662567	97.422739	-44.293742	-31.495130
13.321428	-13.763766	-329.336796	-17.794840	-45.483102	286.643825	90.306311	-42.857229	-30.434399
-13.279928	-14.324149	-329.525931	-18.994264	-44.927477	287.005091	90.103747	-42.816359	-30.404314
-11.813409	-14.836538	-329.706745	-20.193752	-44.371512	287.365971	89.901141	-42.775481	-30.374229
11.508660	-13.191583	-329.872499	-56.552755	-27.357345	298.124856	83.736782	-41.532096	-29.461542
13.908685	0.887332	-316.200632	-92.725123	-10.089600	308.507289	77.537687	-40.282078	-28.548594
2.581937	7.302784	-283.370304	-133.829265	9.883798	319.886033	70.413911	-38.845534	-27.504912
-17.573930	9.294239	-235.514427	-174.740678	30.027057	330.713647	63.254034	-37.401056	-26.461164
2.228958	9.509388	-233.084342	-176.582142	30.938055	331.188433	62.930381	-37.335735	-26.414096
17.700008	9.728334	-230.633308	-178.424602	31.849833	331.662351	62.606447	-37.270354	-26.366996
12.639325	9.757833	-181.148284	-213.350457	49.173467	340.426815	56.447639	-36.026739	-25.473213
3.817045	-0.670282	-128.636026	-248.232990	66.500315	348.742734	50.268876	-34.777749	-24.579512
0.918254	-11.381984	-68.851768	-289.441778	86.899201	357.961411	42.948290	-33.295698	-23.523992
-19.777964	-0.215030	-16.770814	-330.718001	107.138363	366.493720	35.609176	-31.806863	-22.468847
4.954931	1.011978	-14.485581	-332.661149	108.084347	366.877369	35.263806	-31.736715	-22.419258
19.865112	2.262533	-12.212745	-334.603361	109.029167	367.259182	34.918627	-31.666598	-22.369702
-22.950260	18.062646	75.672066	-413.042899	146.452173	381.255269	21.020271	-28.835865	-20.378088
-4.892005	-23.301482	161.303815	-492.457708	182.356991	392.453622	7.110060	-25.985155	-18.389385
11.671775	-22.641057	162.983233	-494.385333	183.197616	392.686882	6.775342	-25.916306	-18.341556
22.129047	-21.822589	164.631087	-496.313802	184.037005	392.918391	6.440637	-25.847448	-18.293729
28.191518	-20.949090	166.086524	-498.050407	184.791504	393.125280	6.139369	-25.785457	-18.250680
22.556642	-19.956933	167.515831	-499.788983	185.545543	393.330895	5.837892	-25.723413	-18.207601
-9.913177	5.391537	188.457733	-532.870220	199.633695	396.954755	0.127706	-24.546262	-17.391672
-32.769921	27.116547	194.180955	-566.206244	213.313271	400.051500	-5.576761	-23.366423	-16.576490
-26.482507	23.747843	174.865176	-608.808448	230.061898	403.207013	-12.824042	-21.861700	-15.540508
37.682356	-9.276030	133.849226	-651.323730	245.997368	405.456275	-20.056581	-20.353205	-14.505914
-4.088467	-11.420798	131.477253	-653.404347	246.757776	405.542879	-20.411443	-20.279006	-14.455125
-37.876173	-13.506114	129.083494	-655.482629	247.515535	405.627167	-20.766039	-20.204845	-14.404372
1.121896	-28.514307	84.914369	-691.599167	260.398254	406.731194	-26.955962	-18.907310	-13.517863
13.588114	-16.221016	40.372285	-727.174988	272.558514	407.123182	-33.128452	-17.607568	-12.632595
25.520566	10.427937	-9.417792	-768.635804	286.050715	406.631280	-40.467951	-16.053784	-11.577783
38.314368	22.999347	-51.394999	-808.678013	298.346136	405.062386	-47.772746	-14.497465	-10.524917
-3.829099	22.873996	-52.498564	-809.850399	298.694581	404.998497	-47.990685	-14.450870	-10.493450
-38.165147	22.713239	-53.593611	-811.022350	299.042213	404.933547	-48.208804	-14.404227	-10.461954
-6.743262	7.665293	-80.427726	-843.695416	308.448304	402.660234	-54.406330	-13.074729	-9.565513
13.888343	-12.628508	-97.656797	-874.841530	316.855166	399.554994	-60.570097	-11.743965	-8.670704
26.888563	-14.539151	-104.029678	-907.132358	324.891423	395.146290	-67.318998	-10.276291	-7.686622
-21.757092	11.941430	-97.632845	-936.908573	331.553577	389.687616	-74.017196	-8.807746	-6.704774
-14.669487	8.767643	-79.005470	-964.600298	336.966556	382.815653	-80.988093	-7.265681	-5.676690
11.902941	-8.056950	-56.418201	-987.634103	340.646060	374.769528	-87.892125	-5.723340	-4.651293
0.262100	-8.210029	-56.017460	-988.016644	340.697963	374.606691	-88.021491	-5.694288	-4.632005
-11.748992	-8.350767	-55.618811	-988.397160	340.749207	374.443437	-88.150831	-5.665236	-4.612718
8.618660	-4.786612	-39.163453	-1003.830032	342.395465	366.329500	-94.180542	-4.304304	-3.710309
-6.400045	7.674106	-26.159094	-1014.100594	342.499649	357.311581	-100.149781	-2.943673	-2.810162
6.892950	6.946869	-1.629315	-1014.504434	336.492949	333.340707	-113.595011	0.175478	-0.754004
7.839068	-11.821033	25.535830	-976.687879	321.572961	305.172855	-126.652007	3.288270	1.288465
0.703583	-2.828211	26.146278	-975.568674	321.210074	304.606596	-126.893260	3.346662	1.326694
-8.047883	5.134807	26.757835	-974.432705	320.843937	304.038576	-127.134549	3.405098	1.364949
8.162853	10.576327	27.410514	-973.194443	320.447257	303.426819	-127.393624	3.467879	1.406045
-1.698930	12.048296	28.052769	-971.938683	320.047469	302.814006	-127.652329	3.530610	1.447105
-8.436949	9.804249	28.878632	-970.248933	319.513338	302.000939	-127.994324	3.613597	1.501417
-7.089234	5.708906	29.669168	-968.527734	318.973596	301.185705	-128.335813	3.696531	1.555689
10.780802	-13.190092	33.479379	-944.591439	311.839008	290.919163	-132.521407	4.718804	2.224174
-13.184502	14.240644	21.486888	-915.695718	303.847156	280.272358	-136.657397	5.739899	2.891003
19.487657	-12.029361	-22.613013	-808.935879	275.392800	246.532653	-148.645858	8.768030	4.863626
-20.257985	-16.182383	-4.492088	-689.157230	240.698662	210.021451	-160.135711	11.781787	6.820197
-8.258136	-13.893459	-3.621313	-686.446325	239.854871	209.172328	-160.387902	11.849342	6.863984
-4.112238	-11.529294	-2.746262	-683.735183	239.007871	208.321458	-160.639989	11.916934	6.907792
11.907395	-9.108250	-1.849358	-680.961654	238.138106	207.449240	-160.897755	11.986116	6.952628
19.872152	-6.763183	-0.954026	-678.190034	237.265600	206.575804	-161.155231	12.055289	6.997454
-17.266601	13.671684	11.528507	-630.910906	221.810056	191.336367	-165.546649	13.245962	7.768580
-16.361193	9.097630	12.688482	-585.066168	205.607265	175.764460	-169.848920	14.433647	8.536909
8.639173	-6.412330	5.086365	-529.098716	184.193191	155.683924	-175.146076	15.927747	9.502314
-4.531566	2.831241	-0.364687	-473.776330	161.814682	135.173118	-180.291344	17.416458	10.463051
-3.922222	2.614347	-0.431420	-471.463942	160.865038	134.311674	-180.501938	17.478244	10.502901
4.273694	2.335713	-0.483835	-469.147825	159.913256	133.448954	-180.712413	17.540065	10.542771
-2.510585	-1.308741	-0.876071	-419.795672	139.600355	115.182605	-185.070277	18.836469	11.378438
-1.493880	2.268370	-4.930110	-368.318965	118.737992	96.669833	-189.303765	20.128241	12.210365
3.753721	-5.974024	-6.378348	-305.812238	94.489695	75.397264	-193.955219	21.589082	13.150351
0.009357	0.958954	-1.860760	-237.687430	69.764334	53.908916	-198.435973	23.043275	14.085277
-6.737436	2.910171	-1.559528	-234.091295	68.504013	52.817917	-198.657846	23.116602	14.132401
6.912629	4.914047	-1.257274	-230.478605	67.242038	51.725852	-198.879403	23.189956	14.179541
-10.289495	18.019485	3.460488	-166.155330	45.420920	32.892783	-202.617417	24.448315	14.987947
8.817401	-6.675423	5.892645	-97.804798	23.423124	13.977968	-206.218004	25.701065	15.792308
19.179719	-30.177338	6.736097	-14.038612	-2.123312	-7.945172	-210.204742	27.142108	16.717102
-24.299250	-4.670782	6.961219	74.531238	-27.673755	-29.875727	-213.997558	28.575034	17.636284
7.860341	-3.204338	6.952610	78.167364	-28.693125	-30.751497	-214.145019	28.632123	17.672899
24.705930	-1.748411	6.941998	81.810808	-29.712294	-31.627188	-214.292161	28.689199	17.709504
5.946147	25.139379	6.081882	163.319932	-51.945879	-50.760735	-217.431135	29.934592	18.508124
-15.881366	40.268516	3.531705	248.134337	-73.995732	-69.817652	-220.413493	31.173232	19.302260
-39.676810	45.241847	-2.123824	347.238875	-98.451007	-91.095526	-223.573368	32.556785	20.189207
-40.371195	37.252816	-9.869300	449.775577	-122.449394	-112.177228	-226.525360	33.931112	21.070232
-10.877263	35.865392	-10.408879	457.112490	-124.120281	-113.654132	-226.725413	34.027607	21.132093
16.801424	34.349728	-10.940051	464.465923	-125.789006	-115.130436	-226.924494	34.124096	21.193951
37.378854	9.527119	-16.175940	555.268563	-145.923148	-133.056040	-229.269973	35.298861	21.947132
43.536460	-17.220091	-17.124927	647.428162	-165.542908	-150.759056	-231.453476	36.466302	22.695758
24.775039	-42.892378	-8.649878	757.035054	-188.026725	-171.407213	-233.827031	37.840210	23.577055
-41.334978	-23.523789	9.923272	865.998628	-209.556063	-191.640844	-235.962719	39.203199	24.451739
-6.351720	-20.721029	10.795196	870.793044	-210.485211	-192.526219	-236.051688	39.263287	24.490310
41.074113	-17.790334	11.660343	875.587524	-211.412862	-193.411272	-236.140239	39.323394	24.528895
-37.808454	35.761105	25.143211	969.607762	-229.301647	-210.714303	-237.792242	40.507350	25.289114
-34.818240	31.924082	26.498213	1061.376411	-246.266529	-227.614305	-239.253132	41.682367	26.044014
28.963272	-26.932587	13.419447	1161.035404	-264.439900	-246.413571	-240.685773	43.015920	26.901350
-24.979221	18.744374	-9.438307	1252.499851	-281.165346	-264.580279	-241.857630	44.337211	27.751481
-1.668989	20.370602	-10.212010	1255.598777	-281.737723	-265.220510	-241.894810	44.384452	27.781890
24.748961	21.878036	-10.971629	1258.683366	-282.308062	-265.859851	-241.931646	44.431676	27.812289
-10.227838	6.227240	-30.813285	1399.358256	-309.614368	-298.596807	-243.390779	46.926472	29.419665
-21.446207	-12.591029	-15.826923	1484.560740	-330.212760	-328.399615	-243.831476	49.373534	30.999269
-13.303872	-12.112269	-15.350956	1485.466583	-330.488005	-328.858958	-243.830006	49.413021	31.024784
-3.745721	-11.607112	-14.868768	1486.356943	-330.761226	-329.317413	-243.828256	49.452496	31.050292
1.879771	-10.834506	-14.153994	1487.629324	-331.156559	-329.985288	-243.825194	49.510116	31.087526
21.495778	-10.036678	-13.426796	1488.869570	-331.547813	-330.651704	-243.821529	49.567746	31.124769
10.928454	4.301194	0.056526	1504.993630	-337.545199	-341.729563	-243.665701	50.547191	31.758007
-16.054976	17.798917	12.864510	1511.739223	-342.231372	-352.225260	-243.331843	51.518312	32.386421
-22.371659	22.728772	22.471355	1506.593682	-346.400054	-364.889456	-242.631973	52.761336	33.191665
22.764883	-5.636459	20.329349	1485.311194	-348.543939	-376.478586	-241.624356	53.989865	33.988581
-4.638175	-7.105154	20.137775	1484.568833	-348.573687	-376.764605	-241.594050	54.021562	34.009156
-22.787479	-8.600439	19.940488	1483.817891	-348.602153	-377.049860	-241.563531	54.053248	34.029726
23.343937	-40.067147	10.579895	1454.103082	-348.826569	-386.188813	-240.413797	55.112725	34.717964
-8.453639	12.960981	-1.362896	1417.667854	-347.679872	-394.426312	-239.021227	56.160741	35.399679
-28.051316	60.454156	-9.589642	1372.716277	-344.877087	-402.499922	-237.179952	57.314115	36.151078
34.131186	17.358612	-4.644006	1326.742147	-340.551152	-409.383058	-235.027590	58.452705	36.894130
9.593105	16.205775	-4.308976	1324.802598	-340.333996	-409.649727	-234.928912	58.500876	36.925597
-34.801228	15.155250	-3.975811	1322.866931	-340.114348	-409.914038	-234.829732	58.548985	36.957025
-10.402463	-9.721738	1.874674	1282.383115	-334.947477	-414.925584	-232.634914	59.543901	37.607553
14.143714	-36.702916	3.578423	1238.783925	-328.658113	-419.015702	-230.187709	60.526844	38.251381
43.854406	-64.516120	-0.129641	1179.321716	-320.101519	-422.595244	-227.072105	61.637009	38.979996
73.380404	-81.338646	-3.978941	1100.803784	-310.116382	-425.032053	-223.616598	62.730892	39.699560
14.600657	-81.475621	-3.967087	1096.582221	-309.625305	-425.116826	-223.450185	62.780586	39.732290
-47.451984	-81.541389	-3.930041	1092.300387	-309.131610	-425.199222	-223.283165	62.830213	39.764979
-59.677967	-72.958032	0.731943	996.324332	-299.092158	-426.334365	-219.940428	63.775572	40.388402
-61.247658	-44.003348	9.212397	868.743050	-287.983791	-426.633626	-216.337729	64.707935	41.004654
-73.765715	46.971993	8.306493	682.653047	-274.001595	-425.970519	-211.911867	65.757074	41.699880
58.646990	37.238244	-22.467124	478.671016	-258.664044	-424.253773	-207.167541	66.788694	42.385500
-4.076344	26.765255	-23.670278	469.060194	-257.895287	-424.145358	-206.932373	66.837691	42.418116
-56.661062	16.294427	-24.769437	459.489968	-257.122978	-424.034497	-206.696353	66.886679	42.450731
36.408173	-14.588624	-14.308717	299.091026	-242.624245	-421.620635	-202.306698	67.765810	43.036885
-20.168105	10.455042	50.701624	174.589579	-227.136307	-418.441356	-197.695429	68.631346	43.615635
59.699966	-29.992069	24.492040	71.412217	-208.167910	-413.867110	-192.142779	69.607303	44.270354
64.388745	93.438243	-96.545373	-25.596844	-187.937649	-408.320288	-186.321465	70.564780	44.915061
-13.694065	98.744075	-99.561882	-31.046411	-186.933397	-408.029368	-186.034974	70.610352	44.945809
-71.250073	101.949571	-101.979066	-36.618431	-185.926277	-407.736244	-185.747891	70.655880	44.976533
224.569976	-205.841279	-56.023796	-157.475175	-167.257425	-402.068758	-180.465830	71.470165	45.527059
284.726271	-346.156579	72.633818	-308.156519	-147.669105	-395.696031	-174.999408	72.270095	46.069852
-83.295537	4.588797	187.083422	-499.846410	-123.968403	-387.491587	-168.480351	73.174058	46.685786
-705.662869	653.288681	241.211740	-695.051827	-99.085590	-378.384941	-161.739170	74.058405	47.291206
-773.099718	685.592015	242.413646	-704.393367	-97.849277	-377.920725	-161.406839	74.100785	47.320294
-853.808032	717.626365	243.491482	-713.720095	-96.609455	-377.454139	-161.073806	74.143145	47.349376
-1277.500834	1216.157330	242.905685	-876.230027	-73.928989	-368.741975	-155.023192	74.894332	47.866317
-1499.784290	1529.251486	208.957580	-1025.867473	-50.385116	-359.374843	-148.822540	75.630275	48.375132
-1551.649286	1681.628640	134.858933	-1173.507234	-22.431504	-347.880316	-141.560891	76.452631	48.946713
-1276.944874	1522.487405	23.068418	-1287.632681	6.610519	-335.564501	-134.125939	77.254493	49.507415
-1252.035758	1502.694739	15.970861	-1292.797863	8.251064	-334.858469	-133.709162	77.298317	49.538162
-1233.352910	1481.653550	8.791455	-1297.834075	9.895794	-334.149582	-133.291661	77.342101	49.568891
-615.623184	997.926539	-112.356973	-1358.504734	36.184310	-322.682017	-126.663912	78.022086	50.047590
222.550764	268.348017	-242.223396	-1380.288226	63.249242	-310.618418	-119.922805	78.686044	50.517818
1378.841767	-805.350665	-390.547724	-1348.922914	95.344571	-295.910938	-111.980600	79.435079	51.051965
2546.403629	-2005.772079	-521.303908	-1247.956757	127.575023	-280.437843	-103.908933	80.162080	51.574520
2595.399369	-2058.794212	-526.454886	-1241.698627	129.007032	-279.728441	-103.545212	80.194066	51.597611
2642.087744	-2111.528899	-531.529343	-1235.290836	130.436738	-279.018031	-103.181505	80.225985	51.620663
3444.688975	-3060.977095	-613.482038	-1077.883581	158.142976	-264.768110	-95.993710	80.843723	52.068585
3978.670030	-3769.278724	-649.233971	-861.210863	184.791837	-249.957283	-88.724964	81.444049	52.507386
4079.186126	-4308.853805	-599.001804	-554.378856	213.239745	-232.392136	-80.344467	82.107396	52.996726
3638.705234	-4472.288169	-410.889026	-209.036746	238.867213	-214.132991	-71.882137	82.747506	53.473935
3620.253972	-4468.153063	-398.302172	-192.184209	239.998984	-213.250547	-71.479177	82.777268	53.496253
3617.270169	-4462.808443	-385.399998	-175.321730	241.121892	-212.367153	-71.076320	82.806957	53.518529
2731.635189	-4122.741188	-105.774565	132.000859	260.058390	-196.010840	-63.711494	83.338558	53.919521
1246.276379	-3215.171952	216.185086	427.258024	275.773783	-179.164181	-56.303345	83.852454	54.311314
-1279.475146	-1245.376936	561.315169	730.834450	289.311770	-159.030284	-47.668913	84.425958	54.754013
-4786.186164	1942.708122	784.465583	965.974993	297.080798	-138.272967	-38.999709	84.975072	55.184077
-637.491737	2124.733923	790.295746	974.803724	297.289471	-137.290077	-38.594790	85.000079	55.203822
4786.420997	2307.287594	795.641987	983.419835	297.483842	-136.305875	-38.189824	85.025032	55.223539
-3335.277182	4959.480519	795.667447	1100.666891	298.410488	-117.937566	-30.720659	85.475191	55.581875
-4687.466508	4821.634921	593.309274	1132.429924	293.968088	-99.138905	-23.243736	85.906911	55.930692
-179.461719	-30.588713	196.867415	1074.293827	281.648208	-76.711321	-14.525156	86.386827	56.325335
4355.916484	-4482.819104	-227.015118	934.961048	262.288759	-53.804877	-5.819258	86.841112	56.706788
4127.510172	-4552.106819	-244.667194	926.962708	261.244137	-52.741194	-5.419373	86.861383	56.724012
3993.402521	-4605.751526	-262.028405	918.846938	260.187360	-51.677382	-5.019805	86.881587	56.741197
3367.730501	-3705.750600	-530.756177	748.659169	238.358981	-31.796396	2.383448	87.246517	57.054961
1193.181063	-1304.796549	-697.401657	550.695485	212.712978	-11.685515	9.759785	87.592381	57.358944
-1674.225458	1744.084988	-761.649850	302.486730	178.671540	12.035024	18.336505	87.972200	57.701725
-3281.527088	3461.891541	-682.694477	55.756623	141.141130	35.882648	26.853473	88.325424	58.030903
-3236.348077	3482.294163	-675.398950	44.553753	139.320717	36.996432	27.249161	88.341249	58.045926
-3191.283990	3496.343564	-667.778780	33.396355	137.496052	38.109506	27.644433	88.357006	58.060910
-2543.264885	2831.949538	-474.213739	-165.815451	102.783245	58.744386	34.946193	88.638631	58.333413
-1055.262796	1202.540554	-213.763962	-347.134207	66.843767	79.306123	42.185120	88.899931	58.595551
824.718309	-789.741398	107.394988	-527.008419	24.618439	102.860041	50.455069	89.176110	58.885232
1944.146060	-1995.060099	379.521887	-666.806386	-17.487773	126.103035	58.618225	89.424639	59.160851
1941.073127	-2015.814058	389.884058	-672.255162	-19.452842	127.188534	58.999991	89.435662	59.173488
1911.042103	-2032.778903	399.971244	-677.597781	-21.416727	128.273777	59.381736	89.446629	59.186101
1628.700030	-1795.245120	537.471650	-755.710497	-57.313268	148.235462	66.419946	89.638941	59.414553
809.543252	-923.450944	591.827536	-789.731469	-91.698178	167.785603	73.357465	89.809613	59.632027
-214.770714	178.148742	575.528525	-768.966830	-128.125807	189.363094	81.093231	89.976742	59.865277
-735.045045	725.908980	508.646331	-685.393008	-161.231038	210.201630	88.677098	90.115506	60.084178
-704.222355	729.957837	504.331507	-679.170440	-162.920885	211.308416	89.083802	90.122215	60.095636
-684.037357	731.334934	499.987223	-672.781701	-164.599310	212.412682	89.490023	90.128839	60.107052
-468.304141	504.187446	422.720234	-548.175191	-189.970065	229.822440	95.959225	90.223813	60.284898
-85.443831	82.914712	317.033160	-386.617072	-212.016654	246.504815	102.294733	90.296746	60.451628
147.981328	-166.415010	136.557963	-166.548050	-232.973529	264.855148	109.459189	90.353442	60.630835
-36.809734	44.042654	-84.584314	59.353172	-248.513309	282.071721	116.420288	90.379972	60.794855
-10.680266	48.802381	-93.062041	68.887051	-249.064124	282.801172	116.721390	90.380441	60.801714
29.815673	52.531896	-101.304207	78.363962	-249.603452	283.528270	117.022073	90.380852	60.808543
27.287196	34.320876	-219.070484	249.019578	-257.803062	297.318199	122.839770	90.376949	60.936618
17.168660	28.890967	-280.804905	378.781457	-261.235572	310.151047	128.488034	90.350141	61.053202
7.527980	13.761229	-320.276269	466.760357	-258.873805	323.760476	134.794741	90.290316	61.173575
-1.515017	-1.590291	-316.471746	488.149864	-249.330435	336.068797	140.852165	90.199155	61.278537
2.466316	0.759720	-315.334103	487.753157	-248.712364	336.603700	141.124461	90.194203	61.282993
-5.904579	3.046281	-314.132897	487.249582	-248.078333	337.135893	141.396203	90.189183	61.287417
-18.202306	0.319440	-288.937083	460.867114	-233.493661	346.531791	146.341863	90.083620	61.363710
18.618340	-30.884631	-277.455446	411.189703	-213.949982	355.004885	151.087944	89.954454	61.428899
35.451222	-35.695829	-274.570419	342.336307	-185.659191	363.762562	156.377106	89.772893	61.491190
-30.072799	37.745713	-262.681117	276.228911	-152.551337	371.291946	161.370277	89.557965	61.538542
-38.261402	40.118729	-261.911807	273.435635	-150.972970	371.600759	161.586809	89.547549	61.540316
-34.208163	42.181424	-261.127053	270.658829	-149.387217	371.907146	161.802720	89.537064	61.542060
-30.493211	33.036596	-243.143547	219.360814	-117.056649	377.410112	165.895997	89.318417	61.570199
10.652707	-17.443022	-221.628117	172.245494	-82.672816	381.999735	169.743599	89.073366	61.587099
30.598645	-45.922598	-194.726106	119.481723	-41.015348	386.209985	173.903400	88.754234	61.592740
-24.804599	0.137260	-169.062041	67.455246	1.289072	389.218963	177.705949	88.398177	61.583419
-6.093454	2.032175	-168.389388	66.085077	2.413644	389.282842	177.802189	88.388187	61.582968
24.478837	3.914276	-167.716655	64.716016	3.537837	389.345884	177.898165	88.378170	61.582506
-10.715916	42.190678	-145.770202	21.424231	39.406342	390.930780	180.846968	88.041295	61.562038
-14.022040	42.710613	-122.788190	-19.508059	74.135609	391.660372	183.514820	87.676418	61.530776
8.891034	22.293476	-96.292224	-61.417916	111.274465	391.466657	186.194132	87.227612	61.482300
-4.081393	19.714683	-70.678678	-96.777670	144.944536	390.196827	188.495489	86.741665	61.420161
-4.873494	19.105736	-69.509617	-98.261475	146.435306	390.110026	188.595186	86.717718	61.416881
4.732411	18.390286	-68.344873	-99.727562	147.916751	390.020755	188.694112	86.693670	61.413569
2.093367	2.545053	-47.895965	-123.273940	173.301377	387.938870	190.371081	86.234523	61.346995
-2.021575	-12.999061	-29.885553	-139.648655	194.594983	385.031785	191.769896	85.746137	61.270172
-0.538689	-24.105553	-13.111522	-148.753911	213.076710	380.742071	193.025982	85.157505	61.170953
3.844659	-30.714991	-0.581879	-147.475972	224.981021	375.388594	193.943423	84.530391	61.058851
-0.653525	-32.033525	7.282254	-136.642061	230.365003	369.050132	194.526952	83.871770	60.935423
-9.252793	-14.022986	9.794539	-117.801435	230.007076	361.705632	194.797090	83.174893	60.799646
9.205732	-12.504702	9.782281	-116.748107	229.860138	361.334824	194.802238	83.141056	60.792934
9.570573	-10.951539	9.758703	-115.681767	229.702047	360.961877	194.806708	83.107133	60.786195
-8.940576	16.739372	7.181139	-92.332275	224.375600	353.133097	194.756459	82.417153	60.646976
-16.552768	25.175931	1.440773	-66.462100	215.268791	344.502987	194.446215	81.694450	60.497170
-16.387966	24.864234	1.089113	-65.127628	214.718287	344.045960	194.423737	81.657045	60.489315
-15.286219	24.467981	0.733118	-63.792647	214.159660	343.586984	194.400611	81.619558	60.481433
3.095620	6.081261	-5.975122	-39.239356	202.406864	334.718670	193.854748	80.908840	60.330267
25.847641	-15.702401	-10.506408	-16.223666	188.379080	325.211397	193.091341	80.170364	60.169958
27.593507	-17.813418	-8.847088	6.858792	169.818310	313.284637	191.925575	79.269267	59.970347
-10.456001	13.490807	2.424245	24.243784	149.935305	300.571386	190.476383	78.331478	59.758419
-16.413537	14.620049	3.117616	24.892814	149.005522	299.968370	190.403030	78.287462	59.748374
-31.105293	15.632722	3.821497	25.527709	148.075827	299.364199	190.329145	78.243400	59.738311
-28.826919	14.138410	18.011810	34.865194	130.630597	287.728382	188.833929	77.401397	59.544432
-5.621651	-6.136009	29.907496	39.151989	113.626858	275.578619	187.139758	76.533187	59.341568
35.374601	-14.777331	33.547133	37.818226	95.625187	261.439684	185.019039	75.533076	59.104462
-34.766790	8.956048	24.454193	30.285896	78.852863	246.744192	182.664721	74.501601	58.856377
-27.950348	19.450107	5.136292	17.950214	62.939829	231.013398	179.993261	73.402970	58.588477
28.772293	-7.089889	-19.117657	3.444130	48.616905	214.785316	177.088926	72.272382	58.309116
-6.110236	-9.334113	-20.230058	2.779779	48.011733	214.043815	176.952830	72.220743	58.296272
-28.334595	-11.558799	-21.338848	2.116730	47.410486	213.301912	176.816373	72.169076	58.283413
22.383177	-28.374675	-45.057663	-12.590152	34.392426	195.719639	173.500515	70.943982	57.976447
10.589053	7.629041	-60.220728	-23.824981	23.463959	177.705181	169.947508	69.685452	57.657143
-11.837471	36.680935	-63.354157	-28.315955	16.423723	163.280600	166.994982	68.673420	57.397625
9.254696	9.781493	-57.530307	-27.743410	10.673818	148.653196	163.907036	67.641792	57.130674
-9.213050	8.941543	-57.249063	-27.656565	10.527952	148.237761	163.817980	67.612400	57.123034
-8.797737	8.117915	-56.961672	-27.565972	10.382715	147.821645	163.728705	67.582956	57.115378
4.595853	-14.209439	-42.005209	-21.693390	5.405525	131.914398	160.260557	66.452971	56.820157
12.832130	-28.236273	-20.061542	-12.059227	1.236729	115.842065	156.648183	65.301502	56.516563
14.398540	-46.462155	11.199796	1.543077	-2.942114	97.599907	152.417764	63.980634	56.165003
-18.647178	-31.034073	44.944169	16.171870	-7.078308	79.240645	148.020469	62.633965	55.803076
-10.536580	-29.269751	45.953276	16.645101	-7.218807	78.638784	147.873932	62.589495	55.791066
18.923063	-27.418287	46.949786	17.116814	-7.359702	78.037412	147.727364	62.545040	55.779056
16.781099	30.298653	67.591241	29.237260	-11.445935	61.718435	143.691844	61.330146	55.449414
-14.544474	45.524160	68.960367	39.161708	-16.293459	45.383018	139.538418	60.096218	55.111851
-28.959539	28.226252	40.849088	46.307992	-23.087765	27.072653	134.743908	58.689388	54.723687
31.751754	-12.706969	-3.671628	48.632684	-31.805310	8.833949	129.816844	57.260104	54.325816
7.056007	-15.476390	-5.598886	48.618529	-32.222071	8.068476	129.606654	57.199457	54.308856
-31.966402	-18.277994	-7.515886	48.595025	-32.642822	7.303775	129.396397	57.138815	54.291892
33.979555	-38.991567	-42.412082	45.863041	-42.181453	-8.361277	125.026908	55.883896	53.939451
-35.611253	36.864139	-59.363739	38.198719	-53.184581	-23.902669	120.570324	54.613278	53.579938
-10.789821	20.431646	-44.913037	22.572210	-67.375910	-41.786260	115.283097	53.115952	53.152897
37.662357	-31.690361	-10.193836	2.102695	-82.549792	-59.409929	109.894002	51.598909	52.716559
19.348970	-32.002248	-8.577247	1.143813	-83.232625	-60.179783	109.654315	51.531617	52.697119
3.697147	-32.091807	-6.969616	0.182691	-83.916277	-60.949033	109.414448	51.464289	52.677662
-20.926816	-9.745172	22.223118	-19.189686	-97.806742	-76.327970	104.539259	50.098651	52.281461
-36.934148	19.069260	40.740823	-36.885435	-111.634098	-91.424526	99.596887	48.718675	51.878132
-17.394341	25.348824	41.539236	-52.347118	-126.420259	-107.774887	94.051210	47.174065	51.423178
32.847074	3.002619	19.696550	-62.644342	-140.152954	-123.688706	88.438720	45.613352	50.959746
-3.378598	1.100159	18.351237	-62.995169	-140.762161	-124.423066	88.174167	45.539821	50.937820
-32.563221	-0.788643	16.994460	-63.333807	-141.367478	-125.155876	87.909662	45.466305	50.915890
14.110077	-19.190796	-8.283196	-67.463781	-152.116348	-138.844253	82.870649	44.065947	50.496579
25.866419	-17.995820	-24.807960	-67.133321	-161.237757	-152.115060	77.791482	42.654031	50.070776
23.425838	-5.453507	-28.840824	-61.048548	-169.414294	-166.923540	71.864639	41.004596	49.569496
-0.842434	8.900735	-22.115707	-49.294398	-174.956924	-181.076462	65.900193	39.341131	49.059756
-16.517090	8.733604	-21.850927	-48.889054	-175.076296	-181.469723	65.729735	39.293523	49.045105
-8.925177	8.509722	-21.584781	-48.480269	-175.193529	-181.862408	65.559253	39.245903	49.030447
12.568882	-6.076078	-14.802476	-34.441553	-177.752770	-193.639817	60.311487	37.777820	48.576860
-9.230485	4.092186	-14.292169	-18.263103	-178.293124	-204.838581	55.047942	36.300186	48.116995
6.346830	-2.918015	-11.724075	1.179515	-176.513352	-216.724778	49.104825	34.624249	47.591358
-4.720973	2.660176	-2.916034	20.361957	-172.349512	-227.802543	43.157748	32.937687	47.058012
-3.805565	2.827577	-2.601581	20.949271	-172.179965	-228.141107	42.968814	32.883933	47.040941
4.667767	2.977337	-2.288730	21.534079	-172.008348	-228.478517	42.780067	32.830220	47.023878
-4.541475	1.986507	5.525834	36.825881	-166.355180	-237.537049	37.529763	31.331394	46.545939
-1.724353	-4.031825	10.807253	49.459523	-159.080576	-245.952929	32.289601	29.825568	46.062222
5.615913	-7.856831	13.227485	59.037590	-149.201068	-254.566754	26.475646	28.141809	45.517099
8.014081	-3.511488	12.158050	62.758763	-137.592073	-262.395504	20.689373	26.450745	44.965047
9.262298	-2.875583	11.985403	62.799814	-136.770939	-262.884502	20.308924	26.338977	44.928398
-3.992020	-2.192800	11.801893	62.816569	-135.943342	-263.370137	19.928634	26.227180	44.891719
-10.809553	8.766484	8.488440	60.916166	-124.529058	-269.425571	14.960162	24.759448	44.408288
-12.711932	17.551047	3.903045	55.530103	-112.170031	-274.910951	10.024602	23.287432	43.919894
3.462761	18.375713	-1.787485	45.662465	-96.668518	-280.654932	4.258468	21.548155	43.338179
13.679204	-2.459048	-6.301384	33.081026	-80.462746	-285.643678	-1.446447	19.804328	42.749808
2.617498	-3.866412	-6.450967	32.486663	-79.742859	-285.845054	-1.694458	19.727959	42.723922
-13.603324	-5.264577	-6.595754	31.888992	-79.021772	-286.045175	-1.942508	19.651530	42.698006
3.945608	-22.102599	-8.302790	19.302614	-64.295893	-289.804796	-6.941117	18.100642	42.169928
7.033227	-21.267547	-7.296169	6.355885	-49.520285	-293.009887	-11.878415	16.547355	41.636806
7.882324	-7.494746	-3.443449	-7.820688	-33.036251	-295.988938	-17.380606	14.788554	41.027946
-6.134069	5.379046	1.643616	-20.583969	-17.107737	-298.307716	-22.788064	13.028214	40.412904
0.449804	5.517564	1.767247	-20.870441	-16.726956	-298.356496	-22.919384	12.985040	40.397748
6.078250	5.653196	1.890557	-21.155773	-16.346242	-298.404955	-23.050804	12.941813	40.382569
1.808325	13.523157	5.785468	-30.351283	-2.955029	-299.906629	-27.769776	11.375221	39.830109
-5.894440	21.304624	7.483058	-36.681725	9.492145	-300.925686	-32.400409	9.808685	39.272987
3.179496	20.123650	5.117503	-39.026518	21.965783	-301.514661	-37.441066	8.066570	38.647797
7.537454	4.607794	-0.315030	-36.505122	32.829734	-301.554222	-42.356639	6.325951	38.017077
-6.241414	3.975421	-0.501091	-36.363161	33.138006	-301.547026	-42.505244	6.272630	37.997658
-7.578793	3.345630	-0.687154	-36.217986	33.444555	-301.539346	-42.653574	6.219365	37.978254
7.981267	-9.962805	-5.772547	-30.741015	41.776599	-301.103242	-46.919801	4.668293	37.410628
-0.101235	-12.500131	-8.714016	-23.654195	49.023337	-300.268187	-51.074085	3.119666	36.838825
-1.426784	-7.524840	-7.700752	-14.946040	56.010165	-298.874356	-55.602482	1.383432	36.191561
-6.926060	0.606220	-3.151292	-6.146246	61.929217	-297.019175	-59.979635	-0.348283	35.539266
0.325884	0.871910	-2.961651	-5.862390	62.107462	-296.950611	-60.120883	-0.405111	35.517744
6.864756	1.131627	-2.770120	-5.579104	62.284732	-296.881572	-60.261963	-0.461933	35.496217
-4.321550	4.582002	2.770363	1.633135	66.639071	-294.885205	-63.932571	-1.962713	34.924917
-4.918995	2.667614	8.339017	8.035845	70.419777	-292.569287	-67.484562	-3.458838	34.350052
3.833266	-1.208771	12.149760	13.815340	74.143536	-289.573478	-71.365711	-5.148090	33.694372
-3.038347	0.435619	9.803444	17.580299	77.416171	-286.198869	-75.093683	-6.830019	33.034335
-0.245019	-0.398615	1.727262	19.333658	80.351368	-282.489539	-78.643690	-8.491706	32.374926
3.121531	0.437944	-8.185460	19.456780	83.054981	-278.436919	-82.044708	-10.144702	31.711482
0.912124	0.663517	-8.622906	19.431271	83.172199	-278.245222	-82.195443	-10.219449	31.681301
-3.195681	0.870040	-9.055894	19.403456	83.288852	-278.052983	-82.345771	-10.294125	31.651132
4.256371	-1.367695	-15.666893	18.382632	85.593583	-273.920170	-85.392880	-11.836937	31.024249
-5.056030	1.592396	-15.207106	16.758647	87.679324	-269.510030	-88.311798	-13.370720	30.394059
-5.428287	1.724202	-15.071055	16.674221	87.769568	-269.302337	-88.441976	-13.440492	30.365222
5.469048	1.831464	-14.930105	16.589097	87.859337	-269.094244	-88.571796	-13.510193	30.336399
-6.040832	-2.222241	-11.535521	14.608959	89.679268	-264.533018	-91.274706	-14.989898	29.720932
-2.582602	0.165038	-8.899901	12.357288	91.341351	-259.732542	-93.859927	-16.459949	29.102532
5.997239	3.231124	-4.495688	9.595958	93.049981	-254.078399	-96.620553	-18.096143	28.405754
-5.752498	-3.564137	3.627032	6.679449	94.630563	-248.151818	-99.237066	-19.718714	27.705548
-5.186754	-3.740349	4.087691	6.518927	94.713270	-247.823231	-99.374751	-19.806219	27.667516
5.730882	-3.851786	4.542772	6.358255	94.795715	-247.493892	-99.512020	-19.893683	27.629474
3.914189	0.903414	10.762832	3.766953	96.090502	-242.096818	-101.662277	-21.294118	27.016479
-5.599668	4.078012	14.004439	1.206154	97.343590	-236.515315	-103.706286	-22.683083	26.401068
5.677785	-3.335616	15.287484	-1.609906	98.760066	-229.890099	-105.924515	-24.263513	25.691389
-5.869888	1.909647	21.105684	-4.193492	100.183643	-223.050156	-108.006231	-25.827226	24.978831
-1.404402	1.956190	21.310968	-4.294273	100.243418	-222.761592	-108.089785	-25.891811	24.949170
-0.116496	1.961208	21.502774	-4.394541	100.303310	-222.472471	-108.173169	-25.956414	24.919482
6.103573	-1.097442	21.661408	-6.334701	101.585209	-216.306759	-109.875241	-27.309561	24.293298
-6.194947	1.287575	15.002485	-7.841218	102.922020	-209.998704	-111.475887	-28.648801	23.665076
5.719793	-3.433803	6.753598	-8.943838	104.527476	-202.639759	-113.180175	-30.159307	22.945857
-4.230279	1.029445	-4.413449	-9.272317	106.173660	-195.123843	-114.756124	-31.650171	22.224271
1.956400	1.878194	-5.047824	-9.265469	106.261191	-194.719892	-114.836407	-31.728919	22.185819
4.046598	2.748926	-5.679878	-9.256026	106.348602	-194.315773	-114.916287	-31.807564	22.147383
-2.518493	13.330615	-15.152594	-8.714782	107.761218	-187.648578	-116.172923	-33.086076	21.517596
-2.517956	18.430940	-21.352861	-7.409220	109.113631	-180.884982	-117.335463	-34.348550	20.886222
-4.104706	1.536024	-18.398390	-1.965610	111.820474	-164.744846	-119.694673	-37.235816	19.403811
-4.288456	-38.802748	3.745982	4.651081	113.482366	-148.257491	-121.563566	-40.025913	17.914368
5.045356	-38.184162	4.400824	4.791307	113.503776	-147.884833	-121.599980	-40.087303	17.880903
-5.831498	-36.625452	5.059476	4.930687	113.524403	-147.512065	-121.636157	-40.148641	17.847434
7.039506	-31.461192	6.050776	5.138151	113.553870	-146.952585	-121.689988	-40.240571	17.797214
-4.368636	-15.057741	7.040251	5.343536	113.581543	-146.392866	-121.743285	-40.332383	17.746988
-8.845940	-3.455950	7.522711	5.443419	113.594447	-146.118419	-121.769215	-40.377344	17.722366
9.432457	9.328237	8.002933	5.542855	113.606924	-145.843665	-121.795041	-40.422317	17.697720
-19.902884	39.227928	16.089317	7.458948	113.762834	-140.144526	-122.300966	-41.346844	17.187188
32.355405	-26.270029	17.747312	9.027559	113.709262	-134.426226	-122.752634	-42.258883	16.676037
32.671992	-34.542826	12.220450	10.475833	113.249890	-126.516202	-123.287571	-43.495174	15.970480
-0.192598	-5.534733	3.489451	11.139959	112.287715	-118.578128	-123.722488	-44.706544	15.263954
-18.645868	14.664550	-5.401889	11.139269	110.684545	-110.252928	-124.072214	-45.945750	14.524306
-25.045868	17.098178	-11.105501	10.553530	108.448218	-101.908518	-124.316590	-47.156166	13.783868
-25.408400	16.989831	-11.247297	10.512347	108.325831	-101.509397	-124.325666	-47.213274	13.748467
-22.012939	16.702284	-11.375299	10.470051	108.202139	-101.110504	-124.334500	-47.270279	13.713087
0.600428	-11.650667	-12.253546	9.537279	105.699394	-93.805285	-124.454882	-48.301651	13.065251
12.642561	-5.566607	-12.347436	8.456529	102.764919	-86.495993	-124.497840	-49.309837	12.417020
-5.892649	4.412213	-8.632360	7.253097	98.913958	-78.127249	-124.453683	-50.435259	11.674299
0.945905	-0.446541	1.774200	6.055670	94.584030	-69.768072	-124.311755	-51.528889	10.931295
-0.779094	-1.455293	2.309993	5.998058	94.369787	-69.376045	-124.302721	-51.579435	10.896412
0.344182	-2.434036	2.840623	5.940209	94.154456	-68.983804	-124.293471	-51.629941	10.861507
1.040600	1.909521	9.744169	4.823439	90.010675	-61.744096	-124.084721	-52.550269	10.216469
1.281603	-2.070461	7.360189	3.558325	85.575204	-54.523893	-123.804994	-53.445789	9.571440
2.378363	2.797122	-1.527362	1.727221	80.131719	-46.220015	-123.395223	-54.448412	8.826937
3.050361	1.921333	-7.469047	-0.731822	74.385246	-37.957509	-122.893849	-55.417353	8.082707
-1.511353	1.657298	-7.595287	-0.859858	74.122802	-37.590364	-122.869395	-55.459750	8.049547
-3.313945	1.375596	-7.708305	-0.989642	73.859849	-37.223319	-122.844762	-55.502079	8.016388
5.905454	-4.786804	-7.142329	-3.783542	68.662540	-30.121916	-122.331530	-56.310099	7.373159
2.598464	-2.560883	-1.843724	-6.821059	63.304590	-23.063739	-121.751890	-57.092680	6.730359
-10.141103	6.063379	4.650463	-10.192992	56.991825	-15.019326	-121.005565	-57.959825	5.992906
-2.198508	0.987428	6.194155	-13.001352	50.549448	-7.046662	-120.174084	-58.793373	5.256246
10.513496	0.217029	6.169956	-13.104202	50.264110	-6.698145	-120.135618	-58.829226	5.223900
-10.483533	-0.590534	6.141101	-13.204945	49.978810	-6.350026	-120.097017	-58.864989	5.191579
9.166145	-5.812692	5.209587	-14.786609	44.255644	0.565845	-119.292715	-59.565413	4.546718
-7.004952	5.166385	5.006238	-15.537878	38.501924	7.411874	-118.424827	-60.240059	3.902672
4.497483	-4.220578	4.104196	-15.225912	31.906872	15.162100	-117.353014	-60.981575	3.165665
-1.648552	3.276854	-0.249153	-13.120721	25.337651	22.798760	-116.199991	-61.689273	2.429987
-3.054897	3.287079	-0.473856	-12.973548	25.030511	23.154215	-116.143898	-61.721660	2.395491
3.039016	3.209398	-0.695340	-12.822073	24.723708	23.509163	-116.087664	-61.753951	2.361021
-3.566563	1.037908	-4.199496	-9.178545	18.932077	30.191731	-114.987229	-62.352720	1.707446
2.854981	-0.324800	-5.913640	-4.346181	13.218004	36.765961	-113.824373	-62.924722	1.055141
7.290900	-1.981162	-4.779948	1.887369	6.966653	43.963214	-112.454280	-63.531385	0.328951
-8.782084	0.741326	-0.179706	8.097772	0.881889	51.003933	-111.008625	-64.104917	-0.395399
4.579807	1.351055	0.039835	8.338970	0.634704	51.291189	-110.947308	-64.127895	-0.425274
8.845840	1.963214	0.258952	8.578331	0.387870	51.578157	-110.885865	-64.150816	-0.455145
-7.930862	-2.458394	6.554479	16.445963	-10.776793	64.733841	-107.854397	-65.165452	-1.855889
-3.245838	3.397240	-1.014850	14.709245	-20.918846	77.168487	-104.550071	-66.057028	-3.248123
5.716935	3.447104	-1.143275	14.636470	-21.034718	77.314211	-104.508443	-66.067069	-3.264916
2.718037	3.491389	-1.271278	14.562791	-21.150269	77.459627	-104.466831	-66.077080	-3.281685
-4.584836	3.553928	-1.609108	14.362501	-21.456074	77.844932	-104.356221	-66.103557	-3.326177
-5.640165	3.474747	-1.943203	14.155395	-21.760681	78.229404	-104.245339	-66.129909	-3.370660
5.593248	-4.174027	-5.524300	11.011345	-25.509917	83.021508	-102.818808	-66.452574	-3.932686
-6.078575	4.835727	-7.020757	7.115428	-29.057603	87.674291	-101.349243	-66.755278	-4.493070
8.790739	-4.818064	-0.813552	-4.619015	-37.317837	99.145185	-97.305538	-67.453288	-5.950638
0.653604	-8.605311	6.552561	-14.838229	-43.973072	109.524409	-92.980269	-68.016784	-7.395325
-3.964672	-7.704848	6.574428	-14.982201	-44.087923	109.718882	-92.891545	-68.026627	-7.423890
-11.389833	-6.746254	6.588819	-15.123001	-44.202160	109.913028	-92.802646	-68.036424	-7.452470
-9.372484	-5.772034	6.595641	-15.255394	-44.311459	110.099462	-92.716974	-68.045806	-7.479976
-2.357575	-4.765580	6.595624	-15.384582	-44.420022	110.285313	-92.631268	-68.055131	-7.507455
7.308327	-3.412136	6.585127	-15.551559	-44.563399	110.531808	-92.517129	-68.067458	-7.543993
11.502352	-2.086326	6.562800	-15.713063	-44.705711	110.777668	-92.402748	-68.079707	-7.580543
-2.038886	8.719192	5.288137	-17.312131	-46.457142	113.908578	-90.896733	-68.231414	-8.055831
-11.639673	9.545179	2.590128	-18.002989	-48.026451	116.903433	-89.361267	-68.368576	-8.529512
-1.161741	0.115615	-2.033929	-17.525906	-49.945939	120.897182	-87.142387	-68.537673	-9.195916
10.468358	-9.852870	-5.227607	-15.557948	-51.499304	124.610944	-84.866355	-68.677998	-9.858907
4.526965	-6.404308	-4.897330	-12.266477	-52.713031	128.202867	-82.419632	-68.794394	-10.550243
-9.070747	2.454511	-2.209349	-7.881991	-53.481095	131.484544	-79.912157	-68.879504	-11.237571
-3.129255	2.713387	-2.081584	-7.685377	-53.502499	131.610851	-79.809377	-68.882294	-11.265312
9.036244	2.969507	-1.953566	-7.487483	-53.523136	131.736647	-79.706499	-68.885032	-11.293045
-5.625605	8.917707	0.622313	-2.917770	-53.779452	134.343300	-77.447506	-68.931959	-11.893856
-8.777332	6.746786	2.118041	2.006003	-53.659411	136.708449	-75.143323	-68.954945	-12.491316
8.795574	-7.963644	2.392945	7.611851	-53.068337	139.058813	-72.526267	-68.952520	-13.152309
-8.693670	0.548840	1.399771	12.989564	-51.974965	141.109650	-69.855007	-68.920734	-13.808959
-4.569915	1.468746	1.335183	13.245556	-51.906046	141.205178	-69.718734	-68.918354	-13.841992
8.669479	2.369455	1.270513	13.499671	-51.835744	141.299991	-69.582242	-68.915897	-13.875034
-8.328383	7.036537	0.295388	17.635388	-50.349201	142.864141	-67.119081	-68.859419	-14.463867
7.828434	-5.349464	-0.028325	20.788948	-48.416676	144.178233	-64.613460	-68.779232	-15.048951
5.479073	-6.293536	-0.252262	22.803085	-45.720548	145.343975	-61.774854	-68.662195	-15.695835
-6.636295	-0.411500	-0.305186	22.920592	-42.435259	146.193107	-58.885616	-68.516037	-16.337871
-6.434556	-0.286968	-0.300976	22.875340	-42.267673	146.224941	-58.749572	-68.508508	-16.367711
6.590868	-0.177398	-0.296123	22.825400	-42.098831	146.256077	-58.613419	-68.500915	-16.397541
5.379945	1.591516	-0.106036	20.989075	-38.649995	146.715776	-55.997506	-68.344131	-16.964098
-3.514846	3.159089	0.157003	17.537569	-34.798035	146.919430	-53.343180	-68.164514	-17.526662
-5.447708	4.740057	0.202042	11.982251	-30.049864	146.839647	-50.314839	-67.935484	-18.154123
4.769335	4.636366	-0.345563	5.166011	-24.927305	146.429885	-47.240000	-67.677842	-18.776380
-4.267692	4.481379	-0.377927	4.796970	-24.658907	146.400261	-47.082885	-67.664018	-18.807790
-4.681954	4.321441	-0.409736	4.426406	-24.389902	146.369800	-46.925750	-67.650130	-18.839167
3.804661	1.370248	-0.734578	-2.069921	-19.714612	145.720177	-44.235360	-67.402699	-19.370807
-2.780605	-3.488285	-0.197035	-8.651843	-14.920679	144.820890	-41.512647	-67.134178	-19.898450
1.627651	1.918254	1.571476	-15.591522	-9.486619	143.503640	-38.402078	-66.805856	-20.489129
-0.684050	3.201392	2.241565	-21.267119	-4.132229	141.863507	-35.253421	-66.450854	-21.074589
0.157722	-3.617778	-0.266792	-25.063675	1.231392	139.817435	-31.947331	-66.054288	-21.676647
-0.327878	-2.455053	-3.634173	-26.046671	6.286040	137.419379	-28.605297	-65.629204	-22.272922
0.356621	-2.006463	-3.740060	-26.012811	6.512348	137.298973	-28.448672	-65.608693	-22.300577
0.031685	-1.520046	-3.837810	-25.971358	6.737742	137.177798	-28.291976	-65.588121	-22.328219
-1.039011	6.215634	-3.608693	-23.825153	10.801803	134.749962	-25.325692	-65.188821	-22.846855
-2.733931	1.514035	1.165194	-19.362424	14.468573	132.049080	-22.336862	-64.767638	-23.360951
4.742648	-10.889872	7.041030	-12.139015	18.076071	128.637230	-18.902321	-64.260307	-23.942062
-6.878898	-2.811803	7.514592	-3.478634	20.964365	124.881926	-15.448322	-63.724610	-24.517192
-3.367967	-1.821625	7.402305	-3.053306	21.079930	124.698191	-15.286551	-63.698884	-24.543921
7.074882	-0.810695	7.279930	-2.626857	21.193675	124.513728	-15.124753	-63.673097	-24.570637
-8.798160	14.674708	3.539082	5.314078	22.957433	120.967125	-12.124281	-63.184329	-25.063056
-0.490712	19.689813	-1.845635	12.751945	24.020115	117.180236	-9.120147	-62.674444	-25.550910
4.655813	12.403786	-8.193250	19.612094	24.271912	112.495447	-5.631235	-62.055447	-26.112071
12.242620	-2.531920	-11.943323	23.336754	23.352848	107.523676	-2.152365	-61.408085	-26.666977
-1.744393	-2.942594	-11.983147	23.385149	23.306501	107.372056	-2.049445	-61.388458	-26.683335
-12.259475	-3.354192	-12.017942	23.429585	23.258975	107.220045	-1.946438	-61.368785	-26.699704
6.117169	-16.819833	-10.715073	23.049084	21.382892	102.640393	1.078220	-60.778400	-27.179169
11.653364	-26.903804	-4.802273	19.884218	18.709438	97.868045	4.083042	-60.166524	-27.653739
-8.998339	-10.263605	16.023728	5.749480	10.445946	86.106033	10.955365	-58.662830	-28.736865
5.498344	17.969399	-0.123742	-9.913605	1.176230	73.515409	17.624122	-57.044265	-29.792958
-2.444474	13.640531	-1.332086	-10.204205	0.962562	73.207279	17.779595	-57.004403	-29.817727
-5.334753	9.311230	-2.572836	-10.488388	0.749657	72.898767	17.934914	-56.964476	-29.842480
5.274070	5.981105	-3.515971	-10.697034	0.590631	72.667326	18.051205	-56.934514	-29.861019
-5.214039	1.368481	-4.463609	-10.901731	0.432196	72.435866	18.167311	-56.904541	-29.879534
1.631980	-8.086194	-5.927444	-11.210845	0.187987	72.077316	18.346786	-56.858093	-29.908165
5.033573	-16.519847	-7.371089	-11.510630	-0.055177	71.718067	18.526147	-56.811533	-29.936791
4.884769	12.777155	-17.851939	-14.261068	-2.856960	67.379912	20.656108	-56.247514	-30.277801
0.436471	7.687784	-7.704770	-15.284146	-5.400508	62.975214	22.753112	-55.671125	-30.615794
-1.653394	-4.707211	16.122183	-14.305765	-8.447777	56.601997	25.676011	-54.829519	-31.091600
-2.588413	2.192820	17.883836	-11.436118	-10.776783	50.120003	28.520210	-53.962997	-31.561208
-2.705476	0.687937	2.731486	-7.537397	-12.416563	43.225699	31.409277	-53.028083	-32.046727
2.635485	-1.693416	-8.001787	-3.404613	-13.204484	36.246052	34.196181	-52.065950	-32.525337
-2.629542	0.012424	-8.269557	-3.226205	-13.219077	35.937383	34.316286	-52.023009	-32.546228
2.623236	1.716240	-8.522308	-3.048473	-13.231958	35.628584	34.436176	-51.980015	-32.567106
-2.445420	1.168615	-11.574787	0.254189	-13.134772	29.507518	36.759129	-51.120161	-32.976666
-0.203432	-1.704661	-13.449112	2.929863	-12.381981	23.361510	38.993071	-50.239896	-33.380929
2.174337	1.479728	-14.175269	4.845963	-10.794825	16.296273	41.447641	-49.201350	-33.839701
-2.436547	-1.374871	-9.802180	5.225311	-8.559714	9.291248	43.769104	-48.135935	-34.291337
2.460131	-1.168004	-9.551528	5.208741	-8.442265	8.968126	43.873588	-48.085785	-34.312145
-1.296375	-0.921256	-9.302704	5.189455	-8.323714	8.645251	43.977766	-48.035577	-34.332938
-3.117337	1.552618	-5.167716	4.403499	-5.958892	2.721294	45.849592	-47.095979	-34.714929
1.200849	1.370471	-2.144539	3.025614	-3.374939	-3.081619	47.611287	-46.136675	-35.091549
5.038116	-3.025022	0.955152	1.124270	-0.311736	-9.639804	49.516820	-44.995024	-35.523226
-5.933226	-3.297808	4.676715	-0.573142	2.544061	-15.933156	51.257945	-43.826871	-35.947500
5.964016	-2.431861	4.824972	-0.632522	2.657215	-16.196605	51.328895	-43.776125	-35.965550
-3.216141	-1.549429	4.970106	-0.690356	2.769297	-16.459278	51.399478	-43.725366	-35.983573
-6.437200	3.908456	6.643556	-1.456309	4.773140	-21.586274	52.744420	-42.699101	-36.341446
0.774482	-4.356295	4.761800	-1.345635	6.239575	-26.442387	53.956523	-41.653401	-36.693785
6.522312	-3.811293	0.095838	-0.540178	7.251521	-31.723693	55.193934	-40.411096	-37.097114
-0.742912	5.025889	-3.265550	0.304125	7.538516	-36.570737	56.236053	-39.142642	-37.492815
-3.179079	4.955210	-3.294767	0.330210	7.535173	-36.768766	56.276293	-39.087608	-37.509629
-6.151415	4.811599	-3.311264	0.354934	7.530583	-36.965821	56.316130	-39.032564	-37.526418
5.708427	-5.202505	-1.837917	0.576865	7.201199	-40.705084	57.028624	-37.929552	-37.856879
-2.915320	-4.335477	0.496614	0.380536	6.490606	-44.109833	57.588049	-36.807631	-38.181741
-4.452838	5.130600	1.363038	-0.195331	5.312634	-47.660981	58.041423	-35.471419	-38.554575
-1.169308	-1.730574	-0.717378	-0.861274	3.914836	-50.739144	58.270436	-34.109560	-38.919626
3.642251	-3.210620	-0.826871	-0.891919	3.822906	-50.917498	58.277182	-34.022684	-38.942420
-3.593581	-4.628554	-0.922093	-0.920076	3.730741	-51.094014	58.283002	-33.935664	-38.965195
2.952767	-4.323424	-0.916534	-1.040176	2.498906	-53.270588	58.270366	-32.761049	-39.267014
2.776081	3.257179	0.251152	-0.742026	1.325883	-55.097272	58.085909	-31.568245	-39.563183
-1.823266	-2.341990	0.636930	-0.213275	0.057198	-56.796997	57.640423	-30.136619	-39.905573
1.517979	1.210616	-0.723433	0.120380	-1.086294	-57.993906	56.941215	-28.680417	-40.239977
-1.204631	1.392191	-0.747659	0.128336	-1.134120	-58.035129	56.904294	-28.615417	-40.254590
-1.505329	1.537153	-0.763779	0.135691	-1.181749	-58.075378	56.866835	-28.550326	-40.269198
1.510820	-1.156306	0.168967	0.218584	-2.088666	-58.671954	56.005184	-27.233520	-40.559187
-1.721431	0.859192	1.234295	0.440443	-2.899246	-58.867003	54.931803	-25.898768	-40.842778
2.134076	1.062221	0.103526	1.169691	-3.684532	-58.614602	53.479223	-24.389141	-41.151713
-2.665171	-1.176970	-2.184309	2.157557	-4.328255	-57.874920	51.757282	-22.860315	-41.452556
2.689023	-0.987426	-2.255994	2.198720	-4.351815	-57.833452	51.679204	-22.795786	-41.464998
-1.189381	-0.784771	-2.323754	2.239636	-4.375098	-57.791122	51.600602	-22.731180	-41.477436
-3.229198	1.279096	-3.097148	2.978636	-4.790059	-56.716445	49.848694	-21.371520	-41.734560
3.426781	-0.564363	-3.338387	3.338388	-5.052044	-55.293274	47.901102	-19.999582	-41.985347
4.331543	-1.482854	-3.125707	3.198147	-5.146137	-53.280139	45.463883	-18.424723	-42.263002
-4.844217	1.673446	-1.709354	2.543789	-5.007618	-50.897018	42.812406	-16.837085	-42.532348
-2.421641	1.575138	-1.547229	2.497410	-4.994042	-50.762121	42.667070	-16.753053	-42.546318
1.942898	1.438213	-1.373571	2.449982	-4.979861	-50.626352	42.521201	-16.668990	-42.560265
5.242896	-1.927245	2.553571	1.530248	-4.661501	-48.257572	40.032314	-15.273371	-42.787720
0.618286	-0.704191	6.421472	0.418085	-4.200213	-45.677966	37.412914	-13.870598	-43.008754
-5.564123	2.473705	7.543044	-0.974169	-3.525348	-42.504433	34.276550	-12.259397	-43.253561
0.985812	0.086667	3.074496	-2.360391	-2.724038	-39.129878	31.009799	-10.641941	-43.489876
5.396605	-0.139534	2.793303	-2.417984	-2.686845	-38.979281	30.865205	-10.571532	-43.499952
-5.383079	-0.370897	2.508192	-2.475197	-2.649502	-38.828489	30.720510	-10.501164	-43.510006
-4.667513	-3.035851	-3.585160	-3.543626	-1.855472	-35.698433	27.733264	-9.066931	-43.711165
4.397345	-0.790971	-8.447815	-4.347010	-1.012309	-32.472814	24.677423	-7.630482	-43.905586
3.460552	2.747320	-11.153770	-4.780921	-0.043151	-28.787893	21.198617	-6.023577	-44.114892
-2.513486	4.264353	-11.119878	-4.596662	0.908111	-25.056432	17.673440	-4.416959	-44.315677
-1.149048	4.279365	-11.025903	-4.563598	0.969928	-24.807261	17.437578	-4.310032	-44.328742
2.369199	4.281320	-10.920688	-4.528131	1.031535	-24.557949	17.201497	-4.203064	-44.341776
-1.449551	4.015447	-8.581174	-3.867889	1.808097	-21.320482	14.126083	-2.813789	-44.507708
0.592373	3.697468	-4.624589	-2.897991	2.531250	-18.105794	11.047059	-1.427167	-44.667170
1.151623	-6.504859	0.687373	-1.482659	3.295125	-14.396333	7.447658	0.195118	-44.845989
1.495455	-3.827012	2.921805	0.098227	3.948724	-10.792654	3.883359	1.810721	-45.015809
-1.583749	-2.419233	2.960695	0.185317	3.980404	-10.602386	3.692846	1.897496	-45.024697
1.676123	-1.001228	2.993858	0.272408	4.011686	-10.412656	3.502609	1.984198	-45.033553
-4.709548	8.793886	3.056358	1.692991	4.469045	-7.358356	0.399894	3.406890	-45.175492
-5.908572	3.070001	3.332378	3.023247	4.808871	-4.450102	-2.641184	4.821652	-45.310282
8.071242	-10.791283	5.720678	4.279022	5.032152	-1.417190	-5.937120	6.386547	-45.451937
-9.454614	-2.055170	11.127867	5.166365	5.073480	1.361079	-9.116867	7.938467	-45.584615
1.314786	-0.912314	11.457366	5.202406	5.070030	1.508270	-9.290979	8.024910	-45.591774
9.566494	0.240617	11.784059	5.236829	5.065948	1.654456	-9.464562	8.111260	-45.598902
-10.280723	11.644622	15.962769	5.540212	4.919097	3.852605	-12.162036	9.477063	-45.708362
-5.631440	3.864269	16.847734	5.280939	4.631593	5.813267	-14.734685	10.830032	-45.810642
11.395834	-10.539145	15.289953	4.219517	4.158446	7.725955	-17.454123	12.331094	-45.916788
3.241192	-2.903799	12.972902	2.525601	3.555510	9.331285	-19.978555	13.813013	-46.013803
-11.499756	7.579195	10.173195	0.467805	2.860634	10.619280	-22.275401	15.265033	-46.101106
10.420127	-4.017507	6.474196	-1.712719	2.095362	11.607111	-24.344044	16.694973	-46.179284
2.135421	-4.859944	6.268146	-1.809026	2.059933	11.644349	-24.430887	16.758319	-46.182563
-10.263337	-5.652760	6.057451	-1.905056	2.024416	11.681003	-24.517243	16.821618	-46.185824
-2.738864	-3.298786	0.466803	-3.824926	1.259515	12.319113	-26.221722	18.144569	-46.250282
5.353496	3.009179	-6.941782	-5.403153	0.478442	12.705992	-27.698255	19.445128	-46.306554
-5.230736	2.302298	-7.289005	-5.463816	0.442697	12.717805	-27.760254	19.504111	-46.308933
-2.836331	1.538930	-7.634429	-5.523306	0.406974	12.729106	-27.821757	19.563044	-46.311295
2.845223	-2.497175	-13.476266	-6.460566	-0.327778	12.850199	-28.989185	20.778546	-46.356550
-1.493646	2.719373	-13.887231	-6.699184	-1.029985	12.761737	-29.940647	21.971283	-46.394282
1.307578	-3.654535	-7.070268	-5.999572	-1.755932	12.433613	-30.758549	23.283703	-46.427670
-2.176961	-2.508242	0.701725	-4.477208	-2.401938	11.889453	-31.318915	24.564447	-46.451445
0.931730	-1.836865	1.138180	-4.357380	-2.440808	11.847567	-31.346448	24.645953	-46.452647
2.327712	-1.119907	1.563563	-4.235309	-2.479358	11.804881	-31.372963	24.727360	-46.453810
-4.179445	6.628206	5.890383	-2.422789	-2.963869	11.160208	-31.630329	25.806245	-46.465509
-4.510474	2.829885	7.269836	-0.410595	-3.387557	10.393984	-31.708865	26.859386	-46.469913
5.692892	-9.191333	7.313172	1.959604	-3.807299	9.364567	-31.582305	28.060835	-46.465740
2.478608	-1.716586	7.957840	4.065005	-4.143843	8.220008	-31.230536	29.226263	-46.451435
-6.742529	-0.632000	7.982145	4.152175	-4.157515	8.164058	-31.208750	29.279913	-46.450516
6.785459	0.445629	8.003715	4.238098	-4.170999	8.107913	-31.186498	29.333485	-46.449576
-7.498385	10.292763	7.473900	5.640966	-4.389817	7.014908	-30.680358	30.329920	-46.427621
-3.675371	4.433793	4.375952	6.696287	-4.539284	5.870525	-30.016091	31.298157	-46.397673
7.576904	-9.421885	-0.334697	7.529716	-4.621868	4.540441	-29.087803	32.355610	-46.354285
-6.232169	-2.643304	-3.748376	8.033389	-4.608034	3.189686	-27.980994	33.377131	-46.300635
-1.872333	-0.371072	-3.864141	8.050793	-4.604564	3.121925	-27.921241	33.427234	-46.297683
6.029926	1.943429	-3.974211	8.067503	-4.600812	3.054150	-27.861078	33.477247	-46.294706
-2.558592	5.520099	-3.365997	8.410415	-4.198234	0.426627	-25.246794	35.338511	-46.160062
-2.582992	-3.043125	1.448713	7.813522	-3.137326	-2.227908	-22.141238	37.065525	-45.986614
2.756708	-2.239593	1.377353	7.755294	-3.104146	-2.288213	-22.066164	37.103070	-45.982234
-2.936527	0.876521	1.292466	7.693970	-3.070535	-2.348523	-21.990901	37.140546	-45.977834
3.113095	2.913944	1.197936	7.631230	-3.037408	-2.407230	-21.917463	37.176958	-45.973533
-3.286793	1.736418	1.092762	7.565404	-3.003879	-2.465941	-21.843848	37.213304	-45.969212
5.634744	-2.229039	-1.215764	5.680851	-2.311523	-3.561240	-20.440479	37.879025	-45.885147
-6.492904	1.774061	-0.635958	2.480115	-1.517221	-4.655792	-18.984495	38.521964	-45.794428
-5.434389	-0.935788	1.193852	-2.131519	-0.432401	-6.026986	-17.083360	39.301400	-45.670292
5.032458	-1.200562	0.372076	-5.599838	0.664382	-7.371584	-15.128339	40.044409	-45.535433
-2.116321	0.011678	0.208203	-5.744312	0.722938	-7.443941	-15.020365	40.083931	-45.527759
-4.914564	1.185540	0.035910	-5.884005	0.781230	-7.516131	-14.912344	40.123321	-45.520058
4.135803	-1.101188	-1.508372	-7.472018	1.669411	-8.649124	-13.175943	40.737280	-45.392785
-3.654137	1.077762	1.837039	-7.964724	2.445610	-9.739178	-11.423894	41.323496	-45.257295
3.405461	-1.194520	1.840106	-7.901673	3.154490	-10.913035	-9.428097	41.955875	-45.093319
-3.334059	0.923488	-1.468141	-7.519649	3.651025	-12.004129	-7.442403	42.552328	-44.918630
3.331554	1.307966	-1.617826	-7.477044	3.672399	-12.063657	-7.329615	42.585311	-44.908327
1.415786	1.639623	-1.752601	-7.431175	3.692973	-12.122833	-7.216976	42.618160	-44.897994
-3.295342	0.651855	-2.069228	-6.226578	3.904874	-12.981111	-5.517557	43.103050	-44.736597
3.314639	-3.047109	-0.689129	-3.910791	3.913851	-13.754476	-3.849326	43.560784	-44.567053
-4.103260	-1.968103	1.169754	-0.391156	3.638182	-14.540846	-1.941602	44.064091	-44.357287
-4.147264	4.015728	2.179504	2.999368	3.034257	-15.190789	-0.106017	44.529785	-44.136150
0.274432	4.071070	2.189123	3.130851	2.999598	-15.216707	-0.026165	44.549651	-44.126034
4.227529	4.123084	2.195018	3.259917	2.964273	-15.242376	0.053514	44.569443	-44.115896
-5.219241	6.218736	1.423509	5.172825	2.130753	-15.700161	1.589079	44.944731	-43.911180
6.375825	-1.125924	-0.875591	5.529711	1.047950	-16.073507	3.049555	45.290864	-43.697589
5.738394	-7.340669	-2.288025	4.069028	-0.378260	-16.412452	4.598626	45.646010	-43.446149
-8.130558	-0.650145	0.071011	1.051287	-1.825757	-16.687102	6.037448	45.964005	-43.183325
8.140377	0.297438	0.248436	0.871580	-1.900548	-16.700619	6.112203	45.980194	-43.168740
-0.950701	1.235519	0.425061	0.692389	-1.974712	-16.714018	6.186610	45.996273	-43.154121
-7.926226	6.955153	2.461285	-1.874196	-3.049735	-16.915979	7.331611	46.239242	-42.914977
7.217220	-6.270416	1.532144	-3.309401	-3.809179	-17.102693	8.381310	46.453987	-42.667116
-6.084949	5.248855	-1.551132	-3.466084	-4.118232	-17.311891	9.464713	46.666190	-42.370949
-3.344473	2.438606	-2.873835	-2.248139	-3.716104	-17.527620	10.406476	46.840867	-42.063134
4.896563	1.301021	-2.870505	-2.154202	-3.676221	-17.539342	10.452768	46.849163	-42.046317
-4.843586	0.182237	-2.859668	-2.058079	-3.634653	-17.551073	10.498629	46.857352	-42.029465
4.124324	-3.437474	-1.774358	-0.326667	-2.751178	-17.741007	11.178973	46.974723	-41.752469
-3.611746	3.069524	0.531752	1.307463	-1.544780	-17.929209	11.742030	47.063888	-41.466660
3.173024	-3.044218	3.272374	2.250124	0.105609	-18.144230	12.245407	47.131704	-41.125631
-2.777856	-2.797813	2.726117	1.563418	1.859989	-18.360352	12.594168	47.161843	-40.772745
2.755602	-1.549836	2.605960	1.489375	1.952288	-18.372010	12.608503	47.162395	-40.753608
0.268050	-0.288174	2.478483	1.412516	2.044221	-18.383690	12.622415	47.162840	-40.734437
-2.339342	3.476978	-0.438641	-0.082517	3.459310	-18.578654	12.790596	47.155062	-40.416365
0.476761	-3.498051	-3.460266	-1.475673	4.588144	-18.785233	12.850593	47.119088	-40.089224
1.477430	3.316736	-2.760461	-2.096144	5.314858	-19.041337	12.794780	47.044570	-39.707562
-1.117008	3.291742	0.766031	-1.522202	5.332269	-19.328493	12.616656	46.934532	-39.314211
1.100983	2.510516	0.976309	-1.461164	5.314490	-19.345071	12.603599	46.927500	-39.292373
-1.085405	1.707373	1.184401	-1.397443	5.294959	-19.361736	12.590211	46.920364	-39.270499
0.898858	-2.778851	3.425123	-0.057335	4.765792	-19.640311	12.331630	46.791702	-38.915028
-0.837270	2.623873	1.962250	1.653266	3.909763	-19.938821	11.995410	46.636584	-38.550589
0.933549	-2.601631	-1.950097	3.364250	2.652755	-20.308574	11.516360	46.423472	-38.115254
-0.020856	0.224667	-3.373321	3.865809	1.258830	-20.699643	10.954352	46.176082	-37.667860
-1.238117	0.684028	-3.332436	3.845562	1.194804	-20.717619	10.927425	46.164209	-37.647534
1.255977	1.136496	-3.281574	3.821156	1.130700	-20.735632	10.900356	46.152269	-37.627183
0.893111	3.099865	-0.542581	2.598965	-0.143956	-21.097766	10.339862	45.903442	-37.221285
-2.134497	-3.450513	3.447000	0.374656	-1.424499	-21.472335	9.733556	45.629231	-36.806115
0.081380	3.777120	3.167211	-2.537684	-2.833290	-21.903226	9.012432	45.293628	-36.331430
2.816543	-1.494247	-1.535980	-5.432806	-4.187700	-22.344700	8.256366	44.927956	-35.845355
-2.820395	-2.741009	-1.780023	-5.588074	-4.262070	-22.369949	8.212762	44.906377	-35.817503
2.823088	-3.914098	-2.010227	-5.742035	-4.336195	-22.395236	8.169063	44.884692	-35.789600
-2.736081	-1.183962	-3.761238	-7.907550	-5.450348	-22.792232	7.480070	44.534709	-35.350001
-1.057000	3.680721	-2.947094	-9.511440	-6.471435	-23.193250	6.781909	44.162661	-34.901724
2.167530	-3.494267	-0.977779	-10.724497	-7.486290	-23.649505	5.991007	43.715874	-34.384181
-1.969323	0.737966	0.622114	-11.480349	-8.320748	-24.105846	5.210268	43.242545	-33.855828
1.965455	2.107861	0.721341	-11.513231	-8.360894	-24.130976	5.167714	43.215671	-33.826362
-1.962516	3.436911	0.824156	-11.545461	-8.400386	-24.156098	5.125228	43.188720	-33.796863
2.039956	2.632979	2.761312	-12.003200	-8.936822	-24.554703	4.459367	42.749120	-33.322723
-2.341543	-3.839098	4.308286	-12.468315	-9.283954	-24.949221	3.819257	42.290466	-32.840534
2.913149	-1.236925	4.387655	-13.201759	-9.420845	-25.377354	3.151517	41.762769	-32.299023
-3.703924	3.470080	3.289331	-14.337193	-9.268410	-25.794513	2.531936	41.213484	-31.748033
-1.290278	5.228952	1.402606	-15.631615	-8.764003	-26.216055	1.946644	40.623955	-31.168738
5.842372	5.239282	-0.993016	-16.609947	-7.860186	-26.630407	1.419816	40.013247	-30.579714
-1.196821	5.233442	-1.107032	-16.640693	-7.807067	-26.649759	1.396522	39.984048	-30.551803
-5.953792	5.215851	-1.220494	-16.669708	-7.752958	-26.669103	1.373360	39.954805	-30.523871
-2.275425	1.642981	-3.108267	-16.823282	-6.584175	-27.025363	0.969241	39.406803	-30.004222
5.130374	-3.788737	-4.193066	-16.024693	-5.128164	-27.380675	0.610068	38.844262	-29.477541
8.408795	-5.246478	-3.527134	-13.686479	-3.143179	-27.794815	0.248758	38.172249	-28.856050
-8.203122	3.332024	-0.720638	-10.019026	-0.926730	-28.211649	-0.051828	37.482428	-28.225468
2.764489	3.835167	-0.599939	-9.831168	-0.824854	-28.230147	-0.063708	37.451570	-28.197415
8.138232	4.308685	-0.482898	-9.641341	-0.722700	-28.248655	-0.075471	37.420680	-28.169345
3.638265	3.729920	1.259925	-5.387829	1.407400	-28.627954	-0.289621	36.784258	-27.593641
-5.481853	-2.051319	2.583609	-0.554475	3.587695	-29.012232	-0.455400	36.135009	-27.010919
3.580365	0.941976	3.144465	5.090142	5.941364	-29.436640	-0.581401	35.415804	-26.369935
-1.934832	-0.373255	-0.044965	10.804071	8.201240	-29.869187	-0.652004	34.683244	-25.721062
1.860117	-0.017436	-0.286611	11.113315	8.322716	-29.893532	-0.654330	34.642079	-25.684703
-1.787689	0.360158	-0.525153	11.420898	8.443640	-29.917904	-0.656487	34.600875	-25.648320
0.932219	-0.600941	-2.627902	16.026455	10.291420	-30.311691	-0.668309	33.936818	-25.063240
-0.609008	0.565616	-0.508818	19.790726	11.938200	-30.713361	-0.638044	33.263700	-24.472284
1.555299	2.068699	2.223711	22.840189	13.502011	-31.182700	-0.553163	32.484133	-23.789890
1.612552	-2.090693	0.295882	24.340526	14.645774	-31.663563	-0.416090	31.694539	-23.100296
0.743398	-2.226776	0.189351	24.359591	14.675416	-31.679649	-0.410690	31.668298	-23.077399
-1.682578	-2.359009	0.082572	24.376576	14.704531	-31.695763	-0.405229	31.642022	-23.054473
2.782829	-3.156769	-2.017874	24.027864	15.284228	-32.134395	-0.237710	30.931329	-22.434730
-3.981625	2.835186	-0.889780	22.121850	15.493757	-32.583186	-0.031228	30.213971	-21.809649
-3.367491	2.845001	1.769971	18.386620	15.333665	-33.101228	0.245809	29.400932	-21.101398
5.621331	-1.768593	2.208739	13.219798	14.806428	-33.635542	0.568947	28.580951	-20.386945
-3.035223	-1.997972	2.122689	12.910414	14.769068	-33.664435	0.587404	28.537129	-20.348752
-5.625755	-2.173127	2.023597	12.598121	14.730843	-33.693356	0.605977	28.493314	-20.310564
5.282572	1.624020	-0.690304	7.110806	13.982885	-34.174852	0.928810	27.771093	-19.680849
-4.433847	-1.248544	-2.594744	1.243477	13.032008	-34.668062	1.284286	27.044556	-19.046771
3.188582	-0.742890	-1.745003	-5.369447	11.742423	-35.244626	1.728412	26.210682	-18.318037
-2.047606	1.209390	1.144638	-11.323132	10.283388	-35.835167	2.212052	25.372287	-17.584099
1.995687	0.981332	1.318166	-11.625604	10.198386	-35.868368	2.240045	25.325592	-17.543180
-0.410163	0.738849	1.489586	-11.924668	10.113025	-35.901609	2.268155	25.278885	-17.502247
-1.370992	-1.439386	3.444026	-16.050627	8.760017	-36.418423	2.715457	24.558349	-16.870187
1.031489	1.652136	3.094091	-19.172083	7.355764	-36.944435	3.189409	23.835257	-16.234688
1.257748	-1.379155	-0.469647	-21.633923	5.676782	-37.576032	3.781402	22.979506	-15.480974
-1.713517	-1.893107	-4.077242	-22.941907	4.022301	-38.219130	4.407785	22.120930	-14.722934
1.740932	-1.548727	-4.172873	-22.976622	3.948860	-38.248487	4.436915	22.082023	-14.688539
-1.768874	-1.191992	-4.260056	-23.009348	3.875579	-38.277867	4.466114	22.043112	-14.654135
-0.407812	1.853841	-4.572907	-23.250080	2.496989	-38.850232	5.043797	21.289754	-13.987282
2.491279	0.289165	-3.249027	-22.761617	1.208798	-39.430396	5.645804	20.534742	-13.317529
4.007983	-1.735188	-1.306715	-21.459293	-0.160279	-40.106405	6.366829	19.665018	-12.544284
-0.618215	0.237512	-0.079466	-19.573627	-1.428309	-40.791625	7.117786	18.793575	-11.767703
-4.821882	0.399206	-0.027593	-19.475051	-1.485295	-40.823829	7.153554	18.752856	-11.731373
4.853571	0.562492	0.025052	-19.375648	-1.542131	-40.856072	7.189409	18.712107	-11.695013
3.179927	2.096341	1.294446	-17.462836	-2.544089	-41.445321	7.851862	17.970983	-11.033041
-5.685389	-0.014773	3.411311	-15.442987	-3.492663	-42.040482	8.534332	17.228969	-10.369037
5.905752	-3.137072	5.601371	-13.097495	-4.559667	-42.753705	9.368915	16.347777	-9.578915
-5.944551	-0.279545	5.636825	-10.953451	-5.575977	-43.474155	10.229452	15.465805	-8.786433
2.211677	-0.053071	5.582944	-10.865072	-5.618402	-43.505039	10.266718	15.428170	-8.752581
5.939994	0.177756	5.524607	-10.776825	-5.660759	-43.535934	10.304030	15.390535	-8.718725
-0.552630	4.556068	3.428822	-9.018342	-6.501036	-44.160587	11.064802	14.632520	-8.036211
-5.567431	3.905814	-0.053429	-7.261845	-7.322957	-44.789832	11.843115	13.874270	-7.352321
5.075136	-5.432106	-3.804855	-5.181295	-8.256310	-45.518667	12.758874	13.002268	-6.564430
-0.293048	-0.622394	-5.368126	-2.964977	-9.189268	-46.252702	13.695860	12.130425	-5.775215
-4.301202	0.461279	-5.396015	-2.841876	-9.239122	-46.291880	13.746270	12.084064	-5.733208
4.254711	1.542093	-5.419677	-2.718154	-9.289014	-46.331072	13.796737	12.037704	-5.691198
-0.650839	5.229474	-5.380996	-0.598577	-10.109334	-46.971908	14.627489	11.282034	-5.005857
-2.518913	-3.522022	-4.981344	1.711722	-10.948302	-47.616014	15.472690	10.526868	-4.319929
1.584965	-4.030064	-4.056231	4.361339	-11.941336	-48.356336	16.456203	9.664060	-3.534975
-0.936144	-3.752189	-1.855562	6.700527	-12.982125	-49.100278	17.456888	8.802362	-2.749730
0.913211	-3.677455	-1.688004	6.810090	-13.039170	-49.140019	17.510680	8.756477	-2.707880
0.456175	-3.573589	-1.515072	6.917838	-13.096421	-49.179792	17.564549	8.710569	-2.666006
-0.717037	-0.699949	1.634711	8.352611	-14.043876	-49.821579	18.438360	7.971775	-1.991632
0.822417	1.976621	4.219416	9.077712	-15.045590	-50.465567	19.323546	7.234122	-1.317389
-1.210434	-1.717538	4.049846	8.824202	-16.296108	-51.220113	20.370872	6.374391	-0.530439
1.788072	1.863321	-0.535629	7.450137	-17.627419	-51.977101	21.432065	5.516703	0.255823
-0.359440	1.683743	-0.797025	7.347169	-17.701513	-52.018223	21.490003	5.470246	0.298444
-1.858193	1.449278	-1.050979	7.241440	-17.775815	-52.059375	21.548012	5.423769	0.341087
2.464905	-2.345418	-3.407744	5.173167	-19.002417	-52.728748	22.495608	4.669735	1.033387
-2.441492	1.421288	-1.311148	2.608941	-20.253500	-53.399649	23.452731	3.917637	1.724777
-3.913049	3.703835	2.506677	-0.261366	-21.679956	-54.162640	24.549714	3.066720	2.508034
4.164805	-4.413982	2.714668	-2.289991	-23.088111	-54.927153	25.657423	2.218787	3.289603
4.746409	-4.408702	2.609064	-2.358828	-23.155138	-54.964077	25.711129	2.177953	3.327268
4.160516	-4.305718	2.493166	-2.424798	-23.222057	-55.001004	25.764859	2.137125	3.364929
-5.438852	4.979439	-0.442610	-3.141976	-24.412637	-55.670632	26.742350	1.398659	4.046528
-5.118517	3.269596	-2.369154	-3.019329	-25.546363	-56.341106	27.726841	0.662866	4.726424
6.436774	-5.582049	-2.284861	-2.056856	-26.728717	-57.110699	28.863525	-0.177217	5.503601
0.812760	-3.589014	-0.029726	-0.733793	-27.706449	-57.881150	30.008092	-1.013388	6.278109
-6.546105	-3.197751	0.083029	-0.678099	-27.742482	-57.914284	30.057456	-1.049239	6.311337
6.541151	-2.787163	0.195029	-0.622948	-27.777932	-57.947396	30.106798	-1.085057	6.344536
-3.326823	4.452183	1.954344	0.316636	-28.369481	-58.626121	31.120612	-1.817244	7.023559
-5.711103	4.985224	1.634979	0.698364	-28.663180	-59.305272	32.139411	-2.546034	7.700124
4.816440	-4.334295	-0.769516	0.542509	-28.599037	-60.072925	33.295712	-3.365030	8.461239
-3.745424	-3.433596	-1.613073	0.139357	-28.165740	-60.840984	34.457036	-4.179204	9.218705
-3.505431	-3.015702	-1.583043	0.118991	-28.133453	-60.882223	34.519509	-4.222771	9.259261
1.247207	-2.571803	-1.545339	0.099160	-28.100323	-60.923463	34.581994	-4.266323	9.299805
2.653088	2.834053	-0.097808	-0.135025	-27.450004	-61.597803	35.605410	-4.976373	9.961138
-1.785041	-2.383594	1.390573	-0.153729	-26.629067	-62.272017	36.631694	-5.682365	10.619292
1.108910	2.211369	-0.136682	0.099792	-25.534395	-63.036359	37.798709	-6.478038	11.361754
-0.989403	-1.365401	-1.190614	0.459325	-24.305740	-63.799944	38.968152	-7.267986	12.099599
1.004103	-1.928367	-1.174549	0.477597	-24.234545	-63.842236	39.033025	-7.311595	12.140352
-1.021297	-2.431322	-1.148744	0.495451	-24.163109	-63.884502	39.097867	-7.355162	12.181068
1.828765	-0.779097	0.098015	0.717453	-23.022265	-64.540925	40.106236	-8.029872	12.811902
2.520000	3.205430	1.124026	0.824731	-21.841775	-65.196389	41.115521	-8.700012	13.438963
-3.865252	-3.621934	-0.087682	0.775199	-20.424279	-65.970046	42.309726	-9.486405	14.175428
-1.742151	3.494579	-1.254734	0.472893	-18.994059	-66.741816	43.504006	-10.265943	14.906125
5.177135	3.709728	-1.264485	0.453832	-18.934607	-66.773726	43.553447	-10.298068	14.936251
-5.222152	3.886549	-1.269966	0.434190	-18.875094	-66.805656	43.602924	-10.330204	14.966389
-5.052466	1.641255	-0.593930	-0.083756	-17.639221	-67.465326	44.626143	-10.992231	15.587480
6.354338	-3.899060	0.766519	-0.744871	-16.391342	-68.123249	45.648547	-11.648865	16.203955
2.483569	-2.800961	1.896071	-1.563094	-14.909799	-68.890803	46.843541	-12.410275	16.919338
-5.511449	2.969906	2.112587	-2.287316	-13.398746	-69.655532	48.036330	-13.163851	17.627921
5.464164	3.203098	2.099323	-2.314488	-13.333799	-69.687951	48.086941	-13.195685	17.657866
-0.649235	3.413022	2.084164	-2.341335	-13.268786	-69.720365	48.137547	-13.227504	17.687799
-4.214791	3.406761	1.385319	-2.837012	-11.943179	-70.372585	49.156548	-13.865789	18.288438
2.786642	0.129428	0.046512	-3.319015	-10.585967	-71.022428	50.173102	-14.497953	18.883692
1.961612	-2.340106	-1.738334	-3.951372	-8.967070	-71.772702	51.348149	-15.222999	19.566854
-0.209532	-1.469270	-3.132951	-4.749908	-7.292842	-72.519439	52.518923	-15.939378	20.242309
0.184387	-1.388189	-3.180373	-4.789979	-7.218369	-72.551962	52.569939	-15.970458	20.271623
-0.161133	-1.286577	-3.226616	-4.830565	-7.143726	-72.584500	52.620981	-16.001542	20.300942
0.037588	1.592969	-3.896491	-5.732140	-5.632597	-73.230518	53.634751	-16.616547	20.881201
-0.337143	1.598768	-4.024634	-6.771754	-4.069496	-73.873585	54.644480	-17.224617	21.455227
0.785711	-1.315891	-3.009220	-7.998635	-2.207462	-74.607159	55.796825	-17.913078	22.105509
-0.894247	-1.067171	-0.138228	-9.128015	-0.264348	-75.336567	56.942915	-18.591962	22.747110
0.883867	-0.682213	0.032454	-9.174181	-0.175351	-75.369122	56.994070	-18.622127	22.775627
0.624872	-0.298287	0.206126	-9.219875	-0.086178	-75.401668	57.045212	-18.652273	22.804126
-0.380212	2.055081	3.640428	-9.997213	1.683291	-76.032612	58.036615	-19.234340	23.354533
0.280490	-2.851960	5.028218	-10.504183	3.524688	-76.660176	59.022537	-19.808805	23.897994
1.014839	5.392845	-5.288989	-9.610734	8.114492	-78.119917	61.314097	-21.126892	25.145811
1.099074	-4.284455	-5.048002	-3.520674	12.901228	-79.559624	63.569780	-22.400387	26.352470
-1.243276	-7.071412	-4.798397	-3.319256	13.014338	-79.593257	63.622402	-22.429805	26.380356
1.391083	-6.829787	-4.537922	-3.115618	13.127424	-79.626879	63.675001	-22.459198	26.408217
-1.531911	-2.561409	-4.284689	-2.922136	13.233753	-79.658488	63.724448	-22.486817	26.434398
1.551545	2.394413	-4.025267	-2.726802	13.340054	-79.690087	63.773877	-22.514413	26.460558
1.835069	5.979826	-3.718335	-2.497511	13.463570	-79.726802	63.831302	-22.546459	26.490937
-1.993988	7.090164	-3.408264	-2.265876	13.587043	-79.763502	63.888700	-22.578475	26.521287
3.709597	2.941670	0.626029	1.016563	15.232566	-80.253103	64.653936	-23.003762	26.924507
-4.659720	-0.466506	3.808578	4.501232	16.860006	-80.740203	65.414281	-23.423455	27.322515
-4.657904	-0.770850	5.146125	9.134714	18.995789	-81.388992	66.425279	-23.976971	27.847563
4.338820	-4.750554	1.744886	13.264619	21.058554	-82.033128	67.426785	-24.520067	28.362859
-3.319529	4.132846	-4.254898	16.451224	23.139922	-82.710867	68.477779	-25.084245	28.898280
2.381706	2.596777	-4.716310	17.762674	25.085874	-83.383324	69.517400	-25.636322	29.422321
-2.347436	1.688480	-4.579712	17.772237	25.175536	-83.415517	69.567084	-25.662553	29.447223
2.314528	0.717232	-4.431072	17.776785	25.264818	-83.447698	69.616741	-25.688756	29.472097
-3.305573	-4.227774	4.360693	14.590749	28.514930	-84.720006	71.572848	-26.709403	30.441119
-3.738155	4.565210	-0.849264	7.684376	31.183765	-85.972549	73.482924	-27.683135	31.365703
3.798102	-1.908538	-1.216350	7.518334	31.238985	-86.001316	73.526585	-27.705112	31.386572
-3.858747	-4.557691	-1.584510	7.352837	31.293953	-86.030093	73.570250	-27.727079	31.407429
3.928392	-1.771971	-1.994134	7.164020	31.356607	-86.063065	73.620270	-27.752227	31.431308
-3.997410	2.696849	-2.376746	6.976245	31.418882	-86.096024	73.670256	-27.777341	31.455154
-1.610446	4.352577	-3.821876	4.319319	32.318403	-86.594724	74.424940	-28.154411	31.813176
5.490717	-4.082271	-0.198290	2.178516	33.133628	-87.090222	75.171551	-28.523478	32.163572
-5.653647	3.764283	3.478355	0.086521	34.072711	-87.730000	76.130436	-28.991426	32.607785
5.036568	-0.797399	2.698535	-1.450262	34.880415	-88.364415	77.075092	-29.445437	33.038670
2.035393	-0.900193	2.584767	-1.509591	34.913566	-88.392660	77.116997	-29.465410	33.057622
-4.941455	-0.972477	2.466459	-1.568311	34.946489	-88.420913	77.158901	-29.485368	33.076561
3.750767	-1.179431	-0.307641	-2.604658	35.535637	-88.965976	77.964640	-29.866252	33.437932
0.335423	-3.290244	-2.593785	-3.544964	36.035477	-89.507090	78.759253	-30.236342	33.788945
-0.917026	3.204266	-2.749815	-4.700194	36.508895	-90.129943	79.666881	-30.651958	34.182962
0.276369	2.851288	-1.041256	-6.072702	36.874175	-90.747658	80.559041	-31.052665	34.562627
-0.274803	2.628503	-0.951038	-6.128219	36.885970	-90.770953	80.592523	-31.067546	34.576722
0.275121	2.380657	-0.859449	-6.183876	36.897610	-90.794222	80.625955	-31.082393	34.590784
-0.717840	-3.119713	1.234747	-7.487956	37.124790	-91.323925	81.383635	-31.415696	34.906367
1.732291	-0.182114	2.296905	-8.790839	37.280522	-91.849971	82.129403	-31.737583	35.210926
-3.136873	3.255586	2.049098	-10.180700	37.376341	-92.445455	82.964922	-32.090471	35.544527
4.353812	0.781571	0.718839	-11.458656	37.391281	-93.036817	83.784582	-32.428173	35.863426
2.582820	0.293002	0.637742	-11.520550	37.390007	-93.066645	83.825639	-32.444857	35.879171
-4.449344	-0.199865	0.556267	-11.582148	37.388544	-93.096447	83.866630	-32.461491	35.894868
5.009507	-3.706937	-0.784912	-12.600043	37.334869	-93.606364	84.563391	-32.740688	36.158172
3.380702	-1.371110	-1.676155	-13.549496	37.230092	-94.114097	85.248035	-33.008205	36.410138
-4.903773	3.733390	-1.871465	-14.596635	37.048598	-94.703849	86.031387	-33.305393	36.689601
-1.698536	4.541331	-0.925623	-15.648993	36.808942	-95.290546	86.798026	-33.586323	36.953243
4.302132	4.266231	-0.855598	-15.695207	36.797249	-95.316077	86.831102	-33.598210	36.964385
-3.186727	3.955026	-0.783323	-15.741398	36.785465	-95.341584	86.864123	-33.610058	36.975490
-3.629920	-4.672416	0.826838	-16.654252	36.532968	-95.844365	87.510210	-33.837777	37.188676
2.984396	-4.684078	1.885895	-17.565739	36.245721	-96.344505	88.143828	-34.053154	37.389822
-2.388420	4.443434	1.381293	-18.654021	35.871406	-96.924858	88.867760	-34.288822	37.609243
2.147256	2.605715	-0.945119	-19.806768	35.460793	-97.501203	89.574694	-34.507309	37.811865
-2.147965	2.079937	-1.069108	-19.871101	35.437895	-97.531951	89.612073	-34.518521	37.822238
1.233928	1.532854	-1.189116	-19.935776	35.414899	-97.562704	89.649424	-34.529690	37.832568
2.358844	-3.440175	-2.091994	-21.001152	35.041610	-98.046024	90.231970	-34.699174	37.988965
-2.783457	-1.269535	-0.402257	-22.158346	34.650742	-98.526271	90.802472	-34.856119	38.133075
3.335175	2.166441	2.273791	-23.583691	34.177936	-99.081889	91.452116	-35.023017	38.285323
-3.707583	-1.648398	2.186452	-25.025978	33.691837	-99.633227	92.085698	-35.172562	38.420530
-2.791485	-1.556142	2.094838	-25.086629	33.670835	-99.656714	92.112442	-35.178569	38.425930
3.723304	-1.430674	1.996010	-25.147127	33.649820	-99.680193	92.139158	-35.184544	38.431298
3.170500	1.493255	-0.723341	-26.332643	33.219604	-100.156673	92.676994	-35.299220	38.533749
-3.495563	-1.768023	-2.519273	-27.382655	32.787722	-100.629969	93.203021	-35.400467	38.622984
1.233996	2.568347	-2.631585	-28.337322	32.291671	-101.172820	93.796234	-35.500549	38.709443
2.639483	-2.954315	-0.559950	-28.941828	31.804231	-101.711614	94.374282	-35.582359	38.777887
-2.623373	-3.387885	-0.452059	-28.959323	31.784623	-101.733499	94.397535	-35.585304	38.780293
2.607477	-3.784601	-0.343673	-28.976307	31.765025	-101.755393	94.420780	-35.588221	38.782670
-2.320682	1.668449	1.807269	-29.220515	31.354828	-102.219424	94.909270	-35.642940	38.826007
2.120662	5.660817	2.786849	-29.268053	30.959632	-102.680685	95.386944	-35.683654	38.855510
-1.982017	-6.318449	1.804267	-29.121929	30.528477	-103.207563	95.922934	-35.713023	38.872191
1.524181	-3.164956	0.959458	-28.775925	30.125688	-103.730548	96.444799	-35.723605	38.870282
1.931084	-2.954969	0.939058	-28.755682	30.108188	-103.754076	96.468038	-35.723638	38.869755
-5.176261	-2.772248	0.920097	-28.735044	30.090749	-103.777595	96.491247	-35.723632	38.869189
