-14.052372	-7.450572	3.757285	3.760941	-41.429465	27.280973	8.405284	-6.625428	3.136055
19.306112	-4.840455	4.169402	3.761457	-41.428926	27.280907	8.405329	-6.625429	3.136050
-6.777405	1.579172	4.562498	3.763620	-41.428232	27.280841	8.405374	-6.625430	3.136046
-19.012908	5.596896	4.877500	3.766995	-41.427474	27.280781	8.405414	-6.625431	3.136042
18.780196	3.508946	5.069879	3.771655	-41.426604	27.280722	8.405454	-6.625431	3.136037
9.805049	-2.936129	4.805279	3.777822	-41.425582	27.280661	8.405494	-6.625432	3.136033
-18.180811	-5.864883	3.637721	3.785470	-41.424415	27.280599	8.405536	-6.625433	3.136029
16.020027	-0.138989	1.519281	3.793860	-41.423205	27.280540	8.405574	-6.625434	3.136025
17.634450	6.116110	-1.095328	3.803426	-41.421879	27.280482	8.405613	-6.625435	3.136021
-17.417315	4.299550	-3.613341	3.814618	-41.420374	27.280421	8.405653	-6.625436	3.136016
3.689634	-3.128507	-5.099017	3.826852	-41.418766	27.280361	8.405693	-6.625437	3.136012
17.181512	-6.576125	-4.865312	3.839483	-41.417134	27.280304	8.405730	-6.625437	3.136008
-5.487066	-0.669298	-2.599827	3.853140	-41.415392	27.280247	8.405768	-6.625438	3.136004
-17.153110	6.893581	1.246985	3.868257	-41.413485	27.280188	8.405806	-6.625439	3.136000
17.193069	6.470362	5.841503	3.884682	-41.411432	27.280128	8.405845	-6.625440	3.135996
9.105999	-1.207387	10.933163	3.904214	-41.409011	27.280061	8.405888	-6.625440	3.135992
-17.347880	-7.416312	15.448811	3.924816	-41.406476	27.279995	8.405931	-6.625441	3.135987
14.690057	-5.757658	18.830030	3.944438	-41.404075	27.279935	8.405970	-6.625442	3.135983
17.516580	0.454425	21.855295	3.965397	-41.401521	27.279874	8.406009	-6.625443	3.135979
-65.701107	20.757634	32.472434	21.622474	-34.510341	27.253531	8.417448	-6.625214	3.134718
112.677956	-6.102877	-81.911450	-19.327744	-15.704164	27.212478	8.427561	-6.624072	3.133489
132.346185	-5.019681	-76.307803	-21.211952	-14.082784	27.209097	8.428212	-6.623959	3.133405
93.809782	-4.936641	-69.188821	-22.640585	-12.432965	27.205646	8.428857	-6.623842	3.133321
-197.417467	1.467212	148.376974	-0.992432	21.032870	27.130074	8.439570	-6.620888	3.131806
-125.447237	-18.298829	77.433435	24.046899	54.073388	27.032059	8.448076	-6.616426	3.130343
-15.230587	46.201067	-151.920867	31.014684	79.611479	26.891555	8.455136	-6.609358	3.128715
156.929789	-72.225845	-232.945346	23.373794	81.429987	26.723202	8.459165	-6.600231	3.127159
198.417489	-69.938727	-232.026908	22.595056	80.966248	26.714575	8.459280	-6.599748	3.127087
180.111258	-66.084226	-230.717113	21.771444	80.459066	26.705889	8.459388	-6.599261	3.127015
-19.590101	69.676340	-153.828082	0.324179	64.346582	26.535039	8.460143	-6.589464	3.125725
-101.793125	106.902650	-31.267712	-26.263180	38.786534	26.342044	8.458550	-6.578085	3.124490
-28.713535	-24.910497	88.359554	-50.066940	4.688159	26.094223	8.453887	-6.563275	3.123156
10.579947	-121.310662	162.445542	-53.236396	-27.876955	25.813016	8.446173	-6.546435	3.121893
-9.560407	-106.814783	162.310943	-52.617197	-29.285191	25.798547	8.445723	-6.545571	3.121834
8.620960	-91.966878	161.696006	-51.915396	-30.672776	25.783994	8.445266	-6.544702	3.121775
-3.264260	-24.453699	90.563925	-27.507244	-52.229653	25.505756	8.435756	-6.528159	3.120735
6.233056	29.595492	-16.571383	9.348829	-67.215014	25.198077	8.423893	-6.510075	3.119750
31.543359	66.793683	-80.750803	48.865842	-76.666417	24.802661	8.407209	-6.487217	3.118678
-12.184525	92.745499	-76.613351	68.207164	-77.983875	24.362697	8.387361	-6.462321	3.117680
-48.945820	90.474600	-75.219411	68.620418	-77.834355	24.338184	8.386226	-6.460950	3.117630
-30.184265	87.576675	-73.754396	68.976877	-77.663139	24.313525	8.385081	-6.459574	3.117579
47.607607	1.406678	-44.112946	67.241940	-71.882565	23.894819	8.365287	-6.436472	3.116791
58.574815	-67.184998	-14.326104	53.059726	-60.643760	23.438491	8.343169	-6.411903	3.116058
30.734791	-47.099564	7.877351	-6.964104	-19.825739	22.210769	8.282428	-6.348840	3.114561
20.095128	19.384954	-2.848689	-59.625690	25.344720	20.729250	8.208978	-6.277972	3.113369
0.682327	15.544316	-2.894402	-60.509506	26.350920	20.688873	8.206990	-6.276112	3.113343
-21.833398	11.533867	-2.915317	-61.366468	27.347111	20.648317	8.204993	-6.274246	3.113318
20.879720	8.094651	-2.915330	-62.095741	28.212003	20.612615	8.203236	-6.272607	3.113295
21.117874	4.856867	-2.899985	-62.805091	29.069403	20.576750	8.201472	-6.270964	3.113273
-12.978526	-8.023158	4.543103	-79.224910	56.956066	18.971274	8.123392	-6.199978	3.112490
-10.405588	4.722066	3.341318	-84.505648	69.266596	17.104941	8.035056	-6.122984	3.111960
14.373649	2.615978	2.901892	-84.530371	69.367159	17.055607	8.032758	-6.121018	3.111950
-14.473501	0.549048	2.438496	-84.549216	69.458046	17.006065	8.030451	-6.119048	3.111941
-6.710544	-4.035483	-6.902947	-83.539580	69.236817	15.925969	7.980546	-6.076818	3.111774
18.598441	3.213724	-2.713100	-79.835856	65.486636	14.777354	7.927918	-6.033049	3.111675
5.821604	1.617046	-2.271270	-79.587413	65.226507	14.719011	7.925249	-6.030848	3.111672
-18.713869	-0.071150	-1.826870	-79.333289	64.960389	14.660560	7.922575	-6.028646	3.111669
18.766025	-1.662386	-1.381678	-79.071626	64.686411	14.601575	7.919877	-6.026424	3.111666
16.275749	-3.008856	-0.943418	-78.803951	64.406248	14.542405	7.917170	-6.024198	3.111664
-19.107697	-1.599178	4.525527	-73.499949	58.941456	13.536626	7.871121	-5.986584	3.111646
-9.817352	1.293159	6.382551	-66.616542	52.233585	12.495070	7.823213	-5.947946	3.111676
17.593841	-0.848768	4.031350	-55.535964	42.263333	11.098760	7.758334	-5.896342	3.111785
-9.853343	1.188235	-0.008675	-42.796723	31.346346	9.659773	7.690338	-5.843059	3.111975
-16.545464	1.216179	-0.192449	-42.168703	30.814331	9.590862	7.687047	-5.840499	3.111986
16.513095	1.223319	-0.373845	-41.539068	30.281217	9.521880	7.683748	-5.837936	3.111998
2.865822	-0.800940	-3.166458	-29.825885	20.370187	8.246161	7.622074	-5.790306	3.112235
-16.601352	-2.892406	-4.579558	-18.174057	10.379225	6.952977	7.558067	-5.741454	3.112533
17.759544	0.586763	-4.053377	-5.407720	-0.930768	5.445450	7.481212	-5.683508	3.112954
7.781981	4.797989	-1.737855	6.391821	-11.696527	3.933074	7.401250	-5.623976	3.113458
-19.716835	4.542305	-1.597532	6.921555	-12.185168	3.861794	7.397402	-5.621129	3.113484
-1.671238	4.217738	-1.455009	7.448722	-12.671799	3.790527	7.393547	-5.618279	3.113510
21.823859	-5.291893	1.494292	16.662291	-21.218206	2.483228	7.321421	-5.565249	3.114021
-8.994655	-1.138029	4.468805	24.880482	-28.844416	1.187012	7.246969	-5.511067	3.114594
-25.795866	5.415394	5.072047	32.964365	-36.204644	-0.279963	7.158576	-5.447426	3.115331
26.779236	-4.579580	0.593213	39.503193	-41.806689	-1.714008	7.067121	-5.382309	3.116152
9.239299	-4.936928	0.313822	39.775742	-42.025294	-1.780903	7.062716	-5.379191	3.116193
-26.803278	-5.221923	0.033283	40.044933	-42.239471	-1.847658	7.058308	-5.376071	3.116234
26.446308	0.193277	-4.670909	44.495664	-45.441687	-3.058925	6.975864	-5.318024	3.117024
10.905490	4.881982	-6.057067	48.200380	-47.320406	-4.230522	6.891101	-5.258895	3.117879
-23.367485	0.065043	-1.133782	51.844540	-48.029933	-5.520647	6.790741	-5.189566	3.118942
0.485893	-4.662277	5.167912	54.713618	-47.430596	-6.739917	6.687327	-5.118856	3.120090
21.250161	-4.428691	5.366236	54.820890	-47.377099	-6.792937	6.682604	-5.115644	3.120144
-4.469843	-4.133702	5.552543	54.926197	-47.321471	-6.845831	6.677872	-5.112427	3.120198
-19.682965	4.619326	6.507036	56.537570	-45.882163	-7.832764	6.585542	-5.049942	3.121269
18.640076	0.077727	2.496730	57.317496	-43.882151	-8.759166	6.490919	-4.986454	3.122406
10.443124	-4.539208	-3.707342	57.224436	-41.089407	-9.757668	6.378260	-4.911553	3.123807
-18.133292	-2.242247	-6.210333	56.112452	-38.006146	-10.673475	6.262528	-4.835353	3.125297
16.431730	-1.885265	-6.217304	56.030276	-37.848168	-10.716753	6.256705	-4.831538	3.125373
18.175553	-1.506946	-6.213838	55.945509	-37.689818	-10.759826	6.250875	-4.827720	3.125449
-18.761157	4.342817	-4.652174	54.115160	-34.911523	-11.469303	6.149292	-4.761490	3.126800
-1.101665	1.254929	-0.922849	51.714418	-32.057014	-12.117540	6.045469	-4.694345	3.128216
20.783841	-4.132736	3.636603	48.489185	-28.714130	-12.785699	5.923523	-4.616157	3.129922
-9.235376	0.570635	5.490578	45.021128	-25.328848	-13.372018	5.798638	-4.536814	3.131714
-22.724992	4.140588	4.787690	41.592766	-21.986600	-13.868273	5.672953	-4.457675	3.133563
23.118943	-3.501921	2.668231	38.195645	-18.665071	-14.284261	5.544430	-4.377464	3.135496
4.078675	-3.941231	2.545493	38.029580	-18.502962	-14.302657	5.538030	-4.373488	3.135593
-23.127418	-4.351941	2.421831	37.863547	-18.340936	-14.320869	5.531618	-4.369506	3.135691
22.953583	-4.537441	0.046744	34.791996	-15.357448	-14.625195	5.410464	-4.294594	3.137554
7.500168	3.558133	-2.119125	31.805912	-12.499747	-14.860441	5.286913	-4.218814	3.139491
-21.719137	5.062026	-3.761596	28.656507	-9.562888	-15.037834	5.149344	-4.135140	3.141687
6.730548	-5.213945	-4.716527	25.610100	-6.833012	-15.131869	5.008929	-4.050477	3.143970
20.974359	-5.174979	-4.735468	25.472541	-6.712949	-15.134174	5.002419	-4.046569	3.144077
1.490243	-5.039795	-4.751790	25.335260	-6.593430	-15.136301	4.995906	-4.042662	3.144184
-20.448615	5.187630	-4.763738	22.570579	-4.255833	-15.141076	4.861739	-3.962509	3.146407
20.169260	-1.264499	-4.749681	19.857682	-2.109353	-15.071899	4.725080	-3.881533	3.148707
2.178642	-1.795252	-4.747232	19.717157	-2.002629	-15.066255	4.717887	-3.877288	3.148829
-20.152845	-2.293891	-4.744122	19.576610	-1.896350	-15.060405	4.710681	-3.873038	3.148951
17.354361	-4.731929	-4.491274	17.025569	-0.050649	-14.918543	4.578451	-3.795339	3.151214
20.116870	-1.504176	-3.663001	14.467956	1.636304	-14.709287	4.444098	-3.716933	3.153547
-20.128449	0.557344	-1.986475	11.483596	3.406502	-14.383119	4.286288	-3.625477	3.156330
-8.196200	3.887285	0.349494	8.453889	5.001580	-13.966016	4.125829	-3.533129	3.159208
20.006926	3.976947	0.474649	8.309145	5.072869	-13.943971	4.118156	-3.528728	3.159347
-6.348198	4.051321	0.601012	8.164311	5.143759	-13.921720	4.110478	-3.524326	3.159486
-19.746071	2.165354	2.932660	5.508183	6.365758	-13.479756	3.969440	-3.443691	3.162058
19.378483	-4.298706	4.565922	2.828785	7.450106	-12.969016	3.826559	-3.362426	3.164702
-2.129958	-4.240154	4.446626	-0.264020	8.526680	-12.291964	3.659057	-3.267653	3.167850
-18.387351	1.779101	2.285294	-3.205479	9.405703	-11.521915	3.489268	-3.172084	3.171094
18.366706	2.076542	2.154367	-3.337006	9.442015	-11.483449	3.481238	-3.167575	3.171249
8.812890	2.367670	2.022179	-3.467713	9.477851	-11.444801	3.473208	-3.163068	3.171403
-18.020194	6.205412	-0.444041	-5.715707	10.054732	-10.698344	3.324904	-3.080000	3.174285
2.783619	6.661256	-2.443820	-7.598337	10.474381	-9.882053	3.175047	-2.996381	3.177239
17.566641	5.676057	-3.938857	-9.179627	10.758469	-8.845309	2.999032	-2.898538	3.180762
-8.893847	5.007958	-4.568171	-9.932506	10.806992	-7.713265	2.821093	-2.799995	3.184383
-17.411848	4.881597	-4.577222	-9.943938	10.802550	-7.657078	2.812589	-2.795294	3.184558
17.405898	4.738679	-4.584397	-9.952986	10.797444	-7.600675	2.804081	-2.790592	3.184733
17.150020	-9.486737	-2.981092	-8.572247	10.082719	-5.174601	2.460078	-2.601046	3.191917
-18.565814	-5.484158	2.056557	-4.680480	8.536309	-2.474956	2.110157	-2.409242	3.199461
18.623478	-4.422935	2.191888	-4.551476	8.485008	-2.398422	2.100523	-2.403973	3.199673
13.572760	-3.365872	2.324998	-4.421687	8.433330	-2.321816	2.090892	-2.398707	3.199884
-18.734060	-2.533289	2.435803	-4.311247	8.389305	-2.256928	2.082741	-2.394250	3.200063
3.990954	-1.799525	2.544868	-4.200228	8.344997	-2.191959	2.074588	-2.389793	3.200242
19.846508	0.662345	4.073901	-2.176119	7.525815	-1.041234	1.931168	-2.311447	3.203415
-15.155129	2.007216	4.525401	-0.065982	6.640006	0.125412	1.786938	-2.232773	3.206648
-22.512986	8.156510	2.735813	2.587669	5.425978	1.645495	1.599142	-2.130482	3.210921
23.536432	8.510172	-1.546672	4.685735	4.175444	3.159264	1.410174	-2.027693	3.215296
-1.152981	7.725465	-1.777881	4.771390	4.109200	3.238688	1.400152	-2.022244	3.215530
-23.604343	6.855412	-2.004456	4.853944	4.043032	3.317979	1.390132	-2.016798	3.215764
23.865430	-7.417791	-4.357884	5.703963	2.978181	4.594592	1.226441	-1.927859	3.219622
12.600487	-3.254887	-2.812534	5.483841	1.964904	5.831088	1.062017	-1.838586	3.223555
-23.441111	4.952198	1.473171	4.053291	0.890947	7.194268	0.870436	-1.734625	3.228213
-1.347236	-3.644440	3.984267	1.675105	-0.037572	8.458413	0.678047	-1.630262	3.232973
23.191155	-3.751882	3.965205	1.544231	-0.077465	8.515644	0.668894	-1.625298	3.233201
-7.744155	-3.777251	3.928656	1.411968	-0.116977	8.572643	0.659734	-1.620329	3.233430
-23.204482	2.737819	1.134374	-1.123529	-0.762139	9.563013	0.492389	-1.529560	3.237647
23.397980	2.880708	-2.134420	-3.520935	-1.249818	10.452194	0.324580	-1.438527	3.241942
9.009442	-2.389151	-3.431316	-5.407245	-1.590528	11.338699	0.130396	-1.333148	3.246995
-23.428295	-3.107053	-1.008921	-5.757650	-1.666728	12.064746	-0.064228	-1.227466	3.252153
23.401150	-2.779266	-0.827518	-5.736216	-1.663028	12.097245	-0.074122	-1.222091	3.252418
17.538329	-2.422977	-0.643929	-5.711336	-1.658581	12.129338	-0.084023	-1.216712	3.252683
-22.592624	3.446535	2.195478	-4.797420	-1.479421	12.611581	-0.252787	-1.124989	3.257242
-7.608354	0.405946	2.993456	-3.087333	-1.143216	12.975303	-0.421732	-1.033079	3.261879
19.888627	-4.038750	1.492062	-0.450156	-0.633411	13.253524	-0.616689	-0.926887	3.267323
-16.432807	1.967757	-1.178421	2.245975	-0.074551	13.387179	-0.811722	-0.820486	3.272874
-18.429118	2.268859	-1.305286	2.366525	-0.047393	13.390136	-0.821284	-0.815265	3.273149
18.371438	2.548310	-1.429987	2.485390	-0.020317	13.392765	-0.830852	-0.810040	3.273424
-4.294128	4.226349	-3.027620	4.233009	0.431555	13.385524	-1.000099	-0.717529	3.278337
-17.221108	1.361135	-2.969770	5.182099	0.792953	13.280296	-1.169203	-0.624903	3.283329
17.460945	-3.273831	-1.301577	5.388821	1.019533	13.047733	-1.364144	-0.517816	3.289195
18.456542	-3.675485	1.152210	4.834752	0.977885	12.711462	-1.558544	-0.410626	3.295168
-18.527428	-3.480607	1.277735	4.789256	0.969300	12.692348	-1.568190	-0.405295	3.295468
5.394142	-3.272790	1.402677	4.742121	0.960158	12.673022	-1.577834	-0.399965	3.295768
20.127669	0.885342	3.293827	3.666027	0.720018	12.304605	-1.745563	-0.307052	3.301038
-13.329274	3.133042	3.936898	2.173749	0.356631	11.884069	-1.912618	-0.214097	3.306389
-23.742629	2.821804	2.172140	0.232492	-0.158415	11.349818	-2.104083	-0.106978	3.312656
24.881156	-1.403412	-1.167282	-1.566857	-0.713394	10.778942	-2.294305	0.000148	3.319031
9.793964	-1.702248	-1.327919	-1.641054	-0.739273	10.751583	-2.303186	0.005168	3.319333
-24.932927	-1.991056	-1.487133	-1.714027	-0.765088	10.724184	-2.312064	0.010188	3.319634
24.951064	-2.700830	-3.899458	-2.796734	-1.224799	10.209645	-2.476521	0.103506	3.325287
9.964907	1.982806	-4.449095	-3.179674	-1.616133	9.693265	-2.639767	0.196793	3.331023
-23.253201	3.009384	-1.925478	-2.575291	-1.936453	9.110586	-2.826339	0.304298	3.337740
0.729324	-3.349896	3.286164	-1.279590	-2.107535	8.558426	-3.010954	0.411713	3.344570
22.090194	-3.247444	3.452064	-1.217666	-2.111554	8.535763	-3.018802	0.416304	3.344864
-8.062240	-3.082320	3.607040	-1.155551	-2.115306	8.513174	-3.026651	0.420898	3.345159
-21.303280	3.703854	4.213167	0.060458	-2.133813	8.077375	-3.184678	0.513842	3.351174
20.772627	-3.316652	0.436539	0.970382	-2.042761	7.689003	-3.340963	0.606680	3.357273
14.007430	-4.174789	-3.856591	1.357742	-1.793972	7.304807	-3.518741	0.713510	3.364406
-19.319174	2.297812	-2.668035	0.910675	-1.389651	6.984693	-3.693863	0.820151	3.371652
19.210331	2.662179	-2.519842	0.878134	-1.369407	6.972155	-3.701393	0.824770	3.371968
19.213086	3.013088	-2.366957	0.844895	-1.348989	6.959722	-3.708917	0.829389	3.372285
-17.887306	4.103108	1.076118	0.103256	-0.911202	6.731322	-3.859006	0.922138	3.378701
-1.521019	-1.592369	3.373308	-0.514806	-0.455394	6.540367	-4.006803	1.014706	3.385204
14.616767	-3.601925	2.940527	-0.691230	0.019888	6.361656	-4.172444	1.120060	3.392727
-13.525318	3.306425	-0.515109	-0.352272	0.389575	6.217280	-4.334768	1.225134	3.400364
-12.260975	3.262034	-0.691616	-0.326091	0.405918	6.210806	-4.342818	1.230396	3.400750
13.467166	3.162843	-0.863601	-0.299296	0.422118	6.204397	-4.350860	1.235658	3.401136
6.309149	-1.481281	-2.998723	0.227799	0.690269	6.102555	-4.489225	1.326996	3.407898
-13.794396	-3.047429	-3.059397	0.744370	0.965811	6.015325	-4.624792	1.418082	3.414746
14.568011	3.187429	-0.451696	1.098099	1.353595	5.926562	-4.776927	1.522393	3.422721
12.324247	-3.495486	2.352848	0.967524	1.862117	5.842668	-4.925032	1.626326	3.430812
-15.318752	-3.580804	2.435813	0.946087	1.889338	5.838561	-4.932160	1.631392	3.431210
0.656744	-3.593358	2.510897	0.923146	1.916713	5.834445	-4.939277	1.636458	3.431609
15.707724	2.479135	2.704788	0.264520	2.425131	5.758417	-5.065041	1.727026	3.438792
-15.797091	4.571257	1.401602	-0.780378	2.939408	5.674482	-5.187435	1.817261	3.446065
-15.621530	0.763409	-0.681295	-2.037915	3.460605	5.567336	-5.317516	1.915718	3.454135
15.597722	-5.618603	-2.090646	-3.002331	3.884880	5.437720	-5.443248	2.013734	3.462312
-15.753966	-3.263444	-1.758149	-3.282292	4.170179	5.270326	-5.570202	2.115980	3.470999
14.025402	3.470068	-0.368130	-2.638952	4.258262	5.063556	-5.692025	2.217697	3.479806
16.503621	3.755365	-0.296715	-2.590125	4.257555	5.053145	-5.697434	2.222305	3.480208
-16.554586	4.031964	-0.225238	-2.539754	4.256447	5.042636	-5.702835	2.226914	3.480612
3.838324	6.267335	1.022857	-1.322301	4.159292	4.824520	-5.803744	2.314620	3.488354
19.238027	5.626257	1.682301	0.267059	3.920564	4.572892	-5.900518	2.401887	3.496187
-14.387320	5.367754	1.259170	2.313409	3.476835	4.243575	-6.006329	2.501478	3.505287
-21.279091	4.466966	-0.542915	4.274853	2.856551	3.872170	-6.106365	2.600455	3.514507
21.278393	4.347491	-0.648751	4.359855	2.822992	3.853620	-6.110942	2.605112	3.514945
-3.624470	4.192975	-0.755518	4.443925	2.789052	3.834979	-6.115505	2.609767	3.515383
-20.766583	-2.234644	-2.747818	5.794099	2.096448	3.475676	-6.197145	2.695245	3.523505
19.789573	-4.533448	-4.296439	6.658225	1.278287	3.086542	-6.274172	2.780243	3.531718
8.824770	3.067664	-4.580423	6.829419	0.190447	2.600307	-6.357378	2.877964	3.541334
-17.895213	3.484037	-2.774975	5.714559	-0.989321	2.076704	-6.434086	2.975018	3.551072
-8.584135	2.979101	-2.667535	5.617009	-1.045082	2.051282	-6.437517	2.979548	3.551531
17.864025	2.455000	-2.559261	5.514555	-1.100826	2.025765	-6.440936	2.984079	3.551991
-2.436090	-3.274643	0.103198	2.810733	-2.102929	1.541945	-6.501245	3.067251	3.560505
-18.183733	-1.640025	4.938079	-1.015478	-3.005838	1.032272	-6.556464	3.149909	3.569112
18.524216	4.490826	10.440477	-5.437883	-3.846842	0.390392	-6.615630	3.248020	3.579520
7.136774	-6.524990	8.420946	-8.182307	-4.303612	-0.285695	-6.667179	3.345375	3.590060
-18.351466	12.400155	-15.653347	-7.103882	-3.903761	-1.651930	-6.743664	3.528836	3.610525
18.182152	-2.675094	3.493357	1.754939	-2.331670	-3.057088	-6.790419	3.709362	3.631475
12.886268	-9.623552	4.478706	1.986593	-2.284571	-3.091234	-6.791176	3.713724	3.631992
-18.201758	-15.202519	5.474432	2.216143	-2.237196	-3.125363	-6.791915	3.718083	3.632509
12.494210	-17.743682	6.411113	2.428928	-2.192612	-3.157291	-6.792589	3.722163	3.632993
18.224415	-17.338402	7.348354	2.639675	-2.147773	-3.189224	-6.793248	3.726243	3.633478
-8.672187	-13.740971	8.378032	2.869772	-2.097984	-3.224482	-6.793957	3.730749	3.634014
-16.047977	-8.586099	9.395363	3.096785	-2.047943	-3.259717	-6.794646	3.735253	3.634550
-18.611569	18.442082	18.687540	5.792270	-1.338736	-3.742208	-6.802103	3.797105	3.641968
-9.837271	-3.107680	12.282693	7.422821	-0.612613	-4.217353	-6.805727	3.858575	3.649445
-7.007982	-16.764526	-9.213644	8.173189	0.418126	-4.892321	-6.804015	3.947626	3.660469
18.928878	12.858034	-17.888625	7.692462	1.343641	-5.537466	-6.793813	4.035819	3.671620
21.100118	13.509794	-17.816478	7.654319	1.381727	-5.565375	-6.793158	4.039727	3.672120
-21.132143	14.006278	-17.704177	7.615223	1.419526	-5.593207	-6.792486	4.043633	3.672620
-4.132913	7.485529	-8.591244	6.677948	2.099592	-6.120957	-6.775849	4.119650	3.682446
21.808047	-8.532306	6.560424	5.479571	2.662161	-6.613508	-6.752480	4.194959	3.692370
-11.040153	-4.506580	13.505624	3.911044	3.153206	-7.127984	-6.717213	4.280445	3.703874
-21.765002	3.284308	9.596423	2.253524	3.468622	-7.580383	-6.672720	4.364932	3.715507
21.761367	3.148631	9.252296	2.173412	3.479017	-7.600134	-6.670380	4.368909	3.716062
-4.308982	2.966812	8.899518	2.093157	3.488993	-7.619726	-6.668018	4.372884	3.716616
-21.694743	-1.880002	1.838502	0.602838	3.596279	-7.948919	-6.621156	4.445045	3.726794
21.588130	1.345876	-3.703442	-0.934665	3.558967	-8.222607	-6.567102	4.516404	3.737070
14.268842	0.083371	-5.777674	-2.775235	3.332512	-8.470499	-6.495282	4.598077	3.749101
-20.674282	-2.025862	-3.506897	-4.549005	2.907641	-8.644922	-6.413456	4.678601	3.761264
4.999191	-1.924686	-3.340485	-4.617961	2.883795	-8.651067	-6.409532	4.682202	3.761815
20.596851	-1.805085	-3.170755	-4.685445	2.859525	-8.657069	-6.405585	4.685803	3.762367
-12.430271	1.667124	0.236632	-5.589782	2.313210	-8.743934	-6.325661	4.754592	3.773034
-18.595516	3.597795	2.213116	-5.401682	1.617059	-8.776850	-6.238130	4.822463	3.783800
17.370279	-0.517690	0.812923	-3.525753	0.657893	-8.748582	-6.128063	4.899407	3.796315
7.895801	-4.988973	-1.583920	-0.815132	-0.377937	-8.649993	-6.008357	4.975061	3.808962
-16.432914	-4.982028	-1.650584	-0.688759	-0.426563	-8.643650	-6.002512	4.978577	3.809559
16.404697	-4.942165	-1.710141	-0.563505	-0.475075	-8.637159	-5.996652	4.982087	3.810155
13.183020	0.514611	-1.666991	1.521078	-1.343422	-8.489476	-5.884646	5.046489	3.821237
-16.088260	5.392568	0.038115	3.038932	-2.107955	-8.289621	-5.765984	5.109862	3.832419
-4.346437	-0.556933	2.789884	3.845367	-2.766191	-7.995701	-5.621637	5.181436	3.845401
16.079828	-4.859795	3.846223	3.404905	-3.108600	-7.634151	-5.469215	5.251584	3.858516
-13.602228	-4.655895	3.800501	3.344767	-3.117799	-7.613544	-5.461072	5.255194	3.859202
-16.048439	-4.386811	3.742721	3.280962	-3.126182	-7.592763	-5.452908	5.258799	3.859888
15.618913	4.339434	1.375446	1.798777	-3.150434	-7.222451	-5.314145	5.318180	3.871355
-6.486223	4.064912	-2.345835	-0.072897	-2.972222	-6.808740	-5.169915	5.376439	3.882922
-14.352592	-2.406180	-5.651341	-1.953154	-2.540857	-6.280775	-4.996209	5.442541	3.896458
14.018204	-2.474770	-5.382728	-2.789942	-1.905525	-5.707520	-4.815886	5.507068	3.910129
10.718761	-2.334723	-5.278137	-2.798881	-1.872661	-5.680450	-4.807524	5.509969	3.910755
-14.014405	-2.193632	-5.165974	-2.805286	-1.839482	-5.653283	-4.799143	5.512868	3.911381
6.090056	-0.472371	-1.930007	-2.499959	-1.159781	-5.121195	-4.636960	5.567485	3.923379
14.867459	0.337305	2.201002	-1.589955	-0.419494	-4.565264	-4.470375	5.620857	3.935479
-12.366384	1.269772	5.795232	-0.191910	0.450270	-3.903382	-4.273983	5.680578	3.949502
-17.545741	0.386862	5.986040	1.143845	1.279418	-3.223024	-4.072519	5.738587	3.963661
17.625627	0.236920	5.891804	1.198337	1.316969	-3.190127	-4.062759	5.741319	3.964342
10.208756	0.081372	5.787893	1.251624	1.354272	-3.157205	-4.052989	5.744047	3.965024
-19.208308	-1.407044	2.399936	2.001279	1.981331	-2.554759	-3.873458	5.792964	3.977470
20.586245	1.779591	-2.381591	2.304595	2.481703	-1.948638	-3.690669	5.840529	3.990020
19.908973	-1.488858	-4.784140	2.031279	2.858054	-1.251317	-3.476253	5.893652	4.004617
-21.784785	-3.143109	-3.370573	1.066233	3.017204	-0.562180	-3.258249	5.944908	4.019353
2.501510	-2.908671	-3.228343	1.008551	3.019486	-0.529826	-3.247830	5.947291	4.020055
21.733772	-2.651014	-3.080510	0.950122	3.021301	-0.497485	-3.237397	5.949672	4.020758
-14.213236	2.318065	0.122946	-0.181967	2.976156	0.083855	-3.046459	5.992214	4.033598
-19.379549	4.476991	2.733565	-1.255321	2.795382	0.649942	-2.853428	6.033312	4.046541
17.752676	0.160066	2.873751	-2.104544	2.438645	1.284541	-2.626862	6.079216	4.061711
7.460526	-5.279261	0.879061	-2.379223	1.953369	1.890331	-2.398215	6.123100	4.077023
-16.899458	-5.480789	0.772088	-2.379143	1.929591	1.916380	-2.388073	6.124991	4.077703
16.895422	-5.674721	0.664866	-2.378130	1.905630	1.942384	-2.377921	6.126880	4.078383
16.068183	-5.797020	-1.215638	-2.186991	1.407381	2.437649	-2.178999	6.162961	4.091730
-18.485037	-2.125553	-2.085251	-1.725669	0.863658	2.907592	-1.979113	6.197481	4.105183
-1.104396	2.359831	-1.992260	-0.961069	0.203769	3.416824	-1.747371	6.235376	4.120853
20.842534	4.461666	-1.310881	-0.049840	-0.461881	3.887760	-1.515073	6.271119	4.136667
-12.636190	4.465361	-1.274403	-0.004674	-0.493127	3.909128	-1.504036	6.272762	4.137421
-20.868257	4.474291	-1.238060	0.040581	-0.524315	3.930403	-1.492998	6.274400	4.138176
20.582172	5.258324	-0.677870	0.867330	-1.078736	4.301582	-1.291906	6.303373	4.151982
3.385929	-0.057683	-0.439175	1.652750	-1.593829	4.640524	-1.090987	6.330680	4.165896
-18.039909	-4.237924	-0.121496	2.421405	-2.114739	4.989902	-0.859423	6.360119	4.182103
16.584522	2.987254	0.786873	2.943240	-2.527824	5.291749	-0.628818	6.387266	4.198454
15.476039	3.288595	0.848122	2.960971	-2.545077	5.305520	-0.617346	6.388560	4.199273
-16.465740	3.545957	0.910700	2.977819	-2.561985	5.319166	-0.605877	6.389847	4.200093
5.177807	1.495550	2.025585	3.116487	-2.796635	5.535946	-0.407311	6.411280	4.214388
15.407268	-2.562194	2.455056	2.921932	-2.910216	5.713471	-0.210048	6.430937	4.228791
-15.566790	1.698709	1.269210	2.262756	-2.892084	5.867166	0.015133	6.451339	4.245511
-6.902973	1.842031	-0.602076	1.271910	-2.729990	5.965051	0.237852	6.469317	4.262375
16.216790	1.692673	-0.688102	1.219406	-2.719039	5.968349	0.248393	6.470112	4.263182
-7.567164	1.532913	-0.773101	1.166531	-2.707805	5.971528	0.258935	6.470902	4.263990
-17.090552	-1.545390	-2.038115	0.165702	-2.457672	6.008547	0.449899	6.484321	4.278774
18.086298	-1.619114	-2.460762	-0.826814	-2.131726	6.007253	0.638422	6.495855	4.293668
10.084294	-1.444568	-1.685322	-1.841411	-1.680963	5.960799	0.852515	6.506787	4.310985
-20.469307	-0.551025	-0.189782	-2.693577	-1.171914	5.869124	1.062607	6.515140	4.328450
-3.054355	-0.446874	-0.110450	-2.732350	-1.145054	5.863345	1.073112	6.515493	4.329337
20.576737	-0.335610	-0.031550	-2.770712	-1.118106	5.857460	1.083606	6.515839	4.330224
-10.953889	1.934573	1.144729	-3.364080	-0.645662	5.740313	1.261645	6.520730	4.345479
-21.901114	1.973053	1.705527	-3.837016	-0.163201	5.593692	1.436214	6.523634	4.360847
22.011584	-2.120322	1.559737	-4.220350	0.386683	5.390199	1.633265	6.524481	4.378734
-2.044336	0.205046	0.929559	-4.371336	0.907084	5.152919	1.825167	6.522607	4.396768
-21.401727	0.428803	0.894174	-4.371961	0.930827	5.140797	1.834195	6.522449	4.397633
21.353662	0.651784	0.858621	-4.371957	0.954453	5.128605	1.843211	6.522284	4.398497
7.606166	2.478640	0.232651	-4.260191	1.361841	4.895610	2.004636	6.518206	4.414245
-18.876646	0.699395	-0.233934	-3.932492	1.725933	4.641424	2.161938	6.512035	4.430103
0.194917	-3.116433	-0.552294	-3.300781	2.087060	4.323433	2.338365	6.502269	4.448558
17.034222	-1.260023	-0.625330	-2.422307	2.378270	3.981502	2.508956	6.489642	4.467157
-5.026933	-0.912777	-0.620153	-2.378205	2.389423	3.965877	2.516356	6.489017	4.467982
-17.047367	-0.554506	-0.614090	-2.333675	2.400426	3.950210	2.523745	6.488387	4.468808
17.688912	4.216379	-0.280208	-1.379370	2.585448	3.634116	2.666516	6.474852	4.485084
1.413326	2.209599	0.478750	-0.302127	2.708018	3.303563	2.804624	6.459107	4.501466
-20.636125	-2.946163	1.399960	1.036757	2.764921	2.908515	2.957663	6.438220	4.520454
21.865669	-5.402626	1.683695	2.421906	2.724116	2.501500	3.104194	6.414340	4.539581
15.999450	-5.554119	1.669010	2.488128	2.719598	2.481822	3.111024	6.413124	4.540497
-21.934862	-5.707404	1.651182	2.554276	2.714840	2.462125	3.117839	6.411902	4.541414
9.881927	-6.717473	0.694359	3.722759	2.583481	2.096507	3.240501	6.388169	4.558341
21.449203	-2.645453	-1.419311	4.678979	2.365729	1.726299	3.357868	6.362077	4.575369
-16.563586	6.765039	-3.875152	5.281545	2.013010	1.305706	3.483751	6.329782	4.594695
-17.592964	7.354908	-4.775136	5.122081	1.556200	0.884699	3.602575	6.294422	4.614146
17.468011	6.818231	-4.761578	5.090596	1.532161	0.864621	3.608073	6.292655	4.615078
-4.481400	6.202660	-4.742012	5.056747	1.507943	0.844548	3.613555	6.290881	4.616011
-14.984162	-7.130578	-2.975298	4.067391	1.036332	0.478266	3.711027	6.257127	4.633146
13.120827	0.866702	1.765485	2.561621	0.524374	0.115991	3.802838	6.220971	4.650372
-3.706171	6.527171	7.292568	0.536206	-0.091418	-0.294006	3.901466	6.176300	4.670335
-14.615336	-4.882836	8.840878	-1.436507	-0.707640	-0.693147	3.992242	6.128378	4.690412
-3.819348	-5.951495	8.819168	-1.523583	-0.736228	-0.711650	3.996326	6.126038	4.691362
14.963772	-6.982783	8.790602	-1.610004	-0.764770	-0.730134	4.000394	6.123688	4.692312
-3.580713	-7.350024	7.328703	-3.057456	-1.273640	-1.063653	4.071895	6.079244	4.709807
-24.437702	8.734224	5.493826	-4.194515	-1.740975	-1.384685	4.137245	6.032308	4.727385
33.480932	-14.437697	4.049356	-5.260776	-2.572844	-2.082068	4.266471	5.911466	4.769207
24.712786	-0.566746	-11.105100	-3.281781	-2.884150	-2.673728	4.359193	5.776363	4.811450
-23.875830	7.401613	-11.369597	-3.193128	-2.885311	-2.685657	4.360850	5.773151	4.812407
23.185570	15.324016	-11.618832	-3.102315	-2.886231	-2.697519	4.362488	5.769931	4.813365
9.426245	21.116965	-11.882077	-2.995714	-2.886992	-2.711013	4.364339	5.766237	4.814461
-21.537411	21.704254	-12.118070	-2.886309	-2.887440	-2.724410	4.366163	5.762535	4.815557
-4.851598	17.915699	-12.291201	-2.793130	-2.887578	-2.735485	4.367660	5.759450	4.816468
20.170495	12.229105	-12.442345	-2.697877	-2.887502	-2.746506	4.369141	5.756355	4.817381
21.018189	-23.567265	-11.348971	-1.005889	-2.859575	-2.909835	4.389870	5.707404	4.831586
-2.396791	-13.429810	-3.337858	0.881977	-2.783785	-3.057780	4.406253	5.656847	4.845834
-7.349497	25.396837	9.238626	3.297966	-2.603296	-3.238553	4.421776	5.583289	4.865873
-9.416615	-3.216006	10.914886	4.715822	-2.342987	-3.388762	4.428448	5.506580	4.885991
-11.921612	-23.526290	5.173300	4.509428	-1.991407	-3.514285	4.425677	5.422564	4.907227
16.037234	-3.478040	-0.961742	2.956563	-1.568220	-3.607073	4.412601	5.335170	4.928543
11.206236	-2.888212	-1.193324	2.868791	-1.548381	-3.610363	4.411797	5.331306	4.929469
-16.310437	-2.353939	-1.421218	2.779824	-1.528438	-3.613590	4.410973	5.327438	4.930395
-9.322675	5.002706	-5.116764	0.816544	-1.105457	-3.665538	4.390267	5.248737	4.948947
18.922288	9.002775	-6.723125	-1.205560	-0.640756	-3.693623	4.361388	5.167610	4.967555
-13.454467	11.776304	-5.171645	-3.048693	-0.065531	-3.696929	4.318130	5.072005	4.988886
-19.267242	5.245729	-0.087003	-3.839550	0.549166	-3.670051	4.263700	4.973386	5.010286
19.261864	4.609068	0.176218	-3.843336	0.578696	-3.668071	4.260885	4.968710	5.011287
-4.787083	3.958269	0.437295	-3.843853	0.608292	-3.666026	4.258045	4.964027	5.012288
-19.109699	-5.435735	3.762238	-3.201115	1.166681	-3.616313	4.200667	4.875600	5.030966
18.990313	-1.572267	1.932148	-1.334080	1.717816	-3.545005	4.134922	4.785015	5.049692
13.102283	1.426787	-2.265984	1.280014	2.304631	-3.437198	4.049216	4.678172	5.071298
-18.864732	-0.243757	-2.592172	2.966529	2.797566	-3.302981	3.953146	4.568628	5.092962
8.800422	-0.319910	-2.485043	3.015895	2.819269	-3.295483	3.947999	4.562995	5.094064
18.856941	-0.386603	-2.367197	3.061561	2.840607	-3.287920	3.942826	4.557356	5.095165
-7.931642	-0.254341	0.580366	3.282268	3.143104	-3.148845	3.850543	4.459978	5.114007
-18.535248	0.514711	2.809476	2.484017	3.311802	-2.991660	3.751060	4.360692	5.132888
18.078038	-0.683259	1.323391	0.510147	3.325968	-2.788572	3.627389	4.243574	5.154768
9.862840	-2.063507	-2.087872	-1.725284	3.136296	-2.564943	3.494850	4.124063	5.176693
-17.340846	-1.891542	-2.232680	-1.820640	3.121986	-2.553809	3.488313	4.118304	5.177740
15.251286	-1.683101	-2.372872	-1.914045	3.107197	-2.542643	3.481762	4.112544	5.178787
16.561073	2.873798	-3.901472	-3.147015	2.753977	-2.333893	3.359910	4.007354	5.197748
-15.857826	-2.107471	-3.013553	-3.219317	2.234386	-2.114025	3.232234	3.900505	5.216739
5.326852	-4.212674	0.077891	-2.095043	1.430726	-1.847543	3.077378	3.774512	5.238812
15.592259	2.068191	3.211248	-0.249875	0.481926	-1.571779	2.915989	3.646443	5.260920
-10.392259	2.519670	3.326662	-0.158977	0.436809	-1.559085	2.908516	3.640579	5.261924
-15.660807	2.962729	3.438605	-0.067986	0.391612	-1.546387	2.901036	3.634715	5.262928
16.686578	5.465689	4.746438	1.621774	-0.482099	-1.301757	2.755924	3.521902	5.282126
-0.479839	-2.021722	4.107891	2.991998	-1.336136	-1.054645	2.606934	3.407654	5.301345
-19.412946	-6.672895	1.511647	3.966870	-2.218197	-0.770586	2.431768	3.274853	5.323424
19.839759	3.374599	-1.898856	4.146174	-2.919976	-0.488845	2.252741	3.140322	5.345525
12.988686	3.716067	-2.048621	4.132428	-2.948061	-0.475492	2.244101	3.133852	5.346581
-19.806105	4.030045	-2.195382	4.116535	-2.975636	-0.462143	2.235449	3.127375	5.347639
4.038916	7.779216	-4.033278	3.444009	-3.388418	-0.221463	2.076602	3.008704	5.366909
17.275024	6.376023	-3.650377	2.038957	-3.640736	0.013056	1.915771	2.888843	5.386193
-2.809968	-8.053743	1.895423	-2.951556	-3.683396	0.532733	1.531561	2.602161	5.431651
-15.502048	5.298492	2.105367	-6.140900	-3.111734	0.999631	1.144178	2.309906	5.477146
15.673419	6.005780	1.941008	-6.159736	-3.092186	1.010105	1.134916	2.302851	5.478234
11.356038	6.429022	1.766570	-6.175154	-3.072416	1.020539	1.125660	2.295797	5.479323
-16.020122	6.090322	1.593855	-6.186500	-3.053665	1.030293	1.116981	2.289179	5.480343
14.752775	4.692852	1.413493	-6.194814	-3.034729	1.040010	1.108310	2.282563	5.481363
16.366898	2.425661	1.219109	-6.200232	-3.014833	1.050083	1.099294	2.275682	5.482423
-16.539826	-0.144569	1.019181	-6.202342	-2.994731	1.060124	1.090281	2.268798	5.483484
18.538554	-5.312889	-1.583554	-5.860627	-2.686884	1.200063	0.961666	2.170125	5.498641
17.618036	4.374751	-1.729870	-4.809018	-2.347155	1.333188	0.833591	2.070947	5.513798
-9.807005	1.942566	0.817894	-2.303371	-1.835357	1.507905	0.655383	1.931145	5.535042
-20.377214	-2.820866	1.626320	0.936651	-1.305489	1.668248	0.479201	1.790481	5.556281
20.071436	3.323275	-1.694558	4.323565	-0.782631	1.813893	0.305291	1.648771	5.577553
-19.952401	-5.501021	-0.501937	7.132425	-0.293906	1.943958	0.134545	1.506350	5.598814
20.369517	-6.689071	2.093174	8.701760	0.154363	2.063252	-0.040916	1.355952	5.621150
-10.239891	8.532097	1.014043	8.253666	0.513696	2.164039	-0.211620	1.204930	5.643469
-21.529364	8.357721	0.816927	8.181047	0.528915	2.168430	-0.219739	1.197617	5.644548
-13.716620	8.007783	0.606782	8.103955	0.543952	2.172777	-0.227846	1.190302	5.645626
22.992824	-9.639386	-2.913864	6.030146	0.782187	2.242271	-0.369262	1.060559	5.664714
-6.708533	-5.463214	-0.843857	2.797648	0.974885	2.297393	-0.506331	0.930484	5.683785
-25.895247	9.492449	4.053209	-1.642334	1.156163	2.343413	-0.659823	0.778828	5.705947
26.391080	-0.613368	3.928413	-5.662149	1.307522	2.370121	-0.806436	0.626887	5.728079
4.268732	-1.512593	3.787911	-5.831659	1.314205	2.370909	-0.813171	0.619718	5.729122
-26.370525	-2.383854	3.637339	-5.999152	1.320861	2.371654	-0.819890	0.612550	5.730164
23.626229	-7.444540	-0.579181	-8.674301	1.440030	2.377927	-0.940006	0.481306	5.749228
24.248719	0.650810	-5.810209	-10.492535	1.561693	2.370539	-1.054759	0.349965	5.768266
-22.327533	6.091886	-6.686070	-11.322210	1.720400	2.345441	-1.181230	0.197511	5.790324
5.667035	-6.219315	1.740332	-10.795776	1.909857	2.303267	-1.300569	0.045086	5.812343
20.524729	-6.349353	2.167999	-10.747764	1.919573	2.300852	-1.306059	0.037851	5.813388
-11.384205	-6.375852	2.583434	-10.698423	1.929341	2.298402	-1.311530	0.030620	5.814432
-19.418581	2.398139	7.716845	-9.676506	2.115501	2.247633	-1.408047	-0.100544	5.833357
3.368053	8.385865	7.257588	-8.723728	2.314580	2.185233	-1.499346	-0.231559	5.852248
18.729674	-11.434024	-8.646781	-7.346744	2.804682	1.993434	-1.695172	-0.541320	5.896896
-19.668554	-0.800952	-3.289241	-6.733872	3.258035	1.744870	-1.862275	-0.849211	5.941317
16.335469	2.154822	-3.003911	-6.718665	3.267202	1.738681	-1.865703	-0.856101	5.942312
19.714865	5.063136	-2.718537	-6.703113	3.276311	1.732466	-1.869116	-0.862990	5.943307
-19.737969	7.717437	-2.430950	-6.687047	3.285444	1.726168	-1.872547	-0.869940	5.944311
-2.139234	9.927688	-2.144083	-6.670581	3.294521	1.719841	-1.875965	-0.876895	5.945315
19.785576	11.855273	-1.832887	-6.652161	3.304349	1.712911	-1.879675	-0.884476	5.946411
-9.439703	13.353901	-1.523775	-6.633220	3.314107	1.705947	-1.883371	-0.892059	5.947506
-20.111332	8.829481	2.333770	-6.316128	3.437630	1.609218	-1.931459	-0.994036	5.962248
20.360695	-1.063285	5.515894	-5.842519	3.544465	1.507177	-1.976425	-1.095681	5.976960
8.851321	-8.974715	8.552421	-4.801833	3.660680	1.355655	-2.034224	-1.237534	5.997527
-20.748373	-12.139548	9.553546	-3.173119	3.730589	1.194851	-2.085970	-1.378615	6.018030
20.739980	-11.091567	8.252282	-0.749277	3.745076	1.017678	-2.133732	-1.525487	6.039436
12.366982	-7.137993	5.396302	2.144705	3.689718	0.833134	-2.174953	-1.671345	6.060768
-20.575083	-6.948448	5.233543	2.289964	3.685119	0.824098	-2.176773	-1.678338	6.061792
-1.571435	-6.763187	5.068925	2.435580	3.680330	0.815043	-2.178579	-1.685332	6.062818
20.351611	-3.183647	1.909702	5.044665	3.561799	0.651078	-2.208363	-1.810073	6.081133
-11.044514	2.807305	-1.357999	7.512161	3.376635	0.484310	-2.233365	-1.933940	6.099389
-20.186664	8.048584	-4.717552	9.914461	3.069628	0.288841	-2.256428	-2.076519	6.120498
20.674571	2.847650	-7.227922	11.501139	2.653946	0.093068	-2.273148	-2.217765	6.141520
2.094693	2.136537	-7.335871	11.551171	2.631014	0.083667	-2.273794	-2.224531	6.142530
-20.757171	1.391495	-7.443302	11.598468	2.607821	0.074275	-2.274424	-2.231289	6.143539
21.833777	-8.211931	-9.399300	11.945832	2.144653	-0.092970	-2.283260	-2.351697	6.161568
11.012786	3.434049	-11.043709	11.194622	1.592039	-0.257726	-2.287464	-2.470988	6.179527
-26.236993	9.780139	-8.367960	8.734363	0.867914	-0.444354	-2.286574	-2.608046	6.200295
5.382981	-10.831618	1.740710	4.832249	0.097008	-0.624163	-2.279520	-2.743460	6.220964
29.708997	-10.889465	2.255154	4.631466	0.061602	-0.632135	-2.279054	-2.749568	6.221901
-4.898356	-10.770218	2.765831	4.429350	0.026217	-0.640085	-2.278576	-2.755669	6.222836
-32.879596	7.800624	10.786955	0.381849	-0.645078	-0.788343	-2.267017	-2.871609	6.240677
1.486752	12.201985	11.623608	-3.653242	-1.287008	-0.928722	-2.250883	-2.986197	6.258440
34.899078	-11.887479	-11.525404	-9.797211	-2.518981	-1.221273	-2.194964	-3.250500	6.299965
-17.313232	5.983013	0.801453	-7.625448	-3.139359	-1.447420	-2.114231	-3.506328	6.341022
16.701664	8.333664	1.323062	-7.519849	-3.145734	-1.451260	-2.112315	-3.511492	6.341860
10.638065	9.710909	1.845774	-7.412881	-3.151871	-1.455065	-2.110389	-3.516652	6.342699
-15.352465	9.726617	2.456362	-7.286415	-3.158733	-1.459461	-2.108128	-3.522669	6.343677
-0.859582	8.152755	3.066075	-7.158356	-3.165271	-1.463806	-2.105855	-3.528677	6.344655
13.959447	6.182351	3.632400	-7.037448	-3.171084	-1.467817	-2.103721	-3.534278	6.345567
-13.307638	4.534021	4.193944	-6.915258	-3.176621	-1.471785	-2.101575	-3.539874	6.346478
-13.120232	-8.781766	10.515145	-4.993569	-3.227478	-1.525927	-2.068093	-3.622877	6.360062
1.707415	8.086409	9.617140	-3.048736	-3.221919	-1.570127	-2.031942	-3.704795	6.373589
0.438231	4.930311	-0.096416	-0.528839	-3.127659	-1.615198	-1.976989	-3.817464	6.392407
-4.121704	-6.640467	-8.916987	1.436796	-2.941987	-1.641780	-1.917003	-3.927864	6.411111
14.129655	5.992553	-7.725289	2.623643	-2.660417	-1.651200	-1.848859	-4.041058	6.430591
15.412883	-4.235472	-1.062770	3.120645	-2.301491	-1.643164	-1.775514	-4.151560	6.449940
-15.656082	-4.762518	-0.733924	3.132867	-2.282333	-1.642355	-1.771831	-4.156846	6.450874
11.247501	-5.212688	-0.410645	3.144272	-2.263023	-1.641509	-1.768136	-4.162125	6.451809
19.345286	-4.039241	4.193022	3.251459	-1.896406	-1.620386	-1.700685	-4.254710	6.468333
-14.054325	1.459106	6.337504	3.320756	-1.489679	-1.588214	-1.629885	-4.345152	6.484755
-22.468859	3.027978	5.453578	3.543138	-0.976713	-1.537943	-1.543805	-4.447465	6.503704
22.306859	-2.160644	1.845045	3.807562	-0.431570	-1.474926	-1.454017	-4.546753	6.522510
4.236632	-2.230353	1.634559	3.817753	-0.405688	-1.471712	-1.449767	-4.551286	6.523379
-22.244681	-2.263442	1.421413	3.827612	-0.379763	-1.468473	-1.445510	-4.555812	6.524247
21.385223	0.859003	-2.557990	3.927170	0.111740	-1.403429	-1.364603	-4.639290	6.540446
11.401839	1.515837	-4.805068	3.781924	0.609689	-1.330502	-1.281508	-4.720417	6.556531
-18.859230	-1.374968	-3.602312	3.216885	1.171823	-1.238302	-1.184022	-4.810384	6.574807
2.740205	-1.688507	0.711738	2.336185	1.692742	-1.137906	-1.084417	-4.897191	6.592930
17.804989	-1.515950	0.928687	2.292759	1.714126	-1.133320	-1.079993	-4.900936	6.593724
-9.635970	-1.322205	1.145341	2.249054	1.735354	-1.128720	-1.075566	-4.904675	6.594517
-17.464046	2.200178	4.646618	1.349563	2.117980	-1.035286	-0.987551	-4.977210	6.610116
17.745512	-2.859257	4.761505	0.455216	2.414512	-0.937368	-0.898538	-5.047292	6.625594
10.311181	-1.746572	0.591030	-0.429132	2.618560	-0.819033	-0.794273	-5.125555	6.643413
-20.171571	4.327806	-4.418482	-0.997473	2.635446	-0.696840	-0.689429	-5.200426	6.661064
20.240844	4.523794	-4.564301	-1.012755	2.631312	-0.691417	-0.684829	-5.203628	6.661833
14.821290	4.704299	-4.699372	-1.027123	2.626742	-0.685988	-0.680229	-5.206823	6.662602
-21.673888	4.452870	-5.302351	-1.104118	2.441842	-0.577683	-0.589162	-5.268709	6.677758
11.870815	-2.358584	-2.953663	-0.771980	2.073041	-0.468469	-0.498265	-5.327978	6.692783
23.436281	-6.153371	1.715749	-0.104433	1.468326	-0.342250	-0.393574	-5.393304	6.710015
-14.427380	4.803792	5.661625	0.533261	0.749585	-0.217854	-0.289901	-5.455024	6.727068
-23.155436	5.449756	5.728549	0.556072	0.715206	-0.212221	-0.285180	-5.457766	6.727846
9.186971	6.090790	5.779975	0.578039	0.680786	-0.206598	-0.280465	-5.460498	6.728622
18.804928	-4.735824	-5.918590	0.493386	-1.451289	0.132096	0.014098	-5.619498	6.777746
-17.984773	-2.312835	2.298614	-0.772340	-2.618030	0.397590	0.284278	-5.744690	6.825191
18.030237	0.670321	2.437623	-0.776349	-2.620419	0.399451	0.286483	-5.745624	6.825595
7.933007	3.091547	2.576451	-0.780109	-2.622642	0.401300	0.288683	-5.746555	6.825999
-18.158328	4.903462	2.803996	-0.785739	-2.625933	0.404314	0.292285	-5.748075	6.826660
-3.014649	3.417600	3.030750	-0.790686	-2.628777	0.407303	0.295878	-5.749587	6.827320
18.370631	-1.024029	3.321568	-0.796084	-2.631808	0.411157	0.300541	-5.751544	6.828179
-3.872135	-5.033206	3.602730	-0.800276	-2.634075	0.414969	0.305190	-5.753488	6.829037
-21.198015	4.236605	5.701989	-0.721869	-2.594182	0.461861	0.365636	-5.778119	6.840352
24.284405	6.686695	3.714350	-0.359990	-2.433963	0.502338	0.423755	-5.800617	6.851561
-6.762170	4.692486	3.437943	-0.330936	-2.420962	0.504554	0.427132	-5.801886	6.852223
-24.592113	2.662504	3.144082	-0.301188	-2.407589	0.506748	0.430500	-5.803148	6.852886
26.483343	-7.589253	-3.330298	0.363005	-2.086953	0.544692	0.492749	-5.825661	6.865390
23.224927	-3.331856	-5.463886	1.101096	-1.653599	0.576076	0.551581	-5.845402	6.877755
-25.439585	8.071031	-2.498050	1.863719	-1.003651	0.606585	0.618233	-5.865646	6.892610
18.303311	-7.505211	2.245738	2.228180	-0.253551	0.630031	0.679076	-5.881693	6.907255
22.993932	-7.513436	2.427929	2.231070	-0.217835	0.630948	0.681685	-5.882319	6.907912
-4.781130	-7.361429	2.604094	2.232589	-0.181993	0.631854	0.684281	-5.882936	6.908570
-20.586812	6.661776	4.838423	1.961018	0.529442	0.647366	0.732053	-5.893182	6.921228
18.548660	-3.087314	4.888373	1.074067	1.240379	0.659641	0.774725	-5.900121	6.933720
3.738840	-4.611858	2.431531	-0.459013	1.994314	0.670817	0.816484	-5.903939	6.947634
-16.186482	3.189783	-1.781304	-2.184272	2.644558	0.680335	0.851167	-5.903443	6.961331
8.956120	3.401891	-1.955233	-2.262269	2.671290	0.680756	0.852600	-5.903314	6.961961
16.177235	3.578215	-2.123546	-2.339782	2.697681	0.681175	0.854017	-5.903177	6.962590
-16.542071	1.651201	-4.205523	-3.667280	3.126819	0.689099	0.877984	-5.898777	6.974443
12.240092	-1.725958	-4.137039	-4.561554	3.394202	0.697452	0.896326	-5.890976	6.986124
18.965658	-2.108879	-1.522703	-4.894471	3.455436	0.708375	0.910374	-5.877926	6.999210
-20.376243	1.749937	2.192902	-4.420485	3.223652	0.721464	0.917194	-5.860408	7.012064
-18.744971	1.869751	2.330048	-4.378765	3.206221	0.722118	0.917336	-5.859487	7.012655
20.490283	1.969557	2.460551	-4.335307	3.188239	0.722776	0.917462	-5.858557	7.013244
-2.690776	0.501829	3.507470	-3.201955	2.755871	0.735673	0.917002	-5.839331	7.024198
-21.987061	-2.235743	1.781744	-1.511803	2.165116	0.749303	0.911216	-5.816677	7.034970
22.442549	-0.106466	-2.187605	0.855762	1.322975	0.765370	0.897901	-5.785954	7.047272
12.192239	3.266733	-3.854888	3.254684	0.364774	0.780834	0.877659	-5.750483	7.059322
-22.710914	3.086599	-3.781227	3.365693	0.315761	0.781560	0.876492	-5.748622	7.059906
6.809198	2.852467	-3.689613	3.475754	0.266602	0.782283	0.875310	-5.746749	7.060489
22.805140	-3.988940	-0.114104	5.233431	-0.611399	0.794215	0.852014	-5.712065	7.070604
-8.522422	-1.633915	4.161513	6.612693	-1.498716	0.804326	0.823973	-5.673796	7.080528
-22.635030	5.483343	5.363148	7.631050	-2.498517	0.812907	0.785672	-5.624706	7.091829
22.364748	1.269105	-0.193533	7.883380	-3.418279	0.816979	0.741681	-5.570651	7.102862
7.007948	0.640826	-0.552545	7.872974	-3.460580	0.817041	0.739400	-5.567887	7.103393
-22.333753	-0.001802	-0.912486	7.860293	-3.502596	0.817089	0.737107	-5.565113	7.103923
22.075317	-6.466356	-6.440012	7.234470	-4.193984	0.815518	0.694777	-5.514260	7.113159
13.579815	1.222266	-7.771979	5.749312	-4.769861	0.808801	0.649056	-5.459661	7.122192
-22.211212	6.267042	-3.138354	2.896563	-5.251174	0.793375	0.591980	-5.391232	7.132461
14.769809	-5.692093	5.746607	-0.623251	-5.477850	0.768539	0.531395	-5.317600	7.142447
23.021058	-5.657137	6.132474	-0.794451	-5.481374	0.767111	0.528453	-5.313989	7.142912
-9.650127	-5.498860	6.506856	-0.965515	-5.484207	0.765659	0.525504	-5.310366	7.143376
-24.113396	4.993379	10.310051	-3.976597	-5.407954	0.735080	0.470590	-5.242168	7.151737
19.654275	1.342016	6.481672	-6.483319	-5.067140	0.697404	0.413832	-5.170010	7.159881
25.678279	-4.244222	-11.722197	-8.113176	-3.097351	0.585450	0.274280	-4.983511	7.178247
-18.945278	6.809128	-2.825494	-1.870661	0.305888	0.451083	0.130682	-4.774174	7.195347
18.679895	7.231456	-2.238506	-1.691774	0.388518	0.448006	0.127550	-4.769368	7.195704
17.902912	6.667003	-1.636495	-1.512747	0.471250	0.444926	0.124421	-4.764555	7.196060
-18.112988	4.393647	-0.969602	-1.318344	0.561169	0.441579	0.121026	-4.759321	7.196446
7.571890	0.487339	-0.293188	-1.123751	0.651300	0.438225	0.117629	-4.754070	7.196832
17.513606	-3.956697	0.387624	-0.928972	0.741684	0.434861	0.114229	-4.748800	7.197217
2.109749	-7.825564	1.065979	-0.734501	0.832133	0.431495	0.110831	-4.743520	7.197601
-13.084027	-7.114092	9.113103	1.920761	2.113419	0.383497	0.062910	-4.667534	7.202951
-10.610752	11.874188	11.218276	4.158364	3.368395	0.334991	0.015261	-4.588933	7.208155
5.432737	-2.369305	0.991225	6.064771	4.994662	0.266925	-0.050819	-4.474205	7.215207
-3.269972	-16.924867	-10.072787	6.369558	6.345394	0.199976	-0.115509	-4.354327	7.221965
3.098778	13.866155	-7.035594	5.000052	7.365531	0.130946	-0.182650	-4.220284	7.228872
-8.493004	18.655525	3.119899	2.623494	7.927463	0.066244	-0.247031	-4.080420	7.235432
-11.265121	-16.208137	7.000639	-1.860331	7.794987	-0.042628	-0.361516	-3.793972	7.247106
-3.759223	10.716354	-5.337143	-3.469118	6.208031	-0.130745	-0.459685	-3.486273	7.257441
18.073080	10.944390	-5.448421	-3.469457	6.156490	-0.132517	-0.461694	-3.479038	7.257660
-12.652451	11.053384	-5.541411	-3.468340	6.104257	-0.134281	-0.463695	-3.471788	7.257878
-18.306755	10.732106	-5.619761	-3.465561	6.047915	-0.136148	-0.465813	-3.464055	7.258110
18.422912	9.652591	-5.677243	-3.461154	5.990833	-0.138003	-0.467920	-3.456310	7.258341
-1.028018	7.885630	-5.714374	-3.455175	5.933384	-0.139836	-0.470001	-3.448602	7.258570
-18.644507	5.819854	-5.732256	-3.447620	5.875248	-0.141657	-0.472068	-3.440887	7.258798
20.897410	-6.152264	0.852964	-2.338631	3.351778	-0.200400	-0.538238	-3.153116	7.266522
9.878422	-3.128974	5.044692	-0.506094	0.318880	-0.245583	-0.584744	-2.850826	7.273179
-21.287913	-3.042740	5.040570	-0.458410	0.232831	-0.246639	-0.585706	-2.842354	7.273346
-0.522614	-2.941190	5.029719	-0.411208	0.146739	-0.247686	-0.586651	-2.833873	7.273513
21.298402	-2.810337	5.011833	-0.363933	0.059560	-0.248735	-0.587589	-2.825277	7.273680
-13.639580	-2.639831	4.986970	-0.317202	-0.027588	-0.249774	-0.588509	-2.816677	7.273847
-21.427721	1.800325	3.563889	0.361897	-1.436721	-0.265311	-0.600834	-2.675757	7.276432
21.566340	0.406774	0.402572	0.867143	-2.808492	-0.278410	-0.608032	-2.532299	7.278794
7.161476	-1.095250	-3.856168	1.203718	-4.458981	-0.291873	-0.609160	-2.343356	7.281515
-21.434247	0.474836	-5.301441	1.115377	-5.893333	-0.301602	-0.600343	-2.150708	7.283858
21.415169	0.630605	-5.278284	1.100399	-5.951900	-0.301956	-0.599697	-2.141922	7.283955
16.626791	0.785182	-5.247147	1.084446	-6.009888	-0.302304	-0.599029	-2.133129	7.284051
-20.862310	1.944534	-3.178165	0.622073	-7.013732	-0.307533	-0.581970	-1.963672	7.285737
11.766668	-1.927517	0.935730	-0.021924	-7.841973	-0.309973	-0.556606	-1.791902	7.287134
19.392987	-3.458880	4.743947	-0.766865	-8.626397	-0.308875	-0.516935	-1.591000	7.288385
-9.553038	3.800345	5.082414	-1.286490	-9.279245	-0.302600	-0.466536	-1.387611	7.289244
-18.918533	4.063962	5.003018	-1.303778	-9.309237	-0.302124	-0.463770	-1.377444	7.289276
18.910128	4.293551	4.914977	-1.320130	-9.339028	-0.301631	-0.460983	-1.367277	7.289308
6.860934	3.892126	2.285808	-1.423758	-9.836269	-0.290027	-0.408737	-1.189165	7.289697
-19.509786	-1.336176	-1.191383	-1.095182	-10.290533	-0.271901	-0.350197	-1.009644	7.289786
20.546137	-5.357276	-3.927722	-0.126283	-10.643514	-0.241302	-0.275928	-0.801077	7.289511
12.709317	-0.385184	-3.473685	1.370477	-10.659477	-0.199234	-0.195651	-0.591229	7.288829
-21.996262	-0.214244	-3.386992	1.444908	-10.649394	-0.196967	-0.191701	-0.581212	7.288787
9.023462	-0.071190	-3.295988	1.519023	-10.638205	-0.194677	-0.187738	-0.571187	7.288743
23.348642	0.359149	-1.157078	2.701937	-10.226375	-0.149628	-0.114099	-0.388833	7.287787
-16.241968	3.046841	1.013524	3.227033	-9.358093	-0.099337	-0.037828	-0.205987	7.286521
-25.165019	3.851734	1.766881	2.471207	-7.704411	-0.037013	0.052807	0.006340	7.284660
24.850384	-2.526034	-0.306725	0.288859	-5.445219	0.026763	0.144600	0.218742	7.282375
3.852680	-2.731003	-0.416170	0.151091	-5.316530	0.030017	0.149314	0.229630	7.282246
-24.743550	-2.882091	-0.519996	0.011757	-5.186872	0.033264	0.154025	0.240510	7.282116
23.309212	0.714491	-1.215192	-2.462734	-2.877504	0.086817	0.233001	0.423304	7.279764
7.857565	1.514718	0.078414	-4.680485	-0.415311	0.137071	0.310976	0.605703	7.277090
-18.336660	-1.247387	1.434375	-5.442513	2.468374	0.188632	0.398975	0.816230	7.273587
0.697086	0.253906	-1.080573	-3.080763	5.211867	0.230202	0.483261	1.025634	7.269645
15.541069	0.446174	-1.217342	-2.914785	5.330587	0.231822	0.487022	1.035219	7.269453
-9.363389	0.647416	-1.349946	-2.745320	5.448464	0.233415	0.490773	1.044802	7.269260
-13.698151	2.297516	-2.297802	0.855711	7.483920	0.257932	0.559489	1.225276	7.265443
12.721172	-3.263745	0.674333	4.303511	9.035750	0.270513	0.623532	1.404440	7.261289
-12.601031	4.440315	3.220323	6.333097	9.977899	0.268226	0.687657	1.599988	7.256321
4.719477	2.305332	1.137534	5.334507	9.977431	0.246900	0.743964	1.793423	7.250937
14.992039	-7.183346	-2.882778	2.102438	9.185095	0.204516	0.793072	1.992662	7.244874
-17.146328	-7.170497	-4.139977	-1.690596	7.895748	0.145313	0.830997	2.188987	7.238350
11.752044	-6.711722	-4.067119	-1.857775	7.826704	0.142123	0.832515	2.198341	7.238025
17.372856	-6.208919	-3.980282	-2.022248	7.757275	0.138904	0.834004	2.207687	7.237699
-19.249089	5.293583	-0.739324	-4.473912	6.475319	0.076368	0.855839	2.375422	7.231613
-21.488741	7.519620	3.085496	-5.760851	5.285656	0.007359	0.867729	2.540497	7.225174
23.310701	-4.329133	4.263397	-5.436668	4.246945	-0.077304	0.868835	2.727368	7.217302
1.279079	-6.947994	1.524616	-2.962765	3.596158	-0.164105	0.856252	2.910092	7.208952
-24.211990	-6.644241	1.327812	-2.810928	3.573552	-0.168199	0.855318	2.918610	7.208546
24.221233	-6.303046	1.127112	-2.657264	3.551583	-0.172289	0.854353	2.927118	7.208138
9.868750	1.909045	-2.603043	0.289303	3.245456	-0.246586	0.831090	3.081869	7.200446
-22.969411	6.393725	-4.100641	2.749338	3.072501	-0.317408	0.797386	3.232789	7.192386
0.061581	-0.759099	-0.688986	4.027230	2.936763	-0.391641	0.745677	3.401216	7.182657
20.317106	-6.486198	3.777708	3.616199	2.759501	-0.454865	0.680072	3.563668	7.172435
-6.412254	-6.386277	3.903613	3.561082	2.749028	-0.457384	0.676808	3.570796	7.171965
-20.233892	-6.255592	4.019446	3.502942	2.738270	-0.459874	0.673516	3.577911	7.171495
19.752415	7.189936	2.166571	-0.571938	1.879518	-0.534652	0.506631	3.869240	7.150452
4.475179	5.027302	-3.553294	-2.824231	-0.260329	-0.531522	0.288299	4.133551	7.127554
-21.198821	4.495267	-3.630205	-2.793421	-0.337903	-0.530221	0.282080	4.139888	7.126948
16.573562	3.934455	-3.700725	-2.756660	-0.416730	-0.528854	0.275828	4.146205	7.126341
21.301339	3.371933	-3.762016	-2.715865	-0.493279	-0.527485	0.269814	4.152232	7.125759
-21.352198	2.787969	-3.817067	-2.669527	-0.570879	-0.526055	0.263771	4.158241	7.125175
16.237746	-6.363832	-3.468421	-1.237548	-1.962923	-0.493472	0.159476	4.255166	7.115348
23.041033	-7.113622	-0.251259	0.836434	-3.394328	-0.443772	0.047994	4.347018	7.105214
-23.716087	6.185981	3.552131	3.028622	-4.929133	-0.352939	-0.105900	4.458695	7.091557
-3.368320	-4.591964	0.379856	3.224413	-5.706151	-0.232386	-0.266761	4.561035	7.077370
23.605215	-4.804072	0.127119	3.178634	-5.723261	-0.225607	-0.274892	4.565879	7.076650
0.317904	-4.897354	-0.125316	3.127952	-5.738369	-0.218754	-0.283032	4.570698	7.075928
-22.592227	3.086591	-3.568084	1.537795	-5.700027	-0.089483	-0.424636	4.650142	7.063238
6.340297	4.132359	-2.574825	-1.081014	-5.154299	0.056649	-0.566223	4.722001	7.050150
17.594866	-5.373509	4.109200	-4.047864	-3.998875	0.240608	-0.727387	4.795495	7.034462
-13.417256	0.841818	3.593202	-4.806996	-2.424752	0.432445	-0.881709	4.857946	7.018230
-1.375156	2.061251	3.379240	-4.776033	-2.342820	0.441631	-0.888816	4.860634	7.017444
12.978862	3.247840	3.153648	-4.739105	-2.260431	0.450815	-0.895899	4.863295	7.016657
-19.952013	15.381966	-5.893694	0.308349	1.083957	0.807553	-1.154911	4.947854	6.984152
-20.360518	-7.249500	4.194340	6.630471	3.295838	1.106382	-1.349344	4.987546	6.949633
21.103339	-16.800352	4.488428	6.710121	3.319963	1.112394	-1.353011	4.987922	6.948779
9.550293	-21.908568	4.775510	6.784035	3.342362	1.118339	-1.356625	4.988270	6.947923
-22.679462	-21.073367	5.076518	6.857170	3.364563	1.124679	-1.360467	4.988615	6.946999
23.481087	-14.715191	5.366875	6.923234	3.384693	1.130941	-1.364246	4.988927	6.946073
-32.593914	23.281790	7.178201	6.833748	3.442518	1.218483	-1.415331	4.989547	6.931309
-30.128890	-8.550516	1.598886	4.309896	3.087636	1.282655	-1.449396	4.982004	6.916206
34.200888	-22.247238	-7.044135	-0.881447	2.206927	1.325777	-1.466007	4.960339	6.896417
10.279854	16.851248	-5.776910	-5.839020	1.057766	1.321377	-1.451865	4.925189	6.876086
-28.408594	18.293513	-5.492478	-6.035958	0.999991	1.319936	-1.450443	4.923174	6.875100
-28.741830	19.418490	-5.193475	-6.227984	0.942111	1.318380	-1.448955	4.921128	6.874113
24.188820	-1.065506	1.507077	-8.715696	-0.101984	1.269417	-1.410195	4.878269	6.855785
17.093132	-13.000395	5.537197	-8.746148	-1.007189	1.180935	-1.350734	4.825448	6.837051
-18.049834	-0.138076	1.322917	-5.442139	-1.717980	1.030432	-1.259632	4.753362	6.815208
16.955866	5.782328	-4.210883	-0.413461	-2.088586	0.825415	-1.145846	4.668951	6.792851
9.529299	5.307792	-4.310532	-0.171194	-2.098458	0.814229	-1.139885	4.664619	6.791770
-16.912705	4.798670	-4.387437	0.069160	-2.107644	0.802923	-1.133881	4.660263	6.790689
10.898746	-0.890351	-2.824428	4.059293	-2.160956	0.573393	-1.016341	4.575947	6.770723
17.180328	-1.453775	1.032431	7.040499	-2.017129	0.301835	-0.885158	4.483007	6.750375
-17.671987	-0.281467	3.877455	8.760836	-1.657538	-0.049134	-0.720221	4.366399	6.726606
-16.559845	0.106182	2.613913	8.361655	-1.144112	-0.426703	-0.541952	4.239460	6.702351
18.093090	-0.008130	2.478190	8.295539	-1.116492	-0.445194	-0.533108	4.233121	6.701176
-15.701203	-0.122679	2.338336	8.225679	-1.088641	-0.463706	-0.524239	4.226759	6.699999
-18.549192	1.859300	-4.670713	3.105684	0.155602	-1.211853	-0.145825	3.949685	6.651228
18.862083	4.206622	-5.486492	-3.095745	1.299460	-1.866991	0.255039	3.639398	6.600693
18.592725	3.439103	-5.295581	-3.216653	1.321794	-1.880556	0.264797	3.631566	6.599457
-18.880338	2.641190	-5.092082	-3.335309	1.343791	-1.893994	0.274557	3.623718	6.598221
19.048501	-5.336107	-0.027620	-5.083100	1.673372	-2.111189	0.449459	3.480356	6.575908
8.643271	5.639569	5.097705	-6.130438	1.855234	-2.277126	0.623565	3.331912	6.553284
-19.160136	5.993233	5.302486	-6.169199	1.860340	-2.284782	0.633366	3.323364	6.551994
-18.469220	6.228654	5.492841	-6.205788	1.864848	-2.292243	0.643159	3.314801	6.550703
19.119669	-2.524223	6.651524	-6.491548	1.828152	-2.398326	0.830312	3.146748	6.525617
13.694257	-7.255170	4.941931	-6.023360	1.549917	-2.434705	1.013131	2.973429	6.500171
-18.886502	-7.137897	4.833710	-5.983428	1.530710	-2.434749	1.021982	2.964775	6.498910
18.871150	-6.990193	4.725507	-5.942072	1.511043	-2.434633	1.030819	2.956109	6.497648
15.552314	-3.447101	0.286730	-3.154032	0.348650	-2.285689	1.392053	2.576186	6.443054
-18.052036	-0.536622	-3.269916	0.500805	-1.047940	-1.877417	1.715650	2.178342	6.386949
5.514600	1.633623	-3.340327	0.588361	-1.080612	-1.864226	1.723135	2.168239	6.385534
18.092254	3.781730	-3.409640	0.675329	-1.113033	-1.850904	1.730585	2.158133	6.384118
-18.113429	5.644676	-3.475290	0.758436	-1.143985	-1.837962	1.737721	2.148407	6.382756
-17.956740	7.167186	-3.539901	0.840950	-1.174687	-1.824900	1.744824	2.138679	6.381394
18.661623	0.146461	-4.568290	2.144440	-1.655766	-1.582515	1.861654	1.971360	6.358008
6.138242	-6.706062	-5.784971	3.170002	-2.027657	-1.305116	1.969560	1.801925	6.334383
-20.097812	1.330722	-7.720671	3.893870	-2.280167	-0.903178	2.093299	1.582741	6.303857
20.415245	6.035181	-7.816774	3.774943	-2.228584	-0.453575	2.199800	1.360980	6.272954
4.355091	5.734673	-7.728947	3.747817	-2.219165	-0.431800	2.204291	1.350653	6.271513
-20.409239	5.393397	-7.631301	3.718821	-2.209174	-0.409968	2.208739	1.340328	6.270073
9.123733	-2.443557	-4.266436	2.866620	-1.921536	0.013597	2.284929	1.144686	6.242736
19.398896	-5.428233	0.951187	1.608527	-1.478515	0.451944	2.345679	0.947842	6.215123
-16.063161	3.288306	6.952657	-0.002491	-0.843005	0.958138	2.394974	0.721671	6.183215
-18.277122	4.970604	7.349656	-1.434696	-0.138548	1.454938	2.421374	0.494755	6.150958
18.278339	4.441983	7.117883	-1.491612	-0.104724	1.477949	2.422031	0.484009	6.149424
-2.777672	3.865345	6.860239	-1.547257	-0.070913	1.500903	2.422634	0.473262	6.147889
-18.650344	-4.930266	-0.689906	-2.321276	0.542773	1.912362	2.423755	0.274857	6.119415
19.471516	5.049209	-7.040775	-2.530841	1.112019	2.293669	2.405216	0.076581	6.090687
11.006365	0.946270	-4.603320	-2.021217	1.677112	2.680308	2.358521	-0.149987	6.057468
-21.934226	-5.836667	2.430081	-1.002237	2.128601	2.998637	2.283211	-0.375450	6.023926
8.995394	-5.669294	2.736803	-0.946211	2.147379	3.012141	2.278782	-0.386405	6.022283
22.043072	-5.441515	3.033547	-0.889926	2.165841	3.025444	2.274282	-0.397356	6.020639
-18.302439	3.483977	6.487462	0.109814	2.439872	3.227308	2.181620	-0.592322	5.991136
-23.430548	6.804965	5.825482	0.956393	2.598256	3.355589	2.065107	-0.785694	5.961399
23.704303	-7.209980	0.267820	1.642810	2.610801	3.407222	1.896815	-1.010329	5.926183
-2.383814	-1.702246	-4.362669	1.963453	2.406243	3.349817	1.695139	-1.231772	5.890658
-23.006511	7.306996	-5.589802	1.888904	2.020515	3.209877	1.484893	-1.430556	5.857986
15.430814	0.924476	-3.529411	1.417205	1.483866	2.995712	1.252790	-1.625813	5.825072
22.037299	0.354396	-3.364580	1.385269	1.453995	2.983225	1.240674	-1.635470	5.823422
-21.981068	-0.217027	-3.195770	1.352706	1.423879	2.970577	1.228511	-1.645117	5.821770
8.835666	-6.333946	0.544701	0.620113	0.792143	2.691106	0.980825	-1.832473	5.789223
20.012756	-1.224184	3.768981	-0.170207	0.116105	2.358267	0.718263	-2.015618	5.756453
-2.858057	-0.613054	3.889187	-0.210208	0.080089	2.339375	0.704044	-2.025163	5.754717
-19.976622	-0.002992	4.002558	-0.249887	0.044067	2.320347	0.689782	-2.034700	5.752980
20.107521	4.656027	4.557288	-0.881844	-0.593591	1.958067	0.427912	-2.204119	5.721596
-3.768028	0.093659	1.953019	-1.300511	-1.182775	1.563377	0.157993	-2.369016	5.690020
-21.467373	-3.044712	-2.221936	-1.516247	-1.745016	1.081221	-0.157648	-2.551798	5.653646
21.499000	2.535628	-3.908172	-1.479667	-2.129231	0.577226	-0.476791	-2.727712	5.617036
15.095161	2.496568	-3.872554	-1.472046	-2.142191	0.552671	-0.492135	-2.735975	5.615273
-21.440079	2.416968	-3.824638	-1.463914	-2.154599	0.528109	-0.507468	-2.744216	5.613511
9.943777	-0.981508	-1.435460	-1.233229	-2.289050	0.076687	-0.786897	-2.891700	5.581220
18.843846	-2.547914	1.689807	-0.882386	-2.263762	-0.374854	-1.063327	-3.033153	5.548758
-14.520778	2.820238	3.568021	-0.398687	-2.066056	-0.884155	-1.373738	-3.187687	5.511285
-16.209772	3.779120	3.476410	0.091067	-1.718932	-1.374118	-1.673031	-3.333316	5.473601
16.203045	3.474462	3.444830	0.110115	-1.701688	-1.393982	-1.685211	-3.339187	5.472026
-2.580990	3.146342	3.411774	0.129006	-1.684230	-1.413809	-1.697374	-3.345045	5.470449
-16.705031	-4.740054	2.483790	0.483795	-1.276328	-1.815954	-1.945515	-3.463876	5.437348
13.123958	-5.531615	1.455870	0.755861	-0.802107	-2.188895	-2.179469	-3.575154	5.404098
19.929023	-0.884395	0.643292	0.956225	-0.212321	-2.568218	-2.424309	-3.691743	5.366229
-21.627040	2.714581	0.061336	1.037200	0.397582	-2.892353	-2.643932	-3.797701	5.328180
1.255535	2.837656	0.034171	1.038016	0.426580	-2.906298	-2.653730	-3.802489	5.326358
21.754795	2.950787	0.006815	1.038552	0.455531	-2.920094	-2.663462	-3.807252	5.324535
-22.760649	9.289123	-1.654002	0.848465	1.512498	-3.342381	-2.997072	-3.978177	5.250354
-15.619194	9.641096	-4.236033	0.309876	2.075556	-3.453141	-3.193913	-4.103628	5.175581
21.300805	7.713207	-4.265500	0.293370	2.080207	-3.451481	-3.196646	-4.105975	5.173836
-1.607932	5.653387	-4.292072	0.276677	2.084425	-3.449616	-3.199291	-4.108295	5.172090
-21.188963	3.495562	-4.316236	0.259286	2.088316	-3.447482	-3.201922	-4.110658	5.170292
21.131018	1.426196	-4.336962	0.241691	2.091747	-3.445132	-3.204459	-4.112992	5.168494
20.546278	-9.459013	-3.997847	-0.083292	2.080319	-3.372823	-3.233072	-4.148044	5.138122
-18.893136	-2.391132	-2.076309	-0.442708	1.939620	-3.239794	-3.235347	-4.174846	5.107665
2.648164	-1.303258	1.586963	-0.868380	1.579574	-2.988134	-3.201479	-4.197200	5.068276
16.381659	-0.740655	4.617794	-1.129536	1.035868	-2.660034	-3.128881	-4.206023	5.028760
-16.342179	-0.407634	4.712951	-1.135805	1.004758	-2.642208	-3.124364	-4.206115	5.026816
-14.748207	-0.038871	4.801195	-1.141344	0.973252	-2.624236	-3.119762	-4.206176	5.024871
15.874956	6.583950	4.953093	-1.107107	0.356529	-2.284945	-3.024659	-4.202124	4.990515
4.675603	1.392888	2.132287	-0.807677	-0.353915	-1.910287	-2.904454	-4.188600	4.956075
-16.304027	-5.054867	-2.506163	-0.210941	-1.219037	-1.445582	-2.736392	-4.161566	4.916143
17.122805	3.759492	-5.018445	0.517484	-2.024599	-0.961636	-2.539781	-4.122789	4.876119
16.216323	4.150359	-5.014958	0.552275	-2.058859	-0.938805	-2.529941	-4.120699	4.874246
-17.214057	4.498446	-4.997278	0.586981	-2.092703	-0.915982	-2.520052	-4.118585	4.872375
-2.648875	3.080051	-2.425056	1.181356	-2.632739	-0.494900	-2.327548	-4.075186	4.837765
18.956162	-4.235355	2.219313	1.561773	-2.959202	-0.082444	-2.117714	-4.023768	4.803097
-19.610843	-3.255779	4.672599	1.518714	-2.997309	0.373513	-1.854336	-3.954350	4.762736
-19.627962	4.500838	2.620105	0.886363	-2.691960	0.796432	-1.572630	-3.875037	4.722312
19.610806	4.347358	2.414206	0.847477	-2.670964	0.814742	-1.559466	-3.871214	4.720478
-15.735110	4.109568	2.199047	0.807940	-2.649385	0.832986	-1.546261	-3.867370	4.718642
-18.975018	-4.654531	-2.266593	-0.018057	-2.139444	1.164049	-1.289729	-3.790741	4.683754
18.136112	2.949154	-4.008735	-0.834339	-1.467396	1.463758	-1.023529	-3.707488	4.648830
8.250343	4.766643	-2.254612	-1.528888	-0.531040	1.768284	-0.705033	-3.603075	4.608293
-17.701834	-3.777101	1.541645	-1.861309	0.527886	2.022368	-0.378595	-3.490685	4.567720
11.499049	-4.252352	1.699222	-1.867258	0.581698	2.033362	-0.362561	-3.485023	4.565745
17.805960	-4.685484	1.849363	-1.872204	0.635645	2.044220	-0.346526	-3.479348	4.563772
-12.871920	-2.760857	3.295267	-1.781343	1.600293	2.213528	-0.062518	-3.376580	4.529017
-21.382404	4.345141	2.941801	-1.333990	2.545531	2.339502	0.223419	-3.268682	4.494246
23.700881	4.341843	1.220011	-0.480236	3.534916	2.428154	0.558285	-3.136284	4.453530
-1.809468	-0.224569	-1.045128	0.493937	4.292948	2.449110	0.890704	-2.997794	4.412807
-24.849098	-0.272787	-1.145618	0.537288	4.320903	2.448358	0.906151	-2.991174	4.410902
24.849888	-0.296228	-1.244685	0.580204	4.348116	2.447447	0.921596	-2.984537	4.408995
14.289653	-1.044540	-2.640735	1.242159	4.698102	2.402220	1.201625	-2.861128	4.374145
-22.172153	-2.064931	-2.746808	1.561974	4.719949	2.301711	1.476305	-2.733977	4.339300
9.080765	-2.467421	-0.867831	1.473223	4.271263	2.119085	1.787576	-2.581615	4.298737
17.047530	-0.254516	1.748057	0.996028	3.388115	1.876712	2.087414	-2.425101	4.258194
-16.954461	-0.032984	1.859334	0.963747	3.333497	1.862985	2.102348	-2.417020	4.256128
-14.319251	0.178558	1.966120	0.930823	3.278054	1.849137	2.117245	-2.408929	4.254062
15.867284	1.631866	2.760909	0.317799	2.235007	1.599457	2.362215	-2.271403	4.219299
-0.816789	0.009214	1.139345	-0.275925	1.032978	1.323913	2.595174	-2.131542	4.184562
-16.304647	-1.146202	-1.799914	-0.759846	-0.478572	0.979847	2.850025	-1.965600	4.144017
17.440538	1.123552	-2.722769	-0.828036	-1.998586	0.624008	3.083791	-1.797411	4.103523
15.972091	1.156990	-2.662967	-0.817455	-2.069749	0.606869	3.094426	-1.789299	4.101583
-17.564667	1.171850	-2.591268	-0.805513	-2.140616	0.589744	3.105000	-1.781189	4.099644
7.982950	-0.671742	0.030381	-0.417007	-3.350107	0.285517	3.284608	-1.635425	4.064970
19.647453	-1.836457	2.519833	0.103084	-4.390920	-0.008603	3.444530	-1.488733	4.030344
-20.215191	2.287740	2.240435	0.535916	-5.278889	-0.326247	3.602778	-1.317636	3.990201
-15.999087	3.405030	-0.443652	0.618561	-5.714682	-0.605527	3.728391	-1.146203	3.950136
19.886898	3.079038	-0.565076	0.613228	-5.722843	-0.617607	3.733488	-1.138063	3.948236
-0.191059	2.703794	-0.682437	0.607078	-5.729831	-0.629570	3.738504	-1.129924	3.946336
-18.765537	-4.294548	-1.983042	0.367512	-5.657268	-0.826458	3.815257	-0.981726	3.911742
17.143563	5.064812	-1.665846	-0.055192	-5.227944	-0.982811	3.862999	-0.834005	3.877217
13.629263	-3.446907	0.113029	-1.195986	-3.097471	-1.199069	3.854000	-0.484075	3.794897
-14.075815	-6.704477	1.341254	-1.301986	-0.243616	-1.208428	3.661866	-0.141459	3.713063
8.677675	-3.021139	1.383982	-1.281528	-0.176673	-1.206370	3.655207	-0.133696	3.711191
14.327624	0.650099	1.427346	-1.259795	-0.109772	-1.204212	3.648442	-0.125932	3.709317
-14.459133	3.934051	1.469570	-1.237298	-0.044415	-1.202007	3.641725	-0.118342	3.707485
-13.960724	6.655111	1.510823	-1.213566	0.020846	-1.199709	3.634909	-0.110756	3.705653
17.262148	0.683109	1.815354	-0.650875	1.051159	-1.150595	3.512047	0.010660	3.676212
6.268903	-5.884622	0.988514	0.237157	2.021543	-1.080771	3.365434	0.130818	3.646845
-20.027511	-5.458086	0.891508	0.297176	2.077544	-1.075956	3.355847	0.138038	3.645072
20.152154	-4.961942	0.789123	0.357555	2.133200	-1.071078	3.346179	0.145253	3.643300
11.962154	3.451968	-1.586550	1.503386	3.131242	-0.965224	3.143855	0.283822	3.609092
-21.571912	4.574181	-2.613623	2.297710	3.944712	-0.840974	2.914118	0.420505	3.574997
-0.525611	-1.981369	-0.486080	2.411176	4.585609	-0.685036	2.624754	0.572863	3.536545
18.393664	-3.499391	2.585562	1.761479	4.908450	-0.520657	2.308599	0.722595	3.498252
-12.757568	-3.183884	2.706736	1.713834	4.916218	-0.512737	2.292912	0.729675	3.496428
-18.202702	-2.837416	2.823497	1.664783	4.923315	-0.504817	2.277176	0.736749	3.494604
16.510628	3.242553	3.892308	0.534983	4.938689	-0.360553	1.980045	0.865443	3.461206
-2.682851	1.114528	2.391460	-0.909322	4.750164	-0.221469	1.669160	0.991947	3.427941
-13.742339	-3.079547	-1.099410	-2.453230	4.325625	-0.076457	1.312509	1.129378	3.391266
12.990653	0.510993	-4.443244	-3.418504	3.697595	0.056703	0.946714	1.263923	3.354767
-12.868553	2.728490	-4.876362	-3.226929	2.850563	0.179306	0.563231	1.399849	3.317231
1.082672	-2.210408	-0.754646	-1.489056	1.806472	0.284138	0.178447	1.532465	3.279896
13.477571	-2.237016	-0.484039	-1.379802	1.753367	0.288638	0.160190	1.538686	3.278126
-10.559987	-2.217682	-0.209883	-1.269069	1.700049	0.293092	0.141940	1.544900	3.276356
-14.571525	1.643465	4.236122	0.884417	0.696902	0.366552	-0.192158	1.657844	3.243876
15.960352	1.024344	4.531375	2.736262	-0.291602	0.422892	-0.521152	1.768075	3.211562
0.489405	-0.668765	0.693741	3.686693	-1.303105	0.464719	-0.888761	1.890973	3.174737
-19.394033	0.466329	-3.551047	3.193405	-2.094595	0.480671	-1.243074	2.010098	3.138141
19.465115	0.603988	-3.668376	3.133591	-2.126337	0.480765	-1.259674	2.015712	3.136392
12.597590	0.741729	-3.772982	3.070532	-2.157477	0.480797	-1.276226	2.021313	3.134646
-20.592481	1.465609	-3.191864	1.426911	-2.620381	0.470656	-1.570680	2.121620	3.102969
12.785449	-2.750574	1.081694	-0.746768	-2.879276	0.440687	-1.852278	2.218885	3.071477
20.892602	-0.958097	2.578657	-2.723951	-2.910446	0.382786	-2.159046	2.326656	3.035571
-16.727250	7.230001	0.476870	-3.230372	-2.642300	0.301964	-2.447690	2.430205	2.999923
-19.434766	7.173409	0.350425	-3.217800	-2.622636	0.297813	-2.460481	2.434851	2.998294
19.338683	7.040386	0.224066	-3.202320	-2.602318	0.293625	-2.473241	2.439490	2.996665
-1.235526	-5.280687	-1.796470	-2.383096	-2.110117	0.208684	-2.707959	2.525836	2.965837
-14.495476	-10.924832	-1.776288	-0.753192	-1.470608	0.116403	-2.927949	2.608800	2.935216
-3.983327	11.816184	1.153279	1.313857	-0.657765	0.006946	-3.161951	2.699836	2.900298
10.789432	-5.666895	0.973719	2.614818	0.122544	-0.099898	-3.375308	2.786187	2.865666
-10.786685	-8.619770	0.918005	2.643868	0.156552	-0.104769	-3.384865	2.790148	2.864037
8.708367	-11.591613	0.862887	2.669561	0.190204	-0.109619	-3.394375	2.794099	2.862409
14.203608	-5.390096	-0.424674	1.569111	1.244207	-0.280103	-3.738990	2.945058	2.796973
-19.531309	6.555461	0.200877	-1.131390	1.694464	-0.366366	-4.002862	3.077549	2.732665
-19.631370	3.439332	0.239238	-1.183689	1.697912	-0.366948	-4.008310	3.080532	2.731117
19.724846	0.120115	0.277162	-1.234509	1.701006	-0.367446	-4.013714	3.083504	2.729569
0.196516	-3.313854	0.314674	-1.285968	1.703860	-0.367877	-4.019315	3.086597	2.727952
-19.910590	-6.406027	0.348295	-1.335651	1.706328	-0.368215	-4.024868	3.089679	2.726336
20.970385	-1.821111	0.263507	-1.892531	1.694757	-0.361605	-4.106717	3.136977	2.700746
4.866133	6.092293	-0.448149	-2.078503	1.592291	-0.334603	-4.176581	3.181061	2.675353
-21.535617	-4.511842	-1.039655	-1.927600	1.333679	-0.274053	-4.249928	3.233470	2.642648
12.095250	-6.848008	0.136937	-1.504505	0.948007	-0.190286	-4.304762	3.280273	2.610289
21.402541	-6.239215	0.266262	-1.478071	0.926030	-0.185608	-4.307038	3.282459	2.608685
-11.034419	-5.540780	0.402375	-1.451189	0.903830	-0.180887	-4.309271	3.284630	2.607082
-21.390595	7.127095	2.820945	-0.925362	0.491346	-0.093350	-4.341410	3.319938	2.579513
21.583822	-3.406357	2.920185	-0.309642	0.047456	0.002845	-4.362010	3.351050	2.552211
6.350687	-7.093608	0.509912	0.480407	-0.461313	0.119996	-4.372756	3.381833	2.520965
-22.582577	-0.923292	-2.761274	1.243798	-0.915424	0.237862	-4.370954	3.407064	2.490084
22.610868	-0.617668	-2.923622	1.279329	-0.936027	0.243745	-4.370557	3.408196	2.488530
10.383520	-0.337444	-3.084491	1.314432	-0.956350	0.249614	-4.370133	3.409313	2.486977
-23.075972	1.884529	-5.433620	1.827881	-1.251849	0.346292	-4.358900	3.426144	2.460782
-2.849739	3.845490	-6.533023	2.128849	-1.432020	0.435063	-4.340819	3.439095	2.434861
23.360338	6.274983	-5.198697	2.116270	-1.453182	0.524949	-4.312401	3.449571	2.404802
-13.651732	4.743904	-0.273688	1.691683	-1.242580	0.597786	-4.277943	3.455220	2.375124
-22.804817	4.383348	0.035308	1.662971	-1.227788	0.600741	-4.276226	3.455370	2.373755
22.764159	3.987596	0.350108	1.633532	-1.212602	0.603658	-4.274499	3.455510	2.372386
-0.404218	-5.523699	6.367239	0.969544	-0.869179	0.650492	-4.241241	3.456389	2.347240
-20.396190	-7.062519	9.845295	0.116561	-0.434731	0.683598	-4.206235	3.454187	2.322374
4.999769	7.842406	7.542394	-1.011587	0.127172	0.704122	-4.165176	3.448114	2.293964
16.486044	-5.455233	3.063464	-2.110919	0.692129	0.704641	-4.125066	3.438613	2.265926
-16.395528	-7.218679	2.903998	-2.156383	0.716590	0.704165	-4.123298	3.438111	2.264674
16.305291	-8.869996	2.752249	-2.201323	0.740906	0.703645	-4.121534	3.437604	2.263423
15.060031	-0.606226	0.850822	-2.947966	1.178291	0.684501	-4.088067	3.426592	2.239359
-13.356966	10.278946	-1.367412	-3.367283	1.523617	0.646964	-4.055873	3.413424	2.215572
11.641218	-10.708084	-11.977629	-2.411854	1.854830	0.476584	-3.984782	3.374806	2.160767
18.794976	7.131546	-4.835640	1.322156	1.617344	0.184887	-3.918981	3.326751	2.107473
2.596156	8.593752	-4.414825	1.415470	1.606718	0.177365	-3.917582	3.325600	2.106319
-19.230747	9.450562	-3.983310	1.508628	1.595879	0.169803	-3.916184	3.324444	2.105167
12.367255	9.151759	-3.524599	1.605050	1.584410	0.161918	-3.914736	3.323241	2.103972
19.693753	7.743012	-3.055392	1.701216	1.572714	0.153991	-3.913290	3.322033	2.102778
-19.936521	5.504701	-2.553880	1.801645	1.560218	0.145643	-3.911777	3.320764	2.101528
1.787058	3.298327	-2.043330	1.901753	1.547466	0.137246	-3.910265	3.319489	2.100278
23.307056	-8.530537	5.221719	3.238738	1.342936	0.014933	-3.889187	3.301085	2.082798
-22.588258	-0.760278	10.321219	4.345297	1.094012	-0.114086	-3.868388	3.281802	2.065486
-28.005353	6.528132	10.821808	5.230520	0.680732	-0.301579	-3.839712	3.253520	2.041628
28.582523	-5.405802	3.030818	5.083766	0.203826	-0.493290	-3.811227	3.223706	2.018092
3.850868	-3.103992	-5.976351	3.890919	-0.330502	-0.691876	-3.781544	3.191140	1.993924
-24.885917	3.679989	-9.052577	1.793188	-0.868749	-0.883670	-3.751618	3.157144	1.970101
24.725628	3.703475	-8.982862	1.670758	-0.894437	-0.892731	-3.750151	3.155455	1.968951
13.811729	3.675216	-8.890822	1.546625	-0.920048	-0.901761	-3.748683	3.153764	1.967801
-21.302434	-1.448280	-4.506315	-0.874760	-1.360229	-1.057294	-3.722234	3.123023	1.947383
7.279974	-3.417251	1.379253	-3.375688	-1.751225	-1.199051	-3.695286	3.091405	1.927224
14.551032	1.240713	5.424090	-5.776064	-2.110373	-1.340186	-3.663477	3.054048	1.904341
-6.672055	4.487058	6.114501	-7.150118	-2.338654	-1.452190	-3.630616	3.015791	1.881797
-12.856089	4.291622	6.080967	-7.187284	-2.345418	-1.456539	-3.629078	3.014015	1.880770
12.839648	4.052651	6.042604	-7.222257	-2.351829	-1.460813	-3.627538	3.012238	1.879744
9.785555	-3.124044	4.585500	-7.481645	-2.401932	-1.527163	-3.597734	2.978176	1.860377
-15.397637	-6.202607	2.413673	-7.001957	-2.308068	-1.563598	-3.566817	2.943638	1.841265
18.369815	3.660860	0.073696	-5.558897	-2.047158	-1.569889	-3.529844	2.903599	1.819679
14.558787	7.805976	-1.822642	-3.192743	-1.660228	-1.541019	-3.491114	2.863187	1.798426
-21.443021	7.588603	-1.895914	-3.063952	-1.640076	-1.538889	-3.489297	2.861323	1.797458
4.467722	7.328285	-1.967675	-2.933608	-1.619758	-1.536691	-3.487478	2.859460	1.796491
23.575441	-1.831323	-2.909580	-0.183655	-1.204794	-1.482184	-3.452328	2.823955	1.778250
-5.869197	-8.233672	-2.480237	2.887952	-0.752881	-1.404651	-3.416106	2.788286	1.760259
-25.306257	7.483892	2.299141	8.563322	0.303948	-1.142055	-3.327109	2.704205	1.719010
22.014218	1.151992	-1.825323	7.860262	1.154234	-0.784413	-3.232950	2.620124	1.679116
3.719637	-2.378585	-1.946519	7.760256	1.171424	-0.775161	-3.230707	2.618177	1.678206
-21.784310	-5.161935	-2.064443	7.656629	1.188516	-0.765871	-3.228462	2.616231	1.677297
21.655648	-6.377084	-2.191627	7.536912	1.207443	-0.755474	-3.225958	2.614063	1.676284
12.723533	-5.604238	-2.314076	7.412660	1.226258	-0.745023	-3.223449	2.611894	1.675272
-21.420451	-4.182448	-2.416286	7.301179	1.242491	-0.735911	-3.221268	2.610011	1.674394
-3.063123	-2.844093	-2.514538	7.186357	1.258630	-0.726764	-3.219085	2.608129	1.673517
20.148809	1.606135	-3.415504	5.074459	1.488945	-0.585691	-3.186112	2.579982	1.660458
-19.856036	5.881722	-2.947323	2.288536	1.697140	-0.437596	-3.152645	2.551942	1.647549
-15.988076	6.719023	0.412744	-2.162542	1.946511	-0.223121	-3.105654	2.513444	1.629972
22.374364	-1.255862	5.759201	-6.122743	2.149378	0.000893	-3.057809	2.475258	1.612679
5.598516	-8.916600	6.754785	-8.213626	2.310630	0.245885	-3.006300	2.435256	1.594685
-25.129590	2.075278	-1.315193	-7.561803	2.411731	0.496404	-2.953957	2.395752	1.577007
25.134759	3.140611	-1.765805	-7.472657	2.414653	0.507761	-2.951584	2.393988	1.576219
13.166612	4.200024	-2.214529	-7.378777	2.417424	0.519124	-2.949209	2.392225	1.575432
-24.535161	12.034798	-8.850684	-4.741841	2.439122	0.737173	-2.903500	2.358741	1.560498
23.118387	-13.173415	-7.564183	-0.880531	2.394199	0.955441	-2.857267	2.325736	1.545795
-21.963989	14.062642	11.087610	7.094067	1.962379	1.461786	-2.745562	2.249491	1.511820
-22.174590	3.727461	-7.003592	5.306476	1.039492	1.924066	-2.630959	2.176156	1.479122
-9.562461	-2.078683	-7.440514	5.176218	1.013612	1.934050	-2.628248	2.174478	1.478374
22.549361	-7.057759	-7.856744	5.043745	0.987589	1.943990	-2.625536	2.172803	1.477626
8.995961	-10.196568	-8.248420	4.910040	0.961594	1.953824	-2.622839	2.171139	1.476884
-22.938059	-11.491603	-8.616624	4.774475	0.935483	1.963607	-2.620142	2.169478	1.476143
23.132793	-11.346634	-8.961722	4.636554	0.909142	1.973384	-2.617433	2.167812	1.475400
17.875522	-10.758775	-9.282241	4.496824	0.882658	1.983122	-2.614721	2.166147	1.474657
-25.677109	6.507253	-11.266677	2.382157	0.492236	2.117213	-2.575749	2.142500	1.464109
-1.108532	8.278449	-8.759608	0.259534	0.087484	2.240744	-2.536429	2.119166	1.453698
28.040065	-5.994902	-0.350510	-2.390983	-0.482976	2.393591	-2.480747	2.087002	1.439346
-10.489832	-4.224552	5.938824	-4.301526	-1.030478	2.519652	-2.424356	2.055448	1.425263
-25.755489	2.359632	8.852896	-5.072261	-1.545836	2.618945	-2.364643	2.023113	1.410829
23.217167	-1.551114	8.182590	-4.238164	-1.969573	2.681082	-2.304121	1.991434	1.396687
0.557103	-1.532235	8.023811	-4.163014	-1.985906	2.682935	-2.301385	1.990027	1.396059
-22.966106	-1.478226	7.852123	-4.084862	-2.001972	2.684704	-2.298649	1.988623	1.395432
20.481630	1.459258	2.785055	-2.093704	-2.259371	2.702034	-2.245108	1.961566	1.383352
7.618368	0.111789	-2.746222	0.314069	-2.396732	2.685055	-2.190918	1.935001	1.371491
-16.277875	-2.027923	-5.255077	2.676157	-2.378929	2.621051	-2.128159	1.905235	1.358202
6.732485	1.718799	-1.326952	3.802335	-2.147503	2.510464	-2.064536	1.876100	1.345195
15.598750	1.899330	-1.069677	3.821522	-2.130651	2.504073	-2.061474	1.874723	1.344580
-15.608703	2.065206	-0.813112	3.837602	-2.113238	2.497581	-2.058408	1.873346	1.343966
-11.198049	1.626125	2.937935	3.601188	-1.706222	2.363118	-2.002335	1.848568	1.332905
17.967951	-0.456975	3.364891	2.489916	-1.155098	2.199497	-1.945661	1.824258	1.322055
4.033662	-0.791953	0.846395	0.652936	-0.407321	1.978975	-1.879764	1.796873	1.309834
-21.978179	0.294962	-2.107187	-1.240515	0.386546	1.728023	-1.813137	1.770098	1.297889
22.046515	0.340713	-2.198789	-1.324940	0.425051	1.715084	-1.809870	1.768807	1.297313
15.810999	0.373027	-2.282054	-1.408165	0.463468	1.702084	-1.806601	1.767519	1.296738
-22.879299	-0.333250	-2.565861	-2.623449	1.124691	1.460045	-1.747938	1.744738	1.286579
11.935196	0.133266	-1.516369	-3.157670	1.702534	1.201428	-1.688775	1.722413	1.276626
22.441638	1.650949	0.177163	-2.979020	2.210233	0.886934	-1.620079	1.697272	1.265422
-17.753357	1.901278	1.572200	-2.164039	2.541157	0.558653	-1.550781	1.672721	1.254488
-21.415347	1.863701	1.633962	-2.113704	2.552480	0.542861	-1.547489	1.671574	1.253977
21.362400	1.820423	1.695817	-2.062495	2.563415	0.527049	-1.544197	1.670429	1.253467
-10.483129	-0.330471	2.682121	-0.994772	2.695735	0.233063	-1.483413	1.649598	1.244196
-19.531071	-3.349153	2.672840	0.214272	2.699090	-0.065097	-1.422227	1.629207	1.235125
19.061778	-2.620669	0.599510	1.599893	2.547993	-0.408259	-1.351765	1.606412	1.224993
7.780654	4.347756	-2.279693	2.705854	2.235243	-0.750290	-1.280843	1.584182	1.215121
-19.378473	4.199953	-2.385916	2.746538	2.216191	-0.766654	-1.277420	1.583127	1.214652
-0.019813	3.964815	-2.486222	2.785780	2.196786	-0.782997	-1.273999	1.582073	1.214185
20.348261	-4.443571	-2.944690	3.208735	1.782490	-1.078386	-1.211491	1.563108	1.205771
-21.642548	2.415837	-0.448030	2.982967	1.267030	-1.367649	-1.148683	1.544568	1.197554
-13.634816	3.977500	2.772561	2.038557	0.589366	-1.687194	-1.076687	1.523931	1.188418
23.662269	-2.657171	2.800410	0.586739	-0.143634	-1.992259	-1.004364	1.503835	1.179534
3.845555	-3.097703	2.723940	0.505998	-0.181216	-2.007162	-1.000718	1.502839	1.179094
-23.651769	-3.511016	2.641936	0.424847	-0.218828	-2.022018	-0.997071	1.501843	1.178654
22.965102	-3.432839	0.605653	-1.003021	-0.872355	-2.272726	-0.933494	1.484741	1.171105
8.680299	1.493358	-1.567451	-2.287327	-1.504862	-2.507078	-0.869720	1.468046	1.163747
-19.477668	2.738580	-2.383748	-3.256588	-2.167711	-2.752560	-0.796418	1.449410	1.155546
16.355685	-2.770622	-1.051760	-3.429682	-2.723802	-2.970011	-0.722921	1.431299	1.147593
17.689681	-2.842945	-0.977616	-3.420286	-2.745651	-2.979086	-0.719608	1.430496	1.147241
-17.632369	-2.880828	-0.904626	-3.409582	-2.767213	-2.988104	-0.716292	1.429693	1.146889
-15.194274	-0.323888	0.242230	-2.968476	-3.126750	-3.150528	-0.651616	1.414261	1.140127
16.684163	3.934851	0.993584	-2.179477	-3.372768	-3.286044	-0.586840	1.399225	1.133552
-7.826285	4.479794	1.529204	-1.022981	-3.530112	-3.404428	-0.513090	1.382603	1.126302
-16.678546	0.797273	1.634179	0.231478	-3.578035	-3.481457	-0.439277	1.366484	1.119291
16.666742	0.550495	1.628157	0.289530	-3.577960	-3.483993	-0.435819	1.365741	1.118969
12.689862	0.287594	1.621187	0.347371	-3.577695	-3.486430	-0.432361	1.364999	1.118647
-16.254040	-5.525248	1.322753	1.359923	-3.540341	-3.514056	-0.368245	1.351445	1.112770
11.814623	-6.662131	0.708893	2.186653	-3.448351	-3.509582	-0.304163	1.338262	1.107071
15.226179	-0.092927	-0.308970	2.781640	-3.287929	-3.466947	-0.230538	1.323536	1.100727
-9.562463	7.415168	-1.276573	2.856527	-3.079671	-3.386778	-0.157187	1.309291	1.094615
-15.253222	7.272552	-1.313728	2.844327	-3.068403	-3.382033	-0.153674	1.308619	1.094327
15.273995	7.054385	-1.349536	2.830538	-3.057006	-3.377207	-0.150163	1.307948	1.094040
2.421219	-2.907590	-1.580885	2.277992	-2.823897	-3.275629	-0.086334	1.295918	1.088901
-16.994591	-6.946897	-0.459275	1.170186	-2.533566	-3.149432	-0.022857	1.284247	1.083937
18.294515	6.219209	1.826042	-0.312924	-2.112609	-2.976512	0.049519	1.271284	1.078451
12.697698	-4.423467	1.048967	-1.437304	-1.579001	-2.776285	0.121254	1.258786	1.073191
-19.419301	-4.872692	0.940999	-1.475713	-1.550762	-2.766229	0.124615	1.258209	1.072949
8.714993	-5.253709	0.828799	-1.512612	-1.522243	-2.756126	0.127971	1.257633	1.072707
20.032072	-3.092882	-1.477509	-1.899621	-0.940186	-2.560834	0.189459	1.247214	1.068351
-20.297456	4.106793	-2.325636	-1.665688	-0.245921	-2.349095	0.250329	1.237135	1.064162
-8.476832	0.415910	0.321021	-0.735652	0.655855	-2.085910	0.319910	1.225891	1.059522
20.527461	-4.231173	2.606203	0.304516	1.601690	-1.805875	0.388486	1.215091	1.055102
-3.236956	-4.138807	2.603330	0.343482	1.645518	-1.792537	0.391637	1.214601	1.054903
-20.552948	-4.017632	2.587190	0.381089	1.689267	-1.779178	0.394784	1.214113	1.054704
13.348034	5.834755	-2.820497	0.850726	3.369000	-1.205849	0.522341	1.194787	1.046910
23.147957	-5.984018	0.024949	-0.111047	4.477239	-0.601498	0.645179	1.177022	1.039900
-23.179805	-6.618024	0.186114	-0.132473	4.490480	-0.588401	0.647744	1.176659	1.039759
7.833787	-7.164718	0.349679	-0.153526	4.503180	-0.575309	0.650306	1.176298	1.039618
23.246650	-7.572240	0.535855	-0.176668	4.516775	-0.560630	0.653173	1.175893	1.039461
-4.963882	-7.681915	0.724749	-0.199283	4.529678	-0.545955	0.656036	1.175490	1.039304
-23.785455	7.982390	3.400099	-0.472921	4.636616	-0.295311	0.704317	1.168753	1.036701
23.981898	-7.930916	2.612928	-0.464107	4.507164	-0.044272	0.751652	1.162265	1.034224
5.557217	-7.763931	-1.440740	-0.145766	3.989938	0.277361	0.811038	1.154286	1.031225
-21.828290	5.995762	-4.721133	0.229178	3.161196	0.595980	0.868691	1.146707	1.028431
21.710846	6.228963	-4.796538	0.243236	3.114448	0.611483	0.871470	1.146346	1.028299
4.316896	6.350227	-4.860912	0.256595	3.067249	0.626964	0.874243	1.145986	1.028168
-19.045400	-1.861355	-4.412706	0.378174	2.165845	0.898011	0.922453	1.139787	1.025934
16.339567	-4.402388	-2.150740	0.310435	1.170127	1.164023	0.969228	1.133879	1.023852
8.660686	3.400917	1.342192	0.068169	-0.034120	1.462979	1.021317	1.127423	1.021635
-14.026697	-0.779580	6.550340	-0.264399	-1.230705	1.751691	1.071318	1.121343	1.019617
-10.704953	-1.659588	6.797912	-0.280871	-1.285980	1.765075	1.073633	1.121065	1.019526
14.168347	-2.546062	7.042022	-0.297325	-1.341038	1.778424	1.075940	1.120787	1.019436
-1.930142	-2.059466	10.557788	-0.835697	-3.284606	2.280810	1.162936	1.110499	1.016224
-19.274513	0.990944	-3.552819	-0.880004	-4.551356	2.728112	1.241696	1.101467	1.013681
19.020872	0.037940	-4.030419	-0.874083	-4.573811	2.738692	1.243592	1.101253	1.013624
-18.751828	-0.963281	-4.506929	-0.867830	-4.595777	2.749228	1.245482	1.101039	1.013569
17.217261	1.068629	-15.480726	-0.303524	-5.117531	3.142458	1.318199	1.092929	1.011638
17.665114	1.950256	-1.888457	0.738491	-5.047037	3.449750	1.380399	1.086124	1.010416
-18.795082	2.631459	-1.572481	0.762798	-5.040120	3.456030	1.381747	1.085977	1.010396
-13.382555	1.627107	-1.232177	0.786871	-5.033009	3.462263	1.383088	1.085831	1.010375
21.156376	-0.428691	-0.842622	0.810665	-5.025715	3.468440	1.384421	1.085686	1.010356
-7.595854	-2.335170	-0.380773	0.834196	-5.018234	3.474570	1.385748	1.085542	1.010336
-23.598844	-2.992351	0.202879	0.858463	-5.010228	3.480919	1.387126	1.085392	1.010317
24.814599	-1.767497	0.908861	0.882412	-5.002026	3.487216	1.388497	1.085243	1.010297
-20.116654	4.670929	16.013579	1.177535	-4.867240	3.570780	1.407115	1.083221	1.010069
-45.494002	1.187115	19.427911	1.360335	-4.704488	3.644427	1.424308	1.081351	1.009926
11.025486	-8.860541	3.814647	1.380290	-4.452521	3.730569	1.445722	1.079009	1.009867
41.519590	-8.768311	-15.684584	1.199135	-4.193669	3.798809	1.464256	1.076952	1.009968
-11.248140	13.187425	-21.517296	0.893025	-3.931983	3.852097	1.480586	1.075088	1.010246
-20.698764	14.574732	-11.486873	0.553601	-3.691603	3.887024	1.493530	1.073530	1.010697
20.237671	13.171259	-10.684967	0.537484	-3.680963	3.888230	1.494055	1.073464	1.010723
5.363106	11.665096	-9.858328	0.521374	-3.670393	3.889397	1.494572	1.073399	1.010749
-12.772352	-15.604819	6.793268	0.229856	-3.489305	3.903959	1.502644	1.072323	1.011290
8.345769	-10.400075	19.001433	-0.051820	-3.329735	3.906048	1.508074	1.071466	1.011957
-4.669267	-2.382723	24.991586	-0.357926	-3.168891	3.893405	1.511041	1.070740	1.012889
