-10.624385	-3.412020	10.781140	-27.058062	25.407280	0.232489	-13.608772	9.526196	4.926476
-6.134530	-0.773199	10.044123	-26.730372	25.275843	0.235057	-13.636322	9.546311	4.925656
16.580718	2.530457	7.990874	-26.187027	25.065560	0.251971	-13.673965	9.563839	4.924528
-6.542892	2.674144	7.853393	-26.154732	25.053224	0.253175	-13.676075	9.564631	4.924465
-16.611751	2.811168	7.712234	-26.121882	25.040691	0.254415	-13.678210	9.565418	4.924401
16.949683	3.054452	4.727358	-25.449963	24.787045	0.282281	-13.720182	9.578311	4.923143
6.436894	-1.039312	1.331224	-24.605563	24.473845	0.321378	-13.770005	9.589206	4.921648
-17.982574	-3.087968	-2.039752	-23.413125	24.039085	0.380545	-13.837248	9.599260	4.919630
18.644508	2.770766	-3.799246	-21.979810	23.525344	0.454816	-13.914900	9.606608	4.917292
15.566079	2.963751	-3.837759	-21.899783	23.496901	0.459014	-13.919142	9.606911	4.917164
-18.714561	3.117648	-3.871061	-21.819109	23.468251	0.463249	-13.923410	9.607207	4.917035
-9.626176	0.784122	-3.781365	-20.375408	22.956031	0.539850	-13.998650	9.611100	4.914736
19.864611	-3.197511	-3.016367	-18.796915	22.385391	0.626298	-14.080102	9.612948	4.912197
-11.806013	-0.090896	-2.111891	-16.856556	21.649228	0.738219	-14.181560	9.612501	4.908947
-20.789269	3.388352	-1.256831	-14.872105	20.834363	0.861518	-14.289287	9.609233	4.905376
20.801439	3.349180	-1.215092	-14.777397	20.793437	0.867680	-14.294574	9.609005	4.905198
0.433134	3.276494	-1.173155	-14.682766	20.752332	0.873865	-14.299873	9.608771	4.905018
-20.918147	-1.188082	-0.340966	-12.984710	19.973478	0.990326	-14.398119	9.603372	4.901631
13.577260	-3.694577	0.744388	-11.363198	19.135200	1.113868	-14.499419	9.595788	4.898008
20.383281	-0.958863	2.247418	-9.658317	18.099158	1.263622	-14.618568	9.584354	4.893559
-19.611794	4.171047	2.875379	-8.192346	16.984869	1.420803	-14.739628	9.569974	4.888807
-11.315300	4.139817	2.859730	-8.132600	16.932381	1.428105	-14.745156	9.569250	4.888583
19.523453	4.071420	2.839012	-8.073483	16.879731	1.435420	-14.750686	9.568520	4.888360
-11.288269	-1.368474	1.622599	-7.042618	15.841196	1.577790	-14.856636	9.553360	4.883960
-17.372156	-4.682384	-0.543447	-6.128453	14.743860	1.724261	-14.962357	9.535922	4.879337
14.454940	5.203416	-2.431883	-3.817996	11.930985	2.082114	-15.206530	9.485640	4.867562
13.779027	-5.457350	2.520122	-0.847205	8.819559	2.450247	-15.435552	9.422262	4.854591
-12.334955	-2.971760	2.343197	-0.787311	8.747786	2.458409	-15.440354	9.420715	4.854292
12.309158	-0.360137	2.145629	-0.728133	8.675877	2.466572	-15.445145	9.419162	4.853992
9.764204	2.062015	1.921972	-0.667522	8.601112	2.475044	-15.450103	9.417544	4.853681
-12.259098	3.873489	1.682639	-0.607774	8.526201	2.483516	-15.455048	9.415918	4.853369
-0.240842	4.937370	1.421121	-0.546697	8.448267	2.492313	-15.460169	9.414223	4.853044
12.212292	5.457441	1.150040	-0.486655	8.370180	2.501110	-15.465274	9.412520	4.852719
7.280538	1.297031	-2.538498	0.216427	7.259293	2.624539	-15.535309	9.387819	4.848083
-12.098101	-5.320607	-2.938839	0.554494	6.125806	2.747671	-15.602069	9.361615	4.843321
12.567422	5.104483	3.362586	0.331316	4.532011	2.919254	-15.689499	9.322308	4.836429
10.294108	2.380820	1.218514	-0.148479	3.016695	3.088709	-15.768780	9.279992	4.829294
-14.654548	-4.480358	-5.007600	-0.498457	1.624354	3.262470	-15.841813	9.232544	4.821584
6.555185	2.723913	-5.144879	-0.434274	0.521009	3.431909	-15.903737	9.181745	4.813616
16.236365	3.095132	-4.995852	-0.421127	0.476574	3.439809	-15.906375	9.179255	4.813232
-16.313439	3.439024	-4.835932	-0.407190	0.432852	3.447696	-15.908985	9.176758	4.812848
-11.150866	3.863282	-0.445573	-0.055452	-0.247420	3.589824	-15.951753	9.129698	4.805713
19.115696	-1.409238	4.760729	0.328028	-0.720362	3.727197	-15.984499	9.080067	4.798389
-10.527365	-3.555982	6.468267	0.521169	-1.048085	3.879193	-16.008894	9.019459	4.789691
-20.723259	2.961076	1.185245	0.231900	-1.193539	4.022900	-16.017761	8.955350	4.780750
20.719533	3.299598	0.956025	0.208440	-1.197417	4.029654	-16.017776	8.952145	4.780309
-0.154507	3.585776	0.744737	0.184392	-1.201080	4.036385	-16.017752	8.948931	4.779868
-20.237439	1.387526	-0.560445	-0.299189	-1.240151	4.149623	-16.010585	8.890435	4.771936
16.301364	-3.957004	-0.812132	-0.744206	-1.262861	4.241209	-15.990153	8.829249	4.763829
17.949867	-1.101233	-4.119333	-0.932257	-1.332367	4.301880	-15.948760	8.754725	4.754188
-16.853761	4.693966	-5.887508	-0.482196	-1.484822	4.289905	-15.887268	8.676493	4.744318
3.297938	4.325127	-5.830639	-0.444761	-1.492255	4.287305	-15.884071	8.672954	4.743877
16.783509	3.904658	-5.759262	-0.405854	-1.499654	4.284514	-15.880834	8.669410	4.743436
5.318248	-4.870775	-2.284645	0.550337	-1.622751	4.188544	-15.809330	8.598852	4.734751
-16.344238	-5.339136	2.327286	1.523130	-1.651005	4.002671	-15.721630	8.525501	4.725902
16.656156	5.567077	4.055479	1.978670	-1.464184	3.658093	-15.599250	8.436901	4.715428
7.049024	-5.160627	-0.442080	1.159404	-0.987804	3.180694	-15.454440	8.344624	4.704742
-17.159110	-5.448783	-0.658174	1.093539	-0.959772	3.155388	-15.447088	8.340205	4.704235
17.182190	-5.653203	-0.863963	1.025631	-0.931327	3.129825	-15.439682	8.335774	4.703727
17.099612	-1.444104	-2.740807	-0.504829	-0.356969	2.621214	-15.294770	8.253033	4.694331
-17.888042	0.952550	-1.900239	-2.249952	0.253585	2.049299	-15.132731	8.167634	4.684781
-2.638375	2.421295	0.479504	-3.643475	0.887473	1.326601	-14.922477	8.065017	4.673485
18.052575	4.483051	2.086031	-3.501451	1.324867	0.565944	-14.688474	7.958907	4.661990
-10.948450	4.594024	2.094157	-3.447080	1.339212	0.531361	-14.677442	7.954078	4.661471
-18.035760	4.695678	2.094573	-3.388109	1.353098	0.496769	-14.666369	7.949245	4.660952
17.766802	3.950079	0.789081	-1.467645	1.536185	-0.171455	-14.444315	7.855092	4.650908
3.857291	2.133938	-1.999736	1.388199	1.572132	-0.838333	-14.204285	7.758438	4.640723
-16.846547	1.492114	-4.860078	4.514621	1.448995	-1.590962	-13.902818	7.643137	4.628725
6.883292	0.671110	-5.016893	6.128470	1.167478	-2.294508	-13.576540	7.524563	4.616544
16.414088	0.398035	-4.935067	6.162370	1.150592	-2.326044	-13.560516	7.518884	4.615965
-16.400291	0.099558	-4.844493	6.192599	1.133396	-2.357407	-13.544436	7.513199	4.615385
-9.939778	-2.124846	-1.359729	6.125634	0.771287	-2.895584	-13.241155	7.408202	4.604733
16.581955	-1.716983	5.262835	4.974834	0.341685	-3.357011	-12.919003	7.300853	4.593952
-16.114126	1.201187	9.179473	2.449767	-0.195192	-3.773077	-12.520924	7.173275	4.581272
-19.724685	0.252006	3.863156	-1.051669	-0.720040	-4.033425	-12.097248	7.042625	4.568425
19.857667	-0.335926	3.609078	-1.237561	-0.744649	-4.041714	-12.075707	7.036099	4.567787
10.136949	-0.826857	3.373834	-1.424046	-0.769102	-4.049553	-12.054094	7.029562	4.567148
-22.669518	0.686515	0.502628	-4.646255	-1.160985	-4.109146	-11.668289	6.914428	4.555945
26.618209	-1.241280	-3.319060	-7.444843	-1.461389	-4.012132	-11.266105	6.797088	4.544624
26.622529	-4.750394	-7.906190	-9.252441	-1.466511	-3.183176	-10.253924	6.510500	4.517346
-12.090966	-4.978094	-12.097965	0.084616	-0.127533	-1.763013	-9.169179	6.212189	4.489454
0.357559	2.573893	-8.625404	0.450479	-0.088359	-1.724547	-9.142444	6.204911	4.488779
10.825614	5.186103	-4.700089	0.821215	-0.049245	-1.685961	-9.115692	6.197631	4.488104
-10.203066	0.201137	-0.441235	1.180783	-0.011744	-1.648782	-9.089974	6.190634	4.487456
-9.709249	-5.388882	3.961176	1.542458	0.025653	-1.611504	-9.064241	6.183636	4.486808
8.950321	-3.825391	8.165178	1.913320	0.063771	-1.573282	-9.037910	6.176478	4.486146
-8.339501	5.595263	11.619275	2.284191	0.101759	-1.534939	-9.011547	6.169313	4.485483
-8.262785	-6.908710	-10.277234	7.033092	0.612966	-0.980578	-8.634234	6.067009	4.476045
-1.212919	7.844307	-5.505796	9.728546	1.025415	-0.415322	-8.251105	5.963485	4.466546
6.882861	-8.389763	4.591010	8.923927	1.394512	1.194110	-7.094186	5.651787	4.438231
-18.419449	6.835738	-2.551886	2.646401	0.840986	2.504106	-5.903721	5.330040	4.409419
-7.081605	3.714231	-2.051204	2.400890	0.820508	2.530005	-5.875146	5.322280	4.408729
18.698580	0.369484	-1.521770	2.149565	0.799765	2.555649	-5.846541	5.314510	4.408039
0.366346	-3.282663	-0.950868	1.875336	0.777318	2.582760	-5.815949	5.306198	4.407300
-18.951824	-6.638578	-0.402580	1.595933	0.754584	2.609574	-5.785325	5.297874	4.406561
19.544874	-2.576667	2.607229	-2.884449	0.381889	2.975554	-5.320563	5.171186	4.395337
0.663798	5.139641	-0.494157	-6.774103	-0.028225	3.262399	-4.853639	5.043109	4.384048
-15.948842	-4.338506	-3.853272	-8.679083	-0.575299	3.505127	-4.247679	4.875430	4.369351
11.136249	-2.561975	1.336398	-5.505639	-1.088761	3.591211	-3.640828	4.705505	4.354549
13.637322	-1.693459	1.674894	-5.262077	-1.111463	3.591266	-3.611508	4.697238	4.353832
-11.329770	-0.763585	2.009329	-5.013507	-1.133902	3.590937	-3.582190	4.688965	4.353113
-12.944708	3.358770	5.505124	-0.189389	-1.482192	3.518644	-3.055553	4.539439	4.340170
13.667367	-2.642340	1.559145	3.897497	-1.690616	3.317135	-2.529252	4.388299	4.327154
-7.029196	-3.116579	-3.615440	6.648631	-1.690920	2.917149	-1.918374	4.210837	4.311953
-17.644645	2.805337	-6.791590	6.930870	-1.372293	2.349981	-1.307523	4.031299	4.296663
17.715207	3.040898	-6.807090	6.883107	-1.350486	2.321933	-1.280876	4.023420	4.295994
10.638296	3.217437	-6.807302	6.830163	-1.328010	2.293638	-1.254229	4.015537	4.295324
-18.687131	-1.255436	-4.164445	4.879025	-0.766756	1.691206	-0.728264	3.859132	4.282079
14.614663	-3.592559	0.888375	1.842366	-0.050512	1.029447	-0.202580	3.701263	4.268773
18.369469	1.040801	5.111130	-1.822392	0.846427	0.229810	0.409925	3.515355	4.253182
-17.493989	4.117845	6.567574	-4.325471	1.657791	-0.546582	1.021644	3.327550	4.237515
-7.593401	3.954013	6.573804	-4.390010	1.687100	-0.577300	1.046865	3.319761	4.236867
17.415205	3.762263	6.576053	-4.451107	1.716000	-0.607902	1.072103	3.311963	4.236218
2.312159	-2.735486	5.735637	-4.982826	2.200464	-1.206147	1.596657	3.149048	4.222698
-16.005410	-4.456228	3.279679	-4.324564	2.410996	-1.707698	2.120312	2.984810	4.209129
15.743268	4.533566	-1.247866	-2.584733	2.309007	-2.135531	2.724513	2.793294	4.193379
13.850208	-3.481783	-5.454970	-0.387960	1.898109	-2.406908	3.327476	2.600120	4.177570
-16.259243	-4.010811	-5.538664	-0.287164	1.873248	-2.415822	3.354921	2.591288	4.176849
16.304251	-4.516774	-5.607059	-0.186847	1.847923	-2.424446	3.382348	2.582459	4.176129
15.600059	-4.397010	-4.163743	1.562964	1.285876	-2.536436	3.903300	2.414389	4.162443
-18.851306	3.093591	0.770087	2.773706	0.600802	-2.558977	4.427270	2.245158	4.148719
-11.395858	4.114225	4.907126	3.034886	-0.297420	-2.487176	5.039430	2.047467	4.132757
20.299497	-2.794820	2.319777	1.836233	-1.276948	-2.321965	5.653014	1.848305	4.116751
-5.274354	-3.352729	2.098752	1.757867	-1.321803	-2.312473	5.680722	1.839266	4.116026
-20.236233	-3.866469	1.873969	1.678160	-1.366625	-2.302815	5.708423	1.830224	4.115302
18.972793	-0.117500	-2.413427	0.028494	-2.200525	-2.088453	6.234454	1.657399	4.101477
12.377868	3.446464	-4.121092	-1.428483	-2.947857	-1.821478	6.755231	1.483563	4.087627
-14.307171	-1.807014	-0.087342	-2.202232	-3.611674	-1.456993	7.349415	1.280577	4.071521
3.956019	-2.994154	3.405570	-1.899429	-3.943346	-1.053240	7.928415	1.076334	4.055388
12.317677	-2.610391	3.447399	-1.860453	-3.948639	-1.034113	7.954602	1.066913	4.054646
-12.263782	-2.184277	3.475757	-1.819301	-3.952976	-1.014956	7.980746	1.057490	4.053903
-1.548721	2.816048	2.063257	-0.713104	-3.860285	-0.651535	8.463201	0.880153	4.039959
12.281374	2.435944	-1.029743	0.686260	-3.447413	-0.288007	8.928017	0.701958	4.026000
-1.092831	-2.084707	-2.807178	1.811533	-2.590239	0.118986	9.440118	0.494768	4.009835
-14.579367	-2.497541	-0.106806	1.694244	-1.361410	0.495951	9.920569	0.286519	3.993658
14.629960	-2.154091	0.077003	1.659763	-1.293054	0.513377	9.943236	0.276283	3.992865
-0.447051	-1.802493	0.260267	1.623085	-1.223998	0.530700	9.965829	0.266037	3.992071
-15.369630	2.471578	2.638452	0.710882	0.067571	0.814128	10.347413	0.085948	3.978143
8.640390	-0.220036	1.893235	-0.420294	1.413507	1.051830	10.699278	-0.094842	3.964212
16.099249	-2.527628	-1.090674	-1.497359	2.848931	1.257308	11.067930	-0.306222	3.947988
-16.361380	2.598015	-2.780330	-1.805105	3.971927	1.370511	11.388210	-0.518463	3.931767
-2.449874	2.603575	-2.759386	-1.791867	4.016799	1.373408	11.402626	-0.528914	3.930970
16.391109	2.571629	-2.725149	-1.775693	4.060615	1.376041	11.416914	-0.539368	3.930173
-0.287813	-0.313769	-0.611194	-1.107395	4.653310	1.377456	11.645131	-0.722092	3.916269
-16.996532	-2.754913	2.084152	-0.010970	4.913129	1.287660	11.831427	-0.905375	3.902372
17.259553	-0.087340	2.903609	1.206227	4.777554	1.067843	11.989568	-1.116552	3.886419
2.105817	1.962101	1.711575	1.880011	4.129597	0.751545	12.083772	-1.328268	3.870483
-17.014107	2.892749	-0.571851	2.022709	3.006374	0.380753	12.111440	-1.536805	3.854839
16.091926	1.505868	-2.535947	1.681789	1.538766	-0.016100	12.072506	-1.745617	3.839220
16.225749	1.210339	-2.594178	1.652856	1.462307	-0.035353	12.068901	-1.755705	3.838467
-16.175493	0.894767	-2.647639	1.622738	1.385444	-0.054598	12.065132	-1.765800	3.837713
-3.786599	-2.781013	-2.462075	0.799993	-0.146230	-0.418794	11.959752	-1.961701	3.823094
13.859412	-0.218133	0.129810	-0.405087	-1.648006	-0.746684	11.791751	-2.157500	3.808503
-4.918374	0.153611	0.278621	-0.469176	-1.720757	-0.761893	11.781498	-2.167453	3.807762
-13.758331	0.522005	0.425486	-0.533054	-1.793055	-0.776943	11.771071	-2.177413	3.807020
13.053878	2.475946	2.145071	-1.588303	-3.026305	-1.022694	11.545085	-2.363399	3.793173
6.535351	0.195975	0.738471	-2.144604	-3.943927	-1.184862	11.258966	-2.548985	3.779357
-13.007243	-2.012989	-1.833186	-2.099689	-4.468941	-1.237482	10.852730	-2.762100	3.763483
13.769692	0.031971	-1.795123	-1.328170	-4.414410	-1.124779	10.363496	-2.974292	3.747659
13.714997	0.227598	-1.734894	-1.278523	-4.399088	-1.115737	10.338415	-2.984283	3.746913
-13.868351	0.420686	-1.671150	-1.228048	-4.382731	-1.106397	10.313176	-2.994265	3.746168
-12.828204	1.476326	-0.131596	-0.196922	-3.911469	-0.884685	9.818136	-3.177572	3.732469
16.169487	0.028714	1.265335	0.844494	-3.177245	-0.583255	9.268245	-3.359873	3.718813
0.638491	-1.090013	1.654303	1.709423	-2.118806	-0.165743	8.572487	-3.568486	3.703134
-18.371581	0.702238	0.307527	1.921152	-0.960372	0.292004	7.819497	-3.775360	3.687519
18.396971	0.856968	0.221158	1.915552	-0.906399	0.313606	7.783339	-3.784913	3.686796
0.970940	0.994579	0.134330	1.908714	-0.852543	0.335196	7.747106	-3.794456	3.686074
-18.583971	0.626916	-1.399595	1.561552	0.134997	0.735226	7.051920	-3.972164	3.672590
18.292013	-1.112521	-2.092487	0.838099	1.059627	1.112354	6.327357	-4.148241	3.659160
13.434880	0.877769	-0.468792	-0.262630	1.942213	1.483914	5.475832	-4.345992	3.643982
-16.569529	1.651936	2.416558	-1.206881	2.511677	1.763130	4.600999	-4.541257	3.628882
2.156500	-2.048862	3.069627	-1.441025	2.602927	1.915221	3.719567	-4.731886	3.614015
14.539986	1.619046	-2.749527	-0.682094	2.155672	1.918568	2.829354	-4.919686	3.599230
-6.359025	1.963212	-2.983518	-0.632461	2.124530	1.915195	2.788505	-4.928208	3.598556
-14.461597	2.299533	-3.200244	-0.582200	2.092618	1.911524	2.747650	-4.936723	3.597882
13.784313	2.928562	-3.867156	0.442904	1.305514	1.773227	1.912515	-5.109274	3.584147
8.101152	-3.267362	0.484839	1.056593	0.391487	1.521595	1.079520	-5.279001	3.570491
-13.296998	-3.238687	0.771792	1.071015	0.344985	1.505710	1.036610	-5.287693	3.569788
11.310472	-3.138857	1.059306	1.083534	0.298819	1.489563	0.993746	-5.296371	3.569085
13.022047	3.516294	4.461187	0.965440	-0.478220	1.145786	0.209264	-5.454554	3.556195
-12.914562	0.738456	0.521669	0.272221	-1.067172	0.719660	-0.564997	-5.609875	3.543384
12.960989	-3.626877	-4.629812	-0.524579	-1.409485	0.164258	-1.403905	-5.777974	3.529323
0.287673	-0.101551	-1.729870	-0.713436	-1.364477	-0.467295	-2.220583	-5.942230	3.515364
-13.610164	3.267991	3.828157	-0.384290	-0.981202	-1.186758	-3.045189	-6.109670	3.500879
14.246507	-0.335662	4.000506	0.121622	-0.396838	-1.920723	-3.833999	-6.272488	3.486512
-0.867879	-0.398194	3.886341	0.142808	-0.367514	-1.954565	-3.870025	-6.280009	3.485841
-14.317199	-0.442485	3.764641	0.163450	-0.338193	-1.988284	-3.905935	-6.287514	3.485171
15.046035	-0.706389	0.626735	0.446907	0.182026	-2.586267	-4.552431	-6.424312	3.472829
10.469370	-2.255098	-2.501297	0.538775	0.570777	-3.110085	-5.163414	-6.557327	3.460582
-16.795006	-2.173624	-3.088075	0.369426	0.712229	-3.574697	-5.819915	-6.706074	3.446557
-7.635530	1.569901	0.461536	-0.158368	0.543662	-3.855403	-6.418026	-6.849371	3.432665
17.651064	1.553703	0.645787	-0.185394	0.530013	-3.864282	-6.444436	-6.855927	3.432020
-4.893616	1.501863	0.825891	-0.212164	0.515950	-3.872813	-6.470705	-6.862470	3.431374
-18.189723	-1.357521	2.810943	-0.588252	0.196363	-3.972468	-6.931854	-6.981621	3.419457
18.441821	1.264891	1.550518	-0.572127	-0.173663	-3.976920	-7.340673	-7.096360	3.407646
14.433561	-0.230533	-0.023966	-0.201822	-0.546204	-3.893220	-7.743586	-7.222909	3.394172
-17.721480	-1.422513	-1.946759	0.314764	-0.784194	-3.744416	-8.072212	-7.343199	3.380847
17.678762	-1.277385	-2.073449	0.338680	-0.790870	-3.736298	-8.085813	-7.348682	3.380226
14.649823	-1.118325	-2.201646	0.362396	-0.797093	-3.728094	-8.099262	-7.354154	3.379605
-15.125594	1.997437	-3.865280	0.864105	-0.614391	-3.323925	-8.513642	-7.564739	3.354585
-5.614539	-2.747946	3.898060	-0.037856	0.405087	-2.789050	-8.679866	-7.750070	3.330154
12.650294	-1.928299	4.073980	-0.069160	0.435586	-2.774740	-8.681018	-7.754268	3.329565
-6.130918	-1.036429	4.243367	-0.100524	0.466173	-2.760385	-8.682036	-7.758451	3.328976
-12.571116	-0.046400	4.419014	-0.134684	0.499535	-2.744716	-8.682992	-7.762983	3.328336
12.532350	0.885077	4.584258	-0.168825	0.532946	-2.729004	-8.683791	-7.767494	3.327696
-1.689254	3.129510	4.887509	-0.661822	1.035939	-2.485101	-8.677000	-7.833591	3.318049
-12.103314	-2.826398	-0.129125	-1.012476	1.488812	-2.233801	-8.635857	-7.895221	3.308504
12.477994	-3.707300	-5.236155	-0.999040	1.923228	-1.903862	-8.534002	-7.968380	3.296282
6.911972	3.797584	0.387785	-0.348683	2.164259	-1.577891	-8.380487	-8.033930	3.284239
-7.842812	3.894383	0.737230	-0.308617	2.170808	-1.562566	-8.371912	-8.036874	3.283667
-13.311849	3.929599	1.077650	-0.268229	2.176900	-1.547261	-8.363221	-8.039802	3.283096
14.172077	-2.193836	5.162996	0.437232	2.203497	-1.273022	-8.186616	-8.089993	3.272797
-9.162007	-4.028558	4.721627	0.871804	2.057721	-1.000376	-7.975968	-8.134523	3.262640
-16.103001	1.913574	-0.842088	0.944182	1.657598	-0.679291	-7.693708	-8.178886	3.251108
16.878648	3.812067	-4.386183	0.634132	1.018926	-0.343288	-7.372463	-8.215830	3.239771
1.108822	3.549253	-4.362410	0.611223	0.983737	-0.327004	-7.356381	-8.217393	3.239241
-16.933936	3.264672	-4.316855	0.587636	0.948151	-0.310682	-7.340220	-8.218939	3.238710
17.279235	-1.524476	-1.026174	0.079240	0.236714	-0.005912	-7.031514	-8.244300	3.229106
8.333376	-3.422753	2.723045	-0.427747	-0.561321	0.311572	-6.698675	-8.264221	3.219653
-17.222135	-0.863041	3.606294	-0.728085	-1.539210	0.696547	-6.284643	-8.280581	3.208866
-7.844389	2.778727	1.400282	-0.509765	-2.503766	1.099258	-5.844326	-8.289709	3.198291
16.865683	2.854546	1.251275	-0.489437	-2.548226	1.118994	-5.822637	-8.289966	3.197790
-1.969681	2.914512	1.100256	-0.468503	-2.592456	1.138772	-5.800896	-8.290206	3.197290
-16.466924	1.666378	-1.669359	-0.031396	-3.340507	1.503560	-5.400489	-8.291725	3.188352
16.083327	-1.664286	-3.572989	0.362660	-3.961247	1.888899	-4.985419	-8.287938	3.179579
13.425588	-2.418999	-3.324553	0.530866	-4.455691	2.369468	-4.489954	-8.276991	3.169639
-15.545860	-0.984638	-0.788628	0.402709	-4.666571	2.898266	-3.981164	-8.259053	3.159924
10.535757	-0.912517	-0.646953	0.392241	-4.669256	2.922267	-3.959047	-8.258126	3.159511
15.542826	-0.831167	-0.503432	0.381441	-4.671426	2.946399	-3.936896	-8.257185	3.159099
-15.620458	2.306625	2.579418	0.113840	-4.606725	3.454477	-3.487585	-8.235535	3.150887
-9.157972	1.526828	5.005282	-0.181989	-4.339491	3.996789	-3.033190	-8.208724	3.142848
16.198009	-1.946539	4.117669	-0.439390	-3.789426	4.650859	-2.504012	-8.171314	3.133762
6.075344	-2.564600	-0.824263	-0.524327	-3.014274	5.315432	-1.974335	-8.127099	3.124910
-16.552049	-2.336235	-1.144022	-0.523780	-2.973033	5.346728	-1.949388	-8.124845	3.124498
16.565676	-2.078394	-1.469817	-0.522830	-2.931391	5.378023	-1.924433	-8.122575	3.124087
-1.508008	2.744169	-6.691455	-0.437450	-2.113060	5.942110	-1.471438	-8.078603	3.116682
-16.898492	1.749262	-6.210224	-0.242247	-1.201580	6.486578	-1.022959	-8.029676	3.109453
16.990814	-3.148015	0.994660	0.036645	-0.063028	7.079340	-0.509718	-7.966566	3.101265
-2.163322	3.349213	7.926500	0.258758	1.115209	7.610211	-0.008910	-7.896855	3.093321
-17.043029	3.351667	7.970583	0.265876	1.171247	7.633513	0.014458	-7.893388	3.092951
-15.770705	3.279206	7.974802	0.272593	1.227300	7.656646	0.037806	-7.889905	3.092581
17.053845	-3.486608	3.199825	0.338749	2.234028	8.041701	0.454337	-7.824222	3.085968
3.086267	-1.938586	-4.112765	0.371980	3.203006	8.353614	0.856792	-7.753744	3.079537
-16.888432	3.624406	-8.175456	0.509570	4.242241	8.608170	1.303803	-7.665895	3.072298
16.620140	-2.237308	-1.908654	0.847447	5.144447	8.728838	1.725527	-7.571680	3.065310
16.255790	-2.737536	-1.386428	0.870835	5.192255	8.731362	1.749471	-7.565942	3.064907
-16.577353	-3.198504	-0.865934	0.894327	5.239420	8.733355	1.773315	-7.560182	3.064504
16.196928	-3.606682	5.430074	1.218556	5.844516	8.699923	2.107240	-7.474334	3.058777
7.806663	0.855092	7.284025	1.418567	6.284192	8.540825	2.419578	-7.383947	3.053235
-15.087950	3.507547	3.530997	1.369648	6.553259	8.175625	2.758318	-7.272192	3.046971
-0.759079	-2.992955	-1.324193	1.079910	6.536122	7.601122	3.067839	-7.154295	3.040965
14.419946	-3.232393	-1.503410	1.060835	6.528355	7.568004	3.082094	-7.148430	3.040681
-3.469829	-3.440999	-1.673902	1.041339	6.519981	7.534428	3.096273	-7.142556	3.040398
-13.903422	-2.420032	-3.471045	0.624140	6.271497	6.859169	3.337790	-7.035445	3.035448
13.536191	3.350421	-4.002660	0.086283	5.846903	6.051587	3.558169	-6.923844	3.030693
4.825958	1.550418	-4.373950	-0.667484	5.156119	4.973523	3.787726	-6.788761	3.025423
-13.524928	-3.139616	-4.004530	-1.506322	4.278152	3.772205	3.989526	-6.647739	3.020419
9.134083	-3.221066	-3.955190	-1.545076	4.232813	3.713310	3.998319	-6.640978	3.020191
13.563855	-3.267311	-3.902395	-1.583582	4.187153	3.654249	4.007046	-6.634208	3.019964
-14.096510	0.881759	-2.423514	-2.220424	3.288461	2.535601	4.156857	-6.507413	3.015888
-8.146936	3.207927	-0.497310	-2.614388	2.289588	1.368167	4.286593	-6.376282	3.012014
15.878072	0.957527	1.333126	-2.580614	1.047454	-0.000868	4.410539	-6.221230	3.007837
-2.226523	-3.131586	1.898201	-1.842485	-0.274243	-1.380785	4.508973	-6.060614	3.003928
-17.630859	-2.143216	0.797910	-0.411556	-1.595618	-2.721578	4.581268	-5.897227	3.000345
18.026977	3.041674	-0.734973	1.280453	-2.858338	-4.018741	4.629567	-5.728568	2.997024
0.151903	2.933941	-0.791696	1.362277	-2.918483	-4.082352	4.631368	-5.719946	2.996864
-18.039930	2.780807	-0.845002	1.443261	-2.978209	-4.145781	4.633110	-5.711310	2.996705
17.921727	-2.050417	-1.244334	2.735443	-4.001697	-5.288476	4.654673	-5.548254	2.993862
15.180126	-2.956194	-0.670785	3.447961	-4.818872	-6.345145	4.655844	-5.380673	2.991253
-17.432168	-2.885424	-0.622130	3.465479	-4.853297	-6.395364	4.655373	-5.372170	2.991129
-7.926120	-2.807322	-0.571984	3.481161	-4.887055	-6.445309	4.654851	-5.363656	2.991005
16.752557	-0.172620	0.495243	3.418632	-5.403789	-7.342543	4.635313	-5.199021	2.988756
-16.039248	2.916189	1.144737	2.643240	-5.683262	-8.120165	4.597789	-5.030412	2.986723
-13.649870	1.722438	0.592592	0.952627	-5.721172	-8.842356	4.532764	-4.831558	2.984651
14.739943	-2.256866	-0.571541	-1.090278	-5.463680	-9.354283	4.444886	-4.627820	2.982871
0.083664	-2.302180	-0.621344	-1.184500	-5.444326	-9.372863	4.440211	-4.618145	2.982794
-14.705969	-2.336866	-0.669797	-1.278147	-5.424301	-9.390959	4.435483	-4.608454	2.982719
12.020228	-3.063824	-1.165705	-2.816525	-4.931907	-9.637448	4.339300	-4.427453	2.981434
14.598840	-1.975628	-0.644789	-3.778300	-4.195609	-9.721061	4.226681	-4.243070	2.980372
-14.869640	3.585342	0.470936	-4.080286	-3.046338	-9.623556	4.077059	-4.026687	2.979425
-11.521361	3.615688	1.059101	-3.547116	-1.668495	-9.327833	3.906894	-3.806204	2.978776
15.289738	3.232504	1.054860	-3.498440	-1.594793	-9.307749	3.897747	-3.794919	2.978751
-0.335301	2.801667	1.046379	-3.447693	-1.520838	-9.287185	3.888553	-3.783625	2.978727
-15.688168	-3.913970	0.249120	-2.309647	-0.233614	-8.862603	3.724133	-3.589026	2.978435
16.025854	4.222153	-1.009093	-0.867058	1.040923	-8.304848	3.546888	-3.391651	2.978370
2.293797	2.543236	0.016537	0.824951	2.389857	-7.504376	3.327884	-3.160484	2.978581
-16.323095	-4.753424	1.205821	2.308919	3.487122	-6.546537	3.095297	-2.926014	2.979099
14.074914	-4.892737	1.198864	2.367291	3.528482	-6.500003	3.084563	-2.915410	2.979129
16.311848	-4.985575	1.183821	2.424796	3.569070	-6.453174	3.073806	-2.904800	2.979160
-16.076991	0.849402	-0.253788	3.351587	4.185983	-5.491277	2.861494	-2.698500	2.979885
-5.993963	5.423934	-1.779377	3.883410	4.427546	-4.426704	2.641848	-2.490143	2.980845
14.944434	0.425462	-0.796090	3.996687	4.134468	-3.082165	2.381066	-2.247516	2.982246
-1.786583	-5.465605	1.943579	3.792930	3.167704	-1.635899	2.114373	-2.002867	2.983964
-14.020389	-4.975922	2.085995	3.776771	3.104066	-1.561972	2.101005	-1.990665	2.984058
13.972403	-4.377766	2.226090	3.760091	3.039167	-1.487926	2.087636	-1.978467	2.984152
6.297587	5.271018	3.155495	3.381863	1.741206	-0.182706	1.854329	-1.766116	2.985917
-12.650550	3.123486	-0.550637	2.768179	0.245644	1.136895	1.619652	-1.552833	2.987920
14.885744	-4.595904	-3.645365	1.380981	-1.490070	2.638180	1.348076	-1.305148	2.990539
14.903070	-0.653934	1.083220	-0.901153	-2.958441	4.062095	1.078497	-1.056932	2.993481
-15.036681	0.405250	1.344288	-1.009603	-3.014051	4.123963	1.066359	-1.045675	2.993622
-0.843474	1.378156	1.598151	-1.117369	-3.068500	4.185563	1.054229	-1.034418	2.993764
18.446317	3.838356	3.163661	-2.858102	-3.852180	5.307282	0.824071	-0.819053	2.996605
6.295371	-3.625510	-2.529477	-3.132223	-4.033044	6.304465	0.598433	-0.603848	2.999693
-26.543120	4.943752	0.698491	2.751326	-1.805949	8.097854	0.090185	-0.096612	3.007988
13.648775	5.190420	-0.570668	-1.239450	2.511319	9.118781	-0.368962	0.406446	3.017691
-0.054889	-2.201770	0.041938	-1.436285	2.591830	9.132220	-0.377932	0.416920	3.017909
-12.540634	-5.286657	0.514334	-1.631108	2.671067	9.145341	-0.386874	0.427392	3.018128
11.896190	-0.467323	0.686023	-1.842597	2.759060	9.159798	-0.396954	0.439233	3.018377
9.956425	5.398528	0.443543	-2.038143	2.845207	9.173848	-0.406996	0.451071	3.018626
-10.637813	4.131447	-0.123383	-2.204158	2.925274	9.186827	-0.416507	0.462319	3.018863
10.042888	-5.506511	-0.824699	-2.346136	3.003420	9.199431	-0.425977	0.473557	3.019102
-0.017615	7.452703	3.204167	2.152542	4.431121	9.413553	-0.746998	0.881751	3.028300
5.947013	-8.796488	-5.364186	-0.254989	3.170816	9.170760	-1.015465	1.284673	3.038473
-6.235819	-0.178776	-5.073091	-0.383560	3.110867	9.157985	-1.022180	1.295785	3.038770
6.528413	8.319500	-4.718576	-0.509282	3.050075	9.144891	-1.028859	1.306899	3.039068
-15.779460	9.049190	6.075192	-2.112921	1.770872	8.830847	-1.150908	1.521804	3.045002
-17.420951	-8.863957	3.359054	-1.709120	0.490916	8.409783	-1.258674	1.734689	3.051226
17.609830	-8.033144	2.825410	-1.649957	0.427145	8.384924	-1.263942	1.745796	3.051560
12.146726	-7.138458	2.268666	-1.588666	0.363834	8.359798	-1.269173	1.756896	3.051896
-19.638203	8.290223	-6.522249	-0.359531	-0.706747	7.858740	-1.357705	1.957389	3.058122
-10.744423	2.849232	-1.649244	0.478469	-1.639320	7.278284	-1.434344	2.155762	3.064615
17.424525	-6.509687	6.808398	1.067964	-2.568091	6.518809	-1.508784	2.382335	3.072456
-7.079285	4.830051	0.622273	1.656784	-3.361652	5.676772	-1.568769	2.605716	3.080656
-14.937454	5.129477	0.199628	1.684885	-3.394837	5.636864	-1.571157	2.615760	3.081036
14.840649	5.363714	-0.215770	1.713069	-3.427801	5.596814	-1.573518	2.625797	3.081417
8.039707	4.660661	-6.156940	2.261702	-4.019294	4.804748	-1.613400	2.816477	3.088848
-12.574651	-0.547771	-7.922042	2.804649	-4.548115	3.969247	-1.643594	3.004509	3.096552
9.342112	-3.118774	-5.759489	3.356634	-5.100368	2.966997	-1.666992	3.217011	3.105737
13.662167	2.091256	-3.139110	3.684509	-5.618830	1.930930	-1.679106	3.425710	3.115286
-13.736767	2.392138	-2.912620	3.691453	-5.642516	1.882209	-1.679408	3.435306	3.115739
-8.806582	2.660205	-2.668851	3.697524	-5.666172	1.833475	-1.679687	3.444886	3.116192
15.588196	2.031333	4.014060	3.628321	-6.109903	0.913275	-1.680862	3.622883	3.124825
-13.100833	-2.484131	9.465066	3.128677	-6.560020	-0.013940	-1.674700	3.797779	3.133737
-19.996070	-0.920076	7.291936	1.943697	-7.080892	-1.080297	-1.659196	3.995329	3.144353
21.500539	2.801949	-1.291895	0.399480	-7.598287	-2.132511	-1.635469	4.188490	3.155344
15.501588	2.460838	-1.758918	0.326233	-7.621923	-2.180364	-1.634194	4.197267	3.155858
-21.576674	2.084096	-2.227156	0.253092	-7.645541	-2.228159	-1.632902	4.206035	3.156374
21.725257	-3.004232	-8.920514	-1.056259	-8.086809	-3.116819	-1.605739	4.369502	3.166239
13.675901	-1.570502	-6.490670	-2.124608	-8.518324	-3.976281	-1.573590	4.529442	3.176389
-19.347744	3.323380	2.087355	-3.160425	-9.000791	-4.922535	-1.530916	4.709779	3.188476
-4.259965	3.326403	6.367163	-4.189152	-9.461172	-5.806206	-1.483108	4.885128	3.200947
17.091033	3.075852	6.305470	-4.237768	-9.480905	-5.843567	-1.480892	4.892749	3.201506
-6.023974	2.796878	6.218511	-4.286690	-9.500573	-5.880754	-1.478670	4.900356	3.202066
-15.006096	-3.275812	1.651395	-5.217994	-9.874995	-6.578679	-1.433505	5.047492	3.213194
13.202816	0.309999	-2.259304	-5.752804	-10.225779	-7.211273	-1.385693	5.190675	3.224614
3.849679	2.969932	-2.978278	-5.232308	-10.586931	-7.849180	-1.327941	5.350812	3.238150
-11.173220	-2.076274	0.024591	-3.035735	-10.856377	-8.376657	-1.268183	5.505406	3.252077
11.179974	-2.427078	0.166586	-2.899401	-10.866191	-8.398112	-1.265392	5.512400	3.252729
10.401285	-2.741324	0.303214	-2.760493	-10.875766	-8.419304	-1.262599	5.519381	3.253382
-8.039999	-2.199138	1.240880	0.247234	-11.009515	-8.767707	-1.209715	5.648387	3.265810
-13.089099	2.444034	-0.858892	3.449216	-11.048109	-9.017546	-1.156520	5.773002	3.278535
14.713940	-0.157040	-0.381402	5.631369	-10.956097	-9.181361	-1.095385	5.911361	3.293607
-14.689269	-2.342058	0.856499	5.872169	-10.698073	-9.217484	-1.035300	6.043583	3.309080
-15.930685	-2.162531	0.847926	5.839795	-10.682738	-9.216244	-1.032631	6.049378	3.309785
15.960749	-1.954110	0.831059	5.803897	-10.667087	-9.214763	-1.029963	6.055164	3.310491
-1.860329	1.075351	-0.404152	4.586787	-10.306028	-9.140482	-0.979126	6.164093	3.324248
-15.692097	2.525405	-1.403456	2.927166	-9.832263	-8.983114	-0.929323	6.268198	3.338309
13.631865	-0.618160	0.019599	0.013436	-8.275722	-8.316450	-0.815997	6.493901	3.372660
10.437359	-3.577921	2.507251	-1.812178	-6.060403	-7.295173	-0.708299	6.690942	3.408726
-11.411268	-2.263408	2.521036	-1.849941	-6.000971	-7.268567	-0.705928	6.695056	3.409561
-12.777880	-0.843163	2.530923	-1.887793	-5.941033	-7.241802	-0.703558	6.699157	3.410398
12.802000	0.679373	2.536222	-1.927224	-5.878232	-7.213831	-0.701098	6.703404	3.411269
4.360184	2.001396	2.535578	-1.966776	-5.814879	-7.185691	-0.698640	6.707636	3.412141
-12.858524	3.010169	2.527846	-2.007205	-5.749712	-7.156825	-0.696135	6.711937	3.413032
12.891031	3.663077	2.511968	-2.047690	-5.683961	-7.127786	-0.693632	6.716224	3.413925
10.686786	-3.601596	-1.253102	-3.287146	-3.074488	-6.046545	-0.609816	6.852407	3.445097
-17.545914	-4.537470	-2.294290	-3.766637	0.315566	-4.825083	-0.529693	6.967475	3.477453
17.591383	-3.583251	-2.158923	-3.764937	0.425558	-4.788127	-0.527432	6.970479	3.478406
17.291088	-2.628775	-2.012201	-3.762315	0.536214	-4.751091	-0.525174	6.973464	3.479359
-18.073422	4.718066	1.291121	-3.581063	2.709075	-4.044806	-0.483514	7.025912	3.497376
-6.327588	-4.800875	1.732001	-3.280784	5.011903	-3.317091	-0.442907	7.071860	3.515744
17.909409	-4.843376	1.656221	-3.265908	5.130261	-3.279773	-0.440878	7.074013	3.516684
0.757287	-4.776742	1.571917	-3.251217	5.248769	-3.242393	-0.438850	7.076151	3.517626
-17.348973	4.924110	-0.588691	-3.018044	7.478514	-2.532267	-0.401142	7.113221	3.535533
16.629075	1.935523	-1.163086	-2.892817	9.644505	-1.814967	-0.364382	7.144151	3.553764
2.637135	-4.018401	-0.041383	-2.845364	11.946615	-0.988679	-0.323270	7.171999	3.575130
-15.142926	-5.007759	0.822632	-2.537787	13.923641	-0.169248	-0.283391	7.191446	3.596927
14.648973	-4.901587	0.811841	-2.509624	14.005666	-0.131391	-0.281563	7.192144	3.597953
15.101596	-4.771151	0.794873	-2.479957	14.086641	-0.093593	-0.279739	7.192824	3.598979
-9.713555	1.201659	-0.216818	-1.698773	15.402610	0.606831	-0.246066	7.202106	3.618373
-14.916756	5.006501	-0.949137	-0.703148	16.279070	1.288984	-0.213315	7.204777	3.638099
15.140350	1.146140	0.297911	0.287119	16.633659	2.008463	-0.178485	7.199997	3.660090
-15.455034	-5.028031	1.539674	0.889761	16.244279	2.693229	-0.144742	7.187034	3.682480
15.775103	5.063491	0.280529	0.923278	14.921996	3.377116	-0.110409	7.164422	3.706467
15.633018	2.752977	-2.397417	0.569523	12.672004	4.024863	-0.077260	7.132461	3.730893
-15.995677	2.280164	-2.496143	0.548237	12.551669	4.053073	-0.075801	7.130807	3.731998
5.887689	1.787899	-2.590068	0.526631	12.429884	4.081193	-0.074346	7.129135	3.733104
16.030322	-5.193030	-2.987425	0.070399	9.822497	4.606775	-0.046901	7.093372	3.754466
-15.896923	2.732208	-0.043809	-0.388212	6.778773	5.107067	-0.020315	7.050503	3.776145
-10.079786	5.388928	3.851384	-0.744148	2.832967	5.659983	0.009604	6.991382	3.801853
14.911092	-0.380469	3.768631	-0.647475	-1.350517	6.180230	0.038114	6.922561	3.827984
-11.753852	-0.762170	3.678989	-0.632784	-1.536476	6.202345	0.039329	6.919317	3.829141
-14.846322	-1.135176	3.583835	-0.617302	-1.722472	6.224399	0.040542	6.916056	3.830299
14.159389	-4.689415	0.903494	-0.173075	-5.350857	6.645199	0.063674	6.848276	3.853203
9.506828	-5.797586	-2.240853	0.464767	-8.820905	7.043085	0.085397	6.773445	3.876412
-13.210682	-3.449969	-4.520453	1.291361	-12.396205	7.473449	0.108449	6.678690	3.903498
13.624673	5.159862	-3.800908	1.992959	-15.261396	7.875224	0.129182	6.574801	3.930981
12.323712	5.682485	-3.662546	2.017340	-15.380014	7.894428	0.130146	6.569411	3.932354
-13.718743	6.161585	-3.513179	2.040311	-15.496221	7.913576	0.131105	6.563996	3.933730
-11.842514	3.268080	0.285609	2.146355	-17.092751	8.236510	0.146742	6.466072	3.957856
16.561505	-6.479373	3.816074	1.515786	-17.822388	8.539440	0.160223	6.361535	3.982271
0.542346	-5.185186	3.734022	-0.188259	-17.707629	8.867374	0.172866	6.232237	4.010935
-20.081442	4.397262	0.806273	-2.485919	-16.847254	9.174447	0.181972	6.094437	4.039978
20.132101	4.827805	0.655885	-2.589941	-16.794915	9.188053	0.182299	6.087904	4.041322
0.895793	5.225999	0.506522	-2.693013	-16.741654	9.201621	0.182619	6.081348	4.042667
-20.732256	6.991615	-1.803520	-4.304406	-15.606837	9.448324	0.187035	5.954527	4.068181
20.734837	1.717129	-2.472144	-4.833919	-14.341947	9.676567	0.188233	5.821682	4.093970
17.224538	-7.238111	-1.109082	-3.666684	-12.888449	9.913743	0.185293	5.661846	4.123937
-19.943333	-5.723731	1.997990	-0.950832	-11.484225	10.121587	0.177344	5.494571	4.154259
-6.454123	-5.082592	2.126343	-0.794673	-11.420078	10.130559	0.176842	5.486558	4.155688
19.915696	-4.393620	2.249305	-0.636252	-11.356055	10.139466	0.176328	5.478525	4.157119
-19.803893	7.381823	2.910930	2.620166	-10.203402	10.291349	0.164587	5.326928	4.183754
-7.986277	1.644858	-0.347199	6.039584	-9.124890	10.417200	0.148456	5.170149	4.210647
20.253815	-7.369718	-4.324408	8.415103	-8.011095	10.526325	0.124479	4.986120	4.241487
2.082866	3.253042	-3.705698	7.756897	-7.006696	10.596957	0.094276	4.795913	4.272653
-20.989792	7.169871	0.038858	4.622613	-6.003130	10.625782	0.058490	4.601478	4.303871
16.207031	-6.996304	4.505977	0.064556	-4.902019	10.610145	0.017443	4.401493	4.335401
21.024517	-6.704410	4.737613	-0.175391	-4.844567	10.608187	0.015320	4.391614	4.336944
-11.792985	-6.237237	4.970579	-0.416082	-4.786695	10.606115	0.013186	4.381722	4.338489
-20.457737	6.775056	9.061603	-5.001196	-3.585925	10.543882	-0.029694	4.189977	4.368197
18.961383	-4.456203	9.754529	-9.011753	-2.166750	10.436843	-0.076067	3.993880	4.398165
-6.835001	-5.560816	9.602811	-9.185905	-2.089172	10.430283	-0.078462	3.983993	4.399666
-18.742635	-6.532185	9.427756	-9.357098	-2.010892	10.423603	-0.080864	3.974095	4.401167
16.054872	6.323552	2.796233	-11.930394	-0.365253	10.272257	-0.128222	3.782543	4.430055
7.933631	5.831137	-5.417499	-12.685956	1.594137	10.074746	-0.177833	3.587417	4.459173
-9.302094	-5.953487	-11.107545	-10.357232	4.237599	9.788157	-0.236957	3.359430	4.492853
-0.903058	3.626636	-5.802743	-4.057775	7.101540	9.433878	-0.297820	3.127266	4.526827
7.136988	4.516760	-5.369479	-3.708986	7.232397	9.416156	-0.300609	3.116648	4.528373
-7.096907	5.408963	-4.926935	-3.357172	7.363063	9.398299	-0.303399	3.106030	4.529920
-6.038121	5.765980	4.254691	3.688566	9.831928	9.024321	-0.357590	2.899519	4.559887
8.568112	-5.764193	9.822080	9.857214	12.080475	8.593026	-0.412125	2.690244	4.590069
0.778887	-3.224180	4.527380	13.771831	14.162115	8.025523	-0.474436	2.447432	4.624894
-12.201517	5.755278	-5.478818	13.871347	15.468302	7.375843	-0.535968	2.201508	4.659994
12.243555	5.896561	-5.793385	13.781720	15.506044	7.343413	-0.538813	2.189945	4.661641
6.397579	5.914578	-6.080602	13.683584	15.541545	7.310795	-0.541655	2.178375	4.663288
-12.428906	-5.764117	-6.723912	10.249399	15.816457	6.670989	-0.593783	1.962385	4.693996
9.117607	-6.077386	-0.789413	4.023179	15.441974	5.968517	-0.644350	1.744473	4.724903
10.674257	5.845565	4.875816	-3.899024	14.350122	5.087293	-0.700249	1.490640	4.760843
-9.798627	6.123717	1.720542	-9.652163	12.717403	4.141706	-0.752830	1.234773	4.797038
-6.261130	5.355792	1.433261	-9.841160	12.634225	4.097939	-0.755101	1.223247	4.798668
9.754893	4.556297	1.140249	-10.024076	12.550267	4.054035	-0.757366	1.211710	4.800300
-1.755580	-6.044659	-3.574170	-12.297503	10.801458	3.183230	-0.799588	0.987384	4.832035
-10.201383	-6.025768	-1.917802	-12.304408	8.900781	2.280095	-0.838309	0.761947	4.863955
11.275726	5.684636	2.982182	-11.165291	6.662378	1.217166	-0.877731	0.503052	4.900675
8.605127	-4.952872	2.357724	-10.253672	4.389583	0.132337	-0.911352	0.243213	4.937630
-12.737734	-5.210976	2.193160	-10.217077	4.281380	0.080622	-0.912788	0.230893	4.939385
10.595477	-5.377053	2.019839	-10.180650	4.173135	0.028883	-0.914211	0.218572	4.941141
14.119015	0.976002	-1.802034	-9.472772	2.174363	-0.926480	-0.937712	-0.008500	4.973556
-15.384709	4.821105	-3.306918	-8.458302	0.171168	-1.882170	-0.955828	-0.235865	5.006140
-3.562566	-0.603460	1.302136	-6.502976	-2.127346	-2.973111	-0.969448	-0.497665	5.043847
17.648378	-4.222383	4.647214	-3.398420	-4.404438	-4.043945	-0.974700	-0.759331	5.081769
-8.169668	-4.100607	4.600110	-3.215333	-4.513109	-4.094726	-0.974730	-0.771902	5.083597
-17.722618	-3.946144	4.527931	-3.029104	-4.621681	-4.145434	-0.974739	-0.784471	5.085426
18.202800	1.281765	0.387586	0.680014	-6.551639	-5.048871	-0.971206	-1.011691	5.118598
-3.544839	3.835580	-4.777194	4.319740	-8.354785	-5.920666	-0.960362	-1.238371	5.151924
-17.807433	1.240467	-8.064717	7.076780	-10.162495	-6.871333	-0.938407	-1.497182	5.190292
16.611720	-3.563354	-6.170817	7.190742	-11.629243	-7.760073	-0.905683	-1.754710	5.228852
9.554224	-3.636502	-5.929531	7.128354	-11.689436	-7.800543	-0.903851	-1.766899	5.230687
-16.457826	-3.673392	-5.674196	7.060185	-11.748730	-7.840848	-0.901994	-1.779085	5.232523
-1.793387	1.021717	0.875847	4.955335	-12.674687	-8.548851	-0.863322	-2.001724	5.266241
12.928928	3.782742	8.632774	1.819070	-13.290091	-9.193765	-0.815594	-2.222906	5.300097
-9.221284	-3.943177	12.953721	-2.024102	-13.603682	-9.851941	-0.748532	-2.476775	5.339443
-10.120256	3.739766	3.774276	-5.054462	-13.478680	-10.403514	-0.668188	-2.728073	5.378964
10.109134	3.990887	3.148675	-5.151239	-13.462716	-10.425444	-0.664269	-2.739263	5.380738
-2.880503	4.194961	2.513575	-5.243763	-13.445848	-10.447137	-0.660320	-2.750454	5.382513
-10.512164	1.554008	-9.576905	-6.014775	-12.941153	-10.816356	-0.578239	-2.965975	5.416962
11.829057	-4.771258	-13.615319	-4.264387	-12.071556	-11.086816	-0.485225	-3.179089	5.451534
-20.841350	5.774678	11.405243	6.250714	-7.994842	-11.316628	-0.221626	-3.668600	5.533133
-21.313824	-2.711123	-7.159729	4.942909	-0.657195	-10.943801	0.106438	-4.141095	5.615351
-17.876495	-5.647359	-7.312998	4.745910	-0.464799	-10.927459	0.114785	-4.151902	5.617277
21.443249	-7.292846	-7.414618	4.542887	-0.272105	-10.910757	0.123160	-4.162698	5.619204
-7.718412	-6.088258	-7.462525	4.333683	-0.078922	-10.893673	0.131574	-4.173497	5.621134
-21.559979	-2.300933	-7.456562	4.118843	0.114327	-10.876238	0.140011	-4.184278	5.623062
21.610901	2.829703	-7.399408	3.903776	0.303145	-10.858864	0.148275	-4.194794	5.624946
-0.578470	7.452730	-7.292143	3.683762	0.492036	-10.841144	0.156566	-4.205300	5.626830
-21.844581	7.025240	-1.461980	0.108386	3.235816	-10.541137	0.281036	-4.358115	5.654481
21.219488	-8.701748	5.346889	-3.372110	5.815961	-10.164320	0.410561	-4.508588	5.682193
21.125680	-1.338621	0.559160	-6.616279	8.888183	-9.503143	0.599418	-4.715259	5.721107
-17.117794	10.435787	-5.443493	-8.171396	11.182583	-8.680798	0.795562	-4.916953	5.760134
-5.386493	2.104453	2.553614	-8.393093	12.678715	-7.636532	1.007800	-5.123250	5.801251
14.371131	-11.108638	10.026557	-6.232050	13.157952	-6.400506	1.224611	-5.323555	5.842482
-7.556772	-11.448847	10.038831	-6.056166	13.153717	-6.339700	1.234538	-5.332506	5.844357
-14.406747	-11.753102	10.011166	-5.872983	13.147135	-6.278527	1.244464	-5.341438	5.846232
15.725380	-9.250945	3.371424	-1.342737	12.565298	-5.043657	1.433779	-5.508562	5.881862
-5.015678	8.432913	-9.184218	3.923321	11.079234	-3.686229	1.623902	-5.670853	5.917569
-24.174682	11.616868	-20.824861	8.509978	8.173221	-2.005226	1.843292	-5.852296	5.958954
24.384941	-10.873623	-16.706247	9.408672	3.974562	-0.254740	2.060485	-6.026802	6.000432
31.446270	-10.233850	-15.593230	9.358845	3.734940	-0.166958	2.071178	-6.035280	6.002493
-4.493768	-9.290754	-14.376528	9.300970	3.492799	-0.079194	2.081855	-6.043735	6.004553
-38.222720	9.813670	14.379925	7.045488	-1.004018	1.441612	2.265156	-6.187462	6.040307
-15.331229	8.039571	29.551459	2.532120	-5.630550	2.938301	2.444283	-6.325690	6.076124
46.718149	-5.827196	-30.146473	-9.008452	-13.432080	6.207288	2.847065	-6.631461	6.161563
-20.207137	-0.773667	0.352080	0.006858	-11.991981	8.762298	3.204736	-6.902943	6.247286
19.039226	4.164758	2.777926	0.351958	-11.851167	8.814432	3.212818	-6.909155	6.249393
-5.522668	2.960840	5.261577	0.695160	-11.706334	8.866007	3.220858	-6.915342	6.251498
-16.783332	-1.050914	7.481836	0.999524	-11.573695	8.911578	3.228002	-6.920843	6.253377
10.587645	-4.141952	9.642165	1.301944	-11.437795	8.956758	3.235120	-6.926331	6.255258
14.542883	-3.016075	11.913767	1.637834	-11.281784	9.006887	3.243063	-6.932460	6.257365
-13.398010	4.134044	13.968451	1.969811	-11.122013	9.056453	3.250964	-6.938563	6.259471
-13.180637	-4.248628	21.562942	5.826274	-8.614076	9.674147	3.354118	-7.018977	6.287992
-5.453524	4.591061	11.730058	7.817256	-5.576296	10.190182	3.449843	-7.095251	6.316536
-4.882839	2.868861	-8.162957	7.246256	-0.725589	10.737478	3.571029	-7.195524	6.356782
-3.143752	-6.137725	-10.830291	3.040065	4.298881	11.065203	3.674845	-7.287205	6.397069
1.397428	6.943280	7.637674	-3.421041	8.996288	11.161791	3.762836	-7.373312	6.439065
13.611109	-3.994175	6.452609	-6.495482	12.352258	10.996776	3.828770	-7.449593	6.481092
-13.896005	-6.044363	6.024368	-6.530572	12.466988	10.982292	3.831326	-7.452950	6.483078
16.251318	-7.942696	5.589344	-6.556232	12.577318	10.967192	3.833832	-7.456284	6.485064
17.796189	-7.946955	-1.833267	-5.534204	13.860985	10.577916	3.870823	-7.513600	6.521637
-19.088572	8.068043	-4.070616	-2.472094	13.918700	9.974248	3.890287	-7.563110	6.558228
-2.686096	-1.190929	1.156125	1.815327	12.814437	9.026075	3.890640	-7.610240	6.600344
17.232862	-7.609421	5.459940	5.155871	10.824533	7.840582	3.867210	-7.646848	6.642474
-2.562802	-6.995233	5.440864	5.260251	10.715093	7.779406	3.865515	-7.648319	6.644463
-17.093747	-6.345081	5.394407	5.358649	10.604581	7.717792	3.863767	-7.649767	6.646453
15.948009	0.153942	1.063853	6.231799	8.426331	6.512003	3.822152	-7.672309	6.683038
-0.856440	4.195704	-5.285079	5.825939	6.090630	5.185756	3.762582	-7.687197	6.719624
-14.489560	5.808300	-8.722048	4.843799	3.293191	3.536195	3.671333	-7.695050	6.761920
14.364990	2.746261	-4.504345	4.242725	0.464341	1.799981	3.556079	-7.693067	6.804212
6.400585	2.593091	-4.181146	4.222731	0.341089	1.722690	3.550490	-7.692759	6.806062
-14.377571	2.439999	-3.849773	4.202840	0.217928	1.645312	3.544855	-7.692433	6.807911
0.377657	-0.961165	3.503460	3.768127	-2.193301	0.099716	3.423770	-7.682203	6.844547
15.166379	-3.731610	9.221163	3.037324	-4.516338	-1.452475	3.284655	-7.664898	6.881178
-0.348525	-3.385133	8.749447	1.502785	-7.013216	-3.211111	3.102477	-7.636444	6.923274
-16.061426	2.207177	0.901457	-0.763563	-9.252578	-4.904705	2.896479	-7.599032	6.965357
16.065890	2.451579	0.538819	-0.881007	-9.348066	-4.980326	2.886439	-7.597101	6.967290
2.853212	2.667090	0.187565	-0.999360	-9.442844	-5.055724	2.876350	-7.595152	6.969224
-15.957004	1.746992	-4.231239	-3.371795	-11.095572	-6.437567	2.675554	-7.554727	7.005873
15.620587	-2.332999	-5.207637	-5.836417	-12.440589	-7.711330	2.456674	-7.507813	7.042509
10.631251	0.234943	-3.602779	-8.438457	-13.540771	-9.006565	2.183118	-7.446139	7.084546
-14.885388	2.592462	-0.800193	-10.199025	-14.094460	-10.085597	1.885735	-7.376307	7.126559
-1.265093	2.488642	-0.678735	-10.248627	-14.105723	-10.130120	1.871241	-7.372844	7.128523
14.875872	2.374716	-0.560041	-10.294707	-14.115625	-10.174079	1.856695	-7.369364	7.130488
-5.604514	1.291394	1.063497	-10.473084	-14.056555	-10.882829	1.577348	-7.301669	7.166928
-15.224344	0.795273	1.448665	-9.292514	-13.561065	-11.377169	1.280057	-7.228140	7.203347
15.683710	-1.677855	0.651264	-6.308797	-12.527835	-11.683450	0.913467	-7.135907	7.245480
8.111522	-4.291418	-0.581645	-2.133400	-11.102781	-11.719864	0.522809	-7.036245	7.287582
-16.147312	-4.196871	-0.632621	-1.920411	-11.028431	-11.715269	0.503985	-7.031415	7.289546
16.164545	-4.069564	-0.682321	-1.706196	-10.953418	-11.710123	0.485097	-7.026565	7.291512
8.871292	1.615954	-1.359732	2.364788	-9.469704	-11.518991	0.126983	-6.934168	7.327818
-16.401301	5.193248	-1.559087	6.356032	-7.846663	-11.154597	-0.247313	-6.836545	7.364097
-8.546664	-1.521866	-1.037380	10.300143	-5.883916	-10.534440	-0.698066	-6.717292	7.406024
15.198647	-5.895196	0.860762	12.889717	-3.928900	-9.720838	-1.165224	-6.591441	7.447910
-11.401226	-5.711929	0.993921	12.966350	-3.839755	-9.678568	-1.187336	-6.585422	7.449860
-15.091217	-5.459856	1.130670	13.038545	-3.750863	-9.635925	-1.209478	-6.579388	7.451810
13.907242	6.050377	3.228866	13.482601	-2.154284	-8.780790	-1.624704	-6.465107	7.487927
12.150385	4.514899	2.036278	12.052176	-0.649833	-7.811550	-2.048003	-6.346215	7.524010
-11.316908	-5.964277	-1.786527	8.420341	1.041792	-6.564637	-2.545625	-6.203026	7.565731
8.073722	-4.333718	-4.776910	3.358104	2.701895	-5.203148	-3.048771	-6.054052	7.607403
10.761835	-3.808024	-4.859863	3.082745	2.783584	-5.132953	-3.073837	-6.046511	7.609470
-10.764519	-3.249041	-4.935000	2.805943	2.865161	-5.062573	-3.098894	-6.038961	7.611536
-7.885231	4.146859	-4.957608	-2.202643	4.283357	-3.796804	-3.537942	-5.904676	7.647654
12.412275	5.014898	-2.482207	-7.121690	5.687214	-2.475175	-3.976943	-5.766345	7.683732
0.944502	-1.887224	2.487869	-11.563020	7.292062	-0.900928	-4.480191	-5.602153	7.725241
-16.230948	-3.991872	5.721196	-13.288831	8.901958	0.709102	-4.978077	-5.432983	7.766692
16.322147	-3.695428	5.751462	-13.278294	8.979126	0.785653	-5.001403	-5.424877	7.768647
13.662772	-3.366801	5.767399	-13.258318	9.056431	0.862236	-5.024710	-5.416760	7.770602
-17.959541	3.475819	3.821060	-11.377233	10.469825	2.271413	-5.448989	-5.265867	7.806479
8.085758	1.820590	-0.920117	-7.292492	11.765513	3.677225	-5.865057	-5.111544	7.842309
20.168707	-2.597929	-5.995708	-1.138084	12.913016	5.280553	-6.333360	-4.929055	7.883665
-20.453044	1.813731	-6.591315	4.946408	13.455843	6.840863	-6.785369	-4.742375	7.924954
-11.440371	2.047589	-6.449314	5.187039	13.462121	6.908653	-6.804968	-4.734013	7.926781
20.441173	2.258750	-6.289991	5.424156	13.466725	6.976362	-6.824542	-4.725638	7.928609
-7.927421	1.033376	-0.608623	9.106910	13.192745	8.265496	-7.197548	-4.561129	7.964158
-19.109521	-2.121788	5.817966	10.314379	12.124359	9.489114	-7.554290	-4.393807	7.999653
9.672783	2.304840	6.239570	7.655967	9.787299	10.806171	-7.945622	-4.196211	8.040790
15.852475	-1.026160	-0.685304	1.597243	6.533729	11.989962	-8.309702	-3.995218	8.081850
-15.766317	-1.773059	-1.034230	1.283014	6.365372	12.041600	-8.325988	-3.985754	8.083766
10.754438	-2.503389	-1.375441	0.969248	6.195943	12.092863	-8.342198	-3.976289	8.085680
14.117126	-3.225446	-4.881360	-4.294974	2.903039	12.974302	-8.629035	-3.800480	8.120952
-12.797397	3.844193	-1.206627	-7.271410	-0.551735	13.724077	-8.891533	-3.622462	8.156164
-4.977653	-3.686997	3.141422	-7.207955	-4.482876	14.413028	-9.164570	-3.412171	8.197164
12.168879	-5.674251	2.117012	-3.610960	-7.980755	14.880003	-9.399093	-3.199272	8.238076
1.472370	-4.912747	1.901394	-3.386615	-8.124789	14.895569	-9.408783	-3.189544	8.239932
-12.260084	-4.098061	1.672089	-3.158883	-8.267250	14.910617	-9.418381	-3.179818	8.241786
13.648065	6.668193	-2.298556	1.105313	-10.650266	15.096881	-9.583292	-2.995158	8.276785
4.445050	-1.717649	0.518827	3.483453	-12.337998	15.087319	-9.716110	-2.808832	8.311719
-17.935464	-8.674787	3.532350	3.561777	-13.250326	14.814638	-9.829725	-2.591088	8.352094
3.576648	8.885769	-3.630341	1.628672	-13.049605	14.248044	-9.901149	-2.371420	8.392374
19.504251	9.388042	-4.036237	1.512923	-13.017037	14.214381	-9.903478	-2.361096	8.394256
-19.539223	9.801035	-4.433357	1.396151	-12.982641	14.180067	-9.905719	-2.350761	8.396140
18.682642	-9.236157	-8.603042	-2.111753	-10.552059	12.336379	-9.923306	-1.935954	8.471007
16.634166	-12.497785	10.088872	0.245921	-7.151859	9.698709	-9.806228	-1.515780	8.545522
-16.242130	-9.917103	10.573129	0.337533	-7.051255	9.620006	-9.801373	-1.504601	8.547488
16.198778	-7.293764	11.041872	0.428001	-6.950006	9.540893	-9.796430	-1.493419	8.549453
-15.731029	12.733980	13.016519	1.645917	-4.964329	8.017213	-9.689878	-1.287240	8.585557
-2.424475	-10.238389	-2.309091	1.502201	-2.744426	6.378981	-9.554263	-1.080111	8.621571
14.369600	-11.543641	-3.210706	1.461816	-2.621896	6.289276	-9.546270	-1.069093	8.623479
15.799715	-12.708206	-4.085643	1.418952	-2.499114	6.199374	-9.538203	-1.058080	8.625387
6.935395	-6.913101	-13.728717	0.343141	-0.251456	4.543274	-9.379775	-0.859637	8.659642
-16.656956	12.117447	-10.272173	-0.957250	2.018488	2.826355	-9.196567	-0.660513	8.693811
17.148397	4.428174	3.398335	-2.399399	4.570909	0.790859	-8.954743	-0.429447	8.733226
-2.222226	-10.854432	11.489082	-3.489453	6.930982	-1.268077	-8.681978	-0.197714	8.772523
-17.320072	-10.762877	11.419704	-3.524159	7.027155	-1.357428	-8.669466	-0.187650	8.774224
17.315671	-10.575530	11.305783	-3.557633	7.122732	-1.446763	-8.656898	-0.177585	8.775926
6.954506	9.380761	-9.020313	-3.802879	10.681606	-5.329259	-8.048849	0.266906	8.850696
-14.846379	-8.132933	2.918057	-1.486940	12.798213	-8.985068	-7.340681	0.712414	8.925010
14.816037	-7.478944	3.281282	-1.386686	12.833128	-9.076023	-7.321064	0.723970	8.926931
13.121061	-6.683901	3.623699	-1.284185	12.867030	-9.166773	-7.301384	0.735525	8.928851
-14.759867	-5.862158	3.920937	-1.187657	12.897397	-9.250278	-7.283182	0.746182	8.930622
-2.338556	-4.995238	4.200489	-1.089127	12.926922	-9.333662	-7.264915	0.756846	8.932393
14.391493	7.644389	6.140765	0.878594	13.295013	-10.714009	-6.948768	0.936861	8.962256
-14.449192	0.155738	3.222560	3.332188	13.416105	-12.040179	-6.618320	1.116816	8.992041
-14.460498	-6.715250	-4.425451	7.423654	12.538617	-15.261164	-5.679416	1.592058	9.070437
15.487720	6.215863	3.330860	0.953711	10.128413	-18.022347	-4.654387	2.065333	9.148255
4.480065	0.838806	2.919209	0.716814	10.067020	-18.076082	-4.631554	2.075445	9.149916
-15.544997	-3.621750	2.473092	0.477205	10.005420	-18.129580	-4.608686	2.085555	9.151577
15.578833	-6.178309	1.927253	0.194821	9.933359	-18.191653	-4.581982	2.097340	9.153513
9.468431	-5.717826	1.373517	-0.090221	9.861097	-18.253365	-4.555247	2.109117	9.155447
-15.644543	-3.933264	0.875273	-0.352896	9.794837	-18.309502	-4.530764	2.119881	9.157215
-3.261536	-2.086250	0.398595	-0.617195	9.728405	-18.365367	-4.506241	2.130644	9.158983
16.173738	5.934036	-2.729585	-4.452834	8.744660	-19.152610	-4.142443	2.288185	9.184856
2.999216	-5.709484	-0.550982	-7.598688	7.774778	-19.879403	-3.770689	2.445314	9.210661
-17.487131	1.964049	1.205418	-10.142099	6.538415	-20.785737	-3.241252	2.663037	9.246425
18.229959	5.048561	1.274790	-9.962052	5.529276	-21.565766	-2.698259	2.879782	9.282055
10.140950	-3.751372	-0.726922	-6.604288	4.734685	-22.244512	-2.113049	3.107028	9.319457
-19.388755	-4.484598	-1.096277	-1.831470	4.169498	-22.769123	-1.516472	3.332929	9.356705
10.208944	-3.876115	-1.022899	-1.591338	4.146693	-22.790712	-1.487024	3.343946	9.358524
19.422987	-3.238391	-0.940416	-1.351755	4.124289	-22.811913	-1.457553	3.354959	9.360342
-14.907591	4.332066	1.116376	2.664817	3.787965	-23.120957	-0.935148	3.548310	9.392300
-19.628456	3.442899	1.854201	5.904824	3.535875	-23.305083	-0.407168	3.740463	9.424138
19.436034	-4.336339	-0.366569	8.298305	3.290054	-23.354587	0.235332	3.970474	9.462372
-8.563806	4.176816	-3.275331	9.653614	3.045470	-23.208913	0.882933	4.198482	9.500430
-19.032941	4.390696	-3.283469	9.702613	3.033005	-23.197256	0.913251	4.209068	9.502201
19.010874	4.541197	-3.271547	9.750788	3.020395	-23.185161	0.943577	4.219649	9.503972
8.403283	1.133496	-0.646461	10.456054	2.778910	-22.913917	1.457521	4.397831	9.533852
-18.017223	-5.069752	3.336105	11.006157	2.462235	-22.514826	1.973343	4.574599	9.563621
7.676342	-3.795546	4.824257	11.576757	1.926619	-21.849479	2.605664	4.788664	9.599857
15.807221	2.863101	2.635589	12.105118	1.173129	-20.984422	3.238969	5.000371	9.635922
-15.740741	3.151885	2.475442	12.125834	1.133210	-20.940767	3.267446	5.009830	9.637539
-3.724455	3.443399	2.311285	12.146117	1.092755	-20.896729	3.295904	5.019279	9.639155
14.255565	6.419755	-1.408534	12.429289	0.197705	-19.969331	3.842771	5.199897	9.670143
0.019058	-1.992075	-5.052421	12.403818	-0.934243	-18.886147	4.388885	5.378553	9.700998
-11.077830	-7.269759	-5.646984	11.741852	-2.446631	-17.468120	5.005385	5.578321	9.735764
9.763768	6.556652	-0.331988	10.200103	-4.105354	-15.842084	5.619188	5.775346	9.770355
-8.998493	7.966922	5.232019	7.877333	-5.810100	-14.021919	6.223638	5.967692	9.804447
-6.745588	-6.787925	5.562751	4.880144	-7.497569	-11.991550	6.823622	6.157106	9.838363
8.924051	-7.532966	5.461614	4.710286	-7.581344	-11.882789	6.854005	6.166660	9.840083
7.538142	-8.208018	5.352764	4.538811	-7.664833	-11.773507	6.884374	6.176206	9.841803
-9.601895	-7.715668	2.057296	1.194073	-9.129835	-9.680357	7.438299	6.349732	9.873243
-2.618979	7.283396	-2.891105	-2.238879	-10.420910	-7.421794	7.986759	6.520501	9.904527
11.006981	7.848378	-3.125134	-2.414450	-10.482862	-7.298069	8.015563	6.529442	9.906175
-11.096071	8.348870	-3.351155	-2.589001	-10.544112	-7.173908	8.044349	6.538376	9.907823
-3.165129	-8.137245	-5.377001	-7.997415	-12.278244	-1.889992	9.178053	6.888320	9.973236
18.435265	-6.566565	2.607081	-8.688752	-12.086147	3.891846	10.276888	7.224583	10.037929
0.473228	-4.589587	2.794240	-8.654661	-12.052011	4.029406	10.301899	7.232210	10.039420
-18.480888	-2.577580	2.977789	-8.618732	-12.016413	4.166963	10.326871	7.239825	10.040910
18.502238	-0.325157	3.187112	-8.574489	-11.973044	4.327480	10.355962	7.248694	10.042647
16.012406	1.668679	3.390885	-8.527757	-11.927721	4.488015	10.385004	7.257548	10.044383
-18.388022	7.275521	5.533431	-7.539033	-11.031854	6.888049	10.813862	7.388143	10.070169
-0.815070	-2.103492	5.466340	-6.022959	-9.768488	9.288927	11.235388	7.516296	10.095833
16.594180	-6.506909	3.087990	-3.401504	-7.686863	12.374284	11.771712	7.679157	10.129015
-15.746038	5.589926	0.471318	-0.459221	-5.244623	15.373257	12.293948	7.837672	10.161991
-15.069004	5.806181	0.335914	-0.318561	-5.120954	15.514067	12.318625	7.845163	10.163567
15.703412	5.968467	0.198322	-0.178360	-4.996810	15.654559	12.343266	7.852644	10.165143
1.970924	5.235917	-2.560626	2.210979	-2.692481	18.129974	12.782059	7.985919	10.193511
-16.251474	-0.142895	-5.142963	4.085814	-0.334507	20.467304	13.208827	8.115738	10.221720
17.426687	-4.503999	-5.933044	5.066372	2.326628	22.949230	13.685242	8.261052	10.254052
3.313345	3.699642	-2.924373	4.461773	4.790537	25.154921	14.143834	8.401525	10.286168
-19.018032	3.834631	-2.686550	4.397484	4.902997	25.254099	14.165625	8.408219	10.287722
-6.096381	3.898264	-2.441085	4.330457	5.014689	25.352505	14.187371	8.414901	10.289275
20.480216	-1.414622	2.483580	2.750491	6.859430	26.975585	14.568695	8.532412	10.316963
-3.340797	-2.990054	5.391736	0.736026	8.330315	28.317018	14.935143	8.646085	10.344486
-22.753110	2.545363	2.717626	-1.523525	9.389641	29.471038	15.338065	8.772181	10.375988
23.078110	2.309482	-2.113859	-2.880913	9.572297	30.158350	15.719390	8.892931	10.407265
10.599707	1.826603	-2.318795	-2.909249	9.554381	30.179957	15.738214	8.898936	10.408852
-23.061490	1.334528	-2.515102	-2.932776	9.533613	30.200234	15.756991	8.904929	10.410439
19.765199	-2.043233	-3.876497	-2.517711	8.752286	30.340337	16.066042	9.004280	10.437236
21.525280	-0.449478	-0.804987	-0.634718	7.209879	30.102032	16.357875	9.099453	10.463860
-19.942815	2.345430	2.681162	1.708011	4.668850	29.369452	16.676128	9.204706	10.494586
0.975103	-2.945038	0.436591	2.265102	1.672052	28.172094	16.972985	9.304073	10.525075
18.179914	-2.897645	0.265626	2.240847	1.535249	28.107796	16.985841	9.308398	10.526440
-11.701745	-2.792947	0.095464	2.212561	1.398763	28.042658	16.998648	9.312708	10.527803
-16.845835	3.834873	-2.004010	0.953675	-1.155210	26.620806	17.237286	9.393257	10.553938
15.986175	2.455562	-0.110455	-1.146543	-3.471294	24.890268	17.461622	9.469216	10.579892
12.864956	-6.856316	2.732697	-2.395335	-5.679590	22.500138	17.706600	9.552033	10.609984
-16.645171	-8.003001	-0.005055	-0.471726	-7.085695	19.738728	17.934270	9.628336	10.639826
11.364418	-7.554545	-0.311788	-0.338841	-7.124284	19.602270	17.944416	9.631711	10.641202
16.794143	-7.014720	-0.632199	-0.204829	-7.160198	19.464987	17.954533	9.635073	10.642579
-18.579441	9.640379	-4.953344	2.033274	-7.328993	16.835997	18.133090	9.693849	10.667581
-9.216853	-0.058949	1.194754	2.822854	-6.533900	13.980437	18.300932	9.747788	10.692401
22.423509	-12.722145	7.353100	1.399620	-4.417088	10.381084	18.484736	9.804666	10.721221
-7.209413	12.303260	-2.603775	-1.672125	-1.510000	6.549778	18.655974	9.854668	10.749786
-22.358139	13.290290	-3.126574	-1.800697	-1.369856	6.371909	18.663453	9.856769	10.751074
22.290997	14.175319	-3.630270	-1.925412	-1.229465	6.193734	18.670910	9.858855	10.752362
20.099053	7.464337	-8.773459	-3.102811	1.453313	2.737180	18.809207	9.895977	10.776895
5.780115	-15.457698	-3.544151	-1.233659	3.922753	-0.772681	18.939751	9.927739	10.801232
-11.666347	15.464948	8.641229	2.039801	5.893583	-4.831717	19.082046	9.957679	10.829136
7.832250	10.002351	-7.041157	2.857323	6.215356	-8.817243	19.216132	9.980205	10.856775
-7.696359	-2.305670	-7.665755	2.806578	6.181266	-9.001917	19.222265	9.981081	10.858071
7.565611	-14.835325	-8.208883	2.747009	6.142545	-9.186257	19.228383	9.981941	10.859366
-6.278994	12.614561	7.720160	-2.432552	1.854635	-16.276546	19.463673	10.002467	10.911112
11.355655	-10.039120	-5.547036	-0.674497	-3.842801	-22.436195	19.681804	9.994778	10.961879
-11.541869	3.777238	-6.257345	-0.567499	-3.960904	-22.572685	19.687017	9.994226	10.963114
11.730152	9.927482	-6.938151	-0.460202	-4.077084	-22.708379	19.692224	9.993656	10.964349
6.958160	5.312938	-7.583160	-0.348687	-4.195611	-22.848422	19.697625	9.993046	10.965631
-12.125501	-4.809603	-8.158039	-0.237207	-4.312002	-22.987682	19.703024	9.992417	10.966912
15.324837	-8.993711	-6.382740	1.337034	-5.821227	-25.089966	19.788648	9.979760	10.987307
-15.838043	8.285655	8.914125	1.910885	-6.521686	-26.942819	19.873407	9.962174	11.007536
-21.393994	-7.457782	-1.279610	0.669636	-6.155693	-28.906017	19.981578	9.932345	11.033208
-15.353605	6.601489	-9.513987	-1.424378	-4.774682	-30.340814	20.090344	9.894193	11.058609
23.136856	6.601715	-9.648017	-1.519094	-4.687276	-30.398239	20.095870	9.892044	11.059884
-12.916646	6.441788	-9.761707	-1.611077	-4.598573	-30.454223	20.101404	9.889873	11.061159
-23.159041	-5.837253	-9.390173	-2.573155	-2.970981	-31.186937	20.197155	9.849258	11.082916
22.012616	-1.419184	-8.227981	-2.022440	-1.375779	-31.499352	20.295024	9.802204	11.104473
-5.099369	4.330055	-4.935915	0.030171	0.412677	-31.350826	20.412116	9.739150	11.129335
-17.620507	-2.537249	1.813965	2.698300	2.209507	-30.668400	20.530788	9.667100	11.153930
13.046546	-3.102267	2.103722	2.816583	2.291165	-30.625829	20.536079	9.663676	11.155020
17.455871	-3.611700	2.385946	2.934125	2.373017	-30.582235	20.541369	9.660234	11.156110
-16.259303	1.390344	6.369976	4.946881	4.006937	-29.538406	20.643192	9.589980	11.177108
-0.006078	2.943608	8.299471	6.042549	5.771420	-28.122804	20.742854	9.512818	11.197910
15.716961	-2.891546	7.895663	5.563435	7.942589	-26.051110	20.852836	9.415462	11.221581
-0.743275	-1.023623	0.729765	3.293124	9.914152	-23.521070	20.955757	9.308728	11.244995
-16.190699	-0.691460	0.341758	3.153536	9.992524	-23.395348	20.960235	9.303646	11.246054
16.217970	-0.344431	-0.043306	3.011018	10.069686	-23.268630	20.964697	9.298542	11.247113
8.622425	3.479011	-5.454310	-0.212552	11.274363	-20.683402	21.045653	9.197555	11.267186
-17.338660	0.665914	-4.706460	-4.176616	11.893819	-17.779530	21.117925	9.089390	11.287068
6.630942	-4.563899	-0.177354	-8.732377	11.743047	-14.041365	21.188667	8.955220	11.309854
17.854077	-2.661734	2.393022	-12.045185	10.540803	-9.956374	21.243093	8.811601	11.332386
-17.843999	-2.316962	2.434768	-12.146128	10.459171	-9.763202	21.245142	8.804836	11.333407
-7.962550	-1.951757	2.470202	-12.242006	10.375061	-9.569340	21.247154	8.798047	11.334427
16.405068	5.944800	0.089566	-12.085870	4.842018	-1.071078	21.292696	8.496802	11.376679
-13.459099	-5.805151	-1.236110	-5.297851	-3.680454	7.675585	21.250354	8.163311	11.418026
-13.693651	-4.217647	-1.107089	-5.078911	-3.895817	7.874848	21.248179	8.155198	11.418975
13.625493	-2.549825	-0.968497	-4.857506	-4.111469	8.073767	21.245946	8.147069	11.419924
-2.679598	-0.746046	-0.806368	-4.610576	-4.349426	8.292576	21.243418	8.138091	11.420970
-13.475186	0.923569	-0.636333	-4.360652	-4.587502	8.510804	21.240821	8.129099	11.422014
-5.009010	5.359579	1.624779	0.068068	-8.347789	11.886500	21.190221	7.984472	11.438425
11.760157	-4.706283	0.304266	5.378832	-11.987558	15.088232	21.120743	7.835015	11.454691
-14.422649	-1.884268	-1.835215	12.128122	-16.238131	18.882472	21.000589	7.634294	11.475562
-15.456046	1.394192	-2.682895	16.675654	-19.606621	22.155506	20.844002	7.425926	11.496192
15.669061	0.799487	-2.683204	16.791216	-19.732619	22.289858	20.835973	7.416274	11.497125
-0.658463	0.267230	-2.676624	16.896907	-19.856086	22.422941	20.827856	7.406600	11.498057
-21.073400	-0.175399	-0.898706	16.455519	-21.643328	24.682954	20.657706	7.219732	11.515699
30.555836	-0.335416	1.421380	9.784291	-22.104525	26.392546	20.456376	7.027523	11.533162
35.031210	-0.605205	0.995570	-16.072189	-15.990459	28.198373	19.847600	6.553642	11.573678
-17.461210	-2.013962	1.540789	-7.243884	0.959567	27.126997	19.038384	6.053118	11.613223
16.480540	2.310913	-0.775491	-6.872320	1.477644	27.063786	19.014709	6.039778	11.614237
16.126283	1.151783	-2.063111	-6.524116	1.997016	26.998859	18.990904	6.026422	11.615251
-14.749943	-1.317946	-2.151921	-6.297642	2.367234	26.951622	18.973886	6.016909	11.615972
10.847660	-3.049817	-1.506692	-6.093109	2.738237	26.903482	18.956787	6.007380	11.616694
13.006834	-2.127698	0.492991	-5.845255	3.259342	26.834502	18.932691	5.993999	11.617705
-12.009097	3.660865	2.828386	-5.643771	3.781072	26.763829	18.908464	5.980602	11.618716
1.354695	-7.464055	-6.601393	-5.031703	10.466472	25.705520	18.585022	5.806717	11.631667
0.703279	10.947920	0.713297	-1.583426	16.807898	24.379704	18.240340	5.630214	11.644513
-5.445974	-17.509301	21.496654	12.009638	29.465552	19.077551	17.113692	5.099565	11.681495
-9.857921	18.404017	-16.949659	-3.934182	26.903424	11.990220	15.818797	4.549348	11.717586
8.948222	8.242349	-17.701613	-4.389647	26.635883	11.806978	15.786184	4.536101	11.718430
10.883547	-1.838280	-18.417834	-4.835241	26.358545	11.623079	15.753461	4.522836	11.719274
-11.390140	-10.757013	-19.085261	-5.260921	26.077571	11.442450	15.721325	4.509835	11.720100
-4.985539	-18.230888	-19.719590	-5.674806	25.787550	11.261447	15.689125	4.496832	11.720925
20.577781	-3.140728	-25.948117	-10.088014	19.514816	8.150122	15.134298	4.276499	11.734746
-25.601243	15.546955	-24.169281	-8.037832	10.776712	4.956178	14.556086	4.053649	11.748435
-38.671948	-10.675208	16.731255	9.105731	-16.225589	-3.402863	12.936114	3.459265	11.783644
16.746613	7.718498	9.506720	4.854282	-33.448520	-10.991526	11.170681	2.850669	11.817962
5.738644	-3.978241	6.379050	4.435887	-33.666631	-11.153495	11.127331	2.836147	11.818761
-14.605948	-7.686991	3.165522	4.005343	-33.875259	-11.314383	11.083933	2.821627	11.819560
13.571101	0.114310	0.187280	3.589707	-34.062700	-11.464621	11.043096	2.807981	11.820310
3.597035	7.667465	-2.567044	3.163379	-34.241820	-11.613973	11.002192	2.794329	11.821059
-11.456783	6.146295	-5.014661	2.708067	-34.419509	-11.768590	10.959516	2.780103	11.821839
10.409163	-7.655446	-6.967496	2.241127	-34.588193	-11.922320	10.916741	2.765861	11.822619
9.157456	7.738297	0.556273	-4.824032	-35.980512	-14.019883	10.292809	2.560048	11.833804
4.168270	1.239387	4.309382	-8.796597	-35.341331	-15.880145	9.654543	2.353029	11.844891
0.825845	-8.425332	-4.536102	-3.249963	-31.062311	-18.090272	8.731502	2.059400	11.860353
-1.133159	8.646811	6.031313	6.436538	-24.196305	-19.839247	7.781795	1.763738	11.875626
10.818232	-8.467234	-7.248431	8.603274	-16.123966	-21.206368	6.757960	1.451608	11.891448
-19.047996	-1.664445	-10.209134	4.997670	-8.761950	-22.123486	5.707292	1.137762	11.907066
14.750922	0.313210	-9.963560	4.768426	-8.434621	-22.156318	5.656798	1.122833	11.907802
19.600135	2.259171	-9.695543	4.537093	-8.108850	-22.188226	5.606215	1.107892	11.908538
-22.398817	6.950247	-1.331736	0.195015	-2.543541	-22.605979	4.681535	0.837115	11.921771
0.410595	-3.874654	10.261304	-3.821753	2.323005	-22.734477	3.738906	0.565451	11.934854
19.248347	-4.744018	13.374492	-6.904736	6.973027	-22.546561	2.625328	0.249664	11.949836
-1.837269	3.574578	3.636232	-7.443157	10.586474	-22.027036	1.492724	-0.066844	11.964621
-15.636465	3.381314	3.245168	-7.410741	10.731394	-21.995400	1.439760	-0.081549	11.965303
15.493861	3.116147	2.872048	-7.373799	10.874416	-21.963122	1.386765	-0.096255	11.965984
15.472936	0.589353	-3.916217	-5.916294	13.189796	-21.246392	0.391788	-0.371071	11.978630
-12.107801	-1.955327	-12.094283	-3.280521	14.857059	-20.327954	-0.610975	-0.646041	11.991130
11.825817	1.488420	-11.283367	0.415597	16.306364	-19.042000	-1.776487	-0.963990	12.005405
11.851021	-1.358346	1.021908	3.760581	17.695414	-17.546956	-2.944155	-1.281658	12.019490
-11.876151	-1.358428	1.576219	3.882811	17.762798	-17.476642	-2.995688	-1.295671	12.020107
-9.169904	-1.327360	2.116399	4.002029	17.830984	-17.406035	-3.047183	-1.309673	12.020724
12.587782	1.531080	8.261759	5.607998	19.393288	-15.960722	-4.052807	-1.583216	12.032706
-5.599927	-0.588724	3.469181	5.489572	21.581453	-14.406315	-5.054340	-1.856171	12.044548
-14.674954	-2.502346	-4.706993	3.477910	24.852541	-12.588311	-6.152230	-2.156614	12.057460
15.821542	2.977997	-4.806005	0.380597	28.646577	-10.689968	-7.238760	-2.455913	12.070205
-16.864921	3.936474	0.154787	-2.612843	32.649534	-8.638589	-8.364737	-2.768979	12.083419
17.622825	3.903762	3.135814	-4.085474	36.104368	-6.561009	-9.470593	-3.080272	12.096451
13.845589	3.820894	3.135163	-4.097112	36.236240	-6.468759	-9.519115	-3.094034	12.097025
-17.672979	3.724970	3.120659	-4.103395	36.365943	-6.376522	-9.567590	-3.107792	12.097598
-4.697548	-0.178171	0.862851	-3.311381	38.452784	-4.588584	-10.500877	-3.374664	12.108687
18.099087	-5.658388	-2.328291	-1.443883	39.697836	-2.827652	-11.413567	-3.639845	12.119643
-16.988989	2.855841	2.188316	3.653586	37.090231	2.913983	-14.421358	-4.555944	12.157108
-14.443571	5.615011	1.309234	-1.165526	24.479755	7.653379	-17.035148	-5.441672	12.192987
14.881259	3.164307	0.978796	-1.270048	24.234367	7.719910	-17.072983	-5.455487	12.193545
14.423764	0.705924	0.638841	-1.373832	23.988386	7.786159	-17.110691	-5.469292	12.194103
-14.817844	-1.558397	0.290054	-1.478025	23.738908	7.852910	-17.148717	-5.483253	12.194668
10.545049	-3.376699	-0.058367	-1.581245	23.489055	7.919329	-17.186588	-5.497194	12.195232
14.756223	-4.654141	-0.391146	-1.680324	23.246484	7.983413	-17.223159	-5.510694	12.195778
-4.265947	-5.446179	-0.714801	-1.778470	23.003331	8.047264	-17.259628	-5.524193	12.196323
-14.416098	4.990086	-3.273849	-3.027379	19.512914	8.927438	-17.765529	-5.715521	12.204060
14.525892	-4.471241	-1.731711	-3.871113	16.044889	9.751853	-18.244872	-5.904870	12.211722
-4.671475	-4.257775	-1.623791	-3.911929	15.802844	9.808102	-18.277774	-5.918201	12.212262
-14.590992	-3.857551	-1.529232	-3.950053	15.561457	9.864070	-18.310537	-5.931520	12.212801
15.653388	3.667050	-1.034959	-4.236155	11.160251	10.870999	-18.904339	-6.181883	12.222947
14.395512	-2.978410	0.073441	-3.925919	7.225121	11.775732	-19.445016	-6.428327	12.232960
-16.619226	-2.770248	0.159356	-3.897989	7.035813	11.819861	-19.471562	-6.441001	12.233476
16.636170	-2.450049	0.246820	-3.869073	6.848034	11.863711	-19.497957	-6.453664	12.233991
13.007769	2.338475	1.869191	-3.172580	3.650580	12.623014	-19.957507	-6.685370	12.243442
-15.043944	1.616652	2.916153	-2.211269	0.935451	13.286731	-20.362908	-6.913116	12.252772
6.006523	-1.420989	3.960805	-0.862436	-1.640795	13.930393	-20.758711	-7.169775	12.263349
11.523754	0.369358	5.383141	0.639798	-3.692199	14.445818	-21.076328	-7.420727	12.273771
4.055486	0.738151	5.438460	0.715460	-3.781405	14.468076	-21.090028	-7.433028	12.274284
-11.405623	1.083953	5.490280	0.791018	-3.869423	14.490007	-21.103524	-7.445306	12.274797
10.806041	-0.409292	5.744958	2.077133	-5.230878	14.821897	-21.306978	-7.656594	12.283655
4.286803	-0.835727	4.574915	3.236221	-6.309168	15.060444	-21.450720	-7.863248	12.292400
-11.712769	0.831495	1.972954	4.302096	-7.280926	15.221998	-21.542250	-8.097197	12.302414
13.077549	-0.915825	0.763010	5.073505	-8.035905	15.262317	-21.553202	-8.324412	12.312278
12.378567	-0.882154	0.721970	5.103483	-8.067867	15.261290	-21.551749	-8.335028	12.312742
-13.227681	-0.832736	0.680026	5.132872	-8.099529	15.260001	-21.550120	-8.345622	12.313206
-11.219032	0.711642	-0.432624	5.571141	-8.635124	15.192095	-21.490509	-8.534530	12.321543
16.029279	1.252842	-2.774606	5.849595	-9.138684	15.042125	-21.375074	-8.718196	12.329772
-2.357148	-1.515977	-6.496388	6.005876	-9.759795	14.768575	-21.172559	-8.925592	12.339227
-17.422612	-0.137253	-6.627558	6.016638	-10.500112	14.394092	-20.899578	-9.125859	12.348538
17.403758	0.268907	-6.496549	6.013909	-10.541234	14.373038	-20.884289	-9.135585	12.348995
5.921656	0.655843	-6.351939	6.010889	-10.582838	14.351752	-20.868834	-9.145294	12.349452
-16.581879	2.116782	-1.847786	5.906205	-11.381928	13.945196	-20.574087	-9.311321	12.357337
15.356660	-2.388753	4.476410	5.679204	-12.316110	13.472145	-20.231310	-9.472110	12.365119
1.220021	2.690865	6.604456	5.202617	-13.542619	12.843483	-19.774908	-9.652455	12.374035
-13.764326	1.288465	2.940567	4.439654	-14.871749	12.135529	-19.258918	-9.825779	12.382813
-6.502752	0.588370	2.720318	4.399062	-14.932939	12.101992	-19.234412	-9.833392	12.383203
13.807528	-0.114649	2.499754	4.357938	-14.994264	12.068285	-19.209776	-9.840997	12.383594
3.714390	-3.191844	-0.978050	3.479735	-16.180953	11.394469	-18.715966	-9.984007	12.391028
-16.543474	1.842378	-1.534714	2.455672	-17.366088	10.670132	-18.182152	-10.121864	12.398363
15.580528	3.515780	-1.782350	1.131403	-18.696333	9.769517	-17.513824	-10.275648	12.406764
19.911439	-2.608408	-5.226164	-0.281149	-19.924536	8.811208	-16.796761	-10.422526	12.415034
-19.936973	-3.141116	-5.390669	-0.351021	-19.980684	8.763270	-16.760725	-10.429488	12.415433
17.230787	-3.626271	-5.547443	-0.420914	-20.036423	8.715239	-16.724603	-10.436430	12.415831
19.716619	-3.559435	-6.573407	-1.661116	-20.954410	7.845713	-16.067829	-10.556599	12.422824
-18.540147	3.698162	-3.449204	-2.856269	-21.719350	6.941807	-15.379208	-10.671708	12.429722
-11.404725	-0.439553	3.465731	-3.967657	-22.370997	5.852708	-14.541158	-10.799174	12.437623
14.356985	-3.706634	6.858202	-4.494460	-22.715720	4.727682	-13.665372	-10.919863	12.445398
-4.860672	-3.421564	6.793016	-4.499996	-22.723679	4.672170	-13.621882	-10.925558	12.445773
-14.165930	-3.092540	6.701706	-4.503479	-22.730773	4.616586	-13.578309	-10.931238	12.446147
12.738716	3.716179	2.102910	-4.250335	-22.715596	3.622620	-12.794541	-11.029045	12.452723
4.153588	2.318073	-3.977681	-3.485622	-22.444170	2.610448	-11.986950	-11.121893	12.459210
-11.773163	-3.795644	-7.188058	-2.128809	-21.803888	1.411768	-11.016138	-11.224065	12.466672
9.947861	-1.591548	-2.661891	-0.515863	-20.811925	0.202738	-10.018251	-11.319526	12.474014
12.802722	-1.154028	-2.353916	-0.445170	-20.760532	0.149819	-9.974093	-11.323543	12.474332
-10.582774	-0.689808	-2.041976	-0.374736	-20.708462	0.096896	-9.929890	-11.327547	12.474650
-14.620521	3.997933	3.956033	0.905843	-19.549292	-0.941342	-9.053509	-11.403551	12.480841
16.936335	-3.048425	7.117009	1.818999	-18.128476	-1.974402	-8.161361	-11.474667	12.486946
-0.063718	-4.309016	5.283116	2.172713	-16.141207	-3.161767	-7.102099	-11.551550	12.493968
-22.143190	3.828635	-1.796400	1.857724	-13.813227	-4.313777	-6.026658	-11.621832	12.500876
22.223067	4.210097	-2.108568	1.831628	-13.698058	-4.365933	-5.976583	-11.624923	12.501193
11.943991	4.533934	-2.410081	1.804769	-13.582271	-4.417978	-5.926480	-11.628000	12.501509
-23.225566	2.989271	-5.948648	1.211563	-11.333974	-5.360937	-4.992750	-11.682508	12.507335
14.185118	-0.181496	-5.949420	0.587542	-8.929580	-6.255232	-4.051300	-11.732209	12.513080
22.907250	-3.256377	-2.576031	0.043971	-6.008850	-7.219496	-2.950714	-11.783929	12.519652
-22.177264	-5.307609	1.851333	-0.278414	-3.027764	-8.088507	-1.845574	-11.829220	12.526119
-2.231113	-5.226857	2.031790	-0.287966	-2.892221	-8.125514	-1.795245	-11.831128	12.526410
22.112481	-5.112041	2.208263	-0.297069	-2.756847	-8.162265	-1.744947	-11.833022	12.526702
-13.114863	2.203946	4.530292	-0.384982	-0.213350	-8.814670	-0.789089	-11.866493	12.532196
-21.174178	5.546217	3.848138	-0.311265	2.225667	-9.372725	0.165516	-11.895211	12.537613
20.884508	-5.605892	-0.655633	-0.084899	4.833588	-9.885638	1.261946	-11.922450	12.543766
7.255309	-1.323619	-3.310078	0.089848	7.207941	-10.243610	2.350704	-11.943425	12.549819
-20.739339	-1.072444	-3.360960	0.093032	7.315519	-10.256561	2.402466	-11.944271	12.550106
5.987014	-0.855421	-3.405584	0.095570	7.422555	-10.269121	2.454203	-11.945102	12.550392
20.674363	1.015357	-3.242397	0.037427	9.255815	-10.427286	3.391380	-11.957760	12.555570
-20.573262	5.533891	-1.671360	-0.157344	10.791165	-10.444549	4.317858	-11.965724	12.560676
-12.710345	-0.250273	0.920783	-0.362837	12.046538	-10.276514	5.367895	-11.969107	12.566463
19.573968	-5.377035	3.099660	-0.337572	12.617646	-9.892270	6.397704	-11.966331	12.572156
-3.934759	-5.239951	3.166951	-0.328568	12.626184	-9.869462	6.443878	-11.966059	12.572412
-19.486132	-5.037775	3.230466	-0.318799	12.633191	-9.846175	6.490004	-11.965775	12.572668
18.436331	5.306339	3.501180	0.021990	12.476611	-9.308064	7.362265	-11.957924	12.577524
6.061701	2.034326	1.611440	0.629735	11.786937	-8.596038	8.214635	-11.945484	12.582310
-15.456719	-5.218833	-2.071928	1.373025	10.390013	-7.584496	9.170251	-11.925463	12.587745
11.180007	4.324471	-4.705293	1.740982	8.448168	-6.403972	10.093422	-11.899391	12.593087
13.832878	4.787817	-4.710826	1.740761	8.339802	-6.341327	10.138555	-11.897933	12.593351
-13.763554	5.207151	-4.698430	1.738383	8.230498	-6.278358	10.183599	-11.896460	12.593615
-3.044600	5.026236	-2.113672	1.388048	6.210000	-5.142014	10.948641	-11.868597	12.598144
12.113026	-1.686185	2.562275	0.568709	4.015449	-3.934878	11.684811	-11.836269	12.602605
-11.266819	-5.274072	6.021039	-0.744037	1.390654	-2.482026	12.498286	-11.793293	12.607683
-12.908472	-1.355970	3.753707	-2.161257	-1.174536	-1.006936	13.267120	-11.744386	12.612669
12.973885	-1.090868	3.528633	-2.223792	-1.292025	-0.937101	13.302413	-11.741920	12.612903
-5.564384	-0.798777	3.295918	-2.285509	-1.409009	-0.867308	13.337597	-11.739441	12.613137
-14.622358	5.338389	-1.626427	-3.207901	-3.437482	0.395400	13.960968	-11.691822	12.617374
7.285128	1.692289	-5.677647	-3.526774	-5.190637	1.618053	14.546166	-11.639795	12.621542
18.722874	-5.352530	-6.747631	-2.748975	-6.776276	2.953401	15.173007	-11.574106	12.626280
-20.165790	1.509466	-2.620100	-0.610895	-7.891293	4.171151	15.742698	-11.502568	12.630925
-5.708328	2.293078	-2.346792	-0.489178	-7.932554	4.224939	15.768011	-11.499063	12.631141
20.242920	3.066987	-2.070150	-0.366428	-7.972835	4.278393	15.793189	-11.495545	12.631357
-13.338909	4.398028	6.124943	4.138495	-8.831809	6.147809	16.698484	-11.341912	12.639945
-18.089331	4.939588	-2.386211	4.076685	-8.310850	7.391125	17.360653	-11.167309	12.648197
18.057363	4.721470	-2.654509	4.008445	-8.280367	7.414278	17.373849	-11.162695	12.648398
7.718931	4.431164	-2.917129	3.937265	-8.249037	7.437051	17.386871	-11.158070	12.648599
-17.998638	4.066471	-3.162053	3.866405	-8.218256	7.458491	17.399173	-11.153635	12.648791
9.261802	3.615905	-3.399596	3.792902	-8.186706	7.479585	17.411315	-11.149191	12.648983
17.681871	-4.762807	-5.300340	2.153193	-7.532828	7.787682	17.594111	-11.071950	12.652207
-10.066523	-0.798333	-1.444168	-0.048971	-6.664428	8.003979	17.731775	-10.991332	12.655377
-17.849968	4.375727	5.202279	-2.651136	-5.240563	8.154127	17.840628	-10.881849	12.659403
18.155285	-4.115887	4.095249	-3.789163	-3.499965	8.164792	17.868382	-10.766747	12.663337
-6.504291	-4.148023	3.822654	-3.805737	-3.413978	8.162091	17.867700	-10.761420	12.663513
-18.181618	-4.102132	3.531768	-3.819679	-3.327408	8.159122	17.866851	-10.756086	12.663688
18.382523	3.978713	-3.295400	-3.624973	-1.557603	8.049864	17.818415	-10.651352	12.667016
16.077527	1.411923	-5.942877	-2.705218	0.338576	7.842162	17.710567	-10.542481	12.670275
-18.216065	-3.805146	-4.328176	-1.058871	2.543283	7.481063	17.515145	-10.411651	12.673955
7.069021	3.737230	-1.045368	0.764138	4.601000	6.991813	17.247475	-10.275647	12.677541
17.550893	3.824850	-0.855962	0.842007	4.686912	6.966963	17.233876	-10.269446	12.677699
-17.510704	3.855581	-0.661446	0.919257	4.772233	6.941842	17.220130	-10.263232	12.677858
-0.781492	-0.552102	3.704507	2.221367	6.275556	6.405592	16.927414	-10.140949	12.680885
15.578712	-4.200954	7.449895	2.935981	7.419641	5.775571	16.586032	-10.015129	12.683842
-11.940694	3.739914	7.931773	2.682765	8.156993	4.938746	16.136534	-9.866272	12.687157
-14.614752	4.962332	3.421578	1.290081	8.187859	3.996095	15.629807	-9.713192	12.690380
14.634544	4.421134	3.110052	1.211949	8.173229	3.952585	15.606267	-9.706367	12.690520
-7.066652	3.859057	2.789986	1.132965	8.157293	3.908921	15.582624	-9.699534	12.690660
-15.510354	-5.433037	-4.036044	-0.497042	7.582495	3.019234	15.095473	-9.563150	12.693375
17.203217	-3.123593	-8.251475	-1.898906	6.537433	2.088325	14.570826	-9.423942	12.696021
18.900603	1.510692	-7.651885	-2.612456	4.784603	0.980212	13.918495	-9.259118	12.699004
-20.713742	5.902304	-3.071031	-2.073071	2.535321	-0.131707	13.222919	-9.090948	12.701893
-18.663340	6.481757	-2.818076	-2.025693	2.429293	-0.179664	13.191784	-9.083571	12.702017
20.849018	7.054080	-2.562296	-1.976701	2.322806	-0.227540	13.160597	-9.076193	12.702140
-16.978697	6.881893	2.850901	-0.732067	0.136259	-1.162093	12.528531	-8.928983	12.704541
-22.776052	-4.921977	7.462880	0.804402	-2.086020	-2.059555	11.870110	-8.779654	12.706874
23.536097	-8.240712	6.532298	2.455890	-4.474877	-3.034571	11.073357	-8.603280	12.709503
8.829180	8.477900	-3.030278	3.255644	-6.379451	-3.907487	10.248128	-8.424498	12.712039
-24.255283	8.342614	-3.427258	3.259396	-6.449666	-3.943755	10.210559	-8.416437	12.712150
6.961400	8.036995	-3.806745	3.259848	-6.518387	-3.979734	10.172967	-8.408378	12.712262
24.792722	-8.570499	-6.767270	2.584530	-7.569384	-4.613569	9.445479	-8.253527	12.714350
-8.185739	-4.772492	-0.738569	0.650812	-8.187530	-5.133030	8.702668	-8.097260	12.716370
-24.859548	8.387120	6.616744	-2.112981	-8.490664	-5.570726	7.821256	-7.913638	12.718636
23.681346	-4.350184	2.947701	-4.107123	-8.488067	-5.804844	6.926256	-7.728557	12.720810
-8.141258	-5.579724	2.587303	-4.170123	-8.482772	-5.810598	6.883925	-7.719827	12.720910
-23.507899	-6.746286	2.219511	-4.230070	-8.477115	-5.815880	6.841546	-7.711089	12.721010
21.469822	-7.764535	-4.262478	-4.728785	-8.323976	-5.831447	6.064949	-7.551192	12.722793
17.194642	-1.665107	-6.728098	-3.927831	-8.112198	-5.703523	5.283646	-7.390566	12.724508
-16.196662	1.231968	-5.173016	-1.325800	-7.810643	-5.390894	4.367993	-7.202465	12.726423
13.151789	3.750384	-0.954996	2.108729	-7.457084	-4.922897	3.449597	-7.013843	12.728244
14.342438	4.193469	-0.724663	2.270170	-7.439263	-4.897453	3.406366	-7.004963	12.728327
-14.299686	4.669153	-0.493073	2.430615	-7.421339	-4.871720	3.363132	-6.996082	12.728410
-9.010397	5.862043	3.708795	5.033296	-7.076474	-4.354109	2.573725	-6.833882	12.729892
14.896486	-0.717666	6.839996	6.485815	-6.700108	-3.756225	1.784812	-6.671641	12.731305
-3.444255	-4.909679	6.078269	6.015743	-6.203751	-2.979520	0.868712	-6.482908	12.732863
-17.233629	2.515792	-1.387089	3.641124	-5.556663	-2.140338	-0.041775	-6.294583	12.734329
17.263793	3.111779	-1.784849	3.488109	-5.519905	-2.097738	-0.086527	-6.285299	12.734399
-0.364768	3.648157	-2.173957	3.332341	-5.482649	-2.055025	-0.131283	-6.276011	12.734468
-17.433048	4.097725	-6.732449	0.306769	-4.757923	-1.303907	-0.903229	-6.115280	12.735641
16.629243	-1.945121	-5.718015	-2.962755	-3.873028	-0.543756	-1.666213	-5.955200	12.736746
16.982438	-3.623660	1.137722	-6.222782	-2.620588	0.330526	-2.539720	-5.770000	12.737945
-17.407142	3.511565	6.501649	-7.918963	-1.103955	1.169861	-3.394910	-5.586128	12.739051
-9.136666	3.204670	6.614081	-7.943289	-1.024832	1.208466	-3.435058	-5.577423	12.739101
17.502359	2.849676	6.710137	-7.961655	-0.945096	1.246907	-3.475131	-5.568727	12.739151
-4.472921	-1.292507	5.986763	-7.302372	0.592810	1.915915	-4.191951	-5.411881	12.740022
-20.550801	-2.668897	2.035461	-5.057693	2.216636	2.522278	-4.890371	-5.256369	12.740823
22.590774	-3.669563	-3.486093	-1.369196	4.036592	3.128047	-5.677711	-5.077222	12.741670
7.345659	-1.310392	-6.686556	2.389624	5.578703	3.603311	-6.435725	-4.900339	12.742424
-23.977671	-0.905348	-6.741944	2.552212	5.640706	3.622016	-6.470560	-4.892096	12.742458
24.009114	-0.471108	-6.787520	2.712810	5.701568	3.640367	-6.505305	-4.883864	12.742490
19.698621	4.040790	-5.822655	5.279701	6.598827	3.914176	-7.132586	-4.733339	12.743059
-23.317914	1.701366	-1.679706	6.931298	6.979221	4.056108	-7.735824	-4.584857	12.743559
-1.416813	-4.439728	3.939640	7.345258	6.628478	4.045465	-8.390811	-4.418839	12.744042
20.055713	-3.597648	5.867266	5.785512	5.405809	3.867768	-9.012502	-4.255899	12.744436
-18.403398	4.781912	3.515845	2.385268	3.563754	3.550272	-9.596660	-4.097529	12.744738
-12.630179	1.556936	-1.163327	-1.574868	1.390774	3.116137	-10.149020	-3.942640	12.744952
17.218639	1.184494	-1.365860	-1.744304	1.288019	3.093824	-10.173597	-3.935625	12.744960
1.350187	0.806175	-1.563655	-1.911589	1.185146	3.071304	-10.198125	-3.928613	12.744967
-16.996086	-4.935944	-3.749857	-4.576663	-0.869945	2.575539	-10.682525	-3.787829	12.745080
6.486245	0.239784	-1.271889	-5.248522	-2.693594	2.020512	-11.140390	-3.650476	12.745116
17.977717	0.754663	-1.087374	-5.229884	-2.772442	1.992267	-11.162051	-3.643868	12.745116
-18.057857	1.278220	-0.901694	-5.206829	-2.850153	1.963928	-11.183651	-3.637268	12.745115
-17.522107	4.852440	2.107834	-3.975518	-4.125200	1.394246	-11.593824	-3.509938	12.745071
22.750062	1.272990	2.024900	-1.633841	-4.886874	0.806877	-11.980840	-3.386065	12.744957
-1.994039	-4.551244	-0.014420	1.472798	-5.066994	0.130426	-12.398469	-3.247890	12.744739
-26.604541	-0.608123	-0.442830	3.103003	-4.439712	-0.522568	-12.786664	-3.114760	12.744429
26.606893	0.100228	-0.411899	3.116707	-4.386649	-0.553826	-12.805070	-3.108325	12.744411
6.856961	0.768134	-0.377161	3.123254	-4.331409	-0.584996	-12.823418	-3.101900	12.744393
-25.652514	4.065103	0.344074	2.352672	-3.068121	-1.109575	-13.132356	-2.991899	12.744043
16.155339	-1.861627	0.117228	0.790541	-1.431311	-1.590600	-13.420479	-2.885988	12.743625
20.278374	-3.538086	-0.819926	-0.835548	0.563765	-2.080409	-13.729308	-2.768419	12.743054
-17.347358	3.265035	-0.610247	-1.383113	2.257318	-2.481208	-14.011384	-2.656812	12.742390
5.710296	2.788826	-0.499210	-1.384284	2.331500	-2.499617	-14.025570	-2.651080	12.742352
17.093919	2.245561	-0.376061	-1.383275	2.403783	-2.517718	-14.039676	-2.645369	12.742314
0.289337	-3.023162	1.921534	-1.177718	3.327154	-2.769426	-14.259989	-2.554521	12.741658
-14.777606	-0.653491	1.377198	-0.932698	3.795713	-2.930764	-14.461357	-2.468479	12.740932
14.642995	2.647403	-1.535085	-0.724774	3.871595	-2.992142	-14.662241	-2.379151	12.740050
-14.987529	-2.492134	-3.712937	-0.569601	3.595802	-2.927871	-14.839879	-2.296093	12.739083
14.917231	-2.493007	-2.430472	-0.467535	3.089259	-2.751769	-15.000360	-2.215867	12.737977
15.965554	0.276575	1.314296	-0.424307	2.472815	-2.498580	-15.134034	-2.143032	12.736778
-15.975938	0.332833	1.503526	-0.423614	2.443131	-2.485519	-15.139592	-2.139833	12.736720
-6.033526	0.392985	1.691836	-0.423032	2.413428	-2.472370	-15.145093	-2.136651	12.736662
15.988411	1.943811	4.660177	-0.430041	1.869295	-2.216365	-15.236810	-2.080566	12.735546
-11.782138	2.111501	5.500503	-0.459187	1.373683	-1.953160	-15.308725	-2.030334	12.734360
-15.314802	0.142212	3.089395	-0.490548	0.905790	-1.669437	-15.367183	-1.979854	12.732906
14.895510	-2.025075	-0.899791	-0.521094	0.579627	-1.439621	-15.399469	-1.937606	12.731359
9.546654	-1.876276	-1.081942	-0.522629	0.568094	-1.430638	-15.400353	-1.935810	12.731284
-14.862864	-1.698276	-1.261442	-0.524176	0.556937	-1.421857	-15.401178	-1.934034	12.731208
14.646522	3.011811	-3.983619	-0.553658	0.419386	-1.300063	-15.406009	-1.904839	12.729783
10.060091	4.198092	-5.404486	-0.582189	0.405248	-1.259332	-15.391558	-1.881911	12.728288
