7.279387	16.229275	-23.465639	-2.274135	-0.630115	29.663895	-37.494583	7.977107	-29.478251
15.831522	15.925894	-23.456250	-2.275287	-0.629330	29.663723	-37.494554	7.977170	-29.478249
-15.831499	15.027255	-23.446237	-2.276439	-0.628535	29.663545	-37.494524	7.977234	-29.478248
7.715243	14.453576	-23.441142	-2.276999	-0.628145	29.663455	-37.494509	7.977265	-29.478247
15.497471	13.846936	-23.435912	-2.277557	-0.627754	29.663364	-37.494494	7.977296	-29.478246
15.792036	-11.531666	-21.077763	-2.341808	-0.555259	29.633126	-37.489797	7.981703	-29.478057
1.656553	8.572911	-15.584268	-2.368092	-0.452539	29.568978	-37.480167	7.985821	-29.477712
-15.275610	9.361091	2.423994	-2.200222	-0.048904	29.226043	-37.430083	7.995386	-29.476027
14.882872	-6.361849	4.676625	-1.562503	0.483163	28.624909	-37.344052	8.002862	-29.473223
-14.870687	-6.245555	4.355013	-1.520439	0.508608	28.591935	-37.339347	8.003147	-29.473071
1.996469	-6.045937	4.002504	-1.477195	0.534108	28.558469	-37.334573	8.003429	-29.472917
14.665925	3.212960	-4.458411	-0.439876	1.042650	27.788137	-37.224554	8.008132	-29.469392
-14.211929	-1.113507	-3.142512	0.686967	1.510925	26.818709	-37.085230	8.011151	-29.464970
-7.424531	0.237956	3.004432	1.622778	1.906566	25.479370	-36.889775	8.012519	-29.458818
10.045473	-2.993668	3.348302	1.746451	2.050064	23.912135	-36.654945	8.011647	-29.451483
-5.042389	-3.875189	3.247487	1.728650	2.048846	23.832564	-36.642806	8.011549	-29.451105
-9.692270	-4.774283	3.141435	1.708702	2.046836	23.752554	-36.630577	8.011447	-29.450724
10.330570	-5.012929	-2.187918	-0.035641	1.404519	20.199304	-36.059274	8.002994	-29.433068
11.005812	8.855931	-1.376142	-0.991333	0.057897	16.230608	-35.335789	7.986060	-29.410990
-11.586497	8.232467	-1.261942	-0.988245	0.020431	16.129227	-35.315831	7.985530	-29.410385
2.433368	4.860810	-1.144718	-0.983661	-0.017080	16.027842	-35.295788	7.984995	-29.409777
12.765969	-1.289833	-1.025532	-0.977611	-0.054554	15.926654	-35.275700	7.984457	-29.409169
-13.331755	-9.070256	-0.904905	-0.970106	-0.092078	15.825406	-35.255516	7.983913	-29.408557
18.433962	0.316523	0.850160	-0.657834	-0.703696	14.160038	-34.910607	7.974234	-29.398141
-2.716591	9.282123	0.895602	-0.071786	-1.265137	12.499964	-34.539469	7.963129	-29.386995
-10.470161	-8.268755	-1.218470	0.606413	-1.783390	10.399725	-34.021780	7.946697	-29.371548
4.023717	6.903400	1.726867	0.325805	-1.901904	8.384161	-33.459357	7.927878	-29.354899
-3.842166	4.896098	1.872659	0.297810	-1.897567	8.295184	-33.432700	7.926965	-29.354114
3.675332	2.712755	2.009443	0.269317	-1.892427	8.206414	-33.405930	7.926047	-29.353325
-3.082821	-5.861866	1.756095	-0.275796	-1.649313	6.578324	-32.880895	7.907710	-29.337916
2.517448	5.479959	-3.789854	-0.549551	-1.160292	5.062747	-32.321663	7.887591	-29.321629
11.170026	-5.705478	-2.929193	-0.160557	-0.399156	3.462249	-31.629632	7.862022	-29.301647
-14.895249	-5.173954	4.655729	0.535629	0.423243	2.046327	-30.890417	7.834048	-29.280503
14.983096	-3.836462	4.991770	0.566367	0.462997	1.980990	-30.852402	7.832594	-29.279422
14.802792	-2.461203	5.310427	0.596129	0.502502	1.916150	-30.814269	7.831134	-29.278337
-14.723008	6.968574	6.204763	0.872960	1.126391	0.875376	-30.135109	7.804903	-29.259105
12.194587	-7.338541	-2.779892	0.566262	1.564539	0.001301	-29.420064	7.776885	-29.239029
-8.415148	7.535040	-6.258395	-0.040167	1.733119	-0.782668	-28.547350	7.742226	-29.214751
5.885647	-7.757696	3.761630	-0.387687	1.529989	-1.313513	-27.626184	7.705166	-29.189363
-5.837779	-7.514275	4.113728	-0.396170	1.512818	-1.331133	-27.584403	7.703474	-29.188217
2.649679	-7.106576	4.435340	-0.404179	1.494963	-1.348276	-27.542501	7.701777	-29.187068
6.181053	8.186369	5.088010	-0.492197	1.023713	-1.591027	-26.698837	7.667396	-29.164003
-8.173714	-8.707488	-0.971293	-0.566790	0.400522	-1.670535	-25.820785	7.631191	-29.140114
11.329484	1.099911	-3.499031	-0.907109	-0.341344	-1.594821	-24.774201	7.587414	-29.111708
3.175203	9.703811	-1.565140	-1.642389	-0.992035	-1.386562	-23.689427	7.541232	-29.082238
-6.193285	9.489734	-1.434782	-1.683180	-1.019582	-1.373763	-23.635294	7.538904	-29.080764
-14.767185	9.198894	-1.304968	-1.723959	-1.046599	-1.360771	-23.581113	7.536572	-29.079290
2.161873	-3.937634	0.711466	-2.381707	-1.431200	-1.102329	-22.606567	7.494216	-29.052697
18.317713	-9.788149	1.448116	-2.669791	-1.610516	-0.809285	-21.609381	7.450033	-29.025316
-18.705392	9.488504	0.302581	-2.209257	-1.551416	-0.457585	-20.442618	7.397163	-28.992985
9.142607	2.940558	-0.500579	-1.058210	-1.264485	-0.102536	-19.253955	7.341887	-28.959638
17.671448	2.047072	-0.517595	-0.989901	-1.246065	-0.085473	-19.195997	7.339153	-28.958000
-17.590884	1.140030	-0.532891	-0.920670	-1.227288	-0.068429	-19.137998	7.336413	-28.956360
15.778710	-8.615410	-0.540453	0.433324	-0.835910	0.234520	-18.084578	7.285996	-28.926350
11.736042	-0.646525	-0.191165	1.788019	-0.377544	0.523568	-17.020742	7.233742	-28.895583
-11.477351	8.045756	0.070358	2.974266	0.171636	0.829615	-15.786805	7.171309	-28.859238
-0.016219	-6.883065	-0.213084	3.426511	0.674961	1.096455	-14.546982	7.106435	-28.821911
7.937700	-7.501482	-0.227425	3.428924	0.697856	1.108689	-14.484293	7.103094	-28.820001
10.045475	-8.017123	-0.240568	3.429459	0.720442	1.120793	-14.421600	7.099747	-28.818087
-9.887089	-2.312489	-0.248628	3.167562	1.056979	1.306789	-13.346155	7.041359	-28.784883
-1.402281	8.511446	0.174508	2.473302	1.296629	1.446946	-12.272547	6.981132	-28.750959
11.326992	5.378210	0.876500	1.358720	1.469483	1.543796	-11.042797	6.909540	-28.711033
-11.839385	-9.747493	0.373740	0.204852	1.549318	1.570803	-9.823364	6.835510	-28.670175
10.723093	-9.375900	0.293782	0.152030	1.550986	1.570441	-9.766089	6.831952	-28.668222
11.837409	-8.852807	0.208153	0.099395	1.552472	1.569938	-9.708810	6.828387	-28.666266
-11.325792	10.463450	-1.751658	-0.831222	1.548017	1.535541	-8.646421	6.760855	-28.629384
-3.989513	9.852194	-2.576438	-1.624389	1.486733	1.457158	-7.598143	6.691416	-28.591792
8.458170	-10.499251	-1.199495	-2.298986	1.357647	1.322469	-6.438551	6.611010	-28.548658
5.622402	-11.306680	2.403464	-2.754601	1.173475	1.145057	-5.302945	6.528183	-28.504645
-6.822832	-10.188982	2.585941	-2.770972	1.163689	1.135852	-5.250619	6.524261	-28.502571
4.093302	-8.974415	2.766650	-2.786941	1.153797	1.126563	-5.198317	6.520331	-28.500494
5.913186	10.581135	4.645704	-3.015803	0.947898	0.935998	-4.215263	6.444578	-28.460626
-5.816957	-9.402685	1.275860	-3.111315	0.712535	0.722195	-3.255929	6.366916	-28.420085
-3.065158	0.509898	-4.598444	-3.054547	0.418209	0.457640	-2.200036	6.276595	-28.373337
9.109965	6.163262	-6.292622	-2.813747	0.105000	0.175872	-1.180229	6.183810	-28.325741
-9.251957	4.974847	-6.162198	-2.797812	0.090058	0.162317	-1.133230	6.179388	-28.323483
9.397120	3.733032	-6.009560	-2.781452	0.075101	0.148730	-1.086287	6.174957	-28.321222
9.338889	-5.094314	-0.769045	-2.409788	-0.200467	-0.105838	-0.233889	6.092005	-28.279054
0.925677	-0.723400	4.569057	-1.926579	-0.466508	-0.362817	0.586654	6.007184	-28.236262
-18.844099	4.655860	7.247596	-1.266703	-0.750819	-0.652726	1.492169	5.906881	-28.186067
-2.974829	-0.151518	4.627150	-0.540669	-0.998865	-0.923136	2.349411	5.804074	-28.135058
19.882315	-0.462682	4.413516	-0.506960	-1.009060	-0.934732	2.387100	5.799351	-28.132725
-19.857131	-0.762631	4.194203	-0.473222	-1.019156	-0.946260	2.424682	5.794623	-28.130391
8.950238	-2.418439	-0.656812	0.170964	-1.192338	-1.151130	3.121702	5.703307	-28.085475
15.320902	-6.201451	-5.250189	0.793556	-1.326507	-1.318972	3.777445	5.610104	-28.039963
7.634379	-7.234295	-7.409179	1.447025	-1.429976	-1.452257	4.482431	5.499840	-27.986539
-1.228785	5.198946	-4.573959	1.971860	-1.471702	-1.507202	5.127527	5.387044	-27.932340
-8.910151	6.544600	-4.383410	1.990214	-1.471878	-1.507747	5.154122	5.382096	-27.929972
8.855319	7.812855	-4.190556	2.008125	-1.471906	-1.508140	5.180601	5.377143	-27.927603
-8.785985	3.690616	-0.064901	2.259579	-1.437610	-1.484655	5.687388	5.276739	-27.879763
5.320669	-4.877741	3.856660	2.254500	-1.325060	-1.404983	6.147152	5.174415	-27.831353
12.620235	-8.318305	6.431225	1.852059	-1.089284	-1.254438	6.614334	5.055556	-27.775545
-14.874091	-7.872381	5.077183	1.019165	-0.765174	-1.050320	7.022878	4.934193	-27.719016
5.139424	-7.221566	4.882477	0.971606	-0.748200	-1.039472	7.040847	4.928367	-27.716313
15.038523	-6.496405	4.675453	0.923508	-0.731114	-1.028528	7.058687	4.922534	-27.713609
-15.986524	8.673785	-0.255248	-0.029372	-0.400834	-0.811185	7.364403	4.814101	-27.663517
-5.963121	4.335917	-4.197526	-1.005761	-0.057560	-0.568766	7.627369	4.703746	-27.612889
14.770858	-9.254790	-4.902824	-1.961735	0.322105	-0.268007	7.878264	4.574391	-27.553984
3.891999	-4.059365	-0.845510	-2.540351	0.652242	0.045806	8.075243	4.442485	-27.494392
-12.449021	-3.292179	-0.607344	-2.555689	0.665721	0.060310	8.082994	4.436385	-27.491648
7.310365	-2.484064	-0.368901	-2.569978	0.679038	0.074817	8.090635	4.430280	-27.488902
9.513598	9.475694	3.704329	-2.618630	0.918478	0.373815	8.224221	4.302860	-27.431819
-6.514614	-8.661948	4.017068	-2.157409	1.092361	0.664827	8.312134	4.173148	-27.374140
4.028944	-8.670182	1.649225	-1.219429	1.204142	0.930757	8.354905	4.045181	-27.317648
-0.993349	-0.430293	-1.352895	0.008175	1.266077	1.172227	8.356922	3.915122	-27.260617
-2.660865	0.347876	-1.494552	0.073178	1.267985	1.183572	8.355967	3.908529	-27.257735
2.642313	1.094854	-1.634297	0.138315	1.269783	1.194840	8.354910	3.901926	-27.254850
-3.111635	5.688484	-3.691220	1.340511	1.284111	1.389658	8.316614	3.776781	-27.200336
4.693785	6.599511	-3.980401	2.374072	1.264494	1.547132	8.244319	3.649874	-27.145352
-7.015551	-6.225557	-1.694764	3.218273	1.204633	1.673654	8.123392	3.504024	-27.082494
2.388666	0.937318	1.476177	3.743077	1.105176	1.740442	7.963767	3.356065	-27.019055
9.885661	6.776082	4.203838	4.006973	0.964232	1.748215	7.771371	3.208247	-26.955970
-8.815074	-7.289215	5.133977	4.074523	0.776674	1.702503	7.546335	3.058531	-26.892340
7.936157	-7.558610	5.079080	4.073648	0.766178	1.698931	7.534363	3.051060	-26.889171
8.577255	-7.741057	5.011317	4.072422	0.755579	1.695241	7.522324	3.043590	-26.886003
-5.504123	2.792052	1.730302	3.996899	0.536282	1.603690	7.280404	2.901285	-26.825764
2.662879	9.749674	-3.206036	3.871242	0.288928	1.473650	7.013103	2.757443	-26.765064
-2.572179	7.364511	-3.439693	3.864942	0.276031	1.466219	6.999119	2.750221	-26.762021
2.488532	4.851807	-3.668922	3.858705	0.263092	1.458702	6.985075	2.742996	-26.758977
0.981264	-10.587444	-6.199690	3.763802	0.009497	1.299290	6.705591	2.604240	-26.700598
-3.427037	7.438236	-3.272586	3.724420	-0.249892	1.112233	6.405855	2.464195	-26.641812
5.975190	11.432731	3.255445	3.606743	-0.548194	0.863093	6.031536	2.298906	-26.572581
-8.318586	-10.852237	6.941991	3.202561	-0.827182	0.586372	5.633505	2.132025	-26.502820
8.371772	-11.230280	6.955969	3.183862	-0.835037	0.577771	5.621318	2.127035	-26.500736
-0.097958	-11.572986	6.963031	3.164713	-0.842862	0.569150	5.609111	2.122043	-26.498652
-9.420964	-11.316197	4.386932	2.429270	-1.052628	0.314257	5.251141	1.978322	-26.438668
9.737139	-0.889303	-1.928330	1.361270	-1.227879	0.046930	4.878862	1.833562	-26.378316
-9.687745	11.325610	-7.196518	-0.230079	-1.375194	-0.272232	4.433653	1.665457	-26.308292
9.549165	-11.059965	-3.851631	-2.098570	-1.450557	-0.598168	3.973180	1.496111	-26.237795
-9.545118	-9.902440	-3.495679	-2.187016	-1.452072	-0.613330	3.951533	1.488246	-26.234521
9.541431	-8.523416	-3.126150	-2.275297	-1.453401	-0.628484	3.929873	1.480382	-26.231248
4.311438	10.683603	4.297232	-3.873026	-1.442044	-0.913907	3.516653	1.331738	-26.169386
-9.822289	-10.187543	6.968976	-5.182227	-1.355576	-1.196244	3.094868	1.182277	-26.107182
-1.396070	-9.841549	2.782867	-6.072747	-1.154409	-1.509253	2.603420	1.010310	-26.035590
12.053801	7.409814	-4.566082	-6.231959	-0.834706	-1.803332	2.104508	0.837421	-25.963569
5.984745	7.875194	-4.814550	-6.220953	-0.817013	-1.816270	2.081382	0.829436	-25.960241
-12.228578	8.258529	-5.045700	-6.208292	-0.799058	-1.829148	2.058244	0.821450	-25.956913
3.142099	1.965615	-6.171906	-5.647108	-0.416670	-2.059592	1.619650	0.670397	-25.893928
16.059896	-6.031176	-2.035465	-4.485105	0.028791	-2.261768	1.178422	0.518775	-25.830639
-17.548933	4.767721	5.325913	-2.671670	0.583054	-2.451475	0.668518	0.343449	-25.757354
2.666252	-3.126634	5.069163	-0.663587	1.139873	-2.586040	0.158871	0.167514	-25.683683
17.284471	-3.490946	4.846782	-0.565133	1.165675	-2.590923	0.134699	0.159142	-25.680173
-17.211175	-3.793102	4.608264	-0.466371	1.191400	-2.595665	0.110516	0.150763	-25.676660
14.956447	1.591969	-1.113061	1.353565	1.639602	-2.655932	-0.330257	-0.002528	-25.612334
10.373022	3.858363	-3.753246	3.105379	2.027714	-2.662153	-0.768666	-0.156158	-25.547733
-0.133841	-4.812442	1.811903	4.830050	2.364679	-2.594490	-1.270249	-0.333446	-25.473000
-0.722836	3.896561	2.800961	5.918358	2.544338	-2.438147	-1.767942	-0.511031	-25.397924
-4.007240	5.071093	2.622050	5.947801	2.548234	-2.428503	-1.791193	-0.519368	-25.394394
3.906973	6.081021	2.421824	5.975028	2.551692	-2.418646	-1.814436	-0.527705	-25.390863
-2.934601	-6.693187	-2.486681	6.041581	2.532675	-2.197363	-2.243131	-0.682149	-25.325355
4.748691	5.686053	-2.298320	5.222609	2.349708	-1.903721	-2.668319	-0.836696	-25.259604
5.022766	6.037249	1.428666	3.467427	1.957179	-1.489062	-3.151312	-1.014177	-25.183832
-7.302269	-4.913101	2.036942	1.295788	1.400598	-1.007305	-3.627499	-1.191648	-25.107758
7.420391	-4.907100	1.938936	1.180655	1.369077	-0.981781	-3.651076	-1.200510	-25.103951
6.379291	-4.801840	1.828330	1.065119	1.337251	-0.956148	-3.674618	-1.209366	-25.100146
-9.531350	3.785536	-0.877918	-0.958517	0.734778	-0.491712	-4.081320	-1.363649	-25.033716
2.374725	2.531449	-1.860430	-2.772698	0.056347	-0.001255	-4.480523	-1.517800	-24.967076
12.871174	-2.791691	-1.296731	-4.226296	-0.789802	0.579895	-4.928189	-1.694772	-24.890220
5.740664	2.854418	-0.644411	-4.832081	-1.675943	1.162883	-5.361491	-1.871426	-24.813105
-13.766073	3.107355	-0.612681	-4.838569	-1.717857	1.189921	-5.381378	-1.879684	-24.809490
13.784977	3.332882	-0.580323	-4.843072	-1.759784	1.216923	-5.401227	-1.887942	-24.805874
11.943816	1.251077	0.106518	-4.581064	-2.541251	1.714637	-5.766505	-2.042729	-24.737920
-13.521783	-5.636519	0.743469	-3.753250	-3.283292	2.187164	-6.116954	-2.197147	-24.669783
13.089845	-1.464528	1.062406	-2.295372	-4.025607	2.678562	-6.495114	-2.372127	-24.592132
-9.301562	8.599379	0.699735	-0.493234	-4.601819	3.104889	-6.849689	-2.546472	-24.514268
-12.862909	8.543341	0.663527	-0.405889	-4.623495	3.122804	-6.865531	-2.554539	-24.510653
-11.191469	8.401825	0.625638	-0.318444	-4.644678	3.140542	-6.881319	-2.562604	-24.507037
5.435423	-3.730488	-0.194490	1.284282	-4.943488	3.439634	-7.168558	-2.714285	-24.438825
13.244447	-9.705938	-0.475841	2.570303	-5.025822	3.666507	-7.435731	-2.865367	-24.370465
-13.750113	9.226421	0.318511	3.248546	-4.814736	3.837143	-7.716253	-3.037700	-24.291950
8.406211	0.751167	0.222287	2.773235	-4.255125	3.917082	-7.968833	-3.209094	-24.213260
14.252888	-0.016295	0.196812	2.724787	-4.219606	3.918761	-7.980414	-3.217412	-24.209425
-14.270103	-0.759253	0.170616	2.674399	-4.183371	3.920239	-7.991928	-3.225729	-24.205590
8.242255	-6.612354	-0.240405	1.502106	-3.419380	3.913522	-8.187253	-3.374523	-24.136705
14.396369	-2.269876	-0.105174	0.051539	-2.467276	3.846609	-8.361249	-3.522474	-24.067705
-14.110619	4.150468	0.596823	-1.449704	-1.192692	3.700402	-8.534764	-3.691415	-23.988268
-0.569970	-3.192041	0.947518	-2.142842	0.221014	3.485937	-8.680019	-3.859089	-23.908699
4.935191	-3.440664	0.911858	-2.144108	0.288551	3.474562	-8.686007	-3.866749	-23.905046
13.633537	-3.647445	0.869197	-2.142264	0.356291	3.463058	-8.691935	-3.874406	-23.901393
-13.249315	-1.072325	-0.782019	-1.610148	1.668456	3.220743	-8.793270	-4.019243	-23.831982
5.620898	4.637567	-1.855019	-0.503529	2.985110	2.935852	-8.873337	-4.162998	-23.762490
13.000680	-1.140728	0.232318	0.766620	4.412065	2.563119	-8.938930	-4.325998	-23.682927
-13.530875	-7.254418	2.874178	1.455048	5.661004	2.146157	-8.976922	-4.487432	-23.603277
13.571673	-5.853592	2.937778	1.463614	5.713747	2.125546	-8.978032	-4.494989	-23.599527
-6.800799	-4.357992	2.992829	1.469584	5.765903	2.104839	-8.979082	-4.502548	-23.595774
-14.603507	8.460033	2.327156	1.174073	6.613947	1.708645	-8.987526	-4.641296	-23.526523
0.056219	-2.154809	-1.218706	0.399984	7.245767	1.288146	-8.975318	-4.778734	-23.457225
16.817783	-9.937691	-4.146827	-0.544070	7.717104	0.774087	-8.935388	-4.936479	-23.376768
4.474984	2.300830	-1.298755	-1.030983	7.923389	0.233564	-8.867924	-5.092260	-23.296267
-17.070358	4.271321	-1.081324	-1.040076	7.926681	0.208806	-8.864265	-5.099180	-23.292665
17.052531	6.219240	-0.860390	-1.048123	7.929478	0.183984	-8.860549	-5.106102	-23.289061
2.965175	10.015405	3.312916	-1.005556	7.890696	-0.303415	-8.778107	-5.238844	-23.219486
-14.758341	-9.557396	4.976033	-0.621643	7.695702	-0.803429	-8.675334	-5.369953	-23.149897
12.772507	-6.570930	2.126998	0.070907	7.349720	-1.363513	-8.538606	-5.512495	-23.073181
8.798170	3.505002	-3.004751	0.709930	6.924687	-1.926816	-8.377414	-5.652875	-22.996464
-9.366213	6.406595	-6.036629	0.895510	6.460697	-2.512892	-8.182652	-5.797375	-22.916184
8.904839	-5.038894	-3.302702	0.328154	6.022355	-3.088280	-7.961368	-5.939300	-22.835923
6.851240	-5.090739	-3.035162	0.289804	6.002029	-3.114657	-7.950434	-5.945835	-22.832192
-8.929368	-5.069720	-2.756140	0.250905	5.981655	-3.140994	-7.939444	-5.952365	-22.828460
-4.025659	1.174781	3.472098	-0.492572	5.584392	-3.623962	-7.724057	-6.073055	-22.758883
10.978172	3.950011	7.382877	-0.979340	5.124169	-4.088148	-7.488941	-6.191645	-22.689339
-12.516960	-4.566212	2.593249	-0.826208	4.458235	-4.595069	-7.192717	-6.326012	-22.609005
13.343549	5.941903	-7.617470	-0.072763	3.594022	-5.063254	-6.870391	-6.457376	-22.528732
0.011145	5.597504	-7.814747	-0.030331	3.550215	-5.083012	-6.855489	-6.463133	-22.525172
-13.357876	5.128740	-7.970913	0.012613	3.505933	-5.102664	-6.840546	-6.468879	-22.521615
12.977932	-7.060810	-3.688507	0.850822	2.534006	-5.467035	-6.538726	-6.579787	-22.452227
-11.967672	7.133766	7.651954	1.258928	1.339789	-5.791691	-6.217573	-6.688287	-22.382901
10.586589	-1.564109	7.617420	0.647618	-0.295341	-6.110660	-5.823149	-6.810438	-22.302968
-9.555072	-4.151866	-1.103695	-0.571968	-2.101027	-6.362004	-5.404329	-6.929176	-22.223142
2.923496	-3.770204	-1.500782	-0.630088	-2.187832	-6.371995	-5.384100	-6.934661	-22.219399
9.495728	-3.359212	-1.885849	-0.687580	-2.274667	-6.381812	-5.363834	-6.940135	-22.215660
-9.286874	2.563229	-5.320869	-1.538484	-3.881561	-6.532049	-4.979788	-7.040036	-22.146490
9.553163	-1.874968	-0.339088	-1.705953	-5.431776	-6.618504	-4.579654	-7.137210	-22.077415
-1.207604	1.019191	3.415290	-0.969467	-7.039758	-6.631042	-4.102162	-7.245376	-21.998194
-11.006443	3.466450	1.632933	0.555178	-8.366158	-6.541461	-3.608138	-7.349742	-21.919119
-0.841710	3.232030	1.467872	0.626330	-8.416216	-6.535104	-3.586326	-7.354190	-21.915685
1.585106	2.960350	1.298419	0.697130	-8.465593	-6.528536	-3.564488	-7.358632	-21.912252
11.689932	-5.211741	-1.845061	1.903070	-9.303909	-6.350452	-3.120062	-7.446336	-21.843291
-12.099817	-4.142106	-1.773568	2.341143	-9.821800	-6.080585	-2.666212	-7.530977	-21.774458
11.182124	8.666448	0.314501	1.952803	-10.021102	-5.651608	-2.135748	-7.624182	-21.695686
11.875657	-2.866575	1.104220	0.929431	-9.847023	-5.094966	-1.596435	-7.713155	-21.617103
-11.849350	-3.682170	1.099153	0.875356	-9.831616	-5.067822	-1.572623	-7.716956	-21.613663
2.471098	-4.483410	1.091189	0.820773	-9.815598	-5.040476	-1.548816	-7.720747	-21.610226
11.154038	-10.554420	0.423143	-0.346088	-9.374769	-4.454189	-1.073743	-7.794245	-21.542083
-10.511490	7.793332	-0.899660	-1.568241	-8.720046	-3.792013	-0.594765	-7.864387	-21.474096
-2.009986	10.112818	-2.646085	-2.841146	-7.745047	-2.951011	-0.041453	-7.940712	-21.396216
11.095302	-0.478418	-4.113600	-3.765256	-6.588094	-2.038697	0.513462	-8.012404	-21.318568
9.511695	-0.846201	-4.174760	-3.798375	-6.529297	-1.993574	0.539989	-8.015712	-21.314863
-11.245537	-1.190884	-4.235116	-3.830385	-6.470269	-1.948355	0.566499	-8.019008	-21.311161
16.846896	-6.537272	-6.100552	-4.120899	-3.942446	-0.057689	1.622689	-8.141689	-21.163714
20.145095	-3.778025	-6.228193	-2.401633	-1.253137	1.924464	2.664107	-8.246319	-21.017231
-20.179619	-3.675338	-6.177115	-2.341597	-1.188173	1.972379	2.688865	-8.248607	-21.013721
1.591625	-3.560688	-6.122435	-2.280874	-1.123189	2.020316	2.713623	-8.250885	-21.010208
18.076883	-3.431727	-6.063781	-2.219108	-1.057802	2.068558	2.738529	-8.253168	-21.006673
18.149306	-3.290033	-6.001454	-2.156674	-0.992401	2.116819	2.763435	-8.255441	-21.003136
20.073646	0.098531	-4.390825	-1.020512	0.106203	2.929159	3.181721	-8.292183	-20.943439
19.697754	2.491128	-1.704590	0.218356	1.182910	3.729845	3.594223	-8.325702	-20.883923
18.581164	0.861616	3.019684	1.833432	2.504908	4.722947	4.110758	-8.363713	-20.808248
-14.669946	-2.147663	7.627717	3.347135	3.744207	5.669767	4.614517	-8.396285	-20.732890
-1.048767	-2.131540	7.803525	3.412775	3.799570	5.712558	4.637678	-8.397670	-20.729382
14.468717	-2.090581	7.974103	3.477809	3.854656	5.755184	4.660791	-8.399042	-20.725877
-12.806812	0.878904	10.175111	4.571415	4.837802	6.525855	5.087127	-8.422476	-20.660424
-5.523487	1.131670	10.309585	5.379233	5.718553	7.238407	5.500936	-8.441609	-20.595228
10.876502	2.269581	7.569172	5.947481	6.579067	7.970128	5.957957	-8.458147	-20.520869
-10.901456	5.153402	1.783371	6.202834	7.257537	8.596954	6.395024	-8.468840	-20.446868
-4.952258	4.840687	1.449973	6.208435	7.284603	8.623550	6.415023	-8.469196	-20.443402
-3.244182	4.466110	1.112503	6.213521	7.311209	8.649863	6.434961	-8.469540	-20.439940
11.622096	-6.226231	-5.301767	6.221514	7.726068	9.088331	6.796358	-8.473516	-20.375762
-12.731931	-5.219509	-9.879906	6.087554	7.994686	9.424238	7.139769	-8.472892	-20.311875
-4.419631	8.082203	-9.633721	5.772554	8.131463	9.670767	7.511158	-8.466386	-20.238711
15.624885	-3.286430	-2.650959	5.192685	8.099033	9.752781	7.855216	-8.453585	-20.165946
-15.677472	-5.021857	-2.263272	5.157122	8.094023	9.752350	7.870446	-8.452838	-20.162588
14.734364	-6.715271	-1.876978	5.120696	8.088739	9.751535	7.885603	-8.452078	-20.159234
16.430819	-9.065560	4.313279	4.252433	7.942821	9.663771	8.158489	-8.435238	-20.096365
-16.573174	8.975459	6.072674	2.968398	7.723113	9.436710	8.407999	-8.413486	-20.033814
-2.474915	3.681177	1.842487	0.941506	7.398586	9.008889	8.665000	-8.382331	-19.962337
14.471077	-7.290694	-3.196159	-1.380780	7.009216	8.416587	8.890094	-8.344490	-19.891296
12.766112	-7.342781	-3.327135	-1.490944	6.989478	8.384922	8.899904	-8.342542	-19.887963
-14.283341	-7.317188	-3.442745	-1.600947	6.969609	8.352909	8.909649	-8.340577	-19.884629
12.269311	1.871594	-3.332204	-3.535896	6.583186	7.705289	9.076802	-8.301601	-19.823268
11.534542	4.865025	-1.046791	-5.126846	6.164412	6.957194	9.219848	-8.257412	-19.762253
-8.318657	-1.931861	1.005134	-6.351511	5.651153	5.983940	9.354839	-8.199916	-19.692358
7.985820	-2.606562	0.957644	-6.796252	5.115999	4.907364	9.457816	-8.135294	-19.622941
0.208433	-2.233405	0.890088	-6.798005	5.091155	4.855862	9.461764	-8.132163	-19.619774
-8.059018	-1.844728	0.817029	-6.798205	5.066305	4.804214	9.465643	-8.129019	-19.616611
9.599110	2.368490	-0.603000	-6.553267	4.586295	3.792394	9.526530	-8.066499	-19.556803
3.867955	-0.221251	0.108091	-5.910977	4.077914	2.726653	9.563320	-7.998457	-19.497372
-5.244252	-3.733991	1.304449	-4.464230	3.446177	1.446100	9.575856	-7.913163	-19.429398
-18.216821	2.675697	-0.225328	-2.164171	2.760557	0.124128	9.556524	-7.820414	-19.361939
0.385044	3.308838	-0.343240	-2.046316	2.728516	0.063736	9.554902	-7.816051	-19.358907
18.391777	3.940377	-0.463433	-1.927591	2.696372	0.003253	9.553214	-7.811671	-19.355873
-19.434800	6.278125	-2.856740	0.437281	2.064672	-1.167548	9.508182	-7.724487	-19.297743
19.659568	-7.172881	-3.647696	2.702436	1.415159	-2.345745	9.439319	-7.631719	-19.240019
6.414249	1.388434	0.695286	4.718436	0.660048	-3.695528	9.330848	-7.518211	-19.174170
-19.157743	8.195108	5.360051	5.658043	-0.094932	-5.024994	9.191176	-7.397392	-19.108877
-16.228385	7.646480	5.457232	5.668042	-0.129867	-5.085998	9.183931	-7.391602	-19.105858
-14.975752	6.998499	5.538628	5.674706	-0.164784	-5.146922	9.176620	-7.385797	-19.102839
19.164758	-8.406174	4.189634	5.239820	-0.812605	-6.270741	9.027374	-7.274202	-19.046551
-19.438256	0.618804	-1.440198	3.980888	-1.438352	-7.355398	8.854740	-7.157123	-18.990693
5.226415	8.836569	-6.967354	1.964136	-2.110996	-8.542348	8.627086	-7.015540	-18.926903
18.968587	1.717863	-7.693560	-0.149464	-2.708956	-9.647138	8.368868	-6.866924	-18.863704
-18.898928	1.027697	-7.616453	-0.244402	-2.735418	-9.697931	8.355682	-6.859602	-18.860679
5.934388	0.337269	-7.530812	-0.338258	-2.761632	-9.748463	8.342435	-6.852269	-18.857658
16.893644	-9.486299	-4.732333	-1.836935	-3.190616	-10.616382	8.092228	-6.717678	-18.803537
0.444524	-7.378137	-0.419232	-2.936159	-3.528097	-11.399145	7.819642	-6.578140	-18.749873
-10.491035	9.892123	4.138844	-3.696846	-3.783895	-12.185479	7.476273	-6.410539	-18.688305
3.367778	-6.570190	6.388501	-3.911775	-3.871442	-12.827292	7.103518	-6.236707	-18.627370
7.037551	-8.246965	6.457842	-3.908771	-3.871049	-12.851917	7.086476	-6.228932	-18.624709
-6.912832	-9.777662	6.526762	-3.904719	-3.870285	-12.876231	7.069378	-6.221145	-18.622048
3.327850	2.118525	7.534406	-3.606394	-3.779598	-13.290915	6.719777	-6.064799	-18.569687
3.860858	8.985689	6.590335	-2.910437	-3.550612	-13.572018	6.348491	-5.904068	-18.517819
-0.084676	-8.359087	1.445572	-1.787066	-3.142436	-13.716209	5.895650	-5.714261	-18.458873
-5.439125	5.711010	-5.648275	-0.542893	-2.608443	-13.657725	5.415003	-5.519069	-18.400595
5.548323	6.832235	-5.870999	-0.485498	-2.580786	-13.649832	5.391785	-5.509782	-18.397877
-5.660905	7.750547	-6.073996	-0.428418	-2.552936	-13.641478	5.368524	-5.500489	-18.395162
8.249062	-7.451954	-6.107053	0.563334	-2.000795	-13.403643	4.927731	-5.326458	-18.345185
-11.335555	7.366577	-0.546411	1.385948	-1.384300	-13.011917	4.468637	-5.148679	-18.295725
14.614881	-4.284257	5.171803	2.018996	-0.604520	-12.377913	3.919662	-4.939484	-18.239415
-16.608023	-7.779697	5.426288	2.206016	0.238798	-11.556996	3.351789	-4.725730	-18.183813
13.291509	-6.802594	5.239615	2.202633	0.280203	-11.513545	3.324417	-4.715475	-18.181192
16.694842	-5.757851	5.033626	2.198115	0.321692	-11.469724	3.297027	-4.705218	-18.178574
-16.653567	8.095423	-0.761142	1.919216	1.104192	-10.583611	2.781671	-4.512758	-18.130199
1.455745	-1.437139	-5.571651	1.313066	1.876333	-9.566323	2.256053	-4.317077	-18.082390
14.023002	-8.472795	-4.970433	0.362870	2.671316	-8.280206	1.658147	-4.094462	-18.029567
-12.056676	8.427568	2.683565	-0.594100	3.329109	-6.846649	1.052672	-3.868206	-17.977472
-12.911522	8.380396	3.061314	-0.636827	3.357515	-6.770076	1.021773	-3.856623	-17.974846
-9.479134	8.129504	3.423880	-0.678674	3.385370	-6.693148	0.990862	-3.845031	-17.972221
12.917274	-8.220834	6.611183	-1.223359	3.774613	-5.309827	0.455600	-3.643503	-17.927212
-13.762079	-1.311550	3.208494	-1.348943	3.977321	-3.826646	-0.081249	-3.439490	-17.882777
5.619419	7.635172	-3.677077	-1.065112	3.970569	-1.998957	-0.700234	-3.201173	-17.832226
15.738881	1.849761	-7.412405	-0.488047	3.692170	-0.058403	-1.315967	-2.959941	-17.782456
-15.731457	1.234656	-7.489852	-0.456788	3.672419	0.034583	-1.344589	-2.948610	-17.780152
6.403805	0.621526	-7.559475	-0.425289	3.652077	0.127699	-1.373178	-2.937280	-17.777850
14.826690	-7.123613	-7.578888	0.190361	3.164796	1.889490	-1.902055	-2.725522	-17.735365
-5.944954	-2.809992	-5.734375	0.794685	2.475054	3.690643	-2.424267	-2.511866	-17.693481
-10.222572	6.870746	-2.643574	1.351038	1.431704	5.794690	-3.020014	-2.261485	-17.645590
-3.932446	-5.124339	0.392604	1.596952	0.151038	7.865059	-3.601273	-2.008950	-17.598531
7.563172	-6.019474	0.545111	1.597833	0.087702	7.957865	-3.627395	-1.997382	-17.596404
-7.466376	-6.838919	0.700107	1.597665	0.024025	8.050426	-3.653462	-1.985818	-17.594280
-5.866748	-2.454671	3.819754	1.367621	-1.227930	9.749480	-4.136256	-1.767754	-17.554694
5.617099	7.111369	6.074165	0.593287	-2.527226	11.347357	-4.604168	-1.548432	-17.515734
-6.389509	-7.553109	5.400404	-1.026715	-3.993927	13.040201	-5.129756	-1.290660	-17.470997
8.705559	4.343054	0.935125	-2.700024	-5.277099	14.491316	-5.629528	-1.031571	-17.427135
1.821278	5.148673	0.730274	-2.758662	-5.325670	14.546932	-5.650212	-1.020502	-17.425285
-8.976119	5.913394	0.528408	-2.815699	-5.373685	14.602039	-5.670857	-1.009424	-17.423435
-6.180217	8.724996	-2.494115	-3.503350	-6.200063	15.589835	-6.075415	-0.785722	-17.386498
15.533806	-1.598654	-2.916105	-2.970826	-6.707770	16.325878	-6.456664	-0.561347	-17.350220
15.198885	-9.188770	-1.151125	-0.685370	-6.840165	16.850844	-6.866783	-0.300704	-17.309016
-18.859156	0.410959	1.506889	2.563907	-6.471584	17.034143	-7.240283	-0.039560	-17.268716
9.448630	1.408178	1.588704	2.711487	-6.444061	17.034683	-7.255753	-0.028126	-17.266974
18.733617	2.405420	1.664556	2.858780	-6.415585	17.034612	-7.271149	-0.016692	-17.265233
-16.110349	7.872276	1.411987	5.554358	-5.657736	16.910956	-7.560341	0.209460	-17.231178
11.844782	-6.643609	-1.601875	7.034071	-4.531181	16.565951	-7.820809	0.435658	-17.197817
-6.511244	5.061184	-0.047498	5.395350	-2.802533	15.914871	-8.085987	0.696427	-17.160208
2.507400	-3.841176	2.625508	0.772259	-0.738401	15.016967	-8.313929	0.956890	-17.123539
-2.388425	-3.812463	2.543667	0.519387	-0.641411	14.971806	-8.323190	0.968438	-17.121934
0.076656	-3.695201	2.435134	0.263765	-0.544136	14.926243	-8.332372	0.979977	-17.120332
1.121469	3.320049	-2.331070	-4.936294	1.406370	13.953108	-8.497259	1.205049	-17.089425
-1.433566	-3.318416	-3.849965	-9.203664	3.387805	12.832239	-8.635024	1.429638	-17.059236
5.157387	3.627301	1.991539	-11.081633	5.645830	11.332283	-8.763857	1.695519	-17.024331
5.354508	1.106091	4.850785	-9.915907	7.668980	9.675062	-8.855501	1.960339	-16.990459
-7.741094	-4.710279	4.057169	-7.157256	9.254306	8.065291	-8.906799	2.198555	-16.960748
-3.280841	4.914172	1.615495	-3.605320	10.589907	6.369936	-8.928591	2.435561	-16.931898
10.065023	5.265413	1.511619	-3.421884	10.649763	6.283346	-8.928913	2.447366	-16.930479
-10.163051	5.556671	1.413452	-3.238651	10.708949	6.196593	-8.929162	2.459168	-16.929063
-4.446928	1.189037	0.358800	0.258516	11.731210	4.466840	-8.919459	2.689597	-16.901757
3.987643	-7.273427	-0.652628	3.466445	12.484305	2.688712	-8.882225	2.918444	-16.875291
13.326411	-7.411248	-0.749089	3.623218	12.515917	2.595038	-8.879538	2.930317	-16.873936
-13.399405	-7.498596	-0.852232	3.778859	12.546762	2.501274	-8.876776	2.942185	-16.872583
-6.710775	9.219041	-6.746535	8.681905	13.125469	-1.325030	-8.704523	3.416244	-16.819960
17.471272	-4.883778	-2.574151	10.367458	12.281446	-5.132829	-8.415387	3.880311	-16.771149
-17.467226	-6.322027	-2.258900	10.389144	12.243956	-5.217138	-8.407551	3.890634	-16.770094
5.822178	-7.716679	-1.931798	10.410883	12.205569	-5.301412	-8.399651	3.900959	-16.769040
17.452761	-9.102153	-1.553643	10.435174	12.161788	-5.395157	-8.390785	3.912450	-16.767868
12.161003	-10.214371	-1.160697	10.459591	12.116917	-5.488780	-8.381847	3.923933	-16.766700
-5.527982	-1.506094	6.041693	10.903325	11.239333	-6.985628	-8.227203	4.108771	-16.748115
-15.994859	10.606493	9.704427	11.541591	10.082327	-8.439198	-8.053983	4.291461	-16.730178
14.190598	-11.082937	1.521640	12.744510	8.182913	-10.238025	-7.802603	4.524444	-16.707936
-7.745873	10.472140	-11.330137	13.910665	5.844738	-11.922561	-7.520879	4.753323	-16.686795
-12.128555	11.317015	-11.623376	13.951277	5.732718	-11.993259	-7.507871	4.763234	-16.685896
12.049855	12.043402	-11.874351	13.990592	5.619891	-12.063691	-7.494807	4.773138	-16.684999
-10.812586	3.154670	-9.150675	14.427083	3.230771	-13.399060	-7.224737	4.967229	-16.667693
10.406256	-14.045686	2.134211	13.978247	0.581318	-14.614364	-6.932600	5.157819	-16.651226
-10.931222	14.854323	13.773003	12.055637	-2.661335	-15.840046	-6.570936	5.371742	-16.633391
11.868920	8.692296	13.855761	8.401475	-5.983830	-16.864868	-6.181052	5.580541	-16.616676
-7.840215	7.345066	13.619997	8.195598	-6.134372	-16.906302	-6.162668	5.589904	-16.615943
-11.938495	5.962723	13.369021	7.986516	-6.284763	-16.947271	-6.144226	5.599257	-16.615212
12.297413	-14.817721	6.466528	3.514464	-9.118914	-17.639628	-5.779795	5.776278	-16.601665
-12.134882	-13.614425	-1.654575	-1.298418	-11.796142	-18.145256	-5.394625	5.948983	-16.588982
11.559329	-12.541538	-8.639258	-6.243353	-14.568044	-18.476751	-4.924354	6.142941	-16.575412
1.510446	-11.275572	-10.796535	-9.355267	-16.852461	-18.514029	-4.428256	6.330590	-16.563017
-10.959762	-11.248657	-10.785287	-9.435613	-16.945054	-18.508145	-4.404406	6.339223	-16.562465
3.608483	-11.231104	-10.765032	-9.509218	-17.036294	-18.501553	-4.380488	6.347847	-16.561915
10.743240	-11.112821	-8.981563	-9.744792	-18.448097	-18.249918	-3.929840	6.504454	-16.552236
-4.973297	-5.963148	-5.321283	-8.270953	-19.296313	-17.741487	-3.463660	6.655917	-16.543451
-11.374020	7.579595	-0.298920	-5.158510	-19.578186	-16.831180	-2.910612	6.823687	-16.534453
-8.327035	-0.871056	3.712198	-1.287717	-19.123498	-15.592751	-2.343421	6.984089	-16.526661
12.101223	-2.329997	3.824925	-1.112762	-19.086522	-15.531438	-2.318250	6.990958	-16.526347
-12.132812	-3.760308	3.930001	-0.937937	-19.048105	-15.469570	-2.293059	6.997812	-16.526035
-6.343383	-6.008679	3.830125	2.398438	-17.988288	-14.134691	-1.790218	7.130515	-16.520339
13.219356	5.863693	-0.444271	5.068031	-16.353526	-12.610556	-1.281726	7.257230	-16.515568
-13.587560	-6.008522	-2.740936	6.186895	-13.758650	-10.664470	-0.694405	7.394962	-16.511246
13.720274	5.139670	1.176710	4.421511	-10.411942	-8.546592	-0.106050	7.524275	-16.508161
3.077692	5.715459	1.380127	4.288807	-10.242775	-8.446220	-0.079152	7.529987	-16.508050
-13.721421	6.232911	1.576729	4.152873	-10.072222	-8.345511	-0.052242	7.535685	-16.507941
-13.041030	5.478163	3.379333	1.169194	-6.613224	-6.380018	0.459143	7.640740	-16.506368
6.078220	-3.619957	0.821989	-1.896578	-2.880977	-4.345295	0.966236	7.738959	-16.505752
13.399296	-6.173637	-4.113381	-4.538694	1.535646	-1.961427	1.539710	7.842961	-16.506234
-13.401210	5.536574	-6.220299	-5.393751	5.885180	0.435969	2.101112	7.937426	-16.507995
9.316707	5.765537	-6.183817	-5.374491	6.080177	0.545859	2.126581	7.941536	-16.508107
13.411797	5.928156	-6.132745	-5.349521	6.274583	0.655685	2.152018	7.945625	-16.508222
-13.592424	1.850956	-2.914504	-3.961644	9.808948	2.708374	2.624747	8.018760	-16.510893
13.854427	-1.799755	2.402449	-1.361501	13.032052	4.710333	3.083381	8.084313	-16.514540
4.214679	-5.223321	7.551017	1.993292	16.119039	6.833501	3.571661	8.147776	-16.519718
-11.864680	-0.322522	9.249857	4.835487	18.576930	8.825069	4.036938	8.201479	-16.526106
-14.477791	4.911009	6.601100	6.349890	20.327223	10.719461	4.493671	8.246751	-16.534052
14.353516	-2.710101	-0.348409	6.410041	21.118643	12.390636	4.918834	8.280889	-16.543330
-14.341603	-3.776920	-0.702612	6.384121	21.130503	12.462181	4.937766	8.282200	-16.543793
9.112370	-4.810946	-1.054434	6.356030	21.140091	12.533105	4.956610	8.283485	-16.544260
14.052896	-4.741354	-6.748428	5.448738	20.917229	13.757561	5.296589	8.303038	-16.553572
-13.887335	4.583651	-9.262853	3.912773	20.003253	14.766215	5.607362	8.313664	-16.563916
14.063238	-4.328598	-7.669988	1.560648	18.241310	15.655980	5.924827	8.314613	-16.577051
3.454338	0.973534	-4.030589	-1.116808	15.853982	16.277156	6.197473	8.303263	-16.591533
-14.702931	1.333060	-3.843759	-1.244584	15.727464	16.300319	6.209245	8.302413	-16.592254
-2.554437	1.666485	-3.657063	-1.371943	15.599950	16.322911	6.220900	8.301535	-16.592978
-0.452188	3.697702	-0.448735	-3.577700	13.099699	16.640283	6.414140	8.280468	-16.606712
16.214016	0.080488	1.952928	-5.390025	10.336125	16.786391	6.568702	8.249709	-16.621435
-16.717235	-3.598701	4.177460	-6.899234	6.942496	16.759272	6.696505	8.201965	-16.639619
0.376518	4.089845	6.040769	-7.694607	3.459429	16.539164	6.770263	8.140823	-16.659086
16.427811	4.110573	6.085008	-7.709759	3.292510	16.524006	6.772481	8.137552	-16.660052
-16.386035	4.053182	6.122682	-7.722468	3.125722	16.508439	6.774581	8.134252	-16.661020
9.440501	-3.825812	5.531283	-7.535745	0.124071	16.154821	6.792553	8.068704	-16.679179
13.304225	-6.290547	2.163212	-6.635558	-2.760801	15.674844	6.773411	7.992986	-16.698294
-4.580724	8.140174	-3.798196	-4.861188	-5.850986	14.984065	6.708560	7.894398	-16.721273
-8.202077	6.455439	-5.235959	-2.479414	-8.673204	14.154097	6.600466	7.783251	-16.745468
4.518225	5.333954	-5.165585	-2.359380	-8.798645	14.111785	6.594351	7.777711	-16.746638
7.977723	4.126621	-5.084013	-2.239126	-8.923280	14.069224	6.588151	7.772148	-16.747810
-6.152300	-11.813914	-1.749969	0.000461	-11.093846	13.232464	6.457447	7.664271	-16.769993
4.964118	12.743730	3.298376	2.111906	-12.973220	12.310155	6.297894	7.547436	-16.793078
1.543930	6.772889	5.499600	4.082042	-14.706004	11.155200	6.081028	7.402314	-16.820732
-5.952838	-12.034787	4.631150	5.291264	-15.906975	9.912704	5.831101	7.246090	-16.849550
6.054101	-11.554853	4.557554	5.328591	-15.949379	9.852631	5.818638	7.238512	-16.850927
0.817666	-10.943383	4.482670	5.364252	-15.990519	9.792397	5.806109	7.230911	-16.852307
-6.494602	2.650191	2.796086	5.738245	-16.521420	8.643637	5.561153	7.085193	-16.878446
-11.610395	8.215678	0.352367	5.621422	-16.599078	7.448980	5.295192	6.931657	-16.905442
-1.719013	2.175955	-3.299934	5.034922	-16.155590	6.026377	4.965043	6.745392	-16.937599
15.011008	-2.718384	-5.880726	4.176563	-15.207068	4.563638	4.612169	6.549503	-16.970866
-14.968498	-2.756735	-5.934978	4.132959	-15.150741	4.493024	4.594811	6.539923	-16.972481
12.437448	-2.744624	-5.981042	4.089323	-15.093490	4.422346	4.577408	6.530322	-16.974098
12.892154	1.065897	-5.818556	3.287114	-13.912165	3.136095	4.255473	6.353253	-17.003751
-9.561146	-0.486787	-5.168384	2.419206	-12.497215	1.840328	3.920672	6.169623	-17.034205
5.679354	1.386786	-3.746989	1.307070	-10.649486	0.341571	3.519031	5.949014	-17.070476
3.849897	-3.990442	2.464895	0.089642	-8.671134	-1.138328	3.105253	5.720350	-17.107793
-3.573624	-4.072409	2.735555	0.030847	-8.575918	-1.207578	3.085426	5.709340	-17.109584
3.559674	-4.097967	2.993498	-0.028002	-8.480570	-1.276789	3.065566	5.698307	-17.111378
-4.570665	6.813960	5.210679	-1.088462	-6.744441	-2.519591	2.700564	5.494413	-17.144460
7.129105	9.879092	2.311509	-2.062645	-5.054726	-3.716809	2.330556	5.285123	-17.178295
-10.398891	-12.618209	-4.488728	-2.892056	-3.234326	-5.029546	1.896862	5.035610	-17.218527
3.968562	7.572945	-5.027089	-3.167179	-1.641956	-6.244701	1.461591	4.779588	-17.259744
12.222766	8.425075	-4.903001	-3.163073	-1.578482	-6.295407	1.442568	4.768252	-17.261568
-12.234422	9.186920	-4.769804	-3.157482	-1.515510	-6.345936	1.423534	4.756897	-17.263396
-9.590251	14.298915	-0.867022	-2.750725	-0.380618	-7.299405	1.048270	4.530171	-17.299885
-2.986416	11.994024	3.552714	-1.810115	0.558315	-8.161597	0.675874	4.299175	-17.337087
6.110950	-11.055309	6.147325	-0.130877	1.435224	-9.032817	0.251875	4.027540	-17.380906
2.817060	-0.450116	2.774342	1.959101	2.136646	-9.760422	-0.163156	3.750974	-17.425646
-4.323653	3.698296	2.476984	2.051690	2.165122	-9.789875	-0.181697	3.738337	-17.427693
4.301404	7.651333	2.168020	2.143400	2.193353	-9.819021	-0.200214	3.725691	-17.429743
-4.801374	-4.771786	-4.794472	3.625382	2.700000	-10.323237	-0.554310	3.478554	-17.469877
11.201222	-1.547296	-8.617805	4.108306	3.151651	-10.708834	-0.897275	3.228236	-17.510695
11.414625	0.274738	8.254574	0.377908	4.065682	-11.132005	-1.637495	2.638674	-17.607651
-10.285129	-6.016038	11.102786	-5.086786	4.786317	-10.889781	-2.287482	2.036948	-17.708076
10.088807	-1.049500	10.019678	-5.167134	4.799599	-10.877515	-2.300246	2.024032	-17.710250
-3.321551	3.170758	8.877461	-5.244643	4.812800	-10.864956	-2.312965	2.011112	-17.712426
-9.640345	6.286534	7.500938	-5.330434	4.827957	-10.850076	-2.327609	1.996174	-17.714943
-8.570738	6.956855	6.083514	-5.411855	4.843005	-10.834807	-2.342191	1.981230	-17.717462
-0.268848	5.699809	4.736737	-5.483799	4.856985	-10.820170	-2.355779	1.967244	-17.719821
8.933510	3.545097	3.382473	-5.551349	4.870861	-10.805202	-2.369304	1.953262	-17.722179
9.382903	-10.968786	-10.841530	-5.883942	5.062282	-10.548681	-2.560207	1.749114	-17.756739
1.463759	13.399649	-3.564166	-4.675753	5.230592	-10.220136	-2.739590	1.544173	-17.791664
-3.066037	11.236254	9.574136	-1.009064	5.398599	-9.635632	-2.972376	1.254621	-17.841431
-3.409023	-12.301784	4.190655	3.503035	5.440466	-8.908383	-3.181845	0.964103	-17.891899
3.032105	9.107206	-7.691439	6.828370	5.297260	-8.004031	-3.374072	0.662203	-17.944958
5.649195	-3.237844	-0.647314	6.962449	4.922932	-6.951104	-3.540494	0.360029	-17.998743
-5.720282	-4.519421	-0.148171	6.901968	4.901306	-6.901865	-3.547174	0.346823	-18.001110
5.792095	-5.692668	0.343514	6.836818	4.879238	-6.852331	-3.553807	0.333607	-18.003480
-7.415725	0.651523	6.484161	4.722508	4.352978	-5.805749	-3.676331	0.068399	-18.051345
9.126796	2.658811	2.672805	1.651862	3.695311	-4.672309	-3.778379	-0.196408	-18.099744
-10.886595	-2.394524	-4.964283	-2.093820	2.841926	-3.302229	-3.869598	-0.498184	-18.155693
10.026789	2.755954	-6.342643	-5.095858	1.951361	-1.893081	-3.933359	-0.798680	-18.212309
12.289509	2.745509	-6.225613	-5.196937	1.911575	-1.829374	-3.935578	-0.812180	-18.214875
-12.337300	2.678697	-6.093743	-5.294367	1.871900	-1.765724	-3.937740	-0.825668	-18.217441
13.040177	-3.260407	-1.467027	-6.522441	1.131933	-0.544733	-3.968362	-1.085350	-18.267230
5.139307	-2.899682	3.984240	-6.678064	0.472846	0.642035	-3.977672	-1.343458	-18.317497
-10.029721	3.791265	6.978721	-5.834977	-0.145977	1.929776	-3.961728	-1.637821	-18.375848
-12.621361	4.581140	4.121790	-4.210092	-0.611439	3.101858	-3.916933	-1.929359	-18.434804
-9.818104	4.178031	3.887251	-4.121484	-0.629356	3.152820	-3.914151	-1.942796	-18.437551
12.543191	3.729047	3.646825	-4.031914	-0.646965	3.203491	-3.911305	-1.956234	-18.440301
-11.676142	-4.962853	-1.533554	-2.222157	-0.919579	4.093212	-3.845939	-2.207879	-18.492313
4.106483	2.340756	-6.295010	-0.338838	-1.084241	4.847573	-3.758065	-2.456692	-18.544759
10.078483	5.257091	-7.275285	1.648331	-1.152437	5.526104	-3.629305	-2.738147	-18.605423
-10.171669	-4.887162	-0.728975	3.270737	-1.112593	5.990204	-3.470307	-3.015049	-18.666630
10.200986	-3.720668	-0.318810	3.329794	-1.108807	6.005719	-3.462546	-3.027223	-18.669358
1.413440	-2.479117	0.096547	3.387550	-1.104871	6.020811	-3.454720	-3.039395	-18.672088
-11.248066	4.193190	7.115356	4.206642	-1.002114	6.228686	-3.288791	-3.276326	-18.725913
-6.170510	-1.587962	6.898144	4.333186	-0.867484	6.268016	-3.099501	-3.509160	-18.780127
0.279086	-3.075267	-0.370405	3.717348	-0.703596	6.113584	-2.854879	-3.770491	-18.842699
14.831812	3.322217	-7.246437	2.437667	-0.537380	5.765503	-2.583255	-4.025633	-18.905749
-14.829241	3.064267	-7.281324	2.366482	-0.529887	5.745597	-2.570397	-4.037018	-18.908611
-2.815142	2.744205	-7.280454	2.294305	-0.522404	5.725364	-2.557501	-4.048382	-18.911472
14.169409	-4.217804	-2.042441	0.763450	-0.379985	5.271645	-2.300005	-4.265055	-18.966895
-12.830888	5.291214	6.389528	-0.766587	-0.244977	4.711055	-2.028264	-4.476368	-19.022658
-8.411129	0.937791	8.649404	-2.027310	-0.109577	3.963055	-1.701884	-4.712389	-19.087200
9.936688	-7.589223	3.179257	-2.347001	-0.008513	3.138058	-1.364939	-4.940450	-19.152164
-7.615736	-7.628293	2.846030	-2.340774	-0.004931	3.099072	-1.349357	-4.950677	-19.155143
-9.883112	-7.633680	2.511284	-2.332969	-0.001448	3.060000	-1.333763	-4.960886	-19.158123
1.331620	-5.156836	-3.748581	-1.926860	0.043802	2.306917	-1.036351	-5.151023	-19.214777
10.536096	-1.972166	-8.887435	-1.175297	0.047364	1.543374	-0.737541	-5.334481	-19.271721
-11.710335	1.720055	-11.568058	-0.173606	0.012489	0.674854	-0.396110	-5.536693	-19.337517
-3.985231	9.723731	-8.184932	0.678850	-0.045044	-0.160106	-0.061016	-5.729215	-19.403669
12.856981	9.173148	-7.837251	0.711258	-0.047918	-0.197410	-0.045780	-5.737857	-19.406729
-12.895935	8.475758	-7.471636	0.742955	-0.050799	-0.234612	-0.030557	-5.746482	-19.409792
13.370723	-10.019356	1.374587	1.185505	-0.104629	-0.911311	0.252525	-5.905535	-19.467889
-8.312240	4.438736	9.480628	1.261611	-0.151611	-1.524944	0.524193	-6.056489	-19.526233
-12.837451	10.427098	12.193855	0.779443	-0.194398	-2.128435	0.817346	-6.218913	-19.593297
3.959206	-0.939768	4.938349	-0.265180	-0.251362	-2.603780	1.087340	-6.369853	-19.660655
5.020393	-1.698590	4.467740	-0.316671	-0.254761	-2.621999	1.098974	-6.376424	-19.663718
11.724231	-2.471002	3.992414	-0.367890	-0.258247	-2.639902	1.110542	-6.382965	-19.666781
-10.559427	-10.098762	-4.890259	-1.205347	-0.344122	-2.925407	1.321444	-6.503963	-19.725807
9.342926	9.445372	-9.509076	-1.402107	-0.468900	-3.100235	1.508168	-6.615521	-19.785036
7.931946	5.787179	-6.940204	-0.443890	-0.645128	-3.173638	1.689718	-6.732017	-19.853527
-7.843140	-6.627284	-0.169040	1.100128	-0.777250	-3.124056	1.832701	-6.835395	-19.922252
7.851407	-5.354398	0.147778	1.169465	-0.780758	-3.119057	1.838365	-6.839834	-19.925419
0.954885	-3.985366	0.460655	1.237955	-0.783972	-3.113827	1.843953	-6.844247	-19.928589
-8.470272	4.896303	4.692787	2.238066	-0.777316	-2.975405	1.934588	-6.921959	-19.988274
-2.595011	-3.408332	4.095782	2.320348	-0.608923	-2.769289	1.998774	-6.989610	-20.048111
6.061878	-0.063465	0.558653	1.017214	-0.205798	-2.463224	2.041812	-7.055072	-20.117376
11.889244	1.471818	-1.129102	-1.262447	0.336156	-2.102316	2.053598	-7.106826	-20.186817
-11.910048	1.245208	-1.081311	-1.377539	0.362303	-2.084949	2.053426	-7.108847	-20.189971
9.646864	1.007278	-1.020733	-1.492867	0.388489	-2.067522	2.053195	-7.110837	-20.193123
11.933957	-1.634558	0.782996	-3.314567	0.884813	-1.723947	2.037719	-7.143368	-20.253272
-11.530713	2.261353	-0.202779	-3.310284	1.329892	-1.367129	2.002367	-7.165757	-20.313526
10.961280	-3.060006	-1.364728	-1.165604	1.699377	-0.953916	1.938902	-7.179277	-20.383347
-4.326758	3.077252	1.619703	2.123830	1.823140	-0.558326	1.853732	-7.179823	-20.453280
-5.126218	3.336582	1.763950	2.271876	1.821346	-0.540605	1.849270	-7.179537	-20.456548
-10.546185	3.559749	1.900667	2.417573	1.818800	-0.522964	1.844766	-7.179224	-20.459815
-4.286993	2.234294	2.793272	4.395108	1.622384	-0.211403	1.754434	-7.168510	-20.520227
10.630649	-2.858520	0.655749	4.366028	1.124280	0.071989	1.651773	-7.148606	-20.580699
-11.058846	-3.867777	-3.219526	2.343571	0.275967	0.364576	1.519122	-7.114173	-20.651085
5.935261	4.309311	-4.617243	-0.676676	-0.693450	0.615681	1.374729	-7.067909	-20.721529
11.651899	4.426495	-4.522356	-0.819295	-0.737847	0.626154	1.367881	-7.065513	-20.724755
-11.677729	4.488753	-4.408312	-0.961389	-0.782112	0.636536	1.361014	-7.063093	-20.727981
0.524419	-1.193848	0.260087	-3.382174	-1.565916	0.814168	1.229078	-7.013283	-20.788499
12.343220	-6.292908	5.166231	-4.819720	-2.185296	0.958599	1.092303	-6.955214	-20.849039
3.213515	4.120162	4.659261	-4.577082	-2.574775	1.083473	0.928993	-6.877306	-20.919681
-11.486517	7.884347	-0.761021	-2.755842	-2.569393	1.158786	0.764717	-6.788757	-20.990329
-10.569480	7.271911	-1.063918	-2.642899	-2.559994	1.161062	0.756967	-6.784307	-20.993674
11.380096	6.567317	-1.366353	-2.528048	-2.549813	1.163220	0.749216	-6.779830	-20.997021
-10.198401	-7.735072	-4.980595	-0.226273	-2.241367	1.182499	0.610383	-6.695099	-21.057422
8.964062	3.698986	-1.732151	2.155240	-1.727058	1.167327	0.474205	-6.603047	-21.117811
7.852622	6.195091	4.345967	4.106652	-0.923994	1.111783	0.319264	-6.486370	-21.188410
-8.646472	-5.705177	3.725253	4.233237	0.028704	1.022296	0.169959	-6.360276	-21.258968
8.715813	-5.720776	3.496886	4.191628	0.074430	1.017536	0.163320	-6.354324	-21.262175
-3.337530	-5.620737	3.251554	4.146033	0.120304	1.012721	0.156695	-6.348352	-21.265382
-10.876431	6.141970	-2.233037	2.664860	0.994496	0.912562	0.034491	-6.232272	-21.325838
-8.867984	4.299643	-3.228902	0.444281	1.820604	0.797696	-0.082103	-6.109724	-21.386247
17.441228	-9.267067	-0.049258	-2.174528	2.593087	0.651809	-0.209614	-5.959549	-21.456335
8.005522	-6.862580	2.751966	-3.695932	3.021658	0.499251	-0.327666	-5.801247	-21.526332
-20.414403	-6.006250	2.812744	-3.719775	3.030787	0.492064	-0.332943	-5.793642	-21.529606
20.511528	-5.078720	2.864837	-3.738390	3.038815	0.484884	-0.338194	-5.786026	-21.532878
0.117165	13.228064	2.121596	-3.240459	2.999672	0.353109	-0.430966	-5.642240	-21.593299
-21.825950	13.200052	-1.347174	-1.628244	2.656271	0.224961	-0.515207	-5.492820	-21.653636
21.059757	-14.354772	-3.489261	0.696773	1.979962	0.083735	-0.601099	-5.313311	-21.723287
-12.404986	10.890487	0.690690	2.574465	1.117249	-0.047645	-0.673632	-5.126931	-21.792795
-19.618390	11.968570	0.942079	2.639334	1.075349	-0.053366	-0.676606	-5.118266	-21.795964
-16.287282	12.918207	1.191510	2.702067	1.033290	-0.059065	-0.679553	-5.109581	-21.799135
-12.379600	12.429390	4.607776	3.420551	0.227179	-0.161515	-0.729408	-4.943054	-21.858961
15.764023	-1.475958	3.641756	3.163696	-0.562724	-0.253014	-0.767769	-4.771954	-21.918664
-11.759928	-4.290562	-1.712132	1.991112	-1.411219	-0.343309	-0.797059	-4.567877	-21.987823
5.987323	0.906248	-6.627495	0.429631	-2.139015	-0.413607	-0.809374	-4.358381	-22.056792
2.268901	0.194276	-6.638701	0.351761	-2.171331	-0.416540	-0.809534	-4.347779	-22.060233
-5.344808	-0.607991	-6.614675	0.274379	-2.203237	-0.419416	-0.809651	-4.337159	-22.063675
-5.176018	2.472146	6.546533	-2.147480	-3.035602	-0.479460	-0.783378	-3.925181	-22.193991
-5.131732	3.329069	8.370733	-3.168635	-2.889999	-0.431736	-0.704545	-3.498248	-22.323478
6.000947	-2.850719	8.415196	-3.171137	-2.870788	-0.429357	-0.702048	-3.487591	-22.326650
-6.889491	-3.907049	8.448259	-3.172416	-2.850756	-0.426927	-0.699527	-3.476927	-22.329821
7.794646	0.163163	8.449025	-3.172434	-2.829415	-0.424389	-0.696923	-3.466005	-22.333065
-0.148229	4.528710	8.399655	-3.171122	-2.807238	-0.421799	-0.694293	-3.455076	-22.336309
-21.274034	-1.216594	0.994253	-2.971289	-2.340926	-0.373014	-0.648324	-3.276737	-22.388864
31.308051	-16.725617	-8.495299	-2.462681	-1.710445	-0.313130	-0.596727	-3.096638	-22.441258
30.293084	-4.249542	-7.437450	-1.440565	-0.741689	-0.223462	-0.523356	-2.862326	-22.508516
-42.787186	28.700436	-1.411630	-0.199164	0.298415	-0.124418	-0.443937	-2.625853	-22.575483
-25.326793	27.400368	-1.294419	-0.142651	0.344372	-0.119892	-0.440307	-2.615330	-22.578444
-22.302889	25.718404	-1.198722	-0.086134	0.390267	-0.115355	-0.436667	-2.604797	-22.581406
41.543297	-29.719027	-1.196221	0.981069	1.252810	-0.025914	-0.364278	-2.398744	-22.639055
7.142146	-8.893456	1.200634	1.881334	2.003297	0.063101	-0.290074	-2.191689	-22.696470
-31.643289	23.091942	5.411466	2.522099	2.635439	0.161202	-0.203559	-1.951320	-22.762571
24.825368	-15.001909	5.809955	2.513874	2.909343	0.249230	-0.118075	-1.710402	-22.828334
-24.515547	-16.011618	5.658872	2.493966	2.911687	0.252951	-0.114200	-1.699320	-22.831349
17.572003	-16.756193	5.489449	2.472219	2.913076	0.256639	-0.110332	-1.688239	-22.834363
18.633792	-2.108078	0.025137	1.773636	2.772999	0.319915	-0.038855	-1.479455	-22.891012
-13.674485	7.807799	-4.631852	0.720456	2.360399	0.371192	0.029122	-1.270890	-22.947385
-10.710943	3.978710	-2.522306	-0.561415	1.627277	0.415500	0.101672	-1.030732	-23.012116
2.655313	-2.907412	2.253886	-1.475454	0.711132	0.444004	0.166100	-0.791640	-23.076460
6.697314	-2.846917	2.398192	-1.500731	0.666761	0.444926	0.168802	-0.780819	-23.079372
-6.653953	-2.736209	2.530885	-1.524252	0.622221	0.445815	0.171483	-0.770000	-23.082282
-1.526869	1.476863	3.161382	-1.617782	-0.247963	0.456626	0.218442	-0.564211	-23.137666
8.619008	3.973766	1.413712	-1.063393	-1.113155	0.455756	0.256631	-0.359850	-23.192739
-11.760211	0.379849	-1.157992	-0.014567	-2.012996	0.439639	0.288952	-0.126303	-23.255856
15.097200	-2.408750	-2.655356	0.905759	-2.680845	0.405032	0.309403	0.104554	-23.318536
13.909454	-2.890933	-2.673442	0.934549	-2.703223	0.402996	0.310062	0.114869	-23.321345
-15.369354	-3.410613	-2.686195	0.961835	-2.724853	0.400915	0.310699	0.125185	-23.324155
17.577358	-11.254000	-1.779503	1.189073	-2.975048	0.352186	0.318854	0.322037	-23.377952
9.000435	-1.289723	1.016306	0.902098	-2.878133	0.286440	0.319734	0.516261	-23.431402
-14.234356	14.672463	2.869301	0.191496	-2.429460	0.197021	0.313082	0.727798	-23.490138
-19.688102	11.981475	0.455808	-0.637865	-1.726330	0.094650	0.299314	0.935450	-23.548428
18.696229	-15.069773	-2.897088	-1.149463	-0.832928	-0.021475	0.278197	1.148712	-23.609063
-16.919529	3.255414	-2.709543	-0.907958	0.110080	-0.141236	0.251202	1.357088	-23.669183
0.251134	4.724454	-2.625913	-0.882847	0.151048	-0.146442	0.249909	1.366033	-23.671785
16.734720	6.157012	-2.537632	-0.856804	0.191945	-0.151639	0.248607	1.374962	-23.674384
-14.746445	12.776549	-0.081997	-0.188057	0.991314	-0.253826	0.220777	1.551042	-23.726010
12.780903	-11.566742	2.280265	0.591555	1.733321	-0.350785	0.189766	1.723225	-23.777230
-10.972460	10.455039	2.069607	1.328921	2.464155	-0.451010	0.150954	1.915837	-23.835473
9.938158	1.865871	0.871249	1.741790	3.010866	-0.534450	0.109433	2.103170	-23.893159
-9.912032	1.395930	0.814467	1.753143	3.030825	-0.537834	0.107455	2.111743	-23.895825
-4.830660	1.007806	0.757878	1.763858	3.050267	-0.541173	0.105472	2.120310	-23.898491
9.755914	0.419716	-0.202010	1.849155	3.312420	-0.594101	0.067968	2.278008	-23.947999
-10.058565	-6.196400	-0.792895	1.723412	3.379035	-0.627062	0.029970	2.431688	-23.997069
10.759405	-9.169367	-0.662786	1.306998	3.230813	-0.637526	-0.013632	2.604232	-24.053212
8.052135	-6.518060	0.290992	0.678928	2.875071	-0.620812	-0.055930	2.771345	-24.108745
-11.867794	-5.740546	0.328727	0.651270	2.854731	-0.619475	-0.057793	2.778752	-24.111234
11.925898	-4.872984	0.364444	0.623982	2.834033	-0.618090	-0.059654	2.786152	-24.113724
-13.156722	9.105532	0.410980	0.201443	2.372803	-0.582527	-0.094555	2.926536	-24.161435
14.300084	-8.909416	-0.851573	0.018333	1.809154	-0.531653	-0.127344	3.062776	-24.208669
-14.823175	8.451491	-0.989253	-0.039943	1.063149	-0.456888	-0.161972	3.214776	-24.262556
13.611573	-5.925720	1.468647	-0.215865	0.249983	-0.367909	-0.192830	3.361193	-24.315781
10.621250	-6.820885	1.566713	-0.228256	0.213220	-0.363712	-0.194099	3.367510	-24.318109
-13.390757	-7.631782	1.659214	-0.241068	0.176402	-0.359494	-0.195359	3.373816	-24.320436
4.537611	-4.474980	2.198584	-0.570313	-0.555028	-0.272445	-0.218584	3.495745	-24.365969
6.435277	5.664241	0.157367	-1.008658	-1.282497	-0.179108	-0.238686	3.613427	-24.410983
-2.474656	-4.287421	-3.475278	-1.581804	-2.083748	-0.066382	-0.257805	3.743625	-24.462155
-1.363368	2.459846	-1.095452	-2.172400	-2.811058	0.049164	-0.272441	3.868141	-24.512620
0.837526	2.707951	-0.861787	-2.199551	-2.841604	0.054408	-0.272994	3.873636	-24.514885
-0.856470	2.894574	-0.621252	-2.226761	-2.871920	0.059651	-0.273537	3.879120	-24.517148
2.705604	-2.184864	3.848128	-2.763378	-3.404074	0.159693	-0.282080	3.981991	-24.560257
-6.541701	2.041232	4.706508	-3.353433	-3.826524	0.257508	-0.286981	4.080543	-24.602815
11.769895	-2.572127	4.273395	-4.138688	-4.145875	0.364879	-0.287953	4.188652	-24.651131
-16.014745	-0.005330	3.573669	-4.841817	-4.251143	0.463635	-0.283752	4.290971	-24.698690
-4.399929	0.664941	3.514948	-4.869609	-4.250142	0.468195	-0.283410	4.295842	-24.701004
16.307996	1.339651	3.452665	-4.896526	-4.248533	0.472722	-0.283055	4.300696	-24.703315
-17.791065	4.811922	1.568868	-5.197452	-4.115450	0.547728	-0.274647	4.384127	-24.743818
6.048207	-3.858878	-1.762450	-5.042129	-3.778699	0.613207	-0.262130	4.463207	-24.783735
16.438530	-6.805618	-4.038019	-4.003678	-3.168066	0.676881	-0.242375	4.549458	-24.829260
-1.400254	7.323602	-1.567547	-1.875520	-2.373438	0.727083	-0.216878	4.629930	-24.873974
-14.716255	7.402270	-1.404050	-1.767957	-2.336681	0.728900	-0.215674	4.633200	-24.875843
-4.358610	7.381455	-1.239489	-1.659462	-2.299725	0.730691	-0.214460	4.636457	-24.877709
13.505193	-4.257765	1.841632	0.712494	-1.496610	0.762019	-0.187180	4.701190	-24.915763
-12.848642	-7.557699	2.723999	3.056579	-0.635901	0.782681	-0.155442	4.761665	-24.953187
1.111575	2.156232	0.506786	5.164038	0.378671	0.792953	-0.113368	4.826028	-24.995443
12.566196	7.029910	-1.849368	6.059262	1.367241	0.788505	-0.065330	4.884911	-25.036841
-12.563505	6.782049	-1.892226	6.061780	1.411179	0.787945	-0.062981	4.887488	-25.038723
-8.692430	6.490778	-1.926667	6.060505	1.454940	0.787353	-0.060620	4.890054	-25.040604
0.907400	-2.937378	-1.319076	5.406866	2.245727	0.770329	-0.013763	4.936452	-25.075834
12.283869	-6.135846	0.471297	3.912339	2.956397	0.742336	0.037010	4.978830	-25.110396
-12.136173	5.385344	1.559765	1.831310	3.661283	0.697122	0.099393	5.022464	-25.149117
6.736129	-3.552810	-0.181682	-0.008707	4.241755	0.638316	0.165593	5.060989	-25.186941
12.193534	-3.952400	-0.282156	-0.083023	4.265446	0.635277	0.168733	5.062649	-25.188669
-12.204311	-4.299167	-0.380480	-0.156270	4.288851	0.632211	0.171879	5.064298	-25.190395
12.540040	-3.294961	-1.650434	-1.320610	4.676285	0.569102	0.232392	5.093471	-25.222662
11.490491	0.775275	-1.572075	-2.048599	4.954796	0.496571	0.294419	5.118866	-25.254230
-13.570436	1.629515	-0.085161	-2.570961	5.132037	0.402696	0.366307	5.143391	-25.289496
2.294317	-1.385191	1.697056	-3.171096	5.149265	0.298302	0.437999	5.163268	-25.323844
13.913214	-1.374957	1.722344	-3.210695	5.145781	0.292908	0.441515	5.164133	-25.325518
-7.758555	-1.332677	1.737880	-3.251623	5.141879	0.287495	0.445028	5.164988	-25.327189
-13.881039	1.760454	0.946686	-4.146652	5.003439	0.189470	0.506074	5.178265	-25.356221
9.848577	1.658042	-0.375166	-5.171717	4.727763	0.087487	0.565233	5.188257	-25.384559
12.791464	-3.468979	-1.434609	-6.134257	4.226524	-0.033057	0.630501	5.195801	-25.416544
-11.769195	-4.740442	-1.181701	-6.448429	3.519151	-0.153091	0.691126	5.199093	-25.447593
11.717534	-4.195186	-1.123303	-6.442223	3.481724	-0.158511	0.693766	5.199143	-25.448989
1.514411	-3.595147	-1.060528	-6.434038	3.443843	-0.163924	0.696394	5.199184	-25.450383
-10.684259	5.418553	0.435312	-5.904147	2.648364	-0.264092	0.743522	5.198354	-25.476299
9.902345	-5.541940	1.217456	-4.648397	1.717883	-0.359350	0.785567	5.194502	-25.501526
-9.494401	5.091813	0.608090	-2.361499	0.523046	-0.461301	0.827114	5.186306	-25.530002
9.472028	-4.314128	-1.557130	0.322072	-0.722825	-0.550764	0.859652	5.174229	-25.557563
-9.471508	-4.283794	-1.612131	0.443232	-0.780309	-0.554538	0.860914	5.173582	-25.558812
5.336601	-4.144866	-1.658046	0.563541	-0.837738	-0.558278	0.862155	5.172927	-25.560059
9.390840	3.737663	-0.762427	2.619770	-1.883238	-0.621140	0.881021	5.159410	-25.582830
-9.060372	-3.671406	2.431176	4.320675	-2.861081	-0.670498	0.891604	5.143381	-25.604940
3.594859	4.237021	3.118972	5.812038	-3.858361	-0.709282	0.893234	5.121559	-25.630002
4.519344	-4.213741	0.765787	6.720951	-4.625787	-0.725863	0.883469	5.096557	-25.654175
3.561479	-4.900256	0.618956	6.748538	-4.654108	-0.726064	0.882758	5.095342	-25.655257
-4.156579	-5.525973	0.470153	6.774934	-4.681794	-0.726215	0.882025	5.094121	-25.656337
8.450596	-7.487252	-5.087585	6.958050	-5.295234	-0.686447	0.831748	5.037792	-25.699614
11.161557	-2.634225	-3.954947	5.664002	-4.974700	-0.555842	0.744269	4.971035	-25.739778
-11.921343	4.119099	-3.866665	5.612841	-4.957191	-0.551773	0.741743	4.969315	-25.740701
2.542054	7.672715	-3.777123	5.560651	-4.939274	-0.547668	0.739199	4.967591	-25.741622
13.464035	7.226589	-3.684889	5.506601	-4.920670	-0.543465	0.736597	4.965836	-25.742555
-14.204100	3.482436	-3.590742	5.451476	-4.901654	-0.539226	0.733978	4.964077	-25.743485
20.818643	-6.663044	-1.045968	4.354392	-4.522469	-0.462925	0.687121	4.933742	-25.758808
-1.311154	5.304484	3.875132	2.902626	-4.038535	-0.378109	0.634834	4.901844	-25.773630
-10.921519	-2.850508	6.726512	0.443995	-3.282736	-0.259628	0.559785	4.858510	-25.791996
2.182620	-2.893298	1.704614	-2.587153	-2.405006	-0.134875	0.476481	4.812740	-25.809545
-1.894530	0.095300	1.220462	-2.732623	-2.361121	-0.128915	0.472358	4.810525	-25.810352
1.625267	2.923521	0.719060	-2.877664	-2.317005	-0.122947	0.468215	4.808302	-25.811158
-0.019355	-3.947810	-6.582581	-5.362472	-1.461325	-0.011626	0.387865	4.765934	-25.825851
8.016625	5.645685	-1.956794	-7.066037	-0.556024	0.097788	0.301785	4.721821	-25.839925
9.927891	1.753894	4.429980	-7.685552	0.497488	0.215175	0.198153	4.670036	-25.855068
-16.168989	-9.245798	5.719013	-6.599521	1.541674	0.322011	0.087984	4.616202	-25.869435
15.578969	-8.591441	5.616095	-6.507506	1.586286	0.326385	0.083012	4.613799	-25.870047
16.585021	-7.821730	5.498754	-6.411595	1.630760	0.330731	0.078029	4.611391	-25.870658
-19.196866	10.265636	1.298141	-3.833246	2.479921	0.410861	-0.023782	4.562648	-25.882514
2.548339	2.164037	-3.005998	-0.536314	3.229634	0.476883	-0.130336	4.512473	-25.893792
17.766857	-10.505456	-4.684370	3.198611	3.915546	0.532236	-0.259224	4.452914	-25.906087
-7.441663	8.040534	-1.726874	6.171175	4.348179	0.561273	-0.394302	4.391624	-25.917626
-13.042431	8.896433	-1.530751	6.288001	4.361805	0.561947	-0.401111	4.388561	-25.918176
-14.727949	9.671502	-1.335264	6.401573	4.374651	0.562546	-0.407934	4.385494	-25.918723
12.357659	9.008224	1.696831	7.803869	4.464411	0.560117	-0.530757	4.330586	-25.928109
-10.649596	-7.264998	3.327811	7.806802	4.272682	0.532101	-0.656755	4.274496	-25.936934
9.878860	-1.296836	3.488271	5.800066	3.719960	0.472216	-0.803652	4.208780	-25.946371
3.941110	3.970899	1.788418	2.246145	2.890011	0.388537	-0.951354	4.141681	-25.955084
-10.434470	2.808787	1.647834	2.064540	2.847284	0.384275	-0.958046	4.138605	-25.955462
-3.106224	1.611748	1.501208	1.881986	2.804187	0.379977	-0.964736	4.135527	-25.955839
2.442862	-2.732566	-1.685656	-1.667588	1.916951	0.291299	-1.092504	4.075922	-25.962788
13.500222	2.095711	-2.767958	-4.809842	0.958021	0.193668	-1.218209	4.015400	-25.969198
-15.494161	-2.095201	0.825151	-7.043764	-0.150879	0.075853	-1.358350	3.944913	-25.975897
13.623646	2.816641	2.338263	-7.119759	-1.180010	-0.042315	-1.492405	3.873391	-25.981901
17.033305	2.805167	2.293044	-7.065059	-1.222348	-0.047468	-1.498182	3.870195	-25.982152
-17.076680	2.739368	2.237786	-7.005199	-1.264371	-0.052614	-1.503948	3.866996	-25.982401
8.966588	-3.430848	-0.092089	-4.970014	-2.016988	-0.150595	-1.613906	3.803721	-25.987028
17.474168	-5.024849	-2.003229	-1.932965	-2.616066	-0.239719	-1.716544	3.739791	-25.991138
-17.144368	6.044255	-0.530597	1.738703	-3.088337	-0.325643	-1.823518	3.665879	-25.995214
16.874936	-5.716938	1.365514	4.723670	-3.304685	-0.388534	-1.917532	3.591284	-25.998627
7.279191	-6.201362	1.415885	4.833897	-3.308114	-0.390855	-1.921663	3.587709	-25.998773
-0.933159	-6.624935	1.460986	4.940524	-3.310893	-0.393111	-1.925764	3.584130	-25.998918
-16.809594	-5.821775	1.494454	6.195217	-3.242071	-0.422715	-1.994439	3.518579	-26.001303
-5.272416	2.878020	0.683691	6.099675	-2.932322	-0.431831	-2.050593	3.452642	-26.003196
16.836225	5.879489	-0.425257	4.665385	-2.287955	-0.420366	-2.098054	3.376595	-26.004768
-16.491134	-4.835218	-0.970089	2.388818	-1.426142	-0.389280	-2.125734	3.300210	-26.005706
9.036830	-5.034287	-0.974109	2.275897	-1.383851	-0.387470	-2.126496	3.296750	-26.005734
16.434021	-5.175620	-0.976116	2.162494	-1.341327	-0.385626	-2.127214	3.293286	-26.005760
-12.651473	-0.972430	-0.671485	-0.042789	-0.497387	-0.344204	-2.132436	3.226495	-26.006018
-14.341509	4.200565	0.058124	-2.100461	0.343578	-0.292899	-2.120840	3.159440	-26.005807
0.255549	3.306607	0.805550	-3.922945	1.212039	-0.223734	-2.086113	3.081706	-26.004988
9.683936	-0.226090	0.447295	-4.784606	1.863081	-0.145471	-2.028842	3.003385	-26.003560
-9.553649	-0.349624	0.408308	-4.797759	1.885360	-0.141773	-2.025754	2.999857	-26.003482
1.478365	-0.464749	0.367891	-4.808663	1.906984	-0.138056	-2.022620	2.996325	-26.003402
6.815448	-2.324771	-0.591513	-4.581245	2.196471	-0.063439	-1.953407	2.927757	-26.001630
-4.575341	-3.864062	-1.512632	-3.576171	2.259220	0.015782	-1.868093	2.858638	-25.999411
-2.259035	4.118462	-1.067305	-1.715506	2.085451	0.110395	-1.750591	2.778436	-25.996313
4.874650	-2.195619	2.436367	0.546179	1.690701	0.202731	-1.612998	2.697490	-25.992638
-5.030440	-3.287768	2.566514	0.658463	1.666956	0.206986	-1.605896	2.693584	-25.992447
5.194970	-4.272467	2.684446	0.770770	1.642809	0.211220	-1.598750	2.689677	-25.992255
-9.407845	4.073116	1.862371	2.703887	1.142381	0.283058	-1.461804	2.618676	-25.988554
14.894687	-3.647802	-3.694305	3.984307	0.541662	0.342721	-1.310652	2.547101	-25.984429
-20.707006	3.401424	-2.649676	3.731124	-0.221771	0.390370	-1.119269	2.463844	-25.979153
6.875774	-3.299618	4.006504	1.656943	-0.941792	0.408587	-0.910214	2.379809	-25.973329
23.591682	-3.715596	4.135228	1.526951	-0.970641	0.408601	-0.900512	2.376051	-25.973058
-23.600434	-4.097003	4.232646	1.393978	-0.999119	0.408543	-0.890776	2.372292	-25.972785
8.782250	1.421823	1.278838	-1.486893	-1.463558	0.391983	-0.694071	2.298565	-25.967243
17.549669	7.059584	-3.875670	-3.659668	-1.691629	0.343498	-0.485781	2.224242	-25.961298
8.856186	-8.745544	-2.993664	-3.561481	-1.586593	0.247082	-0.233993	2.137942	-25.953964
-1.442349	5.783220	2.901329	-1.236060	-1.166054	0.118390	0.027867	2.050833	-25.946110
-6.789538	7.744427	3.007045	-1.094454	-1.141112	0.111947	0.040074	2.046818	-25.945738
6.657055	9.491188	3.080748	-0.950651	-1.115764	0.105468	0.052296	2.042800	-25.945364
-5.592945	-8.985926	0.262467	1.858553	-0.575092	-0.021825	0.285567	1.966523	-25.938098
6.922600	-7.654199	-2.901898	3.578518	0.029885	-0.151254	0.521164	1.889631	-25.930454
9.520944	6.768228	-0.725278	2.561830	0.706029	-0.289541	0.791457	1.800463	-25.921204
-12.707344	-6.887281	3.451493	-0.339266	1.252676	-0.402252	1.057697	1.710463	-25.911469
10.070688	-6.655895	3.421315	-0.484607	1.272957	-0.406600	1.069855	1.706280	-25.911007
12.972240	-6.262898	3.359172	-0.629326	1.292707	-0.410861	1.081996	1.702095	-25.910544
-14.964407	8.548920	-1.006679	-2.997606	1.551200	-0.472795	1.307419	1.622834	-25.901622
15.884104	-7.651666	-4.060912	-3.817486	1.544030	-0.495375	1.524567	1.542933	-25.892342
12.599558	-13.428763	-2.806928	-1.914249	1.170393	-0.475975	1.760994	1.450582	-25.881276
-13.453406	1.036407	3.334649	1.458459	0.531241	-0.416148	1.982299	1.357377	-25.869754
-13.580586	2.098267	3.584547	1.613991	0.497882	-0.412530	1.992176	1.353029	-25.869208
-1.868086	3.184290	3.820691	1.767587	0.464351	-0.408846	2.002010	1.348681	-25.868661
10.736160	13.701455	4.033042	4.022470	-0.178368	-0.328430	2.179136	1.266931	-25.858251
-7.405630	-10.661783	-3.802400	4.388899	-0.777872	-0.230130	2.342116	1.184521	-25.847508
3.771176	-1.487570	-3.733583	2.482177	-1.313908	-0.101995	2.510763	1.088752	-25.834725
2.080325	1.032672	2.790605	-1.029494	-1.644665	0.033887	2.657155	0.992096	-25.821516
-1.904533	0.136274	3.048798	-1.192268	-1.654551	0.040211	2.663349	0.987609	-25.820896
1.900689	-0.754072	3.287100	-1.352732	-1.663935	0.046528	2.669488	0.983124	-25.820275
-3.177124	-0.482550	3.246438	-3.875345	-1.745336	0.164466	2.775138	0.898369	-25.808427
6.365821	-1.982805	-2.038029	-5.314050	-1.636712	0.279288	2.861249	0.812935	-25.796269
-11.057191	-2.111593	-3.606585	-5.341298	-1.272257	0.404455	2.934892	0.713248	-25.781825
1.146071	3.866526	3.252557	-3.483927	-0.715091	0.516841	2.978921	0.612592	-25.766980
15.301835	3.662928	3.511577	-3.365028	-0.686072	0.521641	2.980208	0.607922	-25.766285
-15.442248	3.379947	3.749278	-3.244156	-0.656844	0.526400	2.981427	0.603252	-25.765590
17.169603	-4.616920	4.540407	-0.759443	-0.081657	0.607466	2.991638	0.515953	-25.752502
10.518343	-1.089539	0.039995	1.742520	0.517169	0.672231	2.977356	0.427882	-25.739130
-16.788994	4.043957	-5.512761	4.123991	1.175098	0.722892	2.928360	0.324386	-25.723201
8.356168	-3.645970	-5.498358	5.540086	1.711684	0.741063	2.843854	0.220068	-25.706902
15.418823	-3.690573	-5.391567	5.584237	1.732203	0.741004	2.839088	0.215226	-25.706140
9.241584	-3.662894	-5.279401	5.626776	1.752291	0.740859	2.834243	0.210380	-25.705376
-14.234289	3.349493	-2.451695	6.134614	2.035133	0.721226	2.730453	0.119743	-25.690987
-8.015874	4.619617	0.999936	6.144950	2.115628	0.665374	2.602593	0.028712	-25.676333
13.009697	-2.933691	4.445761	5.565063	1.952120	0.552192	2.426985	-0.077168	-25.659022
-13.427046	-8.166556	6.344631	4.337720	1.562948	0.395821	2.225048	-0.183283	-25.641371
13.055967	-7.883135	6.378524	4.268385	1.541248	0.388004	2.215449	-0.188033	-25.640573
13.508911	-7.533079	6.407520	4.197918	1.519241	0.380132	2.205812	-0.192780	-25.639776
-6.826569	6.192455	6.149517	2.642468	1.040179	0.217945	2.011623	-0.284227	-25.624284
-16.146038	12.625046	4.802063	0.834665	0.483185	0.040868	1.802567	-0.375627	-25.608552
19.584418	-17.104229	-0.048805	-3.389220	-0.915275	-0.393236	1.261099	-0.590957	-25.570428
7.200072	17.888922	-4.458546	-5.598718	-2.007224	-0.768322	0.675233	-0.804165	-25.531052
-19.664083	18.869553	-4.495974	-5.606555	-2.024120	-0.775265	0.661833	-0.808898	-25.530158
5.264011	19.033293	-4.529144	-5.612157	-2.040608	-0.782132	0.648417	-0.813633	-25.529262
19.523796	17.534082	-4.558915	-5.615575	-2.057279	-0.789177	0.634474	-0.818549	-25.528332
-19.446595	13.846664	-4.583661	-5.616516	-2.073495	-0.796137	0.620514	-0.823466	-25.527400
3.230914	8.819580	-4.602916	-5.614970	-2.089108	-0.802950	0.606663	-0.828340	-25.526475
16.903904	3.453606	-4.616607	-5.610926	-2.104251	-0.809671	0.592804	-0.833213	-25.525550
17.705694	-18.639704	-3.964087	-5.281861	-2.271895	-0.896450	0.390527	-0.903876	-25.512015
7.286328	5.980546	-1.423968	-4.511795	-2.346323	-0.960008	0.187768	-0.974081	-25.498352
-12.408760	16.226393	2.689723	-2.875078	-2.313469	-1.003788	-0.093734	-1.071088	-25.479095
9.323617	-6.754315	3.954670	-0.804792	-2.142312	-0.992828	-0.371526	-1.166983	-25.459597
-6.896996	-12.108359	1.988086	1.424972	-1.846777	-0.931351	-0.644375	-1.261935	-25.439802
5.480893	-0.977546	-1.967884	3.360286	-1.439382	-0.826228	-0.909898	-1.355500	-25.419778
-5.234925	8.359370	-4.288816	4.450433	-0.910077	-0.678293	-1.176714	-1.451144	-25.398730
6.217026	1.178834	-1.659296	4.138231	-0.288829	-0.498899	-1.432589	-1.544994	-25.377449
2.208779	0.812818	-1.452978	4.092607	-0.257959	-0.489876	-1.444258	-1.549337	-25.376448
-6.367080	0.465029	-1.242820	4.044594	-0.226956	-0.480804	-1.455899	-1.553675	-25.375447
9.068406	-4.115164	2.791086	2.781304	0.364687	-0.303774	-1.667356	-1.633675	-25.356711
10.356118	-5.880428	5.201855	1.054639	0.947592	-0.115193	-1.867822	-1.712085	-25.337811
2.886105	-2.842511	4.157360	-1.064893	1.540355	0.109259	-2.083585	-1.800315	-25.315842
-15.107355	5.823075	0.277262	-2.852421	1.972540	0.333425	-2.281340	-1.886152	-25.293670
4.619179	6.352821	0.060497	-2.919449	1.987423	0.343714	-2.290076	-1.890086	-25.292633
15.264963	6.868208	-0.157918	-2.984652	2.001776	0.353984	-2.298770	-1.894016	-25.291596
-16.355186	6.938369	-4.071404	-3.804271	2.162407	0.540800	-2.452708	-1.966241	-25.272180
16.918068	-7.612241	-5.977532	-3.671122	2.101103	0.715112	-2.590312	-2.036437	-25.252624
1.687575	0.576159	-3.779837	-2.221017	1.798251	0.893763	-2.726384	-2.114505	-25.229973
-17.144990	8.879639	0.803980	0.030828	1.315457	1.043954	-2.836764	-2.189611	-25.207149
-13.447900	8.479886	1.013773	0.139626	1.290436	1.050027	-2.841144	-2.192947	-25.206109
-9.896425	7.988959	1.221225	0.248424	1.265198	1.056032	-2.845468	-2.196276	-25.205070
17.056722	-8.011710	4.369457	2.234954	0.748991	1.157561	-2.917526	-2.258780	-25.185085
-16.928709	-8.922802	5.102375	3.691838	0.202534	1.231727	-2.968724	-2.318822	-25.164983
-7.437971	6.053586	3.367131	4.212910	-0.404520	1.280098	-3.001202	-2.385110	-25.141575
15.648154	7.826331	-0.387989	3.527154	-0.918544	1.284546	-3.004123	-2.447809	-25.118023
-15.588023	7.023979	-0.582691	3.470468	-0.939341	1.283635	-3.003536	-2.450589	-25.116943
-5.585515	6.153744	-0.777558	3.411745	-0.959889	1.282624	-3.002885	-2.453361	-25.115862
14.076128	-7.261317	-3.752719	1.958944	-1.298191	1.244794	-2.979009	-2.503964	-25.095502
-12.279491	6.941459	-3.534921	-0.049509	-1.540020	1.170701	-2.933824	-2.551721	-25.075048
5.265066	-1.680996	0.366318	-2.708275	-1.688584	1.038223	-2.856148	-2.603639	-25.051166
8.328448	-7.066062	3.061182	-4.778738	-1.682118	0.855077	-2.753236	-2.651733	-25.027170
4.802898	-6.701639	3.054504	-4.841102	-1.677934	0.845547	-2.747995	-2.653826	-25.026078
-3.083277	-6.273994	3.033158	-4.900056	-1.673401	0.835907	-2.742702	-2.655913	-25.024985
-7.288788	6.794671	0.726465	-5.395551	-1.521761	0.634831	-2.633375	-2.694045	-25.004195
7.132265	7.761291	-2.472713	-4.810373	-1.252025	0.405649	-2.508049	-2.729365	-24.983333
-7.939480	-8.133299	-3.735647	-3.021803	-0.831926	0.117507	-2.344707	-2.766738	-24.959112
9.663755	1.503323	-0.070502	-0.534344	-0.348164	-0.181728	-2.163488	-2.800392	-24.934809
0.842525	2.281580	0.169146	-0.408338	-0.324598	-0.195935	-2.154493	-2.801894	-24.933656
-9.864774	3.029460	0.410036	-0.282024	-0.301018	-0.210134	-2.145463	-2.803388	-24.932503
-8.354985	8.745332	4.307413	2.020169	0.126651	-0.467007	-1.973910	-2.829298	-24.911341
-5.914285	4.481926	5.432664	4.062279	0.521379	-0.711202	-1.791694	-2.852440	-24.890128
14.962392	-6.434783	3.540000	5.710710	0.889225	-0.965105	-1.569771	-2.875726	-24.865591
-14.432173	-10.334136	-0.668037	6.462718	1.110558	-1.175381	-1.337254	-2.895368	-24.840999
12.100709	-9.742363	-0.886774	6.476019	1.115958	-1.183234	-1.327036	-2.896132	-24.839939
14.276833	-9.084139	-1.107875	6.487842	1.120983	-1.190983	-1.316796	-2.896890	-24.838878
-11.827962	6.956368	-5.442527	6.416204	1.145850	-1.323327	-1.107507	-2.910742	-24.817478
-7.561483	12.348668	-7.436904	5.775019	1.045108	-1.408545	-0.894123	-2.921878	-24.796049
5.072747	8.405336	-4.342102	4.411890	0.810871	-1.446697	-0.647547	-2.931311	-24.771496
-3.537983	-2.223288	1.706686	2.554569	0.491251	-1.423610	-0.401059	-2.937231	-24.746919
1.189944	-3.194348	1.997770	2.457310	0.474650	-1.421048	-0.389354	-2.937426	-24.745748
3.547304	-4.184628	2.285689	2.359423	0.457959	-1.418356	-0.377653	-2.937612	-24.744577
2.749525	-16.325956	6.462164	0.482066	0.142243	-1.346665	-0.164304	-2.939639	-24.723121
-9.711536	-9.655780	7.230798	-1.467431	-0.172392	-1.234416	0.046502	-2.939029	-24.701656
-12.102915	17.648893	3.958043	-3.600205	-0.493977	-1.059392	0.283752	-2.935107	-24.677037
15.648005	6.826440	-2.152221	-5.209977	-0.731451	-0.838880	0.514787	-2.927767	-24.652416
-15.774384	4.213740	-2.424793	-5.264947	-0.739833	-0.827421	0.525510	-2.927336	-24.651254
10.841512	1.596416	-2.690455	-5.317604	-0.747921	-0.815878	0.536208	-2.926898	-24.650093
17.317460	-16.726617	-5.543891	-5.819052	-0.839117	-0.587454	0.730193	-2.917478	-24.628681
3.544250	-4.156802	-3.078851	-5.311202	-0.809076	-0.333499	0.917186	-2.905509	-24.607274
-15.933247	13.621005	2.028759	-3.697592	-0.648137	-0.019376	1.123346	-2.888516	-24.582534
1.904702	-2.023722	3.763889	-1.380578	-0.393769	0.302859	1.317237	-2.868166	-24.557812
13.223310	-4.490339	3.735246	-1.266173	-0.380798	0.317353	1.325669	-2.867169	-24.556698
-13.084422	-6.900680	3.697467	-1.151170	-0.367722	0.331841	1.334078	-2.866165	-24.555582
10.250786	-9.689871	1.265648	1.063796	-0.104025	0.604785	1.489494	-2.845624	-24.534226
10.160102	8.443403	-2.879227	2.965956	0.165383	0.862587	1.633457	-2.822611	-24.512891
-5.459249	-6.891762	-3.150538	4.117323	0.446861	1.129545	1.784343	-2.792935	-24.488246
-1.950999	-7.594459	0.494733	3.869872	0.655227	1.349188	1.916995	-2.759999	-24.463637
5.545263	-7.253609	0.691495	3.829248	0.662654	1.358211	1.922824	-2.758352	-24.462467
-5.622672	-6.913758	0.886427	3.786515	0.669825	1.367086	1.928605	-2.756698	-24.461298
8.094100	-0.761670	3.745051	2.707278	0.757932	1.501831	2.025546	-2.725409	-24.440096
-11.884034	8.695481	3.970835	1.285446	0.771733	1.580164	2.106624	-2.691729	-24.418929
16.552582	-9.535372	0.016244	-0.379125	0.702385	1.590993	2.179601	-2.649822	-24.394498
-20.039578	0.846886	-4.087170	-1.661244	0.536308	1.517874	2.230450	-2.604768	-24.370123
4.043804	1.957277	-4.217441	-1.702417	0.526563	1.512871	2.232193	-2.602713	-24.369052
20.240778	3.048311	-4.341797	-1.742014	0.516602	1.507725	2.233894	-2.600652	-24.367981
-21.225863	10.605010	-5.285371	-2.148754	0.273795	1.378473	2.259199	-2.558761	-24.346871
-1.423876	-3.019699	-2.918405	-1.767618	-0.052857	1.201438	2.269271	-2.514533	-24.325810
19.514462	-10.235416	1.821197	-0.720652	-0.470585	0.947053	2.262900	-2.460568	-24.301547
-18.110481	9.124494	5.455152	0.393560	-0.835127	0.650008	2.238354	-2.403617	-24.277359
-11.925986	9.301426	5.539597	0.436132	-0.848847	0.635590	2.236817	-2.400944	-24.276255
-4.160187	9.343853	5.614321	0.477505	-0.862231	0.621108	2.235244	-2.398264	-24.275152
17.306593	-1.464465	5.379461	1.011075	-1.039271	0.336116	2.198928	-2.346399	-24.254280
-17.182005	-3.010658	2.988086	1.056907	-1.040724	0.035739	2.150736	-2.292456	-24.233474
-5.417348	-3.766366	-0.678867	0.672488	-0.842394	-0.317835	2.081719	-2.228013	-24.209657
17.569781	-4.886941	-3.413500	0.070186	-0.483028	-0.665132	1.999223	-2.161025	-24.185934
-17.560244	-4.847977	-3.483141	0.041931	-0.463837	-0.680471	1.995178	-2.157926	-24.184859
10.827625	-4.784914	-3.546748	0.013792	-0.444440	-0.695761	1.991107	-2.154821	-24.183785
16.996209	-0.286402	-3.678580	-0.470614	-0.038838	-0.977931	1.908098	-2.094186	-24.163173
-15.848411	3.615038	-2.042509	-0.750169	0.402422	-1.229942	1.816610	-2.031803	-24.142640
8.452225	-0.556582	1.028270	-0.735441	0.898658	-1.466793	1.702569	-1.958409	-24.119250
11.923052	-3.833211	2.434899	-0.290762	1.316900	-1.632490	1.579704	-1.883011	-24.095974
7.838184	-3.706837	2.398401	-0.255306	1.334705	-1.638697	1.573252	-1.879133	-24.094796
-11.712397	-3.541442	2.349261	-0.218638	1.352107	-1.644675	1.566782	-1.875249	-24.093617
5.724113	2.708632	0.183780	0.504439	1.578546	-1.709348	1.452850	-1.807875	-24.073444
8.773823	5.284562	-2.222281	1.073615	1.634864	-1.694558	1.333898	-1.739206	-24.053365
-8.236477	-5.775546	-2.053357	1.085357	1.435347	-1.570336	1.190937	-1.658595	-24.030349
0.375715	-7.296898	0.673991	0.546895	0.951867	-1.347466	1.042651	-1.576547	-24.007468
3.287295	-6.712200	0.818479	0.513567	0.924843	-1.335560	1.035917	-1.572849	-24.006449
8.998678	-6.053788	0.962587	0.479589	0.897432	-1.323505	1.029175	-1.569148	-24.005429
-10.543370	8.115829	2.817874	-0.291968	0.295823	-1.059921	0.895555	-1.496116	-23.985512
6.748500	-6.126343	1.027831	-1.138847	-0.379923	-0.754749	0.759644	-1.422212	-23.965706
14.918278	-9.436841	-2.611902	-1.799064	-1.149178	-0.376133	0.603175	-1.337160	-23.943303
-16.560020	9.284182	-3.440001	-1.651662	-1.815369	0.014273	0.445948	-1.251259	-23.921053
1.077683	9.855527	-3.361692	-1.618082	-1.841075	0.031789	0.438862	-1.247369	-23.920054
16.649270	10.323854	-3.271450	-1.581912	-1.866340	0.049293	0.431772	-1.243475	-23.919054
-17.015401	0.530899	0.069789	-0.496352	-2.256754	0.377855	0.296028	-1.168487	-23.899932
16.861364	-12.070912	3.356041	0.957531	-2.447141	0.682876	0.161443	-1.093082	-23.880932
1.214856	6.111713	2.862672	2.413262	-2.382831	0.993658	0.007779	-1.005214	-23.859049
-16.605299	13.805225	-0.315321	3.011714	-1.983188	1.252869	-0.142103	-0.917069	-23.837340
-15.992329	12.833372	-0.470536	3.011412	-1.956361	1.263460	-0.148865	-0.913023	-23.836349
-13.073095	11.709585	-0.623847	3.008400	-1.928769	1.273935	-0.155617	-0.908977	-23.835358
17.212239	-14.081820	-2.447885	2.418861	-1.281621	1.448848	-0.280469	-0.832859	-23.816796
-18.184746	0.102495	-0.962113	0.861341	-0.447913	1.580279	-0.400766	-0.756760	-23.798372
-11.274741	13.223760	1.797877	-1.417447	0.629622	1.675283	-0.533589	-0.668643	-23.777178
18.885040	-4.393874	1.775534	-3.276425	1.682846	1.705224	-0.658062	-0.580833	-23.756179
-18.823285	-6.098778	1.715723	-3.340313	1.727171	1.704985	-0.663436	-0.576900	-23.755241
12.447334	-7.727327	1.652581	-3.402142	1.771102	1.704609	-0.668787	-0.572970	-23.754303
16.638932	-10.904945	0.064956	-4.142976	2.527608	1.669985	-0.768058	-0.497465	-23.736325
-4.145751	-0.619548	-1.315338	-3.842726	3.063807	1.582124	-0.859894	-0.422404	-23.718500
-9.561414	8.385150	-1.175696	-2.115744	3.393575	1.411555	-0.956685	-0.336108	-23.698053
-0.737148	-5.417919	1.367183	0.404945	3.413294	1.167852	-1.042932	-0.250549	-23.677822
6.559394	-6.321550	1.454419	0.525333	3.406602	1.155100	-1.046637	-0.246637	-23.676898
-6.475591	-7.109205	1.532953	0.645365	3.399236	1.142233	-1.050316	-0.242729	-23.675974
5.092096	0.466852	1.508560	2.731115	3.134154	0.880864	-1.114959	-0.169856	-23.658769
6.241583	5.373934	-0.432372	4.174748	2.620877	0.589089	-1.171371	-0.097628	-23.641730
-7.728042	-4.362216	-2.553965	4.665885	1.703742	0.226292	-1.226542	-0.014212	-23.622061
9.498892	-1.083841	-0.021106	3.608249	0.498005	-0.142214	-1.269943	0.068199	-23.602628
3.795016	-0.797757	0.160207	3.529102	0.441268	-0.158095	-1.271561	0.071764	-23.601787
2.287616	-0.518852	0.343549	3.447494	0.384307	-0.173949	-1.273156	0.075327	-23.600946
-10.926374	2.636257	3.598525	1.471039	-0.762577	-0.478853	-1.299904	0.145207	-23.584458
-3.182109	0.199853	4.115074	-0.756311	-1.872003	-0.760353	-1.317526	0.214247	-23.568151
11.934287	-2.346580	0.627886	-2.937361	-2.956504	-1.041795	-1.326286	0.293326	-23.549444
-11.127765	2.579280	-4.855614	-4.007107	-3.644302	-1.256099	-1.322196	0.371167	-23.530991
7.059211	2.873340	-4.993657	-4.018080	-3.662822	-1.263806	-1.321710	0.374617	-23.530173
11.003234	3.145518	-5.113414	-4.025406	-3.680172	-1.271344	-1.321196	0.378067	-23.529354
-9.456597	0.918725	-4.214030	-3.532841	-3.795443	-1.380089	-1.306179	0.443944	-23.513704
7.644469	-5.384204	0.458229	-2.202802	-3.552069	-1.415263	-1.281415	0.508874	-23.498250
-5.843341	6.643668	5.686036	-0.321793	-2.912817	-1.372772	-1.241206	0.582929	-23.480589
3.986831	0.177800	4.121596	1.242657	-1.987861	-1.255990	-1.189678	0.655681	-23.463202
4.970358	-0.230828	3.897023	1.305754	-1.937079	-1.248648	-1.186886	0.659206	-23.462358
-4.965713	-0.600637	3.663511	1.367438	-1.885902	-1.241173	-1.184072	0.662726	-23.461516
5.408910	-5.009093	-1.276284	2.206935	-0.923339	-1.088172	-1.130424	0.724453	-23.446730
-6.542128	-8.454935	-5.335769	2.484404	0.102558	-0.902812	-1.069931	0.785182	-23.432156
9.408123	5.192565	-5.525096	2.014014	1.277684	-0.661502	-0.992372	0.854151	-23.415570
9.491313	8.440866	-1.692924	0.919172	2.324831	-0.406379	-0.907717	0.921750	-23.399277
-9.535248	7.958740	-1.456801	0.862100	2.367137	-0.394755	-0.903733	0.924778	-23.398546
-2.417310	7.418722	-1.216943	0.804723	2.408930	-0.383129	-0.899735	0.927805	-23.397815
10.024969	-6.822250	3.369602	-0.274740	3.084691	-0.164277	-0.821225	0.985034	-23.383990
-2.705605	-8.289820	5.677382	-1.088953	3.463510	0.041815	-0.739017	1.041213	-23.370390
-8.698092	8.402353	3.624470	-1.345891	3.406763	0.260368	-0.636373	1.107300	-23.354357
0.683988	-5.599921	1.822917	-0.871902	2.763512	0.442226	-0.530652	1.171838	-23.338661
6.574523	-7.143380	1.774873	-0.836335	2.720467	0.450055	-0.525493	1.174914	-23.337912
-6.453949	-8.559999	1.729916	-0.799974	2.676550	0.457791	-0.520333	1.177983	-23.337164
4.305720	-2.529415	0.987443	-0.129401	1.853690	0.571938	-0.435437	1.227692	-23.325044
4.205712	7.909864	-1.544921	0.543932	0.915821	0.662576	-0.350076	1.276412	-23.313141
-0.648974	-6.521758	-7.048577	1.077885	-0.214651	0.741065	-0.246384	1.334390	-23.298944
1.129842	4.460046	-4.806629	1.065873	-1.179709	0.784378	-0.144002	1.390870	-23.285078
-1.223469	4.373246	-4.475947	1.052532	-1.220524	0.785571	-0.139130	1.393548	-23.284419
1.324378	4.155973	-4.128327	1.038176	-1.260783	0.786683	-0.134264	1.396223	-23.283762
-4.559687	-2.411866	3.098812	0.630215	-1.883117	0.792716	-0.047919	1.443701	-23.272074
-8.001437	1.064178	7.192710	0.019897	-2.290734	0.772237	0.035811	1.490034	-23.260641
12.064983	-0.409827	7.285123	-0.774209	-2.450886	0.714524	0.129367	1.542487	-23.247663
-13.750352	0.438647	1.725614	-1.409259	-2.225493	0.621585	0.218227	1.593357	-23.235041
13.739243	0.555355	1.404024	-1.428361	-2.206520	0.616926	0.221929	1.595505	-23.234507
9.180341	0.649036	1.078962	-1.446571	-2.186764	0.612219	0.225621	1.597651	-23.233974
0.739846	-1.258373	-4.823691	-1.558296	-1.643583	0.508645	0.297804	1.640212	-23.223380
-8.332430	-1.153180	-5.562639	-0.969800	-0.907283	0.392976	0.365658	1.681565	-23.213060
3.934334	3.149201	-0.148207	0.560436	0.002103	0.254469	0.437658	1.727453	-23.201572
-1.337578	-4.348987	3.418463	1.813752	0.785770	0.119425	0.503151	1.771722	-23.190452
1.297800	-1.973909	3.377388	1.840876	0.816319	0.113286	0.506087	1.773780	-23.189934
-1.267370	0.484327	3.312372	1.863999	0.846085	0.107182	0.509006	1.775832	-23.189418
2.191789	5.534797	-0.111965	1.639849	1.258676	0.001575	0.560062	1.813048	-23.180035
-5.144793	-6.506448	-1.687152	0.398747	1.429208	-0.086051	0.605692	1.849001	-23.170940
-3.816277	7.384036	1.292688	-1.487977	1.370004	-0.158405	0.651478	1.888638	-23.160877
13.072250	4.226823	1.194003	-2.085209	1.098233	-0.203340	0.690584	1.926583	-23.151201
-13.188952	2.459530	1.104939	-2.077479	1.081725	-0.204820	0.692221	1.928282	-23.150767
10.106004	0.684388	1.011383	-2.067095	1.064910	-0.206253	0.693845	1.929977	-23.150334
14.463013	-8.305789	-1.126675	-1.442745	0.700236	-0.225075	0.722142	1.961443	-23.142273
10.004611	4.680928	-2.456783	-0.275397	0.296515	-0.230160	0.745817	1.991606	-23.134513
-12.714740	8.311499	-1.137331	1.210028	-0.125151	-0.223096	0.767631	2.024673	-23.125964
-4.280869	-5.422833	3.269167	2.186183	-0.399132	-0.207009	0.784206	2.055983	-23.117823
10.779864	-6.675044	3.445637	2.207433	-0.406506	-0.206127	0.784861	2.057396	-23.117455
-10.698954	-7.877360	3.612494	2.225972	-0.413316	-0.205237	0.785505	2.058803	-23.117088
7.031293	-7.768912	4.874015	2.008338	-0.446831	-0.188097	0.795890	2.084438	-23.110379
8.539665	6.475268	2.607906	0.696954	-0.348885	-0.172619	0.803443	2.108718	-23.103987
-8.185027	1.525645	-3.546328	-1.270978	-0.166719	-0.157436	0.809161	2.134995	-23.097019
5.313045	-4.762846	-6.193497	-2.440217	-0.016637	-0.144420	0.812205	2.159445	-23.090479
8.521794	-4.491651	-6.076803	-2.453116	-0.012165	-0.143838	0.812292	2.160567	-23.090177
2.406935	-4.143974	-5.932552	-2.461207	-0.008032	-0.143260	0.812373	2.161686	-23.089876
-9.296696	4.771858	-0.045273	-1.900239	0.006145	-0.133362	0.813014	2.181224	-23.084597
-7.009024	2.906101	6.644901	-0.441669	-0.098318	-0.124844	0.812268	2.199359	-23.079647
12.561561	-8.528319	6.378458	1.509103	-0.374985	-0.116829	0.809996	2.218611	-23.074325
-16.082540	-3.904429	-3.091625	2.754703	-0.826822	-0.110773	0.806501	2.235944	-23.069456
-4.036745	-1.925031	-3.594065	2.778981	-0.851361	-0.110545	0.806319	2.236677	-23.069248
16.503467	0.176898	-4.092955	2.799887	-0.876287	-0.110321	0.806135	2.237407	-23.069041
-21.498965	18.993196	-8.890140	2.418210	-1.420869	-0.106709	0.802224	2.250699	-23.065230
27.761315	-24.983062	2.030563	0.477020	-2.054355	-0.104385	0.797713	2.262529	-23.061766
-36.085655	31.320332	12.301896	-2.085474	-2.828770	-0.103181	0.791948	2.274308	-23.058216
-26.559220	23.161355	0.960815	-3.094556	-3.580858	-0.103369	0.785707	2.284121	-23.055134
-13.889484	20.701376	0.117087	-3.093634	-3.613215	-0.103407	0.785415	2.284519	-23.055005
0.393527	18.190477	-0.737465	-3.088642	-3.645366	-0.103447	0.785122	2.284912	-23.054878
54.137288	-21.345424	-16.227531	-2.188549	-4.222734	-0.104678	0.779377	2.291691	-23.052614
30.885500	-35.924064	-19.147817	0.288362	-4.723479	-0.106662	0.773466	2.296949	-23.050713
-59.972907	24.516338	23.071720	9.831542	-5.592303	-0.113090	0.759437	2.303283	-23.047742
11.308223	7.449203	-14.428452	16.495459	-6.089468	-0.120318	0.744749	2.301873	-23.046726
-9.279174	-4.976865	-15.731751	16.592614	-6.096791	-0.120478	0.744399	2.301751	-23.046725
7.231567	-8.678575	-17.019005	16.687257	-6.103925	-0.120637	0.744049	2.301624	-23.046726
-4.946957	-1.266069	-18.451998	16.791321	-6.111768	-0.120816	0.743652	2.301475	-23.046727
-1.895545	8.119041	-19.851115	16.892192	-6.119370	-0.120994	0.743255	2.301321	-23.046731
28.528685	-7.250325	-35.208396	18.007581	-6.202971	-0.123435	0.737409	2.298495	-23.046927
70.951096	-32.805809	-40.898152	18.485018	-6.236521	-0.125505	0.731461	2.294581	-23.047404
