-3.627905	15.498003	-9.098241	-1.650439	-3.632466	6.894300	-86.065145	34.955714	23.987587
1.234529	15.542068	-9.107175	-1.642252	-3.635506	6.896002	-86.064266	34.957154	23.987604
-1.250202	15.623155	-9.107183	-1.633121	-3.638760	6.897860	-86.063333	34.958585	23.987620
3.264704	11.532472	-7.599039	-1.307390	-3.739908	6.961450	-86.035541	34.984060	23.987671
-7.577264	-2.615104	-3.979660	-0.770042	-3.915484	7.076332	-85.988186	35.006866	23.987258
17.915740	-15.122476	1.341156	-0.047118	-4.200342	7.260166	-85.909720	35.029711	23.986211
18.370414	-12.253101	6.222641	0.614477	-4.555941	7.482571	-85.805236	35.049035	23.984550
-18.533279	-8.942603	6.400907	0.640030	-4.573311	7.493371	-85.799826	35.049836	23.984459
18.689183	-5.552266	6.573358	0.664995	-4.590731	7.504205	-85.794365	35.050628	23.984367
-20.454803	14.231564	8.479655	1.006980	-4.931623	7.716485	-85.679384	35.064356	23.982359
-1.561928	-3.163684	7.171480	1.038969	-5.271443	7.930519	-85.544225	35.075377	23.979879
5.705086	-13.069116	2.835574	0.768527	-5.626562	8.164534	-85.364820	35.084653	23.976461
11.895031	-7.782323	-2.564751	0.311166	-5.918389	8.374001	-85.158707	35.090374	23.972420
16.374366	-7.231179	-2.792973	0.288733	-5.929552	8.382598	-85.148870	35.090546	23.972225
-16.273501	-6.655676	-3.018245	0.266237	-5.940537	8.391121	-85.138981	35.090712	23.972029
3.987761	5.417209	-6.493775	-0.165137	-6.115727	8.540933	-84.935821	35.092512	23.967960
13.003592	10.887897	-7.106649	-0.517518	-6.206845	8.655440	-84.712199	35.091608	23.963421
-11.830303	0.529156	-3.197135	-0.722104	-6.188153	8.735790	-84.429297	35.087208	23.957615
6.398369	-9.044730	2.705076	-0.687397	-6.014379	8.753692	-84.118966	35.079201	23.951189
9.780290	-8.992912	2.949619	-0.680267	-6.002704	8.752935	-84.104579	35.078763	23.950890
11.188779	-8.878957	3.189885	-0.672660	-5.990674	8.752043	-84.090137	35.078317	23.950590
-4.149136	1.475653	6.548129	-0.426309	-5.681491	8.706446	-83.796469	35.068160	23.944469
-11.188289	7.150182	5.656249	-0.018214	-5.222964	8.604723	-83.482159	35.055268	23.937885
11.423727	-6.081587	-1.284820	0.467169	-4.487585	8.412725	-83.093960	35.036964	23.929706
-11.514327	4.596620	-6.585133	0.672325	-3.515320	8.136113	-82.679886	35.014989	23.920914
6.894130	4.886010	-6.664438	0.669808	-3.465031	8.121390	-82.660389	35.013898	23.920498
11.504607	5.072726	-6.724667	0.666017	-3.414252	8.106490	-82.640854	35.012800	23.920081
-11.236769	-3.997168	-4.799546	0.379457	-2.354082	7.786339	-82.259043	34.990406	23.911892
10.744029	-4.529898	0.172773	-0.164800	-1.157623	7.395541	-81.860038	34.965216	23.903242
-7.961834	5.165059	5.250215	-0.793688	0.277682	6.857383	-81.383335	34.932916	23.892771
-9.645410	3.537670	8.007468	-1.073518	1.660205	6.218460	-80.887300	34.896925	23.881700
-6.777355	2.990063	8.028602	-1.072010	1.721764	6.185946	-80.863588	34.895146	23.881166
-1.703397	2.402239	8.037230	-1.068912	1.782942	6.153200	-80.839838	34.893359	23.880631
9.611282	-8.322190	5.967259	-0.756628	2.838728	5.503337	-80.392569	34.858736	23.870466
-10.120236	-2.490882	0.349201	-0.100391	3.711453	4.770759	-79.933182	34.821298	23.859850
-3.550653	11.711082	-6.747974	0.817210	4.426983	3.819115	-79.389613	34.774600	23.847045
14.079836	14.122707	-9.502316	1.606960	4.754105	2.753712	-78.833141	34.724131	23.833644
-14.225958	13.639010	-9.438853	1.635051	4.758238	2.702263	-78.807278	34.721721	23.833013
-2.138057	13.075142	-9.355679	1.662210	4.761333	2.650614	-78.781391	34.719302	23.832382
17.516220	-6.490384	-4.744526	1.995240	4.615479	1.635972	-78.285804	34.671869	23.820156
8.868026	-15.752158	3.138770	1.942927	4.071851	0.569149	-77.782988	34.621547	23.807480
-22.666406	15.320865	9.793602	1.250682	3.033862	-0.690176	-77.200747	34.560463	23.792438
-4.767535	1.712676	4.849175	-0.194659	1.710842	-1.964724	-76.612271	34.495578	23.776812
21.688682	-2.236043	4.419043	-0.270807	1.645783	-2.023513	-76.584959	34.492489	23.776076
-21.544964	-6.137434	3.979930	-0.347161	1.580515	-2.082272	-76.557638	34.489390	23.775339
17.380048	-12.167073	-4.474694	-1.714684	0.341896	-3.173886	-76.044247	34.429842	23.761297
16.844616	10.344305	-8.906129	-2.607275	-0.847197	-4.235446	-75.528698	34.367426	23.746820
-5.096741	-8.354414	-6.067865	-2.591457	-2.011349	-5.403634	-74.930162	34.291515	23.729507
1.426612	3.326688	-1.221531	-1.764043	-2.816110	-6.478371	-74.331953	34.211732	23.711615
-1.370055	4.229969	-1.002658	-1.713550	-2.843969	-6.524610	-74.304756	34.208008	23.710787
1.324969	5.025820	-0.784420	-1.662238	-2.871075	-6.570563	-74.277582	34.204278	23.709958
-2.346275	5.552197	2.996774	-0.564511	-3.252308	-7.394341	-73.760521	34.131619	23.693926
-0.247472	0.744878	5.205340	0.605351	-3.393621	-8.105781	-73.246272	34.056029	23.677463
10.583367	-4.426665	5.543027	1.747454	-3.292547	-8.761945	-72.659188	33.965365	23.657976
-13.897410	-3.885981	3.597334	2.384093	-2.941345	-9.222252	-72.079079	33.870790	23.637921
-4.881515	-3.103708	3.451535	2.398827	-2.919443	-9.238604	-72.052514	33.866332	23.636982
14.045073	-2.293762	3.301005	2.412205	-2.897050	-9.254523	-72.025969	33.861865	23.636042
-13.996644	4.471636	-0.031328	2.400093	-2.383890	-9.474560	-71.530125	33.776225	23.618119
0.426412	-1.597877	-2.963514	1.863963	-1.712689	-9.547719	-71.042267	33.687611	23.599770
8.939094	-5.000311	-3.308167	0.623927	-0.844333	-9.459475	-70.490245	33.581842	23.578107
-3.568932	5.220815	0.576052	-1.043209	-0.009970	-9.198162	-69.948028	33.472109	23.555885
-6.101879	5.277329	0.781217	-1.120526	0.027616	-9.180963	-69.921444	33.466579	23.554771
-4.907505	5.201578	0.980213	-1.196242	0.064686	-9.163383	-69.894898	33.461042	23.553657
5.011046	-5.479134	2.960430	-2.116511	0.610888	-8.794323	-69.434064	33.362658	23.533953
-5.419558	-2.522845	1.366006	-1.949757	0.919988	-8.313999	-68.979011	33.261293	23.513835
4.546824	6.028781	-2.058739	-0.773109	1.060637	-7.628008	-68.457583	33.139981	23.489982
9.251763	1.903754	-3.444539	0.704203	1.125566	-6.815385	-67.941978	33.014635	23.465575
-9.336476	1.220361	-3.442661	0.765321	1.129502	-6.775449	-67.918552	33.008813	23.464447
9.419392	0.527163	-3.435297	0.825338	1.133655	-6.735249	-67.895120	33.002980	23.463317
7.875668	-7.250496	-2.363501	1.717709	1.274306	-5.930571	-67.453043	32.890891	23.441700
1.717069	-0.516426	0.004428	2.067562	1.584656	-5.049186	-67.013805	32.775764	23.419673
-12.112553	9.069283	2.919623	1.782527	2.118141	-3.950568	-66.511034	32.639526	23.393820
-5.668996	-4.837389	4.438548	0.847032	2.699107	-2.773208	-66.010063	32.499235	23.367426
12.944930	-6.514672	4.455550	0.787787	2.725627	-2.715711	-65.986368	32.492491	23.366163
-12.993193	-8.152535	4.466734	0.727270	2.751965	-2.658067	-65.962674	32.485738	23.364898
14.085290	-10.935876	3.426713	-0.516104	3.188496	-1.576188	-65.528278	32.360270	23.341494
10.741168	11.392035	0.048796	-1.668890	3.486432	-0.453053	-65.093719	32.231730	23.317686
-17.300402	11.164207	-3.463211	-2.246062	3.577689	0.860180	-64.599945	32.082263	23.290205
19.078148	-10.877935	-3.850836	-1.462515	3.344905	2.202578	-64.104078	31.928819	23.262207
9.179975	-7.461626	-0.027407	0.619421	2.635705	3.537406	-63.610102	31.772970	23.233980
-21.066660	8.083681	2.680441	2.186374	1.272997	4.844656	-63.112144	31.613198	23.205251
-12.198253	7.952675	2.664549	2.209542	1.190596	4.904341	-63.088792	31.605646	23.203898
-9.164213	7.696472	2.632362	2.226683	1.106389	4.963875	-63.065429	31.598085	23.202544
20.351291	-6.046497	0.074892	1.516632	-0.877732	6.120124	-62.593827	31.444442	23.175124
-18.054477	2.778121	-1.532917	-0.341289	-3.046467	7.175360	-62.117014	31.287332	23.147266
4.586157	3.470756	-1.508433	-0.442170	-3.150399	7.225010	-62.092911	31.279348	23.145855
17.718781	4.082991	-1.470784	-0.542585	-3.253345	7.274304	-62.068793	31.271356	23.144443
-13.706868	-0.171191	0.736691	-2.082036	-4.924744	8.133809	-61.609206	31.118398	23.117506
8.912567	-2.344902	1.453506	-1.965475	-5.762569	8.832344	-61.143423	30.962282	23.090176
0.981327	2.834314	-2.162310	0.645815	-5.312007	9.414419	-60.596665	30.777966	23.058111
-1.006928	-3.250666	1.733173	2.023141	-3.434621	9.762286	-60.039713	30.589416	23.025527
0.958315	-3.865014	2.026089	2.030292	-3.316763	9.772945	-60.013700	30.580596	23.024008
-0.918357	-4.342683	2.317289	2.032383	-3.196404	9.783129	-59.987681	30.571773	23.022489
1.583765	5.577803	4.929566	1.187809	-0.555176	9.889285	-59.496708	30.405166	22.993889
-4.231207	-6.303551	-1.728663	-0.843309	2.478880	9.841602	-58.996262	30.235381	22.964904
12.074117	-5.447250	-8.151962	-2.381552	5.722523	9.606495	-58.405214	30.035671	22.931011
12.230367	-3.620524	-3.591203	-1.076836	8.092181	9.190459	-57.796401	29.831714	22.896611
-12.376060	-2.251533	-3.170509	-0.961416	8.180620	9.166605	-57.767228	29.821996	22.894977
12.517280	-0.847627	-2.738883	-0.843024	8.267003	9.142394	-57.738029	29.812276	22.893344
-9.724963	4.827659	6.109592	1.610880	9.519532	8.628920	-57.189127	29.630649	22.862902
-14.841492	-3.958415	11.722110	3.552243	10.165465	7.997583	-56.623149	29.445780	22.832080
-7.911781	3.175126	5.952479	3.753482	10.248186	7.134051	-55.945174	29.227901	22.795958
-4.473310	0.503026	-5.464313	2.200789	9.707694	6.147049	-55.239806	29.005645	22.759328
11.486781	-0.833985	-5.926989	2.105460	9.670749	6.100729	-55.207826	28.995679	22.757690
-11.355165	-2.152888	-6.378237	2.008529	9.632771	6.054212	-55.175787	28.985704	22.756052
8.513426	-2.877404	-12.059539	-0.067346	8.708823	5.120158	-54.545418	28.791440	22.724225
8.391419	3.258479	-10.519567	-2.216853	7.463422	4.127289	-53.891499	28.593949	22.692030
-2.913010	-3.935749	-2.898706	-4.543644	5.682750	2.912182	-53.096003	28.359219	22.653968
2.139235	4.614642	2.859450	-6.444163	3.642009	1.658507	-52.263897	28.120064	22.615407
-2.163820	3.940136	2.998029	-6.511548	3.551330	1.604924	-52.227830	28.109843	22.613764
-1.347898	3.181441	3.127305	-6.577738	3.460364	1.551315	-52.191692	28.099614	22.612120
3.100105	-5.092921	4.425327	-7.673941	1.565975	0.461291	-51.443626	27.890507	22.578595
7.367567	-3.636998	4.985496	-8.343322	-0.382495	-0.625038	-50.665131	27.678122	22.544707
10.290892	0.285127	5.148493	-8.664334	-2.654313	-1.866542	-49.718205	27.426660	22.504788
-13.167070	5.098215	4.510571	-8.523585	-4.914583	-3.061415	-48.725527	27.170726	22.464380
13.253110	5.398285	4.457699	-8.504498	-5.013342	-3.112346	-48.680956	27.159412	22.462599
9.535420	5.678629	4.402386	-8.484167	-5.112081	-3.163142	-48.636292	27.148089	22.460816
-14.186334	5.425903	2.917704	-7.805196	-7.047810	-4.131899	-47.738939	26.923691	22.425582
6.393341	-4.015591	1.121790	-6.506590	-8.961324	-5.033672	-46.804143	26.695957	22.389987
12.848326	-6.293833	-0.431550	-4.120595	-11.098313	-5.971811	-45.677561	26.429163	22.348493
-11.597842	6.846047	-0.436504	-0.805142	-13.095215	-6.779888	-44.496750	26.157915	22.306526
-9.571410	6.713090	-0.389355	-0.630259	-13.183779	-6.814052	-44.440292	26.145151	22.304557
1.068378	6.457214	-0.338209	-0.453667	-13.271876	-6.847883	-44.383709	26.132377	22.302586
10.736161	-7.591637	0.638445	3.181092	-14.811527	-7.412071	-43.312027	25.893811	22.265872
-10.455325	-7.172264	-0.003030	7.452371	-16.142413	-7.847189	-42.195912	25.651880	22.228804
-1.938392	9.488969	-2.244212	11.964475	-17.364119	-8.171444	-40.843417	25.366980	22.185362
11.394881	-0.523091	-3.990780	14.171963	-18.169359	-8.281298	-39.427757	25.077527	22.141449
-11.431094	-2.374658	-4.009864	14.190440	-18.194014	-8.280962	-39.363903	25.064667	22.139503
9.894547	-4.218109	-4.021890	14.201334	-18.217699	-8.280180	-39.299924	25.051798	22.137557
12.176136	-11.742376	-2.707577	12.987698	-18.481660	-8.173896	-38.014708	24.796436	22.099016
1.058680	7.500423	1.423712	9.576859	-18.341672	-7.899081	-36.685388	24.537620	22.060123
-12.324953	13.818784	7.254885	4.055693	-17.632617	-7.394318	-35.104555	24.235114	22.014877
1.825266	-11.468362	11.324246	-2.115231	-16.280792	-6.715247	-33.477326	23.928009	21.969171
10.657239	-13.237501	11.424970	-2.377599	-16.208263	-6.682975	-33.407288	23.914864	21.967219
-10.551363	-14.880323	11.518653	-2.639461	-16.134465	-6.650443	-33.337179	23.901711	21.965267
7.822247	-3.622958	11.857448	-7.739624	-14.359259	-5.938823	-31.902632	23.633525	21.925552
7.164641	16.097707	9.112546	-12.064729	-12.023868	-5.139072	-30.443134	23.361927	21.885501
-2.346501	0.779463	-7.603782	-15.456836	-4.102789	-2.987816	-26.894410	22.701943	21.788865
-2.937195	-4.174312	-11.577321	-4.271403	6.324754	-0.682678	-23.283028	22.022432	21.690348
0.250146	-10.624666	-10.944941	-3.890078	6.549462	-0.633512	-23.205557	22.007693	21.688221
3.522385	-14.333172	-10.271008	-3.504110	6.773520	-0.584389	-23.128084	21.992945	21.686094
-2.973821	-12.560984	-9.530135	-3.098410	7.005692	-0.533373	-23.047548	21.977606	21.683882
-4.147798	-6.096519	-8.753672	-2.688863	7.236909	-0.482444	-22.967063	21.962266	21.681671
4.484077	3.540126	-7.866929	-2.235508	7.489513	-0.426650	-22.878793	21.945432	21.679244
-1.594014	12.415798	-6.950187	-1.778352	7.741030	-0.370926	-22.790521	21.928586	21.676817
-8.090318	12.783013	5.092384	4.545718	11.040017	0.383121	-21.582524	21.696805	21.643474
9.190897	-11.322210	8.295285	9.926566	13.953371	1.114561	-20.376684	21.462846	21.609928
-7.775217	-6.155154	2.441783	13.717246	17.054297	2.080486	-18.701410	21.132704	21.562772
4.664127	7.318012	-3.905788	13.074509	18.711097	2.960465	-17.039825	20.798281	21.515219
-1.992525	1.738848	-1.975591	8.218651	18.949389	3.763507	-15.319909	20.443334	21.464978
1.890452	-5.759462	1.443649	1.400667	17.919791	4.421678	-13.627576	20.083662	21.414305
-1.964588	-5.185593	1.414201	1.109842	17.848725	4.447542	-13.552805	20.067502	21.412033
-0.010490	-4.535180	1.361771	0.822808	17.775710	4.473107	-13.478102	20.051333	21.409761
4.677635	6.484427	-1.488392	-3.996833	15.998749	4.912261	-12.038148	19.734657	21.365357
-8.127402	-7.738392	-0.757548	-7.377747	13.662350	5.244674	-10.628509	19.414396	21.320630
2.205180	9.231281	2.914097	-9.435656	10.496866	5.504323	-9.046352	19.040683	21.268662
13.855306	7.632022	-0.682258	-8.433960	7.070290	5.641533	-7.516505	18.662169	21.216268
-13.907062	5.473562	-0.928323	-8.323914	6.918781	5.644887	-7.451174	18.645577	21.213976
6.474376	3.275602	-1.173155	-8.209037	6.767345	5.648028	-7.386001	18.628987	21.211686
14.170438	-10.449493	-4.272266	-5.030655	3.786099	5.667938	-6.116495	18.297855	21.166063
-0.759134	8.305736	-1.021871	-0.731572	0.961599	5.611663	-4.895390	17.963118	21.120126
-11.724974	8.870237	4.808902	3.674374	-1.897806	5.460218	-3.548490	17.571363	21.066590
6.726554	-6.856875	4.511586	5.476723	-4.079844	5.225744	-2.277984	17.174763	21.012638
9.750904	-7.020675	4.323948	5.488559	-4.152671	5.214268	-2.226568	17.158060	21.010371
-9.672396	-7.098707	4.122155	5.495475	-4.223808	5.202672	-2.175334	17.141361	21.008105
8.141784	2.585126	-1.700246	4.693019	-5.357520	4.934342	-1.144916	16.792739	20.960897
3.577851	4.331530	-5.027742	2.702046	-5.966462	4.617070	-0.179966	16.440466	20.913380
-6.514134	-3.441816	-2.025614	0.049907	-6.305346	4.196403	0.847151	16.031068	20.858388
7.484671	-0.857377	2.793105	-2.149931	-6.591587	3.719910	1.786351	15.616807	20.802992
-0.035766	-0.365583	2.981429	-2.228934	-6.609593	3.696211	1.828324	15.597220	20.800379
-7.668458	0.123465	3.163199	-2.305064	-6.628276	3.672412	1.870077	15.577635	20.797766
-7.096210	3.585536	4.887754	-3.104268	-7.143645	3.211303	2.608610	15.212834	20.749207
0.329979	0.739255	2.731336	-2.572782	-8.060560	2.713581	3.280772	14.844347	20.700345
16.750924	-5.505846	-1.662994	-0.864963	-9.399633	2.102412	3.968540	14.418241	20.644077
-19.228901	-5.794165	-3.749674	1.174788	-10.722908	1.450197	4.569839	13.987268	20.587415
19.299561	-5.223794	-3.718817	1.263408	-10.778709	1.418946	4.595687	13.967119	20.584772
7.747348	-4.610486	-3.674395	1.350880	-10.833792	1.387593	4.621365	13.946945	20.582126
-19.798031	6.305056	-1.293191	2.687844	-11.696159	0.783492	5.069533	13.565607	20.532217
9.204363	0.331214	1.211675	3.152681	-12.118700	0.153529	5.451829	13.180542	20.482010
16.991635	-6.608794	1.809277	2.165207	-11.912572	-0.601615	5.811005	12.731907	20.423738
1.843772	6.258021	-0.474018	-0.340093	-11.004823	-1.379979	6.082690	12.278533	20.365076
0.730155	6.506415	-0.562063	-0.471381	-10.949297	-1.415114	6.092809	12.258125	20.362440
-14.306843	6.668841	-0.643400	-0.603216	-10.892608	-1.450235	6.102746	12.237722	20.359806
12.304440	-1.391977	-1.007918	-3.103837	-9.574858	-2.127121	6.260410	11.841626	20.308738
-10.811428	-7.001724	0.077105	-4.978534	-7.883329	-2.787008	6.352740	11.442190	20.257383
10.053292	3.152630	1.603363	-5.715899	-5.570579	-3.499271	6.378200	10.978810	20.197970
5.853268	7.416778	1.065412	-4.567012	-2.989182	-4.133002	6.317326	10.511254	20.138178
-10.478706	6.936740	0.944464	-4.460843	-2.856415	-4.162016	6.312030	10.487829	20.135186
-3.140171	6.367840	0.813635	-4.350330	-2.723514	-4.190738	6.306523	10.464407	20.132195
11.655375	-7.229680	-2.387256	-1.829364	-0.404968	-4.642068	6.176704	10.056148	20.080106
3.937103	-3.532083	-5.661240	1.461637	1.852432	-4.990378	5.982236	9.644988	20.027736
-13.929677	5.303064	-9.210478	5.457923	4.231189	-5.239221	5.676652	9.165887	19.966807
2.898853	-2.739990	-12.504972	8.698279	6.184455	-5.294015	5.284619	8.683231	19.905509
13.150315	-2.967302	-12.634320	8.820188	6.265882	-5.291189	5.263219	8.659526	19.902500
-13.047916	-3.125989	-12.758831	8.937760	6.345778	-5.287825	5.241625	8.635827	19.899493
10.249441	1.324980	-14.402978	10.190653	7.491351	-5.135847	4.825991	8.215217	19.846133
10.217698	0.288201	-15.744409	9.403449	8.074073	-4.799262	4.349252	7.792165	19.792499
-1.601575	-1.145738	-13.738010	5.260035	8.083091	-4.204816	3.752981	7.318242	19.732443
-1.626157	5.234177	3.061638	-1.959986	7.502473	-3.406420	3.096919	6.841557	19.672052
-2.229097	-13.055107	25.204188	-9.184111	6.377867	-2.400166	2.363701	6.344450	19.609070
-2.732399	-5.968179	18.873300	-12.600315	4.824606	-1.250609	1.587249	5.844665	19.545730
-4.757379	-4.222283	17.968933	-12.651982	4.749707	-1.198491	1.553013	5.823090	19.542995
5.190964	-2.449017	17.024615	-12.696188	4.674163	-1.146145	1.518694	5.801495	19.540258
-16.832522	24.026246	-6.548729	-12.059952	3.037912	-0.054341	0.815234	5.364739	19.484873
7.750594	42.720528	-26.947449	-8.776873	1.242133	1.085906	0.097588	4.926201	19.429221
52.725518	-2.582923	-34.648906	-2.245829	-0.902615	2.421506	-0.733226	4.419490	19.364853
63.128581	-54.328678	-18.641413	5.986924	-2.992393	3.741339	-1.555305	3.910713	19.300135
73.291916	-52.189125	-17.204955	6.345822	-3.084306	3.800639	-1.592461	3.887392	19.297167
65.369713	-49.493674	-15.706845	6.699481	-3.175727	3.859773	-1.629542	3.864083	19.294199
-50.631638	30.448886	17.726007	11.905038	-4.818042	4.957928	-2.325225	3.418783	19.237463
-96.351317	49.414885	35.259015	12.162240	-6.237784	5.980284	-2.992294	2.972146	19.180466
86.619894	-29.052781	-31.304125	-5.284549	-8.249238	7.923979	-4.397462	1.918223	19.045543
25.167194	-0.571683	10.471654	-9.817842	-5.117767	8.925508	-5.502108	0.858842	18.909202
-18.123116	3.661041	12.662755	-9.693478	-4.958746	8.933832	-5.522229	0.835636	18.906207
-6.069491	6.841985	14.882692	-9.560807	-4.795293	8.941506	-5.542163	0.812427	18.903210
13.602643	4.584916	17.176817	-9.416081	-4.623262	8.948694	-5.562405	0.788633	18.900138
-11.283803	-4.309119	19.431822	-9.262331	-4.446736	8.955195	-5.582463	0.764821	18.897062
8.871045	-5.927587	21.641194	-9.091556	-4.257234	8.961260	-5.603267	0.739870	18.893840
-6.516639	5.637504	23.576884	-8.910879	-4.063365	8.966552	-5.623841	0.714932	18.890618
-4.190217	-2.716898	21.817957	-5.282812	-0.895073	8.955696	-5.894615	0.357824	18.844430
-1.205157	-0.298015	1.828988	-0.280755	2.678082	8.774981	-6.121837	0.000339	18.798087
0.215863	5.310289	-11.448608	8.116256	10.906325	7.177490	-6.544219	-1.040566	18.662492
10.684032	3.824719	5.073030	-2.647216	9.304143	3.921955	-6.631107	-2.083099	18.525595
-11.025599	-2.706647	5.275690	-2.944872	9.152551	3.831932	-6.629368	-2.106853	18.522462
11.340686	-7.936395	5.458521	-3.238040	8.996620	3.741385	-6.627469	-2.130591	18.519331
10.217565	-11.056783	5.628164	-3.541138	8.828027	3.645615	-6.625300	-2.155536	18.516039
4.837670	-12.409754	5.773404	-3.838626	8.654745	3.549279	-6.622955	-2.180466	18.512749
-13.459659	13.970546	5.105313	-7.760236	5.182933	1.891969	-6.559753	-2.588383	18.458809
11.727310	-14.612525	1.535261	-9.341576	0.666587	0.109823	-6.450755	-2.996213	18.404674
9.706266	-9.482362	-0.633986	-6.877775	-6.057906	-2.286003	-6.247081	-3.517268	18.335186
-4.878682	12.808751	-0.756111	0.522649	-12.411523	-4.735406	-5.974107	-4.037723	18.265385
-2.219904	12.395616	-0.763088	0.929228	-12.661072	-4.844656	-5.960355	-4.060939	18.262262
4.682827	11.801275	-0.772469	1.340247	-12.906595	-4.953838	-5.946472	-4.084152	18.259138
-3.642762	-10.940817	-1.029698	9.697566	-16.702553	-7.055345	-5.650298	-4.535784	18.198190
3.661767	-0.546999	-0.292528	16.506541	-17.980660	-9.072489	-5.306373	-4.986591	18.137010
1.801699	7.704649	1.032040	18.140474	-15.126016	-11.208201	-4.854971	-5.503261	18.066440
-2.366594	-6.413593	0.840981	9.735538	-7.037414	-13.040998	-4.346322	-6.018399	17.995564
-6.204415	-6.808902	0.743075	9.131546	-6.573255	-13.115658	-4.321735	-6.041923	17.992314
6.295276	-7.125892	0.634215	8.511676	-6.103436	-13.189377	-4.297052	-6.065427	17.989067
-4.160939	-0.555581	-2.695903	-5.422793	3.596754	-14.407183	-3.806160	-6.512020	17.927132
-10.364225	8.112993	-4.133456	-20.012120	13.400702	-15.219663	-3.276521	-6.957088	17.864968
13.326272	-2.877564	2.364690	-31.821942	22.307293	-15.550233	-2.618961	-7.470007	17.792734
14.383842	-8.460790	10.517609	-34.539713	26.224412	-15.105645	-1.922007	-7.980172	17.720202
-14.437686	-6.645810	10.746409	-34.425034	26.272946	-15.065343	-1.889848	-8.003075	17.716929
14.489249	-4.766939	10.954849	-34.289501	26.310620	-15.023199	-1.857629	-8.025972	17.713655
2.966318	6.996761	9.684975	-27.918137	25.064710	-13.861788	-1.228567	-8.464356	17.650672
-15.043444	-1.539498	-3.364086	-15.336874	20.582116	-12.071171	-0.583944	-8.900147	17.587469
14.514989	-2.420260	-23.295841	5.680241	12.471143	-9.370790	0.165901	-9.395996	17.514777
7.351764	3.983195	-37.748695	31.326655	2.319990	-6.131682	0.918899	-9.887779	17.441797
-1.857804	4.398151	-38.340087	32.565357	1.791389	-5.962072	0.955687	-9.911747	17.438216
-5.082476	4.818417	-38.926481	33.793720	1.260885	-5.791576	0.992459	-9.935705	17.434635
-12.879110	11.131435	-48.848395	52.105212	-8.384760	-2.616376	1.645721	-10.361984	17.370519
12.225272	12.337224	-54.218684	56.884178	-17.856334	0.728255	2.287445	-10.784606	17.306186
-11.690435	12.474354	-31.722994	38.388017	-27.753191	4.633479	3.001217	-11.264486	17.232136
11.396523	-6.495203	30.336105	2.432342	-35.481290	8.456942	3.682299	-11.738853	17.157807
1.413885	-7.973729	33.442561	0.714316	-35.747059	8.617950	3.710872	-11.759237	17.154586
-11.380843	-9.517296	36.550356	-1.006158	-36.006293	8.778487	3.739367	-11.779611	17.151365
11.284031	-40.450586	89.749462	-34.094348	-39.674188	11.890322	4.295047	-12.187462	17.086391
11.284194	-29.602080	100.624605	-58.417934	-39.819382	14.706251	4.812059	-12.590576	17.021209
7.141911	23.464174	61.168552	-72.556041	-34.587936	17.489819	5.351072	-13.048215	16.945960
-11.009959	88.626677	-16.363851	-72.702292	-23.059931	19.691654	5.821399	-13.498944	16.870437
1.279332	91.489344	-20.335410	-72.376473	-22.436777	19.773328	5.840300	-13.518540	16.867121
10.985814	94.298426	-24.339931	-72.021288	-21.805123	19.853742	5.859064	-13.538136	16.863801
-10.685949	127.176157	-100.282823	-58.780611	-8.005895	21.160796	6.197933	-13.922727	16.798063
10.383377	117.415769	-140.174796	-33.011379	7.060006	21.885513	6.471563	-14.301815	16.732122
-3.942196	47.824275	-102.064368	9.745838	23.643468	21.913525	6.699501	-14.731479	16.655922
-10.510275	-155.158181	32.380389	51.598202	36.776941	20.975786	6.833504	-15.153484	16.579457
10.536612	-165.926978	39.174888	53.172347	37.244121	20.908893	6.837411	-15.172344	16.576000
-10.564273	-173.825848	45.929476	54.705826	37.698430	20.839793	6.841138	-15.191189	16.572543
11.284751	175.616096	146.114368	74.008998	43.595997	19.057928	6.878596	-15.551975	16.505667
-12.589019	41.273878	137.397380	68.982692	43.319046	16.414705	6.853336	-15.906698	16.438596
-12.615183	-157.149098	39.990548	40.755018	36.566961	12.492857	6.752747	-16.305799	16.361475
12.157447	-19.285301	-63.535387	1.734474	24.979036	7.861432	6.581811	-16.696813	16.284100
-12.103442	-15.310974	-67.364265	-0.088856	24.366253	7.636104	6.572388	-16.714555	16.280544
12.046155	-11.640825	-71.070797	-1.904544	23.747976	7.409841	6.562830	-16.732280	16.276988
11.947637	85.311216	-112.084072	-33.496470	11.075163	2.911724	6.353903	-17.069722	16.208514
1.893909	91.097387	-85.374971	-53.852548	-2.092497	-1.748335	6.100147	-17.400766	16.139845
-5.778828	72.217744	-12.451875	-61.426965	-15.643487	-6.952277	5.767647	-17.764416	16.062591
-4.106943	6.269906	46.843621	-53.313402	-26.188385	-11.894844	5.390536	-18.119897	15.985095
4.204851	-2.237064	48.721020	-52.487885	-26.622908	-12.131426	5.370559	-18.137509	15.981202
-4.170816	-10.490377	50.465424	-51.621159	-27.048303	-12.366844	5.350475	-18.155112	15.977306
4.884454	-23.587538	55.808920	-29.881460	-32.933614	-16.221832	4.986425	-18.458106	15.909407
5.273986	11.785662	16.773083	2.181933	-35.904030	-19.507091	4.597733	-18.754769	15.841326
-7.217500	-4.098557	-21.164968	34.998019	-35.576803	-22.422496	4.120011	-19.091893	15.761889
9.372547	0.257688	-22.238839	44.108747	-30.913587	-24.285276	3.621123	-19.420298	15.682212
6.141091	0.718092	-21.882733	43.906688	-30.586490	-24.346800	3.597668	-19.435260	15.678525
-9.561074	1.125927	-21.530976	43.654136	-30.249481	-24.406197	3.574198	-19.450194	15.674840
3.051487	-0.245677	-16.625299	31.920242	-22.367340	-25.144075	3.131872	-19.725159	15.606042
12.153386	-1.802951	-13.467578	14.174166	-12.422287	-25.224986	2.683338	-19.993559	15.537069
2.103376	3.584518	-8.210929	-4.345526	-0.099497	-24.573934	2.156699	-20.298585	15.456315
-11.612278	4.166939	-2.721440	-16.826812	10.833407	-23.214475	1.629889	-20.594527	15.375328
10.578284	3.893805	-2.531041	-17.157633	11.168395	-23.154302	1.611171	-20.604885	15.372443
11.496462	3.587474	-2.341000	-17.481359	11.498952	-23.093309	1.592439	-20.615241	15.369555
-9.645968	-4.935266	1.137913	-23.056236	17.803142	-21.404671	1.142362	-20.861001	15.299956
7.469291	5.518721	0.743884	-24.199603	20.137764	-19.334728	0.694548	-21.099987	15.230188
4.516583	-3.143395	-0.992491	-19.650462	17.208714	-16.551744	0.179088	-21.368739	15.149026
-5.334781	-6.874652	-0.938463	-11.147462	10.246162	-13.526722	-0.330413	-21.628230	15.067644
5.389643	-3.994701	-0.817030	-10.706830	9.853588	-13.377291	-0.354918	-21.640565	15.063696
1.790694	-1.042066	-0.682564	-10.267453	9.458239	-13.227754	-0.379405	-21.652878	15.059747
-2.214629	7.401141	2.010315	-3.222094	2.329239	-10.583711	-0.810197	-21.867432	14.989688
-10.723699	-7.681313	0.975141	1.098109	-3.866874	-8.032523	-1.234354	-22.075057	14.919471
-4.143002	7.764778	-2.168403	3.067912	-8.073200	-5.326969	-1.720533	-22.308958	14.837177
17.790463	-0.294655	-0.841688	3.868175	-8.535062	-3.090982	-2.194747	-22.533264	14.754668
-17.879298	-2.476353	-0.708018	3.896144	-8.477925	-3.001192	-2.216390	-22.543417	14.750842
17.962679	-4.609000	-0.572798	3.923715	-8.414767	-2.912687	-2.238003	-22.553549	14.747016
8.737906	-7.776066	1.450616	4.377135	-6.344151	-1.476821	-2.634495	-22.738216	14.675767
-17.985613	8.005857	0.885043	4.792409	-3.279438	-0.355112	-3.019820	-22.915655	14.604364
16.367912	-8.504175	-0.760281	5.263686	0.158908	0.706350	-3.447317	-23.110479	14.522164
-4.908964	3.769183	-0.209971	5.221348	2.349303	1.705170	-3.857256	-23.295646	14.439762
-9.146123	4.631891	-0.146418	5.209727	2.421573	1.758062	-3.877736	-23.304862	14.435540
-14.276909	5.434293	-0.082609	5.197771	2.490013	1.811308	-3.898167	-23.314052	14.431316
-1.336295	9.644811	0.605394	5.004575	3.103334	2.780542	-4.234764	-23.465107	14.360057
11.746606	1.676651	-0.227456	4.918275	2.845620	3.926880	-4.556083	-23.608878	14.288649
-11.164399	-10.044591	-1.319627	4.581560	1.805560	5.485007	-4.912175	-23.768167	14.204704
11.347205	-1.384945	-0.241333	3.583251	0.360562	7.240465	-5.244310	-23.917294	14.120562
7.739580	-0.674058	-0.148184	3.524165	0.293138	7.322676	-5.258513	-23.923695	14.116812
-3.056566	0.042645	-0.052353	3.464072	0.225781	7.405154	-5.272656	-23.930072	14.113064
-12.021793	9.271032	2.105168	2.171158	-1.015606	9.048120	-5.534297	-24.048614	14.040993
-2.982400	0.051251	3.987410	0.843679	-1.986880	10.788208	-5.776201	-24.159631	13.968785
13.231633	-7.675612	3.709152	-0.431078	-2.436001	12.901238	-6.032009	-24.279502	13.884423
-12.814333	6.562977	-0.506566	-1.421246	-1.848214	15.026630	-6.258106	-24.389017	13.799873
0.422335	6.656896	-0.766654	-1.454590	-1.798379	15.122243	-6.267669	-24.393756	13.796018
12.711747	6.621842	-1.030775	-1.486560	-1.746716	15.217750	-6.277173	-24.398476	13.792161
-11.225661	-5.816526	-5.997515	-1.753641	-0.474761	16.987021	-6.445012	-24.483947	13.718884
5.404048	-0.219746	-8.474087	-1.169575	1.175318	18.634324	-6.588360	-24.561571	13.645467
6.945247	4.468279	-5.669148	0.501645	3.215634	20.309019	-6.722114	-24.641391	13.560508
-5.632652	-4.093435	3.684076	2.447132	5.022666	21.654179	-6.820299	-24.710609	13.475368
5.609998	-2.449722	4.133150	2.525145	5.091808	21.705269	-6.823838	-24.713459	13.471552
-3.912297	-0.735807	4.576416	2.601671	5.159656	21.755512	-6.827302	-24.716287	13.467736
-5.762178	4.122573	10.248239	3.666697	6.166788	22.548698	-6.879415	-24.766731	13.393921
-7.056392	-4.583245	6.364116	3.724714	6.432672	22.964387	-6.902623	-24.809140	13.319979
6.180485	6.378894	-5.047181	3.001762	5.648751	22.927474	-6.892694	-24.847930	13.234849
10.991793	6.814461	-9.565692	1.810844	3.844421	22.387262	-6.844338	-24.876138	13.149553
-11.073043	6.208120	-9.547636	1.748054	3.740153	22.351046	-6.841179	-24.877194	13.145578
3.033738	5.556915	-9.510856	1.684663	3.634252	22.313880	-6.837939	-24.878229	13.141599
12.384141	-7.955636	-5.661877	0.316569	1.401070	21.455931	-6.762886	-24.893404	13.067041
-13.113010	-7.429699	2.096675	-1.524902	-1.170285	20.323296	-6.661419	-24.900658	12.992361
-8.423925	9.007765	7.085015	-3.868618	-4.279645	18.746962	-6.513996	-24.899408	12.906496
-2.712826	-2.667878	1.265580	-5.947697	-7.268407	16.944888	-6.335232	-24.888157	12.820471
12.935061	-5.047883	0.857382	-6.021717	-7.403291	16.854195	-6.325918	-24.887372	12.816349
-12.900815	-7.356914	0.449577	-6.092262	-7.537172	16.763160	-6.316538	-24.886564	12.812226
12.091830	-7.524580	-5.007758	-6.594612	-9.749604	15.064524	-6.135224	-24.868103	12.737501
11.838414	6.131194	-2.819472	-5.244216	-11.439449	13.303541	-5.933056	-24.842485	12.662659
-9.919054	-4.391821	3.286508	-1.670594	-12.602251	11.245880	-5.674077	-24.804022	12.575725
3.189140	-0.981548	1.463850	3.113746	-12.849880	9.242083	-5.390525	-24.756395	12.488637
9.084884	-0.589926	1.255947	3.322470	-12.838773	9.154224	-5.377196	-24.754037	12.484708
-9.062936	-0.206860	1.045482	3.528555	-12.825709	9.066628	-5.363821	-24.751660	12.480779
-7.215324	2.262563	-2.116601	6.590996	-12.180520	7.435417	-5.098158	-24.702518	12.405230
1.305544	-1.964979	-0.918914	7.027785	-10.732843	5.902117	-4.816813	-24.646868	12.329573
9.067359	-2.724764	1.701580	4.670099	-8.059996	4.254861	-4.475197	-24.574983	12.242371
-8.893806	3.694886	1.325569	0.696227	-4.636511	2.727970	-4.116248	-24.494937	12.155026
8.874175	3.598252	1.199305	0.509425	-4.472783	2.662515	-4.099846	-24.491176	12.151123
4.104544	3.428385	1.063521	0.323173	-4.308429	2.597288	-4.083413	-24.487400	12.147219
-8.322501	-4.660025	-1.929370	-2.944797	-1.051328	1.377507	-3.759044	-24.411119	12.071497
7.888292	0.676149	-1.960094	-4.982550	2.167592	0.240102	-3.424404	-24.329088	11.995674
-7.938296	5.660232	0.583001	-5.891068	5.600564	-0.980726	-3.024914	-24.226933	11.907591
-3.586850	-4.674491	2.308875	-5.820056	8.561172	-2.100837	-2.615063	-24.117500	11.819372
4.884116	-5.111795	2.313511	-5.806097	8.673206	-2.145426	-2.597780	-24.112784	11.815692
8.775783	-5.509740	2.310753	-5.791708	8.784216	-2.189817	-2.580494	-24.108059	11.812014
3.605819	-3.706787	0.914738	-5.366342	10.867528	-3.073997	-2.218916	-24.007338	11.735674
-10.892729	4.446684	-1.392265	-4.637303	12.509577	-3.890876	-1.852303	-23.901540	11.659235
-4.271645	3.644498	-2.489778	-3.443974	13.812844	-4.755477	-1.424017	-23.773187	11.570793
11.493571	-2.542459	-1.420002	-1.835141	14.429170	-5.540243	-0.992479	-23.638519	11.482223
-11.451225	-2.745109	-1.326973	-1.757577	14.439873	-5.573632	-0.973092	-23.632340	11.478251
3.136080	-2.903578	-1.230497	-1.679904	14.449080	-5.606849	-0.953715	-23.626152	11.474281
9.999103	-0.072361	0.954397	-0.200186	14.328912	-6.220477	-0.579137	-23.504277	11.397544
-7.967945	2.280600	2.280423	1.054484	13.619408	-6.783803	-0.204839	-23.378035	11.320715
5.651661	-0.507329	0.965082	1.934364	12.058582	-7.374272	0.224604	-23.227340	11.232061
-4.340804	-2.024175	-1.485653	2.129785	9.824689	-7.905306	0.650204	-23.071312	11.143295
4.321999	-2.568058	-1.579781	2.121138	9.707604	-7.928630	0.669883	-23.063926	11.139162
-4.307747	-3.054353	-1.669881	2.110852	9.589515	-7.951833	0.689551	-23.056529	11.135029
6.215996	3.948400	-2.111411	1.613585	7.227457	-8.362726	1.053583	-22.916701	11.057957
6.309603	2.449615	0.428711	0.621394	4.638022	-8.734552	1.412230	-22.773221	10.980803
-8.690030	-6.620625	2.311392	-0.485328	1.499593	-9.120588	1.820460	-22.602313	10.891147
0.072731	8.014991	-1.599603	-0.849991	-1.609478	-9.461553	2.218545	-22.426950	10.801385
11.026183	7.674873	-1.792885	-0.848878	-1.745683	-9.475889	2.236180	-22.418965	10.797346
-11.109402	7.144263	-1.978582	-0.846482	-1.881444	-9.490143	2.253791	-22.410972	10.793308
12.348672	-8.958391	-2.823382	-0.597191	-4.365491	-9.747592	2.586144	-22.256350	10.715961
-13.040188	9.325057	2.209041	-0.124007	-6.528798	-9.977534	2.908751	-22.098785	10.638536
13.392325	-9.190978	3.433941	0.324227	-8.439558	-10.211709	3.267058	-21.913796	10.549232
-13.511629	6.935015	-1.491720	0.281137	-9.564447	-10.416588	3.609424	-21.725356	10.459831
-1.830977	7.825074	-1.704841	0.270247	-9.595293	-10.425109	3.624306	-21.716869	10.455839
13.518804	8.625424	-1.908295	0.258892	-9.624475	-10.433580	3.639152	-21.708376	10.451847
-13.575657	7.448014	-3.992699	0.008747	-9.871775	-10.589708	3.922431	-21.540885	10.373663
8.394443	-2.626734	-3.492759	-0.123804	-9.551483	-10.727395	4.191004	-21.371136	10.295413
13.319853	-7.066853	-1.367416	-0.110895	-8.613883	-10.854338	4.479164	-21.174125	10.205700
-12.759807	1.565977	0.985474	0.007714	-7.215562	-10.937037	4.745026	-20.974607	10.115904
12.724764	1.973109	1.090168	0.014177	-7.142994	-10.939563	4.756604	-20.965445	10.111803
10.938749	2.364192	1.194496	0.020653	-7.069811	-10.941969	4.768123	-20.956284	10.107706
-0.240211	6.958170	3.118920	0.135108	-5.562127	-10.963790	4.978311	-20.780538	10.029446
-10.973812	6.649090	4.590932	0.187915	-3.903241	-10.934516	5.169408	-20.603251	9.951126
10.100247	2.314420	4.347027	0.120077	-1.952007	-10.830697	5.362326	-20.400864	9.862378
8.409389	-5.185528	2.220941	-0.034050	-0.047913	-10.643171	5.531193	-20.196948	9.773560
-9.663197	-8.823339	-1.118896	-0.206679	1.662692	-10.367707	5.675318	-19.994555	9.685890
0.895562	7.453689	-4.355017	-0.375897	3.110939	-9.993919	5.798293	-19.791116	9.598151
10.402964	8.238769	-4.442450	-0.383885	3.173793	-9.972859	5.803813	-19.781091	9.593835
-5.544455	8.976990	-4.518755	-0.391830	3.235785	-9.951539	5.809285	-19.771064	9.589520
-11.621044	9.272251	-3.922198	-0.514858	4.202691	-9.516423	5.900703	-19.588003	9.510837
12.987533	-9.023098	-0.047503	-0.537425	4.817830	-8.988953	5.976910	-19.404471	9.432107
-14.159356	8.370242	4.435760	-0.320853	5.003257	-8.260646	6.046760	-19.193112	9.341541
6.893966	-6.265772	0.743454	0.202197	4.549086	-7.397794	6.098783	-18.981584	9.250915
13.875153	-6.912328	0.474042	0.227027	4.515480	-7.357787	6.100642	-18.972472	9.247010
-13.812419	-7.474220	0.203192	0.251718	4.480796	-7.317586	6.102469	-18.963367	9.243107
3.514188	-0.751601	-4.460536	0.652694	3.567105	-6.459630	6.132978	-18.779344	9.164184
8.721156	6.545016	-3.664395	0.694399	2.332295	-5.525432	6.151782	-18.595550	9.085215
-5.575264	-6.634935	4.547807	0.342949	0.692503	-4.384046	6.159973	-18.385018	8.994492
4.266429	7.103606	2.729156	-0.260233	-0.940763	-3.199428	6.154996	-18.175259	8.903720
-4.276085	4.910554	2.372621	-0.287491	-1.010728	-3.144925	6.154475	-18.165722	8.899582
-0.562316	2.564380	1.999344	-0.314389	-1.080150	-3.090363	6.153929	-18.156180	8.895442
1.041159	-7.553710	-4.614473	-0.695070	-2.257767	-2.049201	6.138896	-17.974532	8.816412
10.137150	7.696229	-2.464585	-0.711871	-3.035357	-1.021460	6.115557	-17.793694	8.737347
12.264177	3.725449	3.419865	-0.486396	-3.255334	0.118602	6.079392	-17.587275	8.646614
-14.662746	-7.320062	4.362546	-0.135811	-2.786492	1.194343	6.034111	-17.381937	8.555840
13.557613	-6.478068	4.161045	-0.117344	-2.752674	1.240146	6.031912	-17.372875	8.551822
14.761466	-5.523936	3.935615	-0.098623	-2.717909	1.285784	6.029696	-17.363814	8.547804
-14.668122	7.336337	-2.353068	0.284808	-1.865330	2.151400	5.982773	-17.185163	8.468362
13.229567	-7.766302	-3.820373	0.582629	-0.800995	2.939079	5.930320	-17.007342	8.388892
-11.106397	8.788961	1.246799	0.704938	0.478734	3.726485	5.864565	-16.805534	8.298216
9.782938	-10.145251	2.907990	0.397811	1.625414	4.377861	5.793414	-16.604816	8.207510
-9.763567	-9.834774	2.830592	0.369283	1.671660	4.403974	5.790063	-16.595706	8.203380
10.089232	-9.295357	2.740314	0.339391	1.717262	4.429766	5.786702	-16.586598	8.199251
10.233053	11.401762	-0.252563	-0.366534	2.426134	4.860323	5.720511	-16.412100	8.119926
-11.844922	-12.238489	-2.007664	-0.849033	2.665611	5.159221	5.651633	-16.238441	8.040583
14.474040	-6.469517	-0.408163	-0.498031	2.178274	5.331238	5.569802	-16.039462	7.949175
-6.984052	12.797128	1.383616	0.457733	1.116846	5.335317	5.485909	-15.841592	7.857744
-17.412876	12.819198	1.389387	0.505345	1.060813	5.331897	5.482031	-15.832608	7.853580
-16.094220	12.713106	1.385290	0.552807	1.004430	5.328184	5.478151	-15.823631	7.849419
3.173721	-3.447672	0.038240	1.312669	-0.091735	5.204600	5.403368	-15.653580	7.770370
20.978374	-12.230279	-1.518931	1.382976	-1.083437	4.990760	5.326442	-15.484361	7.691308
-21.254391	11.757404	-0.459773	0.226754	-1.920467	4.651210	5.234655	-15.289733	7.599874
7.034167	-0.889272	2.468813	-1.332251	-2.366863	4.235459	5.139643	-15.096223	7.508427
19.547613	-1.935275	2.579179	-1.391008	-2.377150	4.215455	5.135314	-15.087590	7.504335
-19.421894	-2.956681	2.684196	-1.447846	-2.386575	4.195363	5.130980	-15.078966	7.500246
16.214568	-11.059559	3.117381	-2.071656	-2.395260	3.786287	5.045115	-14.911309	7.420535
14.532022	-3.850458	-0.259654	-1.592457	-2.076409	3.353446	4.956509	-14.744501	7.340817
-7.780236	10.914448	-4.584980	-0.150099	-1.420684	2.842117	4.851895	-14.555224	7.249872
4.856318	9.550703	-4.317057	1.545359	-0.604209	2.324250	4.743292	-14.366989	7.158921
-4.776907	8.534258	-4.170995	1.622131	-0.563964	2.299628	4.738013	-14.358044	7.154587
4.703912	7.421991	-4.013712	1.698076	-0.523728	2.275022	4.732725	-14.349101	7.150252
-4.681487	-11.100652	0.329894	2.868589	0.189585	1.829971	4.634378	-14.186101	7.071054
-5.453365	-4.813246	5.404618	3.376416	0.790347	1.399394	4.532678	-14.023853	6.991860
7.547785	11.051490	6.980485	2.649266	1.243975	0.937278	4.413069	-13.840688	6.902033
-9.763650	-10.753702	0.959525	0.238270	1.505775	0.504907	4.288738	-13.658427	6.812215
11.515695	1.836642	-5.630998	-2.585740	1.660791	0.106682	4.160941	-13.479059	6.723411
10.254206	9.635717	-7.113516	-4.252820	1.796495	-0.262332	4.028102	-13.300509	6.634618
-12.609478	9.304446	-6.982429	-4.275445	1.803569	-0.278432	4.021933	-13.292401	6.630577
-0.838539	8.899892	-6.831828	-4.292512	1.810789	-0.294482	4.015748	-13.284289	6.626533
12.967185	-8.951115	-1.152607	-3.578873	1.981394	-0.611997	3.885703	-13.117318	6.543122
12.906818	-8.350811	4.260910	-1.454626	2.145916	-0.903590	3.750837	-12.951018	6.459727
-12.883427	-6.319157	4.447231	-1.329307	2.152652	-0.917316	3.744049	-12.942823	6.455610
12.873896	-4.245223	4.623517	-1.202965	2.159189	-0.930970	3.737254	-12.934635	6.451495
1.478197	7.795904	5.659179	1.294133	2.235969	-1.181498	3.604023	-12.777299	6.372284
-12.505950	-4.745726	1.908474	3.432249	2.178933	-1.408853	3.466116	-12.620517	6.293089
7.412045	-6.990783	-3.322715	4.781608	1.866944	-1.646562	3.299470	-12.438654	6.200909
12.961716	1.946136	-3.583632	4.163548	1.241566	-1.858655	3.126044	-12.257472	6.108753
-4.133877	2.428808	-3.483881	4.084129	1.210756	-1.866756	3.118876	-12.250150	6.105022
-5.316938	2.913704	-3.377068	4.000202	1.179621	-1.874815	3.111702	-12.242835	6.101294
-13.820226	6.630919	-0.119686	1.465703	0.457144	-2.036963	2.957635	-12.088738	6.022654
14.984321	-6.647293	2.560418	-1.474671	-0.334412	-2.185629	2.798305	-11.935097	5.944039
-16.559288	6.825811	1.534187	-3.828325	-1.237244	-2.345390	2.605186	-11.756046	5.852175
5.537940	4.562755	-0.696086	-4.618937	-1.990971	-2.493528	2.404430	-11.577543	5.760344
17.901896	3.920256	-0.774857	-4.616373	-2.016824	-2.499415	2.396020	-11.570225	5.756574
-17.938752	3.247338	-0.851665	-4.610979	-2.042194	-2.505289	2.387597	-11.562908	5.752805
18.356264	-7.691091	-1.770299	-3.874633	-2.457498	-2.625439	2.208560	-11.410231	5.674062
9.262190	-0.859237	-0.963888	-2.124101	-2.643709	-2.742250	2.023579	-11.257917	5.595352
-17.399043	9.041635	0.782420	0.505155	-2.554901	-2.874488	1.800375	-11.080892	5.503693
2.828081	-0.395547	1.692133	2.885330	-2.127834	-2.993129	1.568671	-10.904295	5.412084
5.829300	-0.745472	1.709015	2.956848	-2.105327	-2.997136	1.559893	-10.897740	5.408680
16.107997	-1.070539	1.725016	3.026693	-2.082339	-3.001111	1.551103	-10.891185	5.405276
-14.915059	-3.573522	1.929357	4.063602	-1.416612	-3.082328	1.344700	-10.739943	5.326688
8.200335	-4.869179	1.963058	3.759070	-0.508405	-3.138982	1.131699	-10.588963	5.248136
12.462092	-12.044457	1.356276	2.056720	0.725425	-3.165657	0.874053	-10.412687	5.156314
-11.528050	-7.177891	-0.344201	-0.306772	1.929991	-3.140315	0.607265	-10.236699	5.064546
11.502491	-5.316151	-0.412478	-0.392526	1.969538	-3.138330	0.597577	-10.230422	5.061271
-8.821032	-3.423586	-0.480538	-0.477982	2.008741	-3.136266	0.587878	-10.224146	5.057996
-11.007334	12.887276	-1.857299	-2.337864	2.819271	-3.062032	0.351853	-10.073568	4.979411
2.600400	2.540727	-2.258027	-3.460227	3.279822	-2.936613	0.110103	-9.923159	4.900871
10.029506	-12.899786	-1.389938	-3.353922	3.244868	-2.721710	-0.177207	-9.748453	4.809608
8.706938	-5.615653	0.831211	-2.079788	2.688449	-2.437362	-0.469566	-9.573916	4.718414
-8.960777	-4.705546	0.915683	-2.016657	2.659370	-2.425428	-0.480618	-9.567365	4.714991
4.923040	-3.751373	0.998845	-1.952705	2.629773	-2.413408	-0.491675	-9.560815	4.711568
7.579001	12.139406	2.215708	-0.322730	1.823915	-2.113548	-0.747132	-9.410107	4.632825
-6.036873	-11.624724	1.411788	1.344996	0.844428	-1.772373	-1.003728	-9.259472	4.554134
4.583504	-11.336124	-0.795467	2.733497	-0.376392	-1.333328	-1.299792	-9.085656	4.463370
3.021815	0.125939	-2.058697	2.906194	-1.557064	-0.852717	-1.593997	-8.911872	4.372681
-4.479869	1.113677	-2.063922	2.877463	-1.603471	-0.831909	-1.606181	-8.904636	4.368906
4.523375	2.110002	-2.064400	2.845481	-1.649548	-0.811058	-1.618349	-8.897405	4.365134
-6.272159	9.436887	-1.019898	1.566996	-2.521298	-0.366082	-1.869105	-8.747391	4.286918
9.087238	-8.711207	1.237577	-0.294764	-3.171497	0.099404	-2.115861	-8.597346	4.208758
-12.583360	4.138283	1.959374	-2.013170	-3.530834	0.658758	-2.395026	-8.423562	4.118339
2.499136	6.920064	0.334302	-2.678905	-3.335199	1.232900	-2.665453	-8.249680	4.028005
15.161615	6.406458	0.239986	-2.680765	-3.315151	1.254281	-2.675339	-8.243197	4.024639
-15.217110	5.849400	0.143988	-2.680912	-3.294125	1.275646	-2.685211	-8.236714	4.021274
15.718199	-6.048252	-1.840671	-2.132706	-2.562398	1.765185	-2.910851	-8.085582	3.942895
6.062864	-2.467357	-1.638611	-0.515784	-1.495897	2.225357	-3.127254	-7.934328	3.864583
-13.731401	4.664662	0.241439	1.614474	-0.100841	2.692781	-3.363221	-7.760161	3.774587
-5.149573	-3.725471	1.421903	2.535697	1.198813	3.065296	-3.583608	-7.585763	3.684683
0.665724	-4.073952	1.418610	2.525675	1.243259	3.077395	-3.591799	-7.579009	3.681206
12.321642	-4.388871	1.410133	2.511567	1.287120	3.089305	-3.599964	-7.572254	3.677729
-11.711601	-1.910725	0.215745	1.344993	2.113631	3.303578	-3.776507	-7.420196	3.599544
7.599371	4.927435	-1.056509	-0.591635	2.619888	3.401623	-3.938578	-7.267916	3.521434
12.426792	1.742596	-0.312238	-2.284870	2.777420	3.349439	-4.104673	-7.093519	3.432227
-13.705127	-6.286038	0.874026	-2.425114	2.433867	3.117230	-4.248883	-6.918764	3.343120
5.590656	-6.087743	0.890793	-2.391026	2.410040	3.105197	-4.253880	-6.912159	3.339758
13.817986	-5.830067	0.904231	-2.353826	2.385413	3.092950	-4.258839	-6.905559	3.336399
-15.168833	6.782315	0.290126	-0.745023	1.623698	2.749198	-4.364563	-6.751990	3.258363
-13.031235	6.269302	-1.367495	1.428442	0.656103	2.305251	-4.451326	-6.598101	3.180410
16.714181	-6.831905	-0.889282	2.363825	-0.411283	1.697871	-4.526238	-6.421238	3.091140
14.513681	-4.949992	2.909787	1.362325	-1.169404	1.013193	-4.573560	-6.243848	3.001982
-15.566774	-4.209877	3.035032	1.300612	-1.189821	0.987594	-4.574726	-6.237482	2.998790
15.490090	-3.446804	3.155716	1.237586	-1.209773	0.961934	-4.575854	-6.231115	2.995597
15.286795	5.455115	3.579617	-0.502048	-1.552124	0.322148	-4.591648	-6.075858	2.917926
-9.702577	-4.518409	-1.972677	-1.953783	-1.620012	-0.333437	-4.584366	-5.920100	2.840345
6.339918	3.455188	-5.513535	-2.313480	-1.375554	-1.074428	-4.546695	-5.741699	2.751940
5.273155	-1.344852	1.369932	-0.793711	-0.862451	-1.771969	-4.476414	-5.562477	2.663655
-4.611635	-2.004324	1.771991	-0.709261	-0.838011	-1.798781	-4.472852	-5.555184	2.660073
4.601021	-2.613694	2.173758	-0.624161	-0.813389	-1.825452	-4.469234	-5.547889	2.656493
-5.407521	2.298468	7.376703	1.114721	-0.263102	-2.357572	-4.378204	-5.391461	2.579926
7.524138	-2.284591	0.879532	2.096157	0.259188	-2.799471	-4.260512	-5.234340	2.503455
-10.303978	0.068091	-8.585108	2.293724	0.688752	-3.166553	-4.089220	-5.051022	2.414801
6.793704	2.916817	-8.340121	1.721803	0.807174	-3.343560	-3.879586	-4.866676	2.326282
11.947816	2.723309	-8.123285	1.682148	0.805620	-3.346295	-3.870709	-4.859528	2.322862
-11.962135	2.501048	-7.893601	1.641043	0.803646	-3.348722	-3.861767	-4.852372	2.319440
11.362484	-2.249376	-0.810438	0.456007	0.665845	-3.326061	-3.648885	-4.693103	2.243528
0.805423	-3.651932	6.325507	-0.915362	0.398195	-3.170261	-3.410127	-4.532999	2.167716
-7.405470	2.550473	8.918952	-2.089758	0.022293	-2.848942	-3.104343	-4.346399	2.080000
6.332916	4.230175	3.086114	-2.282496	-0.313712	-2.405929	-2.770924	-4.158587	1.992424
-6.334015	3.213168	2.727107	-2.270511	-0.325398	-2.384678	-2.756048	-4.150496	1.988667
-0.530107	2.156752	2.365009	-2.257123	-0.336778	-2.363281	-2.741140	-4.142408	1.984913
0.253306	-4.412809	-4.569462	-1.718001	-0.504546	-1.900785	-2.431386	-3.978653	1.909200
1.434154	2.812417	-7.834735	-0.781664	-0.562055	-1.393189	-2.106488	-3.813916	1.833594
12.093962	4.755795	-5.592038	0.549181	-0.508083	-0.769282	-1.713002	-3.621111	1.745832
-13.987598	-5.037895	1.709262	1.722241	-0.346943	-0.132379	-1.306307	-3.426893	1.658224
11.982910	-4.835608	2.008307	1.761223	-0.338165	-0.105621	-1.288942	-3.418679	1.654537
14.070432	-4.557900	2.300234	1.799061	-0.329242	-0.078884	-1.271560	-3.410462	1.650850
-14.145089	5.437307	6.173723	2.264220	-0.119128	0.457506	-0.914915	-3.242741	1.575905
-9.585547	3.849351	5.211664	2.026796	0.134135	0.969248	-0.554110	-3.073904	1.501074
5.859117	-6.793596	0.605264	0.993551	0.459720	1.530002	-0.118720	-2.869598	1.411351
9.105792	-4.615375	-3.411649	-0.406420	0.740873	2.007221	0.314877	-2.663583	1.321799
-9.028224	-3.830257	-3.526298	-0.469071	0.751230	2.025986	0.333946	-2.654431	1.317843
-5.927432	-2.984443	-3.633819	-0.531438	0.761366	2.044535	0.353002	-2.645276	1.313886
7.899647	9.061308	-4.095622	-1.563322	0.900613	2.340388	0.695708	-2.478805	1.242270
-7.569136	-10.232860	-1.746703	-2.257835	0.932539	2.552076	1.032097	-2.311174	1.170769
9.592598	-6.420398	3.056650	-1.846353	0.488506	2.710363	1.815205	-1.895755	0.996236
-13.642751	13.495510	0.000094	1.099459	-0.371162	2.459360	2.516612	-1.472795	0.822422
-11.142466	8.127542	-0.180381	1.165516	-0.392279	2.449758	2.531651	-1.462926	0.818413
-8.141488	2.502647	-0.363972	1.230449	-0.413366	2.440008	2.546632	-1.453052	0.814405
6.750711	-2.692671	-0.536914	1.290155	-0.433074	2.430747	2.560604	-1.443806	0.810652
13.986580	-7.291962	-0.709242	1.348759	-0.452746	2.421360	2.574526	-1.434556	0.806901
-14.072825	-11.052048	-0.895692	1.411724	-0.474284	2.410915	2.589741	-1.424402	0.802785
14.155416	-13.299085	-1.077323	1.473221	-0.495766	2.400319	2.604896	-1.414244	0.798669
10.521271	12.498484	-2.681554	2.142887	-0.790059	2.235377	2.812433	-1.270151	0.740530
-14.741504	9.882327	-1.998143	2.344969	-1.054656	2.045262	3.006998	-1.125146	0.682479
13.527904	-2.794909	0.987673	1.939660	-1.348805	1.745475	3.256351	-0.920610	0.601367
9.377811	-7.066679	2.993801	0.993616	-1.545239	1.417626	3.477311	-0.714209	0.520428
8.564263	-2.172685	1.364592	-0.257975	-1.640713	1.058528	3.676120	-0.496684	0.436112
-9.314335	3.192604	-1.617281	-1.477040	-1.618532	0.694516	3.841907	-0.277017	0.351984
-7.060558	2.767162	-1.721919	-1.525646	-1.614721	0.678427	3.848498	-0.267215	0.348254
9.347372	2.303983	-1.822026	-1.573535	-1.610668	0.662364	3.855019	-0.257416	0.344526
-10.457313	-2.200228	-3.252524	-2.336464	-1.480694	0.351422	3.969682	-0.064330	0.271495
12.574725	1.883402	-4.248974	-2.628110	-1.250290	0.052039	4.059058	0.130452	0.198609
9.810186	-1.092724	-3.263358	-2.222068	-0.858005	-0.274516	4.130526	0.357060	0.114800
-17.257148	-2.452416	0.217542	-1.228839	-0.361235	-0.577573	4.168046	0.586003	0.031191
17.301124	-2.203928	0.409917	-1.179726	-0.339113	-0.589500	4.168861	0.595488	0.027750
0.622370	-1.943851	0.605497	-1.130151	-0.316884	-0.601380	4.169619	0.604977	0.024310
-17.474348	2.852331	4.524749	-0.024499	0.167289	-0.838605	4.172143	0.804333	-0.047556
-8.285897	1.385899	5.713400	1.080868	0.670789	-1.052756	4.149205	1.005481	-0.119271
-2.158104	-3.318131	3.242217	2.152662	1.248044	-1.270054	4.090270	1.242248	-0.202726
13.128935	-2.614246	-1.339601	2.898637	1.775455	-1.448588	3.996759	1.481109	-0.285971
-13.070850	-2.343826	-1.538024	2.921444	1.795491	-1.455046	3.992172	1.490978	-0.289392
8.944782	-2.059164	-1.735530	2.943573	1.815355	-1.461426	3.987530	1.500843	-0.292810
12.141783	3.543016	-5.258235	3.247592	2.190253	-1.577856	3.877002	1.708030	-0.364268
-11.832494	0.911694	-6.588726	3.220272	2.469564	-1.659863	3.740999	1.916421	-0.435567
12.060428	-3.881175	-5.931939	2.749442	2.648837	-1.708497	3.551674	2.159133	-0.517961
-0.976103	3.772526	-3.967485	1.891288	2.673409	-1.703313	3.328390	2.402998	-0.600132
-12.754768	3.992186	-3.850660	1.848583	2.671141	-1.701844	3.318303	2.413231	-0.603568
-12.294519	4.177205	-3.730387	1.805405	2.668611	-1.700270	3.308158	2.423466	-0.607003
-1.513262	2.067408	-0.635899	0.825648	2.559539	-1.644792	3.086456	2.634419	-0.677617
14.193017	-4.314511	2.971564	-0.278650	2.346355	-1.545884	2.840828	2.845897	-0.748065
-14.674359	-4.469860	6.280822	-1.620852	1.979199	-1.380277	2.527732	3.091765	-0.829607
0.635019	4.019396	5.864350	-2.897778	1.498383	-1.168316	2.188051	3.337876	-0.910915
14.561082	4.060840	5.722883	-2.942335	1.477992	-1.159439	2.174615	3.347274	-0.914015
-14.541549	4.058169	5.570258	-2.986453	1.457460	-1.150510	2.161148	3.356672	-0.917114
6.504785	-1.466591	0.207861	-3.835240	0.958563	-0.936295	1.849319	3.568724	-0.986964
12.772087	-2.908410	-4.966344	-4.294420	0.398628	-0.702171	1.524364	3.780626	-1.056640
-11.460776	2.519272	-5.184899	-4.127951	-0.314930	-0.413344	1.133739	4.026776	-1.137487
-3.045046	-2.785311	-1.477672	-3.070915	-1.071738	-0.116618	0.734132	4.272266	-1.218091
7.715572	-2.788754	-1.371711	-3.017319	-1.100069	-0.105630	0.719249	4.281326	-1.221066
10.303895	-2.751893	-1.272637	-2.962854	-1.128404	-0.094647	0.704360	4.290384	-1.224041
-9.713188	4.153035	-0.154423	-1.489759	-1.784639	0.158825	0.356661	4.500921	-1.293213
-1.567999	5.131382	0.966516	0.228763	-2.416105	0.403462	0.009081	4.710617	-1.362199
9.375804	-2.577246	2.693864	2.250719	-3.084995	0.668423	-0.391359	4.953441	-1.442263
-9.482543	-9.632349	3.865451	3.970644	-3.643201	0.902278	-0.782831	5.194685	-1.522075
3.903837	-9.668007	3.883490	4.024066	-3.661199	0.910204	-0.797089	5.203582	-1.525025
9.491875	-9.681258	3.899231	4.076547	-3.678972	0.918066	-0.811316	5.212469	-1.527972
0.770002	-5.205301	3.651244	4.991563	-4.027532	1.083604	-1.136027	5.418071	-1.596291
-9.675585	4.521313	2.281167	5.182557	-4.236438	1.213401	-1.449007	5.622163	-1.664419
-8.854206	13.885592	-0.635568	4.511049	-4.287841	1.311684	-1.779065	5.845427	-1.739372
2.775690	10.356014	-4.315735	2.953475	-4.164109	1.363744	-2.091503	6.066451	-1.814086
10.035015	-13.018599	-4.352525	0.407702	-3.867076	1.371455	-2.399945	6.296493	-1.892482
8.690202	-4.547181	2.179244	-2.749831	-3.422523	1.334521	-2.686463	6.523593	-1.970612
-10.269805	-2.268410	2.452405	-2.870105	-3.402194	1.332194	-2.697362	6.532533	-1.973704
10.280595	-0.001676	2.719078	-2.989078	-3.381671	1.329803	-2.708226	6.541467	-1.976796
-10.503431	8.830861	5.282487	-5.052786	-2.891339	1.262736	-2.935376	6.734237	-2.043833
10.516267	-6.632032	-0.449968	-5.620484	-2.326080	1.168528	-3.145518	6.924479	-2.110668
0.057710	-0.447129	-6.491950	-4.430286	-1.595058	1.028391	-3.368061	7.142304	-2.188126
-8.137356	3.555476	-3.129343	-1.762490	-0.808569	0.859351	-3.566695	7.356264	-2.265307
8.045109	2.991843	-2.724845	-1.650608	-0.778776	0.852607	-3.573569	7.364092	-2.268153
-7.950787	2.394096	-2.301113	-1.538560	-0.748967	0.845834	-3.580405	7.371908	-2.270997
-7.832969	-4.013765	7.798474	0.973317	-0.046793	0.679228	-3.730059	7.552232	-2.337080
2.509991	5.367329	5.536361	2.872544	0.660402	0.497260	-3.861355	7.729357	-2.402954
-0.290154	-7.011816	-8.866372	4.351316	1.469667	0.269339	-3.990795	7.931548	-2.479462
0.656391	7.705720	-6.873032	5.296449	2.238786	0.028365	-4.094394	8.128958	-2.555685
-0.732057	7.577864	-6.594644	5.319930	2.263816	0.020030	-4.097443	8.135554	-2.558260
0.812434	7.385871	-6.312190	5.342848	2.288770	0.011685	-4.100462	8.142144	-2.560835
-4.931588	3.027312	1.535233	5.735249	2.897628	-0.204435	-4.167326	8.308585	-2.626514
-9.275724	-0.101148	8.143062	5.745655	3.442835	-0.424223	-4.214211	8.471162	-2.691972
15.323972	-3.992737	10.295674	5.251019	3.990868	-0.677893	-4.243116	8.653188	-2.766947
-19.641834	-4.175429	3.706208	4.180587	4.464586	-0.928676	-4.244989	8.829938	-2.841626
3.811784	-3.686518	3.259487	4.130238	4.480805	-0.937826	-4.244537	8.836362	-2.844377
19.837366	-3.175218	2.799215	4.079178	4.496926	-0.946959	-4.244049	8.842774	-2.847126
-20.740955	3.971582	-8.443142	2.665667	4.853164	-1.158474	-4.221801	8.991527	-2.911673
13.384170	-2.087809	-10.886745	0.861133	5.170470	-1.361765	-4.178813	9.136281	-2.975992
16.938775	-6.014301	-1.180035	-1.562964	5.497366	-1.582038	-4.103448	9.297916	-3.049732
-6.839615	8.061697	9.644091	-3.803988	5.794403	-1.783733	-4.000127	9.454243	-3.123171
-9.182206	8.069706	9.883548	-3.873752	5.804833	-1.790693	-3.995822	9.459851	-3.125847
-13.698634	7.993501	10.105943	-3.942290	5.815230	-1.797616	-3.991483	9.465446	-3.128520
11.710382	-7.371935	11.053258	-5.150417	6.058400	-1.953519	-3.876606	9.597230	-3.192364
-10.842937	-11.400780	6.407274	-5.344043	6.299154	-2.088185	-3.740997	9.724952	-3.255976
11.402943	-1.440439	-0.733012	-4.490547	6.583289	-2.211805	-3.560857	9.866432	-3.328648
4.793493	12.481549	-6.953448	-2.770297	6.818473	-2.297066	-3.355608	10.002539	-3.401005
-13.419921	12.470593	-7.126082	-2.697793	6.824878	-2.299280	-3.347988	10.007206	-3.403533
-6.685513	12.399997	-7.294679	-2.624644	6.831121	-2.301437	-3.340346	10.011863	-3.406058
10.720237	-1.280435	-9.879138	-0.605786	6.926642	-2.336760	-3.140804	10.125885	-3.468910
18.031164	-10.215645	-7.923243	1.603704	6.872102	-2.333777	-2.925089	10.235797	-3.531518
-19.656604	8.020606	0.340596	3.757215	6.560587	-2.278095	-2.660220	10.356499	-3.602846
-10.534762	-0.689803	7.276389	4.754172	5.912067	-2.162246	-2.378008	10.471803	-3.673853
19.289133	-1.204323	7.415866	4.758319	5.883289	-2.157262	-2.368137	10.475626	-3.676260
-19.228724	-1.701645	7.547106	4.760184	5.854069	-2.152215	-2.358258	10.479440	-3.678665
0.038324	-3.788344	7.452478	4.047292	4.951407	-1.999548	-2.098308	10.575406	-3.740400
13.126735	2.663109	0.808873	2.101316	3.797604	-1.804346	-1.828130	10.667236	-3.801885
-9.392696	-2.234120	-4.838184	-0.763386	2.241989	-1.531086	-1.507791	10.767344	-3.872013
7.816686	-1.065792	-4.787594	-3.188460	0.520195	-1.207749	-1.177824	10.862006	-3.941810
6.816848	-0.628253	-4.722216	-3.251809	0.457041	-1.195375	-1.165947	10.865269	-3.944284
-7.833271	-0.187618	-4.654738	-3.313163	0.393737	-1.182932	-1.154050	10.868529	-3.946760
0.373596	3.117026	-2.729335	-4.199651	-1.186708	-0.857688	-0.857895	10.946724	-4.007685
9.396058	-1.235502	-1.219255	-3.980287	-2.753943	-0.498527	-0.557386	11.020709	-4.068350
16.114454	-4.292283	0.440000	-2.612384	-4.383746	-0.050064	-0.211022	11.099956	-4.137233
-17.632436	3.605161	1.953442	-0.329273	-5.670303	0.436741	0.137180	11.173701	-4.205771
2.478550	4.106545	1.950045	-0.226949	-5.710507	0.456216	0.150601	11.176431	-4.208404
17.602961	4.574162	1.938827	-0.123724	-5.749919	0.475744	0.164021	11.179153	-4.211037
-15.775255	0.828501	0.126575	2.210955	-6.405551	0.929209	0.466228	11.238351	-4.270250
12.155012	-4.591006	-2.171193	3.611723	-6.531856	1.404952	0.766833	11.293384	-4.329200
-7.647106	4.721921	-1.192908	2.737773	-5.901992	1.970125	1.109945	11.351700	-4.396892
4.964520	-5.080521	3.111374	0.295238	-4.513508	2.529368	1.447128	11.404461	-4.464239
-4.929486	-4.855716	3.207995	0.197988	-4.450055	2.549794	1.459582	11.406324	-4.466749
1.870772	-4.561001	3.294048	0.101257	-4.385912	2.570173	1.472025	11.408179	-4.469257
5.606883	5.519522	2.634168	-1.884682	-2.751160	3.022475	1.754660	11.448680	-4.526783
-8.244291	-5.485827	-1.519739	-3.141621	-0.913268	3.432475	2.030001	11.485071	-4.584054
15.619414	-6.194443	-5.291457	-3.138184	1.275414	3.835412	2.340745	11.522377	-4.650648
15.821656	0.417061	-2.950530	-1.273654	3.221958	4.130752	2.637705	11.554056	-4.716896
-15.912974	1.297698	-2.778902	-1.186603	3.282615	4.138907	2.647946	11.555075	-4.719237
16.001239	2.194152	-2.603543	-1.098921	3.342515	4.146885	2.658159	11.556086	-4.721575
-16.863043	6.032657	6.612845	2.678877	5.147585	4.292893	3.176938	11.600142	-4.847052
-7.105341	-4.621018	0.976844	0.360664	3.483372	3.808553	3.625212	11.623581	-4.971260
10.434165	-4.837868	0.703414	0.266355	3.414255	3.790184	3.634792	11.623881	-4.974142
11.916366	-5.029808	0.426922	0.172001	3.344287	3.771532	3.644325	11.624170	-4.977022
8.826875	-5.151197	0.194759	0.093563	3.285462	3.755801	3.652220	11.624401	-4.979415
-11.665448	-5.220173	-0.039375	0.015196	3.226058	3.739869	3.660087	11.624625	-4.981807
5.221100	1.995679	-4.538849	-1.479507	1.896923	3.366054	3.816769	11.627511	-5.031251
6.333824	4.501649	-5.666055	-2.328539	0.491228	2.914568	3.961506	11.627062	-5.080491
0.431745	-4.003960	-0.563586	-1.866223	-1.206283	2.223884	4.132146	11.621462	-5.144375
-0.719353	1.206899	4.030979	-0.228680	-2.527357	1.435512	4.282245	11.610179	-5.207916
-2.702882	2.316621	4.061906	-0.138650	-2.576338	1.396733	4.288733	11.609514	-5.210867
2.717491	3.345516	4.068468	-0.048039	-2.624079	1.357762	4.295181	11.608837	-5.213819
-4.825572	-1.336560	0.986875	1.508288	-3.249275	0.612318	4.405876	11.594154	-5.268063
-6.169839	-1.941897	-2.672981	2.092905	-3.321626	-0.177130	4.501226	11.575270	-5.322050
9.314066	1.048406	-0.842011	0.820086	-2.745081	-1.118361	4.591605	11.548423	-5.383675
-11.943218	-0.346759	1.548698	-1.111257	-1.721669	-2.065148	4.661539	11.516032	-5.444968
9.874901	-0.174540	1.547354	-1.210321	-1.648950	-2.124563	4.665286	11.513788	-5.448849
12.186838	0.012591	1.524150	-1.304057	-1.575791	-2.183834	4.668950	11.511522	-5.452729
-13.198558	0.114880	0.093426	-2.041909	-0.584116	-2.966304	4.710331	11.478670	-5.505091
13.298846	-0.384885	-1.227638	-1.797252	0.298936	-3.695148	4.736373	11.441757	-5.557209
6.185725	1.886454	-0.155291	-0.500635	1.123811	-4.460480	4.747197	11.392640	-5.618853
1.719351	2.350217	1.547756	1.062740	1.662108	-5.092710	4.735905	11.337935	-5.680148
-11.638028	2.226583	1.581791	1.119379	1.677726	-5.115880	4.734949	11.335532	-5.682698
-1.277172	2.087142	1.611084	1.174678	1.692759	-5.138764	4.733955	11.333122	-5.685246
10.915026	-2.294442	1.365891	1.984164	1.868777	-5.540760	4.705473	11.282389	-5.736615
-10.619122	-4.631763	0.045260	2.183872	1.801276	-5.821805	4.660895	11.227868	-5.787734
10.915156	-1.463280	-2.012882	1.782693	1.483975	-6.002780	4.587079	11.158539	-5.847930
6.134139	6.854239	-3.249828	0.946086	0.996736	-6.029295	4.490181	11.084150	-5.907779
-11.912002	6.793429	-3.261299	0.905080	0.973590	-6.027162	4.485552	11.080882	-5.910312
-2.730592	6.667656	-3.268574	0.863836	0.950316	-6.024772	4.480884	11.077607	-5.912843
9.286110	-3.869163	-2.549674	-0.009650	0.462723	-5.923468	4.378274	11.009972	-5.963545
14.415727	-8.282412	-0.263445	-0.924220	-0.026728	-5.725438	4.259039	10.938850	-6.013996
-15.749642	8.881249	3.385073	-1.878268	-0.528779	-5.381739	4.099533	10.851577	-6.072540
8.979294	-4.621197	4.732667	-2.500548	-0.875667	-4.928135	3.919319	10.759801	-6.130744
16.600576	-5.383748	4.713695	-2.515774	-0.885341	-4.907377	3.911513	10.755946	-6.133122
-16.617412	-6.112024	4.688476	-2.530079	-0.894605	-4.886457	3.903675	10.752083	-6.135499
7.974519	-9.639163	2.669607	-2.618015	-0.994449	-4.411695	3.731892	10.669339	-6.185267
16.299698	1.671712	-1.662109	-2.290584	-0.924649	-3.875838	3.546873	10.583458	-6.234780
-15.610345	9.579445	-5.245314	-1.336793	-0.679236	-3.186435	3.315644	10.479468	-6.292194
14.884350	-8.625569	-2.867480	0.180182	-0.322693	-2.441433	3.069120	10.371457	-6.349266
13.626406	-8.881302	-2.650991	0.249559	-0.306283	-2.409091	3.058435	10.366827	-6.351659
3.884574	-9.037736	-2.427378	0.318935	-0.289815	-2.376701	3.047734	10.362193	-6.354050
-9.613272	0.159092	2.745424	1.669937	0.053125	-1.702005	2.824241	10.266165	-6.402708
-13.813971	7.506658	5.298399	2.629048	0.379633	-1.007313	2.591575	10.167369	-6.451113
13.359557	0.175925	0.715754	2.857382	0.681440	-0.185554	2.310343	10.048962	-6.507156
-12.917293	-5.576670	-5.010201	2.154118	0.849378	0.636205	2.019375	9.927050	-6.562857
10.664133	-5.208087	-5.117294	2.110151	0.853147	0.667175	2.008168	9.922359	-6.564963
12.880107	-4.787708	-5.211750	2.064948	0.856738	0.698124	1.996949	9.917664	-6.567068
-12.403386	5.041946	-3.986531	0.775356	0.893780	1.394354	1.738770	9.809577	-6.614817
11.856691	-4.909604	1.776622	-0.723661	0.856061	2.069980	1.475451	9.699078	-6.662312
2.451975	-3.651234	5.120192	-2.157576	0.737686	2.816978	1.165463	9.568275	-6.716968
-10.695486	5.385455	3.727326	-2.776513	0.559486	3.516557	0.851261	9.434475	-6.771287
-7.642787	5.589295	3.591729	-2.784353	0.551027	3.544693	0.838020	9.428803	-6.773557
1.065024	5.766743	3.451069	-2.790860	0.542495	3.572747	0.824764	9.423122	-6.775827
10.410479	4.492209	-0.137646	-2.652411	0.354158	4.122902	0.553292	9.306062	-6.822051
-10.403316	-2.309953	-3.712658	-2.074130	0.140660	4.629709	0.280781	9.186992	-6.868027
10.757732	-7.643518	-5.166467	-1.002387	-0.129729	5.166405	-0.037293	9.045629	-6.921361
10.252516	-1.819150	-1.887111	0.287939	-0.409002	5.644727	-0.354185	8.901779	-6.974358
-11.564755	-1.193086	-1.679783	0.343040	-0.420869	5.663813	-0.367638	8.895600	-6.976607
11.607063	-0.560021	-1.469759	0.397924	-0.432724	5.682795	-0.381087	8.889417	-6.978856
1.420181	7.955471	2.845322	1.422889	-0.669282	6.046131	-0.653443	8.762854	-7.024421
-5.369332	8.308201	5.338244	2.120808	-0.890991	6.367174	-0.923586	8.634617	-7.069736
-14.009335	2.882123	3.591418	2.311229	-1.114876	6.684477	-1.230301	8.485426	-7.121455
2.438821	-5.631872	-0.922552	1.944157	-1.293770	6.947873	-1.532496	8.334277	-7.172840
13.480458	-5.908239	-1.115334	1.920185	-1.299947	6.957386	-1.544585	8.328138	-7.174907
-13.429914	-6.170493	-1.307133	1.895591	-1.306044	6.966819	-1.556673	8.321991	-7.176975
11.835114	-6.730602	-4.762004	1.236911	-1.417091	7.150243	-1.816433	8.188062	-7.221655
11.741272	-1.539991	-5.690924	0.420708	-1.485764	7.294101	-2.071688	8.052832	-7.266078
-7.675505	5.040261	-2.980182	-0.544135	-1.508959	7.411725	-2.357762	7.896638	-7.316586
6.920857	-0.916873	2.716070	-1.337029	-1.470320	7.482058	-2.637037	7.738977	-7.366761
-6.933850	-2.560590	2.937752	-1.363471	-1.467262	7.484015	-2.648688	7.732280	-7.368875
6.951103	-4.173255	3.152976	-1.389198	-1.464086	7.485891	-2.660326	7.725581	-7.370988
-8.098429	-2.881762	5.949502	-1.731527	-1.372021	7.506437	-2.896381	7.587494	-7.414263
-1.662691	3.410784	5.405262	-1.665963	-1.228481	7.493073	-3.126467	7.448497	-7.457285
12.660344	1.407653	1.052123	-1.190491	-1.005383	7.435594	-3.384693	7.286420	-7.506817
-13.964281	-1.623906	-4.065536	-0.475763	-0.730903	7.333406	-3.632849	7.123357	-7.556015
13.974298	-1.764210	-4.239008	-0.443291	-0.718325	7.328112	-3.643091	7.116451	-7.558085
12.131263	-1.928616	-4.406340	-0.410786	-0.705682	7.322742	-3.653306	7.109547	-7.560154
-13.274274	-4.280420	-6.020840	0.240276	-0.432917	7.196028	-3.857156	6.968406	-7.602219
11.488902	4.974504	-3.249010	0.790800	-0.136086	7.036740	-4.051858	6.826732	-7.644034
4.535900	-5.915996	2.745331	1.197299	0.230466	6.811323	-4.265421	6.661722	-7.692259
1.067147	-5.106629	5.655351	1.245406	0.612779	6.542740	-4.464516	6.496235	-7.740148
-7.151506	-3.717050	5.683065	1.237906	0.628948	6.530656	-4.472456	6.489352	-7.742130
7.109657	-2.300035	5.703639	1.229571	0.645149	6.518490	-4.480374	6.482465	-7.744113
5.268419	7.670240	4.529940	0.891689	0.982827	6.248914	-4.638695	6.339178	-7.785195
-7.726924	-8.229034	1.014047	0.337480	1.308727	5.947696	-4.784529	6.195732	-7.826027
-1.915637	7.344408	-2.361494	-0.380397	1.641641	5.561650	-4.936138	6.030334	-7.872770
11.674039	8.785777	-3.839448	-0.970155	1.896716	5.134305	-5.069037	5.864966	-7.919180
-11.775188	6.839057	-3.886960	-0.990801	1.906141	5.113398	-5.074753	5.857266	-7.921334
5.388576	4.848860	-3.934048	-1.010663	1.915321	5.092403	-5.080425	5.849566	-7.923487
13.633837	-8.731521	-4.539454	-1.209014	2.036385	4.687818	-5.177576	5.706977	-7.963249
6.110027	-3.392885	-4.128423	-1.032173	2.055865	4.255218	-5.259128	5.564603	-8.002763
-15.984453	8.211611	-2.154610	-0.469285	1.970387	3.722084	-5.333174	5.399953	-8.048254
-2.164761	0.179153	1.037920	0.280366	1.799898	3.159827	-5.384143	5.235821	-8.093414
15.852184	-1.681804	1.168447	0.312317	1.791493	3.136036	-5.385737	5.229049	-8.095274
-15.818908	-3.518791	1.297307	0.344214	1.782999	3.112205	-5.387289	5.222278	-8.097133
14.643432	-7.351115	3.308048	0.978335	1.587443	2.600860	-5.410221	5.079725	-8.136222
9.509163	2.224298	3.279302	1.437397	1.375184	2.075473	-5.413903	4.937765	-8.175059
-10.420046	6.437660	1.469808	1.569274	1.140265	1.459577	-5.393409	4.775604	-8.219341
8.241334	0.302507	-0.894428	1.241163	0.943716	0.835397	-5.345373	4.614452	-8.263292
0.126486	0.049289	-0.969540	1.221257	0.937316	0.812912	-5.343123	4.608689	-8.264863
-8.108488	-0.204460	-1.043203	1.200811	0.930952	0.790424	-5.340835	4.602927	-8.266434
-7.381255	-5.519249	-2.177931	0.544825	0.785030	0.244346	-5.273819	4.463555	-8.304418
1.749968	-1.867840	-1.675452	-0.362171	0.646407	-0.299942	-5.184171	4.325087	-8.342150
6.343150	4.773378	-0.090288	-1.436134	0.478862	-0.918422	-5.052192	4.167161	-8.385192
-7.437324	3.573486	1.105943	-2.133776	0.283114	-1.524325	-4.888042	4.010519	-8.427902
-0.174126	3.507286	1.133503	-2.146717	0.275009	-1.546587	-4.881287	4.004707	-8.429487
7.558499	3.450615	1.159653	-2.158502	0.266836	-1.568825	-4.874486	3.998898	-8.431071
-9.304214	2.934431	1.381083	-2.109201	0.054785	-2.080633	-4.702139	3.863636	-8.467975
-1.114996	-2.308042	0.944348	-1.502335	-0.202072	-2.574808	-4.503535	3.729375	-8.504627
13.519850	-4.481439	-0.140159	-0.307130	-0.561528	-3.127996	-4.235506	3.572909	-8.547366
-14.742229	4.875733	-1.098609	1.101657	-0.966243	-3.646003	-3.928692	3.417815	-8.589759
-10.349947	1.996700	-0.459759	2.270969	-1.355139	-4.081232	-3.615141	3.278084	-8.627976
7.944495	-5.744090	0.748517	2.975206	-1.747539	-4.478195	-3.267401	3.139478	-8.665908
12.083419	-5.966440	0.792392	2.990123	-1.765166	-4.495227	-3.250796	3.133216	-8.667622
-11.926542	-6.160286	0.834156	3.003276	-1.782755	-4.512159	-3.234131	3.126960	-8.669334
0.411944	-0.258509	1.250202	2.805145	-2.151966	-4.857136	-2.854384	2.991763	-8.706356
4.057395	7.520550	0.824955	1.632758	-2.469343	-5.156218	-2.439478	2.857654	-8.743101
-3.951417	7.507711	0.785297	1.567921	-2.480794	-5.167578	-2.421483	2.852111	-8.744620
3.247127	7.489048	0.743711	1.502121	-2.492083	-5.178850	-2.403427	2.846571	-8.746139
7.240203	-3.969045	-2.103275	-2.204943	-2.784420	-5.625459	-1.415222	2.570285	-8.821906
8.477451	-6.852014	0.486586	-3.788583	-2.274717	-5.813810	-0.272190	2.298679	-8.896475
-2.216005	-0.256599	0.696890	-3.773534	-2.250409	-5.815110	-0.244344	2.292540	-8.898162
-8.620424	4.792329	0.913508	-3.755653	-2.225452	-5.816281	-0.216400	2.286399	-8.899849
8.695833	6.652276	1.168490	-3.731372	-2.195792	-5.817473	-0.183963	2.279295	-8.901800
-8.763724	5.105036	1.424551	-3.703170	-2.165311	-5.818492	-0.151421	2.272195	-8.903751
5.032506	-5.250818	3.849472	-2.727816	-1.606104	-5.812435	0.359709	2.163900	-8.933509
7.403747	3.982166	0.483463	-0.739638	-0.907213	-5.765999	0.894388	2.056361	-8.963073
-4.509546	-3.015355	-5.318884	2.169561	0.123036	-5.646680	1.618978	1.918407	-9.001017
1.892523	3.073746	-3.265014	3.970936	1.196675	-5.461273	2.378697	1.781718	-9.038634
-1.813228	2.756776	-2.957678	4.014648	1.242437	-5.451777	2.412308	1.775835	-9.040254
1.738024	2.351023	-2.635062	4.055412	1.288071	-5.442158	2.445981	1.769954	-9.041873
1.651972	-3.881246	4.636239	4.231422	2.158783	-5.224767	3.130511	1.653080	-9.074054
-1.772500	-2.643455	7.679553	3.117007	2.908207	-4.959328	3.837749	1.537143	-9.105992
3.798432	5.739310	2.238220	0.528201	3.531009	-4.610519	4.644356	1.410037	-9.141024
-6.704174	-6.031225	-8.770621	-2.211341	3.890048	-4.204332	5.474754	1.284077	-9.175757
10.183555	5.725918	-2.522816	-3.898994	3.934193	-3.715957	6.371597	1.152819	-9.211969
-13.524559	-5.418980	9.020190	-4.407573	3.593374	-3.167448	7.290113	1.022813	-9.247853
13.640195	-3.763195	9.133079	-4.409206	3.572754	-3.145678	7.325185	1.017929	-9.249201
-3.756205	-2.028419	9.207789	-4.409782	3.551590	-3.123853	7.360256	1.013051	-9.250548
-11.849093	5.829872	4.326841	-4.164163	2.920184	-2.602987	8.175084	0.901209	-9.281434
-17.556942	-7.050848	-2.146773	-3.527506	2.054386	-2.052766	9.002681	0.790315	-9.312070
-6.398861	9.137623	-6.232603	-2.511056	0.850111	-1.396916	9.969125	0.663828	-9.347030
16.726250	3.397468	-8.586009	-1.416026	-0.482902	-0.733459	10.948020	0.538584	-9.381661
-16.632550	1.422980	-8.605506	-1.372873	-0.538876	-0.706348	10.988380	0.533476	-9.383074
16.535403	-0.546874	-8.615768	-1.329999	-0.594895	-0.679254	11.028757	0.528370	-9.384486
13.733271	-12.949663	-6.096691	-0.475771	-1.771516	-0.115592	11.881469	0.421477	-9.414056
-10.477884	-5.212636	1.734363	0.371381	-2.902541	0.428859	12.739952	0.315502	-9.443383
-8.737786	13.620407	8.123773	1.506172	-4.074042	1.021435	13.740334	0.193798	-9.477076
-1.111411	-8.079849	2.926987	2.847880	-5.002469	1.556196	14.743986	0.073324	-9.510442
4.574824	-10.240445	2.551629	2.903704	-5.035578	1.577715	14.787348	0.068151	-9.511875
-4.537468	-12.199734	2.172969	2.958959	-5.068067	1.599109	14.830742	0.062977	-9.513308
5.188281	4.174764	-4.984333	3.853669	-5.570169	1.994721	15.695366	-0.039645	-9.541741
6.255506	8.417129	-8.163992	4.081849	-5.763274	2.327319	16.558942	-0.141362	-9.569932
-8.623167	-6.448175	-4.844378	3.186017	-5.568413	2.629226	17.562534	-0.258826	-9.602498
1.437725	5.206986	-3.259551	1.380086	-4.907658	2.841651	18.560180	-0.375065	-9.634736
10.520941	5.151812	-3.184839	1.294380	-4.871007	2.848558	18.601092	-0.379825	-9.636056
-10.565157	4.980975	-3.103396	1.208133	-4.833646	2.855323	18.641989	-0.384582	-9.637376
10.852427	-4.645638	0.629356	-0.638675	-3.902604	2.964444	19.489012	-0.483058	-9.664696
-10.183039	4.392743	7.453251	-2.337264	-2.703312	3.015641	20.328216	-0.580640	-9.691776
8.690909	-4.237930	8.823970	-3.641201	-1.020476	3.006722	21.293357	-0.693117	-9.722998
-6.976114	4.370075	2.255460	-3.800756	0.906215	2.928688	22.244015	-0.804392	-9.753895
2.155601	4.313362	1.900784	-3.782119	0.993578	2.923822	22.284745	-0.809173	-9.755223
6.835538	4.158746	1.545973	-3.761495	1.081202	2.918835	22.325446	-0.813952	-9.756550
-5.608830	-5.004061	-5.121997	-2.943067	2.846821	2.794799	23.129383	-0.908595	-9.782836
4.800224	6.044633	-8.570609	-1.364510	4.537798	2.625183	23.921312	-1.002356	-9.808882
2.864246	-0.146307	-3.002290	1.183381	6.186533	2.373511	24.827147	-1.110356	-9.838890
-5.343581	-8.570662	5.748328	3.380322	7.237340	2.066966	25.715305	-1.217158	-9.868572
5.402012	-5.590048	6.032647	3.446311	7.265071	2.052593	25.753135	-1.221729	-9.869842
-3.656996	-2.531668	6.302151	3.509031	7.291177	2.038125	25.790930	-1.226299	-9.871112
-4.815021	8.738148	7.283389	3.912054	7.438795	1.731556	26.537349	-1.316942	-9.896308
-9.050761	-7.967013	-0.481874	2.444998	6.810916	1.397290	27.269855	-1.406710	-9.921264
6.048714	0.875278	-6.031477	-0.545821	5.238555	0.987192	28.105051	-1.510165	-9.950028
12.828762	4.400516	-3.695985	-3.312488	2.994598	0.571054	28.920419	-1.612439	-9.978469
-12.867099	4.016039	-3.392542	-3.406996	2.884659	0.552937	28.955708	-1.616896	-9.979708
1.061982	3.601375	-3.073289	-3.498303	2.773998	0.534855	28.990934	-1.621348	-9.980946
13.066800	-3.193969	3.526787	-4.492562	0.471066	0.186731	29.674177	-1.708251	-10.005115
-12.349059	2.960919	4.026845	-3.521362	-1.955184	-0.141214	30.342022	-1.794286	-10.029043
-1.207217	-1.206691	0.060944	-0.107795	-4.596927	-0.482848	31.099027	-1.893268	-10.056574
8.451754	-5.237375	-2.838914	3.692529	-6.666312	-0.765341	31.834243	-1.991083	-10.083781
0.251905	-5.000230	-2.853249	3.825869	-6.736495	-0.775900	31.865359	-1.995262	-10.084944
-8.245012	-4.715257	-2.855586	3.955181	-6.804867	-0.786316	31.896433	-1.999440	-10.086106
-6.228354	6.128461	-1.119802	5.645676	-7.743586	-0.962458	32.508365	-2.082423	-10.109188
4.403364	8.391522	1.412934	5.508926	-7.736383	-1.072939	33.103512	-2.164552	-10.132032
-3.247519	-9.586194	1.977577	3.131904	-6.527980	-1.122258	33.775895	-2.259223	-10.158363
0.824305	5.440658	1.696840	-0.796349	-4.380408	-1.097281	34.425668	-2.352734	-10.184370
3.748612	6.300251	1.674220	-0.978157	-4.274576	-1.094758	34.452886	-2.356696	-10.185472
-3.815783	7.117440	1.650361	-1.160037	-4.167942	-1.092126	34.480045	-2.360653	-10.186572
-2.043688	9.781246	0.822694	-4.710786	-1.869476	-1.016551	35.022793	-2.440485	-10.208772
5.371257	-2.290576	-0.650525	-7.348842	0.495948	-0.904750	35.550487	-2.519457	-10.230730
10.069581	-7.671409	-1.760695	-8.177255	2.961182	-0.743506	36.138114	-2.608897	-10.255595
-9.038849	5.189945	-0.630122	-6.250676	4.910736	-0.559638	36.709097	-2.697213	-10.280143
-2.227203	5.585368	-0.539270	-6.110671	4.983870	-0.551135	36.734164	-2.701120	-10.281229
8.751831	5.877340	-0.446194	-5.966675	5.055852	-0.542608	36.759220	-2.705027	-10.282315
-4.357050	-4.427263	1.389818	-2.499853	6.215378	-0.374176	37.243219	-2.780955	-10.303414
-1.655813	-1.684281	2.094592	1.748476	6.883005	-0.208392	37.717071	-2.856034	-10.324273
-4.642132	1.655879	-1.097433	10.885327	6.326041	0.131312	38.798390	-3.029370	-10.372407
-5.063814	-3.492952	-3.051763	11.255576	2.847499	0.360173	39.844002	-3.198048	-10.419212
5.885442	1.291294	-2.875099	11.097384	2.752156	0.363636	39.866124	-3.201612	-10.420201
-6.726612	3.662479	-2.685137	10.930990	2.656289	0.367034	39.888237	-3.205174	-10.421188
7.676428	1.161010	-2.459696	10.736135	2.548859	0.370744	39.912871	-3.209141	-10.422289
-8.625235	-2.709633	-2.223448	10.531640	2.440845	0.374375	39.937492	-3.213106	-10.423388
5.482524	-3.957564	-1.988768	10.325130	2.335941	0.377806	39.961275	-3.216934	-10.424450
10.427865	-3.457010	-1.751079	10.110147	2.230554	0.381161	39.985048	-3.220761	-10.425511
-21.862363	4.531359	1.602137	6.216176	0.671261	0.421042	40.327880	-3.275838	-10.440782
-9.775251	7.340172	3.543129	1.414562	-0.887696	0.444120	40.669054	-3.330400	-10.455905
19.652190	0.348350	1.851438	-5.379019	-2.894041	0.446556	41.146017	-3.406113	-10.476881
28.934593	-10.104949	-2.174535	-10.579192	-4.451566	0.412392	41.621487	-3.480818	-10.497566
42.819350	-14.643287	-4.381689	-12.389663	-5.309344	0.339221	42.107381	-3.556532	-10.518518
37.684452	-14.697979	-1.572721	-9.414221	-5.222312	0.228547	42.588914	-3.631187	-10.539162
-29.389984	14.324921	4.959500	4.000790	-2.894497	-0.087446	43.553493	-3.780635	-10.580440
-15.270100	3.577137	-5.171651	12.270123	0.468321	-0.434841	44.478616	-3.925689	-10.620434
-0.427469	0.238575	-5.172650	12.297204	0.538036	-0.442095	44.498724	-3.928880	-10.621313
16.171467	-3.316441	-5.148540	12.315678	0.607171	-0.449313	44.518819	-3.932071	-10.622192
-15.899825	-7.181331	-5.091644	12.326134	0.682875	-0.457245	44.541012	-3.935597	-10.623163
12.028686	-9.673427	-5.002003	12.326253	0.757749	-0.465124	44.563172	-3.939121	-10.624134
15.384525	-10.340339	-4.887952	12.317246	0.826861	-0.472427	44.583827	-3.942408	-10.625039
6.404740	-9.582447	-4.744290	12.299657	0.895157	-0.479676	44.604439	-3.945690	-10.625943
-11.913538	8.734730	-0.114794	11.163110	1.812087	-0.579910	44.905036	-3.993853	-10.639201
2.404361	-7.388285	5.320905	8.789829	2.560736	-0.664505	45.198632	-4.041514	-10.652311
7.085539	1.910799	4.623036	4.162538	3.357944	-0.750835	45.614168	-4.110304	-10.671216
-6.437142	5.649798	-1.215733	-0.933953	3.809113	-0.780557	46.011943	-4.178022	-10.689803
0.472415	5.496466	-1.439151	-1.148757	3.820832	-0.780367	46.028567	-4.180899	-10.690592
6.461380	5.298196	-1.654956	-1.362518	3.831925	-0.780050	46.045145	-4.183771	-10.691380
-7.364877	-6.276230	-4.701308	-5.370789	3.925041	-0.745132	46.372311	-4.241282	-10.707145
12.258553	-5.594900	-5.885440	-8.398998	3.775994	-0.653933	46.686027	-4.297996	-10.722674
12.348302	7.611507	-4.743976	-10.132553	3.321529	-0.483235	47.034100	-4.362884	-10.740416
-15.879686	11.274136	-1.805596	-10.158727	2.596059	-0.255298	47.365175	-4.426703	-10.757840
-8.144799	10.314321	-1.656301	-10.125966	2.558373	-0.244148	47.379386	-4.429492	-10.758601
-0.049849	9.230475	-1.505936	-10.090538	2.520202	-0.232906	47.393575	-4.432280	-10.759361
19.122443	-12.542239	1.865743	-8.916914	1.695255	0.001280	47.663899	-4.486221	-10.774064
-21.446916	8.354022	5.977456	-6.989513	0.759438	0.258185	47.922561	-4.539382	-10.788532
-12.106091	13.097528	6.882482	-4.127697	-0.382186	0.573287	48.208559	-4.600081	-10.805024
21.314152	-6.511255	-0.168455	-0.961601	-1.490134	0.893801	48.479994	-4.659734	-10.821201
-21.182144	-7.658246	-0.562673	-0.821288	-1.536731	0.907865	48.491651	-4.662344	-10.821908
7.352523	-8.748946	-0.956017	-0.681326	-1.583030	0.921901	48.503274	-4.664949	-10.822614
17.215981	-11.725414	-7.191688	1.952499	-2.423131	1.191379	48.725243	-4.715512	-10.836297
-12.140280	10.962819	-6.807862	4.197906	-3.095312	1.445225	48.937240	-4.765298	-10.849745
6.421449	-7.990208	1.782590	5.992371	-3.582354	1.709445	49.171940	-4.822265	-10.865100
-1.926783	-9.641484	7.255472	6.753935	-3.658225	1.928351	49.394303	-4.878189	-10.880138
-2.858234	-9.288361	7.324823	6.761940	-3.650722	1.936748	49.403732	-4.880605	-10.880786
2.797437	-8.923236	7.378611	6.767761	-3.642253	1.945045	49.413139	-4.883019	-10.881435
-3.136429	4.457744	5.477485	6.453803	-3.274284	2.087912	49.594356	-4.930268	-10.894106
5.643005	9.055884	-0.762170	5.425401	-2.538491	2.189486	49.767320	-4.976748	-10.906542
-9.721381	-8.814949	-7.205998	3.646169	-1.357586	2.252479	49.956479	-5.029244	-10.920551
6.605377	8.456921	-3.954002	1.563735	0.019812	2.254808	50.135811	-5.080726	-10.934249
13.547726	8.364477	-3.595169	1.469003	0.082886	2.253446	50.143566	-5.082990	-10.934850
-13.672016	8.072375	-3.221720	1.374219	0.146043	2.251956	50.151308	-5.085253	-10.935451
15.272487	-7.895808	4.705208	-0.448665	1.373341	2.196299	50.300111	-5.129318	-10.947137
-15.418942	7.207518	6.684461	-2.066545	2.497560	2.088703	50.443102	-5.172616	-10.958585
14.081501	-6.344946	-0.203702	-3.432184	3.514441	1.898139	50.600884	-5.221325	-10.971422
-11.443954	4.649487	-5.920272	-4.047492	4.086558	1.632175	50.753130	-5.269032	-10.983947
-3.468544	5.152116	-6.017681	-4.054092	4.099258	1.618920	50.759603	-5.271071	-10.984482
11.165395	5.561754	-6.098957	-4.058913	4.110881	1.605527	50.766063	-5.273107	-10.985015
-8.090489	-2.253700	-4.924239	-3.808562	4.130794	1.304300	50.894765	-5.313779	-10.995650
5.038183	-5.079732	-1.268917	-3.027902	3.795375	0.947111	51.020929	-5.353695	-11.006049
-2.538566	5.292033	1.848039	-1.724196	3.066532	0.477425	51.163996	-5.398715	-11.017728
-1.536264	-0.572578	3.803471	-0.269456	2.078755	-0.041325	51.305805	-5.442738	-11.029095
2.315182	-1.726182	3.862680	-0.209268	2.033143	-0.064044	51.311769	-5.444571	-11.029567
-2.376020	-2.831572	3.919859	-0.149357	1.987280	-0.086825	51.317732	-5.446402	-11.030039
4.780457	-5.402142	4.615220	0.984275	1.002474	-0.566278	51.440277	-5.483606	-11.039596
-8.585089	-6.638761	4.241893	1.842957	-0.020570	-1.061877	51.563536	-5.520072	-11.048919
-4.024086	3.308723	2.221227	2.481337	-1.170092	-1.642051	51.707650	-5.561247	-11.059391
16.113705	6.589266	-1.077461	2.792483	-2.213312	-2.217491	51.854807	-5.601442	-11.069553
-16.178993	6.084146	-1.254269	2.799781	-2.256058	-2.242612	51.861404	-5.603197	-11.069995
-0.561016	5.541400	-1.433249	2.806591	-2.298508	-2.267713	51.868014	-5.604951	-11.070437
16.163574	-5.940998	-4.127801	2.853794	-3.062976	-2.750910	51.999560	-5.639002	-11.078988
-4.963467	-5.661474	-2.325093	2.783437	-3.688526	-3.209763	52.135058	-5.672317	-11.087305
-10.996147	4.113603	3.247721	2.637370	-4.227805	-3.697445	52.297461	-5.709888	-11.096621
-5.665758	-2.089403	4.764176	2.511006	-4.560410	-4.126197	52.467267	-5.746485	-11.105624
7.542775	-2.813522	4.630091	2.507550	-4.569603	-4.142532	52.474502	-5.747985	-11.105992
-7.424643	-3.466661	4.476223	2.504263	-4.578413	-4.158728	52.481746	-5.749482	-11.106359
5.476079	3.467540	-1.347450	2.423751	-4.675197	-4.465754	52.636342	-5.780328	-11.113883
5.418000	2.963675	-5.846151	2.142661	-4.600414	-4.708652	52.798145	-5.810447	-11.121173
-4.519656	-4.661330	-6.316195	1.232290	-4.285456	-4.904359	52.994260	-5.844217	-11.129273
5.500936	5.415589	-2.018849	-0.470297	-3.698992	-5.013325	53.202075	-5.877032	-11.137065
5.799804	5.290404	-1.788145	-0.551833	-3.667467	-5.016118	53.211227	-5.878412	-11.137391
-5.878434	5.053457	-1.556520	-0.633502	-3.635392	-5.018763	53.220403	-5.879790	-11.137716
7.806455	-5.936205	3.593808	-2.206319	-2.862743	-5.040797	53.411695	-5.907354	-11.144187
-9.984834	6.279427	8.245367	-3.221208	-1.846663	-5.004404	53.613241	-5.934209	-11.150427
12.076335	-6.715748	3.278589	-3.111422	-0.393595	-4.891617	53.859429	-5.964465	-11.157374
-12.875883	5.787764	-8.725316	-1.701845	1.177462	-4.705625	54.118238	-5.993772	-11.164009
-1.581493	6.605995	-9.037606	-1.618406	1.242451	-4.696300	54.129308	-5.994975	-11.164280
12.858343	7.354499	-9.315787	-1.533157	1.307252	-4.686851	54.140398	-5.996177	-11.164550
-11.948889	2.500231	-8.037378	0.497104	2.579746	-4.463867	54.374301	-6.020685	-11.170014
10.271659	-8.171588	1.558406	2.473392	3.625463	-4.189632	54.616003	-6.044488	-11.175245
-8.482557	7.971350	9.556709	3.612157	4.366563	-3.812488	54.902902	-6.071018	-11.180980
-1.240024	-4.982872	1.218363	2.735931	4.466205	-3.371781	55.197980	-6.096618	-11.186407
8.120932	-6.009057	0.713474	2.662896	4.457004	-3.351786	55.210616	-6.097680	-11.186630
-8.159056	-6.886413	0.212637	2.587628	4.446792	-3.331668	55.223274	-6.098741	-11.186852
9.849398	5.452895	-7.558766	0.695595	4.029639	-2.893048	55.486886	-6.120245	-11.191311
-12.521693	-1.396628	-8.245726	-1.325398	3.280084	-2.411720	55.755002	-6.141046	-11.195537
11.443681	-2.276886	-6.059761	-2.991837	2.134044	-1.817379	56.066542	-6.164004	-11.200088
16.386317	1.582470	-3.642504	-3.758546	0.816324	-1.188374	56.381857	-6.186048	-11.204333
-16.362824	1.420370	-3.489660	-3.772412	0.754787	-1.159222	56.396227	-6.187026	-11.204518
6.904473	1.243266	-3.331278	-3.784514	0.693201	-1.130025	56.410603	-6.188002	-11.204703
14.562824	-2.005241	0.168092	-3.679361	-0.482485	-0.563760	56.686714	-6.206332	-11.208116
0.676023	-0.312245	3.064737	-2.946565	-1.605305	0.010902	56.963982	-6.223978	-11.211299
-6.851033	5.131891	4.078104	-1.353743	-2.734250	0.676884	57.285702	-6.243571	-11.214699
1.704740	-5.776671	2.203581	0.828333	-3.558450	1.332156	57.606806	-6.262252	-11.217790
3.333273	-6.579774	2.112242	0.918757	-3.583884	1.358584	57.619900	-6.262996	-11.217909
-3.242021	-7.318962	2.022566	1.008709	-3.608616	1.384999	57.633000	-6.263739	-11.218029
1.063173	-1.358520	0.513077	2.674831	-3.947324	1.934114	57.908643	-6.279071	-11.220427
2.936890	9.636721	-0.697825	3.569718	-3.883446	2.464420	58.182140	-6.293728	-11.222595
-5.118666	-9.812517	-1.701354	3.156614	-3.250352	3.052177	58.495079	-6.309854	-11.224817
8.205128	-8.202559	-0.058385	1.129450	-2.132819	3.609721	58.802988	-6.325083	-11.226731
4.258687	-7.571254	0.041492	1.022147	-2.077206	3.632991	58.816102	-6.325719	-11.226807
2.203408	-6.915609	0.140942	0.914274	-2.021173	3.656185	58.829196	-6.326351	-11.226882
-11.340709	6.280498	1.550939	-1.200246	-0.829835	4.108649	59.089400	-6.338705	-11.228263
-7.978891	6.472367	0.584106	-2.678491	0.384902	4.535287	59.344177	-6.350395	-11.229416
15.740285	-4.887113	-2.176920	-3.147724	1.650517	4.996081	59.632063	-6.363133	-11.230467
-15.859876	3.621064	-1.357630	-2.173129	2.634133	5.417770	59.910456	-6.374983	-11.231209
0.397033	3.734289	-1.218769	-2.108662	2.668084	5.434515	59.921872	-6.375459	-11.231234
15.768593	3.766475	-1.071649	-2.042785	2.701429	5.451188	59.933270	-6.375934	-11.231257
-13.970716	-3.799035	2.444878	-0.465759	3.248282	5.778658	60.164064	-6.385381	-11.231629
-9.037952	4.867393	3.664082	1.184115	3.505328	6.073690	60.386108	-6.394172	-11.231771
7.728670	-4.110002	4.875883	2.523637	3.401397	6.372341	60.630982	-6.403524	-11.231650
-5.309607	-10.086952	3.795047	2.717901	2.843065	6.623485	60.861998	-6.412005	-11.231223
5.250081	-5.374972	3.630932	2.703553	2.810790	6.632883	60.871254	-6.412337	-11.231199
-5.194580	-0.588135	3.455126	2.687720	2.777861	6.642195	60.880478	-6.412668	-11.231174
0.279345	12.797857	-2.101162	2.065345	1.944967	6.819604	61.067696	-6.419262	-11.230535
5.661879	-14.799377	-6.999679	1.080350	0.886431	6.964234	61.242780	-6.425206	-11.229665
-7.291044	16.346822	-3.078201	-0.179811	-0.532254	7.093022	61.429538	-6.431284	-11.228370
8.796094	-4.819165	4.412375	-1.323311	-2.054656	7.182539	61.597801	-6.436494	-11.226765
-8.837408	-7.214756	4.660010	-1.360082	-2.111030	7.185107	61.603600	-6.436668	-11.226701
9.251823	-9.545391	4.902841	-1.396354	-2.167349	7.187623	61.609368	-6.436841	-11.226636
9.459931	-17.618507	8.605239	-2.084503	-3.470946	7.232821	61.736770	-6.440566	-11.224995
-4.480526	5.773660	7.274969	-2.407048	-4.698797	7.252774	61.848898	-6.443658	-11.223128
-9.193385	18.013111	2.685900	-2.407932	-5.943878	7.246312	61.959298	-6.446464	-11.220667
8.785675	-2.811953	-0.764223	-2.155157	-6.894101	7.210141	62.046976	-6.448416	-11.217898
3.324555	-3.694629	-0.866400	-2.141400	-6.925498	7.208063	62.050062	-6.448478	-11.217779
-8.758030	-4.541423	-0.965940	-2.127437	-6.956300	7.205939	62.053111	-6.448538	-11.217659
22.141687	-14.827927	-2.499686	-1.796705	-7.459095	7.150442	62.108424	-6.449479	-11.215003
24.695394	-14.805133	-3.160431	-1.425158	-7.677269	7.075082	62.146587	-6.449788	-11.212119
