25.937645	-12.238204	9.859557	2.304249	16.637593	-3.460356	9.555724	-3.881720	-30.233595
-4.314934	-11.626965	9.820738	2.303035	16.640567	-3.462766	9.556880	-3.881912	-30.233596
4.311669	-10.865398	9.769177	2.300056	16.643160	-3.465159	9.558032	-3.882102	-30.233596
4.141650	8.346831	5.828414	1.852983	16.615474	-3.510262	9.580556	-3.885634	-30.233607
-3.169550	-7.757367	-1.641936	0.624965	16.437431	-3.549510	9.601851	-3.888602	-30.233612
2.809167	6.743923	-2.499426	-1.837605	16.049789	-3.587342	9.624842	-3.891316	-30.233611
-3.826248	-4.062953	2.935129	-5.276738	15.470414	-3.617213	9.646214	-3.893271	-30.233604
3.927885	-4.917130	3.067637	-5.453888	15.437007	-3.618476	9.647225	-3.893348	-30.233603
2.702324	-5.615892	3.168332	-5.630594	15.403145	-3.619719	9.648231	-3.893422	-30.233602
-6.739410	0.522284	0.568684	-8.613036	14.717237	-3.638705	9.665644	-3.894447	-30.233590
10.342317	4.687272	-4.580735	-10.838733	13.887234	-3.651195	9.681709	-3.894866	-30.233571
-14.402945	-4.863743	-5.275443	-11.734109	12.782881	-3.657330	9.698140	-3.894607	-30.233544
-11.130271	5.439726	-0.123269	-10.415327	11.506919	-3.654845	9.712700	-3.893565	-30.233511
17.347673	5.610027	0.148552	-10.317109	11.449484	-3.654546	9.713273	-3.893504	-30.233509
-17.419881	5.714034	0.420479	-10.215980	11.391786	-3.654231	9.713842	-3.893441	-30.233508
18.002232	6.864440	5.259235	-7.541990	10.127813	-3.643963	9.724901	-3.891803	-30.233472
-17.181777	6.979174	6.475850	-4.192935	8.768293	-3.626545	9.734276	-3.889541	-30.233430
15.273756	-7.542628	4.955133	-0.230807	7.142128	-3.598059	9.742710	-3.886232	-30.233377
2.984121	-3.224994	3.127212	3.558313	5.445338	-3.559971	9.748723	-3.882116	-30.233317
-13.033377	-2.770153	3.053326	3.705268	5.374793	-3.558204	9.748915	-3.881930	-30.233314
12.952569	-2.311084	2.979204	3.851403	5.304178	-3.556420	9.749104	-3.881743	-30.233311
-11.447511	7.423550	1.250680	6.764588	3.775706	-3.514146	9.752083	-3.877400	-30.233252
0.978426	5.999167	-0.862157	9.175233	2.233840	-3.464079	9.752977	-3.872423	-30.233188
9.264997	-0.063880	-3.155019	11.168266	0.477565	-3.397041	9.751316	-3.865949	-30.233108
-8.347074	-2.470245	-4.408291	12.183107	-1.246881	-3.319322	9.746654	-3.858633	-30.233020
8.317368	-2.808849	-4.420685	12.197674	-1.301576	-3.316644	9.746452	-3.858384	-30.233017
-8.287582	-3.149172	-4.430996	12.211060	-1.356221	-3.313955	9.746248	-3.858134	-30.233014
-1.493606	-3.357261	-3.883608	12.103021	-2.835327	-3.235659	9.739341	-3.850926	-30.232930
6.651757	2.236189	-1.847070	11.077281	-4.266645	-3.148647	9.729878	-3.843057	-30.232841
-5.905125	0.633922	1.153769	9.059492	-5.794611	-3.041129	9.716197	-3.833505	-30.232735
5.432031	-0.439731	2.627778	6.432388	-7.238236	-2.922296	9.699094	-3.823139	-30.232622
-4.896962	-0.332677	2.614491	6.311088	-7.298649	-2.916891	9.698274	-3.822672	-30.232617
-5.407690	-0.222525	2.593360	6.189524	-7.358834	-2.911467	9.697448	-3.822203	-30.232612
5.299700	0.184186	0.991000	3.629229	-8.554097	-2.795080	9.678966	-3.812235	-30.232504
-5.346051	-0.380663	-1.067184	1.016310	-9.661885	-2.669342	9.657574	-3.801632	-30.232391
4.720259	1.055896	-2.393147	-1.927457	-10.812606	-2.513410	9.629344	-3.788695	-30.232255
5.182928	-2.097164	-1.951516	-4.683734	-11.822052	-2.344687	9.597036	-3.774935	-30.232110
-5.164512	-2.075630	-1.888097	-4.798911	-11.863124	-2.336943	9.595514	-3.774309	-30.232104
5.145133	-2.011662	-1.820957	-4.913539	-11.903922	-2.329167	9.593983	-3.773681	-30.232097
-4.607593	3.339544	0.088137	-7.078671	-12.653571	-2.168419	9.561644	-3.760796	-30.231963
3.971564	2.358506	2.306945	-9.006500	-13.271762	-1.997300	9.525921	-3.747280	-30.231823
-3.479458	-6.044373	3.693852	-10.825103	-13.798161	-1.792148	9.481567	-3.731322	-30.231659
0.590970	3.998463	2.518300	-12.246205	-14.132280	-1.573371	9.432678	-3.714576	-30.231486
3.615423	4.453096	2.434193	-12.288895	-14.140414	-1.565372	9.430863	-3.713969	-30.231480
-3.636659	4.893753	2.347619	-12.331085	-14.148297	-1.557349	9.429039	-3.713360	-30.231474
4.535264	8.827980	-0.448909	-13.207283	-14.259271	-1.350906	9.381485	-3.697805	-30.231314
-5.968400	2.863027	-3.695934	-13.721592	-14.197346	-1.133911	9.330161	-3.681639	-30.231148
7.915653	-11.127901	-5.536531	-13.832438	-13.908518	-0.876623	9.267311	-3.662583	-30.230953
2.516131	-2.317006	-3.409665	-13.402359	-13.394523	-0.609118	9.199364	-3.642754	-30.230750
-9.880280	-1.983810	-3.341915	-13.389735	-13.383347	-0.604232	9.198096	-3.642391	-30.230747
9.912452	-1.647704	-3.273396	-13.376941	-13.372106	-0.599343	9.196826	-3.642028	-30.230743
-10.359216	12.861171	0.800871	-12.528993	-12.731332	-0.352766	9.131459	-3.623619	-30.230555
-12.412779	9.644582	4.910496	-11.281791	-11.942284	-0.100958	9.061804	-3.604601	-30.230360
13.109736	-13.820898	6.936862	-9.445273	-10.906257	0.184424	8.978932	-3.582675	-30.230135
-13.214641	-6.618599	4.400868	-7.140995	-9.726724	0.472717	8.890476	-3.560003	-30.229902
13.208750	-4.787997	4.285210	-7.073847	-9.694245	0.480255	8.888094	-3.559402	-30.229896
-0.942410	-2.951868	4.167800	-7.006392	-9.661723	0.487786	8.885711	-3.558801	-30.229890
-12.746574	13.916330	-0.471606	-4.557276	-8.536275	0.738268	8.804257	-3.538543	-30.229682
11.869370	-0.456833	-5.211928	-1.753000	-7.334323	0.988211	8.718426	-3.517735	-30.229467
11.852429	-12.972874	-7.860280	1.821064	-5.867178	1.275003	8.613584	-3.492990	-30.229212
4.941014	0.857947	-5.132373	5.526726	-4.338184	1.557522	8.502640	-3.467521	-30.228948
-8.714801	1.741780	-4.920101	5.684658	-4.271357	1.569550	8.497729	-3.466409	-30.228937
5.633087	2.621342	-4.702450	5.842153	-4.204504	1.581558	8.492810	-3.465297	-30.228925
7.118614	10.658185	0.511674	8.950747	-2.824801	1.824252	8.389701	-3.442271	-30.228686
-5.739206	-9.169715	5.558015	11.706294	-1.430254	2.060763	8.281678	-3.418696	-30.228441
4.635232	-8.965553	8.595102	14.227767	0.219348	2.330945	8.147349	-3.390090	-30.228142
-4.600190	-7.208369	7.797935	15.585891	1.844764	2.588529	8.005859	-3.360728	-30.227835
-4.420812	-7.142381	7.771580	15.591113	1.858709	2.590705	8.004598	-3.360470	-30.227832
4.612432	-7.073655	7.744767	15.596225	1.872696	2.592888	8.003332	-3.360211	-30.227829
-5.693912	3.298394	3.237748	15.492361	3.200470	2.797832	7.878665	-3.334944	-30.227564
7.328472	-1.839313	-4.384003	14.226109	4.473440	2.991081	7.748739	-3.309153	-30.227292
-9.091289	-1.214673	-8.968317	11.379914	5.837323	3.196763	7.593072	-3.278919	-30.226972
9.851820	0.214859	-1.664577	7.191500	7.067352	3.383465	7.430230	-3.248005	-30.226643
5.989902	-0.004176	-1.300793	7.040811	7.104230	3.389116	7.424889	-3.247003	-30.226633
-9.845444	-0.218759	-0.934743	6.889351	7.140937	3.394746	7.419539	-3.246000	-30.226622
9.102576	0.633068	7.448612	2.518568	8.077439	3.540546	7.269829	-3.218210	-30.226325
-7.669693	-1.514617	8.801745	-2.004416	8.863402	3.668770	7.114369	-3.189905	-30.226022
6.206598	0.178250	7.863274	-6.997246	9.545538	3.791200	6.931092	-3.157199	-30.225671
5.676644	3.029490	3.807662	-11.376979	9.976040	3.887295	6.740352	-3.123842	-30.225310
-6.054632	3.725323	3.590503	-11.500393	9.985265	3.889898	6.734160	-3.122770	-30.225299
6.085414	4.371153	3.366967	-11.622749	9.994211	3.892474	6.727955	-3.121696	-30.225287
-7.769575	-5.674641	-3.672977	-14.475520	10.123735	3.952060	6.553170	-3.091707	-30.224961
9.572585	1.394741	-8.093210	-16.049265	10.010486	3.988325	6.372646	-3.061221	-30.224629
14.268640	9.472690	-7.313244	-13.769681	8.790932	3.983517	5.931509	-2.988535	-30.223831
-4.765140	-11.083808	-0.074198	-4.806973	6.491005	3.857666	5.460467	-2.913243	-30.222997
4.499420	-6.986864	-0.010095	-4.666116	6.455707	3.855257	5.454185	-2.912252	-30.222986
-4.229849	-3.803521	0.052424	-4.525084	6.420329	3.852831	5.447906	-2.911261	-30.222975
3.580666	0.575730	0.196089	-4.189868	6.336081	3.847009	5.433020	-2.908914	-30.222948
-2.438912	5.862379	0.336591	-3.853141	6.251211	3.841079	5.418116	-2.906566	-30.222922
-2.565432	8.998377	0.419851	-3.653058	6.200656	3.837516	5.409280	-2.905175	-30.222907
2.212210	11.178484	0.504060	-3.452637	6.149915	3.833917	5.400442	-2.903784	-30.222891
1.890692	-8.791146	2.336228	0.264750	5.184422	3.761303	5.237255	-2.878198	-30.222605
1.235695	-10.969695	4.890695	3.951260	4.156532	3.675857	5.071188	-2.852335	-30.222315
0.510191	9.761947	7.574814	8.757126	2.616892	3.532869	4.830966	-2.815190	-30.221896
-0.121621	-7.677148	-1.165118	12.534505	1.013675	3.364506	4.585436	-2.777498	-30.221470
-0.308651	5.011299	-7.998135	14.548252	-0.728926	3.156750	4.317420	-2.736607	-30.221004
-3.984720	-2.214403	-3.825335	13.771455	-2.449369	2.920580	4.044001	-2.695101	-30.220529
-0.340856	-2.392491	-3.720938	13.722553	-2.488695	2.914725	4.037551	-2.694124	-30.220518
4.125022	-2.549265	-3.621041	13.672457	-2.527915	2.908861	4.031106	-2.693148	-30.220507
-7.427945	1.209919	-1.324145	11.049178	-3.914684	2.683887	3.793492	-2.657213	-30.220093
11.002772	-0.525871	3.377684	7.157023	-5.172433	2.438640	3.552433	-2.620842	-30.219672
-14.027614	0.308698	8.974092	1.661632	-6.385483	2.133422	3.272678	-2.578698	-30.219182
12.742486	0.317423	6.418273	-4.218932	-7.281779	1.802180	2.988999	-2.535993	-30.218683
15.554561	0.015200	6.103291	-4.446704	-7.310279	1.788218	2.977429	-2.534252	-30.218662
-15.579063	-0.316524	5.772980	-4.672762	-7.338124	1.774213	2.965854	-2.532509	-30.218642
14.428029	-0.121802	-8.654233	-11.502237	-7.811996	1.069279	2.415983	-2.449652	-30.217664
-11.497274	0.898536	7.471087	-6.971830	-6.486831	0.279403	1.855412	-2.364833	-30.216652
1.498259	-0.377014	7.565398	-6.721354	-6.428482	0.256787	1.839881	-2.362475	-30.216624
11.364300	-0.987534	7.605444	-6.466319	-6.369134	0.234132	1.824343	-2.360116	-30.216596
-11.323242	-0.738302	7.602498	-6.300534	-6.330577	0.219591	1.814380	-2.358603	-30.216578
11.282973	-0.167155	7.578431	-6.132837	-6.291582	0.205022	1.804406	-2.357088	-30.216559
-10.575453	1.119275	2.904198	-1.830131	-5.266889	-0.141710	1.568986	-2.321271	-30.216128
3.356087	3.026288	-3.690928	2.522277	-4.068784	-0.494014	1.332310	-2.285129	-30.215691
10.404544	-3.510740	-5.718342	6.524333	-2.382492	-0.942188	1.032127	-2.239067	-30.215131
-10.932534	-5.736141	-0.348742	7.947878	-0.589278	-1.389243	0.730501	-2.192497	-30.214562
10.954877	-3.956312	-0.118692	7.949683	-0.530288	-1.403688	0.720680	-2.190975	-30.214543
-9.544824	-2.152753	0.111832	7.948762	-0.471234	-1.418138	0.710848	-2.189451	-30.214524
-11.625135	6.531815	4.560653	6.944297	1.092813	-1.799592	0.448636	-2.148683	-30.214023
-3.254922	-3.436650	2.044271	4.285978	2.595292	-2.172105	0.185812	-2.107544	-30.213514
5.300791	-6.806480	-3.515388	0.285980	4.169230	-2.587052	-0.118668	-2.059506	-30.212916
11.412650	4.925814	-3.663626	-3.222087	5.469429	-2.979592	-0.423383	-2.010981	-30.212309
-11.345455	5.643648	-3.546829	-3.340494	5.518600	-2.996213	-0.436752	-2.008841	-30.212282
11.275576	6.328704	-3.422205	-3.454887	5.567005	-3.012767	-0.450111	-2.006702	-30.212255
4.708733	4.318898	0.253878	-4.915297	6.361632	-3.328616	-0.714507	-1.964160	-30.211719
-7.152840	-5.278601	3.542700	-4.868398	6.805830	-3.619669	-0.978617	-1.921260	-30.211176
-6.090029	4.871338	0.481343	-3.167485	6.856459	-3.928691	-1.289440	-1.870211	-30.210526
3.439688	-1.422527	-3.568079	-0.825745	6.455083	-4.199516	-1.599218	-1.818679	-30.209865
-3.431887	-2.420938	-3.624099	-0.770275	6.439779	-4.205856	-1.607031	-1.817370	-30.209848
2.016043	-3.414855	-3.676739	-0.715232	6.424221	-4.212179	-1.614853	-1.816060	-30.209831
3.257398	-4.896916	-2.957997	0.844352	5.763721	-4.411937	-1.880097	-1.771339	-30.209254
5.280733	5.175872	2.038836	1.775802	4.882260	-4.581802	-2.144077	-1.726272	-30.208669
-7.039198	-5.602037	3.989818	2.023985	3.683060	-4.737493	-2.442012	-1.674683	-30.207996
8.042385	1.395661	-0.151373	1.453890	2.350823	-4.852587	-2.737728	-1.622656	-30.207312
5.254922	1.565468	-0.322480	1.426113	2.306022	-4.855635	-2.747302	-1.620957	-30.207290
-8.058261	1.729334	-0.493005	1.397933	2.261107	-4.858642	-2.756883	-1.619256	-30.207268
3.156079	6.631540	-4.088449	0.560587	1.025767	-4.923101	-3.015136	-1.573042	-30.206657
6.426338	-1.108507	-4.088328	-0.185740	-0.219968	-4.954395	-3.271176	-1.526500	-30.206038
4.735528	-7.874764	-1.470931	-0.648071	-1.589438	-4.948906	-3.557553	-1.473518	-30.205329
-2.333610	7.222588	1.265831	-0.745943	-2.862444	-4.899074	-3.840479	-1.420126	-30.204609
-3.555133	8.044245	1.361983	-0.743729	-2.913467	-4.895964	-3.852405	-1.417851	-30.204579
3.529241	8.699523	1.455785	-0.741072	-2.964169	-4.892774	-3.864315	-1.415577	-30.204548
-3.461342	-9.382822	2.950188	-0.598824	-3.948563	-4.807751	-4.110566	-1.368068	-30.203904
2.564510	-2.928080	3.675119	-0.336261	-4.777238	-4.686815	-4.353323	-1.320247	-30.203252
5.032673	10.457243	2.819150	0.034825	-5.511354	-4.504841	-4.624753	-1.265461	-30.202500
-5.832420	-10.369362	-0.063988	0.378893	-6.007036	-4.274855	-4.890499	-1.210285	-30.201737
3.446614	-10.479404	-0.136843	0.385974	-6.015995	-4.268645	-4.896898	-1.208936	-30.201719
5.857188	-10.543358	-0.209004	0.392970	-6.024802	-4.262406	-4.903294	-1.207587	-30.201700
5.470770	2.639788	-2.266627	0.577026	-6.241797	-4.021335	-5.128456	-1.159420	-30.201030
-1.474700	9.629999	-3.241937	0.601959	-6.280989	-3.743170	-5.348657	-1.110972	-30.200353
-5.525095	5.757982	-2.974688	0.393076	-6.128210	-3.383857	-5.592522	-1.055570	-30.199573
5.281025	-0.100089	-1.592168	-0.032191	-5.791995	-2.982735	-5.829162	-0.999812	-30.198783
-5.434541	-5.938839	0.366568	-0.544288	-5.309358	-2.548236	-6.056272	-0.944171	-30.197989
6.248502	3.297589	2.342856	-0.996125	-4.720449	-2.081721	-6.275425	-0.888191	-30.197185
-3.314032	3.902330	2.418867	-1.012329	-4.692744	-2.060601	-6.284847	-0.885728	-30.197150
-6.359014	4.452893	2.493447	-1.028132	-4.664903	-2.039428	-6.294253	-0.883265	-30.197114
7.826677	-0.539438	3.695064	-1.249470	-4.033820	-1.568852	-6.493876	-0.829772	-30.196340
-9.169400	-2.588028	3.915889	-1.160925	-3.364707	-1.077743	-6.685539	-0.775982	-30.195557
-0.138023	-2.202668	3.900525	-1.149505	-3.337618	-1.057898	-6.692971	-0.773843	-30.195526
9.244051	-1.807783	3.883249	-1.137438	-3.310493	-1.038027	-6.700389	-0.771703	-30.195495
-9.677693	2.319964	3.080956	-0.679920	-2.654169	-0.556164	-6.873675	-0.720446	-30.194744
9.476216	1.679597	1.733902	0.017946	-1.989592	-0.062971	-7.039134	-0.668935	-30.193984
-8.901928	-3.201471	-1.538470	0.931785	-1.237880	0.507504	-7.217403	-0.610049	-30.193110
-0.948557	3.846851	-5.252562	1.727836	-0.506215	1.083512	-7.384694	-0.550844	-30.192225
8.453626	4.023805	-5.329032	1.752817	-0.478294	1.106036	-7.390994	-0.548528	-30.192191
-8.447391	4.166632	-5.396486	1.777214	-0.450408	1.128578	-7.397281	-0.546209	-30.192156
8.546083	1.153632	-4.843211	2.154399	0.144064	1.621748	-7.530505	-0.495313	-30.191390
-8.982896	-0.828972	-1.689611	2.218257	0.701857	2.112106	-7.655058	-0.444191	-30.190616
9.690428	-5.995114	3.452395	1.859040	1.306918	2.678022	-7.789358	-0.384113	-30.189700
-9.281961	5.933550	6.369339	0.968342	1.882311	3.231051	-7.910938	-0.323738	-30.188773
-10.361542	5.918722	6.273287	0.911915	1.909221	3.256781	-7.916360	-0.320878	-30.188729
10.384950	5.771232	6.146610	0.854216	1.936126	3.282470	-7.921753	-0.318017	-30.188685
-10.671341	-5.453534	0.055103	-0.358351	2.436050	3.752831	-8.016722	-0.264634	-30.187859
10.678178	4.860126	-6.133227	-1.502385	2.934078	4.205775	-8.101143	-0.211030	-30.187025
0.859219	2.459534	-3.893025	-2.228657	3.487572	4.684375	-8.182158	-0.151244	-30.186088
-9.750720	-3.734511	2.332701	-2.352724	4.053821	5.132820	-8.249340	-0.091200	-30.185141
8.849654	3.443379	4.839400	-1.952247	4.631272	5.541640	-8.301692	-0.031660	-30.184195
-1.923766	-0.310031	0.825338	-1.124958	5.196784	5.912274	-8.339724	0.028121	-30.183238
-7.604312	-0.740027	0.479235	-1.067479	5.229974	5.933517	-8.341569	0.031769	-30.183180
7.524347	-1.154583	0.132222	-1.009699	5.262984	5.954612	-8.343360	0.035420	-30.183121
5.977725	-3.379627	-3.988961	-0.154030	5.737779	6.257347	-8.363880	0.091493	-30.182216
-3.555239	-0.279345	-3.096452	0.491721	6.132068	6.518892	-8.371154	0.147752	-30.181303
-4.828927	0.051456	-2.932557	0.519369	6.149882	6.531376	-8.371164	0.150700	-30.181255
4.762722	0.400191	-2.760454	0.546501	6.167395	6.543744	-8.371136	0.153651	-30.181207
3.180136	3.668468	1.298336	0.969121	6.431140	6.751320	-8.363711	0.208803	-30.180304
-2.949084	-3.850009	3.859214	1.282245	6.554804	6.912501	-8.342954	0.264103	-30.179393
-0.597798	4.067323	-0.487604	1.543634	6.487654	7.035075	-8.302759	0.327119	-30.178346
-0.201040	-0.518532	-4.641213	1.534225	6.166076	7.089174	-8.244439	0.390281	-30.177287
4.152986	-1.925937	-4.689117	1.522540	6.144046	7.090043	-8.241163	0.393327	-30.177236
-4.245841	-3.284356	-4.716943	1.509599	6.121438	7.090753	-8.237847	0.396371	-30.177185
1.629755	-4.373519	-1.753394	1.092787	5.621355	7.076861	-8.171229	0.450891	-30.176263
9.030027	4.369675	5.226920	0.462662	4.956218	7.013392	-8.090946	0.505483	-30.175332
-11.925081	-4.229002	6.053405	-0.297844	4.005764	6.878719	-7.980589	0.569057	-30.174238
4.679729	3.779544	-1.676456	-0.871455	2.900121	6.680416	-7.852305	0.632685	-30.173133
13.746121	3.898800	-1.950444	-0.884017	2.858122	6.672164	-7.847388	0.634963	-30.173093
-13.775022	3.975821	-2.216346	-0.895824	2.816008	6.663841	-7.842452	0.637240	-30.173053
6.639381	1.426309	-6.160953	-0.901650	1.750197	6.437544	-7.715732	0.692615	-30.172081
12.502938	-3.609521	-5.299727	-0.310985	0.623185	6.166406	-7.576468	0.747993	-30.171101
8.637608	-2.518493	0.262271	0.555467	-0.638560	5.819821	-7.410142	0.808623	-30.170016
-7.804173	3.680079	4.530159	0.986010	-1.880292	5.423219	-7.229975	0.869220	-30.168921
5.397447	-4.031766	1.955473	0.467356	-3.119435	4.955383	-7.026712	0.932753	-30.167760
-3.855413	4.620795	-2.507516	-0.593155	-4.298514	4.436927	-6.809640	0.996201	-30.166586
0.533996	4.331135	-2.559723	-0.636142	-4.343726	4.415617	-6.800865	0.998685	-30.166540
3.788857	3.963838	-2.596799	-0.678856	-4.388875	4.394232	-6.792069	1.001169	-30.166494
-3.596438	-5.354611	-0.907656	-1.436113	-5.374597	3.901853	-6.592207	1.056132	-30.165465
5.416059	6.096127	1.248627	-1.415155	-6.330870	3.374718	-6.383026	1.110992	-30.164428
5.655854	4.091759	0.546843	-0.136222	-7.329899	2.736854	-6.135173	1.173054	-30.163240
6.246928	-7.439519	-0.536660	1.468312	-8.162519	2.058379	-5.876644	1.234943	-30.162040
-1.557165	-7.206422	-0.516969	1.542995	-8.203931	2.017804	-5.861328	1.238529	-30.161970
-6.337627	-6.775477	-0.484737	1.614193	-8.244498	1.977079	-5.845970	1.242116	-30.161900
6.762599	7.637753	0.591666	2.219271	-8.740861	1.354380	-5.612935	1.295554	-30.160850
-6.796460	-5.316124	0.644865	1.904235	-9.016473	0.704437	-5.372924	1.348829	-30.159791
6.480099	-6.937152	-0.432847	0.629680	-9.021997	-0.090371	-5.083256	1.411059	-30.158538
2.833890	4.677833	-1.254208	-0.925729	-8.642753	-0.917619	-4.785352	1.473019	-30.157273
-5.944316	5.373954	-1.243856	-0.998108	-8.612283	-0.960652	-4.769923	1.476178	-30.157208
5.917162	6.004424	-1.225626	-1.069056	-8.580697	-1.003752	-4.754474	1.479335	-30.157143
-0.117325	3.799971	0.041320	-2.049364	-7.864641	-1.748319	-4.487863	1.533107	-30.156028
-5.225131	-4.299986	1.792912	-2.597537	-6.799637	-2.504693	-4.216096	1.586635	-30.154904
5.276716	3.491345	2.282248	-2.683445	-5.136266	-3.378695	-3.898189	1.647797	-30.153601
-5.889931	2.118464	0.633261	-2.184079	-3.050863	-4.247779	-3.574830	1.708596	-30.152286
5.927319	0.824738	0.543587	-2.155259	-2.963667	-4.281040	-3.562263	1.710933	-30.152235
-5.965812	-0.454699	0.452955	-2.125852	-2.876047	-4.314276	-3.549689	1.713269	-30.152184
7.073636	-2.631061	-1.610244	-1.338191	-0.812490	-5.053683	-3.265277	1.765627	-30.151033
3.801731	1.781769	-2.963811	-0.410483	1.364649	-5.773300	-2.977859	1.817672	-30.149872
-10.025605	2.545351	-2.486366	0.626424	3.854629	-6.558204	-2.648094	1.876435	-30.148541
11.197916	-1.662832	0.513955	1.446816	6.224455	-7.297814	-2.315753	1.934752	-30.147198
-11.243424	-2.173726	0.704749	1.481913	6.349586	-7.337317	-2.297250	1.937975	-30.147123
11.286482	-2.653583	0.893643	1.515699	6.473953	-7.376668	-2.278732	1.941198	-30.147048
0.406670	-2.257956	3.231554	1.846281	8.319979	-7.977528	-1.983638	1.992240	-30.145851
-11.542706	2.765787	3.197515	1.729619	9.853197	-8.526787	-1.687618	2.042900	-30.144644
10.975408	0.461202	-0.545048	1.142981	11.120842	-9.083085	-1.348106	2.100425	-30.143250
-10.138862	-2.555513	-3.517708	0.337892	11.813781	-9.551349	-1.008742	2.157404	-30.141843
10.103942	-2.540444	-3.532679	0.306015	11.828967	-9.567494	-0.995670	2.159589	-30.141788
3.395562	-2.511210	-3.537260	0.274179	11.843316	-9.583503	-0.982589	2.161776	-30.141733
-9.278340	0.500835	-1.466767	-0.396964	11.943691	-9.905771	-0.686745	2.211069	-30.140492
8.592264	2.160576	2.419104	-0.856869	11.624353	-10.148981	-0.392007	2.259908	-30.139241
-8.127084	-2.065807	4.541657	-0.911095	10.789288	-10.328463	-0.063041	2.314160	-30.137826
-1.805909	2.287657	0.658650	-0.360882	9.491292	-10.411015	0.263468	2.367797	-30.136397
8.207099	2.266612	0.265302	-0.313235	9.397571	-10.412990	0.283646	2.371107	-30.136308
-8.235057	2.142535	-0.138003	-0.264673	9.302490	-10.414600	0.303813	2.374413	-30.136219
8.909662	-3.067865	-5.567552	0.448421	7.842758	-10.398847	0.585968	2.420630	-30.134961
-10.031786	4.320146	-6.517079	0.996931	6.219830	-10.312398	0.865475	2.466343	-30.133694
11.734055	-6.338015	0.555488	1.115696	4.232744	-10.124960	1.186581	2.518815	-30.132209
4.648587	-0.348127	7.145096	0.710835	2.204840	-9.846125	1.503218	2.570562	-30.130711
-13.772397	2.261671	7.389225	0.675481	2.090712	-9.827825	1.520834	2.573442	-30.130626
13.882591	4.888135	7.617194	0.638958	1.976577	-9.809245	1.538434	2.576320	-30.130542
-15.490042	10.614763	8.783080	-0.058185	0.225080	-9.488647	1.806963	2.620259	-30.129239
16.642588	-11.882323	5.865189	-0.950971	-1.507206	-9.103339	2.071468	2.663624	-30.127926
-16.842053	12.496383	1.835111	-2.023670	-3.522273	-8.560741	2.381457	2.714606	-30.126346
-3.545887	-0.771729	-3.677908	-2.778047	-5.448948	-7.930350	2.684763	2.764724	-30.124752
15.021459	-3.057225	-3.877394	-2.794361	-5.514018	-7.906854	2.695194	2.766453	-30.124697
-14.916114	-5.308774	-4.076036	-2.809870	-5.578994	-7.883234	2.705626	2.768182	-30.124641
11.561960	-11.005504	-8.221376	-2.890247	-7.126643	-7.271029	2.958965	2.810299	-30.123266
8.700011	-7.720254	-9.887813	-2.238260	-8.576205	-6.597948	3.206671	2.851746	-30.121880
-3.782689	-5.509922	-8.544568	-0.505703	-10.080228	-5.759619	3.481359	2.898088	-30.120291
2.537891	5.319526	-3.413794	1.715473	-11.394706	-4.846568	3.747844	2.943517	-30.118688
-2.561913	4.696517	-3.156746	1.793810	-11.437298	-4.812923	3.757116	2.945107	-30.118631
1.265601	3.997438	-2.894876	1.871799	-11.479607	-4.779187	3.766377	2.946696	-30.118574
4.756392	-3.436382	4.041087	3.606639	-12.436625	-3.910787	3.993366	2.985875	-30.117150
-8.663619	2.050076	7.802040	4.599988	-13.190662	-2.989835	4.213267	3.024310	-30.115716
16.679422	-1.017905	-5.847683	2.826057	-13.949125	-0.677109	4.693862	3.110442	-30.112351
-10.078047	2.254869	-5.895487	-2.393878	-12.866803	1.817713	5.130474	3.192278	-30.108930
9.646601	4.060982	-5.273340	-2.521454	-12.819710	1.874454	5.139667	3.194051	-30.108853
0.578616	2.549247	-4.615402	-2.648747	-12.771594	1.931222	5.148836	3.195821	-30.108776
-8.737465	-1.288061	-3.898067	-2.781283	-12.720223	1.990571	5.158391	3.197668	-30.108696
8.274378	-4.428533	-3.160321	-2.913232	-12.667698	2.049985	5.167927	3.199514	-30.108615
-3.193466	-3.911509	-2.495757	-3.029825	-12.620060	2.102827	5.176382	3.201153	-30.108544
-7.477804	-1.487600	-1.827842	-3.145610	-12.571534	2.155689	5.184816	3.202790	-30.108472
-7.442201	6.650907	6.118794	-4.791269	-11.667238	3.011345	5.318159	3.228969	-30.107313
-2.854994	-8.563507	3.113307	-5.734401	-10.547812	3.866772	5.445914	3.254635	-30.106147
-1.820700	10.594425	-2.761609	-5.886201	-8.642328	5.061529	5.616059	3.289896	-30.104494
-0.531996	-11.667166	-6.236084	-4.894065	-6.418120	6.232015	5.774373	3.324101	-30.102828
6.289411	1.568105	-9.162482	-2.768101	-3.840521	7.425085	5.928076	3.359014	-30.101057
-10.289440	10.699925	-7.603095	0.199488	-1.152728	8.559407	6.067633	3.392703	-30.099272
-6.283633	11.022957	-7.395398	0.310357	-1.057630	8.598096	6.072286	3.393867	-30.099209
10.531856	11.328415	-7.174483	0.421341	-0.962482	8.636725	6.076924	3.395031	-30.099145
-12.864211	4.397369	1.146006	3.034380	1.342446	9.551307	6.184748	3.423037	-30.097592
14.039801	-9.534338	9.920294	5.042481	3.542594	10.398575	6.281297	3.450094	-30.096028
-14.103479	8.351937	12.036959	5.835458	5.821126	11.270767	6.377394	3.479824	-30.094227
-5.679085	2.359397	4.210012	4.500355	7.736199	12.025815	6.457876	3.508271	-30.092413
12.978418	0.728508	3.687461	4.391810	7.817907	12.059071	6.461362	3.509613	-30.092325
-12.902938	-0.873340	3.159557	4.280168	7.898490	12.091994	6.464808	3.510951	-30.092237
11.296854	-6.160243	-6.121534	1.870843	9.156686	12.626507	6.520056	3.534377	-30.090656
5.065178	0.814501	-11.843317	-0.890302	10.062702	13.050582	6.562929	3.556809	-30.089065
-7.205855	4.391059	-11.519291	-3.685221	10.659536	13.386938	6.596362	3.581198	-30.087234
5.368382	-0.045973	-4.433270	-5.352819	10.781103	13.550948	6.612773	3.604246	-30.085390
-4.251913	-2.938921	4.176628	-5.522868	10.421716	13.533273	6.611914	3.625684	-30.083553
4.128244	-1.721708	8.780863	-3.984751	9.587563	13.343724	6.594203	3.645770	-30.081703
-2.896156	-1.148499	8.835917	-3.870311	9.539363	13.330987	6.592985	3.646666	-30.081617
-4.175356	-0.562652	8.874801	-3.751900	9.490399	13.317898	6.591732	3.647559	-30.081532
5.087973	1.996504	5.905549	-0.710106	8.360280	12.978546	6.558756	3.665106	-30.079776
-6.178859	-1.751197	-2.542914	2.647353	7.065930	12.506325	6.511900	3.681448	-30.078009
5.812980	-1.313039	-2.944825	2.805265	6.997023	12.478476	6.509111	3.682260	-30.077917
6.267081	-0.839371	-3.330230	2.960365	6.928048	12.450297	6.506286	3.683069	-30.077825
-6.757964	1.630423	-6.445600	5.073566	5.688781	11.884643	6.449071	3.697156	-30.076160
6.882375	-1.666504	-1.551708	5.354212	4.533680	11.218676	6.380622	3.710201	-30.074483
-6.972601	1.968215	4.851430	3.403316	3.372818	10.326360	6.287298	3.724085	-30.072518
7.495396	-2.653381	2.050079	-0.281707	2.428903	9.319558	6.179971	3.736566	-30.070537
2.316246	-2.444833	1.720584	-0.497137	2.383497	9.261211	6.173687	3.737210	-30.070428
-7.601083	-2.161028	1.385247	-0.711459	2.338739	9.202524	6.167361	3.737851	-30.070319
8.792842	3.695227	-3.030204	-3.604268	1.728269	8.247908	6.063482	3.747309	-30.068608
-10.497394	1.099688	-2.736238	-4.859420	1.286236	7.225891	5.950269	3.755747	-30.066886
12.157539	-6.201772	0.124754	-4.010803	0.964225	5.969479	5.808248	3.764239	-30.064882
15.109659	-2.478774	0.971106	-1.441885	0.720780	4.644046	5.654955	3.771379	-30.062863
-16.982479	8.186083	-0.418922	1.671689	0.401391	3.279318	5.493247	3.777108	-30.060857
18.047238	-8.149210	-1.317537	3.473642	-0.148503	1.869251	5.321814	3.781533	-30.058836
-1.978072	-8.341504	-1.230643	3.491409	-0.183363	1.799940	5.313268	3.781715	-30.058737
-2.901020	-8.378277	-1.124848	3.501331	-0.219092	1.730550	5.304701	3.781893	-30.058639
-17.834435	7.933434	2.335807	2.548195	-1.042343	0.387238	5.136523	3.784726	-30.056748
-4.289084	-1.437379	1.541268	0.581804	-1.997764	-0.976185	4.961045	3.786447	-30.054845
15.945963	-4.219724	1.326191	0.472079	-2.048856	-1.049474	4.951467	3.786507	-30.054743
-15.798323	-6.946572	1.094458	0.362970	-2.099747	-1.122795	4.941871	3.786565	-30.054641
12.472868	-4.561632	-4.286117	-1.298241	-2.936623	-2.426786	4.768551	3.787062	-30.052824
10.982777	4.964191	-6.223927	-1.841643	-3.536912	-3.732766	4.589590	3.786570	-30.050996
-4.490165	-4.176271	1.178887	-0.540292	-3.732644	-5.245174	4.374797	3.784757	-30.048855
2.655208	3.620693	7.157173	1.054576	-3.231588	-6.737080	4.153611	3.781617	-30.046699
-2.649710	3.837385	7.213736	1.099772	-3.188057	-6.809476	4.142599	3.781429	-30.046592
-1.057844	3.892738	7.239993	1.139840	-3.142768	-6.881731	4.131580	3.781238	-30.046486
3.958599	-4.070058	3.920458	1.083831	-2.072692	-8.133876	3.935653	3.777357	-30.044612
-6.749972	-0.734759	-1.669168	0.112827	-0.612513	-9.339975	3.735938	3.772499	-30.042727
10.156742	4.972847	-4.372674	-0.901861	1.067396	-10.647357	3.500540	3.765659	-30.040530
-11.891199	-5.263189	-0.000389	-0.676674	2.169944	-11.822631	3.261324	3.757523	-30.038318
2.974391	-4.289630	0.189645	-0.641069	2.198666	-11.868976	3.251130	3.757150	-30.038224
11.901857	-3.233752	0.370924	-0.603740	2.225816	-11.915062	3.240923	3.756775	-30.038130
-10.748309	5.130395	1.587295	0.420185	2.437899	-12.790290	3.030949	3.748592	-30.036201
8.110346	-4.595388	-0.981859	1.323981	2.029823	-13.527150	2.819091	3.739448	-30.034260
-4.815177	3.622842	0.876179	0.786869	0.959415	-14.200478	2.573212	3.727725	-30.032010
3.013279	-2.612072	1.675643	-0.598998	-0.382277	-14.685146	2.326063	3.714739	-30.029745
1.228010	-1.764270	1.570830	-0.663360	-0.443007	-14.702736	2.314775	3.714117	-30.029641
-2.984653	-0.869833	1.451847	-0.727078	-0.503377	-14.719933	2.303487	3.713492	-30.029538
3.916406	1.961193	-1.946521	-1.729006	-1.528568	-14.971851	2.088851	3.701129	-30.027562
-6.366871	-0.457906	-3.681092	-2.029718	-2.133174	-15.081320	1.874238	3.687827	-30.025575
9.856422	-2.111670	-2.355816	-1.151670	-2.058997	-15.026597	1.622066	3.670967	-30.023220
-2.259687	0.388377	0.914138	0.414059	-1.331769	-14.775513	1.370895	3.652823	-30.020849
-12.511063	1.574813	1.033836	0.468163	-1.299365	-14.763862	1.362450	3.652189	-30.020769
12.561619	2.861606	1.153212	0.521941	-1.266592	-14.752024	1.354014	3.651554	-30.020689
-11.898512	5.172072	6.426679	2.031750	0.855785	-13.812337	0.886112	3.613866	-30.016192
8.677166	-6.989170	-0.769517	-0.759478	2.398191	-12.444596	0.424281	3.571722	-30.011638
-7.454222	2.920038	-1.342825	-0.827425	2.416257	-12.409261	0.413661	3.570693	-30.011532
-8.570349	7.032491	-1.920362	-0.893622	2.433292	-12.373819	0.403053	3.569662	-30.011426
8.516319	3.135016	-2.517577	-0.962210	2.450322	-12.335876	0.391742	3.568560	-30.011313
-8.463798	-7.072296	-3.070430	-1.028572	2.466158	-12.297790	0.380437	3.567455	-30.011199
7.742431	3.849546	-4.343530	-1.668817	2.540115	-11.654385	0.195517	3.548935	-30.009335
-7.231046	6.800742	0.717397	-1.221892	2.241871	-10.983660	0.011960	3.529694	-30.007460
-6.061026	-5.945988	2.100305	0.272374	1.446485	-10.087064	-0.222377	3.503847	-30.005032
6.884538	4.957475	-1.015464	1.443128	0.413995	-9.160475	-0.454080	3.476817	-30.002588
-6.897428	2.880214	-1.069285	1.458618	0.359955	-9.112982	-0.465714	3.475419	-30.002464
6.911535	0.602535	-1.101552	1.467904	0.305997	-9.065460	-0.477334	3.474020	-30.002340
3.949929	-4.259021	0.227481	0.843867	-0.598013	-8.242966	-0.675299	3.449577	-30.000211
-7.912515	4.037145	0.865419	-0.439818	-1.429999	-7.408134	-0.870982	3.424258	-29.998071
8.605839	2.247099	-1.055645	-1.672531	-2.237256	-6.436022	-1.093605	3.393984	-29.995589
-9.023278	-1.462190	-2.240982	-1.921338	-2.812947	-5.458579	-1.312796	3.362560	-29.993091
9.031302	-1.531335	-2.196508	-1.895466	-2.834823	-5.408740	-1.323841	3.360933	-29.992963
6.663297	-1.663642	-2.135953	-1.865448	-2.855940	-5.358883	-1.334876	3.359302	-29.992836
-8.931850	-5.306939	0.755441	-0.862531	-3.104072	-4.516076	-1.519268	3.331401	-29.990685
8.497298	5.764382	4.043014	0.643783	-3.172136	-3.665686	-1.700846	3.302669	-29.988522
-7.792369	-2.175938	3.423733	2.249829	-3.067883	-2.667287	-1.907967	3.268272	-29.985997
7.202130	-6.530441	0.750586	3.186979	-2.809747	-1.660329	-2.110921	3.232766	-29.983456
-3.267322	6.930836	-0.726583	3.422800	-2.450154	-0.670282	-2.305455	3.196925	-29.980953
-8.026023	-2.654312	-2.287515	3.051607	-2.018451	0.319241	-2.495610	3.160032	-29.978435
8.106943	-5.163059	-2.417412	3.016141	-1.993924	0.371009	-2.505452	3.158070	-29.978303
-8.191717	-7.544157	-2.554709	2.979086	-1.969185	0.422794	-2.515288	3.156103	-29.978170
10.134967	-3.139998	-5.808404	2.054582	-1.491903	1.346757	-2.689196	3.120414	-29.975791
-1.304247	7.671671	-8.505904	0.656131	-0.950812	2.262448	-2.858897	3.083809	-29.973399
-12.135386	8.053694	-8.570936	0.576059	-0.922921	2.307147	-2.867121	3.081988	-29.973282
12.205639	8.440487	-8.626985	0.494969	-0.894930	2.351817	-2.875334	3.080164	-29.973164
-12.996779	9.645755	-7.468036	-1.232534	-0.336243	3.212750	-3.032682	3.044325	-29.970869
5.475859	3.714881	-1.598992	-3.042445	0.235594	4.059432	-3.185901	3.007665	-29.968563
11.945456	-10.523139	6.263006	-4.763433	0.881091	5.013973	-3.357269	2.964381	-29.965888
-10.581028	-10.230533	9.293414	-5.551589	1.483632	5.940626	-3.522748	2.920020	-29.963198
10.511572	-7.659599	9.269108	-5.556619	1.511428	5.984494	-3.530570	2.917855	-29.963068
-10.442174	-5.035372	9.228097	-5.558228	1.539093	6.028258	-3.538372	2.915689	-29.962938
-10.207972	10.052729	5.604982	-5.040206	2.010717	6.797501	-3.675504	2.876535	-29.960607
4.278678	5.517486	-2.337077	-3.604063	2.421683	7.539147	-3.807963	2.836592	-29.958264
7.078910	-8.126563	-8.229390	-1.026556	2.788782	8.357671	-3.955007	2.789467	-29.955543
4.434732	-2.430871	-3.038466	2.135567	3.004187	9.130583	-4.095424	2.741302	-29.952805
-6.433029	-0.691262	-2.599772	2.293406	3.010335	9.168205	-4.102315	2.738849	-29.952667
6.416004	1.024273	-2.155884	2.449956	3.015996	9.205676	-4.109183	2.736396	-29.952529
-5.558420	5.516523	4.753921	4.811010	3.032575	9.830018	-4.224677	2.693756	-29.950144
-6.459275	-4.690777	5.746718	6.030816	2.879485	10.413158	-4.334891	2.650347	-29.947747
6.729180	4.269871	-0.609736	5.389601	2.481976	11.025448	-4.454317	2.599754	-29.944991
-6.879293	3.494744	-3.467541	3.082119	1.895325	11.575266	-4.566454	2.548168	-29.942219
6.879427	3.298803	-3.474514	2.944588	1.863792	11.599814	-4.571598	2.545692	-29.942087
3.641845	3.097908	-3.472157	2.805279	1.831998	11.624203	-4.576722	2.543215	-29.941955
-6.733519	-1.957833	-2.142545	0.014667	1.200700	12.049733	-4.668506	2.496958	-29.939503
6.385095	-5.402332	0.181564	-2.689176	0.516783	12.425746	-4.754348	2.449943	-29.937039
-5.827805	4.869804	1.506056	-4.731919	-0.283620	12.797705	-4.845833	2.394756	-29.934182
4.160548	6.203012	0.184787	-5.173579	-1.035200	13.102894	-4.929006	2.338574	-29.931308
5.187512	6.140760	0.072435	-5.161701	-1.068140	13.115544	-4.932695	2.335919	-29.931173
-5.159597	6.083557	-0.042658	-5.147494	-1.100807	13.128038	-4.936362	2.333263	-29.931038
4.662734	2.259411	-1.995748	-4.532870	-1.666322	13.336204	-5.002051	2.282718	-29.928483
-4.228768	-5.209694	-0.973895	-3.505378	-2.123056	13.491571	-5.060927	2.231407	-29.925916
3.831207	3.832929	3.988244	-1.993729	-2.480389	13.601451	-5.117879	2.173878	-29.923068
3.803912	3.538756	1.764951	-0.166347	-2.661325	13.646500	-5.166446	2.115431	-29.920204
-3.325565	-0.971480	-6.590519	1.616304	-2.644696	13.627684	-5.206368	2.056673	-29.917354
3.230367	0.816921	-5.695116	2.964764	-2.414011	13.548748	-5.238298	1.997029	-29.914489
-3.228645	-0.022723	-5.270103	3.009613	-2.397786	13.543692	-5.239591	1.994235	-29.914355
3.227170	-0.880380	-4.815299	3.052547	-2.381048	13.538515	-5.240867	1.991436	-29.914222
-3.253207	-0.134142	5.572049	3.436583	-1.956670	13.415847	-5.262196	1.937001	-29.911632
3.404634	3.906539	8.690437	2.762928	-1.345662	13.252677	-5.277271	1.881858	-29.909030
-3.773222	-5.720891	-4.326763	0.675841	-0.487441	13.019734	-5.286993	1.817544	-29.906022
4.387962	5.229367	-8.044387	-1.535517	0.432675	12.743903	-5.288693	1.752308	-29.902997
0.730452	5.821745	-7.917613	-1.615213	0.475528	12.730008	-5.288578	1.749226	-29.902854
-4.459346	6.368406	-7.771749	-1.691593	0.518239	12.716041	-5.288446	1.746143	-29.902712
5.197011	7.118269	-2.682236	-2.540182	1.270082	12.445280	-5.282941	1.689065	-29.900089
-5.960727	-3.808565	3.424739	-2.428423	1.916104	12.150958	-5.271672	1.631314	-29.897453
6.656453	-6.771573	5.055431	-1.306042	2.487316	11.783313	-5.251406	1.563215	-29.894367
-6.902286	6.772108	-1.621425	0.454802	2.819116	11.394224	-5.223607	1.494247	-29.891265
-6.346303	6.521348	-1.876014	0.535208	2.828011	11.375585	-5.222126	1.491002	-29.891120
6.894092	6.133016	-2.109480	0.614355	2.836274	11.356921	-5.220630	1.487758	-29.890974
-6.581970	-7.271594	-3.132894	1.690968	2.871642	11.009217	-5.190433	1.428070	-29.888308
5.986068	2.291411	-0.074775	1.728085	2.679484	10.650653	-5.154961	1.367785	-29.885630
-5.184425	9.336543	2.227953	0.874171	2.212833	10.223416	-5.107458	1.297298	-29.882515
-3.365596	-5.052125	-1.285021	-0.249074	1.561228	9.784352	-5.053190	1.226074	-29.879385
4.437421	-7.816563	-1.523905	-0.312207	1.518891	9.758151	-5.049786	1.221857	-29.879200
0.216599	-10.656675	-1.751145	-0.374447	1.476200	9.731901	-5.046357	1.217635	-29.879015
-4.743884	12.091563	-2.265399	-1.310947	0.019459	8.862594	-4.922919	1.079397	-29.872981
-5.191885	-2.737293	2.526163	0.438811	-1.250073	7.965175	-4.776533	0.938817	-29.866888
4.606186	-9.267467	2.493750	0.478391	-1.274164	7.944982	-4.773027	0.935668	-29.866751
5.301962	-12.068227	2.449542	0.517016	-1.298065	7.924766	-4.769508	0.932515	-29.866615
-5.363208	-9.593232	2.388285	0.557641	-1.323657	7.902913	-4.765694	0.929108	-29.866468
5.425356	-2.707478	2.313639	0.597135	-1.349022	7.881034	-4.761865	0.925697	-29.866321
-6.562499	11.534116	-0.151864	1.093735	-1.745531	7.502471	-4.693914	0.866729	-29.863775
-3.798943	-10.758005	-2.226030	1.234544	-2.057744	7.121554	-4.622322	0.807427	-29.861220
8.995381	9.345741	-2.937758	0.897379	-2.329127	6.636231	-4.526438	0.731785	-29.857964
-9.820493	-5.569250	-2.668127	0.049764	-2.507862	6.149591	-4.425003	0.655677	-29.854692
8.944823	-6.603358	-2.485351	-0.002461	-2.515337	6.125612	-4.419866	0.651917	-29.854531
9.867968	-7.414122	-2.275586	-0.055421	-2.522742	6.101633	-4.414716	0.648155	-29.854369
-9.992124	5.957491	3.509561	-0.988621	-2.648825	5.680902	-4.322206	0.581964	-29.851525
9.600522	-4.953197	4.165547	-1.536521	-2.794289	5.261235	-4.225796	0.515484	-29.848668
-8.533175	4.663415	-4.916673	-1.219497	-3.023366	4.778780	-4.109672	0.438337	-29.845351
-0.875891	-4.171689	-4.193549	-0.172391	-3.303880	4.300316	-3.988654	0.360876	-29.842018
6.761410	-4.789959	-3.938975	-0.110252	-3.318427	4.276991	-3.982599	0.357072	-29.841854
-6.663725	-5.297744	-3.676508	-0.047452	-3.333030	4.253664	-3.976529	0.353265	-29.841690
4.827809	6.108888	0.421917	1.108650	-3.594843	3.843814	-3.867424	0.285889	-29.838786
-2.236575	-6.835928	0.608553	2.155470	-3.849841	3.439018	-3.754895	0.218339	-29.835870
-11.475435	-5.812851	8.982647	2.564080	-4.331542	2.510491	-3.476878	0.058651	-29.828950
-12.690257	7.154263	8.699074	-1.048153	-4.504877	1.626812	-3.181914	-0.101524	-29.821959
-6.061493	-0.318601	8.093917	-1.140760	-4.502927	1.607563	-3.175102	-0.105126	-29.821802
13.487512	-6.078491	7.455072	-1.232673	-4.500656	1.588329	-3.168279	-0.108731	-29.821644
-13.909525	-7.086314	6.766533	-1.326755	-4.497970	1.568487	-3.161220	-0.112455	-29.821480
7.374903	-3.019787	6.055756	-1.419913	-4.494930	1.548663	-3.154149	-0.116181	-29.821317
14.726155	2.492137	5.378351	-1.506243	-4.491759	1.530112	-3.147515	-0.119674	-29.821164
-15.109942	7.016101	4.698055	-1.591615	-4.488268	1.511576	-3.140869	-0.123169	-29.821010
12.871196	7.000753	-4.531097	-2.721878	-4.391927	1.229975	-3.037806	-0.176894	-29.818649
16.127860	-6.160363	-9.066591	-3.325255	-4.205796	0.954516	-2.933079	-0.230617	-29.816280
21.397193	5.427948	-3.906843	-2.970690	-3.780229	0.578762	-2.783740	-0.305818	-29.812950
1.061493	2.239218	4.441984	-1.506368	-3.188459	0.213917	-2.631393	-0.380957	-29.809604
-14.613907	-3.870961	6.779509	0.715725	-2.434700	-0.155791	-2.469497	-0.459200	-29.806099
10.854555	3.250845	0.111894	3.052990	-1.583075	-0.515485	-2.304662	-0.537298	-29.802576
-10.699818	3.154895	-0.275529	3.158094	-1.537914	-0.533530	-2.296202	-0.541266	-29.802397
4.855625	2.922388	-0.653912	3.260861	-1.492614	-0.551553	-2.287735	-0.545233	-29.802217
8.665709	-2.900299	-4.900716	4.522586	-0.698486	-0.857595	-2.141207	-0.613300	-29.799125
-7.807831	2.295113	-3.441706	4.537592	0.106611	-1.157423	-1.992685	-0.681197	-29.796019
7.480549	3.096429	1.117023	3.327726	1.012729	-1.495223	-1.819638	-0.759005	-29.792433
-7.095248	-3.637115	2.895174	1.402614	1.875170	-1.826572	-1.644290	-0.836509	-29.788830
7.061767	-3.565687	2.857873	1.304767	1.914358	-1.842034	-1.635978	-0.840151	-29.788660
6.016108	-3.478267	2.808584	1.206764	1.953401	-1.857483	-1.627662	-0.843792	-29.788490
-6.090042	0.170726	0.440294	-0.550280	2.639610	-2.138182	-1.474668	-0.910280	-29.785370
4.838039	4.990140	-2.193199	-2.014518	3.263116	-2.415476	-1.320216	-0.976485	-29.782237
-3.465809	-5.648829	-2.030404	-3.039517	3.890819	-2.733999	-1.139184	-1.052969	-29.778584
2.748708	-2.123906	0.371478	-3.512114	4.395178	-3.049735	-0.956492	-1.129000	-29.774913
-2.741091	-1.409803	0.485376	-3.528665	4.415850	-3.064781	-0.947717	-1.132624	-29.774737
-2.482327	-0.696349	0.596060	-3.545105	4.436190	-3.079822	-0.938938	-1.136247	-29.774561
3.101928	6.236207	1.572447	-3.887432	4.742797	-3.349872	-0.780433	-1.201230	-29.771387
-4.169250	-3.260005	0.009061	-4.479343	4.927842	-3.619247	-0.620947	-1.265821	-29.768201
5.975251	-5.757624	-1.353314	-5.465216	4.972512	-3.931989	-0.434637	-1.340308	-29.764484
-8.017379	5.141419	0.910744	-6.555018	4.813399	-4.244567	-0.247329	-1.414186	-29.760750
-0.978068	4.999068	1.022018	-6.599650	4.800294	-4.259441	-0.238366	-1.417697	-29.760571
8.210079	4.748066	1.126796	-6.642969	4.786676	-4.274298	-0.229407	-1.421203	-29.760393
-9.819135	-4.423672	1.428190	-7.128499	4.450438	-4.539256	-0.068362	-1.483870	-29.757181
11.663368	3.750527	-1.238539	-6.876360	3.934367	-4.799638	0.093170	-1.546034	-29.753957
11.707175	-0.597225	-2.008423	-5.614543	3.132201	-5.092396	0.280565	-1.617312	-29.750211
-11.200737	-2.402852	0.462938	-3.428330	2.164759	-5.372750	0.468300	-1.687843	-29.746447
11.126788	-0.957612	0.663840	-3.276859	2.103607	-5.388899	0.479430	-1.691998	-29.746224
-11.047618	0.466500	0.866447	-3.123551	2.042140	-5.404984	0.490556	-1.696148	-29.746000
-9.071212	2.011149	3.179649	-0.729617	1.116714	-5.632257	0.652479	-1.756213	-29.742742
7.364322	-1.961599	2.774456	1.799387	0.160961	-5.845371	0.814410	-1.815667	-29.739471
-5.264562	2.442224	1.327496	4.664895	-0.946423	-6.074772	1.004544	-1.884710	-29.735611
4.481955	-3.575591	-0.979893	7.102484	-1.974952	-6.278156	1.194369	-1.952834	-29.731734
-4.493636	-3.553723	-1.169941	7.197884	-2.019145	-6.286799	1.203061	-1.955934	-29.731556
1.975344	-3.527388	-1.369331	7.291491	-2.062999	-6.295374	1.211746	-1.959030	-29.731377
5.514132	-2.935248	-5.613949	8.689199	-2.827491	-6.445660	1.376122	-2.017320	-29.727996
-7.097129	2.003451	-7.399170	9.201331	-3.440214	-6.571174	1.540009	-2.074858	-29.724601
8.256827	8.205310	-4.677854	8.495305	-3.928983	-6.680848	1.725541	-2.139304	-29.720726
-3.076578	3.148567	2.656287	6.514902	-4.195911	-6.752222	1.910141	-2.202706	-29.716834
-7.216992	2.713761	3.043625	6.397919	-4.202799	-6.754493	1.918471	-2.205550	-29.716657
7.096493	2.255884	3.432064	6.278695	-4.209240	-6.756677	1.926800	-2.208392	-29.716481
-3.584482	-9.608478	10.119737	3.538188	-4.245761	-6.781992	2.088275	-2.263206	-29.713040
-1.077562	9.148487	11.398227	0.133864	-4.113763	-6.774415	2.248780	-2.317149	-29.709586
4.551788	8.735668	-13.526136	-7.745768	-3.139207	-6.628213	2.621288	-2.440336	-29.701418
4.847535	-5.540428	2.765312	-9.623625	-1.278278	-6.304725	2.985524	-2.558232	-29.693176
-0.040424	2.168009	5.075398	-9.552241	-1.229069	-6.295652	2.993420	-2.560761	-29.692994
-6.208270	5.629067	7.401381	-9.475045	-1.179527	-6.286488	3.001315	-2.563288	-29.692811
7.001384	-0.072819	9.899733	-9.381308	-1.123492	-6.276088	3.010184	-2.566127	-29.692607
-7.804495	-5.747164	12.134439	-9.280110	-1.067107	-6.265581	3.019047	-2.568961	-29.692402
8.624496	-3.671749	14.027881	-9.168792	-1.009093	-6.254726	3.028105	-2.571857	-29.692192
-8.114303	-0.116109	15.527067	-9.049472	-0.950746	-6.243759	3.037156	-2.574749	-29.691983
-19.172765	7.299518	10.413505	-6.820848	-0.164806	-6.090084	3.154939	-2.612255	-29.689236
26.961787	-8.002411	-9.059609	-3.678198	0.636080	-5.917564	3.271476	-2.649127	-29.686482
11.831257	-12.767046	-16.230688	1.346859	1.706438	-5.645171	3.432077	-2.699566	-29.682619
-13.558322	5.936817	0.486698	5.893646	2.623870	-5.336575	3.589873	-2.748710	-29.678740
-36.811223	18.895376	15.287069	8.478888	3.308882	-4.972082	3.753096	-2.799121	-29.674630
-37.156316	8.099011	3.335483	7.536105	3.608563	-4.568079	3.912702	-2.848010	-29.670502
-16.427128	6.521981	2.457092	7.425260	3.612911	-4.549460	3.919616	-2.850119	-29.670321
-13.569178	4.876378	1.572381	7.309662	3.616549	-4.530766	3.926523	-2.852225	-29.670139
32.969688	-20.459283	-13.018509	4.231531	3.547884	-4.144858	4.061979	-2.893381	-29.666531
11.149113	-0.452665	-12.316860	0.364157	3.232163	-3.732552	4.194324	-2.933324	-29.662910
-21.452936	16.754638	0.423311	-3.783006	2.592938	-3.222684	4.344653	-2.978380	-29.658665
15.531027	-13.372573	8.900671	-6.070080	1.711602	-2.689504	4.490252	-3.021705	-29.654403
-15.358065	-12.926511	8.864039	-6.096619	1.678604	-2.671393	4.495030	-3.023121	-29.654260
15.187434	-12.377129	8.799828	-6.119429	1.645427	-2.653282	4.499798	-3.024535	-29.654118
4.299278	1.125380	1.135982	-5.624020	0.734704	-2.183744	4.620246	-3.060130	-29.650452
-9.137913	7.079171	-6.980150	-3.731187	-0.241436	-1.708792	4.736859	-3.094398	-29.646772
7.648154	3.103522	-5.888490	-1.008678	-1.349976	-1.163919	4.865716	-3.132045	-29.642533
-7.147814	-2.055197	1.526595	1.483382	-2.343367	-0.626641	4.989059	-3.167870	-29.638277
6.471777	-2.125726	1.889632	1.586972	-2.387413	-0.600519	4.994986	-3.169587	-29.638067
7.136539	-2.154727	2.242827	1.688104	-2.430905	-0.574435	5.000899	-3.171299	-29.637857
-7.215496	1.280856	5.428969	2.969561	-3.091571	-0.123126	5.102537	-3.200652	-29.634156
7.428808	-1.045071	1.244216	3.122386	-3.507892	0.311199	5.199675	-3.228581	-29.630442
-7.522953	-0.651452	-4.214304	2.232304	-3.622669	0.787631	5.306215	-3.259077	-29.626129
2.363803	2.272108	-4.594742	0.888055	-3.380568	1.232032	5.406271	-3.287593	-29.621798
7.088288	1.934004	-4.413587	0.824294	-3.360880	1.252730	5.410951	-3.288925	-29.621588
-7.049094	1.527847	-4.212747	0.761271	-3.340527	1.273337	5.415613	-3.290250	-29.621377
6.086904	-3.521613	0.854589	-0.233287	-2.871239	1.628064	5.496155	-3.313116	-29.617615
-4.877293	4.921085	3.766187	-0.929755	-2.234065	1.957549	5.571477	-3.334442	-29.613840
3.653267	3.785387	2.757369	-1.291272	-1.368834	2.306121	5.651725	-3.357111	-29.609465
-3.143677	-0.762498	-0.265191	-1.259702	-0.448546	2.620201	5.724553	-3.377653	-29.605072
3.146530	-1.356913	-0.409214	-1.250583	-0.402088	2.634976	5.727992	-3.378623	-29.604852
1.915689	-1.974102	-0.549527	-1.240901	-0.355618	2.649663	5.731411	-3.379587	-29.604632
0.990211	-10.280542	-1.966008	-1.007120	0.441260	2.888741	5.787233	-3.395329	-29.600839
-5.124447	-3.503724	-0.849435	-0.701316	1.215722	3.101669	5.837213	-3.409443	-29.597033
-6.599391	12.519897	1.029366	-0.271952	2.055457	3.315945	5.887761	-3.423770	-29.592591
-3.859226	5.297204	0.622387	0.196375	2.793342	3.494017	5.929949	-3.435821	-29.588131
8.446201	3.640486	0.562869	0.216500	2.825997	3.501754	5.931786	-3.436349	-29.587914
-8.523824	1.940594	0.502094	0.236132	2.858315	3.509405	5.933601	-3.436871	-29.587696
9.732231	-12.801064	-0.447762	0.481617	3.372815	3.631104	5.962502	-3.445255	-29.583810
-2.862314	0.206052	-0.400486	0.480265	3.758449	3.724864	5.984739	-3.451867	-29.579910
-11.416082	11.094467	0.182905	0.177672	4.044566	3.798740	6.002091	-3.457321	-29.575326
11.954376	-8.476824	0.158455	-0.286081	4.160182	3.833401	6.009819	-3.460266	-29.570723
-11.969161	-9.065043	0.148429	-0.299815	4.161304	3.833868	6.009906	-3.460320	-29.570572
4.040565	-9.614170	0.138061	-0.313303	4.162267	3.834292	6.009983	-3.460371	-29.570421
12.324792	-8.920248	-0.102597	-0.522374	4.132692	3.830662	6.008209	-3.460727	-29.566453
-12.613608	7.416522	0.107309	-0.342938	4.001283	3.800557	5.999133	-3.459208	-29.562472
12.938062	-6.667507	0.318491	0.189208	3.712627	3.737103	5.979668	-3.455183	-29.557886
-13.317055	-6.362307	-0.619677	0.707921	3.263057	3.646819	5.950586	-3.448757	-29.553284
13.338110	-6.305106	-0.625325	0.721276	3.237018	3.641780	5.948915	-3.448381	-29.553058
-2.455426	-6.290525	-0.622762	0.732929	3.210600	3.636684	5.947221	-3.447999	-29.552832
-14.270914	2.022931	1.433951	0.164135	1.925591	3.401153	5.863455	-3.428732	-29.543982
14.821731	7.257213	-0.929862	-1.151692	0.249780	3.113669	5.745686	-3.401111	-29.535073
-14.824192	2.803903	-0.979676	-1.175655	0.205011	3.106200	5.742370	-3.400329	-29.534853
2.631838	-1.363687	-1.025903	-1.198734	0.160131	3.098721	5.739037	-3.399543	-29.534633
4.292558	-4.702017	-1.067955	-1.220477	0.116021	3.091381	5.735750	-3.398769	-29.534418
5.194754	-7.285579	-1.106992	-1.241325	0.071782	3.084029	5.732445	-3.397989	-29.534203
14.712900	4.326422	-1.489923	-1.428899	-0.693842	2.958276	5.673643	-3.384101	-29.530558
-14.322277	7.170656	-1.967501	-1.210183	-1.477572	2.831214	5.609395	-3.368897	-29.526903
13.306245	-6.727661	-2.591770	-0.212690	-2.429612	2.669225	5.518942	-3.347462	-29.522195
-11.597120	5.571440	0.257939	1.325648	-3.200803	2.512513	5.419687	-3.323923	-29.517470
-7.774580	5.863191	0.422710	1.396215	-3.231175	2.505195	5.414703	-3.322741	-29.517243
11.393001	6.012841	0.584140	1.465421	-3.260837	2.497900	5.409699	-3.321554	-29.517016
-9.351576	-5.436924	2.237660	2.317308	-3.657054	2.371630	5.316780	-3.299514	-29.512945
7.322215	-0.128436	0.550616	2.064963	-3.765302	2.255298	5.217524	-3.275979	-29.508863
-5.755644	4.555959	-1.703796	0.502696	-3.552349	2.134617	5.094444	-3.246814	-29.504111
-5.468938	0.277496	-0.154303	-1.809553	-3.021119	2.025410	4.963014	-3.215703	-29.499344
5.977809	0.039651	-0.034250	-1.911088	-2.989427	2.020518	4.956698	-3.214209	-29.499122
-6.047849	-0.184835	0.085696	-2.010720	-2.957131	2.015635	4.950360	-3.212710	-29.498900
8.253483	-4.341249	1.565537	-3.274348	-2.248413	1.925567	4.828086	-3.183806	-29.494722
-11.431678	4.430341	0.119771	-2.853098	-1.376444	1.836031	4.699601	-3.153474	-29.490534
7.451046	-4.589891	-2.081983	-0.746326	-0.270153	1.728191	4.543136	-3.116598	-29.485671
16.561083	-3.975710	0.082862	1.967090	0.804394	1.610472	4.378544	-3.077883	-29.480795
-16.565127	-2.850074	0.231951	2.072435	0.846621	1.605239	4.371472	-3.076221	-29.480590
16.562948	-1.676502	0.381876	2.176045	0.888504	1.599982	4.364390	-3.074557	-29.480385
-5.907210	4.844423	2.955390	3.750863	1.665201	1.484591	4.215098	-3.039515	-29.476159
-12.554392	-4.889741	2.554928	3.835816	2.211986	1.353550	4.059892	-3.003156	-29.471923
8.925236	-2.015122	-1.428636	2.541075	2.476640	1.178685	3.874584	-2.959840	-29.467051
-6.410734	4.887028	-3.927497	0.485840	2.411052	0.971423	3.681686	-2.914862	-29.462165
6.347643	1.781467	-3.875162	0.382158	2.401269	0.960788	3.672382	-2.912696	-29.461934
-6.290846	-1.318641	-3.802260	0.278461	2.390952	0.950077	3.663062	-2.910526	-29.461703
7.265497	-4.895111	0.010929	-1.533476	2.117527	0.740866	3.489190	-2.870092	-29.457457
7.609441	4.928964	4.119038	-2.840769	1.720691	0.509437	3.309773	-2.828466	-29.453203
-10.016990	-5.003038	2.702508	-3.272464	1.179244	0.218925	3.096127	-2.779028	-29.448287
2.927822	1.109262	-1.471955	-2.756281	0.618111	-0.092612	2.875303	-2.728076	-29.443360
12.386817	1.415140	-1.655363	-2.714127	0.591815	-0.107829	2.864655	-2.725623	-29.443126
-12.471365	1.684896	-1.834050	-2.670647	0.565577	-0.123083	2.853992	-2.723167	-29.442892
13.562103	5.354683	-3.741270	-1.684955	0.101562	-0.408023	2.656111	-2.677648	-29.438607
-13.941860	2.830534	-2.165948	-0.497551	-0.310865	-0.702033	2.452996	-2.631050	-29.434314
13.808276	-6.194248	1.208955	0.799483	-0.682014	-1.048357	2.212429	-2.576022	-29.429356
-13.416735	6.163911	2.689197	1.651987	-0.896190	-1.398228	1.965095	-2.519629	-29.424386
-9.206760	6.618060	2.700562	1.674740	-0.901618	-1.414742	1.953263	-2.516936	-29.424152
13.379523	7.012680	2.707131	1.695614	-0.906592	-1.431253	1.941416	-2.514240	-29.423917
-13.081118	5.959267	2.136570	1.769893	-0.917316	-1.729576	1.724075	-2.464854	-29.419658
8.956423	-3.380037	0.807779	1.379465	-0.783957	-2.023175	1.501937	-2.414524	-29.415392
12.469500	-9.805475	-0.632471	0.589518	-0.498339	-2.351045	1.236309	-2.354536	-29.410397
-11.991270	0.640073	-1.054833	-0.259201	-0.144926	-2.650694	0.964333	-2.293332	-29.405393
11.965166	2.093275	-1.052844	-0.293641	-0.128675	-2.663292	0.951972	-2.290556	-29.405168
-4.518442	3.533822	-1.049537	-0.327512	-0.112457	-2.675798	0.939606	-2.287779	-29.404943
-11.337657	11.807645	-0.785068	-0.859112	0.193995	-2.904854	0.691811	-2.232227	-29.400481
-2.801946	6.172219	-0.358174	-1.056739	0.435374	-3.092127	0.439150	-2.175773	-29.396012
5.112735	-5.717904	0.072463	-0.883579	0.577161	-3.241096	0.160881	-2.113816	-29.391177
8.618817	-13.018731	0.288922	-0.370695	0.596862	-3.330365	-0.122892	-2.050869	-29.386334
9.247369	-6.486284	0.097947	0.424640	0.511531	-3.361372	-0.423384	-1.984473	-29.381295
3.757056	9.881795	-0.589061	1.256477	0.345223	-3.332720	-0.729519	-1.917088	-29.376248
-9.527091	10.861716	-0.622907	1.282447	0.337507	-3.330453	-0.741510	-1.914453	-29.376052
9.549546	11.794766	-0.657117	1.307606	0.329712	-3.328103	-0.753508	-1.911816	-29.375856
-10.239448	9.125267	-1.243651	1.578685	0.138819	-3.253726	-1.024590	-1.852294	-29.371454
0.088678	-9.333896	-0.464865	1.095732	-0.068315	-3.139728	-1.298897	-1.792079	-29.367046
11.680894	-6.493910	2.415802	-0.226205	-0.315099	-2.964806	-1.614830	-1.722589	-29.362013
-11.497780	5.898452	3.199299	-1.794417	-0.568084	-2.745914	-1.933074	-1.652268	-29.356972
11.453950	3.869256	3.074645	-1.874107	-0.582039	-2.732713	-1.950581	-1.648386	-29.356696
-11.406095	1.715626	2.928779	-1.952384	-0.595996	-2.719392	-1.968091	-1.644503	-29.356419
10.166189	-4.500798	-1.180899	-2.936319	-0.820854	-2.488387	-2.251129	-1.581479	-29.351948
10.003432	3.672665	-4.299925	-3.102794	-1.042342	-2.229263	-2.534346	-1.517862	-29.347473
-6.344614	-1.891935	-1.283199	-1.996863	-1.285591	-1.905031	-2.854756	-1.445045	-29.342392
4.967882	-3.196619	2.801943	-0.051601	-1.519270	-1.552519	-3.173390	-1.371533	-29.337305
-4.937390	-2.946980	2.924321	0.031146	-1.528207	-1.538213	-3.185808	-1.368643	-29.337106
1.316991	-2.696662	3.042656	0.113911	-1.537121	-1.523882	-3.198211	-1.365754	-29.336907
4.771433	1.482771	4.580919	1.905418	-1.733868	-1.191548	-3.476800	-1.300301	-29.332413
-5.379165	3.266099	3.697044	3.303592	-1.921673	-0.844310	-3.752364	-1.234367	-29.327915
6.533724	3.859458	0.169822	4.398328	-2.119080	-0.444787	-4.054216	-1.160548	-29.322910
-7.768451	-3.821829	-3.068963	5.078699	-2.303803	-0.035089	-4.350411	-1.086204	-29.317900
0.125513	-3.890939	-3.146863	5.109292	-2.315134	-0.008738	-4.369057	-1.081453	-29.317581
7.910370	-3.873487	-3.200870	5.138432	-2.326409	0.017627	-4.387668	-1.076702	-29.317262
-0.792628	0.206927	-1.969296	5.385880	-2.476768	0.383740	-4.641640	-1.010924	-29.312856
-3.592049	3.415817	0.881662	5.303157	-2.614120	0.752166	-4.889680	-0.944796	-29.308446
-10.165401	3.606737	2.255924	4.698747	-2.736652	1.179465	-5.169307	-0.867615	-29.303323
10.989402	-2.272917	-0.888971	3.397866	-2.791744	1.602378	-5.438942	-0.790035	-29.298195
-5.792584	-2.925259	-1.087722	3.307058	-2.792205	1.623833	-5.452462	-0.786051	-29.297933
-11.086291	-3.578241	-1.282756	3.213610	-2.792407	1.645252	-5.465945	-0.782070	-29.297670
12.068711	-4.919047	-3.052998	1.106092	-2.750328	2.013476	-5.695845	-0.712607	-29.293097
-13.330373	6.438019	0.519326	-1.822923	-2.607378	2.370440	-5.916116	-0.642888	-29.288522
15.057014	-8.860130	5.167703	-4.780746	-2.300203	2.753319	-6.151030	-0.564330	-29.283381
-7.739511	11.629886	-2.883391	-5.907617	-1.808794	3.112260	-6.371772	-0.485521	-29.278237
-17.035313	11.583700	-3.266832	-5.907689	-1.785516	3.125683	-6.380067	-0.482447	-29.278037
0.517897	11.364214	-3.641676	-5.904447	-1.761913	3.139062	-6.388339	-0.479373	-29.277837
18.685150	-14.039475	-7.758962	-4.922956	-1.147672	3.429748	-6.569488	-0.409609	-29.273293
13.391315	-10.614639	-0.246882	-2.377782	-0.410632	3.693907	-6.737954	-0.339707	-29.268747
-20.234980	16.678965	9.280544	0.981298	0.521812	3.957306	-6.913002	-0.260166	-29.263581
-8.042998	1.606802	5.371124	3.298388	1.495805	4.176701	-7.069645	-0.180519	-29.258412
19.044218	-0.751740	5.090717	3.349853	1.525729	4.182691	-7.074156	-0.178070	-29.258253
-18.978011	-3.098989	4.805512	3.400176	1.555602	4.188628	-7.078644	-0.175624	-29.258095
16.385700	-15.942450	-3.877472	4.412895	2.398767	4.338974	-7.199845	-0.105152	-29.253523
14.631200	-0.066195	-8.613309	4.699455	3.179892	4.447031	-7.305020	-0.034654	-29.248951
-9.552394	12.728114	-6.548258	4.356912	3.937585	4.513890	-7.403940	0.045226	-29.243768
7.553428	2.458073	1.960773	3.500958	4.516549	4.517083	-7.480701	0.125063	-29.238583
-7.530170	1.991878	2.209811	3.468885	4.531090	4.516143	-7.482673	0.127475	-29.238427
-5.714089	1.505964	2.453848	3.436500	4.545457	4.515140	-7.484625	0.129886	-29.238270
7.839409	-8.832153	5.611009	2.378277	4.885993	4.458364	-7.532490	0.199928	-29.233716
-9.286611	7.451927	-0.584574	1.156673	5.075433	4.346436	-7.563393	0.269870	-29.229161
10.977312	-6.343376	-4.023710	-0.339192	5.103306	4.152300	-7.578196	0.348316	-29.224041
-11.339521	3.528710	2.072385	-1.775509	4.926496	3.886767	-7.572255	0.426546	-29.218921
11.293626	4.614374	2.378407	-1.838678	4.910970	3.870631	-7.571358	0.430732	-29.218647
-11.239696	5.533578	2.658400	-1.899621	4.894803	3.854300	-7.570401	0.434919	-29.218373
-7.730708	3.679798	3.605309	-2.520796	4.543372	3.565301	-7.546846	0.502532	-29.213932
6.551308	-4.887574	0.064968	-2.392840	4.018905	3.232864	-7.508216	0.569908	-29.209491
-3.147858	2.626920	-4.918462	-1.539800	3.203217	2.796262	-7.444343	0.648239	-29.204306
0.510386	5.194093	-5.299621	-0.342488	2.220629	2.314928	-7.360602	0.726152	-29.199122
1.139514	4.852229	-5.100115	-0.278866	2.165993	2.288602	-7.355670	0.730225	-29.198850
-1.111976	4.614661	-4.876212	-0.215614	2.111135	2.262176	-7.350684	0.734297	-29.198579
4.234648	-6.940653	7.305206	1.446313	0.032983	1.235356	-7.131705	0.882433	-29.188627
-9.099981	3.048290	-2.891782	1.095788	-1.928667	0.130734	-6.843602	1.028455	-29.178681
9.150643	7.254183	-3.258611	1.076290	-1.965341	0.108186	-6.837141	1.031357	-29.178482
-4.378501	9.730242	-3.625362	1.056636	-2.001864	0.085647	-6.830658	1.034256	-29.178283
-9.266193	8.832774	-4.194869	1.025674	-2.058600	0.050467	-6.820491	1.038776	-29.177972
8.846410	2.759915	-4.757533	0.994424	-2.115006	0.015286	-6.810264	1.043291	-29.177662
9.524405	-10.972955	-9.849965	0.593158	-2.817430	-0.441843	-6.671814	1.101623	-29.173637
-3.082794	11.810024	-8.289415	0.275945	-3.459830	-0.898056	-6.522678	1.159518	-29.169613
-7.442614	8.579634	-4.071102	0.001785	-4.186690	-1.479966	-6.314529	1.233606	-29.164417
-5.976619	-2.567176	-0.674838	-0.157613	-4.780439	-2.046330	-6.089212	1.306872	-29.159225
6.004941	-7.406752	-0.615531	-0.160319	-4.792673	-2.059423	-6.083699	1.308588	-29.159102
-5.979031	-12.215091	-0.557436	-0.162985	-4.804823	-2.072504	-6.078176	1.310303	-29.158980
5.336667	-9.118243	0.894044	-0.238849	-5.196605	-2.551808	-5.864752	1.374179	-29.154401
-5.777349	10.389392	1.587000	-0.287126	-5.456824	-3.007101	-5.638540	1.437332	-29.149825
-5.812721	2.378816	2.522082	-0.343977	-5.576536	-3.486156	-5.367681	1.507825	-29.144653
6.871561	-7.021710	4.232746	-0.442471	-5.492450	-3.920587	-5.081156	1.577301	-29.139486
-6.906600	-6.710128	4.294954	-0.446118	-5.487104	-3.931743	-5.073146	1.579176	-29.139345
6.941898	-6.380863	4.358011	-0.449823	-5.481598	-3.942852	-5.065133	1.581049	-29.139205
-6.094579	1.624095	6.654896	-0.604474	-5.215023	-4.279594	-4.802606	1.640592	-29.134710
-9.396997	4.526712	8.721817	-0.838338	-4.770959	-4.579113	-4.528766	1.699287	-29.130219
10.382960	-3.055723	9.238681	-1.204167	-4.056855	-4.875578	-4.201754	1.765390	-29.125082
-10.485682	-3.959232	5.577045	-1.621111	-3.144192	-5.121742	-3.860649	1.830288	-29.119949
10.458245	-3.529841	5.222756	-1.640007	-3.091583	-5.133217	-3.842429	1.833648	-29.119680
8.462292	-3.123090	4.851851	-1.658297	-3.038556	-5.144546	-3.824182	1.837003	-29.119412
-9.485362	0.829170	-2.209104	-1.833288	-2.110873	-5.310435	-3.519316	1.891580	-29.115011
8.032629	5.751250	-6.599204	-1.629161	-1.102667	-5.438062	-3.204684	1.945192	-29.110614
-6.301350	2.752695	-3.915277	-0.751847	0.115859	-5.537851	-2.825588	2.006491	-29.105488
5.232175	-8.940194	2.579899	0.523158	1.309640	-5.583653	-2.434281	2.066382	-29.100367
-5.209670	-8.102098	2.825194	0.588432	1.366001	-5.584485	-2.414880	2.069269	-29.100117
2.404554	-7.113769	3.055135	0.653671	1.422153	-5.585185	-2.395440	2.072154	-29.099867
5.364969	10.210283	3.958418	1.769842	2.389782	-5.574651	-2.037849	2.123945	-29.095328
-6.325876	-10.884459	-0.755719	2.535966	3.223027	-5.519113	-1.672498	2.174545	-29.090794
7.953485	2.926061	-3.286205	2.473123	3.937302	-5.401318	-1.253999	2.229939	-29.085705
5.217406	9.384030	-1.448799	1.087564	4.366756	-5.223058	-0.828547	2.283732	-29.080623
-9.773081	10.172505	-1.338371	1.025055	4.375932	-5.216103	-0.814366	2.285484	-29.080455
9.828053	10.954738	-1.225756	0.961823	4.384785	-5.209080	-0.800180	2.287235	-29.080287
-11.128635	6.226258	2.084921	-0.882699	4.502011	-4.995752	-0.418974	2.333345	-29.075797
12.002641	-10.410698	4.033129	-2.609379	4.389721	-4.732631	-0.034631	2.378125	-29.071313
-8.322274	8.974444	2.095670	-3.771935	3.986773	-4.374501	0.405276	2.427424	-29.066216
-11.638817	10.083287	-1.990018	-3.805530	3.301401	-3.959315	0.846360	2.474901	-29.061127
11.605517	7.491492	-2.077858	-3.788886	3.278831	-3.947187	0.858455	2.476176	-29.060988
-11.571351	4.882682	-2.162903	-3.771262	3.256068	-3.935022	0.870550	2.477450	-29.060848
10.127887	-10.008316	-4.194774	-2.706960	2.454707	-3.533832	1.250497	2.516786	-29.056468
7.809519	9.804825	-5.957678	-0.663104	1.535995	-3.099591	1.629127	2.554693	-29.052093
-4.308519	-8.180216	6.215617	5.172610	-0.695736	-1.968003	2.521415	2.639173	-29.041681
5.527138	5.305972	2.149468	4.202292	-2.341212	-0.770608	3.387288	2.714884	-29.031305
-5.635454	-2.261818	0.970203	4.109198	-2.365271	-0.747566	3.403467	2.716240	-29.031107
5.747139	-5.197325	-0.217739	4.013688	-2.389054	-0.724525	3.419631	2.717594	-29.030910
-5.857639	-2.335976	-1.329332	3.918844	-2.411840	-0.702197	3.435282	2.718902	-29.030718
-4.550308	1.668439	-2.372248	3.821768	-2.434366	-0.679870	3.450918	2.720207	-29.030527
6.132578	5.021285	-3.721228	3.675896	-2.466829	-0.647237	3.473750	2.722108	-29.030247
-6.294102	3.472058	-4.819427	3.525356	-2.498739	-0.614608	3.496551	2.724003	-29.029967
8.006512	-0.433037	-5.984075	1.364988	-2.839907	-0.222072	3.768961	2.746311	-29.026596
-8.613390	-4.047362	2.359686	-1.287503	-3.100654	0.167544	4.036513	2.767618	-29.023228
-10.423772	-2.341451	6.506433	-4.975333	-3.333863	0.716193	4.410173	2.796350	-29.018415
10.838302	5.710613	-2.348205	-7.383041	-3.402535	1.249230	4.771544	2.822949	-29.013611
8.357997	-7.551899	-8.261271	-8.423415	-3.299281	1.786105	5.135608	2.848488	-29.008585
1.262578	-2.172664	1.078123	-8.232325	-3.024072	2.296737	5.483120	2.871582	-29.003570
-9.948652	-1.008046	1.596606	-8.206666	-3.010030	2.316290	5.496467	2.872442	-29.003373
4.907306	0.177712	2.115065	-8.179948	-2.995752	2.335811	5.509796	2.873299	-29.003175
9.092072	10.803953	10.800297	-7.401129	-2.627143	2.754427	5.796712	2.891221	-28.998813
-8.206448	-11.230551	8.563347	-6.466505	-2.170617	3.147547	6.068732	2.907205	-28.994459
7.312556	-11.024656	-1.171897	-5.287603	-1.568425	3.562027	6.359762	2.923041	-28.989498
1.778486	7.471555	-10.652594	-3.985717	-0.909443	3.936346	6.628485	2.936253	-28.984549
-6.761765	8.369218	-10.875001	-3.941693	-0.887619	3.947694	6.636752	2.936635	-28.984389
6.753463	9.224145	-11.089706	-3.897537	-0.865770	3.958996	6.644995	2.937013	-28.984230
-6.746602	6.019733	-14.461876	-2.648467	-0.266754	4.247836	6.859027	2.946220	-28.979914
0.839304	-6.115262	-15.446907	-1.281488	0.329988	4.500509	7.053724	2.953345	-28.975607
7.752056	-2.917109	-16.889393	0.553104	0.984934	4.742568	7.251870	2.958906	-28.970679
3.230496	3.980567	-17.350515	2.825304	1.578822	4.930121	7.421697	2.961630	-28.965763
0.598656	3.983458	-17.326069	2.893290	1.593585	4.934356	7.425837	2.961663	-28.965632
-8.601869	3.970002	-17.299075	2.961670	1.608282	4.938549	7.429956	2.961695	-28.965501
9.295209	-1.996413	-15.566958	5.370771	2.049874	5.052538	7.553066	2.961569	-28.961195
-0.159205	-5.223093	-14.189824	7.901451	2.398166	5.118960	7.652029	2.959176	-28.956899
-10.287476	7.240231	-14.133458	10.544643	2.653448	5.133389	7.733802	2.953685	-28.952047
10.329703	4.942763	-10.105515	12.542086	2.730754	5.079573	7.782938	2.945190	-28.947208
-10.323794	2.832708	-9.886357	12.590055	2.729916	5.076740	7.783961	2.944872	-28.947055
10.317415	0.712534	-9.661843	12.636893	2.728864	5.073840	7.784951	2.944551	-28.946902
6.229488	-11.949844	-1.885171	13.445182	2.612799	4.969010	7.799589	2.934619	-28.942745
-9.376289	-0.954457	6.946157	13.155925	2.320480	4.816967	7.790974	2.922399	-28.938599
8.462159	13.972760	12.447510	11.000305	1.795692	4.585634	7.752606	2.905329	-28.933784
-7.454276	9.085136	8.577997	6.666656	1.130934	4.301775	7.684822	2.885272	-28.928983
7.412274	6.113754	8.315527	6.450124	1.101092	4.288894	7.681375	2.884373	-28.928783
-7.370254	3.115126	8.052119	6.231308	1.071097	4.275924	7.677876	2.883467	-28.928583
0.643183	-10.354026	3.868476	1.345963	0.424704	3.988661	7.594075	2.863489	-28.924429
5.470563	6.836314	2.301142	-3.641569	-0.236935	3.670934	7.489778	2.841370	-28.920285
-4.069273	-2.451048	-6.359514	-8.580391	-0.980237	3.263770	7.341893	2.812682	-28.915427
2.289469	0.456973	0.439585	-11.516764	-1.623924	2.826644	7.167882	2.781175	-28.910584
-2.242307	-0.014614	0.725002	-11.557707	-1.636932	2.816375	7.163618	2.780424	-28.910473
2.194853	-0.478815	1.008542	-11.597432	-1.649837	2.806107	7.159345	2.779673	-28.910363
0.353819	2.757829	4.855715	-12.240866	-2.066735	2.410008	6.988569	2.750246	-28.906207
-0.599842	-6.915034	-5.107513	-11.470401	-2.326839	2.001012	6.800132	2.718841	-28.902063
-5.450389	11.321941	3.115156	-10.097848	-2.438178	1.534073	6.569708	2.681485	-28.897448
-5.701107	-10.932280	7.830532	-7.884865	-2.380019	1.061986	6.319265	2.641793	-28.892849
-2.676929	-12.634215	7.591494	-7.740094	-2.373088	1.038556	6.306355	2.639767	-28.892622
6.519530	-13.994949	7.297361	-7.591478	-2.365791	1.015126	6.293399	2.637735	-28.892394
-15.792878	14.027504	-3.787262	-4.348643	-2.176597	0.597193	6.054169	2.600498	-28.888336
26.410459	-12.474502	-11.487445	-0.210353	-1.885404	0.183070	5.800904	2.561536	-28.884290
-41.158288	6.669484	14.451362	8.821836	-0.873019	-0.759097	5.151625	2.462997	-28.874788
-4.632228	-2.861523	-4.986555	7.036696	0.404447	-1.611663	4.438003	2.355748	-28.865358
13.668298	-4.823921	-5.656272	6.932216	0.426168	-1.625031	4.425431	2.353862	-28.865199
-12.655088	-5.959577	-6.329082	6.826307	0.447849	-1.638359	4.412844	2.351974	-28.865040
11.211910	-1.198061	-7.272875	6.675638	0.478151	-1.656962	4.395184	2.349325	-28.864818
-3.691727	5.701490	-8.202462	6.522310	0.508383	-1.675497	4.377484	2.346669	-28.864595
-8.269666	6.356070	-9.134282	6.359908	0.539796	-1.694731	4.359001	2.343897	-28.864363
6.812808	-4.085880	-10.010618	6.194932	0.571119	-1.713888	4.340474	2.341118	-28.864131
6.052874	-8.983278	-14.475868	3.876372	0.968778	-1.956636	4.094502	2.304216	-28.861090
4.781603	11.628243	-6.265844	1.487437	1.331555	-2.182361	3.843249	2.266494	-28.858056
3.169319	-14.431067	1.216412	-1.731670	1.767867	-2.478108	3.467261	2.209938	-28.853638
1.496498	-5.679435	7.275946	-4.170984	2.050867	-2.728610	3.081732	2.151741	-28.849236
-0.362392	15.045061	9.630616	-5.319045	2.134567	-2.928907	2.688679	2.092121	-28.844863
-2.968847	-13.491907	4.108383	-4.884445	1.992438	-3.078624	2.288210	2.031004	-28.840506
8.330405	3.102342	-3.540140	-3.412468	1.661860	-3.178782	1.883633	1.968810	-28.836192
0.585019	9.332264	-5.441353	-1.639142	1.194869	-3.232207	1.473755	1.905269	-28.831895
-9.202925	8.971375	-5.256405	-1.559982	1.170224	-3.233611	1.454198	1.902222	-28.831691
9.159220	8.557225	-5.043178	-1.481787	1.145398	-3.234915	1.434631	1.899173	-28.831488
-7.562649	-7.694310	1.682823	-0.094941	0.615052	-3.240017	1.038417	1.837113	-28.827398
5.939445	-4.950920	3.881911	0.990448	0.059118	-3.205887	0.639260	1.773943	-28.823325
-5.904742	-4.200244	3.845472	1.027324	0.037862	-3.203815	0.623869	1.771494	-28.823169
-2.902574	-3.448414	3.801683	1.063911	0.016621	-3.201685	0.608462	1.769040	-28.823013
5.990581	6.417120	0.918530	1.861601	-0.491159	-3.131877	0.227697	1.708040	-28.819163
-7.449984	-5.931983	-3.121162	2.445956	-0.947374	-3.029933	-0.153843	1.646146	-28.815329
9.856427	-6.030842	-3.430316	2.831703	-1.368113	-2.876845	-0.587809	1.574672	-28.810984
-8.718126	4.728022	2.060486	2.886311	-1.659927	-2.686832	-1.019802	1.502176	-28.806659
-12.109691	5.088705	2.245246	2.880246	-1.668654	-2.678719	-1.036569	1.499332	-28.806491
12.174503	5.429924	2.419513	2.873485	-1.677193	-2.670547	-1.053343	1.496483	-28.806323
-13.124495	4.019195	3.650557	2.522862	-1.818449	-2.474312	-1.427762	1.432245	-28.802558
13.169677	-3.452678	1.156829	1.774120	-1.867173	-2.255424	-1.797963	1.367337	-28.798810
-12.250553	2.059557	-2.975583	0.605527	-1.816421	-1.981843	-2.214135	1.292433	-28.794548
3.367455	-0.559539	-3.927814	-0.642239	-1.659750	-1.687798	-2.621450	1.216785	-28.790307
10.372062	-0.693380	-3.931557	-0.689177	-1.651543	-1.675898	-2.637244	1.213799	-28.790140
-10.285095	-0.810823	-3.935806	-0.735774	-1.643192	-1.663983	-2.653009	1.210814	-28.789974
8.129495	0.324582	-4.092198	-1.665486	-1.417562	-1.391671	-3.001541	1.143709	-28.786265
7.514680	-0.497711	-3.644068	-2.286128	-1.121216	-1.111683	-3.340499	1.076137	-28.782571
-3.734124	0.202129	-1.334242	-2.589980	-0.715643	-0.796173	-3.704738	1.000496	-28.778483
2.586304	3.061739	2.072199	-2.492875	-0.247734	-0.481700	-4.053913	0.924409	-28.774416
-2.562773	2.470961	2.267247	-2.475148	-0.220067	-0.464021	-4.073217	0.920085	-28.774186
2.544351	1.797251	2.460120	-2.456091	-0.192327	-0.446365	-4.092468	0.915759	-28.773956
-0.663260	-5.124348	4.580062	-1.980581	0.246573	-0.173118	-4.387067	0.847767	-28.770360
-4.242026	-2.482369	3.657781	-1.184563	0.672588	0.090485	-4.667035	0.779527	-28.766781
6.601723	8.022917	0.255136	-0.072709	1.088034	0.362170	-4.954048	0.704923	-28.762900
-11.229983	11.431391	-3.458990	1.069184	1.415786	0.612583	-5.220580	0.630143	-28.759038
-13.034906	2.279221	-5.429474	2.036325	1.625353	0.848998	-5.478840	0.550786	-28.754969
0.320131	-13.749713	-3.878565	2.523648	1.649419	1.049419	-5.710359	0.471378	-28.750924
16.595312	-14.165437	-3.702487	2.534174	1.645305	1.057732	-5.720429	0.467690	-28.750736
5.874126	-14.520560	-3.516364	2.543674	1.640692	1.065950	-5.730437	0.464002	-28.750549
-2.956326	-12.329037	1.264621	2.526145	1.467158	1.202956	-5.906814	0.394690	-28.747038
-11.780246	-1.048745	5.990716	2.112963	1.155744	1.306949	-6.060055	0.325443	-28.743545
-22.462033	14.190954	6.605673	1.147523	0.680469	1.386491	-6.206249	0.246265	-28.739566
22.098139	6.699639	-0.578593	-0.156967	0.135514	1.425054	-6.320269	0.167317	-28.735612
-22.043308	4.628801	-0.953195	-0.213769	0.111780	1.425805	-6.324378	0.163978	-28.735445
11.726935	2.554069	-1.326211	-0.270353	0.088050	1.426485	-6.328425	0.160643	-28.735278
20.172708	-10.957827	-7.284269	-1.321193	-0.388220	1.425388	-6.397737	0.093234	-28.731910
5.110460	-0.488087	-7.044655	-2.012875	-0.830954	1.397187	-6.443251	0.026099	-28.728560
-1.919327	6.481068	0.103785	-2.171195	-1.255220	1.332426	-6.466809	-0.051819	-28.724674
-10.728020	-4.042714	8.663605	-1.611410	-1.531322	1.236068	-6.459158	-0.129236	-28.720814
8.680543	-1.441509	5.764204	-0.476097	-1.637578	1.116627	-6.423084	-0.202946	-28.717136
-8.348457	0.580629	-5.094611	0.824747	-1.577085	0.973377	-6.359414	-0.276101	-28.713481
8.390731	0.027591	-5.667263	0.888573	-1.569025	0.965187	-6.355284	-0.279958	-28.713289
7.229660	-0.472289	-6.224108	0.951333	-1.560471	0.956945	-6.351081	-0.283810	-28.713096
-9.996584	0.051568	-10.841892	1.819979	-1.319911	0.799934	-6.262514	-0.352915	-28.709638
11.385931	0.345289	-2.576592	1.989276	-0.911291	0.630871	-6.149886	-0.421463	-28.706202
8.778298	-0.044458	-2.219482	1.981759	-0.892020	0.624172	-6.145052	-0.424104	-28.706069
-11.425487	-0.417624	-1.874605	1.973273	-0.872492	0.617464	-6.140182	-0.426744	-28.705937
10.883107	1.724212	3.379783	1.500874	-0.328179	0.451593	-6.010070	-0.491107	-28.702703
-8.899160	-3.520904	7.643717	0.659110	0.289231	0.286182	-5.859368	-0.554925	-28.699489
5.750618	5.881380	13.552290	-0.509655	0.991805	0.101951	-5.659499	-0.628216	-28.695787
-2.824878	-4.071501	9.613021	-1.578892	1.561660	-0.066236	-5.433412	-0.700709	-28.692112
2.327254	-4.660685	9.370503	-1.604155	1.574473	-0.070625	-5.426726	-0.702723	-28.692010
2.692154	-5.245106	9.123191	-1.629048	1.587068	-0.074990	-5.420027	-0.704734	-28.691908
-1.226644	-10.769501	-0.088552	-2.191123	1.861675	-0.199312	-5.203615	-0.766500	-28.688764
0.884644	7.419163	-9.076296	-2.228154	1.879989	-0.299786	-4.969335	-0.827625	-28.685640
-1.915538	15.354865	-13.288505	-1.465319	1.606916	-0.382339	-4.677871	-0.897391	-28.682059
-0.748620	5.440849	-6.997462	0.116152	1.086431	-0.431118	-4.365495	-0.966241	-28.678506
4.631129	3.842952	-6.534249	0.197869	1.057575	-0.432616	-4.350556	-0.969405	-28.678342
-4.789490	2.197382	-6.062675	0.279597	1.028354	-0.434050	-4.335576	-0.972567	-28.678178
12.682100	-18.951466	9.737361	2.474377	-0.412197	-0.440374	-3.679727	-1.102046	-28.671431
-17.190899	15.816257	-2.755559	0.043701	-1.830086	-0.356786	-2.968379	-1.227772	-28.664789
-13.835456	13.958189	-2.995741	-0.011806	-1.846467	-0.354892	-2.956994	-1.229691	-28.664687
17.180881	11.959984	-3.231400	-0.067229	-1.862562	-0.352984	-2.945611	-1.231607	-28.664585
-17.155614	7.087067	-3.741102	-0.191237	-1.897641	-0.348646	-2.920060	-1.235897	-28.664356
6.676625	2.295150	-4.219986	-0.314750	-1.931312	-0.344224	-2.894450	-1.240185	-28.664128
15.726129	-12.061743	-5.315307	-1.612086	-2.201055	-0.287503	-2.593924	-1.289603	-28.661484
-13.119161	8.251095	2.801199	-2.366772	-2.192300	-0.223027	-2.288138	-1.338352	-28.658858
9.098836	1.471638	3.837171	-1.931788	-1.702695	-0.133124	-1.886661	-1.400358	-28.655489
-5.776981	-0.814616	-3.450203	0.258094	-0.826772	-0.041862	-1.480232	-1.461190	-28.652149
5.713540	-0.014531	-3.630364	0.316955	-0.800586	-0.039514	-1.469548	-1.462766	-28.652062
-5.651662	0.776797	-3.803651	0.375037	-0.774284	-0.037170	-1.458863	-1.464341	-28.651975
-5.194067	-1.519559	-3.242892	1.772960	0.154179	0.038957	-1.097518	-1.516998	-28.649053
4.535601	3.345939	4.658637	1.802195	1.063464	0.106303	-0.735606	-1.568687	-28.646154
-5.778137	-4.866462	-2.510246	0.171382	1.888095	0.165952	-0.329894	-1.625617	-28.642923
-3.175970	-0.590684	-5.291726	-1.410521	2.337991	0.202455	0.072545	-1.681268	-28.639722
7.661286	-0.223014	-5.241086	-1.434718	2.344359	0.203171	0.085373	-1.683031	-28.639620
-7.722173	0.148303	-5.184385	-1.456514	2.350159	0.203856	0.098183	-1.684791	-28.639518
9.280124	4.977247	-1.732399	-1.278508	2.306280	0.210984	0.449481	-1.732864	-28.636712
-10.252773	-0.190807	3.047606	-0.195160	1.947646	0.197066	0.794933	-1.779882	-28.633931
10.061297	-4.103004	3.975434	1.009015	1.308561	0.160200	1.176640	-1.831758	-28.630814
-7.972191	2.563009	-2.655501	1.152786	0.584291	0.105829	1.546752	-1.882226	-28.627728
-2.395702	3.568546	-2.859094	1.133256	0.559205	0.103640	1.559650	-1.883991	-28.627619
7.741223	4.551370	-3.051036	1.111987	0.534236	0.101435	1.572531	-1.885754	-28.627511
-4.142450	-7.468135	-1.363985	-1.339114	-0.614176	-0.034428	2.239068	-1.978085	-28.621697
-4.472211	10.471422	0.871326	-1.470189	-1.315858	-0.180405	2.841460	-2.064905	-28.616000
4.838662	6.224270	0.762766	-1.395742	-1.326887	-0.183552	2.854222	-2.066801	-28.615873
-5.216676	5.430052	0.646263	-1.317260	-1.337715	-0.186683	2.866935	-2.068693	-28.615745
5.713442	5.327920	0.485361	-1.209766	-1.351503	-0.190731	2.883392	-2.071146	-28.615580
-6.202469	0.189124	0.316590	-1.096672	-1.364985	-0.194758	2.899790	-2.073596	-28.615415
11.366893	-10.762296	-1.106759	0.672532	-1.523206	-0.247595	3.119400	-2.106968	-28.613141
-13.705813	10.118157	1.535246	1.732851	-1.641778	-0.293309	3.325060	-2.139374	-28.610886
13.521766	-8.485539	1.064467	0.829611	-1.754497	-0.336362	3.568720	-2.179721	-28.608007
0.440683	6.494865	-2.965566	-1.112940	-1.794779	-0.354528	3.786932	-2.218404	-28.605161
-11.305413	6.620365	-3.001277	-1.193446	-1.794221	-0.354644	3.796640	-2.220199	-28.605026
11.192374	6.577790	-3.008069	-1.271067	-1.793408	-0.354686	3.806287	-2.221990	-28.604892
6.303169	1.163763	0.286635	-2.136612	-1.726960	-0.342808	3.972394	-2.254110	-28.602447
-7.550464	-4.664764	3.862741	-1.916893	-1.550889	-0.308411	4.118672	-2.284924	-28.600027
6.034940	0.405625	0.605513	-0.451966	-1.238196	-0.244392	4.262515	-2.318576	-28.597286
-4.992984	4.800573	-3.985085	1.347097	-0.846886	-0.157524	4.381935	-2.350454	-28.594579
4.951849	3.446881	-4.069224	1.426384	-0.825478	-0.152522	4.387414	-2.352040	-28.594442
-4.911812	2.014596	-4.130404	1.503348	-0.803967	-0.147467	4.392835	-2.353621	-28.594304
-2.746830	-5.411370	-1.968193	2.403165	-0.431792	-0.054870	4.475245	-2.379641	-28.591987
4.189622	5.958211	3.346285	2.440388	-0.062270	0.049585	4.540596	-2.404279	-28.589695
-4.321416	-6.352248	3.506000	1.363779	0.329267	0.182632	4.595825	-2.431124	-28.587067
-0.518513	-3.409076	-0.346026	-0.328106	0.648817	0.324825	4.629722	-2.456045	-28.584473
4.892809	-2.707000	-0.532916	-0.410306	0.661669	0.331746	4.630817	-2.457180	-28.584351
-4.929369	-1.974916	-0.715544	-0.491949	0.674275	0.338674	4.631865	-2.458311	-28.584229
5.718317	6.045056	-2.596782	-1.785906	0.858048	0.466184	4.643020	-2.478080	-28.582022
-6.598238	-2.017195	-0.757499	-2.468409	0.942017	0.595156	4.639622	-2.496389	-28.579842
7.445222	-4.272127	1.677639	-2.513649	0.895493	0.743017	4.618283	-2.515767	-28.577350
-7.790943	2.141993	1.267132	-1.918165	0.708735	0.884591	4.579133	-2.533225	-28.574894
2.540720	2.416552	1.156544	-1.874012	0.696946	0.891141	4.576816	-2.534017	-28.574777
7.786291	2.638698	1.037262	-1.828484	0.684944	0.897663	4.574460	-2.534805	-28.574660
-7.483981	-1.364833	-1.292018	-0.856111	0.441112	1.008262	4.525912	-2.548154	-28.572581
5.809583	-1.132042	-0.327055	0.222027	0.164574	1.104314	4.465515	-2.560151	-28.570529
6.756966	0.126266	2.132246	1.507252	-0.153414	1.191176	4.381164	-2.572432	-28.568177
-7.501397	0.246093	-2.807321	2.592859	-0.417391	1.244181	4.282301	-2.582967	-28.565861
7.575010	0.580391	-3.035825	2.624216	-0.428021	1.245779	4.277089	-2.583440	-28.565749
-7.652667	0.918091	-3.238873	2.652442	-0.438395	1.247278	4.271841	-2.583909	-28.565636
9.577231	-2.659268	-2.163302	2.639866	-0.577516	1.256168	4.173100	-2.591564	-28.563650
-8.383437	-2.511994	3.639079	1.799675	-0.630275	1.228454	4.064442	-2.597959	-28.561691
-14.721072	8.483487	6.491554	0.089677	-0.586841	1.149511	3.928051	-2.603790	-28.559474
16.177054	2.913432	-1.270926	-1.908211	-0.440943	1.024070	3.780268	-2.608037	-28.557295
-16.197993	0.148652	-1.712444	-1.985726	-0.432101	1.017389	3.773337	-2.608192	-28.557197
3.001330	-2.616831	-2.149228	-2.061025	-0.423072	1.010624	3.766386	-2.608344	-28.557100
15.753351	-13.812609	-7.471517	-2.887437	-0.215674	0.865719	3.629415	-2.610655	-28.555249
3.059205	4.435135	-3.027606	-2.181554	0.047754	0.693655	3.485268	-2.611849	-28.553428
-11.667348	15.019219	5.506958	-0.160378	0.377761	0.465703	3.310771	-2.611875	-28.551360
0.594281	-10.253813	6.005339	1.953107	0.679194	0.211192	3.128420	-2.610497	-28.549330
9.097317	-12.037537	5.793561	2.036753	0.692154	0.198168	3.119327	-2.610395	-28.549232
-8.994301	-13.652214	5.561872	2.117629	0.704906	0.185086	3.110211	-2.610289	-28.549134
1.955927	-7.033844	-0.382137	3.035175	0.886707	-0.053052	2.947018	-2.607898	-28.547419
6.538085	9.598807	-4.306174	2.829577	0.969137	-0.303255	2.779315	-2.604529	-28.545732
-5.844888	-7.102851	-0.404733	1.129239	0.941149	-0.604564	2.579106	-2.599413	-28.543802
-1.047907	4.641198	2.866569	-1.037785	0.792817	-0.911080	2.374500	-2.593056	-28.541909
5.354412	4.810006	2.876849	-1.124351	0.783451	-0.925030	2.365121	-2.592739	-28.541824
-5.334020	4.849676	2.871883	-1.209000	0.773861	-0.938988	2.355729	-2.592419	-28.541739
4.933294	-3.487790	1.293806	-2.454961	0.550447	-1.204692	2.175049	-2.585838	-28.540130
-4.553296	2.442324	0.407540	-3.028079	0.256844	-1.466103	1.992406	-2.578389	-28.538549
4.225246	-1.569381	-0.577588	-2.923282	-0.150039	-1.754823	1.782117	-2.568854	-28.536777
-4.097049	1.065429	-2.693617	-2.093297	-0.603383	-2.027761	1.570937	-2.558268	-28.535042
-3.960988	1.084968	-2.742100	-2.034567	-0.626490	-2.040898	1.560369	-2.557712	-28.534956
4.098438	1.066561	-2.778944	-1.974258	-0.649608	-2.053989	1.549795	-2.557153	-28.534870
-4.215959	-1.132039	-1.811131	-0.740873	-1.043899	-2.271704	1.366604	-2.547067	-28.533397
4.469122	-1.040420	1.100235	0.626399	-1.404468	-2.469489	1.184072	-2.536255	-28.531952
-4.830766	2.626208	3.981515	1.953423	-1.739114	-2.669132	0.974092	-2.522852	-28.530311
1.905505	-2.877195	3.350782	2.622293	-1.937980	-2.831709	0.766692	-2.508558	-28.528706
5.167189	-3.495709	3.226697	2.635462	-1.942759	-2.837802	0.757819	-2.507923	-28.528638
-5.178442	-4.141017	3.094371	2.647397	-1.947195	-2.843816	0.748952	-2.507285	-28.528570
5.625686	6.970745	-5.208045	2.134698	-1.824293	-3.028757	0.363174	-2.477467	-28.525606
-6.869632	-1.723241	-1.478436	0.393356	-1.177549	-3.051874	-0.003772	-2.444875	-28.522776
3.420473	-5.736494	-1.267794	0.356916	-1.161040	-3.050803	-0.010557	-2.444229	-28.522723
6.950644	-8.380024	-1.052633	0.320499	-1.144378	-3.049677	-0.017340	-2.443582	-28.522671
-7.007389	-7.732532	-0.753722	0.271132	-1.121521	-3.048059	-0.026540	-2.442701	-28.522599
7.065370	-3.408284	-0.448538	0.221934	-1.098424	-3.046342	-0.035720	-2.441819	-28.522528
-8.861702	8.053101	4.090083	-0.520868	-0.699785	-3.005858	-0.179325	-2.427618	-28.521409
-9.198510	3.033368	5.350452	-1.126838	-0.246712	-2.941092	-0.319073	-2.413028	-28.520313
10.311465	-5.827195	3.529637	-1.584349	0.393566	-2.824720	-0.491526	-2.393916	-28.518949
-10.667177	4.332116	0.943356	-1.672976	1.074910	-2.671905	-0.657852	-2.374255	-28.517621
10.657039	4.056951	0.797672	-1.667660	1.108231	-2.663556	-0.665802	-2.373283	-28.517557
-10.643987	3.684162	0.649271	-1.661428	1.141505	-2.655124	-0.673738	-2.372310	-28.517493
9.976731	-3.334176	-2.226952	-1.392281	1.711677	-2.492230	-0.812002	-2.354881	-28.516378
6.650760	3.125696	-3.885156	-0.799725	2.203595	-2.304582	-0.945793	-2.337106	-28.515290
-6.697637	-1.152076	0.013898	0.208641	2.595872	-2.058115	-1.094995	-2.316159	-28.514065
4.629982	-4.750286	2.950762	1.001154	2.709757	-1.781636	-1.238333	-2.294834	-28.512876
-1.803027	-4.139122	2.883669	1.020941	2.706790	-1.768305	-1.244747	-2.293851	-28.512822
-4.449879	-3.458390	2.793084	1.038865	2.703035	-1.754906	-1.251153	-2.292867	-28.512769
2.890370	5.781817	-1.172975	1.047618	2.480334	-1.489857	-1.370391	-2.274063	-28.511768
-1.660076	-6.304303	-2.461370	0.495228	1.979228	-1.205739	-1.485304	-2.255041	-28.510794
0.767496	6.112839	2.459367	-0.488705	1.148812	-0.863838	-1.610274	-2.233272	-28.509723
0.759313	-2.149964	0.104648	-0.842933	0.136866	-0.503756	-1.729809	-2.211303	-28.508687
-1.037163	-4.107705	-2.817493	-0.444832	-0.925509	-0.134290	-1.842371	-2.189494	-28.507699
2.420561	3.360043	1.644204	0.381250	-1.876947	0.246397	-1.949763	-2.167574	-28.506743
-2.500513	0.041967	1.853214	0.414823	-1.911641	0.262794	-1.954218	-2.166640	-28.506703
2.582188	-3.334516	2.050109	0.447654	-1.945686	0.279193	-1.958661	-2.165706	-28.506664
-2.730798	1.604112	3.009616	0.846533	-2.510655	0.654386	-2.056945	-2.144500	-28.505777
-7.437368	4.216335	0.018736	0.314085	-2.586304	1.033758	-2.150539	-2.123267	-28.504920
7.511809	1.232307	-0.087988	0.290057	-2.581491	1.044505	-2.153117	-2.122666	-28.504896
-7.586129	-1.743418	-0.194891	0.265782	-2.576322	1.055253	-2.155691	-2.122066	-28.504873
9.935328	-5.031352	-2.660856	-0.547147	-2.215805	1.411416	-2.239034	-2.102155	-28.504098
-11.880762	5.606307	-0.737651	-0.994048	-1.544067	1.764079	-2.318336	-2.082283	-28.503351
1.681159	5.483180	2.041100	-0.839439	-0.535436	2.157664	-2.403947	-2.059696	-28.502531
13.425259	-3.514441	1.010718	-0.001854	0.538394	2.536715	-2.484414	-2.037244	-28.501745
-13.396223	-4.335950	0.901511	0.043760	0.585339	2.553499	-2.487947	-2.036229	-28.501710
13.363822	-5.121263	0.790043	0.089459	0.631970	2.570241	-2.491470	-2.035213	-28.501676
0.968618	-5.603990	-1.225633	0.869763	1.435015	2.880989	-2.556668	-2.015925	-28.501026
-10.242463	3.488826	-1.640356	1.170078	1.981208	3.173033	-2.618100	-1.996804	-28.500402
7.650679	4.686232	-0.095842	0.799015	2.155766	3.482326	-2.684372	-1.974982	-28.499714
-5.347992	2.046677	1.996722	0.040426	1.862557	3.757772	-2.745743	-1.953466	-28.499061
5.260933	1.240648	2.056877	0.003319	1.840018	3.769551	-2.748434	-1.952490	-28.499032
-5.175981	0.423753	2.111273	-0.033702	1.816801	3.781259	-2.751115	-1.951515	-28.499003
-5.126848	-3.865122	1.624746	-0.681466	1.267824	3.989829	-2.800051	-1.933162	-28.498466
3.435354	3.774596	-1.662353	-1.099591	0.582231	4.173176	-2.845387	-1.915107	-28.497956
-3.616698	-4.172639	-3.028378	-1.053381	-0.246593	4.353896	-2.893257	-1.894692	-28.497399
4.533717	-4.268168	-0.311050	-0.327016	-0.980298	4.502353	-2.936459	-1.874755	-28.496876
-0.468345	-3.883298	-0.139781	-0.284914	-1.009619	4.508397	-2.938329	-1.873854	-28.496853
-4.650528	-3.481875	0.032149	-0.242577	-1.038471	4.514375	-2.940189	-1.872953	-28.496830
5.953164	3.622256	2.868165	0.516281	-1.482619	4.615458	-2.973706	-1.856052	-28.496405
-7.372204	4.943787	2.918316	0.870180	-1.675574	4.693067	-3.003771	-1.839582	-28.496005
8.709390	-5.080054	-1.218185	0.429976	-1.530809	4.754248	-3.034000	-1.821297	-28.495580
-9.271776	4.462203	-1.918739	-0.347977	-1.095189	4.789372	-3.059824	-1.803659	-28.495188
-6.926558	4.786415	-1.830485	-0.377920	-1.071128	4.790400	-3.060878	-1.802886	-28.495172
9.268627	5.012733	-1.732676	-0.406910	-1.046779	4.791385	-3.061923	-1.802114	-28.495155
-8.806150	-4.954618	0.764278	-0.747355	-0.540065	4.802352	-3.080422	-1.787468	-28.494846
7.877949	-3.676802	0.898363	-0.563294	-0.027411	4.799830	-3.095740	-1.773370	-28.494561
-6.839377	5.250109	-0.597871	0.210240	0.516266	4.783445	-3.109834	-1.757594	-28.494260
-1.339950	-0.643676	-0.265755	0.703725	0.944392	4.756787	-3.120048	-1.742621	-28.493994
6.608266	-0.996684	-0.223031	0.712653	0.957767	4.755618	-3.120367	-1.742061	-28.493984
-6.627294	-1.348661	-0.179354	0.720844	0.970883	4.754440	-3.120682	-1.741503	-28.493974
7.572711	-6.027546	0.761126	0.705563	1.197184	4.726362	-3.126404	-1.729289	-28.493774
-9.105190	6.306717	0.608027	0.332522	1.300681	4.697069	-3.129686	-1.717682	-28.493598
10.799359	-6.425699	-1.386900	-0.276124	1.300224	4.664970	-3.130681	-1.705141	-28.493429
5.592528	-5.777851	-1.900044	-0.728139	1.216126	4.634821	-3.128998	-1.693380	-28.493292
-11.562884	-5.028393	-1.871786	-0.739930	1.210619	4.633380	-3.128851	-1.692820	-28.493286
11.556566	-4.228227	-1.839180	-0.750479	1.205022	4.631942	-3.128697	-1.692261	-28.493280
-4.246470	5.415653	-0.701495	-0.756741	1.098050	4.607276	-3.125065	-1.682713	-28.493191
-9.105654	5.704511	0.983295	-0.509483	0.992940	4.583734	-3.119742	-1.673734	-28.493127
6.683106	-3.599112	2.653160	-0.055991	0.889715	4.557695	-3.111632	-1.664067	-28.493083
-4.501487	-4.966978	3.081376	0.429016	0.806735	4.532556	-3.101546	-1.655134	-28.493072
4.420807	-4.186617	3.055736	0.449388	0.803405	4.531426	-3.101040	-1.654744	-28.493073
-2.013431	-3.363858	3.025809	0.469508	0.800113	4.530296	-3.100530	-1.654356	-28.493073
-3.202109	4.769601	2.029487	0.803517	0.744651	4.509009	-3.090112	-1.647280	-28.493093
-3.190756	1.749840	1.248144	1.049054	0.701466	4.487747	-3.078258	-1.640731	-28.493137
